0.073
0.073
0.073
0.073
0.073
0.123
0.073
0.073
0.073
0.073
0.075
0.065
0.065
0.065
0.065
0.065
0.065
0.065
0.065
0.065
0.065
0.065
0.065
0.065
0.065
0.065
0.065
0.065
0.065
0.065
0.065
0.065
0.065
0.065
0.065
0.065
0.065
0.065
0.065
0.065
0.065
0.075
0.075
0.075
0.075
0.075
0.075
0.075
0.075
0.075
0.075
0.075
0.075
0.075
0.075
0.075
0.075
0.075
0.075
0.075
0.075
0.075
0.075
0.075
0.075
0.075
0.075
0.075
0.186
0.186
0.186
0.186
0.186
0.186
0.186
0.388
0.388
0.388
0.388
0.388
0.388
0.388
0.388
0.388
0.388
0.388
0.277
0.277
0.277
0.277
0.277
0.277
0.277
0.277
0.277
0.277
0.277
0.075
0.075
0.075
0.075
0.075
0.075
0.075
0.075
0.075
0.075
0.075
0.075
0.075
0.075
0.075
0.075
0.075
0.075
0.075
0.075
0.075
0.075
0.075
0.075
0.075
0.075
0.075
0.075
0.075
0.186
0.186
0.186
0.186
0.186
0.186
0.186
0.186
0.186
0.186
0.186
0.186
0.186
0.186
0.186
0.186
0.186
0.186
0.075
0.075
0.075
0.075
0.075
0.075
0.075
0.075
0.075
0.277
0.277
0.277
0.277
0.277
0.277
0.277
0.277
0.277
0.277
0.277
0.277
0.277
0.277
0.277
0.277
0.277
0.277
0.277
0.277
0.277
0.277
0.075
0.075
0.075
0.075
0.075
0.075
0.075
0.075
0.075
0.075
0.075
0.075
0.075
0.075
0.075
0.075
0.075
0.075
0.075
0.075
0.075
0.075
0.075
0.075
0.075
0.075
0.075
0.075
0.075
0.075
0.075
0.075
0.075
0.075
0.075
0.075
0.075
0.075
0.075
0.075
0.075
0.075
0.075
0.075
0.075
0.075
0.075
0.075
0.186
0.186
0.186
0.186
0.186
0.186
0.186
0.186
0.388
0.388
0.388
0.388
0.388
0.388
0.388
0.388
0.388
0.388
0.277
0.277
0.277
0.277
0.277
0.277
0.277
0.277
0.277
0.277
0.277
0.277
0.075
0.075
0.075
0.075
0.075
0.075
0.075
0.075
0.075
0.075
0.075
0.075
0.075
0.075
0.075
0.075
0.075
0.075
0.075
0.075
0.075
0.075
0.075
0.075
0.075
0.075
0.075
0.075
0.075
0.075
0.075
0.075
0.075
0.075
0.075
0.075
0.075
0.075
0.075
0.075
0.075
0.075
0.075
0.075
0.075
0.075
0.075
0.075
0.075
0.075
0.075
0.075
0.075
0.075
0.075
0.075
0.075
0.075
0.075
0.075
0.075
0.075
0.075
0.186
0.186
0.186
0.186
0.186
0.186
0.186
0.186
0.186
0.186
0.388
0.388
0.388
0.388
0.388
0.388
0.388
0.388
0.277
0.277
0.277
0.277
0.277
0.277
0.277
0.277
0.277
0.277
0.277
0.277
0.277
0.277
0.075
0.075
0.075
0.075
0.075
0.075
0.075
0.075
0.075
0.075
0.075
0.075
0.075
0.075
0.075
0.075
0.075
0.075
0.075
0.075
0.075
0.075
0.075
0.075
0.075
0.075
0.075
0.075
0.075
0.075
0.075
0.075
0.075
0.075
0.075
0.075
0.075
0.075
0.075
0.075
0.075
0.075
0.073
0.133
0.335
0.335
0.335
0.335
0.335
0.275
0.34
0.34
0.34
0.34
0.275
0.275
0.386
0.386
0.446
0.446
0.386
0.386
0.386
0.386
0.386
0.386
0.184
0.261
0.261
0.261
0.261
0.573
0.573
0.561
0.385
0.073
0.073
0.073
0.073
0.073
0.073
0.133
0.133
0.133
0.133
0.193
0.193
0.193
0.193
0.193
2.217
2.217
2.217
0.193
0.193
0.193
0.193
0.193
0.133
0.133
0.133
0.133
0.205
0.205
0.505
0.505
0.505
0.505
0.505
0.505
0.505
0.505
0.555
0.555
0.555
0.555
0.555
0.555
0.555
0.555
0.555
0.868
0.868
0.868
0.868
0.88
0.868
0.868
0.868
0.88
0.88
0.881
0.881
0.881
0.881
0.881
0.981
0.981
0.931
0.82
0.82
0.82
0.82
0.618
0.618
0.558
0.558
0.558
2.37
2.27
2.27
2.27
2.27
2.27
2.27
2.27
2.27
2.33
2.33
2.27
2.27
2.27
2.27
2.27
2.27
2.27
2.27
2.27
2.39
2.39
2.44
2.39
2.45
2.45
2.33
0.518
0.518
0.518
0.518
0.518
0.518
0.518
0.518
0.518
0.578
0.578
0.578
0.578
0.578
0.628
0.628
0.827
0.827
0.938
0.938
0.938
0.938
0.938
0.938
0.938
0.938
0.938
0.938
0.938
0.938
0.938
0.878
0.878
0.878
0.878
0.878
0.832
0.832
0.63
0.565
0.565
0.575
0.575
0.575
0.575
0.687
0.687
0.687
0.687
0.687
0.687
0.687
0.687
0.699
0.639
0.627
0.627
0.627
0.627
0.627
0.627
0.687
0.687
0.687
0.687
0.575
0.575
0.575
0.635
0.515
0.515
0.515
1.508
1.508
1.568
0.575
0.575
0.515
0.515
0.515
0.515
0.515
0.515
0.515
0.515
0.626
0.626
0.626
0.468
0.468
0.468
0.468
0.468
0.468
0.468
0.468
0.468
0.468
0.468
0.408
0.408
0.408
0.408
0.297
0.297
0.297
0.297
0.297
0.297
0.297
0.095
0.095
0.095
0.095
0.085
0.085
0.085
0.085
0.085
0.085
0.085
0.085
0.085
0.085
0.085
0.085
0.085
0.085
0.085
0.085
0.085
0.085
0.085
0.085
0.085
0.085
0.085
0.085
0.085
0.085
0.085
0.073
0.073
0.073
0.073
0.073
0.073
0.073
0.073
0.073
0.073
0.073
0.073
0.073
0.073
0.073
0.073
0.073
0.073
0.073
0.073
0.073
0.073
0.073
0.073
0.073
0.073
0.073
0.185
0.185
0.185
0.185
0.185
0.185
0.185
0.185
0.185
0.185
0.185
0.185
0.185
0.185
0.185
0.185
0.185
0.387
0.387
0.387
0.387
0.387
0.387
0.387
0.387
0.387
0.387
0.387
0.387
0.277
0.277
0.277
0.277
0.277
0.277
0.277
0.277
0.277
0.277
0.075
0.075
0.186
0.186
0.186
0.186
0.186
0.186
0.186
0.186
0.186
0.186
0.186
0.186
0.186
0.186
0.186
0.186
0.186
0.186
0.075
0.075
0.075
0.075
0.075
0.075
0.075
0.075
0.075
0.075
0.075
0.075
0.075
0.075
0.075
0.075
0.075
0.075
0.075
0.075
0.075
0.075
0.075
0.075
0.277
0.277
0.277
0.277
0.277
0.277
0.387
0.387
0.387
2.299
2.299
2.299
0.275
0.275
0.275
0.275
0.275
0.335
0.335
0.335
0.335
0.335
0.133
0.133
0.183
0.243
0.075
0.075
0.075
0.075
0.075
0.075
0.075
0.075
0.075
0.075
0.075
0.075
0.075
0.075
0.075
0.075
0.075
0.075
0.075
0.075
0.075
0.075
0.075
0.075
0.075
0.075
0.186
0.186
0.186
0.186
0.186
0.186
0.186
0.186
0.186
0.186
0.186
0.186
0.186
0.186
0.388
0.388
0.388
0.388
0.277
0.277
0.277
0.277
0.277
0.277
0.277
0.277
0.277
0.277
0.277
0.277
0.277
0.277
0.277
0.277
0.277
0.277
0.075
0.075
0.075
0.075
0.075
0.075
0.075
0.075
0.075
0.075
0.075
0.075
0.075
0.075
0.075
0.075
0.075
0.075
0.075
0.075
0.075
0.075
0.075
0.075
0.075
0.075
0.075
0.075
0.075
0.075
0.075
0.186
0.186
0.186
0.186
0.186
0.186
0.186
0.186
0.186
0.186
0.186
0.186
0.186
0.186
0.186
0.186
0.186
0.388
0.277
0.277
0.277
0.277
0.277
0.277
0.277
0.277
0.277
0.277
0.277
0.277
0.277
0.277
0.277
0.277
0.277
0.277
0.277
0.275
0.275
0.145
0.145
0.145
0.145
0.145
0.145
0.145
0.145
0.145
0.145
0.205
0.218
0.218
0.218
0.218
0.218
0.218
0.329
0.389
0.389
0.389
0.389
0.389
0.389
0.317
0.317
0.317
0.317
0.329
0.329
0.329
0.379
0.329
0.329
0.649
0.478
0.478
0.478
0.478
0.458
0.458
0.458
0.458
0.458
0.458
0.458
0.601
0.661
0.661
0.649
0.649
0.649
0.649
0.649
0.649
0.709
0.709
0.709
0.709
0.709
0.709
0.911
0.911
0.971
0.983
0.983
0.983
0.683
0.683
0.683
0.683
0.67
0.67
0.67
0.67
0.61
0.61
0.61
0.61
0.61
0.61
0.61
0.721
0.519
0.519
0.519
0.519
0.519
0.519
0.519
0.519
0.519
0.519
0.571
0.571
0.691
0.741
0.741
0.691
0.691
0.58
0.58
0.58
0.58
0.58
0.568
0.628
0.628
0.568
0.568
0.568
0.568
0.568
0.568
0.508
0.508
0.508
0.508
0.508
0.508
0.568
0.568
0.568
0.568
0.568
0.568
0.568
0.508
0.71
0.71
0.71
0.77
0.77
0.801
0.811
0.811
0.811
0.811
0.811
0.811
0.811
0.811
0.811
0.811
0.831
0.891
0.891
0.891
0.831
0.831
0.609
0.609
0.609
0.609
0.686
0.686
0.746
0.746
0.686
0.686
0.686
0.686
0.736
0.736
0.736
0.736
0.686
0.686
0.686
1.046
1.066
1.066
1.066
1.066
1.066
0.766
0.706
0.706
0.706
0.706
0.646
0.646
0.646
0.646
0.666
0.837
0.777
0.777
0.777
0.777
0.817
0.817
0.777
0.777
0.777
0.717
0.767
0.767
2.791
2.791
2.791
0.969
0.969
0.858
0.858
0.858
0.827
0.817
0.817
2.052
2.062
2.012
2.012
4.036
4.036
4.036
2.012
2.012
2.072
2.072
2.072
2.072
2.072
1.87
1.87
1.87
1.87
1.87
1.87
1.87
1.87
1.87
1.87
1.87
1.87
1.92
1.81
1.75
1.8
1.86
1.86
1.86
1.92
1.92
1.968
1.968
1.968
1.96
1.96
1.96
1.96
1.948
1.948
1.948
1.948
1.948
1.948
1.948
2.008
2.008
2.06
2.06
2.06
1.95
1.89
1.89
1.89
1.89
1.89
0.655
0.655
0.655
0.583
0.583
0.583
0.583
0.583
0.583
0.583
0.583
0.785
0.785
0.785
0.775
0.775
0.775
0.775
0.775
0.775
0.775
0.775
0.775
0.835
0.835
0.866
0.806
0.806
0.806
0.806
0.806
0.806
0.806
0.604
0.664
0.664
0.664
0.664
0.664
0.664
0.664
0.796
0.796
0.736
0.736
1.048
1.048
1.048
0.936
0.624
0.564
0.675
2.639
2.639
2.699
0.735
0.675
0.675
0.675
0.675
0.663
0.675
0.675
0.687
0.687
0.687
0.687
0.687
0.687
0.576
0.576
0.576
0.686
0.986
0.936
0.936
0.986
0.843
0.793
0.793
0.793
0.746
0.746
0.754
0.814
0.904
0.904
0.554
0.926
1.128
1.008
1.008
0.696
0.636
0.516
0.516
0.516
0.528
0.437
0.437
0.437
0.437
0.437
0.437
0.437
0.437
0.437
0.437
0.437
0.425
0.485
0.283
0.295
0.295
0.266
0.266
0.378
0.558
0.558
0.558
0.558
0.558
0.558
0.558
0.558
0.558
0.558
0.669
0.669
0.669
0.657
0.657
0.657
0.657
0.605
0.615
0.49
0.55
0.55
0.61
0.67
0.597
0.597
0.597
0.597
0.486
0.366
0.366
0.378
0.378
0.378
0.366
0.366
0.366
0.366
0.366
0.366
0.366
0.366
0.366
0.306
0.366
0.366
0.366
0.378
0.378
0.378
0.378
0.378
0.318
0.438
0.45
0.438
0.438
0.438
0.438
0.438
0.438
0.438
0.438
0.438
0.438
0.438
0.438
0.438
0.498
0.498
0.467
0.467
0.467
0.467
0.467
0.407
0.518
0.518
0.518
0.568
0.568
0.568
0.568
0.568
0.568
0.508
0.508
0.71
0.71
0.638
0.638
0.628
0.388
0.388
0.277
0.277
0.277
0.277
0.277
0.277
0.277
0.277
0.277
0.277
0.277
0.277
0.277
0.277
0.277
0.075
0.075
0.075
0.075
0.075
0.075
0.075
0.075
0.075
0.075
0.075
0.075
0.075
