0.08
0.12
0.12
0.08
0.18
0.18
0.18
0.48
0.18
0.18
0.18
0.18
0.18
0.18
0.18
0.18
0.18
0.18
0.18
0.321
0.381
0.361
0.361
0.381
0.461
0.461
0.461
0.401
0.401
0.401
0.401
0.401
0.401
0.401
0.401
0.701
0.71
0.71
0.71
0.71
0.77
0.77
0.97
0.97
0.93
1.142
1.142
1.142
1.142
1.142
1.142
1.263
1.203
1.303
1.303
1.243
1.043
1.043
1.043
1.043
0.385
0.385
0.385
0.385
0.385
0.385
0.385
0.193
0.193
0.072
0.072
0.072
0.072
0.072
0.072
0.072
0.072
0.072
0.072
0.072
0.072
0.072
0.072
0.072
0.072
0.072
0.072
0.072
0.072
0.072
0.072
0.072
0.072
0.072
0.072
0.072
0.072
0.072
0.072
0.072
0.072
0.072
0.072
0.072
0.072
0.072
0.072
0.072
0.072
0.072
0.072
0.072
0.072
0.072
0.072
0.072
0.072
0.072
0.072
0.072
0.193
0.193
0.193
0.193
0.193
0.193
0.193
0.193
0.193
0.193
0.193
0.193
0.193
0.193
0.193
0.193
0.193
0.193
0.072
0.072
0.072
0.072
0.072
0.072
0.072
0.072
0.072
0.072
0.072
0.072
0.072
0.072
0.072
0.072
0.072
0.072
0.072
0.072
0.072
0.072
0.072
0.072
0.072
0.072
0.072
0.072
0.072
0.072
0.072
0.072
0.072
0.072
0.072
0.072
0.072
0.072
0.072
0.072
0.072
0.072
0.072
0.072
0.072
0.072
0.072
0.072
0.072
0.072
0.072
0.072
0.072
0.072
0.072
0.072
0.072
0.072
0.072
0.072
0.072
0.072
0.264
0.264
0.264
0.264
0.264
0.264
0.385
0.385
0.385
0.385
0.385
0.385
0.385
0.385
0.385
0.385
0.385
0.385
0.385
0.385
0.385
0.385
0.193
0.193
0.072
0.072
0.072
0.072
0.072
0.072
0.072
0.072
0.072
0.072
0.072
0.072
0.072
0.072
0.072
0.072
0.072
0.072
0.072
0.072
0.072
0.072
0.072
0.072
0.072
0.072
0.072
0.072
0.072
0.072
0.072
0.072
0.072
0.072
0.072
0.072
0.072
0.072
0.072
0.072
0.072
0.072
0.072
0.072
0.193
0.193
0.385
0.385
0.385
0.385
0.385
0.385
0.385
0.385
0.385
0.385
0.385
0.385
0.385
0.385
0.385
0.385
0.264
0.264
0.264
0.264
0.264
0.264
0.072
0.072
0.072
0.072
0.072
0.072
0.072
0.072
0.072
0.072
0.072
0.072
0.072
0.072
0.072
0.072
0.072
0.072
0.072
0.072
0.072
0.072
0.072
0.072
0.072
0.072
0.072
0.072
0.072
0.072
0.072
0.072
0.072
0.072
0.072
0.072
0.072
0.072
0.193
0.193
0.193
0.193
0.193
0.193
0.193
0.193
0.193
0.385
0.385
0.385
0.385
0.385
0.385
0.385
0.385
0.385
0.264
0.264
0.264
0.264
0.264
0.264
0.264
0.264
0.264
0.264
0.264
0.264
0.264
0.072
0.072
0.072
0.072
0.072
0.072
0.072
0.072
0.072
0.072
0.072
0.072
0.072
0.072
0.072
0.072
0.072
0.072
0.072
0.072
0.072
0.072
0.072
0.072
0.072
0.072
0.072
0.072
0.072
0.072
0.072
0.072
0.072
0.072
0.072
0.072
0.072
0.072
0.072
0.072
0.072
0.072
0.072
0.072
0.072
0.072
0.072
0.072
0.072
0.072
0.072
0.072
0.264
0.264
0.264
0.264
0.264
0.264
0.264
0.264
0.264
0.264
0.264
0.264
0.264
0.264
0.264
0.264
0.264
0.264
0.264
0.264
0.264
0.264
0.072
0.072
0.072
0.072
0.072
0.072
0.072
0.193
0.193
0.193
0.193
0.193
0.193
0.193
0.193
0.193
0.193
0.193
0.193
0.193
0.193
0.193
0.193
0.193
0.193
0.072
0.072
0.072
0.072
0.072
0.072
0.072
0.072
0.072
0.072
0.201
0.261
0.561
0.561
0.561
0.561
0.561
0.501
0.581
0.561
0.561
0.581
0.581
0.581
0.581
0.581
0.581
0.581
0.581
0.581
0.581
0.681
0.581
0.561
0.753
0.753
0.773
0.713
0.693
0.693
0.693
0.693
0.693
0.693
0.693
0.753
1.069
1.069
1.089
1.089
0.773
0.773
0.773
0.994
0.994
0.994
0.702
0.702
0.702
0.642
0.642
0.702
0.702
0.702
0.802
0.802
0.802
0.922
0.822
0.822
0.822
0.701
0.801
0.781
0.781
0.861
0.861
0.861
0.861
0.861
0.961
0.961
0.97
0.97
0.97
0.97
1.042
1.042
0.682
0.682
0.682
0.682
0.673
0.673
2.656
2.656
2.656
2.656
2.576
2.616
2.616
2.916
2.916
2.876
2.936
2.956
2.996
2.996
2.996
3.005
2.996
2.996
3.096
3.288
3.288
1.305
1.305
1.305
1.305
1.245
1.245
1.245
1.245
1.145
1.266
1.295
1.295
1.295
1.295
1.295
1.295
1.335
1.335
1.335
1.344
1.152
1.152
1.152
1.152
1.152
0.852
0.852
0.731
0.54
0.54
0.54
0.54
0.531
0.531
0.531
0.531
0.531
0.531
0.531
0.531
0.531
0.531
0.531
0.531
0.531
0.531
0.531
0.531
0.531
0.531
0.531
0.531
0.545
0.545
0.545
0.545
0.545
0.545
0.545
0.545
0.545
0.505
0.505
0.682
0.642
0.465
0.465
0.465
0.465
0.465
2.325
2.325
2.325
2.325
2.325
2.325
2.402
2.402
2.225
2.225
2.417
2.417
2.417
2.388
2.388
2.388
2.368
2.368
2.368
2.545
0.685
0.508
0.508
0.508
0.508
0.508
1.64
1.64
1.64
1.64
1.64
1.64
1.625
1.625
1.943
1.943
1.943
1.943
1.943
1.376
1.376
1.376
1.497
1.497
1.477
1.477
1.477
1.477
1.477
1.477
1.477
1.477
1.477
1.477
1.477
1.463
1.463
1.463
1.463
1.463
1.342
1.342
1.242
3.256
3.256
3.256
3.256
3.256
3.256
5.235
5.235
5.235
5.235
5.235
5.235
5.235
5.295
5.295
5.395
3.381
3.321
3.321
3.321
3.381
3.301
3.301
2.129
2.129
2.138
2.138
2.398
2.498
2.498
2.498
2.498
2.498
0.711
0.711
0.832
0.823
0.823
0.823
0.823
0.823
0.823
0.823
0.823
0.823
0.823
0.783
0.783
0.783
0.923
0.923
0.823
0.783
0.662
0.662
0.49
0.47
0.49
0.49
0.49
0.53
0.53
0.57
0.57
0.579
0.479
0.579
0.479
0.479
0.479
0.479
0.599
0.699
0.599
0.579
0.579
0.579
0.639
0.639
2.398
2.398
2.418
0.659
0.639
0.639
0.759
0.759
0.759
0.759
0.87
0.739
0.639
0.679
0.639
0.639
0.639
0.639
0.739
0.839
0.839
0.539
0.539
0.539
0.439
0.439
0.379
0.379
0.393
0.393
0.433
0.433
0.393
0.393
0.393
0.393
0.393
0.293
0.293
0.293
2.052
2.052
2.072
0.313
0.293
0.353
0.373
0.373
0.413
0.473
0.473
0.413
0.313
0.353
0.353
0.353
0.353
0.353
0.353
0.313
0.313
0.313
0.293
0.293
0.293
0.293
0.414
0.414
0.414
0.414
0.414
0.414
0.606
0.566
0.566
0.566
0.566
0.566
0.566
0.566
0.566
0.566
0.566
0.385
0.264
0.264
0.264
0.264
0.264
0.264
0.264
0.264
0.264
0.264
0.072
0.072
0.072
0.072
0.072
0.072
0.072
0.072
0.072
0.072
0.072
0.072
0.072
0.072
0.072
0.072
0.072
0.072
0.072
0.072
0.072
0.072
0.072
0.072
0.072
0.072
0.072
0.072
0.072
0.072
0.072
0.072
0.072
0.072
0.072
0.072
0.072
0.072
0.072
0.084
0.084
0.084
0.144
0.144
0.184
0.144
0.144
0.144
0.164
0.164
0.356
0.356
0.487
0.487
0.467
0.467
0.467
0.393
0.393
0.264
0.264
0.264
0.264
0.264
0.264
0.264
0.385
0.385
0.385
0.543
0.552
0.552
0.36
0.36
0.36
0.36
0.36
0.36
0.36
0.46
0.46
0.511
0.511
0.656
0.535
0.535
0.535
0.535
0.435
1.339
1.339
1.339
0.435
0.435
0.435
0.535
0.435
0.444
0.644
0.656
0.656
0.656
0.656
0.656
0.656
0.656
0.656
0.556
0.556
0.556
0.556
0.556
2.57
2.57
2.59
2.59
4.349
4.349
4.349
2.61
2.61
2.61
2.802
2.923
2.923
2.903
2.903
2.894
0.789
0.789
0.789
0.789
0.789
0.789
0.84
0.88
0.889
0.849
0.84
0.84
0.84
0.719
0.699
0.699
0.507
0.507
0.627
0.607
0.607
0.607
1.007
1.107
1.107
1.107
1.107
1.098
1.098
1.127
1.127
1.155
3.129
3.129
3.229
3.129
3.038
3.078
3.069
3.169
3.169
3.098
3.178
3.178
3.178
3.118
3.118
3.218
1.204
1.325
1.425
1.425
1.425
3.184
3.224
3.084
1.225
1.216
1.216
1.216
1.316
1.316
2.224
2.184
2.164
2.204
2.204
2.103
2.103
2.103
2.123
2.123
2.123
2.123
2.123
2.123
2.123
2.132
2.032
2.032
2.032
2.032
2.032
2.023
2.023
2.023
2.023
1.963
1.963
1.963
1.963
1.963
0.829
0.829
0.829
1.129
0.829
0.809
0.749
0.749
0.749
0.749
0.72
0.912
0.912
0.912
0.912
0.912
0.912
0.912
0.912
0.912
0.912
1.072
0.947
0.847
0.847
0.947
0.847
0.856
0.956
0.956
1.156
1.156
1.156
1.004
1.004
0.944
0.956
0.856
0.776
0.776
0.776
0.776
0.776
0.762
0.762
0.742
0.742
0.811
0.811
0.811
0.811
0.771
0.771
0.771
0.771
0.771
0.771
0.771
0.771
0.745
0.745
0.745
0.745
0.745
0.845
0.845
0.845
0.845
0.836
0.836
0.836
1.136
2.04
2.04
1.78
0.816
0.937
0.937
0.946
0.946
0.937
1.062
1.062
0.942
1.042
1.042
1.342
1.342
1.342
1.342
1.342
1.282
1.171
1.363
1.302
1.282
1.279
1.339
1.359
1.359
1.359
1.359
1.359
1.359
1.43
1.43
1.43
1.43
1.43
1.43
1.43
1.43
1.43
1.43
1.41
1.218
1.218
1.258
1.318
1.318
1.289
1.289
1.289
1.229
1.229
1.229
1.229
1.229
1.229
1.289
1.289
1.289
1.175
1.115
1.095
1.155
1.155
1.155
1.155
1.198
1.198
1.298
1.298
1.358
1.358
1.479
1.419
1.439
1.43
1.43
1.43
1.43
1.33
1.33
1.33
1.33
1.33
1.33
1.33
1.33
1.33
1.43
1.33
1.209
1.249
1.501
1.501
1.501
1.461
1.461
1.47
1.45
1.45
1.441
1.441
1.441
1.501
1.501
1.513
1.533
1.533
1.522
1.522
1.522
1.522
1.522
1.522
1.33
1.33
1.199
1.199
1.199
1.199
1.199
1.199
1.279
1.27
1.29
1.23
1.23
1.23
1.11
1.21
1.11
0.81
0.81
0.81
0.81
0.81
0.81
0.81
0.931
0.888
0.917
0.917
0.917
0.817
0.817
0.817
0.817
0.817
0.817
0.817
0.817
0.817
0.817
0.877
0.877
0.817
0.696
0.696
0.696
0.696
0.696
0.696
0.696
0.696
0.71
0.707
0.647
0.758
0.758
0.818
0.818
0.798
0.898
1.198
1.198
1.178
1.178
1.178
0.978
0.978
0.978
0.978
0.978
0.978
1.078
1.078
1.078
1.078
1.098
1.098
1.098
1.098
1.038
1.038
1.038
1.038
1.058
0.998
0.998
0.998
0.998
1.129
1.141
1.141
1.141
1.141
1.141
1.141
1.141
1.141
1.141
1.141
1.262
1.233
1.549
1.549
1.549
1.549
1.133
1.133
1.133
1.133
1.325
1.325
1.325
1.18
1.28
1.22
1.089
1.089
0.968
0.968
0.968
0.968
0.968
0.968
0.264
0.264
0.264
0.264
0.264
0.264
0.264
0.264
0.072
0.072
0.072
0.072
0.072
0.072
0.072
0.072
0.072
0.072
0.072
0.062
0.062
0.062
0.062
0.062
0.062
0.062
0.062
0.062
0.062
0.062
