0.065
0.065
0.065
0.065
0.065
0.065
0.065
0.065
0.065
0.065
0.065
0.065
0.065
0.065
0.065
0.065
0.065
0.065
0.065
0.065
0.065
0.065
0.065
0.065
0.075
0.075
0.075
0.075
0.075
0.075
0.075
0.075
0.075
0.075
0.075
0.075
0.075
0.075
0.075
0.075
0.075
0.075
0.075
0.075
0.075
0.075
0.075
0.075
0.075
0.075
0.075
0.075
0.075
0.075
0.075
0.075
0.075
0.075
0.075
0.075
0.075
0.261
0.261
0.261
0.261
0.261
0.261
0.261
0.261
0.261
0.261
0.261
0.261
0.261
0.261
0.261
0.261
0.261
0.261
0.261
0.261
0.261
0.261
0.075
0.075
0.075
0.075
0.075
0.075
0.075
0.075
0.075
0.075
0.075
0.075
0.231
0.231
0.231
0.231
0.231
0.231
0.231
0.231
0.231
0.231
0.231
0.231
0.231
0.231
0.075
0.075
0.075
0.075
0.075
0.075
0.075
0.075
0.075
0.075
0.075
0.075
0.075
0.075
0.075
0.075
0.075
0.075
0.075
0.075
0.075
0.075
0.075
0.075
0.075
0.075
0.075
0.075
0.075
0.075
0.075
0.075
0.075
0.075
0.075
0.075
0.075
0.075
0.075
0.075
0.075
0.075
0.075
0.075
0.075
0.075
0.075
0.075
0.261
0.261
0.261
0.261
0.261
0.261
0.261
0.261
0.261
0.261
0.261
0.261
0.261
0.261
0.261
0.261
0.261
0.261
0.261
0.261
0.261
0.261
0.075
0.075
0.075
0.075
0.075
0.075
0.075
0.075
0.075
0.075
0.231
0.231
0.231
0.231
0.231
0.231
0.231
0.231
0.231
0.231
0.231
0.231
0.231
0.231
0.075
0.075
0.075
0.075
0.075
0.075
0.075
0.075
0.075
0.075
0.075
0.075
0.075
0.075
0.075
0.075
0.075
0.075
0.075
0.075
0.075
0.075
0.075
0.075
0.075
0.075
0.261
0.261
0.261
0.261
0.261
0.261
0.261
0.261
0.261
0.261
0.261
0.261
0.261
0.261
0.261
0.261
0.261
0.261
0.261
0.261
0.261
0.261
0.075
0.075
0.075
0.075
0.075
0.075
0.075
0.075
0.075
0.075
0.075
0.075
0.075
0.075
0.231
0.231
0.231
0.231
0.231
0.231
0.231
0.231
0.231
0.231
0.231
0.231
0.231
0.231
0.075
0.075
0.075
0.075
0.075
0.075
0.075
0.075
0.075
0.075
0.075
0.075
0.075
0.075
0.075
0.075
0.075
0.075
0.075
0.075
0.075
0.075
0.075
0.075
0.075
0.075
0.075
0.075
0.075
0.075
0.075
0.075
0.075
0.075
0.075
0.075
0.075
0.075
0.075
0.075
0.261
0.261
0.261
0.261
0.261
0.261
0.261
0.261
0.261
0.261
0.261
0.261
0.261
0.261
0.261
0.261
0.261
0.261
0.261
0.261
0.417
0.417
0.231
0.231
0.231
0.231
0.231
0.231
0.231
0.231
0.231
0.231
0.231
0.231
0.075
0.075
0.075
0.075
0.075
0.075
0.075
0.073
0.073
0.073
0.073
0.073
0.073
0.073
0.173
0.173
0.173
0.173
0.173
0.173
0.173
0.173
0.273
0.273
0.173
0.073
0.173
0.173
0.173
0.173
0.233
0.233
0.233
0.233
0.173
0.173
0.173
0.223
0.323
0.273
0.273
0.273
0.273
0.273
0.273
0.273
0.345
0.345
0.531
0.531
0.631
0.631
0.559
0.459
0.459
0.548
0.548
0.704
0.704
0.704
0.704
0.704
0.704
0.704
0.704
0.704
0.704
0.704
0.704
0.717
0.591
0.475
0.515
0.515
0.515
0.475
0.475
0.475
0.475
0.475
0.475
0.475
0.475
0.475
0.475
0.435
0.435
0.435
0.435
0.435
0.447
0.447
0.447
0.447
0.447
0.447
0.447
0.447
2.43
2.43
2.43
2.43
2.43
2.43
2.43
2.43
2.49
2.49
2.43
2.43
2.43
2.43
2.43
2.43
2.43
2.341
2.341
2.341
2.401
0.418
0.418
0.418
0.468
0.468
0.468
0.468
0.468
0.468
0.468
0.455
0.495
0.495
0.495
0.555
0.741
0.741
0.741
0.701
0.701
0.641
0.641
0.681
0.731
0.731
0.731
0.691
0.691
0.691
0.641
0.641
0.757
0.757
0.757
0.757
0.757
0.757
0.727
0.727
0.727
0.727
0.627
0.627
0.627
0.627
0.699
0.699
0.699
0.752
0.712
0.712
0.556
0.556
0.556
0.556
0.656
0.656
0.716
0.716
0.726
0.726
0.726
0.726
0.903
0.903
0.726
0.726
0.726
0.726
0.726
0.726
0.776
0.776
0.776
0.776
0.776
0.953
0.953
0.776
0.836
0.836
0.776
0.776
0.776
0.776
0.776
0.776
0.776
0.776
0.743
0.783
0.606
0.616
0.676
0.862
0.862
0.862
0.862
3.213
3.213
3.153
0.802
0.979
0.979
1.297
1.397
1.297
1.225
1.212
0.645
0.78
0.78
0.78
0.78
0.78
0.78
0.594
0.594
0.594
0.594
0.594
0.594
0.594
0.627
0.627
0.627
0.567
0.567
0.567
0.567
0.567
0.567
0.557
0.457
0.457
0.457
0.467
0.367
0.367
0.523
0.523
0.523
0.523
0.523
0.523
0.523
0.523
0.523
0.523
0.523
0.523
0.523
0.523
0.367
0.367
0.367
0.367
0.367
0.075
0.075
0.075
0.075
0.075
0.075
0.075
0.075
0.261
0.261
0.261
0.261
0.261
0.261
0.261
0.261
0.261
0.261
0.261
0.261
0.261
0.261
0.261
0.261
0.261
0.261
0.261
0.261
0.261
0.261
0.075
0.075
0.075
0.075
0.075
0.075
0.075
0.075
0.075
0.075
0.367
0.367
0.367
0.251
0.251
0.251
0.251
0.311
0.311
0.311
0.311
0.467
0.467
0.467
0.467
0.467
0.467
0.467
0.332
0.332
0.332
0.332
0.332
0.332
0.332
0.176
0.176
0.176
0.176
0.176
0.116
0.116
0.116
0.116
0.116
0.116
0.116
0.116
0.083
0.083
0.075
0.075
0.075
0.075
0.075
0.075
0.075
0.075
0.075
0.075
0.075
0.075
0.075
0.075
0.075
0.075
0.075
0.075
0.075
0.075
0.075
0.075
0.075
0.075
0.075
0.075
0.075
0.075
0.075
0.075
0.075
0.261
0.261
0.261
0.261
0.261
0.261
0.261
0.261
0.261
0.261
0.261
0.261
0.261
0.261
0.261
0.261
0.261
0.261
0.261
0.261
0.261
0.261
0.075
0.075
0.075
0.075
0.075
0.075
0.075
0.075
0.075
0.231
0.231
0.231
0.231
0.231
0.231
0.231
0.231
0.231
0.231
0.231
0.231
0.231
0.231
0.075
0.075
0.075
0.075
0.075
0.075
0.075
0.075
0.075
0.075
0.075
0.075
0.075
0.075
0.075
0.075
0.075
0.075
0.075
0.075
0.075
0.075
0.075
0.075
0.075
0.075
0.075
0.075
0.075
0.075
0.075
0.075
0.075
0.075
0.075
0.261
0.261
0.261
0.261
0.261
0.261
0.261
0.261
0.261
0.269
0.269
0.419
0.419
0.369
0.382
0.382
0.514
0.514
0.514
0.514
0.504
0.504
0.606
0.606
0.762
0.762
0.474
0.474
0.474
0.474
0.474
0.474
0.474
0.474
0.474
2.825
2.825
2.825
0.318
0.318
0.318
0.318
0.318
0.246
0.246
0.246
0.246
0.146
0.146
0.146
0.146
0.146
0.146
0.146
2.497
2.497
2.497
0.146
0.146
0.269
0.269
0.269
0.269
0.269
0.269
0.269
0.269
0.269
0.269
0.269
0.269
0.269
0.329
0.329
0.316
0.329
0.329
0.329
0.329
0.329
0.329
0.515
0.555
0.555
0.555
0.495
0.455
0.455
0.535
0.455
0.455
2.74
2.74
2.74
4.991
4.931
4.931
2.58
2.58
2.736
2.736
2.736
2.736
2.46
2.46
2.47
2.47
2.47
2.47
2.47
2.593
0.408
2.759
2.603
2.603
0.252
0.252
0.252
0.252
0.252
0.252
0.252
0.129
0.129
0.129
0.129
0.129
0.129
0.129
0.201
0.201
0.201
0.317
0.357
0.357
0.344
0.344
0.444
0.444
0.328
0.328
0.228
0.228
0.228
0.228
0.228
0.228
0.328
0.328
0.328
0.551
0.551
0.551
0.551
0.551
0.551
0.667
0.567
0.567
0.567
0.567
0.567
0.58
1.515
1.535
1.595
0.66
0.7
0.5
0.5
0.5
0.5
0.5
3.278
3.278
3.278
3.305
3.365
3.295
3.295
3.295
3.49
3.646
3.646
3.832
3.832
3.832
3.832
3.832
0.994
0.994
1.094
0.994
0.994
0.994
0.994
0.838
0.838
0.838
1.126
1.126
1.259
1.247
1.009
1.009
1.009
0.823
0.823
3.485
3.585
3.585
3.585
3.645
3.585
3.585
3.585
3.585
3.585
3.585
3.585
3.445
3.445
3.432
3.472
0.694
0.694
0.744
0.744
0.744
0.744
0.744
0.744
0.744
0.744
0.744
0.744
0.644
0.644
0.644
0.644
0.644
0.644
0.644
2.995
2.995
3.035
0.684
0.684
0.684
0.8
0.8
0.76
0.76
0.76
0.76
0.76
0.637
0.637
0.697
0.697
0.697
0.697
0.697
0.707
0.707
0.707
0.707
0.707
0.707
0.667
0.803
0.803
0.803
0.803
0.77
1.079
1.079
1.079
1.079
1.019
1.019
1.019
1.019
1.019
0.813
0.813
0.813
3.531
3.631
3.631
3.631
3.544
3.616
3.616
3.616
3.636
3.636
3.45
3.378
3.378
3.378
3.378
3.378
0.6
0.6
0.484
0.484
0.544
0.544
0.544
0.544
0.484
0.361
0.361
0.361
0.361
0.361
0.361
0.477
0.477
0.477
0.477
0.678
0.678
0.678
0.678
0.678
0.678
0.678
0.075
0.075
0.075
0.075
0.075
0.075
0.075
0.075
0.075
0.075
0.075
0.075
0.075
0.075
0.075
0.075
0.075
0.075
0.075
0.075
0.075
0.075
0.075
0.075
0.075
0.075
0.075
0.075
0.075
0.075
0.075
0.075
0.075
0.075
0.075
0.231
0.231
0.231
0.231
0.231
0.231
0.231
0.231
0.231
0.231
0.231
0.231
0.231
0.231
0.075
0.075
0.075
0.075
0.075
0.075
0.075
0.261
0.261
0.261
0.261
0.261
0.261
0.261
0.261
0.261
0.261
0.261
0.261
0.261
0.261
0.261
0.261
0.261
0.261
0.261
0.261
0.261
0.261
0.075
0.075
0.508
0.508
0.508
0.508
0.508
0.568
0.568
0.558
0.558
0.558
0.558
0.558
0.558
0.558
0.558
0.558
0.658
0.658
0.658
0.658
0.523
0.523
0.51
0.45
0.45
0.45
0.45
0.45
0.45
0.45
0.45
0.573
0.573
0.573
0.573
0.606
0.606
0.606
0.606
0.646
0.646
0.646
0.646
0.646
0.646
0.706
0.892
0.892
0.892
0.892
0.892
1.087
1.087
1.087
1.087
0.952
0.952
0.952
0.952
0.952
0.952
0.952
1.158
1.158
1.158
1.158
1.218
1.218
1.167
1.167
1.167
1.167
1.167
1.167
1.167
1.167
1.011
1.011
0.951
0.716
0.716
0.716
0.716
0.776
0.776
0.776
0.776
0.776
0.886
0.886
0.886
0.886
0.886
0.886
0.886
0.886
0.886
0.886
0.958
0.958
0.886
0.886
0.886
0.886
0.886
0.826
0.826
0.886
0.803
0.703
0.703
0.703
0.703
0.643
0.603
0.789
0.789
0.889
0.889
0.889
0.889
0.889
0.889
0.989
0.989
0.949
0.889
0.889
0.961
0.961
0.961
0.994
0.994
0.994
1.129
1.229
1.157
0.971
0.971
1.127
1.127
1.127
1.127
1.127
1.027
1.027
1.027
1.027
1.027
1.027
0.231
0.231
0.231
0.075
0.075
0.075
0.075
0.075
0.075
0.075
0.075
0.075
0.075
0.075
0.075
0.075
0.075
0.075
0.075
0.075
0.075
0.075
0.075
0.075
0.075
0.075
0.075
0.075
0.075
0.075
0.075
0.075
0.075
0.075
0.075
0.075
0.075
0.075
0.075
0.075
0.075
0.075
0.075
0.075
0.075
0.075
0.075
0.075
0.261
0.261
0.261
0.261
0.261
0.261
0.251
0.251
0.251
0.251
0.251
0.251
