0.061
0.061
0.061
0.061
0.061
0.061
0.155
0.155
0.155
0.155
0.155
0.155
0.155
0.155
0.155
0.155
0.155
0.155
0.155
0.155
0.155
0.155
0.155
0.155
0.061
0.061
0.061
0.071
0.071
0.071
0.071
0.071
0.071
0.071
0.071
0.071
0.071
0.071
0.071
0.071
0.071
0.071
0.071
0.071
0.071
0.071
0.071
0.071
0.071
0.071
0.071
0.071
0.071
0.071
0.071
0.071
0.071
0.071
0.071
0.071
0.071
0.071
0.071
0.071
0.071
0.071
0.071
0.071
0.071
0.071
0.071
0.071
0.071
0.071
0.071
0.071
0.071
0.071
0.165
0.165
0.165
0.165
0.165
0.165
0.165
0.165
0.165
0.165
0.165
0.165
0.165
0.165
0.165
0.165
0.165
0.165
0.071
0.071
0.071
0.071
0.071
0.071
0.071
0.071
0.071
0.071
0.071
0.071
0.071
0.071
0.071
0.071
0.071
0.071
0.071
0.071
0.071
0.071
0.071
0.071
0.071
0.071
0.071
0.071
0.071
0.071
0.071
0.071
0.071
0.071
0.255
0.255
0.255
0.255
0.255
0.255
0.255
0.255
0.255
0.255
0.255
0.255
0.255
0.255
0.071
0.071
0.071
0.071
0.071
0.165
0.165
0.165
0.165
0.165
0.165
0.165
0.165
0.165
0.165
0.165
0.165
0.165
0.165
0.165
0.165
0.165
0.165
0.071
0.071
0.071
0.071
0.071
0.071
0.071
0.071
0.071
0.071
0.071
0.071
0.071
0.071
0.071
0.071
0.071
0.071
0.071
0.071
0.071
0.071
0.071
0.071
0.071
0.071
0.071
0.071
0.071
0.071
0.071
0.071
0.071
0.071
0.071
0.071
0.071
0.071
0.071
0.071
0.165
0.165
0.165
0.165
0.165
0.165
0.165
0.165
0.165
0.165
0.165
0.165
0.165
0.165
0.165
0.165
0.165
0.165
0.071
0.071
0.071
0.071
0.071
0.071
0.071
0.255
0.255
0.255
0.255
0.255
0.255
0.255
0.255
0.255
0.255
0.255
0.255
0.255
0.255
0.071
0.071
0.071
0.071
0.071
0.071
0.071
0.071
0.071
0.071
0.071
0.071
0.071
0.071
0.071
0.071
0.071
0.071
0.071
0.071
0.071
0.071
0.071
0.071
0.071
0.071
0.071
0.071
0.071
0.071
0.071
0.071
0.071
0.071
0.071
0.071
0.071
0.071
0.071
0.071
0.071
0.071
0.071
0.071
0.071
0.071
0.071
0.071
0.071
0.071
0.071
0.071
0.071
0.071
0.071
0.071
0.071
0.255
0.255
0.255
0.255
0.255
0.255
0.255
0.255
0.255
0.255
0.255
0.255
0.255
0.255
0.071
0.071
0.071
0.071
0.071
0.071
0.071
0.071
0.071
0.071
0.071
0.071
0.071
0.071
0.071
0.165
0.165
0.165
0.165
0.165
0.165
0.165
0.165
0.165
0.165
0.165
0.165
0.165
0.165
0.165
0.165
0.165
0.165
0.071
0.071
0.071
0.071
0.071
0.071
0.071
0.071
0.071
0.071
0.071
0.071
0.071
0.071
0.071
0.071
0.071
0.071
0.071
0.071
0.071
0.071
0.071
0.071
0.071
0.071
0.071
0.071
0.071
0.071
0.071
0.071
0.071
0.071
0.071
0.071
0.071
0.071
0.071
0.071
0.071
0.071
0.071
0.071
0.071
0.071
0.165
0.165
0.165
0.165
0.165
0.165
0.349
0.349
0.349
0.349
0.349
0.349
0.349
0.349
0.349
0.349
0.349
0.349
0.255
0.255
0.071
0.071
0.071
0.071
0.069
0.141
1.86
1.86
1.9
0.181
0.231
0.231
0.231
2.174
2.174
2.183
2.183
2.183
2.183
2.183
2.183
2.183
2.183
2.133
2.126
2.126
2.126
2.126
2.126
2.126
2.126
2.126
2.126
2.126
0.143
0.143
0.143
0.143
0.143
0.143
0.143
0.143
0.143
0.143
0.143
0.143
0.143
0.143
0.143
0.143
0.143
0.143
0.143
0.143
0.143
0.143
0.143
0.143
0.143
0.143
0.143
0.143
0.143
0.143
0.143
0.143
0.143
0.143
0.143
0.143
0.143
0.143
0.143
0.143
0.143
0.143
0.143
0.143
0.143
0.143
0.143
0.143
0.143
0.327
0.325
0.385
0.385
0.385
0.385
0.36
0.36
0.36
0.36
0.48
0.42
0.42
0.48
0.533
0.473
0.296
0.336
0.336
0.336
0.336
0.336
0.336
0.391
0.391
0.391
0.391
0.568
0.568
0.391
0.351
0.351
0.445
0.445
0.445
0.445
0.445
0.445
0.445
0.445
0.622
0.622
0.445
0.445
0.445
0.445
0.445
0.445
0.445
0.445
0.351
0.351
0.351
0.528
0.528
0.846
0.846
0.846
0.846
0.846
0.339
0.339
0.339
0.379
0.379
0.379
0.379
0.379
0.379
0.379
0.379
0.379
0.379
0.379
0.379
0.379
0.379
0.379
0.429
0.429
0.429
0.369
0.553
0.553
0.553
0.553
0.553
0.553
0.553
0.553
0.553
0.553
0.553
0.647
0.647
0.647
0.463
0.523
0.563
0.563
0.563
0.663
0.683
0.697
0.697
0.697
0.597
0.597
0.597
2.151
2.051
1.957
1.957
1.957
1.957
1.957
1.957
1.957
1.957
1.907
1.907
1.907
11.533
11.533
11.533
1.907
1.907
1.909
2.009
0.455
0.455
0.455
0.455
0.455
0.455
0.455
0.455
0.455
0.455
0.455
0.455
0.455
0.455
0.455
0.455
0.455
0.455
0.455
0.455
0.455
0.455
0.549
0.549
0.733
0.733
0.733
0.733
2.146
3.865
3.865
3.865
2.146
2.146
2.146
2.146
2.146
2.146
1.962
1.962
1.868
1.868
1.868
1.868
1.868
1.868
1.868
1.854
1.854
1.854
1.794
1.794
1.915
1.927
1.927
1.927
1.927
1.927
0.514
0.514
0.454
2.437
2.437
2.437
2.437
2.437
2.437
2.437
2.437
2.437
2.437
2.4
2.4
2.4
2.4
2.4
2.4
2.4
2.494
2.494
2.494
2.494
0.511
0.511
0.511
0.511
0.511
0.548
0.557
0.597
0.597
0.597
0.597
0.597
0.657
0.657
0.563
0.563
0.563
0.563
0.563
0.683
0.683
0.683
0.683
0.967
0.967
0.907
0.907
0.807
0.767
0.827
0.827
0.827
0.877
0.827
0.827
0.867
0.867
0.683
0.755
0.755
0.755
0.815
0.815
0.815
0.815
0.815
2.898
2.973
2.798
2.798
2.738
2.738
2.738
2.683
2.783
2.858
2.858
2.858
2.87
2.87
2.93
3.024
3.024
3.189
4.224
4.047
4.047
2.064
2.064
2.064
2.064
2.064
2.064
2.064
2.064
2.104
2.281
2.146
1.992
1.898
1.898
1.898
1.898
1.898
1.898
1.898
1.898
1.898
1.91
2.075
2.075
1.912
1.912
1.912
1.912
1.972
1.932
1.932
1.872
1.757
1.757
1.757
1.874
1.874
2.192
2.192
2.192
2.192
2.192
1.625
1.625
1.735
1.735
1.735
1.795
1.795
1.979
1.979
1.979
1.979
1.979
2.019
1.979
1.979
0.999
0.999
0.999
0.999
0.999
1.059
1.064
1.064
0.847
0.847
0.747
0.747
0.747
0.747
0.747
0.747
0.687
0.687
0.687
0.864
0.958
0.741
0.741
0.878
0.878
0.843
0.843
0.843
0.843
0.843
0.843
0.783
0.96
0.96
0.783
0.98
1.028
1.028
0.934
0.637
0.723
0.723
0.697
0.637
0.637
0.814
0.754
1.072
1.072
1.072
1.072
1.072
3.004
3.004
3.004
3.004
3.004
3.004
3.004
3.004
3.004
3.004
3.004
3.004
3.004
2.904
2.904
2.904
2.904
2.844
2.844
4.563
4.563
4.563
2.844
2.844
2.844
3.028
3.028
3.04
3.161
3.161
3.261
3.261
3.321
3.261
3.255
3.255
3.255
3.315
3.303
3.119
3.119
3.084
3.084
3.184
3.187
3.187
3.187
3.242
3.254
3.254
3.254
3.245
3.151
3.151
3.111
3.111
3.111
3.111
3.111
3.111
0.612
0.612
0.612
0.557
0.617
0.617
0.617
0.617
0.617
0.717
0.717
0.717
0.777
0.777
0.837
0.837
0.777
0.777
0.777
0.777
0.777
0.777
0.817
0.817
0.817
0.817
0.817
0.596
0.57
0.631
0.571
0.511
0.511
0.511
0.511
0.695
0.755
0.79
0.755
0.755
0.755
0.849
0.849
0.789
0.789
0.789
2.508
2.508
2.508
0.705
0.705
0.705
0.705
0.705
0.645
0.645
0.645
0.645
0.645
0.491
0.491
0.491
0.491
0.491
0.491
0.491
0.491
0.491
0.491
0.491
0.491
0.491
0.528
0.528
2.247
2.247
2.247
0.528
0.528
0.528
0.528
0.528
0.528
0.583
0.603
0.603
0.603
0.603
0.723
0.723
0.783
0.783
0.843
0.878
0.778
0.778
0.718
0.718
0.812
0.737
0.749
0.735
0.675
0.675
0.763
0.763
0.603
0.543
0.643
0.643
0.643
0.683
0.683
0.683
0.683
0.867
0.773
0.773
0.773
0.773
0.833
0.833
0.833
0.833
2.552
2.552
2.552
0.833
0.833
0.649
0.649
0.649
0.649
0.649
0.709
0.709
0.723
0.737
0.737
0.737
0.677
0.752
0.712
1.692
1.592
1.555
1.495
1.495
1.435
1.435
1.435
1.435
1.435
1.435
1.435
1.435
1.435
1.435
1.435
1.495
1.46
1.46
1.46
1.46
1.46
1.46
1.554
1.614
1.674
1.674
1.674
1.674
1.714
1.749
1.709
1.709
1.709
1.709
1.809
1.846
1.846
1.846
1.791
1.756
1.662
1.846
1.746
1.746
1.746
1.746
1.746
1.746
1.746
1.671
1.671
1.671
1.671
1.757
1.757
1.573
1.573
1.452
1.573
0.533
0.545
0.605
0.593
10.219
10.119
10.16
0.534
0.546
0.546
0.546
0.546
0.546
0.606
0.72
0.72
0.72
0.62
0.56
0.56
0.56
0.56
0.56
0.648
0.683
0.683
0.683
0.777
0.765
0.765
0.765
0.765
3.056
3.056
3.056
3.056
3.056
3.096
3.084
3.144
3.144
3.144
3.144
3.144
3.109
3.015
4.542
4.542
4.542
4.565
4.665
4.665
4.565
4.445
4.445
14.071
14.071
14.255
4.629
2.265
2.265
2.24
2.3
2.24
2.24
2.24
2.24
2.18
2.18
2.18
2.24
2.056
2.021
2.081
2.364
2.364
0.951
0.951
0.763
0.863
0.863
0.763
0.763
0.763
0.703
0.703
0.703
0.703
0.703
0.703
0.703
0.643
0.643
0.634
0.573
0.573
0.573
0.673
0.633
0.673
0.633
0.633
0.633
0.633
0.593
0.593
0.533
0.533
0.533
0.533
0.533
0.533
0.627
2.225
2.225
2.225
0.506
0.506
0.506
0.492
0.561
0.461
0.461
0.461
0.461
0.461
0.452
0.452
0.452
0.487
0.677
0.677
0.677
0.622
0.622
0.782
0.682
0.757
0.734
0.794
0.808
0.808
2.527
2.527
2.343
0.489
0.489
0.498
0.498
0.498
0.498
0.448
0.388
0.428
0.414
0.514
0.514
0.474
0.474
0.449
0.449
0.426
0.351
0.351
0.648
0.708
0.699
0.639
0.442
0.442
0.442
0.382
0.422
0.482
0.442
0.482
0.442
0.502
0.452
0.452
0.392
0.392
0.392
0.392
0.452
0.452
0.527
0.452
0.452
0.352
0.352
0.352
0.352
0.34
0.34
0.34
0.34
0.34
0.34
0.34
0.34
0.34
0.34
0.34
0.34
0.44
0.44
0.5
0.5
0.5
0.44
0.403
0.403
0.389
0.444
0.444
0.628
0.573
0.573
0.573
0.573
0.573
0.573
0.573
0.573
0.573
0.573
0.573
0.573
0.573
0.389
0.389
0.521
0.521
0.521
0.581
0.581
0.481
0.481
0.481
0.481
0.481
0.421
0.515
0.515
0.515
0.515
0.515
0.515
0.515
0.515
0.589
0.589
0.529
0.529
0.529
0.529
0.469
0.469
0.469
0.469
0.375
0.375
0.375
0.375
0.375
0.387
0.387
0.387
0.387
0.387
0.462
0.462
0.462
0.462
0.462
0.462
0.462
0.522
0.522
0.462
0.462
0.462
0.502
0.502
0.502
0.502
0.502
0.48
0.48
0.48
