0.0
0.0
0.0
0.0
0.0
0.0
0.0
0.0
0.0
0.0
0.0
0.0
0.0
0.0
0.0
0.0
0.0
0.0
0.0
0.0
0.0
0.0
0.0
0.0
0.0
0.0
0.0
0.0
0.0
0.0
0.0
0.0
0.0
0.0
0.0
0.0
0.0
0.0
0.0
0.0
0.0
0.0
0.0
0.0
0.0
0.0
0.0
0.0
0.0
0.0
0.0
0.0
0.0
0.0
0.0
0.0
0.0
0.0
0.0
0.0
0.0
0.0
0.0
0.0
0.0
0.0
0.0
0.0
0.0
0.0
0.0
0.0
0.0
4.254795700001292E-13
8.126921800000001E-8
2.690432E-6
2.1192E-5
3.2404E-5
4.7667400000000004E-5
1.480378E-4
2.0927600000000005E-4
1.6008E-4
2.87826E-4
1.93156E-4
3.5045E-4
2.8759799999999997E-4
2.6348400000000003E-4
1.831E-4
1.5201E-4
1.57716E-4
1.3948799999999998E-4
1.4279200000000004E-4
1.59624E-4
5.187179999999999E-4
6.51592E-4
4.45828E-4
3.07738E-4
4.52148E-4
5.00566E-4
7.003479999999999E-4
5.22604E-4
5.114219999999999E-4
4.71844E-4
4.35648E-4
3.25046E-4
2.9295199999999997E-4
2.79508E-4
2.51418E-4
2.3628399999999996E-4
5.3483E-4
0.00100052
0.00101092
0.0010188800000000002
0.0010264599999999999
0.00103368
0.00104052
9.547939999999999E-4
9.20582E-4
9.2882E-4
9.01744E-4
7.0703E-4
8.8053E-4
0.0010637600000000002
9.075800000000001E-4
0.0010181220000000002
0.001030572
7.2236E-4
9.91548E-4
9.10738E-4
9.4241E-4
9.477279999999999E-4
9.681219999999999E-4
0.001033092
9.503480000000002E-4
9.367199999999999E-4
8.036079999999999E-4
6.923499999999999E-4
5.444559999999999E-4
5.20478E-4
8.81698E-4
0.001057664
0.001093156
9.35282E-4
9.886299999999999E-4
9.188480000000001E-4
8.967360000000001E-4
8.24368E-4
0.00111268
9.39458E-4
7.77474E-4
9.217639999999999E-4
7.869339999999999E-4
5.925220000000001E-4
4.59804E-4
4.71158E-4
4.5958800000000003E-4
7.63406E-4
7.013540000000001E-4
9.246420000000002E-4
0.0011407799999999999
9.369580000000001E-4
9.97628E-4
9.28324E-4
0.00113638
0.001135
0.0011309
9.36804E-4
8.96864E-4
9.133300000000001E-4
0.0010241739999999999
0.0010446439999999997
8.69854E-4
7.1117E-4
0.00111562
9.92622E-4
8.967579999999999E-4
8.565660000000001E-4
8.8418E-4
0.00104405
0.00109534
9.670319999999999E-4
9.76368E-4
9.617240000000001E-4
8.951920000000001E-4
9.041259999999999E-4
5.0256E-4
2.8502000000000003E-4
2.87758E-4
3.34582E-4
3.0098200000000004E-4
2.94994E-4
2.80784E-4
6.61798E-4
6.6802E-4
4.705399999999999E-4
4.94826E-4
6.040879999999999E-4
5.8087E-4
7.427040000000001E-4
5.775660000000001E-4
4.2945000000000006E-4
4.92932E-4
8.27694E-4
7.92888E-4
7.31242E-4
5.434400000000001E-4
7.57158E-4
6.01624E-4
5.226079999999999E-4
4.955000000000001E-4
2.66828E-4
2.60226E-4
2.0831000000000002E-4
1.7165E-4
1.9472199999999998E-4
1.69626E-4
1.93024E-4
2.05632E-4
2.19988E-4
2.1196000000000002E-4
2.10328E-4
1.5161999999999996E-4
1.6780200000000002E-4
1.14648E-4
9.77978E-5
9.31494E-5
6.877319999999999E-5
5.1728400000000004E-5
2.9878199999999998E-5
1.73514E-5
5.518819999999999E-6
8.618079999999999E-7
1.599914614E-8
2.7118060174E-15
0.0
0.0
0.0
0.0
0.0
0.0
0.0
0.0
0.0
0.0
0.0
0.0
0.0
0.0
0.0
0.0
0.0
0.0
0.0
0.0
0.0
0.0
0.0
0.0
0.0
0.0
0.0
0.0
0.0
0.0
0.0
0.0
0.0
0.0
0.0
0.0
0.0
0.0
0.0
0.0
0.0
0.0
0.0
0.0
0.0
0.0
0.0
0.0
0.0
0.0
0.0
0.0
0.0
0.0
