0.0
0.0
0.0
0.0
0.0
0.0
0.0
0.0
0.0
0.0
0.0
0.0
0.0
0.0
0.0
0.0
0.0
0.0
0.0
0.0
0.0
0.0
0.0
0.0
0.0
0.0
0.0
0.0
0.0
0.0
0.0
0.0
0.0
0.0
0.0
0.0
0.0
0.0
0.0
0.0
0.0
0.0
0.0
0.0
0.0
0.0
0.0
0.0
0.0
0.0
0.0
0.0
0.0
0.0
0.0
0.0
0.0
0.0
0.0
0.0
0.0
0.0
0.0
0.0
0.0
0.0
0.0
0.0
0.0
0.0
0.0
0.0
0.0
2.901124140000948E-13
6.6893958E-8
3.653332E-6
1.7659560000000003E-5
4.64048E-5
1.0706820000000001E-4
1.69348E-4
2.0021200000000001E-4
2.0941799999999998E-4
2.2302200000000002E-4
2.9111800000000004E-4
2.5777600000000003E-4
2.42086E-4
2.3717E-4
2.7808E-4
3.3122999999999996E-4
2.79334E-4
3.4904200000000004E-4
4.12852E-4
4.16738E-4
5.67964E-4
5.205839999999999E-4
5.31248E-4
4.1586799999999996E-4
5.29174E-4
4.6800799999999995E-4
6.46414E-4
7.41976E-4
6.84882E-4
7.5321E-4
7.788960000000001E-4
8.77642E-4
9.51214E-4
9.639E-4
8.281860000000001E-4
7.874859999999999E-4
7.7914E-4
7.376520000000001E-4
7.825E-4
7.844500000000001E-4
4.22832E-4
3.7419799999999996E-4
3.599799999999999E-4
3.078E-4
2.80146E-4
2.8415799999999996E-4
6.335000000000001E-4
0.001006846
9.40626E-4
0.0010054480000000001
0.0010856000000000001
0.0010812400000000002
9.584219999999999E-4
0.001014604
9.96004E-4
0.0010942200000000001
0.0010022579999999998
0.00102784
0.001093
0.00110466
9.95176E-4
9.27766E-4
0.0011254799999999999
0.0011276200000000002
0.00112962
0.0011247199999999998
0.00111058
0.0011348
0.001072706
7.87354E-4
7.7226E-4
0.00106934
0.00104053
4.8181000000000005E-4
6.94564E-4
5.62304E-4
4.55042E-4
3.29364E-4
2.6765000000000003E-4
6.61168E-4
0.00113922
9.766299999999998E-4
9.37474E-4
6.28544E-4
7.65366E-4
6.552579999999999E-4
7.84868E-4
6.86208E-4
5.35258E-4
6.23382E-4
8.590620000000001E-4
8.898000000000002E-4
0.0010266539999999999
0.0010906599999999998
0.001052786
0.0010306
9.29666E-4
9.25582E-4
8.160259999999999E-4
6.46444E-4
5.8012E-4
0.0010327
8.812819999999999E-4
7.48058E-4
9.856360000000002E-4
0.0010397199999999998
0.00106026
0.0010914
0.001024356
9.65926E-4
0.0010784600000000003
0.0010737
0.0010687399999999999
0.0010634999999999998
0.00104326
8.07994E-4
7.40326E-4
4.2372799999999995E-4
4.3554400000000006E-4
7.6065E-4
7.44768E-4
3.6765E-4
3.0062599999999996E-4
2.8210400000000004E-4
2.69744E-4
2.84726E-4
3.30104E-4
2.5196400000000003E-4
2.29766E-4
2.5480999999999995E-4
2.51388E-4
2.56926E-4
2.7613599999999996E-4
2.9617E-4
3.28654E-4
4.101499999999999E-4
6.86122E-4
6.661540000000001E-4
6.37012E-4
6.59422E-4
5.927339999999999E-4
5.136740000000001E-4
5.87814E-4
6.61406E-4
6.19912E-4
5.81596E-4
5.63332E-4
5.25408E-4
4.8449999999999996E-4
4.4039999999999997E-4
3.9296599999999996E-4
3.3368800000000006E-4
2.7709800000000004E-4
2.20206E-4
1.6207800000000002E-4
1.0662200000000001E-4
5.73788E-5
2.0386220000000003E-5
3.1007880000000005E-6
4.52989084E-8
7.3608160464E-15
0.0
0.0
0.0
0.0
0.0
0.0
0.0
0.0
0.0
0.0
0.0
0.0
0.0
0.0
0.0
0.0
0.0
0.0
0.0
0.0
0.0
0.0
0.0
0.0
0.0
0.0
0.0
0.0
0.0
0.0
0.0
0.0
0.0
0.0
0.0
0.0
0.0
0.0
0.0
0.0
0.0
0.0
0.0
0.0
0.0
0.0
0.0
0.0
0.0
0.0
0.0
0.0
0.0
0.0
