0.0
0.0
0.0
0.0
0.0
0.0
0.0
0.0
0.0
0.0
0.0
0.0
0.0
0.0
0.0
0.0
0.0
0.0
0.0
0.0
0.0
0.0
0.0
0.0
0.0
0.0
0.0
0.0
0.0
0.0
0.0
0.0
0.0
0.0
0.0
0.0
0.0
0.0
0.0
0.0
0.0
0.0
0.0
0.0
0.0
0.0
0.0
0.0
0.0
0.0
0.0
0.0
0.0
0.0
0.0
0.0
0.0
0.0
0.0
0.0
0.0
0.0
0.0
0.0
0.0
0.0
0.0
0.0
0.0
0.0
0.0
0.0
0.0
5.028678460001997E-13
1.15392858E-7
3.891592E-6
2.3712E-5
6.0655599999999996E-5
9.75316E-5
1.1782580000000002E-4
1.46382E-4
1.3094860000000002E-4
1.86308E-4
3.30836E-4
2.3731E-4
2.73964E-4
2.60304E-4
2.04776E-4
1.61758E-4
1.38424E-4
1.51746E-4
1.49616E-4
1.2619999999999998E-4
1.3052999999999999E-4
1.067726E-4
7.02796E-5
7.035159999999999E-5
8.87434E-5
1.042624E-4
1.76066E-4
2.1095799999999997E-4
2.37742E-4
2.46884E-4
2.411E-4
1.9919799999999999E-4
2.0362800000000002E-4
4.3194399999999997E-4
4.4443399999999995E-4
4.80488E-4
5.74362E-4
8.460799999999999E-4
8.63396E-4
8.94522E-4
7.780840000000001E-4
6.92074E-4
3.4339799999999997E-4
4.1881599999999997E-4
7.60648E-4
0.00106032
0.0010659
0.00106904
9.08406E-4
0.001016168
9.269980000000001E-4
5.2537E-4
3.76246E-4
3.57986E-4
4.2305600000000005E-4
5.06266E-4
6.5419E-4
5.1615E-4
6.981680000000001E-4
8.989439999999999E-4
8.696559999999999E-4
8.131620000000001E-4
8.846220000000001E-4
8.99898E-4
0.00106186
0.001059048
8.97524E-4
0.0010304000000000001
6.477499999999999E-4
0.0010877600000000001
0.00113898
0.00114
0.0010793460000000001
0.0011417200000000001
9.047399999999999E-4
8.80044E-4
0.0011159
0.0011436200000000001
0.0011438199999999998
0.0011439
0.0011438
0.0011229999999999999
0.001111246
0.00114052
0.0011194
0.00103427
8.78446E-4
4.764620000000001E-4
6.39988E-4
9.783740000000002E-4
9.84134E-4
9.32942E-4
6.392079999999999E-4
3.2360600000000005E-4
4.1794400000000006E-4
3.69854E-4
3.7366599999999993E-4
2.67348E-4
2.3986E-4
2.66156E-4
2.65532E-4
2.33698E-4
1.9755199999999998E-4
1.9918800000000002E-4
1.98476E-4
1.60478E-4
1.8619399999999999E-4
2.1390599999999998E-4
2.5224599999999997E-4
2.68546E-4
3.6017600000000003E-4
3.8438400000000004E-4
3.1636E-4
3.12668E-4
5.11892E-4
6.83708E-4
7.67182E-4
6.191419999999999E-4
6.29516E-4
5.65886E-4
5.23066E-4
6.20282E-4
6.63108E-4
6.816799999999999E-4
5.31622E-4
3.6280599999999997E-4
3.86196E-4
2.1933399999999998E-4
2.2415199999999998E-4
2.00892E-4
1.67044E-4
1.42944E-4
1.4970199999999998E-4
1.55908E-4
1.8073400000000002E-4
2.1271E-4
2.4294E-4
3.08852E-4
4.0785200000000005E-4
3.82972E-4
2.3108E-4
2.0051000000000002E-4
1.82092E-4
1.5874999999999998E-4
1.4396800000000001E-4
1.41244E-4
1.116284E-4
9.985980000000001E-5
9.38396E-5
8.727260000000002E-5
7.23852E-5
4.9905000000000004E-5
4.1698799999999995E-5
2.4013E-5
1.5595399999999996E-5
1.18998E-5
8.737879999999998E-6
4.641799999999999E-6
1.8395439999999999E-6
5.17058172E-8
5.1654108886E-15
0.0
0.0
0.0
0.0
0.0
0.0
0.0
0.0
0.0
0.0
0.0
0.0
0.0
0.0
0.0
0.0
0.0
0.0
0.0
0.0
0.0
0.0
0.0
0.0
0.0
0.0
0.0
0.0
0.0
0.0
0.0
0.0
0.0
0.0
0.0
0.0
0.0
0.0
0.0
0.0
0.0
0.0
0.0
0.0
0.0
0.0
0.0
0.0
0.0
0.0
0.0
0.0
0.0
0.0
