0.0
0.0
0.0
0.0
0.0
0.0
0.0
0.0
0.0
0.0
0.0
0.0
0.0
0.0
0.0
0.0
0.0
0.0
0.0
0.0
0.0
0.0
0.0
0.0
0.0
0.0
0.0
0.0
0.0
0.0
0.0
0.0
0.0
0.0
0.0
0.0
0.0
0.0
0.0
0.0
0.0
0.0
0.0
0.0
0.0
0.0
0.0
0.0
0.0
0.0
0.0
0.0
0.0
0.0
0.0
0.0
0.0
0.0
0.0
0.0
0.0
0.0
0.0
0.0
0.0
0.0
0.0
0.0
0.0
0.0
0.0
0.0
0.0
5.544308640002018E-13
1.13310338E-7
4.53842E-6
2.4625E-5
6.28552E-5
1.1372380000000001E-4
1.7052600000000003E-4
2.19972E-4
2.85614E-4
3.425059999999999E-4
4.0242200000000004E-4
4.09876E-4
4.55104E-4
5.35092E-4
5.7306E-4
6.0826E-4
6.344059999999999E-4
6.712399999999999E-4
6.99436E-4
7.256940000000001E-4
7.018740000000001E-4
7.6036E-4
7.98538E-4
8.117420000000001E-4
8.301759999999999E-4
8.54278E-4
8.70668E-4
8.860960000000001E-4
9.00646E-4
9.143740000000001E-4
9.273439999999999E-4
9.396060000000002E-4
9.51214E-4
9.639E-4
9.74646E-4
9.84428E-4
9.937120000000001E-4
7.91856E-4
4.82882E-4
3.301259999999999E-4
3.7569400000000004E-4
5.29318E-4
4.26602E-4
5.005400000000001E-4
5.54016E-4
5.556159999999999E-4
6.352920000000001E-4
6.81206E-4
5.66114E-4
5.578600000000001E-4
9.422899999999999E-4
8.9811E-4
8.227699999999999E-4
5.13878E-4
7.07498E-4
8.751559999999999E-4
2.83836E-4
2.6695599999999994E-4
2.74384E-4
2.9740200000000005E-4
3.11568E-4
2.8977000000000007E-4
3.0838999999999997E-4
5.16506E-4
7.02666E-4
8.169260000000002E-4
6.890240000000001E-4
4.2438800000000004E-4
3.04544E-4
2.48044E-4
2.66536E-4
3.73926E-4
3.85634E-4
5.06948E-4
0.0010783799999999999
0.001012602
9.352579999999999E-4
0.0011436200000000001
0.0011438199999999998
9.79176E-4
3.79736E-4
5.35194E-4
6.63094E-4
7.03972E-4
9.480519999999999E-4
0.00108906
0.0011407799999999999
0.0010601140000000002
0.001075028
0.001037548
0.00108862
0.0010827800000000002
9.8815E-4
7.46774E-4
8.357639999999999E-4
0.0011276
0.0011255000000000002
0.0011232599999999998
5.64902E-4
9.59522E-4
0.0010643139999999998
0.00107716
0.0011098
0.00110662
0.0011026
0.0010968599999999998
8.327320000000001E-4
4.038160000000001E-4
5.022560000000001E-4
6.670799999999999E-4
8.023840000000001E-4
3.672239999999999E-4
7.13832E-4
8.46348E-4
8.740959999999999E-4
7.6383E-4
3.34434E-4
3.13682E-4
3.4884200000000003E-4
3.64902E-4
5.2889E-4
6.96996E-4
8.396219999999999E-4
7.17534E-4
8.699439999999999E-4
9.751340000000001E-4
9.652640000000001E-4
9.54E-4
9.41662E-4
9.29988E-4
8.69784E-4
8.452379999999999E-4
6.182939999999999E-4
6.554519999999999E-4
7.47186E-4
7.227939999999999E-4
6.139779999999999E-4
3.5963200000000003E-4
2.0978400000000002E-4
2.00636E-4
5.1836E-4
5.73974E-4
4.48388E-4
5.8735E-4
5.087780000000001E-4
2.5378600000000004E-4
2.03106E-4
1.7238399999999998E-4
1.7139199999999997E-4
1.9087799999999998E-4
1.9839799999999997E-4
3.3368800000000006E-4
2.7709800000000004E-4
2.20206E-4
1.6245000000000002E-4
1.0559600000000001E-4
5.73788E-5
2.0877220000000002E-5
3.1020559999999995E-6
3.18607382E-8
6.0694275079999995E-15
0.0
0.0
0.0
0.0
0.0
0.0
0.0
0.0
0.0
0.0
0.0
0.0
0.0
0.0
0.0
0.0
0.0
0.0
0.0
0.0
0.0
0.0
0.0
0.0
0.0
0.0
0.0
0.0
0.0
0.0
0.0
0.0
0.0
0.0
0.0
0.0
0.0
0.0
0.0
0.0
0.0
0.0
0.0
0.0
0.0
0.0
0.0
0.0
0.0
0.0
0.0
0.0
0.0
0.0
