3.17
3.17
3.088
3.088
3.323
3.323
3.575
3.575
3.61
3.61
3.455
3.455
3.709
3.709
3.673
3.673
3.725
3.725
3.697
3.697
3.704
3.704
3.717
3.717
3.707
3.707
3.576
3.576
3.655
3.655
3.708
3.708
3.866
3.866
3.551
3.551
3.403
3.403
3.089
3.089
2.955
2.955
2.933
2.933
2.832
2.832
2.857
2.857
2.862
2.862
2.903
2.903
2.958
2.958
3.023
3.023
3.093
3.093
3.025
3.025
3.536
3.536
3.559
3.559
3.733
3.733
4.088
4.088
5.477
5.477
5.828
5.828
5.914
5.914
6.149
6.149
6.109
6.109
5.833
5.833
5.899
5.899
7.123
7.123
6.265
6.265
3.974
3.974
3.441
3.441
3.325
3.325
3.66
3.66
3.344
3.344
