3.619
3.619
3.617
3.617
3.573
3.573
3.659
3.659
3.745
3.745
3.651
3.651
3.464
3.464
3.455
3.455
3.417
3.417
3.408
3.408
3.511
3.511
3.57
3.57
3.687
3.687
4.238
4.238
4.806
4.806
5.056
5.056
5.08
5.08
4.981
4.981
5.96
5.96
6.257
6.257
6.194
6.194
6.267
6.267
6.423
6.423
6.382
6.382
6.417
6.417
6.342
6.342
5.863
5.863
5.793
5.793
5.678
5.678
5.746
5.746
5.678
5.678
5.602
5.602
5.86
5.86
6.117
6.117
7.37
7.37
7.592
7.592
8.377
8.377
9.411
9.411
10.647
10.647
7.098
7.098
6.244
6.244
5.697
5.697
4.523
4.523
4.514
4.514
4.476
4.476
4.205
4.205
3.826
3.826
3.65
3.65
