3.543
3.543
3.382
3.382
3.225
3.225
3.219
3.219
3.221
3.221
3.208
3.208
3.144
3.144
3.083
3.083
3.188
3.188
3.203
3.203
3.354
3.354
3.429
3.429
3.544
3.544
3.519
3.519
3.884
3.884
3.977
3.977
3.93
3.93
3.587
3.587
3.582
3.582
3.636
3.636
3.755
3.755
3.9
3.9
3.968
3.968
3.92
3.92
4.032
4.032
4.033
4.033
4.035
4.035
3.886
3.886
3.902
3.902
3.814
3.814
4.357
4.357
4.415
4.415
4.433
4.433
4.723
4.723
5.473
5.473
5.479
5.479
5.438
5.438
5.447
5.447
6.78
6.78
7.271
7.271
6.599
6.599
5.584
5.584
4.343
4.343
4.361
4.361
4.394
4.394
4.303
4.303
3.556
3.556
3.493
3.493
