4.622
4.622
5.188
5.188
4.536
4.536
3.384
3.384
3.166
3.166
3.076
3.076
3.156
3.156
2.971
2.971
3.082
3.082
2.986
2.986
3.587
3.587
3.827
3.827
3.731
3.731
3.531
3.531
3.818
3.818
4.185
4.185
4.651
4.651
4.685
4.685
3.894
3.894
3.642
3.642
3.47
3.47
3.461
3.461
3.279
3.279
3.288
3.288
3.295
3.295
3.294
3.294
3.312
3.312
3.285
3.285
3.283
3.283
3.266
3.266
3.856
3.856
3.964
3.964
3.92
3.92
3.926
3.926
4.288
4.288
4.397
4.397
5.018
5.018
6.347
6.347
6.908
6.908
5.836
5.836
4.494
4.494
4.181
4.181
4.071
4.071
3.966
3.966
3.875
3.875
3.844
3.844
3.349
3.349
4.447
4.447
