3.499
3.499
3.067
3.067
3.102
3.102
3.025
3.025
2.939
2.939
2.871
2.871
2.955
2.955
3.011
3.011
3.021
3.021
2.899
2.899
2.722
2.722
2.672
2.672
3.198
3.198
3.27
3.27
3.301
3.301
3.413
3.413
3.555
3.555
3.614
3.614
3.443
3.443
3.231
3.231
3.215
3.215
3.245
3.245
3.185
3.185
3.252
3.252
3.326
3.326
3.276
3.276
3.272
3.272
3.137
3.137
3.146
3.146
3.166
3.166
3.789
3.789
3.859
3.859
4.149
4.149
4.297
4.297
4.475
4.475
4.141
4.141
3.747
3.747
3.83
3.83
3.934
3.934
4.048
4.048
3.769
3.769
3.564
3.564
3.61
3.61
3.64
3.64
3.498
3.498
3.411
3.411
3.849
3.849
3.56
3.56
