3.292
3.292
3.298
3.298
3.346
3.346
3.034
3.034
3.01
3.01
2.659
2.659
1.684
1.684
1.517
1.517
1.698
1.698
1.65
1.65
1.779
1.779
2.52
2.52
2.946
2.946
3.221
3.221
3.519
3.519
3.566
3.566
3.696
3.696
3.7
3.7
4.316
4.316
4.157
4.157
4.036
4.036
4.172
4.172
4.143
4.143
4.169
4.169
4.295
4.295
4.407
4.407
4.255
4.255
4.146
4.146
4.229
4.229
4.192
4.192
4.31
4.31
4.306
4.306
4.397
4.397
6.228
6.228
6.469
6.469
6.341
6.341
6.092
6.092
5.437
5.437
4.077
4.077
3.711
3.711
3.552
3.552
3.682
3.682
3.381
3.381
3.41
3.41
3.384
3.384
3.292
3.292
3.719
3.719
3.353
3.353
