3.418
3.418
3.078
3.078
3.13
3.13
3.19
3.19
3.158
3.158
3.151
3.151
3.078
3.078
3.053
3.053
3.055
3.055
3.048
3.048
3.228
3.228
3.248
3.248
3.486
3.486
3.728
3.728
3.805
3.805
3.988
3.988
3.856
3.856
3.846
3.846
4.485
4.485
4.504
4.504
4.446
4.446
4.433
4.433
4.013
4.013
3.929
3.929
4.128
4.128
4.149
4.149
4.0
4.0
4.031
4.031
4.072
4.072
3.923
3.923
4.275
4.275
4.387
4.387
4.84
4.84
5.037
5.037
5.165
5.165
5.058
5.058
4.318
4.318
4.298
4.298
4.126
4.126
4.153
4.153
4.019
4.019
4.011
4.011
4.322
4.322
4.136
4.136
4.098
4.098
4.001
4.001
3.718
3.718
3.603
3.603
