3.944
3.944
3.749
3.749
3.864
3.864
3.868
3.868
3.665
3.665
3.482
3.482
3.106
3.106
3.219
3.219
3.207
3.207
3.179
3.179
3.186
3.186
3.435
3.435
3.712
3.712
3.961
3.961
4.827
4.827
5.835
5.835
6.156
6.156
6.495
6.495
6.695
6.695
6.232
6.232
6.06
6.06
5.359
5.359
4.38
4.38
4.345
4.345
4.473
4.473
4.555
4.555
4.423
4.423
4.402
4.402
4.311
4.311
4.257
4.257
4.93
4.93
5.016
5.016
5.968
5.968
6.24
6.24
6.485
6.485
6.699
6.699
6.681
6.681
6.522
6.522
5.008
5.008
4.69
4.69
4.569
4.569
4.534
4.534
4.649
4.649
4.453
4.453
4.252
4.252
4.099
4.099
4.084
4.084
3.837
3.837
