4.154
4.154
4.068
4.068
3.705
3.705
3.297
3.297
3.152
3.152
3.175
3.175
3.22
3.22
3.152
3.152
3.168
3.168
3.155
3.155
3.284
3.284
3.631
3.631
4.533
4.533
4.797
4.797
5.439
5.439
5.292
5.292
5.28
5.28
5.132
5.132
5.063
5.063
5.011
5.011
4.945
4.945
4.882
4.882
4.82
4.82
4.853
4.853
4.923
4.923
4.819
4.819
4.867
4.867
4.871
4.871
4.843
4.843
4.758
4.758
5.399
5.399
5.312
5.312
5.874
5.874
7.441
7.441
6.987
6.987
6.615
6.615
6.498
6.498
6.38
6.38
5.411
5.411
5.379
5.379
5.325
5.325
5.264
5.264
5.112
5.112
5.019
5.019
4.999
4.999
4.92
4.92
4.742
4.742
4.371
4.371
