3.222
3.222
3.26
3.26
3.275
3.275
3.358
3.358
3.312
3.312
3.34
3.34
3.274
3.274
3.265
3.265
3.256
3.256
3.282
3.282
3.547
3.547
3.577
3.577
3.826
3.826
3.938
3.938
5.494
5.494
6.088
6.088
6.7
6.7
6.83
6.83
6.997
6.997
6.941
6.941
6.652
6.652
6.664
6.664
6.031
6.031
5.894
5.894
5.532
5.532
5.079
5.079
4.15
4.15
4.122
4.122
4.074
4.074
4.059
4.059
4.132
4.132
4.176
4.176
4.419
4.419
4.549
4.549
5.899
5.899
5.655
5.655
6.944
6.944
7.155
7.155
4.828
4.828
4.219
4.219
4.413
4.413
4.357
4.357
4.446
4.446
4.193
4.193
3.938
3.938
3.856
3.856
3.589
3.589
3.096
3.096
