2.811
2.811
1.309
1.309
1.08
1.08
0.23
0.23
-0.007
-0.007
-0.123
-0.123
0.048
0.048
0.002
0.002
-0.01
-0.01
2.292
2.292
0.922
0.922
1.934
1.934
3.1
3.1
3.172
3.172
3.146
3.146
3.239
3.239
3.196
3.196
3.237
3.237
4.422
4.422
4.886
4.886
4.716
4.716
4.561
4.561
5.292
5.292
5.569
5.569
5.393
5.393
4.931
4.931
4.102
4.102
3.895
3.895
3.915
3.915
3.836
3.836
3.574
3.574
3.654
3.654
3.591
3.591
3.896
3.896
4.092
4.092
4.243
4.243
4.607
4.607
4.469
4.469
4.309
4.309
4.487
4.487
4.267
4.267
4.251
4.251
4.092
4.092
3.903
3.903
4.096
4.096
3.731
3.731
3.203
3.203
2.901
2.901
