3.499
3.499
3.533
3.533
3.324
3.324
3.329
3.329
3.288
3.288
3.338
3.338
3.178
3.178
3.178
3.178
3.084
3.084
3.176
3.176
3.421
3.421
3.595
3.595
4.045
4.045
4.176
4.176
4.911
4.911
5.003
5.003
6.018
6.018
6.234
6.234
5.421
5.421
4.89
4.89
4.624
4.624
4.509
4.509
3.827
3.827
3.75
3.75
3.724
3.724
3.708
3.708
3.614
3.614
3.6
3.6
3.601
3.601
3.584
3.584
4.294
4.294
4.284
4.284
4.304
4.304
4.376
4.376
4.616
4.616
4.85
4.85
6.29
6.29
6.209
6.209
5.098
5.098
4.658
4.658
4.499
4.499
4.49
4.49
4.453
4.453
4.32
4.32
4.199
4.199
3.996
3.996
3.733
3.733
3.424
3.424
