4.115
4.115
3.904
3.904
3.349
3.349
3.206
3.206
3.428
3.428
3.231
3.231
3.303
3.303
3.264
3.264
3.289
3.289
3.285
3.285
3.271
3.271
3.142
3.142
3.716
3.716
3.777
3.777
4.577
4.577
4.82
4.82
5.06
5.06
5.096
5.096
5.473
5.473
5.621
5.621
5.659
5.659
5.687
5.687
6.0
6.0
5.936
5.936
5.98
5.98
5.963
5.963
5.589
5.589
5.542
5.542
5.467
5.467
5.176
5.176
5.279
5.279
5.299
5.299
5.474
5.474
5.776
5.776
5.767
5.767
5.568
5.568
5.265
5.265
4.912
4.912
5.077
5.077
5.039
5.039
4.989
4.989
5.141
5.141
5.538
5.538
5.019
5.019
4.92
4.92
4.659
4.659
4.073
4.073
3.989
3.989
