3.783
3.783
4.083
4.083
4.253
4.253
4.062
4.062
4.109
4.109
4.195
4.195
3.562
3.562
3.537
3.537
3.515
3.515
3.5
3.5
3.764
3.764
3.868
3.868
3.909
3.909
4.267
4.267
4.499
4.499
4.513
4.513
4.507
4.507
4.517
4.517
4.822
4.822
5.052
5.052
4.798
4.798
4.52
4.52
3.888
3.888
3.763
3.763
3.746
3.746
3.701
3.701
3.775
3.775
3.754
3.754
3.788
3.788
3.729
3.729
4.088
4.088
4.137
4.137
4.032
4.032
4.143
4.143
5.084
5.084
5.228
5.228
4.943
4.943
4.825
4.825
4.48
4.48
4.303
4.303
4.093
4.093
4.072
4.072
3.8
3.8
3.877
3.877
3.772
3.772
3.688
3.688
4.037
4.037
3.678
3.678
