3.223
3.223
3.057
3.057
3.36
3.36
3.394
3.394
3.33
3.33
3.288
3.288
3.237
3.237
3.168
3.168
3.142
3.142
3.183
3.183
3.247
3.247
3.181
3.181
3.376
3.376
3.378
3.378
3.716
3.716
4.435
4.435
5.161
5.161
5.816
5.816
6.151
6.151
6.19
6.19
6.092
6.092
5.635
5.635
4.094
4.094
4.141
4.141
4.168
4.168
4.138
4.138
3.831
3.831
3.681
3.681
3.611
3.611
3.685
3.685
3.709
3.709
3.812
3.812
3.836
3.836
4.481
4.481
4.965
4.965
5.275
5.275
5.039
5.039
5.126
5.126
5.402
5.402
5.425
5.425
5.605
5.605
5.594
5.594
5.198
5.198
4.722
4.722
4.448
4.448
4.144
4.144
3.999
3.999
3.685
3.685
