3.195
3.195
3.103
3.103
3.042
3.042
3.014
3.014
2.999
2.999
2.924
2.924
2.86
2.86
2.818
2.818
2.812
2.812
2.736
2.736
2.821
2.821
2.944
2.944
3.034
3.034
3.373
3.373
3.338
3.338
3.544
3.544
3.796
3.796
3.714
3.714
4.291
4.291
4.333
4.333
4.228
4.228
4.296
4.296
4.308
4.308
4.307
4.307
4.314
4.314
4.276
4.276
4.144
4.144
4.289
4.289
4.201
4.201
4.162
4.162
4.734
4.734
4.853
4.853
4.992
4.992
5.418
5.418
6.09
6.09
5.929
5.929
5.146
5.146
4.715
4.715
4.105
4.105
4.052
4.052
4.0
4.0
3.914
3.914
3.918
3.918
3.916
3.916
3.767
3.767
3.839
3.839
3.444
3.444
3.423
3.423
