2.921
2.921
3.077
3.077
3.042
3.042
2.947
2.947
2.827
2.827
2.855
2.855
2.914
2.914
2.837
2.837
2.536
2.536
2.597
2.597
2.809
2.809
2.66
2.66
2.683
2.683
2.244
2.244
2.454
2.454
2.573
2.573
3.047
3.047
3.074
3.074
4.179
4.179
4.25
4.25
3.654
3.654
3.398
3.398
2.884
2.884
2.765
2.765
2.338
2.338
2.342
2.342
2.273
2.273
2.154
2.154
2.098
2.098
2.101
2.101
1.63
1.63
1.622
1.622
1.719
1.719
1.876
1.876
2.722
2.722
2.989
2.989
3.372
3.372
3.866
3.866
6.113
6.113
3.945
3.945
3.013
3.013
2.916
2.916
2.968
2.968
2.736
2.736
2.621
2.621
2.526
2.526
3.166
3.166
2.915
2.915
