2.329
2.329
2.379
2.379
2.308
2.308
2.079
2.079
1.961
1.961
1.912
1.912
1.524
1.524
1.302
1.302
1.698
1.698
1.681
1.681
2.034
2.034
2.267
2.267
2.676
2.676
3.238
3.238
3.0
3.0
3.415
3.415
3.641
3.641
3.718
3.718
4.069
4.069
4.083
4.083
4.174
4.174
4.144
4.144
4.006
4.006
3.756
3.756
3.606
3.606
3.508
3.508
3.212
3.212
3.177
3.177
3.125
3.125
3.065
3.065
3.288
3.288
3.362
3.362
3.291
3.291
3.719
3.719
4.882
4.882
5.061
5.061
4.89
4.89
4.35
4.35
3.575
3.575
3.415
3.415
3.411
3.411
3.316
3.316
3.265
3.265
3.029
3.029
2.873
2.873
3.071
3.071
2.791
2.791
2.141
2.141
