3.242
3.242
3.103
3.103
3.061
3.061
3.05
3.05
3.058
3.058
3.049
3.049
3.145
3.145
3.027
3.027
3.037
3.037
2.954
2.954
3.229
3.229
2.893
2.893
4.208
4.208
4.886
4.886
5.402
5.402
5.336
5.336
4.64
4.64
4.533
4.533
4.548
4.548
4.609
4.609
4.7
4.7
4.641
4.641
4.936
4.936
4.879
4.879
4.992
4.992
4.981
4.981
5.157
5.157
5.097
5.097
5.187
5.187
5.396
5.396
6.021
6.021
6.276
6.276
6.548
6.548
6.852
6.852
6.94
6.94
6.853
6.853
7.023
7.023
6.878
6.878
6.974
6.974
7.184
7.184
7.398
7.398
6.986
6.986
6.373
6.373
5.616
5.616
5.262
5.262
5.236
5.236
3.969
3.969
3.774
3.774
