3.408
3.408
3.282
3.282
3.962
3.962
3.958
3.958
3.988
3.988
4.11
4.11
3.603
3.603
3.61
3.61
3.253
3.253
3.067
3.067
3.737
3.737
3.52
3.52
3.711
3.711
3.725
3.725
5.145
5.145
5.403
5.403
5.421
5.421
6.083
6.083
6.177
6.177
6.158
6.158
6.199
6.199
6.065
6.065
4.515
4.515
4.469
4.469
4.507
4.507
4.454
4.454
4.273
4.273
4.237
4.237
4.155
4.155
4.145
4.145
4.127
4.127
4.126
4.126
4.137
4.137
4.131
4.131
4.241
4.241
4.166
4.166
4.165
4.165
4.204
4.204
4.66
4.66
4.67
4.67
5.133
5.133
4.94
4.94
4.399
4.399
4.245
4.245
4.237
4.237
4.166
4.166
3.717
3.717
3.826
3.826
