2.72
2.72
2.51
2.51
2.698
2.698
2.77
2.77
2.769
2.769
2.758
2.758
2.674
2.674
2.682
2.682
2.648
2.648
2.588
2.588
2.75
2.75
2.533
2.533
2.644
2.644
2.937
2.937
2.953
2.953
3.451
3.451
3.659
3.659
3.644
3.644
4.024
4.024
3.789
3.789
2.932
2.932
2.634
2.634
2.609
2.609
2.619
2.619
2.631
2.631
2.627
2.627
2.555
2.555
2.549
2.549
2.579
2.579
2.565
2.565
2.632
2.632
2.786
2.786
2.999
2.999
4.47
4.47
4.463
4.463
4.465
4.465
4.357
4.357
4.57
4.57
4.412
4.412
4.353
4.353
5.22
5.22
5.808
5.808
4.4
4.4
3.438
3.438
2.836
2.836
2.689
2.689
2.765
2.765
2.71
2.71
