3.526
3.526
3.544
3.544
3.669
3.669
3.665
3.665
3.6
3.6
3.543
3.543
3.115
3.115
3.165
3.165
3.103
3.103
3.183
3.183
3.584
3.584
4.075
4.075
4.147
4.147
4.28
4.28
4.43
4.43
4.401
4.401
4.191
4.191
4.409
4.409
4.498
4.498
4.519
4.519
4.332
4.332
4.265
4.265
3.734
3.734
3.729
3.729
3.706
3.706
3.711
3.711
3.692
3.692
3.679
3.679
3.655
3.655
3.688
3.688
4.215
4.215
4.322
4.322
4.334
4.334
4.364
4.364
4.728
4.728
5.852
5.852
7.075
7.075
6.471
6.471
4.463
4.463
4.276
4.276
4.261
4.261
4.194
4.194
4.019
4.019
3.946
3.946
3.775
3.775
3.75
3.75
3.586
3.586
3.479
3.479
