3.319
3.319
3.251
3.251
3.291
3.291
3.285
3.285
3.212
3.212
3.189
3.189
3.142
3.142
3.186
3.186
3.157
3.157
3.134
3.134
3.602
3.602
3.694
3.694
4.024
4.024
4.105
4.105
4.497
4.497
4.851
4.851
4.9
4.9
4.949
4.949
6.296
6.296
6.13
6.13
6.223
6.223
6.189
6.189
5.055
5.055
5.374
5.374
5.139
5.139
4.993
4.993
4.407
4.407
4.281
4.281
4.228
4.228
4.101
4.101
4.521
4.521
4.612
4.612
4.559
4.559
4.79
4.79
5.246
5.246
5.287
5.287
5.366
5.366
5.405
5.405
7.159
7.159
7.545
7.545
7.722
7.722
6.684
6.684
5.069
5.069
4.813
4.813
4.693
4.693
4.495
4.495
3.641
3.641
3.451
3.451
