3.474
3.474
3.548
3.548
3.526
3.526
3.521
3.521
3.523
3.523
3.5
3.5
3.574
3.574
3.514
3.514
3.499
3.499
3.466
3.466
3.628
3.628
3.651
3.651
4.079
4.079
4.641
4.641
4.806
4.806
4.866
4.866
4.962
4.962
5.228
5.228
5.668
5.668
5.734
5.734
5.658
5.658
5.694
5.694
4.751
4.751
4.746
4.746
4.789
4.789
4.6
4.6
4.295
4.295
4.299
4.299
4.227
4.227
4.146
4.146
4.181
4.181
4.164
4.164
4.366
4.366
4.34
4.34
6.256
6.256
7.496
7.496
8.012
8.012
7.51
7.51
6.708
6.708
5.697
5.697
5.428
5.428
5.427
5.427
4.448
4.448
4.015
4.015
3.992
3.992
4.046
4.046
3.564
3.564
3.5
3.5
