3.9
3.9
4.005
4.005
4.015
4.015
3.87
3.87
3.414
3.414
3.582
3.582
3.526
3.526
3.442
3.442
3.439
3.439
3.472
3.472
3.566
3.566
3.48
3.48
4.274
4.274
4.554
4.554
5.084
5.084
5.312
5.312
4.992
4.992
5.158
5.158
5.424
5.424
5.536
5.536
5.071
5.071
4.836
4.836
4.511
4.511
4.441
4.441
4.334
4.334
4.197
4.197
3.83
3.83
3.834
3.834
3.725
3.725
3.682
3.682
4.124
4.124
4.31
4.31
4.202
4.202
4.146
4.146
6.04
6.04
6.142
6.142
5.867
5.867
5.775
5.775
4.615
4.615
4.484
4.484
4.37
4.37
4.417
4.417
4.383
4.383
4.394
4.394
4.3
4.3
4.189
4.189
3.991
3.991
3.813
3.813
