3.469
3.469
3.586
3.586
3.653
3.653
3.617
3.617
3.618
3.618
3.53
3.53
3.321
3.321
3.255
3.255
3.286
3.286
3.249
3.249
3.092
3.092
3.228
3.228
3.416
3.416
3.979
3.979
4.614
4.614
4.576
4.576
4.184
4.184
4.89
4.89
5.98
5.98
6.027
6.027
5.685
5.685
5.484
5.484
4.038
4.038
3.975
3.975
3.869
3.869
3.815
3.815
3.77
3.77
3.752
3.752
3.76
3.76
3.747
3.747
4.215
4.215
4.241
4.241
4.362
4.362
4.389
4.389
5.543
5.543
6.283
6.283
6.736
6.736
6.128
6.128
5.291
5.291
4.713
4.713
4.646
4.646
4.476
4.476
4.033
4.033
4.014
4.014
3.653
3.653
3.598
3.598
3.566
3.566
3.383
3.383
