3.698
3.698
3.662
3.662
3.419
3.419
3.395
3.395
3.177
3.177
3.081
3.081
2.732
2.732
2.726
2.726
2.643
2.643
2.686
2.686
3.032
3.032
3.257
3.257
3.282
3.282
3.439
3.439
3.639
3.639
3.638
3.638
3.855
3.855
3.866
3.866
3.833
3.833
3.756
3.756
3.729
3.729
3.895
3.895
4.09
4.09
3.977
3.977
3.968
3.968
3.828
3.828
3.613
3.613
3.548
3.548
3.435
3.435
3.351
3.351
3.518
3.518
3.594
3.594
3.674
3.674
3.749
3.749
4.074
4.074
4.185
4.185
4.094
4.094
4.372
4.372
4.297
4.297
4.156
4.156
4.782
4.782
5.185
5.185
4.348
4.348
3.944
3.944
3.801
3.801
3.758
3.758
3.833
3.833
3.742
3.742
