2.91
2.91
3.069
3.069
3.112
3.112
2.956
2.956
2.966
2.966
2.984
2.984
2.995
2.995
2.922
2.922
2.862
2.862
2.665
2.665
2.717
2.717
2.913
2.913
3.53
3.53
3.276
3.276
4.023
4.023
3.869
3.869
4.32
4.32
5.038
5.038
4.317
4.317
4.176
4.176
4.029
4.029
3.581
3.581
2.881
2.881
2.856
2.856
2.858
2.858
2.823
2.823
2.826
2.826
2.825
2.825
2.822
2.822
2.787
2.787
2.728
2.728
2.716
2.716
2.715
2.715
2.72
2.72
3.12
3.12
3.543
3.543
3.92
3.92
3.744
3.744
3.201
3.201
3.118
3.118
3.135
3.135
3.129
3.129
3.103
3.103
3.074
3.074
3.013
3.013
2.973
2.973
2.802
2.802
2.854
2.854
