2.545
2.545
2.815
2.815
2.81
2.81
2.996
2.996
2.781
2.781
2.784
2.784
3.388
3.388
3.385
3.385
3.295
3.295
3.451
3.451
3.73
3.73
3.808
3.808
3.854
3.854
3.634
3.634
3.884
3.884
3.808
3.808
3.718
3.718
3.384
3.384
4.406
4.406
4.082
4.082
4.085
4.085
3.685
3.685
3.405
3.405
3.472
3.472
3.418
3.418
3.405
3.405
3.405
3.405
3.408
3.408
3.409
3.409
3.42
3.42
4.166
4.166
3.765
3.765
4.668
4.668
4.943
4.943
5.765
5.765
5.411
5.411
5.258
5.258
4.958
4.958
4.908
4.908
4.79
4.79
4.826
4.826
4.764
4.764
4.279
4.279
3.866
3.866
3.943
3.943
4.011
4.011
2.625
2.625
2.084
2.084
