2.287
2.287
2.265
2.265
2.706
2.706
2.708
2.708
2.617
2.617
2.612
2.612
2.178
2.178
2.242
2.242
2.087
2.087
1.996
1.996
2.508
2.508
2.534
2.534
3.027
3.027
3.501
3.501
4.388
4.388
4.5
4.5
4.496
4.496
4.184
4.184
4.363
4.363
4.379
4.379
4.262
4.262
4.19
4.19
3.685
3.685
3.624
3.624
3.651
3.651
3.639
3.639
3.572
3.572
3.591
3.591
3.584
3.584
3.56
3.56
3.574
3.574
3.586
3.586
3.709
3.709
3.836
3.836
3.826
3.826
3.763
3.763
3.789
3.789
3.766
3.766
4.573
4.573
4.658
4.658
4.949
4.949
4.621
4.621
4.132
4.132
4.193
4.193
4.164
4.164
4.033
4.033
3.73
3.73
3.289
3.289
