5.237
5.237
5.214
5.214
4.691
4.691
3.904
3.904
3.656
3.656
3.866
3.866
3.55
3.55
3.483
3.483
3.494
3.494
3.48
3.48
3.445
3.445
3.575
3.575
4.858
4.858
4.908
4.908
4.412
4.412
4.611
4.611
5.002
5.002
5.1
5.1
6.355
6.355
6.758
6.758
6.325
6.325
6.152
6.152
5.004
5.004
4.56
4.56
4.294
4.294
4.036
4.036
3.673
3.673
3.666
3.666
3.612
3.612
3.597
3.597
3.58
3.58
3.623
3.623
3.716
3.716
3.735
3.735
4.033
4.033
4.074
4.074
4.611
4.611
5.957
5.957
5.198
5.198
4.644
4.644
4.582
4.582
4.514
4.514
3.972
3.972
3.984
3.984
3.69
3.69
3.608
3.608
5.12
5.12
5.101
5.101
