3.555
3.555
3.15
3.15
3.399
3.399
3.371
3.371
3.568
3.568
3.505
3.505
3.562
3.562
3.533
3.533
3.527
3.527
3.451
3.451
3.956
3.956
3.788
3.788
3.977
3.977
3.835
3.835
3.516
3.516
5.626
5.626
5.62
5.62
5.889
5.889
5.037
5.037
4.785
4.785
4.166
4.166
4.038
4.038
3.753
3.753
3.703
3.703
3.678
3.678
3.664
3.664
3.504
3.504
3.484
3.484
3.429
3.429
3.351
3.351
3.402
3.402
3.406
3.406
3.448
3.448
3.503
3.503
3.84
3.84
3.83
3.83
3.802
3.802
3.861
3.861
3.86
3.86
3.873
3.873
3.866
3.866
3.864
3.864
3.717
3.717
3.785
3.785
3.938
3.938
3.755
3.755
4.726
4.726
4.142
4.142
