1.481
1.481
1.532
1.532
1.635
1.635
1.531
1.531
1.328
1.328
1.44
1.44
1.382
1.382
1.139
1.139
1.279
1.279
1.346
1.346
1.789
1.789
1.717
1.717
2.625
2.625
2.88
2.88
3.874
3.874
3.963
3.963
3.977
3.977
3.866
3.866
4.229
4.229
4.174
4.174
4.08
4.08
4.076
4.076
4.186
4.186
4.238
4.238
4.312
4.312
4.302
4.302
4.232
4.232
4.199
4.199
4.184
4.184
3.96
3.96
4.12
4.12
4.072
4.072
4.109
4.109
5.072
5.072
5.462
5.462
5.389
5.389
5.273
5.273
4.874
4.874
4.475
4.475
4.346
4.346
4.3
4.3
4.26
4.26
4.085
4.085
3.937
3.937
3.691
3.691
3.598
3.598
1.838
1.838
1.439
1.439
