3.583
3.583
3.645
3.645
3.651
3.651
3.729
3.729
3.77
3.77
3.582
3.582
3.223
3.223
3.188
3.188
3.248
3.248
3.257
3.257
3.481
3.481
3.453
3.453
3.535
3.535
3.897
3.897
3.934
3.934
4.339
4.339
4.826
4.826
4.993
4.993
5.252
5.252
5.442
5.442
4.812
4.812
4.45
4.45
3.572
3.572
3.398
3.398
3.425
3.425
3.382
3.382
3.364
3.364
3.364
3.364
3.337
3.337
3.336
3.336
3.613
3.613
3.629
3.629
3.733
3.733
3.824
3.824
4.092
4.092
4.056
4.056
3.961
3.961
3.922
3.922
4.046
4.046
4.053
4.053
4.058
4.058
4.353
4.353
4.728
4.728
4.083
4.083
3.957
3.957
3.877
3.877
3.971
3.971
3.738
3.738
