3.764
3.764
3.565
3.565
3.684
3.684
3.615
3.615
3.541
3.541
3.501
3.501
3.567
3.567
3.517
3.517
3.52
3.52
3.538
3.538
3.731
3.731
3.745
3.745
3.9
3.9
3.925
3.925
4.145
4.145
4.042
4.042
4.037
4.037
3.99
3.99
3.705
3.705
3.748
3.748
3.78
3.78
3.854
3.854
4.135
4.135
4.153
4.153
3.928
3.928
3.9
3.9
3.696
3.696
3.672
3.672
3.719
3.719
3.685
3.685
4.245
4.245
4.257
4.257
4.228
4.228
4.505
4.505
4.629
4.629
4.615
4.615
4.528
4.528
4.4
4.4
4.627
4.627
4.689
4.689
4.669
4.669
4.529
4.529
4.532
4.532
4.592
4.592
4.504
4.504
4.394
4.394
4.041
4.041
3.801
3.801
