3.955
3.955
4.247
4.247
3.907
3.907
3.707
3.707
3.648
3.648
3.664
3.664
3.656
3.656
3.397
3.397
3.362
3.362
3.404
3.404
3.574
3.574
3.572
3.572
3.895
3.895
3.702
3.702
4.01
4.01
4.148
4.148
4.029
4.029
4.068
4.068
4.589
4.589
4.763
4.763
4.438
4.438
4.324
4.324
4.067
4.067
4.073
4.073
4.132
4.132
4.105
4.105
4.11
4.11
4.087
4.087
4.086
4.086
4.162
4.162
5.365
5.365
6.357
6.357
6.354
6.354
8.293
8.293
7.483
7.483
7.057
7.057
7.009
7.009
6.619
6.619
5.119
5.119
4.792
4.792
4.716
4.716
4.725
4.725
4.615
4.615
4.288
4.288
4.305
4.305
4.105
4.105
3.945
3.945
3.872
3.872
