3.382
3.382
3.35
3.35
3.314
3.314
3.216
3.216
2.975
2.975
2.755
2.755
2.602
2.602
2.415
2.415
2.552
2.552
2.379
2.379
2.625
2.625
3.057
3.057
3.379
3.379
3.693
3.693
4.031
4.031
4.094
4.094
4.001
4.001
3.867
3.867
3.944
3.944
4.094
4.094
4.0
4.0
3.799
3.799
3.71
3.71
3.624
3.624
3.67
3.67
3.673
3.673
3.768
3.768
3.755
3.755
3.744
3.744
3.679
3.679
4.393
4.393
4.421
4.421
4.619
4.619
5.539
5.539
5.327
5.327
5.204
5.204
4.923
4.923
4.623
4.623
4.099
4.099
4.019
4.019
4.009
4.009
3.965
3.965
3.949
3.949
3.846
3.846
3.781
3.781
3.662
3.662
3.426
3.426
3.346
3.346
