3.533
3.533
3.411
3.411
3.106
3.106
3.105
3.105
3.001
3.001
2.976
2.976
2.763
2.763
2.767
2.767
2.798
2.798
2.85
2.85
4.1
4.1
3.702
3.702
3.969
3.969
4.216
4.216
4.392
4.392
5.48
5.48
5.071
5.071
4.352
4.352
4.208
4.208
3.922
3.922
3.805
3.805
3.67
3.67
3.167
3.167
3.16
3.16
3.165
3.165
3.101
3.101
3.129
3.129
3.123
3.123
3.155
3.155
3.161
3.161
3.373
3.373
3.469
3.469
3.495
3.495
3.621
3.621
5.053
5.053
5.181
5.181
5.214
5.214
7.514
7.514
8.716
8.716
8.213
8.213
6.08
6.08
4.965
4.965
4.096
4.096
3.816
3.816
3.596
3.596
3.354
3.354
3.609
3.609
3.51
3.51
