3.242
3.242
3.378
3.378
3.249
3.249
3.291
3.291
3.25
3.25
3.191
3.191
3.201
3.201
3.196
3.196
3.163
3.163
3.154
3.154
3.403
3.403
3.476
3.476
3.616
3.616
3.741
3.741
4.312
4.312
4.74
4.74
4.362
4.362
4.646
4.646
4.621
4.621
4.587
4.587
4.37
4.37
4.325
4.325
4.261
4.261
4.214
4.214
4.216
4.216
4.128
4.128
3.96
3.96
3.941
3.941
3.914
3.914
3.872
3.872
3.757
3.757
3.827
3.827
3.873
3.873
3.918
3.918
4.582
4.582
4.522
4.522
4.484
4.484
4.467
4.467
4.665
4.665
4.774
4.774
5.185
5.185
5.107
5.107
4.706
4.706
4.668
4.668
4.312
4.312
4.235
4.235
3.985
3.985
3.811
3.811
