3.681
3.681
3.606
3.606
3.377
3.377
3.363
3.363
3.388
3.388
3.367
3.367
3.49
3.49
3.555
3.555
3.54
3.54
3.567
3.567
3.67
3.67
3.611
3.611
3.853
3.853
4.079
4.079
3.982
3.982
4.001
4.001
3.888
3.888
4.089
4.089
5.372
5.372
5.42
5.42
6.423
6.423
6.609
6.609
7.227
7.227
6.914
6.914
5.931
5.931
6.177
6.177
5.04
5.04
4.859
4.859
4.965
4.965
4.887
4.887
5.185
5.185
5.127
5.127
5.305
5.305
5.433
5.433
5.694
5.694
5.611
5.611
5.565
5.565
5.471
5.471
5.214
5.214
5.191
5.191
5.148
5.148
5.066
5.066
5.118
5.118
5.13
5.13
4.806
4.806
4.594
4.594
3.933
3.933
3.663
3.663
