3.959
3.959
3.954
3.954
3.743
3.743
3.631
3.631
3.179
3.179
3.002
3.002
2.886
2.886
2.726
2.726
2.646
2.646
2.659
2.659
2.928
2.928
3.002
3.002
3.553
3.553
3.45
3.45
3.82
3.82
4.037
4.037
4.035
4.035
4.189
4.189
6.051
6.051
6.357
6.357
6.875
6.875
6.994
6.994
6.016
6.016
6.075
6.075
5.929
5.929
5.727
5.727
5.712
5.712
5.6
5.6
5.656
5.656
5.576
5.576
4.872
4.872
4.895
4.895
5.089
5.089
5.94
5.94
6.931
6.931
6.734
6.734
6.222
6.222
5.597
5.597
5.217
5.217
4.8
4.8
4.782
4.782
4.648
4.648
4.585
4.585
4.255
4.255
3.755
3.755
3.727
3.727
4.289
4.289
4.271
4.271
