3.608
3.608
3.545
3.545
3.419
3.419
3.379
3.379
3.221
3.221
3.15
3.15
3.055
3.055
3.077
3.077
2.965
2.965
3.075
3.075
3.279
3.279
3.302
3.302
3.336
3.336
3.406
3.406
3.826
3.826
3.945
3.945
4.139
4.139
4.308
4.308
4.555
4.555
4.593
4.593
4.574
4.574
4.677
4.677
4.495
4.495
4.647
4.647
4.465
4.465
4.272
4.272
4.106
4.106
4.06
4.06
4.037
4.037
4.033
4.033
4.79
4.79
4.714
4.714
5.052
5.052
5.282
5.282
5.332
5.332
4.962
4.962
4.526
4.526
4.272
4.272
4.554
4.554
5.821
5.821
6.438
6.438
5.177
5.177
4.103
4.103
4.029
4.029
3.965
3.965
3.814
3.814
3.904
3.904
3.7
3.7
