0.076
0.076
0.066
0.066
0.066
0.178
0.178
0.178
0.1432
0.076
0.076
0.076
0.076
0.076
0.076
0.076
0.076
0.076
0.188
0.188
0.188
0.1432
0.076
0.076
0.076
0.076
0.076
0.076
0.076
0.076
0.076
0.076
0.076
0.076
0.076
0.076
0.076
0.076
0.076
0.076
0.076
0.0984
0.188
0.188
0.188
0.12079999999999999
0.076
0.076
0.076
0.076
0.076
0.076
0.076
0.076
0.076
0.076
0.076
0.076
0.076
0.076
0.12079999999999999
0.188
0.188
0.188
0.09840000000000002
0.076
0.074
0.10200000000000001
0.094
0.094
0.142
0.21399999999999997
0.21600000000000003
0.267
0.24299999999999997
0.267
0.267
0.263
0.315
0.31100000000000005
0.275
0.219
0.4062
0.45099999999999996
0.481
0.48600000000000004
0.40659999999999996
0.6369999999999999
0.425
0.4544
0.43000000000000005
0.43000000000000005
0.47400000000000003
0.518
0.49399999999999994
0.6124
0.786
0.778
0.7874000000000001
0.7338
0.653
1.9309999999999998
2.783
2.783
2.819
1.565
0.076
0.076
0.076
0.076
0.076
0.16560000000000002
0.188
0.188
0.1656
0.076
0.076
0.076
0.076
0.076
0.076
0.076
0.076
0.076
0.076
0.076
0.076
0.076
0.076
0.076
0.076
0.076
0.076
0.076
0.076
0.076
0.076
0.076
0.076
0.076
0.076
0.076
0.076
0.188
0.188
0.188
0.1432
0.076
0.076
0.076
0.076
0.076
0.076
0.076
0.076
0.076
0.076
0.188
0.188
0.188
0.1432
0.076
0.076
0.076
0.076
0.076
0.076
0.076
0.12079999999999999
0.188
0.188
0.188
0.09840000000000002
0.076
0.076
0.076
0.076
0.076
0.076
0.076
0.076
0.076
0.333
0.333
0.333
0.369
0.333
0.3618
0.5065999999999999
2.1554
2.59
2.6156
2.131
0.9411999999999997
0.148
0.148
0.148
0.148
0.148
0.148
0.429
0.475
0.515
0.529
0.5609999999999999
0.5984
1.9611999999999998
0.806
0.7868
0.764
0.74
0.6738
0.639
0.7744
1.2044
0.7803999999999999
0.6172
0.7804
0.884
0.8720000000000001
1.1832
1.5674
0.649
0.649
0.6548
0.7243999999999999
0.817
0.921
0.523
0.583
0.6789999999999999
0.6644000000000001
1.7138000000000002
1.1964000000000001
0.466
0.5276
0.577
0.505
0.5502
0.3718
0.379
0.43420000000000003
0.519
0.5604
0.668
0.512
0.5164000000000001
0.48839999999999995
0.4382
0.46299999999999997
0.4438
0.4029999999999999
0.45099999999999996
0.49820000000000003
0.479
0.46299999999999997
0.5750000000000001
0.605
0.5569999999999999
0.5554
0.623
0.6302000000000001
0.64
0.6022
1.4386
1.0197999999999998
0.507
0.483
0.542
0.542
0.5962000000000001
0.7762
0.8128
0.754
0.786
0.7043999999999999
0.74
6.1054
0.726
0.603
0.491
0.461
0.4766
0.4699999999999999
0.42219999999999996
0.3984
0.528
0.516
