0.07239999999999999
0.0678
0.08199999999999999
0.13499999999999998
0.175
0.4863999999999999
2.3768000000000002
3.6372
0.40599999999999997
0.4624
0.24359999999999998
0.244
0.244
0.256
0.2536
1.125
0.6849999999999998
0.2426
0.075
0.1522
0.268
0.268
0.268
0.268
0.075
0.075
0.075
0.075
0.075
0.075
0.075
0.075
0.075
0.075
0.268
0.268
0.268
0.268
0.15219999999999997
0.075
0.075
0.075
0.075
0.075
0.075
0.075
0.075
0.075
0.075
0.075
0.075
0.2294
0.268
0.268
0.268
0.1908
0.075
0.075
0.075
0.075
0.075
0.075
0.075
0.075
0.075
0.1522
0.268
0.268
0.31320000000000003
0.33799999999999997
3.4402
1.8046000000000002
0.5678
2.343
2.343
2.3340000000000005
2.342
2.357
0.6557999999999999
0.253
0.28500000000000003
0.598
0.634
0.6496000000000001
4.4030000000000005
3.4019999999999997
1.7166000000000001
1.7816000000000003
1.8060000000000003
1.886
1.8108
1.7972000000000001
1.7440000000000002
1.7328
1.7271999999999998
1.6672
1.1128
0.403
0.397
0.465
0.6328
0.7407999999999999
0.6750000000000002
1.1314
1.841
1.6954
1.541
1.5482
1.5665999999999998
1.6032
1.6170000000000002
2.4986
3.779
3.779
0.075
0.075
0.1522
0.268
0.268
0.268
0.268
0.075
0.075
0.075
0.075
0.075
0.075
0.075
0.075
0.075
0.2294
0.268
3.7451999999999996
3.2448
2.4578
0.20800000000000002
0.20800000000000002
0.20800000000000002
0.20800000000000002
0.20800000000000002
0.20800000000000002
0.20800000000000002
0.20800000000000002
0.256
2.6233999999999997
2.8371999999999997
2.8588
0.9644000000000001
0.47300000000000003
0.3292
0.30480000000000007
0.3526
0.425
0.43520000000000003
0.40199999999999997
0.9494
0.4050000000000001
0.4050000000000001
0.388
0.32
0.8718
0.3978
0.5294000000000001
0.635
0.77
0.7212000000000001
0.5072
0.42800000000000005
0.328
0.328
0.328
0.38399999999999995
0.442
0.414
0.48419999999999996
0.6209999999999999
0.6584000000000001
0.701
0.268
0.075
0.075
0.075
0.075
0.075
0.075
0.075
0.075
0.075
0.075
0.075
0.075
0.075
0.075
0.075
0.075
0.2294
0.268
0.268
0.268
0.1908
0.075
0.075
0.075
0.075
0.075
0.075
0.075
0.075
0.075
0.075
0.383
0.45500000000000007
0.5479999999999999
0.575
0.6264000000000001
0.6388
0.632
0.632
2.8716
2.1673999999999998
2.9288
3.8588
3.9354
3.918
2.4912
0.6604
0.6519999999999999
0.712
0.712
0.772
0.7176
0.74
0.7047999999999999
0.6960000000000001
0.5760000000000001
1.0493999999999999
1.8396000000000001
1.9150000000000003
1.8466
1.9164
1.8904
1.3716
0.9262
0.853
0.853
1.2418
0.9270000000000002
0.651
5.449800000000001
0.623
0.611
0.5188
0.4704
0.476
0.48740000000000006
0.404
0.2886
0.33
0.525
0.691
0.6546000000000001
0.574
0.5753999999999999
0.4282
0.421
0.393
0.3008
0.32999999999999996
0.3144
0.2734
0.258
0.29800000000000004
0.372
0.4448
0.5526
0.6180000000000001
0.639
0.6646000000000001
1.0135999999999998
1.434
0.48200000000000004
0.46699999999999997
0.47800000000000004
0.437
0.42300000000000004
0.402
0.6516
0.689
