0.075
0.069
0.07100000000000001
0.075
0.075
0.075
0.073
0.07100000000000001
0.075
0.075
0.075
0.075
0.075
0.075
0.14020000000000002
0.21200000000000002
0.2304
0.267
0.2504
0.21600000000000003
0.23040000000000002
0.2496
0.288
0.27599999999999997
0.22800000000000004
0.2832
0.40540000000000004
5.4488
2.3242000000000003
0.4344
0.44160000000000005
0.492
0.47800000000000004
0.381
0.293
0.317
0.317
0.337
0.417
0.417
0.429
0.42000000000000004
0.42000000000000004
0.46799999999999997
0.46799999999999997
0.42539999999999994
0.36900000000000005
0.354
0.37799999999999995
0.35
0.362
0.374
0.362
0.38120000000000004
0.45759999999999995
0.537
0.537
0.5442
0.47700000000000004
0.4668
0.397
0.4042
0.349
0.6778
0.457
0.437
0.4232
1.0719999999999998
2.3600000000000003
2.4939999999999998
2.428
2.0754
0.505
0.48900000000000005
0.465
0.465
0.8924
1.529
1.529
1.489
2.0352
1.448
2.0532
1.5396
1.4808
1.366
1.342
1.4962
1.0930000000000002
0.5558
0.495
0.5182
0.9408
0.9242000000000001
0.572
0.572
0.572
0.572
0.075
0.075
0.075
0.075
0.075
0.075
0.075
0.075
0.075
0.075
0.075
0.075
0.075
0.075
0.075
0.075
0.075
0.075
0.075
0.075
0.075
0.075
0.075
0.075
0.075
0.075
0.075
0.075
0.075
0.075
0.075
0.075
0.075
0.075
0.075
0.075
0.075
0.075
0.075
0.075
0.075
0.075
0.075
0.075
0.075
0.075
0.075
0.075
0.075
0.075
0.075
0.075
0.075
0.075
0.075
0.075
0.075
0.075
0.075
0.075
0.075
0.075
0.075
0.075
0.335
0.335
0.335
0.335
0.335
0.41500000000000004
0.43499999999999994
0.43499999999999994
0.43499999999999994
0.43499999999999994
0.43499999999999994
0.43499999999999994
0.43499999999999994
0.495
0.075
0.075
0.075
0.075
0.075
0.075
0.075
0.075
0.075
0.075
0.075
0.075
0.075
0.075
0.075
0.075
1.2938
2.7368
2.875
2.7548
2.663
2.679
0.3838
0.394
0.47800000000000004
0.49800000000000005
0.382
0.358
0.358
0.3292
0.294
0.326
0.42200000000000004
0.3554
0.3254
0.41500000000000004
1.5916000000000001
0.363
0.47800000000000004
0.49000000000000005
0.5572
0.6134000000000001
0.7436
0.8370000000000001
0.983
0.933
0.9681999999999998
2.0620000000000003
2.144
2.6018
3.0508
2.202
2.044
2.0810000000000004
2.0406
1.8346
1.7109999999999999
1.737
1.7332
0.6718
0.7222
0.9506
1.892
2.7828000000000004
2.3954
1.984
3.1432000000000007
1.921
1.909
1.9125999999999999
1.921
1.921
1.941
2.0246
0.9870000000000001
0.9666
0.867
0.7398
0.591
0.45099999999999996
0.483
0.6094
0.35819999999999996
0.5549999999999999
0.5860000000000001
0.54
0.65
0.6619999999999999
0.69
0.6876
0.7116
0.7121999999999999
1.4358
0.9983999999999998
0.5569999999999999
0.537
0.537
0.445
0.47000000000000003
0.4718
0.577
0.5673999999999999
0.5186
0.417
1.7552000000000003
0.5913999999999999
0.075
0.075
0.075
0.075
0.075
0.075
