0.05600000000000001
0.05600000000000001
0.05600000000000001
0.05600000000000001
0.064
0.066
0.066
0.066
0.066
0.066
0.066
0.066
0.066
0.066
0.066
0.066
0.066
0.066
0.066
0.066
0.066
0.066
0.066
0.066
0.066
0.066
0.066
0.066
0.066
0.066
0.066
0.066
0.066
0.066
0.066
0.066
0.066
0.066
0.066
0.066
0.066
0.066
0.066
0.066
0.066
0.066
0.066
0.066
0.066
0.066
0.066
0.066
0.066
0.066
0.066
0.066
0.066
0.066
0.066
0.066
0.066
0.066
0.066
0.066
0.066
0.066
0.066
0.066
0.066
0.066
0.066
0.066
0.066
0.066
0.066
0.066
0.066
0.066
0.066
0.066
0.066
0.066
0.066
0.066
0.064
0.064
0.064
0.064
0.124
0.1496
0.136
0.14500000000000002
0.11100000000000002
0.132
0.13899999999999998
0.215
0.25780000000000003
0.24699999999999997
1.5257999999999998
0.183
0.207
0.24300000000000002
0.066
0.066
0.066
0.066
0.066
0.066
0.066
0.066
0.11400000000000002
0.11400000000000002
0.22400000000000003
0.23400000000000004
0.7846
3.5564
2.938999999999999
2.8909999999999996
2.3383999999999996
0.184
0.184
0.172
0.124
0.124
0.124
0.064
0.064
0.064
0.20600000000000002
0.20600000000000002
0.20600000000000002
0.20600000000000002
0.20600000000000002
1.5728
0.20600000000000002
0.20600000000000002
0.28280000000000005
0.334
0.066
0.066
0.066
0.066
0.066
0.066
0.066
0.066
0.066
0.066
0.066
0.066
0.066
0.066
0.066
0.066
0.066
0.066
0.066
0.066
0.066
0.066
0.066
0.066
0.066
0.066
0.066
0.066
0.066
0.066
0.066
0.066
0.066
0.066
0.066
0.066
0.066
0.066
0.066
0.066
0.066
0.066
0.066
0.066
0.066
0.066
0.066
0.066
0.066
0.066
0.066
0.066
0.066
0.066
0.066
0.066
0.066
0.066
0.066
0.066
0.066
0.066
0.066
0.066
0.066
0.066
0.066
0.066
0.348
0.45220000000000005
0.561
0.5750000000000001
0.575
0.549
0.5730000000000001
1.6366
3.207
3.1290000000000004
3.01
1.9207999999999998
0.066
0.066
0.066
0.066
0.066
0.066
0.066
0.066
0.066
0.066
0.066
0.066
0.066
0.066
0.066
0.066
0.066
0.066
0.066
0.066
0.066
0.066
0.066
0.066
0.066
0.066
0.066
0.066
0.066
0.066
0.29460000000000003
0.47779999999999995
0.501
0.4474
0.472
0.49779999999999996
0.513
0.515
0.522
0.501
0.501
0.501
0.632
1.1896
3.3579999999999997
3.3579999999999997
3.3939999999999997
2.7906000000000004
0.3962
0.3418
0.31
0.31
0.346
0.3764
0.3754
0.365
0.413
0.402
0.4908
0.59
0.066
0.066
0.066
0.066
0.066
0.066
0.066
0.066
0.057999999999999996
0.05600000000000001
