0.065
0.065
0.05500000000000001
0.05500000000000001
0.05500000000000001
0.05500000000000001
0.05500000000000001
0.05500000000000001
0.065
0.065
0.065
0.065
0.065
0.065
0.065
0.065
0.065
0.065
0.065
0.065
0.065
0.065
0.065
0.14900000000000002
0.275
0.275
0.275
0.275
0.065
0.065
0.065
0.065
0.065
0.065
0.065
0.065
0.065
0.065
0.065
0.065
0.065
0.065
0.065
0.065
0.065
0.233
0.275
0.275
0.275
0.191
0.065
0.065
0.065
0.065
0.065
0.065
0.065
0.065
0.065
0.065
0.065
0.065
0.065
0.065
0.065
0.065
0.065
0.065
0.065
0.191
0.275
0.275
0.273
0.231
0.1038
0.135
0.13740000000000002
0.1678
0.23000000000000004
0.354
0.2364
0.22200000000000003
0.22920000000000001
0.43920000000000003
0.4452
0.44400000000000006
0.5058
0.458
0.402
0.3924
0.382
0.37
0.37
0.4076000000000001
0.522
0.39879999999999993
0.43
1.6347999999999998
0.34040000000000004
0.579
0.492
0.516
2.8375999999999997
2.6686
2.2269999999999994
2.235
0.6614
0.30199999999999994
0.3548
0.6996
1.1532
0.39
0.39480000000000004
0.49240000000000006
1.3342000000000003
1.1345999999999998
0.725
1.5442
1.1345999999999998
0.6157999999999999
0.539
0.5589999999999999
0.567
0.5646000000000001
0.5542
0.5238
0.524
0.5144
0.512
0.554
0.69
0.682
0.682
0.6460000000000001
0.39879999999999993
0.364
0.065
0.065
0.065
0.065
0.065
0.065
0.065
0.065
0.065
0.065
0.2198
0.20800000000000002
0.221
0.223
0.233
0.275
0.275
0.275
0.191
0.065
0.065
0.065
0.065
0.065
0.065
0.065
0.065
0.065
0.065
0.065
0.065
0.10700000000000001
0.275
0.275
0.275
0.275
0.10700000000000001
0.065
0.065
0.065
0.065
0.065
0.065
0.065
0.065
0.10700000000000001
0.275
0.275
0.398
0.45
0.294
0.24000000000000005
1.0772
0.7245999999999999
0.3902
0.43099999999999994
0.43099999999999994
0.5239999999999999
0.542
0.71
0.842
0.9800000000000001
0.9508000000000001
1.01
0.95
0.736
0.6888000000000001
0.638
0.556
0.579
0.5841999999999999
0.5778000000000001
0.5713999999999999
0.529
0.5738
0.719
2.119
2.179
2.067
1.9969999999999999
1.8161999999999998
1.8490000000000002
0.5584
0.6
0.5814
0.571
0.5656000000000001
0.559
0.5038
0.323
1.2433999999999998
2.6444
2.603
2.1786000000000003
0.47519999999999996
0.48
0.48
0.43199999999999994
0.42000000000000004
0.42000000000000004
0.42000000000000004
0.42000000000000004
0.441
0.42000000000000004
1.2878
1.5977999999999999
0.587
0.6466000000000001
0.275
0.065
0.359
1.6830000000000003
0.449
0.4822
0.40700000000000003
0.4782
0.44000000000000006
0.3944
0.28080000000000005
0.5422
0.634
0.6834
0.7090000000000001
2.9257999999999997
2.793
2.67
0.8324
0.4069999999999999
0.065
0.065
0.065
0.065
0.065
0.065
0.065
0.065
0.065
0.065
0.065
0.065
0.065
0.065
0.065
0.065
0.065
0.065
0.065
0.065
0.065
0.065
0.065
0.065
