0.064
0.064
0.057999999999999996
0.054000000000000006
0.054000000000000006
0.054000000000000006
0.054000000000000006
0.054000000000000006
0.06
0.064
0.064
0.15699999999999997
0.219
0.219
0.219
0.12600000000000003
0.064
0.064
0.1116
0.183
0.183
0.183
0.0878
0.064
0.095
0.219
0.24100000000000002
0.441
0.188
0.064
0.064
0.064
0.064
0.064
0.064
0.064
0.1116
0.276
0.338
0.338
0.2428
0.12600000000000003
0.064
0.064
0.064
0.064
0.064
0.064
0.064
0.064
0.064
0.126
0.219
0.219
0.219
0.15700000000000003
0.064
0.064
0.0878
0.183
0.183
0.183
0.1116
0.064
0.064
0.064
0.064
0.064
0.064
0.0878
0.24500000000000002
0.338
0.338
0.26660000000000006
0.15700000000000003
0.064
0.064
0.064
0.062
0.086
0.158
0.1668
0.22200000000000003
0.30200000000000005
0.523
1.015
0.967
0.9907999999999999
1.511
2.2012
3.411
3.3396
3.2920000000000003
2.8953999999999995
0.136
0.136
0.136
0.136
0.136
0.136
0.136
0.291
0.291
0.291
0.291
0.136
0.2306
0.255
0.255
0.3258
0.1836
0.2068
0.136
0.136
0.4048
1.4968
2.718
2.718
2.718
2.7202
2.682
2.682
2.6582
2.563
2.563
2.563
2.563
1.5634000000000001
0.15699999999999997
0.219
0.219
0.219
0.12600000000000003
0.064
0.064
0.064
0.064
0.064
0.183
0.183
0.24500000000000002
0.29040000000000005
0.217
0.217
0.23500000000000001
0.21080000000000002
0.194
1.7803999999999998
2.177
2.2898
2.3282000000000003
1.1452000000000002
0.352
0.7674
0.466
0.766
0.8612
0.686
0.24299999999999997
0.3788
0.522
0.49800000000000005
0.4614
0.38560000000000005
0.4088
0.374
0.4328
0.338
0.338
0.4088
0.38
0.3964
0.7924
2.4015999999999997
2.8028
2.795
2.827
2.9116
2.563
2.6106000000000003
2.682
2.682
2.682
2.5868
2.563
0.6878
0.591
0.45899999999999996
0.48
0.481
0.7605999999999999
0.943
0.983
0.8695999999999999
0.7036
0.73
0.8774
1.0228
1.8119999999999998
1.3504000000000003
0.8532
0.9066000000000001
1.2308
2.802
2.802
2.7740000000000005
2.7702
0.8991999999999999
1.3736000000000002
0.9259999999999999
2.0520000000000005
2.0191999999999997
1.844
1.8354
1.8549999999999998
1.8829999999999998
0.8130000000000001
0.8527999999999999
0.724
0.7707999999999998
0.8240000000000001
0.905
0.9358000000000001
0.8550000000000001
0.7424
0.8375999999999999
0.785
1.1202
1.9544000000000001
3.084
3.084
3.0512
3.353
3.061
3.0846
3.2314
3.347
3.4189999999999996
3.357
3.0892000000000004
2.5420000000000003
0.47000000000000003
0.375
0.4332
0.4566
0.4062
0.438
0.7228
1.0836000000000001
0.9339999999999999
0.8116
0.7113999999999999
0.7987999999999998
0.5444000000000001
0.5888
0.5648
0.6010000000000001
0.584
0.6300000000000001
0.634
0.7694000000000001
0.769
0.709
0.769
0.064
0.126
0.219
0.219
0.219
0.15700000000000003
0.064
0.064
0.064
0.064
0.064
0.064
0.064
0.064
0.064
0.064
0.064
0.15699999999999997
0.219
0.219
0.26660000000000006
0.24500000000000002
0.183
0.183
