0.067
0.067
0.067
0.067
0.07300000000000001
0.077
0.077
0.077
0.10800000000000001
0.23200000000000004
0.23200000000000004
0.23200000000000004
0.201
0.14579999999999999
0.24900000000000003
0.24900000000000003
0.24900000000000003
0.24900000000000003
0.077
0.077
0.077
0.077
0.077
0.077
0.077
0.16999999999999998
0.23200000000000004
0.3696
0.404
0.31100000000000005
0.24900000000000003
0.18019999999999997
0.077
0.077
0.077
0.077
0.077
0.10800000000000001
0.23200000000000004
0.23200000000000004
0.33520000000000005
0.37300000000000005
0.24900000000000003
0.24900000000000003
0.21459999999999999
0.077
0.077
0.077
0.077
0.077
0.201
0.23200000000000004
0.23200000000000004
0.23200000000000004
0.10800000000000001
0.077
0.077
0.077
0.077
0.077
0.077
0.077
0.201
0.23200000000000004
0.404
0.404
0.44000000000000006
0.42299999999999993
0.32880000000000004
0.13
1.1116
1.9948000000000001
3.4208
3.4856000000000003
3.566
2.3091999999999997
0.4680000000000001
0.6302
0.511
0.5826
0.6048000000000001
0.373
0.545
0.561
0.5274
2.4622
3.5797999999999996
3.5398000000000005
3.6192
7.521599999999999
0.48260000000000003
2.3062
3.5169999999999995
3.412
0.077
0.077
0.077
0.077
0.077
0.077
0.077
0.077
0.10800000000000001
0.23200000000000004
0.404
0.404
0.37300000000000005
0.24900000000000003
0.14579999999999999
0.077
0.077
0.077
0.077
0.077
0.077
0.077
0.077
0.077
0.1802
0.24900000000000003
0.27999999999999997
0.404
0.36960000000000004
0.23200000000000004
0.201
0.077
0.077
0.077
0.077
0.077
0.077
0.077
0.077
0.077
0.077
0.14579999999999999
0.24900000000000003
0.24900000000000003
0.404
0.404
0.23200000000000004
0.23200000000000004
0.077
0.077
0.077
0.077
0.077
0.077
0.077
0.077
0.13899999999999998
0.23200000000000004
0.23200000000000004
0.23200000000000004
3.5410000000000004
1.6027999999999998
0.37
0.39399999999999996
0.3548
0.23000000000000004
0.251
0.2774
0.077
0.077
0.077
0.077
0.077
0.1802
0.24900000000000003
0.24900000000000003
0.24900000000000003
0.21459999999999999
0.077
0.16999999999999998
2.0911999999999997
3.432
3.432
3.339
2.7702
0.363
0.375
0.43500000000000005
0.559
0.547
0.539
0.6378
0.6098
1.1236000000000002
0.589
0.6417999999999999
0.23200000000000004
0.23200000000000004
0.382
0.258
0.227
0.3382
0.46099999999999997
0.4716
0.43079999999999996
2.8935999999999997
3.5140000000000002
3.4572000000000003
0.077
0.077
0.077
0.077
3.4659999999999997
1.0905999999999998
0.5489999999999999
0.589
0.46499999999999997
0.5027999999999999
0.24900000000000003
0.24900000000000003
0.41200000000000003
0.8128
1.3046000000000002
0.7098
0.702
0.702
0.522
0.418
0.442
0.4852
1.7264
0.7444000000000001
0.8119999999999999
0.8960000000000001
0.9259999999999999
0.7642
0.8093999999999999
0.9716000000000001
2.8472
4.112
4.112
4.2292000000000005
2.3738
0.785
0.733
2.2458
4.246
4.17
4.194
3.017
1.007
0.9725999999999999
0.866
0.9259999999999999
0.9099999999999999
0.9042
2.0954
0.877
1.2274
1.1578
1.261
1.309
2.3514
1.041
0.9019999999999999
0.9359999999999999
0.924
0.9
0.8084
0.758
0.758
0.6859999999999999
0.67
0.688
0.568
0.513
0.509
0.4058
0.5504
0.755
0.883
2.0250000000000004
0.24900000000000003
0.11140000000000001
0.077
0.077
0.077
0.077
0.077
0.077
0.077
0.077
0.07100000000000001
0.20459999999999998
