0.045
0.045
0.045
0.045
0.10740000000000001
0.211
0.211
0.211
0.1486
0.05500000000000001
0.05500000000000001
0.05500000000000001
0.05500000000000001
0.05500000000000001
0.05500000000000001
0.05500000000000001
0.05500000000000001
0.05500000000000001
0.05500000000000001
0.05500000000000001
0.05500000000000001
0.05500000000000001
0.211
0.211
0.211
0.211
0.05500000000000001
0.05500000000000001
0.05500000000000001
0.05500000000000001
0.05500000000000001
0.05500000000000001
0.05500000000000001
0.05500000000000001
0.05500000000000001
0.05500000000000001
0.05500000000000001
0.05500000000000001
0.05500000000000001
0.1486
0.211
0.211
0.211
0.11740000000000002
0.05500000000000001
0.05500000000000001
0.05500000000000001
0.05500000000000001
0.05500000000000001
0.05500000000000001
0.05500000000000001
0.05500000000000001
0.05500000000000001
0.05500000000000001
0.05500000000000001
0.1486
0.211
0.211
0.211
0.11740000000000002
0.05500000000000001
0.05500000000000001
0.05500000000000001
0.05500000000000001
0.05500000000000001
0.05500000000000001
0.05500000000000001
0.05500000000000001
0.05500000000000001
0.05500000000000001
0.05500000000000001
0.05500000000000001
0.05500000000000001
0.05500000000000001
0.05500000000000001
0.05500000000000001
0.05500000000000001
0.211
0.211
0.211
0.211
0.05500000000000001
0.05500000000000001
0.05500000000000001
0.065
0.11300000000000002
0.10899999999999999
0.1944
0.32720000000000005
0.4568
0.4826
0.453
0.361
0.21620000000000003
0.185
0.185
0.185
0.273
0.275
0.275
0.2798
0.3242
2.713
3.7861999999999996
2.9417999999999997
1.4209999999999998
0.4378
0.2202
0.20500000000000002
0.197
0.197
0.23500000000000001
0.292
0.28959999999999997
0.28
0.28
0.23199999999999998
0.22000000000000003
0.22000000000000003
0.22000000000000003
0.24
0.22000000000000003
0.16
0.278
0.221
0.221
0.221
0.065
0.065
0.065
0.065
0.0602
0.40840000000000004
1.83
1.83
1.9547999999999999
1.6306
0.209
0.209
0.0842
0.053000000000000005
0.053000000000000005
0.053000000000000005
0.053000000000000005
0.053000000000000005
0.053000000000000005
0.065
0.0914
0.17779999999999999
0.209
0.209
0.209
0.0842
0.053000000000000005
0.053000000000000005
0.0738
0.05500000000000001
0.05500000000000001
0.05500000000000001
0.05500000000000001
0.1486
0.211
0.211
0.211
0.11740000000000002
0.05500000000000001
0.05500000000000001
0.05500000000000001
0.05500000000000001
0.05500000000000001
0.05500000000000001
0.05500000000000001
0.05500000000000001
0.05500000000000001
0.05500000000000001
0.05500000000000001
0.05500000000000001
0.05500000000000001
0.05500000000000001
0.0862
0.211
0.211
0.211
0.17980000000000002
0.05500000000000001
0.05500000000000001
0.05500000000000001
0.05500000000000001
0.05500000000000001
0.05500000000000001
0.05500000000000001
0.05500000000000001
0.05500000000000001
0.05500000000000001
0.05500000000000001
0.11739999999999999
0.211
0.211
0.211
0.1486
0.05500000000000001
0.05500000000000001
0.05500000000000001
0.05500000000000001
0.05500000000000001
0.05500000000000001
0.05500000000000001
0.05500000000000001
0.211
0.211
0.211
0.211
0.05500000000000001
0.05500000000000001
0.05500000000000001
0.05500000000000001
0.05500000000000001
0.05500000000000001
0.05500000000000001
0.05500000000000001
0.211
0.211
0.211
0.211
0.05500000000000001
0.05500000000000001
0.05500000000000001
0.05500000000000001
0.05500000000000001
0.05500000000000001
0.05500000000000001
0.05500000000000001
0.05500000000000001
0.05500000000000001
0.05500000000000001
0.1486
0.211
0.211
0.211
0.11740000000000002
0.05500000000000001
0.05500000000000001
0.05500000000000001
0.05500000000000001
0.05500000000000001
0.05500000000000001
0.05500000000000001
0.05500000000000001
0.05500000000000001
0.05500000000000001
0.1798
0.211
0.34819999999999995
0.325
0.2242
0.229
0.229
0.195
0.135
0.135
0.135
0.18860000000000002
0.202
0.458
0.4588
0.48599999999999993
0.4584
0.294
5.106
0.294
0.294
0.294
0.34199999999999997
2.742
2.714
2.6723999999999997
0.6908
0.3867999999999999
0.4715999999999999
0.5684
0.61
0.4732
0.26280000000000003
0.23000000000000004
0.254
0.32599999999999996
0.3228
0.33840000000000003
