0.063
0.063
0.063
0.063
0.063
0.067
0.073
0.1166
0.182
0.182
0.182
0.09480000000000001
0.073
0.073
0.073
0.073
0.23220000000000002
0.272
0.272
0.272
0.1924
0.073
0.073
0.073
0.073
0.073
0.073
0.073
0.073
0.1526
0.2938
0.381
0.381
0.381
0.1166
0.073
0.073
0.073
0.073
0.073
0.073
0.0948
0.182
0.182
0.182
0.1166
0.073
0.073
0.073
0.073
0.073
0.073
0.073
0.1384
0.182
0.182
0.2218
0.272
0.272
0.272
0.272
0.11280000000000001
0.073
0.073
0.073
0.073
0.073
0.073
0.073
0.073
0.272
0.272
0.272
0.2938
0.26159999999999994
0.182
0.182
0.1166
0.073
0.073
0.071
0.16099999999999998
0.121
0.171
0.23900000000000002
0.429
0.5068
0.578
0.598
0.7298
0.8735999999999999
0.852
0.89
0.966
0.6068
3.1350000000000002
3.111
3.111
3.1194
3.145
3.1930000000000005
3.095
3.157
3.169
3.2681999999999993
3.3072000000000004
3.322
0.69
0.6003999999999999
0.501
0.5166
0.4806
0.51
0.48599999999999993
0.336
0.35059999999999997
0.43600000000000005
0.43600000000000005
0.45600000000000007
0.66
0.634
2.5770000000000004
2.567
2.4235999999999995
2.328
0.7415999999999998
0.33299999999999996
0.285
0.394
0.394
0.394
0.35039999999999993
0.3248
0.484
0.484
0.484
0.484
0.36019999999999996
0.3316
0.3208
0.47879999999999995
0.40800000000000003
0.43520000000000003
0.4474
0.35700000000000004
0.4558
0.852
0.261
0.271
0.4702
0.4588
0.446
0.446
0.42619999999999997
0.438
0.492
0.46319999999999995
0.5038000000000001
0.446
0.5608
0.674
0.984
0.9606000000000001
1.7015999999999998
0.552
0.5388
0.4782
0.3618
0.44699999999999995
0.44699999999999995
0.399
0.387
0.4842000000000001
0.51
0.51
0.49000000000000005
0.3788
0.6199999999999999
0.749
0.729
0.272
0.272
0.15259999999999999
0.1166
0.182
0.182
0.4606
0.3678
0.382
0.346
0.3404
0.422
0.49400000000000005
1.3050000000000002
5.2620000000000005
5.276
5.3832
5.014
3.492
3.5502000000000002
3.3945999999999996
3.4
3.4
3.5591999999999997
3.597
3.657
1.009
1.0044
0.899
0.97
0.9888
1.0211999999999999
1.084
1.0928
0.9762000000000001
0.8858
0.695
0.7694000000000001
1.1206
1.4124
1.1179999999999999
1.0876000000000001
1.0664000000000002
0.9663999999999999
1.783
3.1917999999999997
3.1870000000000003
2.981
3.0658
2.9885999999999995
0.64
0.64
1.7456000000000003
0.8001999999999999
0.6228
0.6898
0.6142000000000001
0.375
0.4708
0.49399999999999994
0.505
0.487
0.42800000000000005
0.28900000000000003
0.2394
0.25880000000000003
0.305
0.4002
0.42400000000000004
0.434
0.504
0.5800000000000001
0.7031999999999999
0.9206000000000001
0.882
0.7989999999999999
0.7706000000000001
0.6759999999999999
0.6822
0.6952
0.6752
1.7102
0.718
0.7949999999999999
0.772
0.732
0.7173999999999999
0.835
0.8309999999999998
0.8226000000000001
0.7790000000000001
0.812
1.6982
0.5840000000000001
0.6092
0.5796
0.608
0.588
0.558
0.5778000000000001
0.797
0.749
0.7574
0.9764000000000002
0.9848000000000001
0.754
0.7220000000000001
0.5098
