0.098
0.281
0.2596
0.403
0.328
0.31500000000000006
0.365
0.833
1.2730000000000001
0.353
0.40499999999999997
0.40499999999999997
0.07
0.07
0.07
0.07
0.07
0.07
0.07
0.07
0.07
0.0946
0.193
0.193
0.193
0.11920000000000001
0.07
0.07
0.07
0.07
0.07
0.07
0.07
0.07
0.16840000000000002
0.193
0.193
0.16840000000000002
0.07
0.07
0.125
0.125
0.125
0.125
0.11979999999999999
0.1042
0.147
0.20659999999999998
0.2726
0.4109999999999999
0.5456000000000001
0.7030000000000001
0.6492
0.64
0.632
0.588
0.54
0.5700000000000001
0.40099999999999997
1.3329999999999997
1.333
1.346
1.4
1.41
1.3716000000000002
1.366
1.438
1.355
1.343
1.5030000000000001
1.4344000000000001
0.363
0.367
0.372
0.282
0.3066
0.3986
0.38980000000000004
0.4600000000000001
0.3822
0.397
0.4908
0.5478
0.639
0.578
0.6113999999999999
0.44700000000000006
0.42300000000000004
0.426
0.556
0.511
0.5750000000000001
0.591
0.631
0.64
0.609
0.613
0.6548
0.6516000000000001
0.825
0.876
0.733
0.689
0.6965999999999999
0.07
0.07
0.07
0.07
0.07
0.07
0.07
0.07
0.07
0.0946
0.193
0.193
0.193
0.11920000000000001
0.07
0.07
0.07
0.07
0.07
0.07
0.07
0.07
0.07
0.07
0.07
0.07
0.07
0.07
0.07
0.07
0.07
0.07
0.07
0.07
0.07
0.07
0.07
0.1438
0.193
0.193
0.193
0.07
0.07
0.07
0.07
0.07
0.07
0.07
0.07
0.07
0.07
0.07
0.07
0.07
0.07
0.07
0.07
0.07
0.07
0.07
0.1438
0.193
0.193
0.193
0.07
0.07
0.07
0.07
0.07
0.07
0.07
0.07
0.07
0.07
0.07
0.07
0.07
0.07
0.07
0.07
0.07
0.16840000000000002
0.193
0.193
0.16840000000000002
0.07
0.07
0.07
0.07
0.07
0.07
0.07
0.07
0.07
0.07
0.07
0.44079999999999997
0.5529999999999999
0.8634000000000001
0.9938
0.5740000000000001
0.605
0.35540000000000005
0.312
0.33699999999999997
0.279
0.386
0.42800000000000005
0.507
0.607
0.5606
0.5660000000000001
0.598
0.518
0.5579999999999999
0.518
0.598
0.61
0.5780000000000001
0.6379999999999999
0.7788
1.764
2.6759999999999997
0.9176
0.8336
0.8595999999999998
0.827
0.7826000000000001
0.7265999999999999
0.679
0.664
0.687
0.772
0.719
2.0043999999999995
0.614
0.6952
0.8164
0.8110000000000002
0.8371999999999999
0.6714
0.7292
2.0878
0.8182
0.8560000000000001
0.749
0.726
0.75
0.726
0.8099999999999999
0.7829999999999999
0.798
0.9491999999999999
0.8779999999999999
0.8595999999999998
0.7352
0.663
0.7068000000000001
0.762
0.702
0.6266
0.609
0.635
0.7116000000000001
0.8160000000000001
0.726
0.682
0.5996
0.6396
0.682
0.7983999999999999
0.86
0.07
0.07
0.11920000000000001
0.193
0.193
0.193
0.0946
0.07
0.07
0.07
0.07
0.07
