0.06
0.08
1.8042000000000002
2.991
3.017
3.0241999999999996
1.3328000000000002
0.7894
0.072
0.072
0.072
0.072
0.072
0.072
0.072
0.072
0.072
0.10779999999999998
0.251
0.251
0.251
0.251
0.1078
0.072
0.072
0.072
0.072
0.072
0.072
0.072
0.072
0.251
0.251
0.251
0.251
0.14359999999999998
0.072
0.072
0.072
0.072
0.072
0.072
0.072
0.072
0.072
0.072
0.072
0.072
0.072
0.251
0.251
0.251
0.251
0.14359999999999998
0.072
0.072
0.072
0.072
0.072
0.072
0.072
0.072
0.072
0.072
0.072
0.072
0.251
0.251
0.251
0.251
0.14359999999999998
0.072
0.072
0.072
0.072
0.072
3.031
2.987
3.047
2.4536000000000002
0.084
0.12400000000000003
0.1972
0.3134
0.40499999999999997
0.521
0.5062000000000001
0.4302
0.287
0.40700000000000003
0.46420000000000006
0.5602
0.512
0.5092
0.4904
0.42400000000000004
0.4596
0.513
1.7891999999999997
1.7068
3.535
3.433
3.353
2.2481999999999998
0.476
0.386
0.3284
0.33799999999999997
0.374
0.374
0.374
0.418
0.372
1.9524000000000001
3.02
2.5719999999999996
1.6416
0.28500000000000003
0.2742
1.5353999999999999
0.294
0.294
0.294
2.1348000000000003
2.5854000000000004
2.7102
1.3414000000000001
0.421
0.421
0.3494
0.242
0.242
0.242
0.21559999999999996
0.209
0.209
0.072
0.072
0.072
0.072
0.072
0.1794
0.251
0.251
0.251
0.2152
0.072
0.072
0.209
1.3718
3.116
3.116
3.116
1.9532
0.209
0.209
2.5346
3.1386000000000003
5.1356
4.8498
2.1714
1.7169999999999999
1.6170000000000002
1.5218000000000003
0.345
0.20180000000000003
0.166
0.166
0.166
0.174
0.186
0.186
0.149
0.10600000000000001
1.3143999999999998
3.166
3.166
3.166
2.0248
0.092
3.1146000000000003
3.3036000000000003
3.1824000000000003
3.112
0.265
0.233
0.265
0.28500000000000003
0.5349999999999999
0.898
0.842
0.804
0.8996000000000001
0.8158
0.861
0.8930000000000001
0.9991999999999999
0.5399999999999999
0.4168
0.4368
0.43199999999999994
0.356
0.6759999999999999
0.47400000000000003
0.593
1.0577999999999999
0.43499999999999994
0.44299999999999995
0.36760000000000004
0.316
0.36
0.42860000000000004
0.531
0.555
0.562
0.6839999999999999
0.688
0.576
0.576
0.576
0.6235999999999999
1.0878
2.7180000000000004
2.754
2.722
2.6584
0.554
0.538
3.4509999999999996
3.4549999999999996
3.3998
3.219
0.312
0.272
0.284
0.30599999999999994
0.344
0.344
0.3668
0.312
0.472
0.48279999999999995
0.392
0.4574
0.3226
0.323
0.4928
0.7045999999999999
0.17939999999999998
0.072
0.072
0.072
0.072
0.072
0.19
0.21400000000000002
0.21000000000000002
0.21400000000000002
0.246
0.3548
0.6334
0.5692
0.574
1.9546
2.8034
2.868
1.9755999999999996
0.6838
0.681
0.6938000000000001
0.753
0.821
0.861
0.8962
0.771
0.7914000000000001
0.8048
0.8119999999999999
0.6128
0.583
1.2004000000000001
3.7600000000000002
3.7640000000000002
3.8589999999999995
3.1316
0.457
0.43899999999999995
0.479
