0.07
0.20600000000000002
0.336
0.23359999999999997
0.259
0.32499999999999996
0.285
0.263
0.072
0.072
0.072
0.072
0.072
0.072
0.072
0.072
0.1116
0.171
0.171
0.171
0.0918
0.072
0.072
0.072
0.072
0.072
0.072
0.072
0.072
0.072
0.072
0.072
0.072
0.15120000000000003
0.171
0.171
0.1512
0.072
0.072
0.072
0.072
0.072
0.072
0.072
0.072
0.072
0.072
0.13140000000000002
0.171
0.171
0.171
0.072
0.072
0.072
0.072
0.072
0.072
0.072
0.072
0.072
0.072
0.072
0.072
0.072
0.072
0.15120000000000003
0.171
0.171
0.1512
0.072
0.072
0.072
0.072
0.072
0.072
0.072
0.072
0.072
0.072
0.072
0.072
0.072
0.072
0.1116
0.171
0.171
0.253
0.19780000000000003
0.3012
0.334
0.362
0.44800000000000006
0.472
0.9966000000000002
1.733
1.842
1.7890000000000001
1.813
1.641
1.2222000000000002
0.517
0.5686
0.54
0.552
0.171
0.0918
0.072
0.072
0.072
0.072
0.072
0.072
0.09179999999999999
0.171
0.171
0.171
0.1116
0.072
0.072
0.072
0.072
0.072
0.072
0.072
0.072
0.072
0.072
0.1116
0.171
0.171
0.171
0.0918
0.072
0.072
0.072
0.072
0.072
0.072
0.072
0.072
0.072
0.072
0.072
0.072
0.072
0.072
0.072
0.13140000000000002
0.171
0.171
0.171
0.072
0.072
0.072
0.072
0.072
0.072
0.072
0.072
0.072
0.072
0.072
0.072
0.072
0.072
0.13140000000000002
0.171
0.171
0.171
0.072
0.072
0.072
0.072
0.072
0.072
0.072
0.13140000000000002
0.171
0.171
0.171
0.072
0.072
0.072
0.072
0.072
0.072
0.072
0.072
0.1116
0.171
0.171
0.171
0.0918
0.072
0.072
0.072
0.14900000000000002
1.3292
0.13
0.194
0.259
1.0779999999999998
0.6679999999999999
0.29700000000000004
0.171
0.171
0.171
0.1116
0.072
0.072
0.072
0.072
0.072
0.072
0.072
0.072
0.13140000000000002
0.171
0.171
0.171
0.072
0.072
0.072
0.072
0.072
0.072
0.072
0.072
0.072
0.072
0.072
0.072
0.072
0.072
0.072
0.15120000000000003
0.171
0.171
0.1512
0.072
0.072
0.072
0.11000000000000001
0.16240000000000002
0.22280000000000003
0.29
0.334
0.33
0.404
0.42000000000000004
0.4394
0.479
0.44299999999999995
0.43899999999999995
1.216
0.818
0.3894
0.4554
0.4716
0.7607999999999999
0.38
0.36000000000000004
0.8395999999999999
0.977
0.983
1.0294
1.0319999999999998
1.078
1.0622
1.0373999999999999
0.921
0.5409999999999999
0.441
0.46340000000000003
0.49060000000000004
0.358
0.3696
0.4264
0.476
0.5700000000000001
0.701
0.6481999999999999
0.6498
0.5528
0.449
0.5178
0.5668
0.6709999999999999
