0.053000000000000005
0.053000000000000005
0.053000000000000005
0.053000000000000005
0.063
0.063
0.063
0.063
0.063
0.063
0.063
0.063
0.063
0.063
0.063
0.063
0.063
0.063
0.063
0.063
0.063
0.23020000000000002
0.272
0.272
0.272
0.18839999999999998
0.063
0.063
0.063
0.063
0.063
0.063
0.063
0.063
0.063
0.063
0.063
0.063
0.1884
0.272
0.272
0.272
0.23020000000000002
0.063
0.063
0.063
0.063
0.063
0.063
0.063
0.063
0.1048
0.272
0.272
0.272
0.272
0.1048
0.063
0.063
0.063
0.063
0.063
0.063
0.063
0.063
0.063
0.063
0.063
0.063
0.063
0.063
0.1466
0.272
0.272
0.272
0.272
0.063
0.063
0.063
0.063
0.063
0.063
0.063
0.063
0.063
0.063
0.063
0.063
0.063
0.063
0.063
0.063
0.063
0.063
0.063
0.063
0.7918
2.113
2.154
2.097
1.3661999999999999
0.2446
0.081
0.061
0.061
0.061
0.0916
0.072
1.2610000000000001
0.244
0.244
0.6384000000000001
2.297
2.249
2.2778
1.9332
1.8430000000000004
2.156
2.2807999999999997
2.312
1.1221999999999999
0.318
0.32239999999999996
0.35140000000000005
0.441
0.42939999999999995
0.5791999999999999
0.9800000000000001
1.339
0.621
0.5548
0.441
0.441
0.5117999999999999
0.441
0.5117999999999999
0.546
0.5372000000000001
0.6058
0.6603999999999999
0.7794000000000001
1.1873999999999998
0.7406
0.5182
0.511
0.5252000000000001
0.5644
0.598
0.5589999999999999
0.46299999999999997
0.46299999999999997
0.46299999999999997
0.5429999999999999
0.49140000000000006
0.7156
0.4779999999999999
0.48279999999999995
0.357
0.35140000000000005
0.46319999999999995
1.6741999999999997
2.452
2.452
2.5180000000000002
1.7605999999999997
0.738
0.714
0.698
0.698
0.5307999999999999
0.4868
0.4779999999999999
0.43
0.382
0.36239999999999994
0.3912
0.4356
0.5748
0.43879999999999997
0.666
0.8044
0.785
0.8798
0.6
0.5760000000000001
0.8870000000000001
1.4438
0.9210000000000003
0.063
0.063
0.063
0.063
0.257
0.3154
0.46159999999999995
0.5038
0.489
0.6452
0.5524
0.5
0.5
0.5
0.6946
0.8464
0.8320000000000001
0.772
0.772
0.623
0.563
0.587
0.639
0.663
0.6106
0.628
0.5680000000000001
0.552
0.7554000000000001
0.829
0.7538
0.709
0.6716
0.511
0.5334
0.5158
0.4109999999999999
0.43499999999999994
0.43499999999999994
0.44880000000000003
0.4600000000000001
0.518
0.605
0.605
0.605
0.6824000000000001
0.841
0.8051999999999999
0.9126000000000001
0.8332
0.678
0.726
0.75
0.774
0.7352000000000001
0.5513999999999999
0.505
0.5426
0.621
0.621
0.6174000000000001
0.584
0.558
0.7336
0.8501999999999998
1.9040000000000004
0.8006
0.8006
0.614
0.6574
0.696
0.696
0.6072
0.6113999999999999
0.597
0.586
0.586
0.6696
0.732
0.753
0.876
0.852
0.651
0.5648
0.45780000000000004
0.481
0.5858000000000001
0.655
0.677
0.5761999999999998
0.49640000000000006
0.5936
0.7474000000000001
0.8238
0.8390000000000001
0.8030000000000002
0.5284000000000001
0.5082
0.543
0.6552
