0.059
0.051000000000000004
0.051000000000000004
0.051000000000000004
0.051000000000000004
0.051000000000000004
0.053000000000000005
0.061
0.061
0.061
0.061
0.061
0.061
0.061
0.061
0.13540000000000002
0.185
0.2738
0.4069999999999999
0.283
0.283
0.283
0.061
0.061
0.061
0.061
0.061
0.061
0.061
0.061
0.061
0.061
0.061
0.185
0.185
0.185
0.13539999999999996
0.061
0.061
0.061
0.19419999999999998
0.283
0.283
0.283
0.23859999999999998
0.061
0.0858
0.185
0.185
0.185
0.11059999999999999
0.061
0.061
0.061
0.23859999999999998
0.283
0.283
0.3326
0.3182
0.185
0.185
0.0858
0.061
0.061
0.061
0.061
0.061
0.061
0.061
0.061
0.16019999999999998
0.185
0.185
0.16019999999999998
0.061
0.061
0.061
0.061
0.061
0.061
0.19419999999999998
0.283
0.283
0.283
2.9486
3.4850000000000003
3.521
3.617
0.9482000000000002
0.44700000000000006
0.519
0.45420000000000005
0.34299999999999997
0.295
0.271
2.4524
2.4772000000000003
4.0288
2.7636
2.9471999999999996
1.6238
0.729
1.4634
2.659
2.5484
2.578
2.404
3.8019999999999996
3.7980000000000005
3.79
3.116
0.462
1.1218
3.213
3.213
3.3042000000000002
3.2969999999999997
3.5338000000000003
3.4701999999999997
3.187
3.1248
2.9367999999999994
2.848
2.848
2.3202
0.209
0.209
0.209
0.061
0.061
0.19419999999999998
0.283
0.283
0.283
0.23859999999999998
0.061
0.061
0.061
0.061
0.061
0.061
0.061
0.0858
0.185
0.3626
0.4069999999999999
0.33259999999999995
0.283
0.19419999999999998
0.061
0.10900000000000001
0.10900000000000001
0.10900000000000001
0.10900000000000001
0.1486
0.40599999999999997
1.85
3.8619999999999997
4.0448
4.1828
3.002
1.0059999999999998
1.062
0.7395999999999999
4.056
3.896
3.812
3.7629999999999995
0.8030000000000002
2.523
2.523
2.523
2.7396000000000003
2.81
1.0604
0.623
0.5212
0.372
0.396
0.396
0.061
0.16019999999999998
0.185
0.185
0.3062
0.20939999999999998
0.30779999999999996
1.19
4.5694
5.140199999999999
4.125
3.2730000000000006
0.6294
3.5902000000000003
4.392
4.4724
4.4852
1.579
0.9823999999999999
0.9469999999999998
0.8792000000000002
1.14
2.5682
3.4850000000000003
3.3924
3.2704
3.3370000000000006
2.7528
0.8549999999999999
0.9926
0.9973999999999998
1.0677999999999999
1.0429999999999997
1.106
2.7116
3.1592
0.061
0.061
0.061
0.283
0.283
0.283
2.809
2.7771999999999997
2.818
1.7944
0.5284000000000001
0.4422
0.3946
1.8412000000000002
1.186
3.87
3.875
4.071
3.5665999999999998
0.8343999999999999
0.8364
0.8029999999999999
0.8230000000000001
0.9471999999999999
0.9410000000000001
0.8729999999999999
0.8888
1.1224
2.6576
1.1830000000000003
1.15
1.0688
0.8816
0.8952
0.8960000000000001
0.9139999999999999
0.974
0.9259999999999999
0.8144
1.548
4.276
4.264
4.3314
3.7236
1.014
1.1484
1.2026
1.3698000000000001
3.401
3.257
3.2718000000000003
3.2363999999999997
3.258
3.2960000000000003
3.3040000000000007
3.3560000000000003
3.4028
6.141
2.7
2.1722
0.19419999999999998
0.283
0.283
0.283
4.0144
4.038
3.656
2.0856000000000003
4.599200000000001
3.7800000000000002
3.8
3.2268
