0.073
0.073
0.073
0.063
0.063
0.063
0.063
0.063
0.063
0.073
0.073
0.073
0.073
0.073
0.073
0.073
0.073
0.073
0.073
0.073
0.073
0.073
0.0944
0.18
0.18
0.18
0.11579999999999999
0.073
0.073
0.073
0.073
0.073
0.073
0.073
0.073
0.073
0.073
0.073
0.073
0.073
0.073
0.073
0.073
0.073
0.0944
0.18
0.18
0.18
0.11579999999999999
0.073
0.073
0.073
0.073
0.073
0.073
0.073
0.073
0.11579999999999999
0.18
0.18
0.18
0.09440000000000001
0.073
0.073
0.073
0.073
0.073
0.073
0.091
0.167
0.184
0.291
0.367
0.5324
0.6869999999999999
0.5072
0.43339999999999995
0.6769999999999999
0.393
0.736
1.1940000000000002
0.446
1.6814
0.783
0.767
0.767
0.7307999999999999
0.69
0.75
0.646
0.658
0.67
0.67
0.67
0.806
0.931
0.917
0.845
0.8130000000000001
0.813
0.841
0.829
1.559
1.2920000000000003
0.873
0.977
0.9558
1.0384
0.18
0.18
0.09440000000000001
0.073
0.073
0.073
0.073
0.073
0.073
0.073
0.073
0.073
0.073
0.18
0.18
0.18
0.1372
0.073
0.073
0.073
0.073
0.073
0.073
0.073
0.1586
0.18
0.18
0.1586
0.073
0.073
0.073
0.073
0.073
0.073
0.073
0.073
0.073
0.073
0.073
0.073
0.073
0.073
0.1586
0.18
0.18
0.1586
0.073
0.073
0.073
0.073
0.073
0.073
0.073
0.073
0.073
0.073
0.323
0.323
0.215
0.188
0.188
0.188
0.188
0.188
0.188
0.188
0.188
0.188
0.188
0.33999999999999997
0.073
0.073
0.073
0.073
0.073
0.073
0.073
0.073
0.073
0.073
0.073
0.073
0.11579999999999999
0.18
0.18
0.18
0.09440000000000001
0.073
0.073
0.073
0.19519999999999998
1.1792
1.9213999999999998
1.9602
2.0230000000000006
2.0309999999999997
0.18
0.09440000000000001
0.073
0.073
0.073
0.073
0.073
0.073
0.073
0.073
1.5106
0.318
0.425
0.43699999999999994
0.425
0.3342
0.3244
0.322
0.40599999999999997
0.38980000000000004
0.41
0.518
0.618
0.6424
0.77
0.8140000000000001
1.3542
2.1858
2.4189999999999996
2.5846
2.437
2.3280000000000003
1.3628000000000002
1.074
0.9676
0.667
0.712
0.8039999999999999
0.8469999999999999
0.6749999999999999
0.666
0.49640000000000006
0.475
0.45599999999999996
0.48200000000000004
0.558
0.54
0.4640000000000001
0.484
0.4488
0.395
0.453
0.581
0.8142000000000001
1.0266
1.008
1.024
0.9666
0.841
1.252
1.677
0.807
0.819
0.8390000000000001
0.719
0.8149999999999998
0.8140000000000001
0.625
0.9120000000000001
1.307
0.645
0.7150000000000001
0.6739999999999999
0.6539999999999999
0.6316
0.602
0.5820000000000001
0.6020000000000001
0.6299999999999999
0.5526
0.524
0.5604
0.7326
0.627
