3.578
3.578
3.465
3.465
3.396
3.396
3.009
3.009
3.018
3.018
2.982
2.982
2.701
2.701
2.525
2.525
2.348
2.348
2.296
2.296
2.623
2.623
2.681
2.681
3.05
3.05
4.161
4.161
4.415
4.415
4.316
4.316
4.136
4.136
4.052
4.052
3.841
3.841
3.97
3.97
3.983
3.983
4.091
4.091
4.616
4.616
4.658
4.658
4.888
4.888
4.879
4.879
4.44
4.44
4.414
4.414
4.383
4.383
4.342
4.342
4.902
4.902
5.04
5.04
5.181
5.181
5.074
5.074
5.963
5.963
6.51
6.51
7.164
7.164
6.209
6.209
5.166
5.166
4.976
4.976
5.029
5.029
4.936
4.936
4.683
4.683
4.519
4.519
4.299
4.299
4.078
4.078
3.726
3.726
3.674
3.674
