3.995
3.995
3.973
3.973
3.991
3.991
4.128
4.128
3.897
3.897
4.014
4.014
3.612
3.612
3.56
3.56
3.523
3.523
3.513
3.513
3.8
3.8
3.724
3.724
3.997
3.997
4.123
4.123
4.578
4.578
5.071
5.071
5.267
5.267
5.559
5.559
5.606
5.606
5.699
5.699
5.178
5.178
4.908
4.908
4.015
4.015
4.042
4.042
4.067
4.067
3.99
3.99
3.847
3.847
3.801
3.801
3.804
3.804
3.803
3.803
3.821
3.821
3.807
3.807
3.851
3.851
3.904
3.904
3.976
3.976
4.005
4.005
4.014
4.014
3.978
3.978
4.652
4.652
4.646
4.646
4.842
4.842
4.779
4.779
4.607
4.607
4.42
4.42
4.423
4.423
4.231
4.231
4.315
4.315
4.128
4.128
