3.334
3.334
3.043
3.043
3.052
3.052
3.038
3.038
3.03
3.03
2.989
2.989
3.158
3.158
3.229
3.229
3.252
3.252
3.224
3.224
3.747
3.747
3.797
3.797
3.944
3.944
3.836
3.836
4.585
4.585
5.461
5.461
5.857
5.857
5.711
5.711
5.335
5.335
4.637
4.637
4.509
4.509
4.138
4.138
3.276
3.276
3.263
3.263
3.273
3.273
3.28
3.28
3.285
3.285
3.327
3.327
3.296
3.296
3.308
3.308
3.436
3.436
3.669
3.669
3.738
3.738
4.156
4.156
4.652
4.652
5.099
5.099
5.854
5.854
8.91
8.91
12.38
12.38
11.062
11.062
7.358
7.358
6.513
6.513
5.186
5.186
4.715
4.715
4.779
4.779
4.406
4.406
3.705
3.705
3.749
3.749
