2.943
2.943
2.756
2.756
2.789
2.789
2.884
2.884
2.911
2.911
2.843
2.843
2.759
2.759
2.768
2.768
2.758
2.758
2.765
2.765
2.707
2.707
2.596
2.596
2.851
2.851
2.934
2.934
3.507
3.507
5.752
5.752
6.273
6.273
6.355
6.355
5.534
5.534
5.296
5.296
4.946
4.946
4.783
4.783
3.871
3.871
4.029
4.029
3.842
3.842
3.522
3.522
2.92
2.92
2.903
2.903
2.879
2.879
2.863
2.863
3.146
3.146
3.141
3.141
3.218
3.218
3.396
3.396
3.784
3.784
3.79
3.79
3.558
3.558
3.602
3.602
3.407
3.407
3.049
3.049
2.956
2.956
3.365
3.365
4.396
4.396
3.449
3.449
3.115
3.115
3.064
3.064
2.893
2.893
2.839
2.839
