2.847
2.847
2.768
2.768
2.806
2.806
2.8
2.8
2.782
2.782
2.762
2.762
2.703
2.703
2.688
2.688
2.687
2.687
2.714
2.714
2.659
2.659
2.744
2.744
2.761
2.761
2.871
2.871
3.265
3.265
3.329
3.329
3.289
3.289
3.457
3.457
3.568
3.568
3.599
3.599
3.565
3.565
3.585
3.585
3.522
3.522
3.52
3.52
3.531
3.531
3.506
3.506
3.401
3.401
3.398
3.398
3.431
3.431
3.42
3.42
3.531
3.531
3.66
3.66
3.842
3.842
4.212
4.212
4.402
4.402
4.143
4.143
3.806
3.806
3.745
3.745
3.559
3.559
3.502
3.502
3.381
3.381
3.401
3.401
3.391
3.391
3.417
3.417
3.376
3.376
3.32
3.32
3.126
3.126
2.779
2.779
