4.11
4.11
4.043
4.043
3.825
3.825
3.764
3.764
3.715
3.715
3.716
3.716
3.94
3.94
3.842
3.842
3.855
3.855
3.788
3.788
3.715
3.715
3.667
3.667
4.043
4.043
4.205
4.205
4.373
4.373
5.364
5.364
6.697
6.697
6.654
6.654
5.848
5.848
5.263
5.263
5.115
5.115
4.778
4.778
4.167
4.167
4.14
4.14
4.077
4.077
4.027
4.027
4.006
4.006
4.021
4.021
4.001
4.001
3.941
3.941
4.697
4.697
4.649
4.649
4.933
4.933
5.21
5.21
5.527
5.527
5.417
5.417
5.265
5.265
5.067
5.067
4.501
4.501
4.622
4.622
4.515
4.515
4.432
4.432
4.436
4.436
4.458
4.458
4.424
4.424
4.434
4.434
3.995
3.995
4.059
4.059
