2.795
2.795
2.583
2.583
2.663
2.663
2.626
2.626
2.685
2.685
2.625
2.625
2.241
2.241
2.245
2.245
2.261
2.261
2.279
2.279
2.15
2.15
2.258
2.258
2.536
2.536
2.743
2.743
3.053
3.053
3.47
3.47
3.7
3.7
3.716
3.716
3.735
3.735
3.638
3.638
3.597
3.597
3.573
3.573
3.441
3.441
3.434
3.434
3.458
3.458
3.452
3.452
3.479
3.479
3.428
3.428
3.362
3.362
3.344
3.344
3.517
3.517
3.588
3.588
3.667
3.667
4.196
4.196
4.778
4.778
4.707
4.707
4.32
4.32
4.214
4.214
3.816
3.816
3.725
3.725
3.672
3.672
3.655
3.655
3.711
3.711
3.667
3.667
3.595
3.595
3.517
3.517
3.414
3.414
2.943
2.943
