4.413
4.413
4.47
4.47
4.466
4.466
4.418
4.418
4.38
4.38
4.496
4.496
4.503
4.503
4.488
4.488
4.482
4.482
4.504
4.504
4.479
4.479
4.421
4.421
4.788
4.788
4.777
4.777
5.532
5.532
6.961
6.961
10.041
10.041
9.477
9.477
13.524
13.524
13.113
13.113
11.98
11.98
10.109
10.109
9.184
9.184
8.569
8.569
7.99
7.99
7.38
7.38
7.082
7.082
6.296
6.296
6.588
6.588
6.12
6.12
5.729
5.729
6.652
6.652
6.135
6.135
10.863
10.863
9.353
9.353
9.789
9.789
9.317
9.317
8.738
8.738
7.868
7.868
5.997
5.997
5.654
5.654
5.342
5.342
4.825
4.825
4.722
4.722
4.652
4.652
4.507
4.507
4.751
4.751
4.405
4.405
