3.616
3.616
3.863
3.863
3.691
3.691
3.63
3.63
3.634
3.634
3.623
3.623
3.403
3.403
3.464
3.464
3.417
3.417
3.516
3.516
3.825
3.825
3.764
3.764
4.028
4.028
4.069
4.069
3.859
3.859
5.278
5.278
6.002
6.002
5.551
5.551
6.328
6.328
5.544
5.544
4.86
4.86
4.712
4.712
3.742
3.742
3.717
3.717
3.729
3.729
3.713
3.713
3.729
3.729
3.708
3.708
3.744
3.744
3.724
3.724
4.0
4.0
4.075
4.075
4.031
4.031
4.67
4.67
6.018
6.018
6.782
6.782
9.457
9.457
10.548
10.548
7.261
7.261
5.855
5.855
5.063
5.063
4.744
4.744
4.119
4.119
4.008
4.008
3.899
3.899
3.739
3.739
3.766
3.766
3.535
3.535
