3.052
3.052
3.543
3.543
3.377
3.377
3.273
3.273
3.153
3.153
3.251
3.251
3.268
3.268
3.224
3.224
3.204
3.204
3.097
3.097
3.198
3.198
3.21
3.21
3.285
3.285
3.476
3.476
3.766
3.766
3.861
3.861
3.811
3.811
3.858
3.858
4.241
4.241
4.329
4.329
4.551
4.551
4.554
4.554
4.137
4.137
4.052
4.052
3.942
3.942
3.826
3.826
3.734
3.734
3.698
3.698
3.636
3.636
3.67
3.67
4.118
4.118
4.213
4.213
4.325
4.325
4.95
4.95
5.198
5.198
5.252
5.252
4.898
4.898
4.409
4.409
4.201
4.201
3.874
3.874
3.849
3.849
3.828
3.828
3.508
3.508
3.485
3.485
3.451
3.451
3.331
3.331
3.248
3.248
3.105
3.105
