3.538
3.538
3.446
3.446
3.645
3.645
3.594
3.594
3.569
3.569
3.494
3.494
3.496
3.496
3.459
3.459
3.493
3.493
3.56
3.56
3.526
3.526
3.57
3.57
3.708
3.708
4.204
4.204
4.249
4.249
5.469
5.469
5.629
5.629
5.514
5.514
6.087
6.087
6.107
6.107
5.975
5.975
6.397
6.397
5.774
5.774
5.535
5.535
5.574
5.574
5.298
5.298
4.964
4.964
4.857
4.857
4.708
4.708
4.491
4.491
4.362
4.362
4.43
4.43
4.713
4.713
4.676
4.676
4.85
4.85
4.71
4.71
4.435
4.435
4.423
4.423
4.392
4.392
4.59
4.59
4.913
4.913
4.869
4.869
4.418
4.418
4.31
4.31
4.187
4.187
4.08
4.08
4.394
4.394
3.957
3.957
