3.512
3.512
3.543
3.543
3.325
3.325
3.32
3.32
3.279
3.279
3.266
3.266
3.215
3.215
3.187
3.187
3.225
3.225
3.202
3.202
3.535
3.535
3.68
3.68
4.859
4.859
5.036
5.036
5.025
5.025
5.039
5.039
5.194
5.194
5.427
5.427
5.55
5.55
5.525
5.525
5.32
5.32
5.369
5.369
4.928
4.928
5.005
5.005
5.009
5.009
5.049
5.049
4.793
4.793
4.953
4.953
5.011
5.011
5.07
5.07
5.546
5.546
5.659
5.659
5.871
5.871
7.041
7.041
8.834
8.834
8.899
8.899
8.442
8.442
7.66
7.66
5.427
5.427
5.186
5.186
5.277
5.277
5.141
5.141
5.075
5.075
4.801
4.801
4.769
4.769
4.484
4.484
3.877
3.877
3.579
3.579
