3.181
3.181
3.058
3.058
3.07
3.07
2.977
2.977
2.914
2.914
2.875
2.875
2.73
2.73
2.731
2.731
2.781
2.781
2.728
2.728
2.773
2.773
2.857
2.857
2.825
2.825
3.208
3.208
3.557
3.557
3.616
3.616
3.564
3.564
3.53
3.53
3.65
3.65
3.723
3.723
3.859
3.859
4.145
4.145
4.577
4.577
4.796
4.796
5.632
5.632
5.318
5.318
4.877
4.877
4.872
4.872
4.861
4.861
4.794
4.794
4.304
4.304
4.317
4.317
4.453
4.453
4.807
4.807
4.654
4.654
4.383
4.383
4.371
4.371
4.216
4.216
4.002
4.002
4.155
4.155
3.916
3.916
3.702
3.702
3.652
3.652
3.945
3.945
3.749
3.749
3.625
3.625
3.335
3.335
3.127
3.127
