5.098
5.098
5.082
5.082
4.956
4.956
4.794
4.794
4.386
4.386
4.34
4.34
4.085
4.085
4.143
4.143
4.052
4.052
4.024
4.024
4.373
4.373
4.474
4.474
5.411
5.411
5.443
5.443
4.68
4.68
5.356
5.356
5.893
5.893
5.854
5.854
5.222
5.222
5.461
5.461
4.947
4.947
4.897
4.897
5.143
5.143
5.237
5.237
5.576
5.576
5.51
5.51
5.505
5.505
5.527
5.527
5.759
5.759
5.701
5.701
5.763
5.763
6.434
6.434
7.912
7.912
10.666
10.666
8.95
8.95
8.418
8.418
8.135
8.135
7.293
7.293
5.667
5.667
5.706
5.706
5.605
5.605
5.417
5.417
5.485
5.485
5.346
5.346
5.188
5.188
5.053
5.053
4.732
4.732
5.032
5.032
