3.488
3.488
3.454
3.454
3.568
3.568
3.666
3.666
3.672
3.672
3.675
3.675
3.42
3.42
3.357
3.357
3.312
3.312
3.29
3.29
3.246
3.246
3.407
3.407
3.766
3.766
4.027
4.027
4.771
4.771
5.229
5.229
5.449
5.449
5.358
5.358
5.812
5.812
5.813
5.813
5.458
5.458
5.367
5.367
3.998
3.998
4.041
4.041
3.954
3.954
3.813
3.813
3.703
3.703
3.702
3.702
3.71
3.71
3.697
3.697
3.644
3.644
3.633
3.633
3.602
3.602
3.72
3.72
4.565
4.565
4.423
4.423
4.156
4.156
4.181
4.181
4.3
4.3
4.427
4.427
4.635
4.635
4.967
4.967
5.175
5.175
4.419
4.419
4.317
4.317
4.153
4.153
4.048
4.048
3.826
3.826
