3.148
3.148
3.23
3.23
3.095
3.095
3.037
3.037
3.109
3.109
3.1
3.1
3.074
3.074
3.057
3.057
3.053
3.053
3.068
3.068
3.109
3.109
3.107
3.107
3.191
3.191
3.296
3.296
3.498
3.498
3.502
3.502
3.562
3.562
4.267
4.267
4.533
4.533
5.763
5.763
5.096
5.096
3.809
3.809
2.9
2.9
2.942
2.942
2.963
2.963
2.951
2.951
2.982
2.982
2.96
2.96
2.972
2.972
2.961
2.961
3.051
3.051
3.052
3.052
3.037
3.037
3.049
3.049
3.763
3.763
4.392
4.392
5.759
5.759
5.417
5.417
4.31
4.31
3.461
3.461
3.485
3.485
3.483
3.483
3.568
3.568
2.983
2.983
2.979
2.979
2.707
2.707
2.804
2.804
2.869
2.869
