3.546
3.546
3.322
3.322
3.066
3.066
3.185
3.185
3.081
3.081
3.019
3.019
2.751
2.751
2.671
2.671
2.647
2.647
2.758
2.758
3.17
3.17
3.26
3.26
3.358
3.358
3.936
3.936
5.0
5.0
4.968
4.968
5.122
5.122
5.143
5.143
4.966
4.966
4.938
4.938
4.845
4.845
4.622
4.622
3.818
3.818
3.813
3.813
3.845
3.845
3.809
3.809
3.752
3.752
3.761
3.761
3.764
3.764
3.776
3.776
4.129
4.129
4.195
4.195
4.381
4.381
4.467
4.467
5.102
5.102
5.094
5.094
5.098
5.098
5.064
5.064
4.885
4.885
4.818
4.818
5.25
5.25
5.399
5.399
4.81
4.81
4.687
4.687
4.411
4.411
4.381
4.381
4.028
4.028
3.974
3.974
