3.197
3.197
2.979
2.979
2.538
2.538
2.677
2.677
2.671
2.671
2.603
2.603
2.849
2.849
2.689
2.689
2.765
2.765
2.86
2.86
3.483
3.483
3.47
3.47
3.518
3.518
3.387
3.387
3.523
3.523
3.864
3.864
3.813
3.813
3.853
3.853
3.957
3.957
3.883
3.883
3.497
3.497
3.459
3.459
3.49
3.49
3.275
3.275
3.272
3.272
3.197
3.197
3.083
3.083
3.127
3.127
3.079
3.079
3.057
3.057
3.17
3.17
3.235
3.235
3.127
3.127
3.506
3.506
4.05
4.05
4.076
4.076
4.108
4.108
4.247
4.247
5.281
5.281
5.698
5.698
5.346
5.346
4.76
4.76
3.875
3.875
3.629
3.629
3.532
3.532
3.332
3.332
3.291
3.291
3.326
3.326
