3.316
3.316
3.393
3.393
3.312
3.312
3.117
3.117
3.016
3.016
3.001
3.001
2.993
2.993
2.914
2.914
2.953
2.953
2.927
2.927
3.338
3.338
3.392
3.392
3.282
3.282
3.57
3.57
4.144
4.144
3.715
3.715
3.497
3.497
4.11
4.11
4.358
4.358
4.388
4.388
4.183
4.183
4.245
4.245
4.222
4.222
4.203
4.203
4.226
4.226
4.209
4.209
4.065
4.065
4.052
4.052
3.981
3.981
3.921
3.921
4.223
4.223
4.228
4.228
4.312
4.312
4.364
4.364
5.294
5.294
5.828
5.828
6.567
6.567
6.383
6.383
4.759
4.759
4.493
4.493
4.413
4.413
4.406
4.406
4.267
4.267
4.108
4.108
4.115
4.115
3.961
3.961
3.316
3.316
3.213
3.213
