2.738
2.738
2.751
2.751
2.96
2.96
2.904
2.904
2.887
2.887
2.875
2.875
2.11
2.11
2.089
2.089
2.077
2.077
2.083
2.083
3.029
3.029
3.206
3.206
3.217
3.217
3.367
3.367
3.862
3.862
3.965
3.965
3.741
3.741
3.788
3.788
4.252
4.252
4.22
4.22
4.237
4.237
4.255
4.255
3.754
3.754
3.798
3.798
3.88
3.88
3.712
3.712
3.484
3.484
3.526
3.526
3.639
3.639
3.498
3.498
4.967
4.967
4.763
4.763
4.605
4.605
4.803
4.803
5.706
5.706
5.863
5.863
8.19
8.19
8.245
8.245
6.321
6.321
4.748
4.748
3.665
3.665
3.646
3.646
3.51
3.51
3.386
3.386
3.3
3.3
3.292
3.292
2.806
2.806
2.577
2.577
