3.706
3.706
3.562
3.562
3.631
3.631
3.66
3.66
3.646
3.646
3.638
3.638
3.77
3.77
3.751
3.751
3.788
3.788
3.622
3.622
3.546
3.546
3.677
3.677
3.912
3.912
3.507
3.507
3.929
3.929
4.264
4.264
4.528
4.528
4.65
4.65
3.994
3.994
4.09
4.09
3.973
3.973
3.932
3.932
3.497
3.497
3.414
3.414
3.461
3.461
3.441
3.441
3.39
3.39
3.391
3.391
3.357
3.357
3.311
3.311
3.473
3.473
3.542
3.542
3.526
3.526
3.599
3.599
4.064
4.064
4.134
4.134
4.154
4.154
4.234
4.234
4.013
4.013
4.046
4.046
3.962
3.962
3.892
3.892
3.992
3.992
4.014
4.014
3.891
3.891
3.715
3.715
4.114
4.114
3.606
3.606
