3.758
3.758
3.866
3.866
4.06
4.06
3.866
3.866
3.858
3.858
3.788
3.788
3.931
3.931
3.649
3.649
3.742
3.742
3.728
3.728
3.93
3.93
4.416
4.416
4.257
4.257
4.182
4.182
4.858
4.858
4.789
4.789
4.828
4.828
4.846
4.846
4.675
4.675
4.701
4.701
4.716
4.716
4.785
4.785
4.519
4.519
4.592
4.592
4.746
4.746
4.791
4.791
5.09
5.09
5.056
5.056
5.129
5.129
5.108
5.108
5.683
5.683
6.573
6.573
6.945
6.945
9.376
9.376
9.961
9.961
8.951
8.951
7.382
7.382
6.877
6.877
6.373
6.373
6.083
6.083
5.717
5.717
5.189
5.189
4.766
4.766
4.791
4.791
4.652
4.652
4.463
4.463
4.485
4.485
4.043
4.043
