3.543
3.543
3.618
3.618
3.492
3.492
3.441
3.441
3.522
3.522
3.615
3.615
3.754
3.754
3.626
3.626
3.336
3.336
3.304
3.304
3.366
3.366
3.167
3.167
3.583
3.583
3.631
3.631
3.829
3.829
4.225
4.225
4.086
4.086
3.931
3.931
3.666
3.666
3.646
3.646
3.602
3.602
3.574
3.574
3.417
3.417
3.453
3.453
3.464
3.464
3.474
3.474
3.903
3.903
4.248
4.248
4.225
4.225
4.073
4.073
5.189
5.189
5.834
5.834
5.871
5.871
7.029
7.029
7.181
7.181
6.898
6.898
5.603
5.603
5.307
5.307
3.882
3.882
3.948
3.948
3.897
3.897
3.873
3.873
3.655
3.655
3.711
3.711
3.599
3.599
3.551
3.551
3.76
3.76
3.493
3.493
