4.168
4.168
4.387
4.387
4.058
4.058
4.048
4.048
3.861
3.861
3.877
3.877
3.817
3.817
3.66
3.66
3.452
3.452
3.418
3.418
3.477
3.477
3.524
3.524
4.383
4.383
4.916
4.916
5.175
5.175
4.897
4.897
4.575
4.575
4.522
4.522
4.975
4.975
4.998
4.998
4.966
4.966
4.871
4.871
4.045
4.045
4.026
4.026
4.029
4.029
3.999
3.999
3.987
3.987
3.953
3.953
3.938
3.938
3.964
3.964
4.204
4.204
4.316
4.316
4.48
4.48
4.69
4.69
5.692
5.692
5.686
5.686
7.125
7.125
7.481
7.481
7.172
7.172
5.784
5.784
5.186
5.186
4.969
4.969
4.967
4.967
4.755
4.755
4.714
4.714
4.645
4.645
4.824
4.824
4.4
4.4
