3.256
3.256
3.235
3.235
3.373
3.373
3.344
3.344
3.439
3.439
3.48
3.48
3.612
3.612
3.604
3.604
3.587
3.587
3.543
3.543
3.554
3.554
3.616
3.616
3.963
3.963
3.716
3.716
4.264
4.264
6.801
6.801
7.274
7.274
6.664
6.664
7.779
7.779
8.013
8.013
8.07
8.07
8.075
8.075
8.115
8.115
10.468
10.468
11.289
11.289
11.635
11.635
11.36
11.36
10.474
10.474
9.64
9.64
9.472
9.472
10.319
10.319
10.768
10.768
11.419
11.419
11.44
11.44
13.683
13.683
13.39
13.39
12.961
12.961
13.057
13.057
10.099
10.099
10.201
10.201
9.598
9.598
9.522
9.522
5.19
5.19
4.598
4.598
4.33
4.33
4.162
4.162
3.435
3.435
3.563
3.563
