3.404
3.404
3.346
3.346
3.378
3.378
3.359
3.359
3.364
3.364
3.38
3.38
3.463
3.463
3.473
3.473
3.458
3.458
3.435
3.435
3.422
3.422
3.407
3.407
3.652
3.652
3.852
3.852
4.016
4.016
3.85
3.85
3.977
3.977
4.119
4.119
4.405
4.405
4.597
4.597
4.474
4.474
4.398
4.398
4.302
4.302
4.38
4.38
4.426
4.426
4.437
4.437
4.253
4.253
4.23
4.23
4.166
4.166
4.082
4.082
3.748
3.748
3.769
3.769
4.194
4.194
4.891
4.891
5.127
5.127
5.113
5.113
4.985
4.985
4.843
4.843
4.338
4.338
4.274
4.274
4.124
4.124
4.155
4.155
4.253
4.253
4.488
4.488
4.225
4.225
4.135
4.135
3.889
3.889
3.678
3.678
