3.625
3.625
3.607
3.607
3.635
3.635
3.589
3.589
3.663
3.663
3.64
3.64
3.199
3.199
2.423
2.423
2.329
2.329
2.398
2.398
3.406
3.406
3.197
3.197
4.107
4.107
3.688
3.688
3.701
3.701
4.07
4.07
4.136
4.136
3.928
3.928
4.032
4.032
4.095
4.095
4.006
4.006
3.983
3.983
3.929
3.929
3.904
3.904
3.923
3.923
3.904
3.904
3.852
3.852
3.854
3.854
3.844
3.844
3.837
3.837
4.251
4.251
4.312
4.312
4.23
4.23
4.286
4.286
4.533
4.533
5.058
5.058
5.115
5.115
5.088
5.088
5.344
5.344
5.407
5.407
5.249
5.249
4.884
4.884
4.423
4.423
4.293
4.293
4.312
4.312
4.184
4.184
3.621
3.621
3.569
3.569
