3.756
3.756
3.775
3.775
3.329
3.329
3.34
3.34
3.397
3.397
3.096
3.096
2.017
2.017
1.106
1.106
1.014
1.014
0.992
0.992
2.209
2.209
2.151
2.151
3.503
3.503
3.751
3.751
4.197
4.197
4.442
4.442
4.528
4.528
4.708
4.708
5.335
5.335
5.191
5.191
4.968
4.968
4.869
4.869
4.342
4.342
4.236
4.236
4.276
4.276
4.172
4.172
3.995
3.995
3.923
3.923
3.863
3.863
3.832
3.832
3.855
3.855
3.775
3.775
4.024
4.024
4.186
4.186
4.854
4.854
4.799
4.799
4.778
4.778
4.631
4.631
4.235
4.235
4.185
4.185
4.23
4.23
4.221
4.221
4.438
4.438
4.142
4.142
4.081
4.081
4.048
4.048
4.009
4.009
3.865
3.865
