2.798
2.798
2.835
2.835
2.677
2.677
2.707
2.707
2.461
2.461
2.401
2.401
2.167
2.167
2.125
2.125
2.209
2.209
2.297
2.297
2.758
2.758
2.51
2.51
2.833
2.833
3.24
3.24
2.702
2.702
2.999
2.999
3.635
3.635
2.661
2.661
2.472
2.472
2.489
2.489
2.477
2.477
2.522
2.522
2.483
2.483
2.495
2.495
2.483
2.483
2.49
2.49
2.442
2.442
2.443
2.443
2.456
2.456
2.452
2.452
2.613
2.613
2.629
2.629
2.629
2.629
2.704
2.704
3.047
3.047
3.026
3.026
3.147
3.147
3.224
3.224
4.142
4.142
4.157
4.157
4.211
4.211
4.339
4.339
5.0
5.0
4.25
4.25
3.644
3.644
3.518
3.518
3.236
3.236
2.711
2.711
