3.325
3.325
3.317
3.317
3.282
3.282
3.215
3.215
3.167
3.167
3.163
3.163
3.205
3.205
3.034
3.034
3.005
3.005
3.037
3.037
3.146
3.146
3.167
3.167
3.342
3.342
3.787
3.787
4.831
4.831
4.664
4.664
4.773
4.773
4.439
4.439
4.332
4.332
4.505
4.505
5.326
5.326
5.291
5.291
4.83
4.83
4.818
4.818
4.799
4.799
4.758
4.758
4.867
4.867
4.672
4.672
4.703
4.703
4.589
4.589
4.791
4.791
4.849
4.849
5.19
5.19
5.514
5.514
8.378
8.378
8.471
8.471
7.793
7.793
7.185
7.185
5.722
5.722
5.446
5.446
5.26
5.26
5.201
5.201
5.319
5.319
5.191
5.191
5.112
5.112
4.752
4.752
3.328
3.328
3.27
3.27
