3.063
3.063
3.177
3.177
3.129
3.129
3.174
3.174
3.023
3.023
3.01
3.01
3.006
3.006
3.001
3.001
3.037
3.037
3.072
3.072
3.361
3.361
3.368
3.368
3.533
3.533
3.53
3.53
3.846
3.846
3.884
3.884
3.726
3.726
3.632
3.632
3.995
3.995
3.931
3.931
3.852
3.852
3.826
3.826
3.804
3.804
3.684
3.684
3.661
3.661
3.569
3.569
3.704
3.704
3.65
3.65
3.623
3.623
3.611
3.611
3.919
3.919
3.978
3.978
3.927
3.927
4.05
4.05
5.66
5.66
6.004
6.004
6.474
6.474
7.063
7.063
6.638
6.638
6.001
6.001
5.492
5.492
5.082
5.082
4.192
4.192
4.264
4.264
4.142
4.142
4.016
4.016
3.463
3.463
3.317
3.317
