3.532
3.532
3.467
3.467
3.852
3.852
3.845
3.845
3.748
3.748
3.632
3.632
3.46
3.46
3.247
3.247
3.306
3.306
3.25
3.25
3.331
3.331
3.449
3.449
4.236
4.236
4.206
4.206
3.919
3.919
3.969
3.969
3.925
3.925
3.81
3.81
4.412
4.412
4.444
4.444
4.374
4.374
4.447
4.447
4.434
4.434
4.281
4.281
4.349
4.349
4.268
4.268
4.181
4.181
4.116
4.116
4.124
4.124
4.047
4.047
4.19
4.19
4.328
4.328
4.171
4.171
4.629
4.629
6.332
6.332
6.406
6.406
6.106
6.106
5.862
5.862
4.495
4.495
4.406
4.406
4.529
4.529
4.443
4.443
4.138
4.138
4.193
4.193
4.074
4.074
4.008
4.008
3.635
3.635
3.429
3.429
