3.384
3.384
3.173
3.173
3.029
3.029
2.9
2.9
2.952
2.952
2.819
2.819
2.727
2.727
2.753
2.753
2.721
2.721
2.669
2.669
2.752
2.752
2.977
2.977
3.46
3.46
3.495
3.495
3.388
3.388
3.446
3.446
3.431
3.431
3.653
3.653
3.333
3.333
3.369
3.369
3.423
3.423
3.402
3.402
3.3
3.3
3.29
3.29
3.251
3.251
3.254
3.254
3.249
3.249
3.229
3.229
3.201
3.201
3.195
3.195
3.554
3.554
3.597
3.597
3.866
3.866
3.973
3.973
4.448
4.448
4.326
4.326
4.042
4.042
3.906
3.906
3.933
3.933
4.067
4.067
3.83
3.83
3.726
3.726
3.676
3.676
3.703
3.703
3.732
3.732
3.597
3.597
3.534
3.534
3.235
3.235
