2.739
2.739
2.913
2.913
3.122
3.122
2.634
2.634
2.612
2.612
2.558
2.558
2.232
2.232
2.099
2.099
2.162
2.162
2.192
2.192
2.853
2.853
2.996
2.996
3.177
3.177
3.073
3.073
3.913
3.913
4.066
4.066
4.101
4.101
3.889
3.889
4.144
4.144
4.413
4.413
4.548
4.548
4.311
4.311
4.028
4.028
3.888
3.888
3.812
3.812
3.789
3.789
3.707
3.707
3.692
3.692
3.718
3.718
3.657
3.657
4.213
4.213
4.355
4.355
4.332
4.332
6.403
6.403
9.793
9.793
9.202
9.202
7.514
7.514
6.521
6.521
5.888
5.888
5.597
5.597
3.831
3.831
3.685
3.685
3.562
3.562
3.346
3.346
3.118
3.118
2.984
2.984
2.904
2.904
2.745
2.745
