2.758
2.758
2.837
2.837
2.789
2.789
2.715
2.715
2.585
2.585
2.583
2.583
2.696
2.696
2.749
2.749
2.743
2.743
2.743
2.743
2.752
2.752
2.818
2.818
2.916
2.916
3.022
3.022
3.058
3.058
3.192
3.192
3.779
3.779
3.861
3.861
4.267
4.267
4.123
4.123
3.904
3.904
3.645
3.645
3.634
3.634
3.598
3.598
3.444
3.444
3.318
3.318
3.097
3.097
3.066
3.066
3.076
3.076
3.091
3.091
3.711
3.711
3.672
3.672
3.497
3.497
3.556
3.556
4.052
4.052
5.148
5.148
5.918
5.918
5.76
5.76
4.275
4.275
3.565
3.565
3.642
3.642
3.572
3.572
3.514
3.514
3.344
3.344
3.291
3.291
3.241
3.241
3.095
3.095
2.729
2.729
