3.499
3.499
3.221
3.221
3.049
3.049
3.064
3.064
3.038
3.038
2.934
2.934
2.598
2.598
2.61
2.61
2.571
2.571
2.529
2.529
2.581
2.581
2.751
2.751
3.008
3.008
2.882
2.882
3.596
3.596
3.744
3.744
4.181
4.181
4.238
4.238
4.148
4.148
4.187
4.187
4.096
4.096
3.988
3.988
3.736
3.736
3.746
3.746
4.025
4.025
3.724
3.724
3.738
3.738
3.572
3.572
3.519
3.519
3.448
3.448
3.553
3.553
3.616
3.616
3.644
3.644
3.887
3.887
3.94
3.94
3.722
3.722
3.73
3.73
3.678
3.678
4.073
4.073
4.14
4.14
3.99
3.99
3.907
3.907
3.964
3.964
4.015
4.015
4.075
4.075
3.828
3.828
3.827
3.827
3.493
3.493
