4.106
4.106
3.54
3.54
3.647
3.647
3.685
3.685
3.593
3.593
3.549
3.549
2.921
2.921
2.939
2.939
2.885
2.885
2.817
2.817
3.407
3.407
3.784
3.784
3.902
3.902
3.825
3.825
3.943
3.943
3.883
3.883
4.112
4.112
4.218
4.218
4.458
4.458
4.469
4.469
4.312
4.312
4.205
4.205
4.257
4.257
4.262
4.262
4.378
4.378
4.272
4.272
4.163
4.163
4.17
4.17
4.233
4.233
4.194
4.194
4.868
4.868
5.033
5.033
5.388
5.388
5.732
5.732
6.492
6.492
6.337
6.337
5.999
5.999
5.792
5.792
4.698
4.698
4.661
4.661
4.569
4.569
4.518
4.518
4.54
4.54
4.291
4.291
4.254
4.254
4.092
4.092
4.116
4.116
3.886
3.886
