3.761
3.761
3.62
3.62
3.493
3.493
3.426
3.426
3.386
3.386
3.298
3.298
3.311
3.311
3.311
3.311
3.295
3.295
3.31
3.31
3.88
3.88
4.34
4.34
4.768
4.768
5.205
5.205
5.378
5.378
5.544
5.544
5.677
5.677
5.755
5.755
6.658
6.658
6.941
6.941
7.004
7.004
6.671
6.671
5.397
5.397
5.165
5.165
5.099
5.099
4.907
4.907
4.204
4.204
4.218
4.218
4.213
4.213
4.195
4.195
4.903
4.903
5.114
5.114
5.438
5.438
5.738
5.738
7.091
7.091
6.94
6.94
6.761
6.761
6.474
6.474
5.705
5.705
5.699
5.699
5.885
5.885
5.548
5.548
4.949
4.949
4.514
4.514
4.62
4.62
4.528
4.528
3.965
3.965
3.801
3.801
