2.603
2.603
2.594
2.594
2.659
2.659
2.599
2.599
2.595
2.595
2.595
2.595
2.575
2.575
2.484
2.484
2.223
2.223
2.076
2.076
2.59
2.59
2.704
2.704
2.955
2.955
3.033
3.033
3.029
3.029
3.082
3.082
3.135
3.135
3.206
3.206
4.319
4.319
4.289
4.289
4.431
4.431
4.371
4.371
4.154
4.154
4.211
4.211
4.287
4.287
4.149
4.149
3.693
3.693
3.424
3.424
3.405
3.405
3.337
3.337
3.315
3.315
3.427
3.427
3.787
3.787
4.189
4.189
5.359
5.359
5.885
5.885
5.674
5.674
5.039
5.039
3.928
3.928
3.466
3.466
3.549
3.549
3.401
3.401
3.29
3.29
3.22
3.22
2.974
2.974
2.798
2.798
2.577
2.577
2.551
2.551
