5.165
5.165
5.22
5.22
4.98
4.98
4.779
4.779
4.442
4.442
4.284
4.284
3.961
3.961
3.799
3.799
3.764
3.764
3.772
3.772
4.196
4.196
4.129
4.129
4.973
4.973
4.893
4.893
4.799
4.799
4.895
4.895
5.6
5.6
5.8
5.8
5.688
5.688
5.598
5.598
5.513
5.513
5.499
5.499
5.303
5.303
5.122
5.122
5.241
5.241
5.211
5.211
5.17
5.17
5.061
5.061
5.188
5.188
5.125
5.125
6.23
6.23
6.701
6.701
7.109
7.109
7.853
7.853
7.357
7.357
7.032
7.032
6.936
6.936
6.658
6.658
5.215
5.215
5.195
5.195
5.02
5.02
5.043
5.043
5.055
5.055
5.012
5.012
4.94
4.94
4.945
4.945
4.983
4.983
5.128
5.128
