3.145
3.145
3.058
3.058
3.275
3.275
3.332
3.332
3.384
3.384
3.289
3.289
3.128
3.128
3.116
3.116
2.998
2.998
2.955
2.955
2.826
2.826
2.834
2.834
3.617
3.617
3.75
3.75
3.608
3.608
4.356
4.356
4.652
4.652
4.216
4.216
4.459
4.459
4.352
4.352
4.282
4.282
4.24
4.24
3.986
3.986
3.939
3.939
3.928
3.928
3.922
3.922
3.916
3.916
3.89
3.89
3.909
3.909
3.889
3.889
4.066
4.066
4.078
4.078
4.342
4.342
4.636
4.636
4.656
4.656
4.358
4.358
5.094
5.094
7.685
7.685
7.857
7.857
5.833
5.833
4.772
4.772
4.638
4.638
4.071
4.071
4.12
4.12
3.904
3.904
3.811
3.811
3.486
3.486
3.231
3.231
