3.913
3.913
3.908
3.908
4.002
4.002
4.035
4.035
3.931
3.931
4.012
4.012
3.964
3.964
3.989
3.989
3.966
3.966
3.955
3.955
4.04
4.04
4.361
4.361
4.131
4.131
3.974
3.974
4.284
4.284
4.623
4.623
6.056
6.056
6.846
6.846
6.254
6.254
6.007
6.007
5.847
5.847
5.547
5.547
4.008
4.008
4.007
4.007
4.006
4.006
3.986
3.986
3.761
3.761
3.755
3.755
3.746
3.746
3.748
3.748
4.163
4.163
4.258
4.258
4.248
4.248
4.464
4.464
4.745
4.745
4.795
4.795
4.73
4.73
4.699
4.699
4.705
4.705
4.696
4.696
5.145
5.145
5.189
5.189
4.826
4.826
4.638
4.638
4.665
4.665
4.634
4.634
4.037
4.037
3.932
3.932
