3.561
3.561
3.616
3.616
3.768
3.768
3.661
3.661
3.751
3.751
3.722
3.722
3.697
3.697
3.665
3.665
3.655
3.655
3.627
3.627
3.571
3.571
3.444
3.444
3.726
3.726
3.793
3.793
5.154
5.154
5.952
5.952
6.887
6.887
6.808
6.808
7.618
7.618
7.518
7.518
7.499
7.499
7.186
7.186
6.18
6.18
5.954
5.954
5.984
5.984
6.215
6.215
6.947
6.947
7.021
7.021
7.37
7.37
7.184
7.184
7.704
7.704
10.323
10.323
8.825
8.825
9.956
9.956
10.119
10.119
9.538
9.538
8.734
8.734
8.244
8.244
5.42
5.42
4.932
4.932
5.134
5.134
4.949
4.949
4.706
4.706
4.597
4.597
4.2
4.2
4.171
4.171
3.731
3.731
3.656
3.656
