3.127
3.127
3.062
3.062
3.034
3.034
3.29
3.29
3.508
3.508
3.707
3.707
3.739
3.739
3.794
3.794
3.827
3.827
3.977
3.977
3.94
3.94
3.823
3.823
4.254
4.254
4.251
4.251
3.992
3.992
4.275
4.275
4.805
4.805
5.066
5.066
5.119
5.119
4.632
4.632
4.47
4.47
4.21
4.21
3.963
3.963
4.005
4.005
4.158
4.158
3.776
3.776
3.469
3.469
3.422
3.422
3.425
3.425
3.243
3.243
3.056
3.056
3.08
3.08
3.182
3.182
3.382
3.382
3.873
3.873
3.89
3.89
3.823
3.823
3.866
3.866
4.014
4.014
4.248
4.248
4.045
4.045
4.135
4.135
4.02
4.02
3.713
3.713
3.826
3.826
3.458
3.458
3.568
3.568
3.116
3.116
