3.453
3.453
3.561
3.561
3.487
3.487
3.417
3.417
3.223
3.223
3.326
3.326
3.193
3.193
3.243
3.243
3.27
3.27
3.364
3.364
3.484
3.484
3.277
3.277
4.142
4.142
4.225
4.225
4.907
4.907
6.286
6.286
5.503
5.503
5.646
5.646
6.079
6.079
5.683
5.683
5.678
5.678
5.338
5.338
4.706
4.706
4.511
4.511
4.417
4.417
4.291
4.291
4.355
4.355
4.17
4.17
4.098
4.098
4.103
4.103
4.638
4.638
4.686
4.686
4.604
4.604
4.793
4.793
5.168
5.168
5.465
5.465
5.892
5.892
5.54
5.54
5.103
5.103
4.714
4.714
4.695
4.695
4.549
4.549
4.495
4.495
4.304
4.304
4.135
4.135
4.057
4.057
3.233
3.233
3.312
3.312
