5.034
5.034
4.944
4.944
4.37
4.37
4.144
4.144
4.003
4.003
3.879
3.879
3.586
3.586
3.567
3.567
3.516
3.516
3.508
3.508
3.699
3.699
3.691
3.691
4.046
4.046
4.397
4.397
4.735
4.735
5.1
5.1
5.507
5.507
5.535
5.535
5.962
5.962
5.916
5.916
5.938
5.938
5.916
5.916
6.266
6.266
6.192
6.192
6.211
6.211
6.187
6.187
6.029
6.029
5.916
5.916
5.725
5.725
5.696
5.696
5.319
5.319
5.313
5.313
5.373
5.373
5.55
5.55
5.608
5.608
5.486
5.486
5.41
5.41
5.238
5.238
5.468
5.468
5.545
5.545
5.448
5.448
5.435
5.435
5.535
5.535
5.488
5.488
5.278
5.278
5.235
5.235
4.784
4.784
4.988
4.988
