2.789
2.789
2.402
2.402
2.85
2.85
2.919
2.919
3.051
3.051
3.009
3.009
3.029
3.029
3.003
3.003
3.052
3.052
3.078
3.078
3.748
3.748
3.769
3.769
3.575
3.575
3.76
3.76
4.35
4.35
4.622
4.622
4.959
4.959
4.978
4.978
5.984
5.984
5.978
5.978
5.713
5.713
5.455
5.455
4.732
4.732
4.657
4.657
4.555
4.555
4.58
4.58
4.215
4.215
4.19
4.19
4.122
4.122
4.067
4.067
3.935
3.935
4.125
4.125
4.153
4.153
4.12
4.12
4.325
4.325
4.177
4.177
4.958
4.958
6.593
6.593
5.521
5.521
4.414
4.414
4.21
4.21
4.258
4.258
3.999
3.999
3.858
3.858
3.82
3.82
3.892
3.892
3.12
3.12
2.994
2.994
