3.118
3.118
3.047
3.047
3.14
3.14
3.212
3.212
3.166
3.166
3.202
3.202
3.233
3.233
3.201
3.201
3.197
3.197
3.134
3.134
3.268
3.268
3.235
3.235
3.811
3.811
3.626
3.626
3.423
3.423
3.368
3.368
3.453
3.453
3.369
3.369
3.569
3.569
3.423
3.423
3.541
3.541
3.485
3.485
3.582
3.582
3.494
3.494
3.47
3.47
3.443
3.443
3.344
3.344
3.341
3.341
3.339
3.339
3.336
3.336
3.568
3.568
3.555
3.555
3.579
3.579
3.707
3.707
4.211
4.211
4.351
4.351
4.437
4.437
4.772
4.772
4.944
4.944
4.806
4.806
5.307
5.307
5.479
5.479
4.743
4.743
3.995
3.995
4.197
4.197
3.837
3.837
3.084
3.084
3.352
3.352
