3.222
3.222
3.287
3.287
3.457
3.457
3.434
3.434
3.431
3.431
3.439
3.439
3.143
3.143
3.157
3.157
3.195
3.195
3.173
3.173
3.87
3.87
3.871
3.871
4.114
4.114
4.169
4.169
4.405
4.405
4.406
4.406
4.242
4.242
4.348
4.348
4.226
4.226
4.002
4.002
3.977
3.977
3.973
3.973
3.578
3.578
3.579
3.579
3.528
3.528
3.52
3.52
3.479
3.479
3.502
3.502
3.531
3.531
3.498
3.498
3.489
3.489
3.471
3.471
3.573
3.573
3.604
3.604
4.431
4.431
4.436
4.436
4.725
4.725
6.099
6.099
6.0
6.0
5.449
5.449
5.141
5.141
4.836
4.836
4.276
4.276
4.218
4.218
4.081
4.081
4.102
4.102
3.575
3.575
3.467
3.467
