3.811
3.811
3.596
3.596
3.552
3.552
3.506
3.506
3.278
3.278
3.264
3.264
3.351
3.351
3.316
3.316
3.316
3.316
3.297
3.297
3.611
3.611
3.908
3.908
3.883
3.883
4.194
4.194
4.429
4.429
4.489
4.489
4.885
4.885
4.858
4.858
6.546
6.546
6.673
6.673
6.512
6.512
6.404
6.404
6.206
6.206
6.184
6.184
6.145
6.145
5.974
5.974
5.144
5.144
4.713
4.713
4.562
4.562
4.438
4.438
7.803
7.803
8.739
8.739
10.91
10.91
12.933
12.933
23.144
23.144
23.787
23.787
17.957
17.957
16.675
16.675
5.041
5.041
4.931
4.931
4.423
4.423
4.316
4.316
4.333
4.333
4.212
4.212
4.094
4.094
4.046
4.046
3.904
3.904
3.264
3.264
