3.333
3.333
3.333
3.333
3.333
3.333
3.25
3.25
3.25
3.25
3.25
3.25
3.205
3.205
3.205
3.205
3.205
3.205
3.277
3.277
3.277
3.277
3.277
3.277
3.139
3.139
3.139
3.139
3.139
3.139
3.085
3.085
3.085
3.085
3.085
3.085
3.118
3.118
3.118
3.118
3.118
3.118
3.127
3.127
3.127
3.127
3.127
3.127
3.095
3.095
3.095
3.095
3.095
3.095
3.035
3.035
3.035
3.035
3.035
3.035
3.009
3.009
3.009
3.009
3.009
3.009
3.026
3.026
3.026
3.026
3.026
3.026
3.209
3.209
3.209
3.209
3.209
3.209
3.056
3.056
3.056
3.056
3.056
3.056
3.529
3.529
3.529
3.529
3.529
3.529
4.367
4.367
4.367
4.367
4.367
4.367
5.042
5.042
5.042
5.042
5.042
5.042
4.795
4.795
4.795
4.795
4.795
4.795
4.788
4.788
4.788
4.788
4.788
4.788
4.783
4.783
4.783
4.783
4.783
4.783
4.722
4.722
4.722
4.722
4.722
4.722
4.586
4.586
4.586
4.586
4.586
4.586
3.832
3.832
3.832
3.832
3.832
3.832
3.758
3.758
3.758
3.758
3.758
3.758
3.772
3.772
3.772
3.772
3.772
3.772
3.732
3.732
3.732
3.732
3.732
3.732
3.805
3.805
3.805
3.805
3.805
3.805
3.801
3.801
3.801
3.801
3.801
3.801
3.738
3.738
3.738
3.738
3.738
3.738
3.671
3.671
3.671
3.671
3.671
3.671
3.582
3.582
3.582
3.582
3.582
3.582
3.622
3.622
3.622
3.622
3.622
3.622
4.196
4.196
4.196
4.196
4.196
4.196
4.877
4.877
4.877
4.877
4.877
4.877
4.774
4.774
4.774
4.774
4.774
4.774
4.506
4.506
4.506
4.506
4.506
4.506
3.977
3.977
3.977
3.977
3.977
3.977
3.963
3.963
3.963
3.963
3.963
3.963
3.747
3.747
3.747
3.747
3.747
3.747
3.651
3.651
3.651
3.651
3.651
3.651
3.535
3.535
3.535
3.535
3.535
3.535
3.418
3.418
3.418
3.418
3.418
3.418
3.685
3.685
3.685
3.685
3.685
3.685
3.488
3.488
3.488
3.488
3.488
3.488
3.1
3.1
3.1
3.1
3.1
3.1
3.059
3.059
3.059
3.059
3.059
3.059
3.263
3.263
3.263
3.263
3.263
3.263
3.206
3.206
3.206
3.206
3.206
3.206
