3.285
3.285
3.285
3.285
3.285
3.285
2.829
2.829
2.829
2.829
2.829
2.829
3.269
3.269
3.269
3.269
3.269
3.269
2.93
2.93
2.93
2.93
2.93
2.93
2.894
2.894
2.894
2.894
2.894
2.894
2.739
2.739
2.739
2.739
2.739
2.739
2.53
2.53
2.53
2.53
2.53
2.53
2.54
2.54
2.54
2.54
2.54
2.54
2.534
2.534
2.534
2.534
2.534
2.534
2.637
2.637
2.637
2.637
2.637
2.637
3.264
3.264
3.264
3.264
3.264
3.264
3.428
3.428
3.428
3.428
3.428
3.428
3.702
3.702
3.702
3.702
3.702
3.702
2.758
2.758
2.758
2.758
2.758
2.758
3.585
3.585
3.585
3.585
3.585
3.585
5.298
5.298
5.298
5.298
5.298
5.298
4.705
4.705
4.705
4.705
4.705
4.705
4.064
4.064
4.064
4.064
4.064
4.064
3.428
3.428
3.428
3.428
3.428
3.428
3.352
3.352
3.352
3.352
3.352
3.352
3.305
3.305
3.305
3.305
3.305
3.305
3.217
3.217
3.217
3.217
3.217
3.217
2.27
2.27
2.27
2.27
2.27
2.27
2.229
2.229
2.229
2.229
2.229
2.229
2.243
2.243
2.243
2.243
2.243
2.243
2.225
2.225
2.225
2.225
2.225
2.225
2.221
2.221
2.221
2.221
2.221
2.221
2.219
2.219
2.219
2.219
2.219
2.219
2.228
2.228
2.228
2.228
2.228
2.228
2.222
2.222
2.222
2.222
2.222
2.222
1.721
1.721
1.721
1.721
1.721
1.721
1.815
1.815
1.815
1.815
1.815
1.815
2.097
2.097
2.097
2.097
2.097
2.097
2.296
2.296
2.296
2.296
2.296
2.296
2.569
2.569
2.569
2.569
2.569
2.569
2.548
2.548
2.548
2.548
2.548
2.548
2.635
2.635
2.635
2.635
2.635
2.635
2.753
2.753
2.753
2.753
2.753
2.753
3.704
3.704
3.704
3.704
3.704
3.704
4.518
4.518
4.518
4.518
4.518
4.518
5.428
5.428
5.428
5.428
5.428
5.428
3.992
3.992
3.992
3.992
3.992
3.992
3.483
3.483
3.483
3.483
3.483
3.483
3.263
3.263
3.263
3.263
3.263
3.263
3.405
3.405
3.405
3.405
3.405
3.405
3.095
3.095
3.095
3.095
3.095
3.095
3.141
3.141
3.141
3.141
3.141
3.141
3.529
3.529
3.529
3.529
3.529
3.529
