2.565
2.565
2.565
2.565
2.565
2.565
2.538
2.538
2.538
2.538
2.538
2.538
2.443
2.443
2.443
2.443
2.443
2.443
2.419
2.419
2.419
2.419
2.419
2.419
2.38
2.38
2.38
2.38
2.38
2.38
2.327
2.327
2.327
2.327
2.327
2.327
2.026
2.026
2.026
2.026
2.026
2.026
1.906
1.906
1.906
1.906
1.906
1.906
1.981
1.981
1.981
1.981
1.981
1.981
1.985
1.985
1.985
1.985
1.985
1.985
2.556
2.556
2.556
2.556
2.556
2.556
2.508
2.508
2.508
2.508
2.508
2.508
3.295
3.295
3.295
3.295
3.295
3.295
3.616
3.616
3.616
3.616
3.616
3.616
3.764
3.764
3.764
3.764
3.764
3.764
3.468
3.468
3.468
3.468
3.468
3.468
3.339
3.339
3.339
3.339
3.339
3.339
3.255
3.255
3.255
3.255
3.255
3.255
3.232
3.232
3.232
3.232
3.232
3.232
3.219
3.219
3.219
3.219
3.219
3.219
3.236
3.236
3.236
3.236
3.236
3.236
3.176
3.176
3.176
3.176
3.176
3.176
3.199
3.199
3.199
3.199
3.199
3.199
3.174
3.174
3.174
3.174
3.174
3.174
3.191
3.191
3.191
3.191
3.191
3.191
3.2
3.2
3.2
3.2
3.2
3.2
3.21
3.21
3.21
3.21
3.21
3.21
3.198
3.198
3.198
3.198
3.198
3.198
3.223
3.223
3.223
3.223
3.223
3.223
3.264
3.264
3.264
3.264
3.264
3.264
4.175
4.175
4.175
4.175
4.175
4.175
4.203
4.203
4.203
4.203
4.203
4.203
4.337
4.337
4.337
4.337
4.337
4.337
4.732
4.732
4.732
4.732
4.732
4.732
5.207
5.207
5.207
5.207
5.207
5.207
5.522
5.522
5.522
5.522
5.522
5.522
4.697
4.697
4.697
4.697
4.697
4.697
4.459
4.459
4.459
4.459
4.459
4.459
3.566
3.566
3.566
3.566
3.566
3.566
3.561
3.561
3.561
3.561
3.561
3.561
3.569
3.569
3.569
3.569
3.569
3.569
3.553
3.553
3.553
3.553
3.553
3.553
3.436
3.436
3.436
3.436
3.436
3.436
3.399
3.399
3.399
3.399
3.399
3.399
3.327
3.327
3.327
3.327
3.327
3.327
3.202
3.202
3.202
3.202
3.202
3.202
2.548
2.548
2.548
2.548
2.548
2.548
2.331
2.331
2.331
2.331
2.331
2.331
