1.378
1.378
1.378
1.378
1.378
1.378
1.522
1.522
1.522
1.522
1.522
1.522
1.432
1.432
1.432
1.432
1.432
1.432
0.968
0.968
0.968
0.968
0.968
0.968
0.804
0.804
0.804
0.804
0.804
0.804
0.776
0.776
0.776
0.776
0.776
0.776
1.101
1.101
1.101
1.101
1.101
1.101
1.192
1.192
1.192
1.192
1.192
1.192
1.156
1.156
1.156
1.156
1.156
1.156
1.189
1.189
1.189
1.189
1.189
1.189
1.766
1.766
1.766
1.766
1.766
1.766
1.895
1.895
1.895
1.895
1.895
1.895
1.276
1.276
1.276
1.276
1.276
1.276
1.518
1.518
1.518
1.518
1.518
1.518
2.485
2.485
2.485
2.485
2.485
2.485
2.892
2.892
2.892
2.892
2.892
2.892
2.943
2.943
2.943
2.943
2.943
2.943
2.81
2.81
2.81
2.81
2.81
2.81
3.056
3.056
3.056
3.056
3.056
3.056
3.104
3.104
3.104
3.104
3.104
3.104
3.193
3.193
3.193
3.193
3.193
3.193
3.147
3.147
3.147
3.147
3.147
3.147
3.411
3.411
3.411
3.411
3.411
3.411
3.527
3.527
3.527
3.527
3.527
3.527
3.679
3.679
3.679
3.679
3.679
3.679
3.627
3.627
3.627
3.627
3.627
3.627
3.452
3.452
3.452
3.452
3.452
3.452
3.404
3.404
3.404
3.404
3.404
3.404
3.414
3.414
3.414
3.414
3.414
3.414
3.351
3.351
3.351
3.351
3.351
3.351
3.63
3.63
3.63
3.63
3.63
3.63
3.769
3.769
3.769
3.769
3.769
3.769
4.155
4.155
4.155
4.155
4.155
4.155
4.885
4.885
4.885
4.885
4.885
4.885
5.741
5.741
5.741
5.741
5.741
5.741
5.867
5.867
5.867
5.867
5.867
5.867
5.571
5.571
5.571
5.571
5.571
5.571
5.389
5.389
5.389
5.389
5.389
5.389
4.025
4.025
4.025
4.025
4.025
4.025
3.932
3.932
3.932
3.932
3.932
3.932
3.962
3.962
3.962
3.962
3.962
3.962
3.824
3.824
3.824
3.824
3.824
3.824
3.764
3.764
3.764
3.764
3.764
3.764
3.64
3.64
3.64
3.64
3.64
3.64
3.485
3.485
3.485
3.485
3.485
3.485
3.438
3.438
3.438
3.438
3.438
3.438
2.518
2.518
2.518
2.518
2.518
2.518
1.154
1.154
1.154
1.154
1.154
1.154
