3.078
3.078
3.078
3.078
3.078
3.078
3.319
3.319
3.319
3.319
3.319
3.319
3.354
3.354
3.354
3.354
3.354
3.354
3.246
3.246
3.246
3.246
3.246
3.246
3.058
3.058
3.058
3.058
3.058
3.058
3.132
3.132
3.132
3.132
3.132
3.132
2.939
2.939
2.939
2.939
2.939
2.939
2.743
2.743
2.743
2.743
2.743
2.743
2.649
2.649
2.649
2.649
2.649
2.649
2.573
2.573
2.573
2.573
2.573
2.573
3.089
3.089
3.089
3.089
3.089
3.089
2.997
2.997
2.997
2.997
2.997
2.997
2.985
2.985
2.985
2.985
2.985
2.985
3.014
3.014
3.014
3.014
3.014
3.014
3.207
3.207
3.207
3.207
3.207
3.207
3.828
3.828
3.828
3.828
3.828
3.828
2.835
2.835
2.835
2.835
2.835
2.835
3.126
3.126
3.126
3.126
3.126
3.126
3.56
3.56
3.56
3.56
3.56
3.56
3.611
3.611
3.611
3.611
3.611
3.611
3.597
3.597
3.597
3.597
3.597
3.597
3.456
3.456
3.456
3.456
3.456
3.456
3.307
3.307
3.307
3.307
3.307
3.307
3.197
3.197
3.197
3.197
3.197
3.197
3.324
3.324
3.324
3.324
3.324
3.324
3.232
3.232
3.232
3.232
3.232
3.232
3.171
3.171
3.171
3.171
3.171
3.171
3.15
3.15
3.15
3.15
3.15
3.15
3.153
3.153
3.153
3.153
3.153
3.153
3.136
3.136
3.136
3.136
3.136
3.136
3.443
3.443
3.443
3.443
3.443
3.443
3.498
3.498
3.498
3.498
3.498
3.498
3.484
3.484
3.484
3.484
3.484
3.484
4.28
4.28
4.28
4.28
4.28
4.28
4.88
4.88
4.88
4.88
4.88
4.88
4.774
4.774
4.774
4.774
4.774
4.774
4.787
4.787
4.787
4.787
4.787
4.787
4.727
4.727
4.727
4.727
4.727
4.727
3.825
3.825
3.825
3.825
3.825
3.825
3.682
3.682
3.682
3.682
3.682
3.682
3.754
3.754
3.754
3.754
3.754
3.754
3.63
3.63
3.63
3.63
3.63
3.63
3.525
3.525
3.525
3.525
3.525
3.525
3.528
3.528
3.528
3.528
3.528
3.528
3.333
3.333
3.333
3.333
3.333
3.333
3.177
3.177
3.177
3.177
3.177
3.177
3.02
3.02
3.02
3.02
3.02
3.02
2.32
2.32
2.32
2.32
2.32
2.32
