3.658
3.658
3.658
3.658
3.658
3.658
3.308
3.308
3.308
3.308
3.308
3.308
3.258
3.258
3.258
3.258
3.258
3.258
3.252
3.252
3.252
3.252
3.252
3.252
3.253
3.253
3.253
3.253
3.253
3.253
3.243
3.243
3.243
3.243
3.243
3.243
3.286
3.286
3.286
3.286
3.286
3.286
3.277
3.277
3.277
3.277
3.277
3.277
3.318
3.318
3.318
3.318
3.318
3.318
3.299
3.299
3.299
3.299
3.299
3.299
3.231
3.231
3.231
3.231
3.231
3.231
3.279
3.279
3.279
3.279
3.279
3.279
3.676
3.676
3.676
3.676
3.676
3.676
4.03
4.03
4.03
4.03
4.03
4.03
4.219
4.219
4.219
4.219
4.219
4.219
4.769
4.769
4.769
4.769
4.769
4.769
4.905
4.905
4.905
4.905
4.905
4.905
4.805
4.805
4.805
4.805
4.805
4.805
6.174
6.174
6.174
6.174
6.174
6.174
6.581
6.581
6.581
6.581
6.581
6.581
6.577
6.577
6.577
6.577
6.577
6.577
6.503
6.503
6.503
6.503
6.503
6.503
5.358
5.358
5.358
5.358
5.358
5.358
5.224
5.224
5.224
5.224
5.224
5.224
5.135
5.135
5.135
5.135
5.135
5.135
5.036
5.036
5.036
5.036
5.036
5.036
4.595
4.595
4.595
4.595
4.595
4.595
4.61
4.61
4.61
4.61
4.61
4.61
4.668
4.668
4.668
4.668
4.668
4.668
4.559
4.559
4.559
4.559
4.559
4.559
4.312
4.312
4.312
4.312
4.312
4.312
4.272
4.272
4.272
4.272
4.272
4.272
4.338
4.338
4.338
4.338
4.338
4.338
4.751
4.751
4.751
4.751
4.751
4.751
4.773
4.773
4.773
4.773
4.773
4.773
4.474
4.474
4.474
4.474
4.474
4.474
4.314
4.314
4.314
4.314
4.314
4.314
4.321
4.321
4.321
4.321
4.321
4.321
3.992
3.992
3.992
3.992
3.992
3.992
3.996
3.996
3.996
3.996
3.996
3.996
3.936
3.936
3.936
3.936
3.936
3.936
3.89
3.89
3.89
3.89
3.89
3.89
4.051
4.051
4.051
4.051
4.051
4.051
4.012
4.012
4.012
4.012
4.012
4.012
3.874
3.874
3.874
3.874
3.874
3.874
3.858
3.858
3.858
3.858
3.858
3.858
4.19
4.19
4.19
4.19
4.19
4.19
4.023
4.023
4.023
4.023
4.023
4.023
