2.903
2.903
2.903
2.903
2.903
2.903
2.958
2.958
2.958
2.958
2.958
2.958
3.273
3.273
3.273
3.273
3.273
3.273
3.024
3.024
3.024
3.024
3.024
3.024
3.263
3.263
3.263
3.263
3.263
3.263
3.381
3.381
3.381
3.381
3.381
3.381
3.383
3.383
3.383
3.383
3.383
3.383
3.41
3.41
3.41
3.41
3.41
3.41
3.379
3.379
3.379
3.379
3.379
3.379
3.418
3.418
3.418
3.418
3.418
3.418
3.554
3.554
3.554
3.554
3.554
3.554
3.594
3.594
3.594
3.594
3.594
3.594
3.477
3.477
3.477
3.477
3.477
3.477
3.585
3.585
3.585
3.585
3.585
3.585
2.852
2.852
2.852
2.852
2.852
2.852
3.071
3.071
3.071
3.071
3.071
3.071
3.358
3.358
3.358
3.358
3.358
3.358
4.456
4.456
4.456
4.456
4.456
4.456
4.615
4.615
4.615
4.615
4.615
4.615
4.788
4.788
4.788
4.788
4.788
4.788
5.125
5.125
5.125
5.125
5.125
5.125
5.094
5.094
5.094
5.094
5.094
5.094
5.616
5.616
5.616
5.616
5.616
5.616
5.619
5.619
5.619
5.619
5.619
5.619
5.653
5.653
5.653
5.653
5.653
5.653
5.618
5.618
5.618
5.618
5.618
5.618
5.377
5.377
5.377
5.377
5.377
5.377
5.349
5.349
5.349
5.349
5.349
5.349
5.143
5.143
5.143
5.143
5.143
5.143
5.163
5.163
5.163
5.163
5.163
5.163
6.502
6.502
6.502
6.502
6.502
6.502
7.056
7.056
7.056
7.056
7.056
7.056
7.632
7.632
7.632
7.632
7.632
7.632
8.281
8.281
8.281
8.281
8.281
8.281
8.411
8.411
8.411
8.411
8.411
8.411
8.431
8.431
8.431
8.431
8.431
8.431
8.292
8.292
8.292
8.292
8.292
8.292
7.802
7.802
7.802
7.802
7.802
7.802
5.623
5.623
5.623
5.623
5.623
5.623
4.505
4.505
4.505
4.505
4.505
4.505
3.938
3.938
3.938
3.938
3.938
3.938
3.901
3.901
3.901
3.901
3.901
3.901
4.409
4.409
4.409
4.409
4.409
4.409
3.931
3.931
3.931
3.931
3.931
3.931
3.754
3.754
3.754
3.754
3.754
3.754
3.445
3.445
3.445
3.445
3.445
3.445
3.694
3.694
3.694
3.694
3.694
3.694
3.492
3.492
3.492
3.492
3.492
3.492
