4.485
4.485
4.485
4.485
4.485
4.485
4.048
4.048
4.048
4.048
4.048
4.048
3.633
3.633
3.633
3.633
3.633
3.633
3.602
3.602
3.602
3.602
3.602
3.602
3.636
3.636
3.636
3.636
3.636
3.636
3.388
3.388
3.388
3.388
3.388
3.388
3.462
3.462
3.462
3.462
3.462
3.462
3.394
3.394
3.394
3.394
3.394
3.394
3.412
3.412
3.412
3.412
3.412
3.412
3.41
3.41
3.41
3.41
3.41
3.41
3.466
3.466
3.466
3.466
3.466
3.466
3.525
3.525
3.525
3.525
3.525
3.525
4.136
4.136
4.136
4.136
4.136
4.136
3.947
3.947
3.947
3.947
3.947
3.947
4.543
4.543
4.543
4.543
4.543
4.543
7.041
7.041
7.041
7.041
7.041
7.041
6.631
6.631
6.631
6.631
6.631
6.631
6.144
6.144
6.144
6.144
6.144
6.144
5.445
5.445
5.445
5.445
5.445
5.445
5.322
5.322
5.322
5.322
5.322
5.322
4.688
4.688
4.688
4.688
4.688
4.688
4.32
4.32
4.32
4.32
4.32
4.32
3.367
3.367
3.367
3.367
3.367
3.367
4.346
4.346
4.346
4.346
4.346
4.346
4.263
4.263
4.263
4.263
4.263
4.263
3.964
3.964
3.964
3.964
3.964
3.964
3.855
3.855
3.855
3.855
3.855
3.855
3.776
3.776
3.776
3.776
3.776
3.776
3.778
3.778
3.778
3.778
3.778
3.778
3.758
3.758
3.758
3.758
3.758
3.758
4.212
4.212
4.212
4.212
4.212
4.212
4.202
4.202
4.202
4.202
4.202
4.202
4.369
4.369
4.369
4.369
4.369
4.369
4.95
4.95
4.95
4.95
4.95
4.95
5.443
5.443
5.443
5.443
5.443
5.443
5.548
5.548
5.548
5.548
5.548
5.548
5.647
5.647
5.647
5.647
5.647
5.647
5.727
5.727
5.727
5.727
5.727
5.727
5.469
5.469
5.469
5.469
5.469
5.469
5.178
5.178
5.178
5.178
5.178
5.178
5.156
5.156
5.156
5.156
5.156
5.156
5.123
5.123
5.123
5.123
5.123
5.123
5.144
5.144
5.144
5.144
5.144
5.144
4.371
4.371
4.371
4.371
4.371
4.371
4.367
4.367
4.367
4.367
4.367
4.367
4.157
4.157
4.157
4.157
4.157
4.157
4.169
4.169
4.169
4.169
4.169
4.169
4.245
4.245
4.245
4.245
4.245
4.245
