4.749
4.749
4.749
4.749
4.749
4.749
4.478
4.478
4.478
4.478
4.478
4.478
4.342
4.342
4.342
4.342
4.342
4.342
4.291
4.291
4.291
4.291
4.291
4.291
4.127
4.127
4.127
4.127
4.127
4.127
4.058
4.058
4.058
4.058
4.058
4.058
3.816
3.816
3.816
3.816
3.816
3.816
3.859
3.859
3.859
3.859
3.859
3.859
3.786
3.786
3.786
3.786
3.786
3.786
3.775
3.775
3.775
3.775
3.775
3.775
4.469
4.469
4.469
4.469
4.469
4.469
4.377
4.377
4.377
4.377
4.377
4.377
5.455
5.455
5.455
5.455
5.455
5.455
5.383
5.383
5.383
5.383
5.383
5.383
5.678
5.678
5.678
5.678
5.678
5.678
5.899
5.899
5.899
5.899
5.899
5.899
5.84
5.84
5.84
5.84
5.84
5.84
5.871
5.871
5.871
5.871
5.871
5.871
5.683
5.683
5.683
5.683
5.683
5.683
5.63
5.63
5.63
5.63
5.63
5.63
5.622
5.622
5.622
5.622
5.622
5.622
5.57
5.57
5.57
5.57
5.57
5.57
5.447
5.447
5.447
5.447
5.447
5.447
5.624
5.624
5.624
5.624
5.624
5.624
5.99
5.99
5.99
5.99
5.99
5.99
5.613
5.613
5.613
5.613
5.613
5.613
5.097
5.097
5.097
5.097
5.097
5.097
4.903
4.903
4.903
4.903
4.903
4.903
4.856
4.856
4.856
4.856
4.856
4.856
4.629
4.629
4.629
4.629
4.629
4.629
4.1
4.1
4.1
4.1
4.1
4.1
4.075
4.075
4.075
4.075
4.075
4.075
4.407
4.407
4.407
4.407
4.407
4.407
4.872
4.872
4.872
4.872
4.872
4.872
5.102
5.102
5.102
5.102
5.102
5.102
5.015
5.015
5.015
5.015
5.015
5.015
6.36
6.36
6.36
6.36
6.36
6.36
7.936
7.936
7.936
7.936
7.936
7.936
6.906
6.906
6.906
6.906
6.906
6.906
5.557
5.557
5.557
5.557
5.557
5.557
5.61
5.61
5.61
5.61
5.61
5.61
5.376
5.376
5.376
5.376
5.376
5.376
5.256
5.256
5.256
5.256
5.256
5.256
5.162
5.162
5.162
5.162
5.162
5.162
5.066
5.066
5.066
5.066
5.066
5.066
4.972
4.972
4.972
4.972
4.972
4.972
5.053
5.053
5.053
5.053
5.053
5.053
4.787
4.787
4.787
4.787
4.787
4.787
