4.176
4.176
4.176
4.176
4.176
4.176
4.082
4.082
4.082
4.082
4.082
4.082
3.774
3.774
3.774
3.774
3.774
3.774
3.685
3.685
3.685
3.685
3.685
3.685
3.666
3.666
3.666
3.666
3.666
3.666
3.6
3.6
3.6
3.6
3.6
3.6
3.437
3.437
3.437
3.437
3.437
3.437
3.399
3.399
3.399
3.399
3.399
3.399
3.392
3.392
3.392
3.392
3.392
3.392
3.421
3.421
3.421
3.421
3.421
3.421
3.482
3.482
3.482
3.482
3.482
3.482
3.313
3.313
3.313
3.313
3.313
3.313
3.502
3.502
3.502
3.502
3.502
3.502
4.156
4.156
4.156
4.156
4.156
4.156
5.1
5.1
5.1
5.1
5.1
5.1
5.238
5.238
5.238
5.238
5.238
5.238
5.526
5.526
5.526
5.526
5.526
5.526
5.597
5.597
5.597
5.597
5.597
5.597
5.359
5.359
5.359
5.359
5.359
5.359
5.506
5.506
5.506
5.506
5.506
5.506
5.615
5.615
5.615
5.615
5.615
5.615
5.723
5.723
5.723
5.723
5.723
5.723
5.518
5.518
5.518
5.518
5.518
5.518
5.561
5.561
5.561
5.561
5.561
5.561
5.43
5.43
5.43
5.43
5.43
5.43
5.467
5.467
5.467
5.467
5.467
5.467
5.29
5.29
5.29
5.29
5.29
5.29
5.319
5.319
5.319
5.319
5.319
5.319
5.353
5.353
5.353
5.353
5.353
5.353
5.392
5.392
5.392
5.392
5.392
5.392
5.701
5.701
5.701
5.701
5.701
5.701
5.818
5.818
5.818
5.818
5.818
5.818
5.914
5.914
5.914
5.914
5.914
5.914
5.942
5.942
5.942
5.942
5.942
5.942
6.29
6.29
6.29
6.29
6.29
6.29
5.909
5.909
5.909
5.909
5.909
5.909
5.673
5.673
5.673
5.673
5.673
5.673
5.664
5.664
5.664
5.664
5.664
5.664
5.539
5.539
5.539
5.539
5.539
5.539
5.435
5.435
5.435
5.435
5.435
5.435
5.389
5.389
5.389
5.389
5.389
5.389
5.374
5.374
5.374
5.374
5.374
5.374
5.409
5.409
5.409
5.409
5.409
5.409
5.371
5.371
5.371
5.371
5.371
5.371
5.279
5.279
5.279
5.279
5.279
5.279
5.174
5.174
5.174
5.174
5.174
5.174
4.537
4.537
4.537
4.537
4.537
4.537
4.409
4.409
4.409
4.409
4.409
4.409
