3.586
3.586
3.586
3.586
3.586
3.586
3.576
3.576
3.576
3.576
3.576
3.576
3.175
3.175
3.175
3.175
3.175
3.175
3.113
3.113
3.113
3.113
3.113
3.113
3.097
3.097
3.097
3.097
3.097
3.097
2.967
2.967
2.967
2.967
2.967
2.967
2.848
2.848
2.848
2.848
2.848
2.848
2.849
2.849
2.849
2.849
2.849
2.849
2.843
2.843
2.843
2.843
2.843
2.843
2.792
2.792
2.792
2.792
2.792
2.792
2.66
2.66
2.66
2.66
2.66
2.66
2.962
2.962
2.962
2.962
2.962
2.962
3.26
3.26
3.26
3.26
3.26
3.26
3.281
3.281
3.281
3.281
3.281
3.281
4.236
4.236
4.236
4.236
4.236
4.236
4.895
4.895
4.895
4.895
4.895
4.895
4.885
4.885
4.885
4.885
4.885
4.885
4.986
4.986
4.986
4.986
4.986
4.986
5.032
5.032
5.032
5.032
5.032
5.032
5.285
5.285
5.285
5.285
5.285
5.285
4.941
4.941
4.941
4.941
4.941
4.941
4.851
4.851
4.851
4.851
4.851
4.851
4.953
4.953
4.953
4.953
4.953
4.953
4.912
4.912
4.912
4.912
4.912
4.912
4.859
4.859
4.859
4.859
4.859
4.859
4.831
4.831
4.831
4.831
4.831
4.831
4.659
4.659
4.659
4.659
4.659
4.659
4.773
4.773
4.773
4.773
4.773
4.773
4.722
4.722
4.722
4.722
4.722
4.722
4.582
4.582
4.582
4.582
4.582
4.582
4.624
4.624
4.624
4.624
4.624
4.624
4.613
4.613
4.613
4.613
4.613
4.613
4.232
4.232
4.232
4.232
4.232
4.232
4.424
4.424
4.424
4.424
4.424
4.424
4.247
4.247
4.247
4.247
4.247
4.247
4.159
4.159
4.159
4.159
4.159
4.159
3.966
3.966
3.966
3.966
3.966
3.966
3.919
3.919
3.919
3.919
3.919
3.919
3.423
3.423
3.423
3.423
3.423
3.423
3.4
3.4
3.4
3.4
3.4
3.4
3.284
3.284
3.284
3.284
3.284
3.284
3.279
3.279
3.279
3.279
3.279
3.279
3.316
3.316
3.316
3.316
3.316
3.316
3.332
3.332
3.332
3.332
3.332
3.332
3.372
3.372
3.372
3.372
3.372
3.372
3.259
3.259
3.259
3.259
3.259
3.259
5.029
5.029
5.029
5.029
5.029
5.029
4.01
4.01
4.01
4.01
4.01
4.01
