1.482
1.482
1.482
1.482
1.482
1.482
1.693
1.693
1.693
1.693
1.693
1.693
1.696
1.696
1.696
1.696
1.696
1.696
1.902
1.902
1.902
1.902
1.902
1.902
2.392
2.392
2.392
2.392
2.392
2.392
2.279
2.279
2.279
2.279
2.279
2.279
2.617
2.617
2.617
2.617
2.617
2.617
2.961
2.961
2.961
2.961
2.961
2.961
3.399
3.399
3.399
3.399
3.399
3.399
3.24
3.24
3.24
3.24
3.24
3.24
3.098
3.098
3.098
3.098
3.098
3.098
2.912
2.912
2.912
2.912
2.912
2.912
3.184
3.184
3.184
3.184
3.184
3.184
2.76
2.76
2.76
2.76
2.76
2.76
3.055
3.055
3.055
3.055
3.055
3.055
3.118
3.118
3.118
3.118
3.118
3.118
3.217
3.217
3.217
3.217
3.217
3.217
3.533
3.533
3.533
3.533
3.533
3.533
4.056
4.056
4.056
4.056
4.056
4.056
4.13
4.13
4.13
4.13
4.13
4.13
4.003
4.003
4.003
4.003
4.003
4.003
4.005
4.005
4.005
4.005
4.005
4.005
3.403
3.403
3.403
3.403
3.403
3.403
3.222
3.222
3.222
3.222
3.222
3.222
3.049
3.049
3.049
3.049
3.049
3.049
2.845
2.845
2.845
2.845
2.845
2.845
2.403
2.403
2.403
2.403
2.403
2.403
2.226
2.226
2.226
2.226
2.226
2.226
2.104
2.104
2.104
2.104
2.104
2.104
2.209
2.209
2.209
2.209
2.209
2.209
2.018
2.018
2.018
2.018
2.018
2.018
1.35
1.35
1.35
1.35
1.35
1.35
1.45
1.45
1.45
1.45
1.45
1.45
1.808
1.808
1.808
1.808
1.808
1.808
2.045
2.045
2.045
2.045
2.045
2.045
2.167
2.167
2.167
2.167
2.167
2.167
2.295
2.295
2.295
2.295
2.295
2.295
2.345
2.345
2.345
2.345
2.345
2.345
3.787
3.787
3.787
3.787
3.787
3.787
4.709
4.709
4.709
4.709
4.709
4.709
5.476
5.476
5.476
5.476
5.476
5.476
5.259
5.259
5.259
5.259
5.259
5.259
5.048
5.048
5.048
5.048
5.048
5.048
3.474
3.474
3.474
3.474
3.474
3.474
3.247
3.247
3.247
3.247
3.247
3.247
2.795
2.795
2.795
2.795
2.795
2.795
2.851
2.851
2.851
2.851
2.851
2.851
2.132
2.132
2.132
2.132
2.132
2.132
