3.411
3.411
3.411
3.411
3.411
3.411
3.819
3.819
3.819
3.819
3.819
3.819
3.766
3.766
3.766
3.766
3.766
3.766
3.635
3.635
3.635
3.635
3.635
3.635
3.653
3.653
3.653
3.653
3.653
3.653
3.657
3.657
3.657
3.657
3.657
3.657
3.657
3.657
3.657
3.657
3.657
3.657
3.609
3.609
3.609
3.609
3.609
3.609
3.623
3.623
3.623
3.623
3.623
3.623
3.642
3.642
3.642
3.642
3.642
3.642
3.684
3.684
3.684
3.684
3.684
3.684
3.806
3.806
3.806
3.806
3.806
3.806
4.107
4.107
4.107
4.107
4.107
4.107
4.171
4.171
4.171
4.171
4.171
4.171
5.103
5.103
5.103
5.103
5.103
5.103
5.91
5.91
5.91
5.91
5.91
5.91
5.804
5.804
5.804
5.804
5.804
5.804
5.945
5.945
5.945
5.945
5.945
5.945
6.359
6.359
6.359
6.359
6.359
6.359
6.199
6.199
6.199
6.199
6.199
6.199
6.307
6.307
6.307
6.307
6.307
6.307
6.39
6.39
6.39
6.39
6.39
6.39
5.483
5.483
5.483
5.483
5.483
5.483
5.474
5.474
5.474
5.474
5.474
5.474
5.257
5.257
5.257
5.257
5.257
5.257
4.68
4.68
4.68
4.68
4.68
4.68
4.527
4.527
4.527
4.527
4.527
4.527
4.571
4.571
4.571
4.571
4.571
4.571
4.717
4.717
4.717
4.717
4.717
4.717
4.592
4.592
4.592
4.592
4.592
4.592
4.555
4.555
4.555
4.555
4.555
4.555
4.704
4.704
4.704
4.704
4.704
4.704
4.48
4.48
4.48
4.48
4.48
4.48
4.525
4.525
4.525
4.525
4.525
4.525
5.277
5.277
5.277
5.277
5.277
5.277
6.245
6.245
6.245
6.245
6.245
6.245
8.829
8.829
8.829
8.829
8.829
8.829
8.381
8.381
8.381
8.381
8.381
8.381
5.933
5.933
5.933
5.933
5.933
5.933
4.368
4.368
4.368
4.368
4.368
4.368
4.138
4.138
4.138
4.138
4.138
4.138
4.119
4.119
4.119
4.119
4.119
4.119
4.09
4.09
4.09
4.09
4.09
4.09
4.08
4.08
4.08
4.08
4.08
4.08
3.926
3.926
3.926
3.926
3.926
3.926
3.871
3.871
3.871
3.871
3.871
3.871
3.726
3.726
3.726
3.726
3.726
3.726
3.454
3.454
3.454
3.454
3.454
3.454
