3.872
3.872
3.872
3.872
3.872
3.872
3.808
3.808
3.808
3.808
3.808
3.808
3.591
3.591
3.591
3.591
3.591
3.591
3.622
3.622
3.622
3.622
3.622
3.622
3.617
3.617
3.617
3.617
3.617
3.617
3.588
3.588
3.588
3.588
3.588
3.588
3.243
3.243
3.243
3.243
3.243
3.243
3.102
3.102
3.102
3.102
3.102
3.102
3.185
3.185
3.185
3.185
3.185
3.185
3.124
3.124
3.124
3.124
3.124
3.124
3.125
3.125
3.125
3.125
3.125
3.125
3.145
3.145
3.145
3.145
3.145
3.145
3.71
3.71
3.71
3.71
3.71
3.71
3.851
3.851
3.851
3.851
3.851
3.851
4.142
4.142
4.142
4.142
4.142
4.142
4.296
4.296
4.296
4.296
4.296
4.296
3.847
3.847
3.847
3.847
3.847
3.847
3.875
3.875
3.875
3.875
3.875
3.875
4.174
4.174
4.174
4.174
4.174
4.174
4.127
4.127
4.127
4.127
4.127
4.127
4.091
4.091
4.091
4.091
4.091
4.091
3.996
3.996
3.996
3.996
3.996
3.996
3.788
3.788
3.788
3.788
3.788
3.788
3.773
3.773
3.773
3.773
3.773
3.773
3.753
3.753
3.753
3.753
3.753
3.753
3.748
3.748
3.748
3.748
3.748
3.748
3.694
3.694
3.694
3.694
3.694
3.694
3.693
3.693
3.693
3.693
3.693
3.693
3.697
3.697
3.697
3.697
3.697
3.697
3.636
3.636
3.636
3.636
3.636
3.636
3.81
3.81
3.81
3.81
3.81
3.81
3.93
3.93
3.93
3.93
3.93
3.93
4.048
4.048
4.048
4.048
4.048
4.048
4.381
4.381
4.381
4.381
4.381
4.381
4.801
4.801
4.801
4.801
4.801
4.801
4.572
4.572
4.572
4.572
4.572
4.572
4.603
4.603
4.603
4.603
4.603
4.603
4.488
4.488
4.488
4.488
4.488
4.488
4.436
4.436
4.436
4.436
4.436
4.436
4.381
4.381
4.381
4.381
4.381
4.381
4.168
4.168
4.168
4.168
4.168
4.168
4.251
4.251
4.251
4.251
4.251
4.251
4.37
4.37
4.37
4.37
4.37
4.37
4.298
4.298
4.298
4.298
4.298
4.298
4.274
4.274
4.274
4.274
4.274
4.274
4.036
4.036
4.036
4.036
4.036
4.036
4.365
4.365
4.365
4.365
4.365
4.365
4.032
4.032
4.032
4.032
4.032
4.032
