3.699
3.699
3.699
3.699
3.699
3.699
3.906
3.906
3.906
3.906
3.906
3.906
4.111
4.111
4.111
4.111
4.111
4.111
3.964
3.964
3.964
3.964
3.964
3.964
3.932
3.932
3.932
3.932
3.932
3.932
3.865
3.865
3.865
3.865
3.865
3.865
4.025
4.025
4.025
4.025
4.025
4.025
3.858
3.858
3.858
3.858
3.858
3.858
4.057
4.057
4.057
4.057
4.057
4.057
4.101
4.101
4.101
4.101
4.101
4.101
3.842
3.842
3.842
3.842
3.842
3.842
3.859
3.859
3.859
3.859
3.859
3.859
4.133
4.133
4.133
4.133
4.133
4.133
3.989
3.989
3.989
3.989
3.989
3.989
6.347
6.347
6.347
6.347
6.347
6.347
7.975
7.975
7.975
7.975
7.975
7.975
7.064
7.064
7.064
7.064
7.064
7.064
7.968
7.968
7.968
7.968
7.968
7.968
9.734
9.734
9.734
9.734
9.734
9.734
9.888
9.888
9.888
9.888
9.888
9.888
10.559
10.559
10.559
10.559
10.559
10.559
10.244
10.244
10.244
10.244
10.244
10.244
10.649
10.649
10.649
10.649
10.649
10.649
24.503
24.503
24.503
24.503
24.503
24.503
27.551
27.551
27.551
27.551
27.551
27.551
31.096
31.096
31.096
31.096
31.096
31.096
15.563
15.563
15.563
15.563
15.563
15.563
13.493
13.493
13.493
13.493
13.493
13.493
12.293
12.293
12.293
12.293
12.293
12.293
10.795
10.795
10.795
10.795
10.795
10.795
11.958
11.958
11.958
11.958
11.958
11.958
15.385
15.385
15.385
15.385
15.385
15.385
13.814
13.814
13.814
13.814
13.814
13.814
19.358
19.358
19.358
19.358
19.358
19.358
21.757
21.757
21.757
21.757
21.757
21.757
17.184
17.184
17.184
17.184
17.184
17.184
15.43
15.43
15.43
15.43
15.43
15.43
15.408
15.408
15.408
15.408
15.408
15.408
6.985
6.985
6.985
6.985
6.985
6.985
6.457
6.457
6.457
6.457
6.457
6.457
6.327
6.327
6.327
6.327
6.327
6.327
5.469
5.469
5.469
5.469
5.469
5.469
6.103
6.103
6.103
6.103
6.103
6.103
5.057
5.057
5.057
5.057
5.057
5.057
5.533
5.533
5.533
5.533
5.533
5.533
5.119
5.119
5.119
5.119
5.119
5.119
3.739
3.739
3.739
3.739
3.739
3.739
3.605
3.605
3.605
3.605
3.605
3.605
