3.285
3.285
3.285
3.285
3.285
3.285
2.813
2.813
2.813
2.813
2.813
2.813
2.078
2.078
2.078
2.078
2.078
2.078
2.142
2.142
2.142
2.142
2.142
2.142
2.206
2.206
2.206
2.206
2.206
2.206
2.069
2.069
2.069
2.069
2.069
2.069
1.872
1.872
1.872
1.872
1.872
1.872
1.761
1.761
1.761
1.761
1.761
1.761
1.722
1.722
1.722
1.722
1.722
1.722
1.826
1.826
1.826
1.826
1.826
1.826
2.734
2.734
2.734
2.734
2.734
2.734
3.593
3.593
3.593
3.593
3.593
3.593
3.868
3.868
3.868
3.868
3.868
3.868
3.281
3.281
3.281
3.281
3.281
3.281
2.962
2.962
2.962
2.962
2.962
2.962
5.088
5.088
5.088
5.088
5.088
5.088
4.463
4.463
4.463
4.463
4.463
4.463
5.641
5.641
5.641
5.641
5.641
5.641
6.236
6.236
6.236
6.236
6.236
6.236
5.867
5.867
5.867
5.867
5.867
5.867
5.654
5.654
5.654
5.654
5.654
5.654
5.003
5.003
5.003
5.003
5.003
5.003
4.441
4.441
4.441
4.441
4.441
4.441
4.28
4.28
4.28
4.28
4.28
4.28
4.071
4.071
4.071
4.071
4.071
4.071
3.701
3.701
3.701
3.701
3.701
3.701
3.626
3.626
3.626
3.626
3.626
3.626
3.61
3.61
3.61
3.61
3.61
3.61
3.578
3.578
3.578
3.578
3.578
3.578
3.397
3.397
3.397
3.397
3.397
3.397
3.113
3.113
3.113
3.113
3.113
3.113
3.178
3.178
3.178
3.178
3.178
3.178
3.23
3.23
3.23
3.23
3.23
3.23
3.242
3.242
3.242
3.242
3.242
3.242
3.392
3.392
3.392
3.392
3.392
3.392
3.65
3.65
3.65
3.65
3.65
3.65
4.252
4.252
4.252
4.252
4.252
4.252
5.512
5.512
5.512
5.512
5.512
5.512
9.144
9.144
9.144
9.144
9.144
9.144
9.594
9.594
9.594
9.594
9.594
9.594
6.615
6.615
6.615
6.615
6.615
6.615
5.257
5.257
5.257
5.257
5.257
5.257
3.989
3.989
3.989
3.989
3.989
3.989
3.568
3.568
3.568
3.568
3.568
3.568
3.779
3.779
3.779
3.779
3.779
3.779
3.178
3.178
3.178
3.178
3.178
3.178
3.442
3.442
3.442
3.442
3.442
3.442
3.268
3.268
3.268
3.268
3.268
3.268
