3.519
3.519
3.519
3.519
3.519
3.519
3.375
3.375
3.375
3.375
3.375
3.375
3.406
3.406
3.406
3.406
3.406
3.406
3.415
3.415
3.415
3.415
3.415
3.415
3.459
3.459
3.459
3.459
3.459
3.459
3.491
3.491
3.491
3.491
3.491
3.491
3.302
3.302
3.302
3.302
3.302
3.302
3.289
3.289
3.289
3.289
3.289
3.289
3.296
3.296
3.296
3.296
3.296
3.296
3.301
3.301
3.301
3.301
3.301
3.301
3.409
3.409
3.409
3.409
3.409
3.409
3.42
3.42
3.42
3.42
3.42
3.42
3.51
3.51
3.51
3.51
3.51
3.51
3.801
3.801
3.801
3.801
3.801
3.801
4.322
4.322
4.322
4.322
4.322
4.322
5.617
5.617
5.617
5.617
5.617
5.617
5.605
5.605
5.605
5.605
5.605
5.605
5.335
5.335
5.335
5.335
5.335
5.335
4.856
4.856
4.856
4.856
4.856
4.856
4.467
4.467
4.467
4.467
4.467
4.467
4.287
4.287
4.287
4.287
4.287
4.287
4.135
4.135
4.135
4.135
4.135
4.135
3.388
3.388
3.388
3.388
3.388
3.388
3.469
3.469
3.469
3.469
3.469
3.469
3.564
3.564
3.564
3.564
3.564
3.564
3.398
3.398
3.398
3.398
3.398
3.398
3.345
3.345
3.345
3.345
3.345
3.345
3.34
3.34
3.34
3.34
3.34
3.34
3.332
3.332
3.332
3.332
3.332
3.332
3.345
3.345
3.345
3.345
3.345
3.345
3.483
3.483
3.483
3.483
3.483
3.483
3.49
3.49
3.49
3.49
3.49
3.49
3.566
3.566
3.566
3.566
3.566
3.566
3.642
3.642
3.642
3.642
3.642
3.642
3.808
3.808
3.808
3.808
3.808
3.808
3.707
3.707
3.707
3.707
3.707
3.707
3.869
3.869
3.869
3.869
3.869
3.869
4.313
4.313
4.313
4.313
4.313
4.313
6.322
6.322
6.322
6.322
6.322
6.322
6.494
6.494
6.494
6.494
6.494
6.494
4.752
4.752
4.752
4.752
4.752
4.752
4.598
4.598
4.598
4.598
4.598
4.598
4.179
4.179
4.179
4.179
4.179
4.179
4.012
4.012
4.012
4.012
4.012
4.012
3.993
3.993
3.993
3.993
3.993
3.993
3.887
3.887
3.887
3.887
3.887
3.887
3.82
3.82
3.82
3.82
3.82
3.82
3.554
3.554
3.554
3.554
3.554
3.554
