3.489
3.489
3.489
3.489
3.489
3.489
3.341
3.341
3.341
3.341
3.341
3.341
3.427
3.427
3.427
3.427
3.427
3.427
3.41
3.41
3.41
3.41
3.41
3.41
3.435
3.435
3.435
3.435
3.435
3.435
3.365
3.365
3.365
3.365
3.365
3.365
2.829
2.829
2.829
2.829
2.829
2.829
2.825
2.825
2.825
2.825
2.825
2.825
2.86
2.86
2.86
2.86
2.86
2.86
2.835
2.835
2.835
2.835
2.835
2.835
3.375
3.375
3.375
3.375
3.375
3.375
3.454
3.454
3.454
3.454
3.454
3.454
3.566
3.566
3.566
3.566
3.566
3.566
3.898
3.898
3.898
3.898
3.898
3.898
3.964
3.964
3.964
3.964
3.964
3.964
3.985
3.985
3.985
3.985
3.985
3.985
4.371
4.371
4.371
4.371
4.371
4.371
3.661
3.661
3.661
3.661
3.661
3.661
3.678
3.678
3.678
3.678
3.678
3.678
3.679
3.679
3.679
3.679
3.679
3.679
3.633
3.633
3.633
3.633
3.633
3.633
3.675
3.675
3.675
3.675
3.675
3.675
3.824
3.824
3.824
3.824
3.824
3.824
3.784
3.784
3.784
3.784
3.784
3.784
3.779
3.779
3.779
3.779
3.779
3.779
3.747
3.747
3.747
3.747
3.747
3.747
3.881
3.881
3.881
3.881
3.881
3.881
3.788
3.788
3.788
3.788
3.788
3.788
3.831
3.831
3.831
3.831
3.831
3.831
3.827
3.827
3.827
3.827
3.827
3.827
4.6
4.6
4.6
4.6
4.6
4.6
4.618
4.618
4.618
4.618
4.618
4.618
4.676
4.676
4.676
4.676
4.676
4.676
4.778
4.778
4.778
4.778
4.778
4.778
4.78
4.78
4.78
4.78
4.78
4.78
4.74
4.74
4.74
4.74
4.74
4.74
4.727
4.727
4.727
4.727
4.727
4.727
4.694
4.694
4.694
4.694
4.694
4.694
4.262
4.262
4.262
4.262
4.262
4.262
4.234
4.234
4.234
4.234
4.234
4.234
4.211
4.211
4.211
4.211
4.211
4.211
4.194
4.194
4.194
4.194
4.194
4.194
4.153
4.153
4.153
4.153
4.153
4.153
4.165
4.165
4.165
4.165
4.165
4.165
4.214
4.214
4.214
4.214
4.214
4.214
4.055
4.055
4.055
4.055
4.055
4.055
4.59
4.59
4.59
4.59
4.59
4.59
3.8
3.8
3.8
3.8
3.8
3.8
