4.185
4.185
4.185
4.185
4.185
4.185
3.849
3.849
3.849
3.849
3.849
3.849
3.484
3.484
3.484
3.484
3.484
3.484
3.475
3.475
3.475
3.475
3.475
3.475
3.448
3.448
3.448
3.448
3.448
3.448
3.452
3.452
3.452
3.452
3.452
3.452
3.29
3.29
3.29
3.29
3.29
3.29
3.268
3.268
3.268
3.268
3.268
3.268
3.245
3.245
3.245
3.245
3.245
3.245
3.185
3.185
3.185
3.185
3.185
3.185
4.135
4.135
4.135
4.135
4.135
4.135
4.21
4.21
4.21
4.21
4.21
4.21
4.827
4.827
4.827
4.827
4.827
4.827
4.866
4.866
4.866
4.866
4.866
4.866
5.07
5.07
5.07
5.07
5.07
5.07
4.962
4.962
4.962
4.962
4.962
4.962
4.85
4.85
4.85
4.85
4.85
4.85
5.141
5.141
5.141
5.141
5.141
5.141
6.146
6.146
6.146
6.146
6.146
6.146
6.461
6.461
6.461
6.461
6.461
6.461
6.182
6.182
6.182
6.182
6.182
6.182
6.247
6.247
6.247
6.247
6.247
6.247
5.859
5.859
5.859
5.859
5.859
5.859
5.864
5.864
5.864
5.864
5.864
5.864
5.85
5.85
5.85
5.85
5.85
5.85
5.833
5.833
5.833
5.833
5.833
5.833
5.712
5.712
5.712
5.712
5.712
5.712
5.69
5.69
5.69
5.69
5.69
5.69
5.667
5.667
5.667
5.667
5.667
5.667
5.566
5.566
5.566
5.566
5.566
5.566
5.461
5.461
5.461
5.461
5.461
5.461
5.52
5.52
5.52
5.52
5.52
5.52
5.624
5.624
5.624
5.624
5.624
5.624
5.638
5.638
5.638
5.638
5.638
5.638
6.176
6.176
6.176
6.176
6.176
6.176
5.971
5.971
5.971
5.971
5.971
5.971
6.058
6.058
6.058
6.058
6.058
6.058
6.152
6.152
6.152
6.152
6.152
6.152
6.351
6.351
6.351
6.351
6.351
6.351
6.45
6.45
6.45
6.45
6.45
6.45
6.001
6.001
6.001
6.001
6.001
6.001
5.588
5.588
5.588
5.588
5.588
5.588
5.659
5.659
5.659
5.659
5.659
5.659
5.524
5.524
5.524
5.524
5.524
5.524
5.711
5.711
5.711
5.711
5.711
5.711
5.379
5.379
5.379
5.379
5.379
5.379
4.602
4.602
4.602
4.602
4.602
4.602
4.464
4.464
4.464
4.464
4.464
4.464
