3.391
3.391
3.391
3.391
3.391
3.391
3.378
3.378
3.378
3.378
3.378
3.378
3.435
3.435
3.435
3.435
3.435
3.435
3.689
3.689
3.689
3.689
3.689
3.689
3.694
3.694
3.694
3.694
3.694
3.694
3.459
3.459
3.459
3.459
3.459
3.459
3.485
3.485
3.485
3.485
3.485
3.485
3.473
3.473
3.473
3.473
3.473
3.473
3.369
3.369
3.369
3.369
3.369
3.369
3.425
3.425
3.425
3.425
3.425
3.425
3.564
3.564
3.564
3.564
3.564
3.564
3.412
3.412
3.412
3.412
3.412
3.412
3.719
3.719
3.719
3.719
3.719
3.719
3.702
3.702
3.702
3.702
3.702
3.702
4.196
4.196
4.196
4.196
4.196
4.196
5.736
5.736
5.736
5.736
5.736
5.736
6.276
6.276
6.276
6.276
6.276
6.276
5.651
5.651
5.651
5.651
5.651
5.651
5.914
5.914
5.914
5.914
5.914
5.914
6.055
6.055
6.055
6.055
6.055
6.055
6.055
6.055
6.055
6.055
6.055
6.055
5.817
5.817
5.817
5.817
5.817
5.817
5.254
5.254
5.254
5.254
5.254
5.254
5.072
5.072
5.072
5.072
5.072
5.072
5.275
5.275
5.275
5.275
5.275
5.275
5.283
5.283
5.283
5.283
5.283
5.283
5.145
5.145
5.145
5.145
5.145
5.145
4.959
4.959
4.959
4.959
4.959
4.959
4.944
4.944
4.944
4.944
4.944
4.944
4.937
4.937
4.937
4.937
4.937
4.937
4.846
4.846
4.846
4.846
4.846
4.846
4.831
4.831
4.831
4.831
4.831
4.831
4.894
4.894
4.894
4.894
4.894
4.894
5.59
5.59
5.59
5.59
5.59
5.59
7.175
7.175
7.175
7.175
7.175
7.175
7.42
7.42
7.42
7.42
7.42
7.42
7.291
7.291
7.291
7.291
7.291
7.291
8.429
8.429
8.429
8.429
8.429
8.429
6.778
6.778
6.778
6.778
6.778
6.778
5.141
5.141
5.141
5.141
5.141
5.141
5.037
5.037
5.037
5.037
5.037
5.037
4.667
4.667
4.667
4.667
4.667
4.667
4.418
4.418
4.418
4.418
4.418
4.418
4.393
4.393
4.393
4.393
4.393
4.393
4.224
4.224
4.224
4.224
4.224
4.224
4.074
4.074
4.074
4.074
4.074
4.074
3.47
3.47
3.47
3.47
3.47
3.47
3.391
3.391
3.391
3.391
3.391
3.391
