3.884
3.884
3.884
3.884
3.884
3.884
3.485
3.485
3.485
3.485
3.485
3.485
3.486
3.486
3.486
3.486
3.486
3.486
3.507
3.507
3.507
3.507
3.507
3.507
3.359
3.359
3.359
3.359
3.359
3.359
3.367
3.367
3.367
3.367
3.367
3.367
2.713
2.713
2.713
2.713
2.713
2.713
2.7
2.7
2.7
2.7
2.7
2.7
2.711
2.711
2.711
2.711
2.711
2.711
2.714
2.714
2.714
2.714
2.714
2.714
3.29
3.29
3.29
3.29
3.29
3.29
3.339
3.339
3.339
3.339
3.339
3.339
3.517
3.517
3.517
3.517
3.517
3.517
3.52
3.52
3.52
3.52
3.52
3.52
4.308
4.308
4.308
4.308
4.308
4.308
4.483
4.483
4.483
4.483
4.483
4.483
4.462
4.462
4.462
4.462
4.462
4.462
4.378
4.378
4.378
4.378
4.378
4.378
4.378
4.378
4.378
4.378
4.378
4.378
4.601
4.601
4.601
4.601
4.601
4.601
4.397
4.397
4.397
4.397
4.397
4.397
4.215
4.215
4.215
4.215
4.215
4.215
4.364
4.364
4.364
4.364
4.364
4.364
4.132
4.132
4.132
4.132
4.132
4.132
3.89
3.89
3.89
3.89
3.89
3.89
4.001
4.001
4.001
4.001
4.001
4.001
3.719
3.719
3.719
3.719
3.719
3.719
3.77
3.77
3.77
3.77
3.77
3.77
3.841
3.841
3.841
3.841
3.841
3.841
3.781
3.781
3.781
3.781
3.781
3.781
4.329
4.329
4.329
4.329
4.329
4.329
4.434
4.434
4.434
4.434
4.434
4.434
4.581
4.581
4.581
4.581
4.581
4.581
4.654
4.654
4.654
4.654
4.654
4.654
5.321
5.321
5.321
5.321
5.321
5.321
5.314
5.314
5.314
5.314
5.314
5.314
6.8
6.8
6.8
6.8
6.8
6.8
6.772
6.772
6.772
6.772
6.772
6.772
6.297
6.297
6.297
6.297
6.297
6.297
5.531
5.531
5.531
5.531
5.531
5.531
5.012
5.012
5.012
5.012
5.012
5.012
4.892
4.892
4.892
4.892
4.892
4.892
4.683
4.683
4.683
4.683
4.683
4.683
4.645
4.645
4.645
4.645
4.645
4.645
4.261
4.261
4.261
4.261
4.261
4.261
4.164
4.164
4.164
4.164
4.164
4.164
3.928
3.928
3.928
3.928
3.928
3.928
4.04
4.04
4.04
4.04
4.04
4.04
