2.599
2.599
2.599
2.599
2.599
2.599
2.571
2.571
2.571
2.571
2.571
2.571
2.693
2.693
2.693
2.693
2.693
2.693
2.829
2.829
2.829
2.829
2.829
2.829
2.794
2.794
2.794
2.794
2.794
2.794
2.657
2.657
2.657
2.657
2.657
2.657
2.615
2.615
2.615
2.615
2.615
2.615
2.526
2.526
2.526
2.526
2.526
2.526
2.353
2.353
2.353
2.353
2.353
2.353
2.302
2.302
2.302
2.302
2.302
2.302
2.424
2.424
2.424
2.424
2.424
2.424
2.483
2.483
2.483
2.483
2.483
2.483
2.543
2.543
2.543
2.543
2.543
2.543
2.391
2.391
2.391
2.391
2.391
2.391
2.765
2.765
2.765
2.765
2.765
2.765
2.933
2.933
2.933
2.933
2.933
2.933
3.061
3.061
3.061
3.061
3.061
3.061
3.181
3.181
3.181
3.181
3.181
3.181
3.038
3.038
3.038
3.038
3.038
3.038
3.107
3.107
3.107
3.107
3.107
3.107
3.12
3.12
3.12
3.12
3.12
3.12
3.047
3.047
3.047
3.047
3.047
3.047
2.525
2.525
2.525
2.525
2.525
2.525
2.532
2.532
2.532
2.532
2.532
2.532
2.561
2.561
2.561
2.561
2.561
2.561
2.519
2.519
2.519
2.519
2.519
2.519
2.519
2.519
2.519
2.519
2.519
2.519
2.519
2.519
2.519
2.519
2.519
2.519
2.51
2.51
2.51
2.51
2.51
2.51
2.511
2.511
2.511
2.511
2.511
2.511
2.467
2.467
2.467
2.467
2.467
2.467
2.421
2.421
2.421
2.421
2.421
2.421
2.269
2.269
2.269
2.269
2.269
2.269
2.441
2.441
2.441
2.441
2.441
2.441
2.613
2.613
2.613
2.613
2.613
2.613
2.603
2.603
2.603
2.603
2.603
2.603
2.6
2.6
2.6
2.6
2.6
2.6
2.638
2.638
2.638
2.638
2.638
2.638
3.258
3.258
3.258
3.258
3.258
3.258
3.343
3.343
3.343
3.343
3.343
3.343
3.945
3.945
3.945
3.945
3.945
3.945
3.898
3.898
3.898
3.898
3.898
3.898
3.152
3.152
3.152
3.152
3.152
3.152
2.942
2.942
2.942
2.942
2.942
2.942
2.962
2.962
2.962
2.962
2.962
2.962
2.857
2.857
2.857
2.857
2.857
2.857
2.762
2.762
2.762
2.762
2.762
2.762
2.729
2.729
2.729
2.729
2.729
2.729
