2.9
2.9
2.9
2.9
2.9
2.9
3.147
3.147
3.147
3.147
3.147
3.147
3.309
3.309
3.309
3.309
3.309
3.309
3.085
3.085
3.085
3.085
3.085
3.085
3.091
3.091
3.091
3.091
3.091
3.091
3.078
3.078
3.078
3.078
3.078
3.078
2.938
2.938
2.938
2.938
2.938
2.938
2.928
2.928
2.928
2.928
2.928
2.928
2.914
2.914
2.914
2.914
2.914
2.914
2.845
2.845
2.845
2.845
2.845
2.845
2.967
2.967
2.967
2.967
2.967
2.967
3.232
3.232
3.232
3.232
3.232
3.232
4.6
4.6
4.6
4.6
4.6
4.6
4.586
4.586
4.586
4.586
4.586
4.586
4.633
4.633
4.633
4.633
4.633
4.633
4.641
4.641
4.641
4.641
4.641
4.641
4.915
4.915
4.915
4.915
4.915
4.915
4.931
4.931
4.931
4.931
4.931
4.931
5.531
5.531
5.531
5.531
5.531
5.531
5.269
5.269
5.269
5.269
5.269
5.269
5.049
5.049
5.049
5.049
5.049
5.049
5.073
5.073
5.073
5.073
5.073
5.073
4.832
4.832
4.832
4.832
4.832
4.832
5.313
5.313
5.313
5.313
5.313
5.313
5.829
5.829
5.829
5.829
5.829
5.829
5.745
5.745
5.745
5.745
5.745
5.745
5.353
5.353
5.353
5.353
5.353
5.353
5.037
5.037
5.037
5.037
5.037
5.037
5.083
5.083
5.083
5.083
5.083
5.083
5.017
5.017
5.017
5.017
5.017
5.017
5.257
5.257
5.257
5.257
5.257
5.257
5.11
5.11
5.11
5.11
5.11
5.11
4.824
4.824
4.824
4.824
4.824
4.824
5.019
5.019
5.019
5.019
5.019
5.019
5.554
5.554
5.554
5.554
5.554
5.554
6.771
6.771
6.771
6.771
6.771
6.771
8.015
8.015
8.015
8.015
8.015
8.015
7.764
7.764
7.764
7.764
7.764
7.764
7.305
7.305
7.305
7.305
7.305
7.305
5.786
5.786
5.786
5.786
5.786
5.786
4.97
4.97
4.97
4.97
4.97
4.97
4.92
4.92
4.92
4.92
4.92
4.92
4.017
4.017
4.017
4.017
4.017
4.017
4.08
4.08
4.08
4.08
4.08
4.08
4.053
4.053
4.053
4.053
4.053
4.053
3.93
3.93
3.93
3.93
3.93
3.93
3.672
3.672
3.672
3.672
3.672
3.672
3.261
3.261
3.261
3.261
3.261
3.261
