3.574
3.574
3.574
3.574
3.574
3.574
3.394
3.394
3.394
3.394
3.394
3.394
3.342
3.342
3.342
3.342
3.342
3.342
3.359
3.359
3.359
3.359
3.359
3.359
3.339
3.339
3.339
3.339
3.339
3.339
3.333
3.333
3.333
3.333
3.333
3.333
3.175
3.175
3.175
3.175
3.175
3.175
3.156
3.156
3.156
3.156
3.156
3.156
3.213
3.213
3.213
3.213
3.213
3.213
3.21
3.21
3.21
3.21
3.21
3.21
4.532
4.532
4.532
4.532
4.532
4.532
4.286
4.286
4.286
4.286
4.286
4.286
4.638
4.638
4.638
4.638
4.638
4.638
5.18
5.18
5.18
5.18
5.18
5.18
5.879
5.879
5.879
5.879
5.879
5.879
5.996
5.996
5.996
5.996
5.996
5.996
6.032
6.032
6.032
6.032
6.032
6.032
5.998
5.998
5.998
5.998
5.998
5.998
6.437
6.437
6.437
6.437
6.437
6.437
6.419
6.419
6.419
6.419
6.419
6.419
6.456
6.456
6.456
6.456
6.456
6.456
6.456
6.456
6.456
6.456
6.456
6.456
6.533
6.533
6.533
6.533
6.533
6.533
6.254
6.254
6.254
6.254
6.254
6.254
6.369
6.369
6.369
6.369
6.369
6.369
6.192
6.192
6.192
6.192
6.192
6.192
5.711
5.711
5.711
5.711
5.711
5.711
5.63
5.63
5.63
5.63
5.63
5.63
5.332
5.332
5.332
5.332
5.332
5.332
5.152
5.152
5.152
5.152
5.152
5.152
5.123
5.123
5.123
5.123
5.123
5.123
4.999
4.999
4.999
4.999
4.999
4.999
5.146
5.146
5.146
5.146
5.146
5.146
5.072
5.072
5.072
5.072
5.072
5.072
5.623
5.623
5.623
5.623
5.623
5.623
5.807
5.807
5.807
5.807
5.807
5.807
6.179
6.179
6.179
6.179
6.179
6.179
6.834
6.834
6.834
6.834
6.834
6.834
8.407
8.407
8.407
8.407
8.407
8.407
6.531
6.531
6.531
6.531
6.531
6.531
5.924
5.924
5.924
5.924
5.924
5.924
5.488
5.488
5.488
5.488
5.488
5.488
4.858
4.858
4.858
4.858
4.858
4.858
4.91
4.91
4.91
4.91
4.91
4.91
4.683
4.683
4.683
4.683
4.683
4.683
4.997
4.997
4.997
4.997
4.997
4.997
4.149
4.149
4.149
4.149
4.149
4.149
4.371
4.371
4.371
4.371
4.371
4.371
