3.862
3.862
3.862
3.862
3.862
3.862
3.66
3.66
3.66
3.66
3.66
3.66
3.581
3.581
3.581
3.581
3.581
3.581
3.596
3.596
3.596
3.596
3.596
3.596
3.515
3.515
3.515
3.515
3.515
3.515
3.47
3.47
3.47
3.47
3.47
3.47
3.387
3.387
3.387
3.387
3.387
3.387
3.395
3.395
3.395
3.395
3.395
3.395
3.395
3.395
3.395
3.395
3.395
3.395
3.405
3.405
3.405
3.405
3.405
3.405
3.866
3.866
3.866
3.866
3.866
3.866
3.788
3.788
3.788
3.788
3.788
3.788
3.913
3.913
3.913
3.913
3.913
3.913
4.097
4.097
4.097
4.097
4.097
4.097
3.981
3.981
3.981
3.981
3.981
3.981
3.749
3.749
3.749
3.749
3.749
3.749
4.058
4.058
4.058
4.058
4.058
4.058
4.528
4.528
4.528
4.528
4.528
4.528
5.275
5.275
5.275
5.275
5.275
5.275
5.259
5.259
5.259
5.259
5.259
5.259
5.131
5.131
5.131
5.131
5.131
5.131
5.139
5.139
5.139
5.139
5.139
5.139
5.217
5.217
5.217
5.217
5.217
5.217
5.37
5.37
5.37
5.37
5.37
5.37
5.902
5.902
5.902
5.902
5.902
5.902
5.559
5.559
5.559
5.559
5.559
5.559
4.785
4.785
4.785
4.785
4.785
4.785
4.522
4.522
4.522
4.522
4.522
4.522
4.386
4.386
4.386
4.386
4.386
4.386
4.391
4.391
4.391
4.391
4.391
4.391
4.448
4.448
4.448
4.448
4.448
4.448
4.502
4.502
4.502
4.502
4.502
4.502
4.675
4.675
4.675
4.675
4.675
4.675
4.748
4.748
4.748
4.748
4.748
4.748
4.951
4.951
4.951
4.951
4.951
4.951
4.942
4.942
4.942
4.942
4.942
4.942
4.836
4.836
4.836
4.836
4.836
4.836
4.688
4.688
4.688
4.688
4.688
4.688
4.246
4.246
4.246
4.246
4.246
4.246
4.247
4.247
4.247
4.247
4.247
4.247
4.215
4.215
4.215
4.215
4.215
4.215
4.278
4.278
4.278
4.278
4.278
4.278
4.517
4.517
4.517
4.517
4.517
4.517
4.199
4.199
4.199
4.199
4.199
4.199
4.065
4.065
4.065
4.065
4.065
4.065
3.948
3.948
3.948
3.948
3.948
3.948
3.744
3.744
3.744
3.744
3.744
3.744
3.763
3.763
3.763
3.763
3.763
3.763
