4.42
4.42
4.42
4.42
4.42
4.42
4.648
4.648
4.648
4.648
4.648
4.648
4.734
4.734
4.734
4.734
4.734
4.734
4.627
4.627
4.627
4.627
4.627
4.627
4.472
4.472
4.472
4.472
4.472
4.472
4.486
4.486
4.486
4.486
4.486
4.486
4.081
4.081
4.081
4.081
4.081
4.081
3.889
3.889
3.889
3.889
3.889
3.889
3.909
3.909
3.909
3.909
3.909
3.909
3.818
3.818
3.818
3.818
3.818
3.818
3.893
3.893
3.893
3.893
3.893
3.893
3.969
3.969
3.969
3.969
3.969
3.969
4.459
4.459
4.459
4.459
4.459
4.459
4.499
4.499
4.499
4.499
4.499
4.499
4.425
4.425
4.425
4.425
4.425
4.425
4.601
4.601
4.601
4.601
4.601
4.601
5.098
5.098
5.098
5.098
5.098
5.098
4.734
4.734
4.734
4.734
4.734
4.734
5.477
5.477
5.477
5.477
5.477
5.477
5.166
5.166
5.166
5.166
5.166
5.166
5.117
5.117
5.117
5.117
5.117
5.117
5.108
5.108
5.108
5.108
5.108
5.108
5.15
5.15
5.15
5.15
5.15
5.15
5.293
5.293
5.293
5.293
5.293
5.293
5.431
5.431
5.431
5.431
5.431
5.431
5.279
5.279
5.279
5.279
5.279
5.279
5.265
5.265
5.265
5.265
5.265
5.265
5.246
5.246
5.246
5.246
5.246
5.246
5.314
5.314
5.314
5.314
5.314
5.314
4.869
4.869
4.869
4.869
4.869
4.869
4.926
4.926
4.926
4.926
4.926
4.926
5.268
5.268
5.268
5.268
5.268
5.268
5.31
5.31
5.31
5.31
5.31
5.31
7.319
7.319
7.319
7.319
7.319
7.319
7.51
7.51
7.51
7.51
7.51
7.51
7.021
7.021
7.021
7.021
7.021
7.021
6.493
6.493
6.493
6.493
6.493
6.493
6.157
6.157
6.157
6.157
6.157
6.157
5.179
5.179
5.179
5.179
5.179
5.179
4.98
4.98
4.98
4.98
4.98
4.98
4.884
4.884
4.884
4.884
4.884
4.884
4.933
4.933
4.933
4.933
4.933
4.933
4.809
4.809
4.809
4.809
4.809
4.809
4.677
4.677
4.677
4.677
4.677
4.677
4.458
4.458
4.458
4.458
4.458
4.458
4.447
4.447
4.447
4.447
4.447
4.447
4.279
4.279
4.279
4.279
4.279
4.279
4.346
4.346
4.346
4.346
4.346
4.346
