3.134
3.134
3.134
3.134
3.134
3.134
3.182
3.182
3.182
3.182
3.182
3.182
3.042
3.042
3.042
3.042
3.042
3.042
2.847
2.847
2.847
2.847
2.847
2.847
2.831
2.831
2.831
2.831
2.831
2.831
2.822
2.822
2.822
2.822
2.822
2.822
2.843
2.843
2.843
2.843
2.843
2.843
2.803
2.803
2.803
2.803
2.803
2.803
2.904
2.904
2.904
2.904
2.904
2.904
2.839
2.839
2.839
2.839
2.839
2.839
3.094
3.094
3.094
3.094
3.094
3.094
3.106
3.106
3.106
3.106
3.106
3.106
3.219
3.219
3.219
3.219
3.219
3.219
3.054
3.054
3.054
3.054
3.054
3.054
4.092
4.092
4.092
4.092
4.092
4.092
4.692
4.692
4.692
4.692
4.692
4.692
4.772
4.772
4.772
4.772
4.772
4.772
4.721
4.721
4.721
4.721
4.721
4.721
4.829
4.829
4.829
4.829
4.829
4.829
4.785
4.785
4.785
4.785
4.785
4.785
4.865
4.865
4.865
4.865
4.865
4.865
4.745
4.745
4.745
4.745
4.745
4.745
4.939
4.939
4.939
4.939
4.939
4.939
4.6
4.6
4.6
4.6
4.6
4.6
4.348
4.348
4.348
4.348
4.348
4.348
4.266
4.266
4.266
4.266
4.266
4.266
3.873
3.873
3.873
3.873
3.873
3.873
3.895
3.895
3.895
3.895
3.895
3.895
3.817
3.817
3.817
3.817
3.817
3.817
3.75
3.75
3.75
3.75
3.75
3.75
5.297
5.297
5.297
5.297
5.297
5.297
5.827
5.827
5.827
5.827
5.827
5.827
4.774
4.774
4.774
4.774
4.774
4.774
6.023
6.023
6.023
6.023
6.023
6.023
7.227
7.227
7.227
7.227
7.227
7.227
6.849
6.849
6.849
6.849
6.849
6.849
5.498
5.498
5.498
5.498
5.498
5.498
5.695
5.695
5.695
5.695
5.695
5.695
4.709
4.709
4.709
4.709
4.709
4.709
3.861
3.861
3.861
3.861
3.861
3.861
4.273
4.273
4.273
4.273
4.273
4.273
3.78
3.78
3.78
3.78
3.78
3.78
3.461
3.461
3.461
3.461
3.461
3.461
3.356
3.356
3.356
3.356
3.356
3.356
3.278
3.278
3.278
3.278
3.278
3.278
3.176
3.176
3.176
3.176
3.176
3.176
3.307
3.307
3.307
3.307
3.307
3.307
3.212
3.212
3.212
3.212
3.212
3.212
