3.066
3.066
3.066
3.066
3.066
3.066
3.052
3.052
3.052
3.052
3.052
3.052
3.141
3.141
3.141
3.141
3.141
3.141
3.216
3.216
3.216
3.216
3.216
3.216
2.991
2.991
2.991
2.991
2.991
2.991
3.078
3.078
3.078
3.078
3.078
3.078
2.985
2.985
2.985
2.985
2.985
2.985
2.997
2.997
2.997
2.997
2.997
2.997
2.985
2.985
2.985
2.985
2.985
2.985
2.965
2.965
2.965
2.965
2.965
2.965
3.031
3.031
3.031
3.031
3.031
3.031
2.989
2.989
2.989
2.989
2.989
2.989
3.15
3.15
3.15
3.15
3.15
3.15
3.069
3.069
3.069
3.069
3.069
3.069
3.307
3.307
3.307
3.307
3.307
3.307
3.445
3.445
3.445
3.445
3.445
3.445
3.561
3.561
3.561
3.561
3.561
3.561
3.983
3.983
3.983
3.983
3.983
3.983
4.561
4.561
4.561
4.561
4.561
4.561
4.563
4.563
4.563
4.563
4.563
4.563
4.523
4.523
4.523
4.523
4.523
4.523
4.497
4.497
4.497
4.497
4.497
4.497
4.014
4.014
4.014
4.014
4.014
4.014
4.103
4.103
4.103
4.103
4.103
4.103
3.93
3.93
3.93
3.93
3.93
3.93
3.699
3.699
3.699
3.699
3.699
3.699
3.465
3.465
3.465
3.465
3.465
3.465
3.46
3.46
3.46
3.46
3.46
3.46
3.468
3.468
3.468
3.468
3.468
3.468
3.463
3.463
3.463
3.463
3.463
3.463
3.648
3.648
3.648
3.648
3.648
3.648
3.798
3.798
3.798
3.798
3.798
3.798
3.922
3.922
3.922
3.922
3.922
3.922
4.107
4.107
4.107
4.107
4.107
4.107
4.426
4.426
4.426
4.426
4.426
4.426
4.352
4.352
4.352
4.352
4.352
4.352
4.344
4.344
4.344
4.344
4.344
4.344
4.323
4.323
4.323
4.323
4.323
4.323
3.91
3.91
3.91
3.91
3.91
3.91
3.88
3.88
3.88
3.88
3.88
3.88
3.79
3.79
3.79
3.79
3.79
3.79
3.711
3.711
3.711
3.711
3.711
3.711
4.144
4.144
4.144
4.144
4.144
4.144
4.002
4.002
4.002
4.002
4.002
4.002
3.739
3.739
3.739
3.739
3.739
3.739
3.557
3.557
3.557
3.557
3.557
3.557
3.278
3.278
3.278
3.278
3.278
3.278
3.293
3.293
3.293
3.293
3.293
3.293
