3.639
3.639
3.639
3.639
3.639
3.639
3.382
3.382
3.382
3.382
3.382
3.382
3.768
3.768
3.768
3.768
3.768
3.768
3.842
3.842
3.842
3.842
3.842
3.842
4.028
4.028
4.028
4.028
4.028
4.028
3.882
3.882
3.882
3.882
3.882
3.882
3.721
3.721
3.721
3.721
3.721
3.721
3.675
3.675
3.675
3.675
3.675
3.675
3.602
3.602
3.602
3.602
3.602
3.602
3.571
3.571
3.571
3.571
3.571
3.571
3.746
3.746
3.746
3.746
3.746
3.746
3.321
3.321
3.321
3.321
3.321
3.321
3.64
3.64
3.64
3.64
3.64
3.64
3.384
3.384
3.384
3.384
3.384
3.384
4.295
4.295
4.295
4.295
4.295
4.295
6.217
6.217
6.217
6.217
6.217
6.217
6.446
6.446
6.446
6.446
6.446
6.446
5.833
5.833
5.833
5.833
5.833
5.833
5.29
5.29
5.29
5.29
5.29
5.29
5.315
5.315
5.315
5.315
5.315
5.315
4.132
4.132
4.132
4.132
4.132
4.132
4.353
4.353
4.353
4.353
4.353
4.353
3.627
3.627
3.627
3.627
3.627
3.627
3.61
3.61
3.61
3.61
3.61
3.61
3.575
3.575
3.575
3.575
3.575
3.575
3.558
3.558
3.558
3.558
3.558
3.558
3.528
3.528
3.528
3.528
3.528
3.528
3.5
3.5
3.5
3.5
3.5
3.5
3.483
3.483
3.483
3.483
3.483
3.483
3.512
3.512
3.512
3.512
3.512
3.512
3.572
3.572
3.572
3.572
3.572
3.572
3.72
3.72
3.72
3.72
3.72
3.72
3.748
3.748
3.748
3.748
3.748
3.748
3.777
3.777
3.777
3.777
3.777
3.777
6.002
6.002
6.002
6.002
6.002
6.002
5.736
5.736
5.736
5.736
5.736
5.736
6.636
6.636
6.636
6.636
6.636
6.636
10.76
10.76
10.76
10.76
10.76
10.76
12.741
12.741
12.741
12.741
12.741
12.741
6.819
6.819
6.819
6.819
6.819
6.819
6.743
6.743
6.743
6.743
6.743
6.743
5.753
5.753
5.753
5.753
5.753
5.753
4.881
4.881
4.881
4.881
4.881
4.881
4.172
4.172
4.172
4.172
4.172
4.172
3.989
3.989
3.989
3.989
3.989
3.989
3.602
3.602
3.602
3.602
3.602
3.602
4.383
4.383
4.383
4.383
4.383
4.383
4.06
4.06
4.06
4.06
4.06
4.06
