3.106
3.106
3.106
3.106
3.106
3.106
3.056
3.056
3.056
3.056
3.056
3.056
3.082
3.082
3.082
3.082
3.082
3.082
3.102
3.102
3.102
3.102
3.102
3.102
3.119
3.119
3.119
3.119
3.119
3.119
3.09
3.09
3.09
3.09
3.09
3.09
3.101
3.101
3.101
3.101
3.101
3.101
3.083
3.083
3.083
3.083
3.083
3.083
3.098
3.098
3.098
3.098
3.098
3.098
3.097
3.097
3.097
3.097
3.097
3.097
3.181
3.181
3.181
3.181
3.181
3.181
3.262
3.262
3.262
3.262
3.262
3.262
3.36
3.36
3.36
3.36
3.36
3.36
3.605
3.605
3.605
3.605
3.605
3.605
3.685
3.685
3.685
3.685
3.685
3.685
3.777
3.777
3.777
3.777
3.777
3.777
4.06
4.06
4.06
4.06
4.06
4.06
4.712
4.712
4.712
4.712
4.712
4.712
5.335
5.335
5.335
5.335
5.335
5.335
5.718
5.718
5.718
5.718
5.718
5.718
6.03
6.03
6.03
6.03
6.03
6.03
5.763
5.763
5.763
5.763
5.763
5.763
4.851
4.851
4.851
4.851
4.851
4.851
4.748
4.748
4.748
4.748
4.748
4.748
4.666
4.666
4.666
4.666
4.666
4.666
4.385
4.385
4.385
4.385
4.385
4.385
4.029
4.029
4.029
4.029
4.029
4.029
4.069
4.069
4.069
4.069
4.069
4.069
4.075
4.075
4.075
4.075
4.075
4.075
4.036
4.036
4.036
4.036
4.036
4.036
3.996
3.996
3.996
3.996
3.996
3.996
4.028
4.028
4.028
4.028
4.028
4.028
4.165
4.165
4.165
4.165
4.165
4.165
4.426
4.426
4.426
4.426
4.426
4.426
4.405
4.405
4.405
4.405
4.405
4.405
4.393
4.393
4.393
4.393
4.393
4.393
4.075
4.075
4.075
4.075
4.075
4.075
3.98
3.98
3.98
3.98
3.98
3.98
4.057
4.057
4.057
4.057
4.057
4.057
4.108
4.108
4.108
4.108
4.108
4.108
4.389
4.389
4.389
4.389
4.389
4.389
4.523
4.523
4.523
4.523
4.523
4.523
4.422
4.422
4.422
4.422
4.422
4.422
3.974
3.974
3.974
3.974
3.974
3.974
3.727
3.727
3.727
3.727
3.727
3.727
3.667
3.667
3.667
3.667
3.667
3.667
3.457
3.457
3.457
3.457
3.457
3.457
3.149
3.149
3.149
3.149
3.149
3.149
