3.505
3.505
3.505
3.505
3.505
3.505
3.535
3.535
3.535
3.535
3.535
3.535
3.337
3.337
3.337
3.337
3.337
3.337
3.268
3.268
3.268
3.268
3.268
3.268
3.214
3.214
3.214
3.214
3.214
3.214
3.195
3.195
3.195
3.195
3.195
3.195
3.03
3.03
3.03
3.03
3.03
3.03
3.091
3.091
3.091
3.091
3.091
3.091
3.119
3.119
3.119
3.119
3.119
3.119
3.022
3.022
3.022
3.022
3.022
3.022
3.091
3.091
3.091
3.091
3.091
3.091
3.083
3.083
3.083
3.083
3.083
3.083
3.814
3.814
3.814
3.814
3.814
3.814
3.818
3.818
3.818
3.818
3.818
3.818
3.469
3.469
3.469
3.469
3.469
3.469
3.748
3.748
3.748
3.748
3.748
3.748
3.69
3.69
3.69
3.69
3.69
3.69
3.64
3.64
3.64
3.64
3.64
3.64
3.806
3.806
3.806
3.806
3.806
3.806
3.814
3.814
3.814
3.814
3.814
3.814
3.708
3.708
3.708
3.708
3.708
3.708
3.589
3.589
3.589
3.589
3.589
3.589
3.323
3.323
3.323
3.323
3.323
3.323
3.329
3.329
3.329
3.329
3.329
3.329
3.238
3.238
3.238
3.238
3.238
3.238
3.241
3.241
3.241
3.241
3.241
3.241
3.178
3.178
3.178
3.178
3.178
3.178
3.203
3.203
3.203
3.203
3.203
3.203
3.238
3.238
3.238
3.238
3.238
3.238
3.31
3.31
3.31
3.31
3.31
3.31
4.506
4.506
4.506
4.506
4.506
4.506
4.54
4.54
4.54
4.54
4.54
4.54
5.374
5.374
5.374
5.374
5.374
5.374
6.081
6.081
6.081
6.081
6.081
6.081
6.12
6.12
6.12
6.12
6.12
6.12
6.138
6.138
6.138
6.138
6.138
6.138
6.335
6.335
6.335
6.335
6.335
6.335
5.76
5.76
5.76
5.76
5.76
5.76
4.888
4.888
4.888
4.888
4.888
4.888
3.63
3.63
3.63
3.63
3.63
3.63
3.575
3.575
3.575
3.575
3.575
3.575
3.412
3.412
3.412
3.412
3.412
3.412
3.48
3.48
3.48
3.48
3.48
3.48
3.405
3.405
3.405
3.405
3.405
3.405
3.558
3.558
3.558
3.558
3.558
3.558
3.468
3.468
3.468
3.468
3.468
3.468
6.866
6.866
6.866
6.866
6.866
6.866
4.396
4.396
4.396
4.396
4.396
4.396
