4.143
4.143
4.143
4.143
4.143
4.143
4.141
4.141
4.141
4.141
4.141
4.141
4.243
4.243
4.243
4.243
4.243
4.243
4.072
4.072
4.072
4.072
4.072
4.072
3.877
3.877
3.877
3.877
3.877
3.877
3.781
3.781
3.781
3.781
3.781
3.781
3.64
3.64
3.64
3.64
3.64
3.64
3.527
3.527
3.527
3.527
3.527
3.527
3.477
3.477
3.477
3.477
3.477
3.477
3.512
3.512
3.512
3.512
3.512
3.512
3.527
3.527
3.527
3.527
3.527
3.527
3.662
3.662
3.662
3.662
3.662
3.662
4.506
4.506
4.506
4.506
4.506
4.506
4.531
4.531
4.531
4.531
4.531
4.531
4.475
4.475
4.475
4.475
4.475
4.475
4.445
4.445
4.445
4.445
4.445
4.445
4.776
4.776
4.776
4.776
4.776
4.776
4.955
4.955
4.955
4.955
4.955
4.955
4.972
4.972
4.972
4.972
4.972
4.972
4.904
4.904
4.904
4.904
4.904
4.904
4.936
4.936
4.936
4.936
4.936
4.936
4.925
4.925
4.925
4.925
4.925
4.925
4.767
4.767
4.767
4.767
4.767
4.767
4.689
4.689
4.689
4.689
4.689
4.689
4.49
4.49
4.49
4.49
4.49
4.49
4.509
4.509
4.509
4.509
4.509
4.509
4.336
4.336
4.336
4.336
4.336
4.336
4.193
4.193
4.193
4.193
4.193
4.193
4.195
4.195
4.195
4.195
4.195
4.195
4.088
4.088
4.088
4.088
4.088
4.088
3.976
3.976
3.976
3.976
3.976
3.976
3.953
3.953
3.953
3.953
3.953
3.953
4.127
4.127
4.127
4.127
4.127
4.127
4.378
4.378
4.378
4.378
4.378
4.378
5.434
5.434
5.434
5.434
5.434
5.434
5.479
5.479
5.479
5.479
5.479
5.479
8.02
8.02
8.02
8.02
8.02
8.02
8.43
8.43
8.43
8.43
8.43
8.43
7.441
7.441
7.441
7.441
7.441
7.441
5.975
5.975
5.975
5.975
5.975
5.975
5.196
5.196
5.196
5.196
5.196
5.196
4.938
4.938
4.938
4.938
4.938
4.938
4.543
4.543
4.543
4.543
4.543
4.543
4.484
4.484
4.484
4.484
4.484
4.484
4.384
4.384
4.384
4.384
4.384
4.384
4.314
4.314
4.314
4.314
4.314
4.314
4.149
4.149
4.149
4.149
4.149
4.149
4.097
4.097
4.097
4.097
4.097
4.097
