2.532
2.532
2.532
2.532
2.532
2.532
2.421
2.421
2.421
2.421
2.421
2.421
2.189
2.189
2.189
2.189
2.189
2.189
2.153
2.153
2.153
2.153
2.153
2.153
2.097
2.097
2.097
2.097
2.097
2.097
2.089
2.089
2.089
2.089
2.089
2.089
2.032
2.032
2.032
2.032
2.032
2.032
2.027
2.027
2.027
2.027
2.027
2.027
2.045
2.045
2.045
2.045
2.045
2.045
2.042
2.042
2.042
2.042
2.042
2.042
2.401
2.401
2.401
2.401
2.401
2.401
2.577
2.577
2.577
2.577
2.577
2.577
2.846
2.846
2.846
2.846
2.846
2.846
2.681
2.681
2.681
2.681
2.681
2.681
2.882
2.882
2.882
2.882
2.882
2.882
4.928
4.928
4.928
4.928
4.928
4.928
3.179
3.179
3.179
3.179
3.179
3.179
3.689
3.689
3.689
3.689
3.689
3.689
3.641
3.641
3.641
3.641
3.641
3.641
3.329
3.329
3.329
3.329
3.329
3.329
3.173
3.173
3.173
3.173
3.173
3.173
3.072
3.072
3.072
3.072
3.072
3.072
2.734
2.734
2.734
2.734
2.734
2.734
2.736
2.736
2.736
2.736
2.736
2.736
2.747
2.747
2.747
2.747
2.747
2.747
2.765
2.765
2.765
2.765
2.765
2.765
2.792
2.792
2.792
2.792
2.792
2.792
2.78
2.78
2.78
2.78
2.78
2.78
2.768
2.768
2.768
2.768
2.768
2.768
2.753
2.753
2.753
2.753
2.753
2.753
3.096
3.096
3.096
3.096
3.096
3.096
3.082
3.082
3.082
3.082
3.082
3.082
3.122
3.122
3.122
3.122
3.122
3.122
3.159
3.159
3.159
3.159
3.159
3.159
3.463
3.463
3.463
3.463
3.463
3.463
3.484
3.484
3.484
3.484
3.484
3.484
3.548
3.548
3.548
3.548
3.548
3.548
3.524
3.524
3.524
3.524
3.524
3.524
3.714
3.714
3.714
3.714
3.714
3.714
3.672
3.672
3.672
3.672
3.672
3.672
3.943
3.943
3.943
3.943
3.943
3.943
3.852
3.852
3.852
3.852
3.852
3.852
3.862
3.862
3.862
3.862
3.862
3.862
3.436
3.436
3.436
3.436
3.436
3.436
3.35
3.35
3.35
3.35
3.35
3.35
3.226
3.226
3.226
3.226
3.226
3.226
2.825
2.825
2.825
2.825
2.825
2.825
2.455
2.455
2.455
2.455
2.455
2.455
