3.303
3.303
3.303
3.303
3.303
3.303
3.292
3.292
3.292
3.292
3.292
3.292
3.322
3.322
3.322
3.322
3.322
3.322
3.366
3.366
3.366
3.366
3.366
3.366
3.335
3.335
3.335
3.335
3.335
3.335
3.291
3.291
3.291
3.291
3.291
3.291
3.312
3.312
3.312
3.312
3.312
3.312
3.303
3.303
3.303
3.303
3.303
3.303
3.308
3.308
3.308
3.308
3.308
3.308
3.333
3.333
3.333
3.333
3.333
3.333
3.41
3.41
3.41
3.41
3.41
3.41
3.314
3.314
3.314
3.314
3.314
3.314
3.967
3.967
3.967
3.967
3.967
3.967
3.896
3.896
3.896
3.896
3.896
3.896
4.114
4.114
4.114
4.114
4.114
4.114
4.509
4.509
4.509
4.509
4.509
4.509
5.462
5.462
5.462
5.462
5.462
5.462
5.778
5.778
5.778
5.778
5.778
5.778
5.436
5.436
5.436
5.436
5.436
5.436
5.026
5.026
5.026
5.026
5.026
5.026
4.356
4.356
4.356
4.356
4.356
4.356
4.052
4.052
4.052
4.052
4.052
4.052
4.203
4.203
4.203
4.203
4.203
4.203
4.106
4.106
4.106
4.106
4.106
4.106
4.213
4.213
4.213
4.213
4.213
4.213
3.99
3.99
3.99
3.99
3.99
3.99
3.766
3.766
3.766
3.766
3.766
3.766
3.673
3.673
3.673
3.673
3.673
3.673
3.625
3.625
3.625
3.625
3.625
3.625
3.611
3.611
3.611
3.611
3.611
3.611
3.692
3.692
3.692
3.692
3.692
3.692
3.725
3.725
3.725
3.725
3.725
3.725
3.78
3.78
3.78
3.78
3.78
3.78
3.782
3.782
3.782
3.782
3.782
3.782
4.069
4.069
4.069
4.069
4.069
4.069
4.122
4.122
4.122
4.122
4.122
4.122
4.144
4.144
4.144
4.144
4.144
4.144
4.283
4.283
4.283
4.283
4.283
4.283
6.619
6.619
6.619
6.619
6.619
6.619
7.166
7.166
7.166
7.166
7.166
7.166
5.894
5.894
5.894
5.894
5.894
5.894
5.059
5.059
5.059
5.059
5.059
5.059
4.652
4.652
4.652
4.652
4.652
4.652
4.141
4.141
4.141
4.141
4.141
4.141
4.209
4.209
4.209
4.209
4.209
4.209
4.057
4.057
4.057
4.057
4.057
4.057
3.62
3.62
3.62
3.62
3.62
3.62
3.502
3.502
3.502
3.502
3.502
3.502
