4.023
4.023
4.023
4.023
4.023
4.023
3.434
3.434
3.434
3.434
3.434
3.434
3.137
3.137
3.137
3.137
3.137
3.137
3.102
3.102
3.102
3.102
3.102
3.102
3.082
3.082
3.082
3.082
3.082
3.082
3.063
3.063
3.063
3.063
3.063
3.063
3.206
3.206
3.206
3.206
3.206
3.206
3.193
3.193
3.193
3.193
3.193
3.193
3.241
3.241
3.241
3.241
3.241
3.241
3.203
3.203
3.203
3.203
3.203
3.203
3.533
3.533
3.533
3.533
3.533
3.533
3.378
3.378
3.378
3.378
3.378
3.378
4.02
4.02
4.02
4.02
4.02
4.02
4.047
4.047
4.047
4.047
4.047
4.047
4.187
4.187
4.187
4.187
4.187
4.187
4.296
4.296
4.296
4.296
4.296
4.296
4.6
4.6
4.6
4.6
4.6
4.6
4.979
4.979
4.979
4.979
4.979
4.979
6.019
6.019
6.019
6.019
6.019
6.019
6.192
6.192
6.192
6.192
6.192
6.192
6.151
6.151
6.151
6.151
6.151
6.151
6.191
6.191
6.191
6.191
6.191
6.191
5.92
5.92
5.92
5.92
5.92
5.92
6.053
6.053
6.053
6.053
6.053
6.053
5.88
5.88
5.88
5.88
5.88
5.88
5.79
5.79
5.79
5.79
5.79
5.79
5.466
5.466
5.466
5.466
5.466
5.466
5.476
5.476
5.476
5.476
5.476
5.476
5.479
5.479
5.479
5.479
5.479
5.479
5.376
5.376
5.376
5.376
5.376
5.376
4.913
4.913
4.913
4.913
4.913
4.913
4.961
4.961
4.961
4.961
4.961
4.961
5.195
5.195
5.195
5.195
5.195
5.195
5.188
5.188
5.188
5.188
5.188
5.188
5.133
5.133
5.133
5.133
5.133
5.133
5.075
5.075
5.075
5.075
5.075
5.075
5.037
5.037
5.037
5.037
5.037
5.037
4.961
4.961
4.961
4.961
4.961
4.961
5.165
5.165
5.165
5.165
5.165
5.165
5.115
5.115
5.115
5.115
5.115
5.115
5.054
5.054
5.054
5.054
5.054
5.054
5.059
5.059
5.059
5.059
5.059
5.059
5.177
5.177
5.177
5.177
5.177
5.177
5.145
5.145
5.145
5.145
5.145
5.145
5.096
5.096
5.096
5.096
5.096
5.096
5.07
5.07
5.07
5.07
5.07
5.07
4.836
4.836
4.836
4.836
4.836
4.836
4.104
4.104
4.104
4.104
4.104
4.104
