2.819
2.819
2.819
2.819
2.819
2.819
2.792
2.792
2.792
2.792
2.792
2.792
2.766
2.766
2.766
2.766
2.766
2.766
2.765
2.765
2.765
2.765
2.765
2.765
2.705
2.705
2.705
2.705
2.705
2.705
2.698
2.698
2.698
2.698
2.698
2.698
2.692
2.692
2.692
2.692
2.692
2.692
2.691
2.691
2.691
2.691
2.691
2.691
2.694
2.694
2.694
2.694
2.694
2.694
2.682
2.682
2.682
2.682
2.682
2.682
2.746
2.746
2.746
2.746
2.746
2.746
2.832
2.832
2.832
2.832
2.832
2.832
3.2
3.2
3.2
3.2
3.2
3.2
3.3
3.3
3.3
3.3
3.3
3.3
3.441
3.441
3.441
3.441
3.441
3.441
3.52
3.52
3.52
3.52
3.52
3.52
3.543
3.543
3.543
3.543
3.543
3.543
3.502
3.502
3.502
3.502
3.502
3.502
3.46
3.46
3.46
3.46
3.46
3.46
3.151
3.151
3.151
3.151
3.151
3.151
3.24
3.24
3.24
3.24
3.24
3.24
3.235
3.235
3.235
3.235
3.235
3.235
3.567
3.567
3.567
3.567
3.567
3.567
3.624
3.624
3.624
3.624
3.624
3.624
3.692
3.692
3.692
3.692
3.692
3.692
3.652
3.652
3.652
3.652
3.652
3.652
3.597
3.597
3.597
3.597
3.597
3.597
3.652
3.652
3.652
3.652
3.652
3.652
3.612
3.612
3.612
3.612
3.612
3.612
3.597
3.597
3.597
3.597
3.597
3.597
3.809
3.809
3.809
3.809
3.809
3.809
3.915
3.915
3.915
3.915
3.915
3.915
4.161
4.161
4.161
4.161
4.161
4.161
4.213
4.213
4.213
4.213
4.213
4.213
4.59
4.59
4.59
4.59
4.59
4.59
4.394
4.394
4.394
4.394
4.394
4.394
4.063
4.063
4.063
4.063
4.063
4.063
3.889
3.889
3.889
3.889
3.889
3.889
3.778
3.778
3.778
3.778
3.778
3.778
3.693
3.693
3.693
3.693
3.693
3.693
3.778
3.778
3.778
3.778
3.778
3.778
3.738
3.738
3.738
3.738
3.738
3.738
3.694
3.694
3.694
3.694
3.694
3.694
3.641
3.641
3.641
3.641
3.641
3.641
3.572
3.572
3.572
3.572
3.572
3.572
3.54
3.54
3.54
3.54
3.54
3.54
3.171
3.171
3.171
3.171
3.171
3.171
2.893
2.893
2.893
2.893
2.893
2.893
