3.368
3.368
3.368
3.368
3.368
3.368
3.296
3.296
3.296
3.296
3.296
3.296
3.35
3.35
3.35
3.35
3.35
3.35
3.455
3.455
3.455
3.455
3.455
3.455
3.41
3.41
3.41
3.41
3.41
3.41
3.395
3.395
3.395
3.395
3.395
3.395
3.345
3.345
3.345
3.345
3.345
3.345
3.323
3.323
3.323
3.323
3.323
3.323
3.325
3.325
3.325
3.325
3.325
3.325
3.287
3.287
3.287
3.287
3.287
3.287
3.403
3.403
3.403
3.403
3.403
3.403
3.456
3.456
3.456
3.456
3.456
3.456
3.717
3.717
3.717
3.717
3.717
3.717
3.893
3.893
3.893
3.893
3.893
3.893
3.991
3.991
3.991
3.991
3.991
3.991
4.11
4.11
4.11
4.11
4.11
4.11
3.591
3.591
3.591
3.591
3.591
3.591
3.813
3.813
3.813
3.813
3.813
3.813
4.003
4.003
4.003
4.003
4.003
4.003
4.057
4.057
4.057
4.057
4.057
4.057
4.022
4.022
4.022
4.022
4.022
4.022
3.996
3.996
3.996
3.996
3.996
3.996
3.933
3.933
3.933
3.933
3.933
3.933
3.952
3.952
3.952
3.952
3.952
3.952
3.992
3.992
3.992
3.992
3.992
3.992
3.943
3.943
3.943
3.943
3.943
3.943
4.005
4.005
4.005
4.005
4.005
4.005
4.085
4.085
4.085
4.085
4.085
4.085
4.03
4.03
4.03
4.03
4.03
4.03
3.994
3.994
3.994
3.994
3.994
3.994
4.363
4.363
4.363
4.363
4.363
4.363
4.376
4.376
4.376
4.376
4.376
4.376
4.44
4.44
4.44
4.44
4.44
4.44
4.621
4.621
4.621
4.621
4.621
4.621
4.819
4.819
4.819
4.819
4.819
4.819
4.737
4.737
4.737
4.737
4.737
4.737
4.734
4.734
4.734
4.734
4.734
4.734
4.752
4.752
4.752
4.752
4.752
4.752
5.011
5.011
5.011
5.011
5.011
5.011
5.146
5.146
5.146
5.146
5.146
5.146
5.423
5.423
5.423
5.423
5.423
5.423
5.186
5.186
5.186
5.186
5.186
5.186
4.085
4.085
4.085
4.085
4.085
4.085
4.045
4.045
4.045
4.045
4.045
4.045
3.981
3.981
3.981
3.981
3.981
3.981
3.868
3.868
3.868
3.868
3.868
3.868
3.826
3.826
3.826
3.826
3.826
3.826
3.493
3.493
3.493
3.493
3.493
3.493
