1.7204000000000002
2.6072
0.654
0.619
0.5342
0.46799999999999997
0.4286
0.18579999999999997
0.059
0.059
0.059
0.061
0.1486
0.268
0.268
0.268
0.268
0.069
0.069
0.069
0.069
0.069
0.069
0.069
0.069
0.069
0.069
0.069
0.069
0.268
0.268
0.268
0.268
0.14859999999999998
0.069
0.069
0.069
0.069
0.069
0.069
0.069
0.069
0.069
0.069
0.069
0.069
0.069
0.069
0.1884
0.268
0.268
0.268
0.22820000000000001
0.069
0.069
0.069
0.069
0.069
0.069
0.069
0.069
0.069
0.069
0.069
0.069
0.069
0.069
0.069
0.069
0.069
0.069
0.069
0.1486
0.268
0.268
0.268
0.268
0.069
0.069
0.069
0.069
0.069
0.069
0.069
0.069
0.069
0.1884
0.268
0.268
0.268
0.22820000000000001
0.615
2.803
2.863
2.863
2.3238
0.11499999999999999
0.223
0.24699999999999997
0.24699999999999997
0.21100000000000002
0.215
0.3016
0.421
0.421
0.481
0.5858
0.47400000000000003
1.5644
3.1228000000000002
3.3579999999999997
3.518
2.3560000000000003
0.6002
0.371
0.375
0.6312
0.723
0.765
0.749
0.5576000000000001
0.22939999999999997
0.069
0.069
0.069
0.069
0.069
0.1536
0.21000000000000002
0.21000000000000002
0.2532
0.282
3.4457999999999998
2.265
2.265
4.4538
3.4146
3.018
3.018
0.8192000000000002
0.272
2.4608
3.0160000000000005
3.3879999999999995
3.943
1.7542000000000002
1.2866
1.7747999999999997
1.6258
1.0714
0.481
0.3528
0.282
0.282
0.3528
0.282
0.3508
0.767
0.2
0.2
0.21600000000000003
1.8736000000000002
2.936
3.135
3.135
1.4933999999999998
0.41500000000000004
0.27959999999999996
0.2
0.21200000000000002
0.26
0.26
0.26
0.26
0.26
0.26
0.26
0.36219999999999997
0.7133999999999999
0.723
0.759
0.759
0.5946
0.1202
0.069
0.069
0.069
0.069
0.069
0.069
0.069
0.10880000000000001
0.268
0.268
0.268
0.268
0.10880000000000001
0.069
0.069
0.069
0.069
0.069
0.069
0.069
0.069
0.069
0.069
0.069
0.1884
0.268
0.268
0.268
0.22820000000000001
0.069
0.069
0.0878
0.079
0.1958
0.294
0.30700000000000005
1.4225999999999999
2.0810000000000004
2.22
2.256
2.232
1.8492000000000002
0.2746
0.238
0.32080000000000003
0.43599999999999994
0.46399999999999997
1.0292
0.476
0.476
0.393
2.239
2.3882
2.484
2.552
2.5799999999999996
1.392
0.461
0.40499999999999997
0.4154
0.441
0.441
0.441
0.417
0.40499999999999997
2.0306
3.149
3.2077999999999998
3.393
1.7633999999999996
0.657
0.705
0.48579999999999995
0.386
0.48200000000000004
0.441
0.461
0.461
0.461
0.509
0.43900000000000006
0.5701999999999999
0.5652
0.5579999999999999
2.7788000000000004
3.1672
3.0454
3.0070000000000006
0.8151999999999999
0.5846
1.8477999999999999
0.6102000000000001
0.52
0.472
0.7798
0.629
0.609
0.609
0.583
0.2332
0.069
0.069
0.069
0.069
