0.24500000000000002
0.24500000000000002
0.1754
0.24699999999999997
0.24699999999999997
0.24500000000000002
0.12960000000000002
0.0872
0.188
0.188
0.196
0.22800000000000004
0.23600000000000004
0.27
0.7066000000000001
0.921
0.7209999999999999
0.45099999999999996
0.4856
0.5262
0.525
0.529
0.521
0.203
0.05500000000000001
0.05500000000000001
0.05500000000000001
0.1306
0.181
0.181
0.181
0.05500000000000001
0.05500000000000001
0.05500000000000001
0.05500000000000001
0.05500000000000001
0.05500000000000001
0.05500000000000001
0.05500000000000001
0.1702
0.24699999999999997
0.24699999999999997
0.24699999999999997
0.20859999999999998
0.05500000000000001
0.05500000000000001
0.05500000000000001
0.05500000000000001
0.05500000000000001
0.05500000000000001
0.05500000000000001
0.05500000000000001
0.05500000000000001
0.05500000000000001
0.21939999999999998
0.373
0.373
0.3226
0.24699999999999997
0.0934
0.05500000000000001
0.05500000000000001
0.05500000000000001
0.05500000000000001
0.05500000000000001
0.05500000000000001
0.181
0.181
0.181
0.1306
0.05500000000000001
0.05500000000000001
0.05500000000000001
0.0934
0.24699999999999997
0.24699999999999997
0.24699999999999997
0.3478
0.21940000000000004
0.181
0.1558
0.05500000000000001
0.05500000000000001
0.05500000000000001
0.05500000000000001
0.05500000000000001
0.05500000000000001
0.24699999999999997
0.24699999999999997
0.24699999999999997
0.24699999999999997
0.13180000000000003
0.05500000000000001
0.05500000000000001
0.05500000000000001
0.05500000000000001
0.05500000000000001
0.05500000000000001
0.05500000000000001
0.05500000000000001
0.05500000000000001
0.08020000000000001
0.181
0.2934
0.40700000000000003
0.3394
0.36579999999999996
0.481
0.481
0.497
0.461
0.27080000000000004
0.3032
0.2374
0.437
0.8009999999999999
0.865
0.8821999999999999
0.907
0.899
1.0158
1.233
1.8690000000000002
1.3010000000000002
1.1322
0.9534
0.915
0.907
0.875
1.0606
1.2462
0.9254
1.001
0.501
0.461
0.36019999999999996
0.335
0.335
0.335
0.5010000000000001
0.558
0.558
0.558
0.6072
0.492
0.492
0.44160000000000005
0.3396
0.23400000000000004
0.377
0.35700000000000004
0.277
0.277
0.2226
0.10919999999999999
0.10540000000000001
0.16299999999999998
1.4325999999999999
0.367
0.5506
1.075
2.6162
2.4816000000000003
2.356
2.356
0.373
0.48740000000000006
0.516
0.516
0.516
0.5088
0.5112
0.5082000000000001
0.6881999999999999
0.678
0.7352000000000001
0.819
0.6577999999999999
0.473
0.441
0.5037999999999999
1.529
0.46040000000000003
0.46840000000000004
0.433
0.5948
0.8066000000000001
0.34720000000000006
1.144
0.8460000000000001
0.634
0.634
0.5940000000000001
0.38
0.29000000000000004
0.314
0.22599999999999998
0.22800000000000004
0.24
0.266
0.276
0.256
0.26139999999999997
0.6942
0.8710000000000001
0.8949999999999999
0.975
1.0173999999999999
1.1111999999999997
1.148
0.884
0.572
0.5576
0.42000000000000004
0.4640000000000001
0.4532
0.426
0.47400000000000003
0.45599999999999996
0.9755999999999998
1.0694
0.975
0.985
0.79
0.774
0.774
0.8907999999999999
0.942
0.9339999999999999
0.9259999999999999
0.9513999999999999
0.763
0.791
0.771
1.2852000000000001
1.698
0.9339999999999999
0.938
0.9023999999999999
0.8879999999999999
0.7886
0.714
0.714
0.7612
0.8699999999999999
0.3594
0.08020000000000001
0.181
0.181
0.3346
0.2974
0.24699999999999997
0.24699999999999997
0.17020000000000002
0.05500000000000001
0.05500000000000001
0.05500000000000001
0.05500000000000001
0.08020000000000001
0.181
0.181
0.181
0.14379999999999998
0.24699999999999997
0.24699999999999997
0.24699999999999997
0.24699999999999997
0.15799999999999997
0.096
0.096
0.10600000000000001
0.136
0.1724
0.278
0.238
0.22800000000000004
0.23600000000000004
0.363
0.323
1.059
0.667
0.377
0.417
0.40700000000000003
0.445
0.3534
0.33499999999999996
0.375
