0.046
0.053200000000000004
0.08600000000000001
0.128
0.1996
0.248
0.05700000000000001
0.05700000000000001
0.166
0.166
0.166
0.12240000000000002
0.05700000000000001
0.05700000000000001
0.05700000000000001
0.05700000000000001
0.05700000000000001
0.0898
0.221
0.221
0.221
0.221
0.0898
0.14420000000000002
0.166
0.166
0.14420000000000002
0.05700000000000001
0.05700000000000001
0.05700000000000001
0.05700000000000001
0.1554
0.221
0.221
0.221
0.1882
0.05700000000000001
0.12240000000000002
0.166
0.166
0.166
0.05700000000000001
0.05700000000000001
0.05700000000000001
0.05700000000000001
0.05700000000000001
0.0898
0.221
0.221
0.221
0.221
0.0898
0.05700000000000001
0.05700000000000001
0.05700000000000001
0.05700000000000001
0.05700000000000001
0.05700000000000001
0.05700000000000001
0.05700000000000001
0.05700000000000001
0.05700000000000001
0.05700000000000001
0.05700000000000001
0.05700000000000001
0.0898
0.221
0.2428
0.33
0.33
0.45779999999999993
0.5316
0.4984
0.538
1.3244
7.3274
0.594
0.608
2.7847999999999997
3.3329999999999997
3.4722
1.9973999999999996
0.8569999999999999
2.9412
4.9766
0.558
0.05700000000000001
0.05700000000000001
0.05700000000000001
0.05700000000000001
0.05700000000000001
0.05700000000000001
0.05700000000000001
0.05700000000000001
0.05700000000000001
0.05700000000000001
0.05700000000000001
0.05700000000000001
0.1006
0.166
0.166
0.166
0.07880000000000001
0.05700000000000001
0.05700000000000001
0.05700000000000001
0.0898
0.221
0.221
0.221
0.2428
0.19880000000000003
0.166
0.166
0.1006
0.05700000000000001
0.05700000000000001
0.05700000000000001
0.05700000000000001
0.05700000000000001
0.05700000000000001
0.18819999999999998
0.221
0.221
0.221
0.15540000000000004
0.05700000000000001
0.05700000000000001
0.12240000000000002
0.166
0.166
0.166
0.05700000000000001
0.05700000000000001
0.05700000000000001
0.05700000000000001
0.33
0.33
0.3628
0.5811999999999999
0.603
0.603
1.8339999999999996
2.4508
2.418
2.43
1.1771999999999998
0.342
0.382
0.342
0.342
1.5216
3.182
3.182
2.614
0.342
0.342
0.342
0.4732
0.5012000000000001
0.49399999999999994
0.49399999999999994
0.5374
0.7318
0.46299999999999997
0.39540000000000003
0.33
0.33
0.33
0.33
0.39
0.39
0.39
0.39
0.39
0.39
0.05700000000000001
0.05700000000000001
0.177
0.33
0.33
0.30820000000000003
0.221
0.0898
0.05700000000000001
0.05700000000000001
0.05700000000000001
0.05700000000000001
0.05700000000000001
0.05700000000000001
0.05700000000000001
0.05700000000000001
0.05700000000000001
0.05700000000000001
0.05700000000000001
0.14420000000000002
0.166
0.33
0.30820000000000003
0.221
0.221
0.12260000000000001
0.33
0.45
0.3908
0.5206
0.9666
0.6397999999999999
0.6182000000000001
0.721
0.7103999999999999
0.756
0.694
0.596
0.5432
0.42800000000000005
0.41600000000000004
0.45200000000000007
0.5174000000000001
0.625
0.6242
0.6890000000000001
0.66
0.648
1.0896000000000001
1.5704
0.7299999999999999
0.778
0.77
0.77
0.79
0.9500000000000002
0.8300000000000001
0.616
0.764
0.738
0.682
0.7924
0.9259999999999999
0.9443999999999999
0.05700000000000001
0.05700000000000001
0.05700000000000001
0.1226
0.221
0.221
0.221
0.221
0.05700000000000001
0.05700000000000001
0.07880000000000001
0.166
0.166
0.166
0.1006
0.05700000000000001
0.05700000000000001
0.05700000000000001
0.05700000000000001
0.05700000000000001
0.05700000000000001
0.05700000000000001
0.05700000000000001
0.05700000000000001
0.05700000000000001
0.18800000000000003
0.33
0.33
0.33
0.221
0.05700000000000001
0.05700000000000001
0.05700000000000001
0.05700000000000001
0.05700000000000001
0.05700000000000001
0.05700000000000001
0.05700000000000001
0.05700000000000001
0.05700000000000001
0.05700000000000001
0.05700000000000001
0.05700000000000001
0.05700000000000001
0.12240000000000002
0.166
0.16
0.32
