0.063
0.063
0.063
0.069
0.073
0.073
0.073
0.073
0.073
0.073
0.073
0.073
0.073
0.266
0.266
0.2274
0.073
0.073
0.073
0.073
0.073
0.073
0.073
0.073
0.073
0.073
0.073
0.2274
0.266
0.266
0.073
0.073
0.073
0.073
0.073
0.073
0.073
0.073
0.073
0.073
0.073
0.073
0.18880000000000002
0.266
0.266
0.1116
0.073
0.073
0.073
0.073
0.073
0.073
0.073
0.073
0.073
0.073
0.1502
0.266
0.266
0.15019999999999997
0.073
0.073
0.073
0.073
0.073
0.073
0.073
0.073
0.073
0.073
0.073
0.073
0.073
0.073
0.2274
0.266
0.266
0.073
0.073
0.073
0.073
0.073
0.073
0.073
0.073
0.073
0.073
0.073
0.1502
0.266
0.264
0.35119999999999996
0.3214
0.379
0.073
0.073
0.073
0.073
0.073
0.073
0.295
0.295
0.3722
0.548
0.548
0.43220000000000003
0.43500000000000005
0.355
0.073
0.073
0.073
0.073
0.295
0.2972
0.073
0.073
0.073
0.073
0.18880000000000002
0.266
0.266
0.1116
0.073
0.073
0.073
0.073
0.073
0.073
0.073
0.073
0.073
0.073
0.073
0.1502
0.266
0.266
0.15019999999999997
0.073
0.073
0.073
0.073
0.073
0.073
0.073
0.073
0.073
0.073
0.073
0.073
0.18880000000000002
0.266
0.266
0.1116
0.073
0.073
0.073
0.073
0.073
0.073
0.073
0.073
0.073
0.073
0.073
0.073
0.1502
0.266
0.266
0.15019999999999997
0.073
0.073
0.073
0.073
0.073
0.073
0.073
0.073
0.073
0.073
0.073
0.073
0.073
0.073
0.073
0.266
0.266
0.2274
0.073
0.073
0.073
0.073
0.073
0.073
0.073
0.073
0.073
0.073
0.073
0.073
0.18880000000000002
0.266
0.266
0.1116
0.073
0.073
0.073
0.073
0.073
0.073
0.073
0.073
0.073
0.073
0.073
0.266
0.266
0.2274
0.073
0.073
0.073
0.073
0.073
0.073
0.073
0.073
0.073
0.073
0.073
0.073
0.073
0.18880000000000002
0.266
0.266
0.1116
0.073
0.073
0.073
0.073
0.073
0.073
0.073
0.073
0.073
0.073
0.073
0.073
0.18880000000000002
0.266
0.266
0.1116
0.073
0.073
0.073
0.073
0.073
0.073
0.073
0.073
0.073
0.073
0.073
0.073
0.073
0.073
0.073
0.073
0.073
0.073
0.073
0.18880000000000002
0.266
0.266
0.1116
0.073
0.073
0.073
0.073
0.073
0.073
0.073
0.073
0.073
0.073
0.073
0.073
0.06899999999999999
0.063
0.063
