0.072
0.072
0.072
0.1524
0.175
0.175
0.1524
0.062
0.062
0.072
0.072
0.072
0.072
0.072
0.072
0.072
0.072
0.072
0.238
0.238
0.238
0.238
0.072
0.072
0.072
0.072
0.072
0.072
0.072
0.072
0.072
0.072
0.072
0.072
0.072
0.072
0.072
0.072
0.072
0.072
0.072
0.072
0.072
0.072
0.072
0.185
0.185
0.185
0.13979999999999998
0.072
0.1052
0.238
0.238
0.238
0.2048
0.072
0.072
0.072
0.072
0.16240000000000002
0.185
0.185
0.1624
0.072
0.072
0.072
0.072
0.072
0.072
0.072
0.2274
0.351
0.351
0.351
0.15039999999999998
0.072
0.072
0.072
0.072
0.072
0.072
0.072
0.072
0.072
0.1716
0.30579999999999996
0.351
0.351
0.2514
0.072
0.072
0.072
0.072
0.072
0.072
0.072
0.072
0.072
0.1398
0.185
0.185
0.185
0.072
0.072
0.072
0.1384
0.238
0.238
0.238
0.17159999999999997
0.072
0.16240000000000002
0.185
0.185
0.1624
0.072
0.072
0.072
0.072
0.072
0.1716
0.238
0.238
0.238
0.13839999999999997
0.1398
0.185
0.185
0.185
0.072
0.9896
0.5297999999999999
0.07
0.07
0.236
0.28400000000000003
0.7358
2.5628
2.442
2.442
2.4480000000000004
2.8038
3.2635999999999994
2.344
2.344
2.344
3.9959999999999996
4.409
4.037000000000001
2.323
2.323
1.4969999999999999
0.13899999999999998
0.13
0.13
0.13
0.13
0.13
1.5094
0.1526
0.409
0.55
0.553
0.4852
0.274
0.274
0.28600000000000003
0.334
0.072
0.072
0.072
0.072
0.072
0.185
0.185
0.185
0.13979999999999998
0.072
0.1716
0.238
0.238
0.238
0.13839999999999997
0.072
0.072
0.072
0.072
0.072
0.072
0.072
0.072
0.262
0.351
0.351
0.32839999999999997
0.13839999999999997
0.072
0.072
0.072
0.072
0.072
0.072
0.072
0.072
0.072
0.072
0.28600000000000003
0.35660000000000003
0.553
0.712
0.8876
0.8102
0.778
1.2536
1.5386
0.564
0.708
0.678
0.7006
0.751
0.761
0.861
1.2362
2.863
2.815
2.7570000000000006
2.653
2.6542000000000003
1.1246
0.7364
0.8160000000000001
0.8228
0.6579999999999999
0.6018000000000001
0.632
0.6679999999999999
0.7112
0.7460000000000001
0.756
0.792
0.792
0.9488
1.0226
1.0066
0.951
0.8367999999999999
0.786
0.6863999999999999
0.651
0.655
0.645
0.6032
0.586
0.6155999999999999
0.61
0.7028000000000001
0.7969999999999999
0.777
0.7569999999999999
0.6774000000000001
1.4402
1.0744
0.185
0.185
0.1624
0.072
0.072
0.072
0.072
0.072
0.072
0.072
0.1384
0.238
0.238
0.238
0.17159999999999997
0.072
0.185
0.185
0.185
0.13979999999999998
0.072
0.072
0.072
0.238
0.238
0.238
