0.066
0.066
0.066
0.07400000000000001
0.076
0.076
0.076
0.076
0.076
0.076
0.076
0.076
0.076
0.076
0.076
0.076
0.076
0.0972
0.182
0.182
0.2472
0.2814
0.23899999999999996
0.23899999999999996
0.17379999999999998
0.076
0.076
0.076
0.076
0.076
0.076
0.076
0.10859999999999999
0.23899999999999996
0.23899999999999996
0.23899999999999996
0.2912
0.182
0.182
0.1608
0.076
0.076
0.076
0.076
0.076
0.076
0.076
0.1396
0.182
0.182
0.345
0.23899999999999996
0.23899999999999996
0.23899999999999996
0.076
0.076
0.076
0.076
0.076
0.076
0.076
0.076
0.076
0.076
0.11839999999999999
0.182
0.182
0.182
0.09720000000000001
0.076
0.076
0.1412
0.285
0.285
0.385
0.3718
0.274
0.276
0.292
0.27999999999999997
0.21999999999999997
0.14400000000000002
0.20600000000000002
0.27080000000000004
0.182
0.182
0.1608
0.076
0.076
0.076
0.076
0.076
0.076
0.076
0.076
0.1624
0.345
0.345
0.345
0.2162
0.076
0.076
0.076
0.076
0.076
0.076
0.076
0.076
0.076
0.076
0.076
0.076
0.076
0.076
0.076
0.076
0.076
0.076
0.074
0.074
0.2044
0.23700000000000002
0.23700000000000002
0.23700000000000002
0.1066
0.11639999999999999
0.264
0.32
0.32
0.2352
0.21400000000000002
0.21400000000000002
0.21400000000000002
0.21400000000000002
0.331
0.44719999999999993
0.377
0.8051999999999999
0.23899999999999996
0.076
0.1608
0.182
0.182
0.1608
0.076
0.076
0.076
0.076
0.076
0.076
0.076
0.076
0.076
0.1412
0.3238
0.345
0.345
0.2586
0.076
0.076
0.076
0.076
0.076
0.076
0.076
0.1412
0.23899999999999996
0.23899999999999996
0.23899999999999996
0.17379999999999998
0.076
0.076
0.076
0.076
0.076
0.076
2.492
2.588
2.6172
2.1968
0.484
0.616
0.794
0.7020000000000001
0.7620000000000001
0.6942
0.795
0.8996000000000001
1.016
0.9181999999999999
0.9328
0.8804000000000001
0.8379999999999999
1.7177999999999998
0.651
0.651
0.605
0.561
0.561
0.561
0.6142000000000001
0.664
0.664
0.6662000000000001
0.6218000000000001
0.5330000000000001
0.9752000000000001
2.622
2.6628
2.704
2.3258
0.5758
0.491
0.491
0.491
0.491
0.559
0.5389999999999999
0.5284000000000001
0.42800000000000005
0.4744
0.6007999999999999
0.728
0.883
0.4486
0.3664
0.17600000000000002
0.252
0.33999999999999997
0.277
0.28840000000000005
0.466
0.442
0.442
0.454
0.462
0.4554
0.45099999999999996
0.557
0.569
0.5774000000000001
0.6464000000000001
0.648
1.3512
0.9836
1.2413999999999998
0.9206
0.5938000000000001
0.476
0.43600000000000005
0.496
0.496
0.514
0.45599999999999996
0.599
0.5853999999999999
0.6838
0.705
0.5660000000000001
0.5808
0.496
0.48579999999999995
0.475
0.522
0.496
0.484
0.476
0.748
4.3751999999999995
2.6016000000000004
0.8832000000000001
0.8375999999999999
0.749
0.765
0.7213999999999999
0.699
0.723
0.6946
0.772
0.828
2.5128
1.1736
0.8455999999999999
0.8459999999999999
0.9259999999999998
0.93
0.772
0.744
