0.074
0.1568
0.281
0.281
0.281
0.281
0.074
0.06860000000000001
0.0708
0.134
0.156
0.24159999999999998
0.311
0.2958
0.3338
0.477
0.425
0.3554
0.248
0.271
0.363
0.363
0.3694
0.40700000000000003
0.391
0.3822
0.37679999999999997
0.382
0.382
0.561
0.5646
0.555
0.4837999999999999
0.49800000000000005
0.522
0.46799999999999997
0.4069999999999999
0.41600000000000004
0.4138
0.4050000000000001
0.4050000000000001
0.4050000000000001
0.4050000000000001
1.2934
0.8215999999999999
0.356
0.4276000000000001
0.535
1.8676
0.36760000000000004
0.296
0.2996
0.2978
0.29779999999999995
0.305
0.305
0.305
0.281
0.305
0.305
0.345
0.4006
0.472
0.5176000000000001
0.39859999999999995
0.327
0.327
0.327
0.351
0.3154
0.238
0.238
0.238
0.258
0.30779999999999996
0.296
0.296
0.296
0.46900000000000003
0.612
0.604
0.425
0.417
0.385
0.385
0.3592
0.272
1.6085999999999998
0.276
0.276
0.21599999999999997
0.176
0.19999999999999998
0.25179999999999997
0.395
0.395
0.3154
0.176
0.186
0.22600000000000003
0.23700000000000002
0.15619999999999998
0.069
0.11840000000000002
0.196
0.2298
0.24400000000000005
0.268
0.2472
0.24100000000000002
0.41600000000000004
0.41600000000000004
0.6115999999999999
0.615
0.069
0.069
0.069
0.069
0.069
0.069
0.069
0.069
0.069
0.069
0.069
0.069
0.1406
0.248
0.248
0.14059999999999997
0.069
0.069
0.069
0.069
0.069
0.069
0.069
0.069
0.069
0.069
0.069
0.069
0.069
0.069
0.1764
0.248
0.248
0.1048
0.069
0.069
0.069
0.069
0.069
0.069
0.069
0.069
0.069
0.069
0.069
0.9036
1.6279999999999997
1.6279999999999997
1.5921999999999998
0.621
0.069
0.069
0.069
0.069
0.069
0.069
0.069
0.069
0.069
0.069
0.069
0.069
0.069
0.069
0.248
0.248
0.2122
0.069
0.069
0.069
0.069
0.069
0.069
0.069
0.069
0.069
0.069
0.069
0.069
0.897
1.449
1.449
2.6990000000000003
1.3477999999999999
1.334
1.334
1.1346000000000003
0.217
0.229
0.197
0.197
0.197
0.233
0.3922
0.4626
0.45899999999999996
0.372
0.403
0.395
0.395
0.395
0.49820000000000003
0.524
0.524
0.524
1.4192
2.762
2.8693999999999997
2.941
2.91
2.7668
0.493
0.493
0.493
0.493
0.5268
0.38899999999999996
0.40499999999999997
0.3872
0.364
0.38
0.3944
0.4454000000000001
0.5364
0.58
0.487
0.2976
0.26739999999999997
0.345
0.3916
0.8518000000000001
0.6601999999999999
0.9251999999999999
1.3534
0.525
0.458
0.33799999999999997
0.25
0.4742
0.5172000000000001
0.491
0.4312
0.417
0.36079999999999995
0.291
0.14819999999999997
0.069
0.069
0.069
0.069
0.069
0.069
0.069
0.069
0.069
0.1406
0.248
0.248
0.14059999999999997
0.069
0.069
0.069
0.069
0.069
0.069
0.069
0.069
0.069
0.069
0.1048
0.248
0.248
0.17639999999999997
0.069
