0.053000000000000005
0.089
0.0834
0.10500000000000001
0.045
0.045
0.045
0.045
0.047
0.05500000000000001
0.05500000000000001
0.05500000000000001
0.05500000000000001
0.05500000000000001
0.05500000000000001
0.05500000000000001
0.05500000000000001
0.05500000000000001
0.229
0.229
0.229
0.229
0.12460000000000002
0.05500000000000001
0.05500000000000001
0.05500000000000001
0.05500000000000001
0.05500000000000001
0.05500000000000001
0.05500000000000001
0.05500000000000001
0.05500000000000001
0.05500000000000001
0.05500000000000001
0.05500000000000001
0.05500000000000001
0.05500000000000001
0.05500000000000001
0.05500000000000001
0.05500000000000001
0.229
0.229
0.229
0.229
0.12460000000000002
0.05500000000000001
0.05500000000000001
0.05500000000000001
0.05500000000000001
0.05500000000000001
0.05500000000000001
0.05500000000000001
0.05500000000000001
0.19419999999999998
0.229
0.229
0.229
0.15940000000000004
0.05500000000000001
0.05500000000000001
0.05500000000000001
0.05500000000000001
0.05500000000000001
0.05500000000000001
0.05500000000000001
0.05500000000000001
0.05500000000000001
0.05500000000000001
0.229
0.229
0.229
0.229
0.13459999999999997
0.0704
0.074
0.07460000000000001
0.077
0.077
0.11699999999999999
0.137
0.15700000000000003
0.12940000000000002
0.2484
0.434
0.47800000000000004
0.44299999999999995
1.7042000000000002
0.281
0.3074
0.251
0.231
0.231
0.231
0.231
0.27899999999999997
0.8718
0.2958
0.352
0.3696
0.46440000000000003
0.229
0.229
0.229
0.1942
0.05500000000000001
0.05500000000000001
0.291
0.315
0.351
0.351
0.351
0.351
0.351
0.5346
0.229
0.229
0.229
0.12460000000000002
0.05500000000000001
0.05500000000000001
0.05500000000000001
0.05500000000000001
0.05500000000000001
0.05500000000000001
0.05500000000000001
0.05500000000000001
0.05500000000000001
0.05500000000000001
0.05500000000000001
0.05500000000000001
0.05500000000000001
0.1246
0.229
0.229
0.229
0.229
0.05500000000000001
0.05500000000000001
0.05500000000000001
0.05500000000000001
0.05500000000000001
0.05500000000000001
0.05500000000000001
0.05500000000000001
0.05500000000000001
0.05500000000000001
0.05500000000000001
0.05500000000000001
0.05500000000000001
0.1246
0.229
0.229
0.229
0.229
0.05500000000000001
0.05500000000000001
0.05500000000000001
0.05500000000000001
0.05500000000000001
0.05500000000000001
0.05500000000000001
0.05500000000000001
0.05500000000000001
0.05500000000000001
0.229
0.229
0.229
0.229
0.12460000000000002
0.05500000000000001
0.05500000000000001
0.05500000000000001
0.05500000000000001
0.05500000000000001
0.05500000000000001
0.05500000000000001
0.05500000000000001
0.05500000000000001
0.19419999999999998
0.229
0.229
0.229
0.15940000000000004
0.05500000000000001
0.05500000000000001
0.05500000000000001
0.23820000000000002
0.23399999999999999
0.282
0.3324
0.40199999999999997
0.562
0.6428
0.626
0.65
1.4940000000000002
0.9541999999999999
0.5613999999999999
0.571
0.583
0.631
0.607
0.611
0.599
0.634
0.7744
0.785
0.8113999999999999
0.845
0.8102
0.6469999999999999
0.611
0.73
0.73
0.73
0.73
0.726
0.66
0.6295999999999999
0.67
0.6346
0.43740000000000007
0.354
0.40280000000000005
0.406
0.406
0.4368
0.523
0.5578000000000001
0.6369999999999999
0.577
0.577
0.6721999999999999
0.4378
0.403
0.3982
0.391
0.3184
0.389
0.389
0.46159999999999995
0.51
0.51
0.5459999999999999
0.586
0.61
0.562
0.55
0.5650000000000001
0.519
0.531
0.501
0.4992
0.4168
0.43500000000000005
0.521
0.692
0.6515999999999998
0.6516
0.716
0.6207999999999999
0.5683999999999999
0.526
0.562
0.5996
1.9366000000000003
0.6334
0.595
0.571
0.6894
0.78
2.0016
0.645
0.6582000000000001
0.531
0.555
0.41
0.30280000000000007
0.2838
0.27540000000000003
0.27
0.27
0.27
0.27359999999999995
0.29500000000000004
0.274
0.18719999999999998
0.16260000000000002
