0.14379999999999998
0.211
0.211
0.4050000000000001
0.3458
0.251
0.24699999999999997
0.14439999999999997
0.076
0.07
0.066
0.066
0.066
0.066
0.066
0.07200000000000001
0.076
0.076
0.076
0.076
0.076
0.076
0.076
0.076
0.076
0.076
0.076
0.076
0.076
0.076
0.076
0.076
0.076
0.076
0.076
0.076
0.076
0.076
0.076
0.076
0.076
0.076
0.076
0.076
0.076
0.076
0.076
0.076
0.076
0.076
0.076
0.076
0.076
0.076
0.076
0.076
0.076
0.076
0.076
0.076
0.076
0.076
0.076
0.076
0.076
0.076
0.076
0.076
0.076
0.076
0.076
0.076
0.076
0.076
0.076
0.076
0.076
0.076
0.076
0.076
0.076
0.076
0.076
0.076
0.076
0.076
0.076
0.076
0.076
0.076
0.076
0.5472
2.176
2.176
2.1856000000000004
2.3596000000000004
2.1132
0.5943999999999999
0.6812
0.766
0.8899999999999999
0.9559999999999998
1.016
0.944
0.9640000000000001
0.9800000000000001
0.632
0.5280000000000001
0.866
0.44200000000000006
0.5162
1.044
1.4580000000000002
1.1301999999999999
2.8838
3.470999999999999
2.8913999999999995
0.7990000000000002
0.9266000000000002
0.8954000000000001
0.873
0.827
0.747
0.715
0.8373999999999999
0.7333999999999999
0.5349999999999999
0.472
0.9576
1.6649999999999998
1.6649999999999998
1.5849999999999997
1.565
1.565
1.0934000000000001
0.791
1.1960000000000002
0.386
0.386
0.386
0.372
0.4069999999999999
0.42699999999999994
0.4069999999999999
0.4069999999999999
0.4069999999999999
0.347
0.259
0.24699999999999997
1.4619999999999997
0.24699999999999997
0.3046
0.7156
2.302
2.3672
2.4836
2.267
0.284
0.284
0.284
0.284
0.298
0.298
0.298
0.298
0.298
0.298
0.30019999999999997
0.43899999999999995
0.5098
0.3838
0.301
0.37179999999999996
0.287
0.32239999999999996
0.32239999999999996
0.287
0.8618
1.5012
0.166
0.202
0.2284
0.2314
0.2734
0.283
0.44700000000000006
0.55
0.518
0.404
0.5900000000000001
0.44939999999999997
0.457
0.37200000000000005
0.354
0.294
1.1064
0.7110000000000001
0.3
0.5372
0.8405999999999999
0.8678000000000001
0.8253999999999999
0.773
0.865
0.8718
2.085
0.8559999999999999
0.8373999999999999
2.1296
3.024
3.2076000000000002
2.5347999999999997
1.0816000000000001
1.0256
2.0761999999999996
2.011
1.67
1.4840000000000002
1.1510000000000002
1.0862000000000003
2.5086
2.897
2.9074
2.902
3.032
2.2992
0.9659999999999999
0.958
1.1700000000000002
1.256
2.471
1.0759999999999998
2.4200000000000004
3.3259999999999996
4.5409999999999995
2.5332000000000003
1.129
1.2109999999999999
1.323
1.3330000000000002
0.717
0.6809999999999999
0.681
0.721
0.8382
0.9294
2.154
0.9389999999999998
0.999
0.999
0.9423999999999999
0.916
1.7104000000000004
2.914
3.178
3.0304
1.3526
1.277
1.325
1.1810000000000003
1.0829999999999997
1.063
1.123
1.143
0.883
0.6464000000000001
0.6359999999999999
0.6380000000000001
0.617
0.2796
0.076
0.076
0.076
0.076
0.076
0.076
0.076
0.076
0.076
0.076
0.076
0.076
0.076
0.076
0.076
0.076
0.076
0.076
