0.059
0.059
0.14959999999999998
0.2762
0.327
0.327
0.2364
0.069
0.069
0.069
0.069
0.069
0.069
0.069
0.069
0.069
0.069
0.2062
0.327
0.327
0.2842
0.18980000000000002
0.069
0.069
0.069
0.069
0.069
0.069
0.069
0.069
0.069
0.069
0.069
0.069
0.069
0.069
0.069
0.1546
0.327
0.327
0.3056
0.22000000000000003
0.069
0.069
0.069
0.069
0.069
0.069
0.069
0.176
0.176
0.176
0.13319999999999999
0.069
0.1898
0.22000000000000003
0.22000000000000003
0.22000000000000003
0.09920000000000001
0.069
0.09040000000000001
0.176
0.176
0.176
0.11179999999999998
0.069
0.069
0.069
0.069
0.069
0.069
0.069
0.069
0.069
0.069
0.069
0.069
0.069
0.069
0.11179999999999998
0.176
0.2666
0.327
0.2414
0.32399999999999995
0.2574
0.2598
0.331
0.383
0.46699999999999997
0.43099999999999994
0.5593999999999999
0.54
0.496
0.6123999999999999
0.731
0.719
0.671
0.5986
0.508
5.4694
0.52
0.528
0.5212
0.40700000000000003
0.384
0.43
0.42299999999999993
0.42299999999999993
0.5690000000000001
0.681
0.681
0.6596
0.5136000000000001
0.42299999999999993
0.437
0.437
0.437
0.437
3.7445999999999997
2.0907999999999993
0.544
0.176
0.327
0.2842
0.22000000000000003
0.488
0.337
0.069
0.069
0.069
0.069
0.069
0.069
0.337
0.397
0.5178
0.5678000000000001
0.519
0.519
0.1634
0.069
0.069
0.069
0.069
0.069
0.069
0.09040000000000001
0.176
0.176
0.176
0.11179999999999998
0.069
0.0992
0.22000000000000003
0.22000000000000003
0.22000000000000003
0.18980000000000002
0.069
0.13319999999999999
0.176
0.176
0.176
0.069
0.069
0.069
0.069
0.069
0.12940000000000002
0.22000000000000003
0.22000000000000003
0.22000000000000003
0.15960000000000002
0.069
0.069
0.069
0.069
0.069
0.261
0.301
0.377
0.4516
0.519
0.615
0.639
0.5056
0.381
0.345
0.321
0.321
0.321
0.321
0.261
0.329
0.36619999999999997
0.307
0.441
0.5062
0.603
0.603
0.5204
0.508
0.5660000000000001
0.5660000000000001
0.583
0.9256
1.3022000000000002
0.409
0.4346
0.4680000000000001
0.504
0.5204000000000001
0.512
0.512
0.512
0.5
0.532
0.5828
0.469
0.4466
0.393
0.381
0.39780000000000004
0.5182
0.7676000000000001
0.7154
0.759
0.6372
0.5754
0.627
0.6806
0.645
0.645
0.652
0.7140000000000001
0.7653999999999999
0.8640000000000001
0.828
0.768
0.6315999999999999
0.6125999999999999
0.578
0.578
0.626
0.7200000000000001
0.728
0.688
0.618
0.605
0.6118
0.726
0.642
0.5778000000000001
0.45899999999999996
0.329
0.393
0.295
0.307
0.355
0.29500000000000004
0.31120000000000003
0.322
0.32599999999999996
0.3052
0.29100000000000004
0.315
0.327
0.327
0.327
0.42460000000000003
0.45680000000000004
0.5406000000000001
0.7048
0.748
0.748
0.6476
0.09040000000000001
0.069
0.069
0.069
0.069
0.069
0.069
0.069
0.069
0.1526
0.166
0.2264
