0.063
0.063
0.063
0.063
0.065
0.073
0.073
0.073
0.073
0.073
0.073
0.073
0.073
0.073
0.073
0.073
0.073
0.073
0.073
0.1646
0.302
0.302
0.302
0.302
0.073
0.073
0.073
0.073
0.073
0.073
0.073
0.073
0.073
0.073
0.073
0.073
0.073
0.073
0.11879999999999999
0.302
0.302
0.302
0.302
0.11879999999999999
0.073
0.073
0.073
0.073
0.073
0.073
0.073
0.073
0.25620000000000004
0.302
0.302
0.302
0.21039999999999998
0.073
0.073
0.073
0.073
0.073
0.073
0.073
0.073
0.11879999999999999
0.302
0.302
0.302
0.302
0.11879999999999999
0.073
0.073
0.073
0.073
0.073
0.073
0.073
0.073
0.073
0.073
0.073
0.073
0.073
0.11879999999999999
0.302
0.302
0.302
0.302
0.11879999999999999
0.073
0.073
0.073
0.073
0.073
0.073
0.0728
0.0746
0.19419999999999998
0.29079999999999995
1.7302
1.7760000000000002
0.302
0.302
0.21039999999999998
0.073
0.073
0.073
1.5879999999999999
1.616
1.616
1.616
0.358
0.40380000000000005
0.587
0.616
0.616
0.616
0.4328
0.387
0.387
0.387
0.3518
0.34
0.34
0.34
0.34
0.4119999999999999
1.018
3.8742000000000005
4.65
4.655800000000001
4.6332
1.6738
0.484
0.5509999999999999
0.6849999999999999
0.484
0.484
1.0820000000000003
0.531
0.579
1.7166000000000001
0.5269999999999999
0.484
0.5548
0.5374000000000001
1.5926
1.254
0.7876000000000001
0.4084
0.47919999999999996
0.373
0.726
1.8512
3.4518
2.957
2.8653999999999997
2.7334000000000005
2.737
2.758
2.772
2.772
2.7863999999999995
2.7527999999999997
3.8408
4.1342
2.135
2.128
1.4722
0.374
0.374
0.374
0.3282
0.145
0.145
0.145
0.145
0.145
0.145
0.145
0.145
0.2158
0.145
0.18039999999999998
0.1804
0.374
0.44480000000000003
0.374
0.374
0.6044
0.29979999999999996
0.073
0.073
0.073
0.073
0.073
0.073
0.071
0.0764
0.1258
0.329
0.309
0.357
0.4218
0.40780000000000005
0.37160000000000004
0.41600000000000004
0.409
0.469
0.48719999999999997
0.4346
1.5804000000000002
0.417
0.488
0.588
0.552
0.6890000000000001
0.7624000000000001
0.757
1.9163999999999999
0.8112
0.548
0.548
0.628
0.6679999999999999
0.7209999999999999
0.559
0.5974
1.4567999999999999
2.79
2.85
2.3456
0.7853999999999999
0.897
0.8897999999999999
0.909
1.2693999999999999
1.3598000000000001
0.9634
2.537
2.538
2.5469999999999997
2.561
2.561
0.9869999999999999
1.6695999999999998
0.5198
1.6076000000000001
0.43879999999999997
0.437
0.477
0.477
0.43699999999999994
0.347
0.42140000000000005
0.6544000000000001
0.7909999999999999
0.702
0.688
0.6092000000000001
0.378
0.378
0.48200000000000004
0.378
0.38500000000000006
0.378
0.4468
0.577
0.6561999999999999
0.6321999999999999
0.7068000000000001
0.709
0.7297999999999999
0.7098000000000001
0.518
1.6996000000000002
0.63
0.884
2.4536
1.7672
1.0211999999999999
0.8855999999999999
0.702
0.726
0.778
0.615
0.555
