0.052000000000000005
0.052000000000000005
0.052000000000000005
0.052000000000000005
0.06
0.062
0.062
0.062
0.062
0.062
0.062
0.062
0.062
0.062
0.062
0.062
0.1508
0.21000000000000002
0.21000000000000002
0.21000000000000002
0.12120000000000002
0.062
0.062
0.062
0.062
0.062
0.062
0.062
0.062
0.062
0.062
0.062
0.062
0.062
0.062
0.062
0.062
0.062
0.062
0.062
0.062
0.062
0.1508
0.21000000000000002
0.21000000000000002
0.21000000000000002
0.12120000000000002
0.062
0.062
0.062
0.062
0.062
0.062
0.062
0.062
0.062
0.062
0.062
0.21000000000000002
0.21000000000000002
0.21000000000000002
0.21000000000000002
0.062
0.062
0.062
0.062
0.062
0.062
0.062
0.062
0.1212
0.21000000000000002
0.21000000000000002
0.21000000000000002
0.1508
0.062
0.062
0.062
0.062
0.062
0.062
0.062
0.062
0.062
0.062
0.062
0.20800000000000002
0.22000000000000003
0.257
0.24300000000000002
0.10700000000000001
0.075
0.087
0.138
0.16
0.16
0.16
0.16
0.2
0.20800000000000002
0.3258
0.403
0.46299999999999997
0.4274
0.3242
0.27999999999999997
0.29900000000000004
0.253
0.24100000000000002
0.24100000000000002
0.24100000000000002
0.29619999999999996
0.4142
0.5254
0.21000000000000002
0.21000000000000002
0.1508
0.062
0.062
0.062
0.062
0.062
0.062
0.062
1.0508
0.6753999999999999
0.3
0.3
0.2952
0.2152
0.304
0.304
0.304
0.24479999999999996
0.062
0.062
0.062
0.062
0.062
0.062
0.062
0.062
0.062
0.1212
0.21000000000000002
0.21000000000000002
0.21000000000000002
0.1508
0.062
0.062
0.062
0.062
0.062
0.062
0.062
0.062
0.062
0.062
0.062
0.062
0.062
0.062
0.062
0.062
0.062
0.062
0.062
0.062
0.062
0.18039999999999998
0.21000000000000002
0.21000000000000002
0.21000000000000002
0.0916
0.062
0.062
0.062
0.062
0.062
0.062
0.062
0.062
0.1212
0.21000000000000002
0.21000000000000002
0.21000000000000002
0.1508
0.062
0.062
0.062
0.062
0.062
0.062
0.062
0.062
0.062
0.062
0.062
0.062
0.062
0.2056
0.28559999999999997
0.22800000000000004
0.25599999999999995
0.2404
0.135
0.135
0.15899999999999997
0.151
0.183
0.20600000000000002
0.17
0.17
0.194
0.182
0.23000000000000004
0.29100000000000004
0.38799999999999996
0.333
0.357
0.357
0.40199999999999997
0.062
0.21000000000000002
0.21000000000000002
0.21000000000000002
0.21000000000000002
0.062
0.062
0.062
0.062
0.062
0.062
0.062
0.062
0.062
0.062
0.062
0.062
0.062
0.062
0.062
0.21000000000000002
0.21000000000000002
0.21000000000000002
0.21000000000000002
0.062
0.062
0.062
0.062
0.062
0.062
0.062
0.062
0.09159999999999999
0.21000000000000002
0.21000000000000002
0.21000000000000002
0.18039999999999998
0.062
0.062
0.062
0.062
0.062
0.062
0.062
0.062
0.1508
0.21000000000000002
0.21000000000000002
0.21000000000000002
0.12120000000000002
0.062
0.062
0.062
0.062
0.062
0.062
0.062
0.1212
0.21000000000000002
0.21000000000000002
0.21000000000000002
0.1508
0.062
0.062
0.05399999999999999
0.052000000000000005
