0.061
0.061
0.061
0.061
0.061
0.071
0.071
0.071
0.071
0.071
0.071
0.071
0.071
0.071
0.071
0.071
0.071
0.071
0.071
0.071
0.071
0.071
0.1102
0.169
0.169
0.169
0.0906
0.071
0.071
0.071
0.071
0.071
0.071
0.071
0.071
0.169
0.169
0.169
0.12979999999999997
0.071
0.071
0.071
0.071
0.071
0.071
0.071
0.169
0.169
0.169
0.12979999999999997
0.071
0.071
0.071
0.071
0.071
0.071
0.071
0.071
0.14940000000000003
0.169
0.169
0.1494
0.071
0.071
0.071
0.071
0.071
0.071
0.071
0.1298
0.169
0.169
0.169
0.071
0.12900000000000003
0.182
0.23200000000000004
0.25599999999999995
0.4124
0.377
0.33699999999999997
0.313
0.28840000000000005
0.276
0.3
0.364
1.9322000000000004
3.6514
0.1482
0.281
0.446
0.484
0.5208
0.7006
0.759
0.7914
0.735
0.6002
0.5396000000000001
0.49400000000000005
1.5108000000000001
0.5780000000000001
0.071
0.071
0.071
0.071
0.071
0.071
0.071
0.071
0.071
0.071
0.071
0.071
0.071
0.071
0.071
0.071
0.14940000000000003
0.169
0.169
0.1494
0.071
0.071
0.071
0.071
0.071
0.071
0.071
0.071
0.071
0.071
0.071
0.071
0.071
0.14940000000000003
0.169
0.169
0.1494
0.071
0.071
0.071
0.071
0.071
0.071
0.071
0.071
0.071
0.071
0.071
0.071
0.071
0.071
0.169
0.169
0.169
0.12979999999999997
0.071
0.071
0.071
0.071
0.071
0.071
0.071
0.169
0.169
0.169
0.12979999999999997
0.071
0.071
0.30300000000000005
0.33199999999999996
0.4662
0.4640000000000001
0.44800000000000006
0.4384
0.37920000000000004
0.311
0.3084
1.8092
2.1963999999999997
2.2605999999999993
2.475
1.0238
0.6748000000000001
0.7071999999999999
0.583
0.479
0.5216000000000001
0.6559999999999999
0.696
0.7086
0.7468
0.7949999999999999
0.779
0.779
2.0838
3.033
3.0644
3.1078
3.1214
2.5554
0.7116
0.5900000000000001
0.504
0.5479999999999999
0.483
0.527
0.511
0.475
0.503
0.46820000000000006
0.496
0.496
0.52
0.536
0.6819999999999999
0.729
0.64
0.7602
0.7686
0.751
0.7774000000000001
0.8960000000000001
0.9216
0.9100000000000001
0.883
0.7552
2.4912
4.2464
0.8400000000000001
0.8888
0.8602000000000001
1.1564
0.7362
0.795
0.8774000000000001
0.8984
0.7829999999999999
0.817
0.857
0.893
0.773
0.7491999999999999
0.8
0.7767999999999999
0.7744
0.7860000000000001
0.8130000000000001
0.8634000000000001
0.818
0.818
0.7898
0.7390000000000001
0.661
0.742
0.6259999999999999
0.358
0.31600000000000006
0.336
0.372
0.4608
0.344
0.264
0.368
0.3936
0.5168
0.568
0.6804
0.6397999999999999
0.575
0.5654
0.57
0.538
0.48180000000000006
0.483
0.071
0.14940000000000003
0.169
0.169
0.1494
0.071
0.071
0.071
0.071
0.071
0.071
0.061
