0.061
0.069
0.069
0.069
0.059
0.059
0.069
0.069
0.069
0.069
0.069
0.069
0.069
0.069
0.069
0.069
0.069
0.069
0.069
0.069
0.069
0.069
0.069
0.069
0.069
0.069
0.069
0.069
0.069
0.069
0.069
0.069
0.069
0.069
0.069
0.069
0.069
0.069
0.069
0.069
0.069
0.069
0.069
0.069
0.069
0.069
0.069
0.069
0.069
0.069
0.069
0.069
0.069
0.069
0.069
0.069
0.069
0.069
0.069
0.069
0.069
0.069
0.069
0.069
0.069
0.069
0.069
0.069
0.069
0.069
0.069
0.069
0.069
0.069
0.069
0.069
0.069
0.069
0.069
0.069
0.069
0.069
0.069
0.069
0.069
0.069
0.069
0.069
0.069
0.069
0.069
0.069
0.069
0.069
0.069
0.069
0.069
0.069
0.069
0.069
0.069
0.069
0.069
0.069
0.069
0.069
0.069
0.069
0.069
0.069
0.069
0.069
0.069
0.069
0.069
0.069
0.069
0.069
0.069
0.069
0.069
0.069
0.069
0.069
0.069
0.069
0.069
0.069
0.069
0.069
0.069
0.069
0.069
0.069
0.069
0.069
0.069
0.069
0.067
0.067
1.27
0.067
0.067
0.067
0.067
0.067
0.08299999999999999
0.067
0.069
0.069
0.069
0.069
0.069
0.069
0.069
0.069
0.069
0.069
0.067
0.067
0.07100000000000001
0.072
0.072
0.072
0.072
0.072
0.473
0.8817999999999999
0.085
1.3479999999999999
0.16499999999999998
0.27
0.238
0.313
0.45999999999999996
0.30100000000000005
0.402
0.40259999999999996
0.40800000000000003
0.4282
0.367
0.3402
0.371
0.3916
0.41079999999999994
0.379
0.364
0.3432
0.34900000000000003
0.4122
0.479
0.438
0.4
0.4122
0.493
0.47139999999999993
0.485
0.521
0.7010000000000001
0.6726
0.678
0.6880000000000001
0.678
1.0619999999999998
1.8226
2.7606
2.871
2.939
0.7867999999999999
0.799
0.799
0.8390000000000001
1.292
1.593
0.7254
0.651
0.603
0.6925999999999999
0.688
0.7120000000000001
0.6999999999999998
0.6929999999999998
0.6910000000000001
0.631
0.513
0.493
0.479
0.458
0.5444
0.65
0.65
0.7135999999999999
0.628
0.652
0.696
0.915
0.069
0.069
0.069
0.069
0.069
0.069
0.069
0.069
0.069
0.069
0.069
0.069
0.069
0.069
0.069
0.069
0.069
0.069
0.069
0.069
0.069
0.069
0.069
0.069
0.069
0.069
0.069
0.069
0.069
0.069
0.069
0.069
1.467
0.7380000000000002
0.36100000000000004
0.44799999999999995
0.4222
1.653
0.465
0.5538000000000001
0.069
0.069
0.069
0.069
0.069
0.069
0.069
0.069
0.069
0.069
0.069
0.069
