0.33
0.33
0.3558
0.4638
0.44299999999999995
0.42779999999999996
0.485
0.24299999999999997
0.05500000000000001
0.05500000000000001
0.05700000000000001
0.065
0.065
0.065
0.065
0.065
0.065
0.065
0.065
0.065
0.065
0.065
0.065
0.065
0.065
0.065
0.065
0.065
0.065
0.065
0.065
0.065
0.065
0.065
0.065
0.065
0.065
0.065
0.065
0.065
0.065
0.065
0.065
0.065
0.065
0.065
0.065
0.065
0.065
0.065
0.065
0.065
0.065
0.065
0.065
0.065
0.065
0.065
0.065
0.065
0.065
0.065
0.065
0.065
0.065
0.065
0.065
0.065
0.065
0.065
0.065
0.065
0.065
0.065
0.065
0.065
0.065
0.1238
0.24139999999999998
0.4046
0.46699999999999997
0.46699999999999997
0.45999999999999996
0.3776
0.37160000000000004
0.7404
1.1438000000000001
0.4202
0.2988
0.9001999999999999
0.306
0.414
0.6026
0.536
0.403
0.43900000000000006
0.46299999999999997
0.40120000000000006
1.5712
0.253
0.065
0.065
0.065
0.065
0.065
0.065
0.065
0.065
0.065
0.065
0.065
0.065
0.065
0.065
0.065
0.065
0.065
0.065
0.065
0.065
0.065
0.065
0.065
0.065
0.065
0.065
0.065
0.065
0.065
0.065
0.065
0.065
0.065
0.065
0.065
0.065
0.065
0.065
0.065
0.065
0.065
0.065
0.065
0.065
0.065
0.065
0.065
0.065
0.065
0.065
0.065
0.065
0.065
0.065
0.065
0.065
0.065
0.065
0.065
0.065
0.065
0.065
0.065
0.065
0.065
0.065
0.065
0.065
0.065
0.065
0.065
0.065
0.065
0.065
0.065
0.065
0.065
0.065
0.065
0.065
0.065
0.065
0.065
0.065
0.065
0.065
0.065
0.065
0.065
0.065
0.065
0.065
0.065
0.065
0.065
0.065
0.065
0.065
0.065
0.1364
0.184
0.184
0.2404
0.35600000000000004
0.334
0.326
0.184
0.184
0.20400000000000001
0.21700000000000003
0.197
0.2718
0.40499999999999997
0.4344
0.438
0.47400000000000003
0.51
0.552
0.568
0.5084
0.6622
0.6519999999999999
0.642
0.642
0.663
0.5864
0.623
0.6254
0.671
0.671
0.6642000000000001
0.6758
0.651
0.627
0.662
0.6292
0.6510000000000001
0.615
0.6258
0.6298
0.5138
0.48599999999999993
0.42919999999999997
0.31399999999999995
0.2792
0.41559999999999997
0.48599999999999993
0.35439999999999994
0.267
0.231
0.267
0.315
0.28440000000000004
0.3972
0.425
0.4998
0.503
0.6749999999999999
0.6638
0.6085999999999999
0.606
0.705
0.6971999999999999
0.69
0.6419999999999999
0.63
0.61
0.5318000000000002
0.5336000000000001
0.599
0.509
0.509
0.569
0.665
0.5554000000000001
0.527
0.54
0.5760000000000001
0.603
0.28019999999999995
0.065
0.065
0.065
0.065
0.065
0.065
0.065
0.065
