0.06
0.06
0.06
0.06
0.06
0.066
0.177
0.177
0.177
0.1342
0.07
0.07
0.07
0.1336
0.229
0.229
0.229
0.251
0.177
0.177
0.2816
0.28
0.28
0.28
0.23800000000000004
0.07
0.07
0.07
0.07
0.07
0.07
0.07
0.15560000000000002
0.177
0.3042
0.31460000000000005
0.229
0.229
0.10180000000000003
0.07
0.07
0.07
0.07
0.07
0.07
0.28
0.40780000000000005
0.546
0.546
0.42000000000000004
0.16540000000000005
0.07
0.07
0.07
0.07
0.07
0.07
0.11280000000000001
0.219
0.387
0.387
0.3014
0.28
0.11200000000000002
0.07
0.07
0.07
0.07
0.2504
0.336
0.336
0.336
0.11280000000000001
0.07
0.07
0.07
0.23800000000000004
0.28
0.28
0.3014
0.30300000000000005
0.177
0.177
0.11280000000000001
0.7573999999999999
0.24379999999999996
0.24139999999999998
0.2408
5.777
0.10640000000000001
0.23000000000000004
0.3448
0.409
0.39940000000000003
0.3970000000000001
0.20739999999999997
0.21000000000000002
0.181
2.0652
3.918199999999999
1.4386
0.2686
0.364
0.316
0.43
1.6928
0.426
0.4716
0.5035999999999999
0.332
0.43899999999999995
2.3736
4.3602
0.33119999999999994
0.07
0.1018
0.229
0.229
0.43899999999999995
0.4072
0.3
0.3
0.174
0.17560000000000003
0.197
0.1948
0.15360000000000001
0.068
1.5006
0.24300000000000002
0.227
0.227
0.07
0.07
0.07
0.07
0.07
0.07
0.07
0.23800000000000004
0.28
0.3436
0.437
0.35300000000000004
0.2294
0.1682
0.0776
0.3996
0.166
0.166
0.166
0.1464
0.068
0.068
0.10400000000000001
0.092
0.08940000000000001
0.175
0.175
0.175
0.11080000000000001
0.0998
0.227
0.227
0.229
0.1972
0.11200000000000002
0.28
0.28
0.28
0.28
0.11200000000000002
0.07
0.07
0.1654
0.229
0.229
0.229
0.13360000000000002
0.07
0.07
0.07
0.23800000000000004
0.3014
0.387
0.387
0.7362
0.9872000000000002
0.29
2.1921999999999997
3.9861999999999993
0.2508
0.16399999999999998
0.3278
0.3618
0.29979999999999996
0.359
0.359
2.3836000000000004
4.1452
2.558
2.5751999999999997
2.4648000000000003
2.3684
0.30500000000000005
0.16260000000000002
0.21799999999999997
0.297
1.1978
0.5893999999999998
0.2646
0.317
0.309
0.2976
0.40679999999999994
0.5254
0.5993999999999999
0.5069999999999999
0.29300000000000004
0.2048
0.2182
0.286
0.286
0.3384
0.393
0.45940000000000003
0.3842
0.26739999999999997
0.246
0.3096
2.0940000000000003
3.2698
3.3045999999999998
2.1644000000000005
0.38
0.3822
0.391
0.433
0.601
0.6377999999999999
1.1642000000000001
0.543
0.11200000000000002
0.177
0.177
0.336
0.2932
0.229
0.229
0.07
0.07
0.07
0.11200000000000002
0.28
0.28
0.28
0.28
0.11200000000000002
0.07
0.07
0.1342
0.177
0.177
0.177
0.07
0.1018
0.31300000000000006
0.43899999999999995
0.43899999999999995
0.4072
0.42299999999999993
0.273
1.5234
0.2946
0.07
0.07
0.07
0.07
0.11280000000000001
0.177
0.177
0.177
0.21740000000000004
0.28
0.28
0.37540000000000007
0.397
0.223
