0.07
0.07
0.07
0.07
0.07400000000000001
0.08
0.08
0.08
0.08
0.08
0.08
0.08
0.08
0.08
0.08
0.08
0.11000000000000001
0.23000000000000004
0.23000000000000004
0.23000000000000004
0.23000000000000004
0.11000000000000001
0.08
0.08
0.08
0.08
0.08
0.08
0.08
0.08
0.08
0.08
0.08
0.08
0.08
0.08
0.08
0.08
0.08
0.08
0.08
0.08
0.08
0.08
0.11000000000000001
0.23000000000000004
0.23000000000000004
0.23000000000000004
0.23000000000000004
0.11000000000000001
0.08
0.08
0.08
0.08
0.08
0.08
0.08
0.08
0.08
0.08
0.16999999999999998
0.23000000000000004
0.23000000000000004
0.23000000000000004
0.2
0.08
0.08
0.08
0.08
0.08
0.08
0.08
0.08
0.08
0.08
0.2
0.23000000000000004
0.23000000000000004
0.23000000000000004
0.16999999999999998
0.08
0.08
0.08
0.08
0.078
0.182
0.08
0.08
0.08
0.08
0.08
0.08
0.08
0.08
0.08
0.08
0.08
0.08
0.08
0.08
0.08
0.08
0.08
0.08
0.16999999999999998
0.23000000000000004
0.23000000000000004
0.23000000000000004
0.2
0.08
0.08
0.08
0.08
0.08
0.08
0.08
0.08
0.08
0.08
0.08
0.08
0.13999999999999999
0.23000000000000004
0.23000000000000004
0.23000000000000004
0.23000000000000004
0.08
0.08
0.08
0.08
0.08
0.08
0.078
0.297
0.297
0.3034
0.329
0.5826
0.329
0.329
0.2768
0.27199999999999996
0.392
0.392
0.392
0.392
0.35200000000000004
0.342
0.342
0.342
0.38280000000000003
0.37
0.37
0.37
0.37
0.37
0.08
0.08
0.11000000000000001
0.23000000000000004
0.23000000000000004
0.23000000000000004
0.23000000000000004
0.11000000000000001
0.08
0.08
0.08
0.08
0.08
0.08
0.08
0.08
0.08
0.13999999999999999
0.23000000000000004
0.23000000000000004
0.23000000000000004
0.23000000000000004
0.08
0.08
0.08
0.08
0.08
0.08
0.08
0.08
0.08
0.08
0.08
0.16999999999999998
0.23000000000000004
0.23000000000000004
0.40800000000000003
0.41
0.27
0.38199999999999995
0.4508
0.43800000000000006
0.48200000000000004
0.9904
2.9159999999999995
3.02
3.0740000000000003
0.692
0.7719999999999999
0.8404
0.776
0.5880000000000001
0.518
0.5576000000000001
0.555
0.5294000000000001
1.4205999999999999
0.516
0.08
0.08
0.08
0.08
0.08
0.08
0.26239999999999997
0.6125999999999999
0.6703999999999999
0.5884
0.47400000000000003
0.5449999999999999
0.4112
0.45200000000000007
0.23000000000000004
0.23000000000000004
0.2
0.08
0.08
0.08
0.08
0.08
0.08
0.08
0.08
0.11000000000000001
0.392
0.43600000000000005
0.426
0.46799999999999997
0.564
0.5810000000000001
0.5404000000000001
0.4918
1.3766
0.6958
0.79
0.8019999999999999
0.8211999999999999
0.8059999999999998
0.774
0.714
0.13999999999999999
0.23000000000000004
0.23000000000000004
0.23000000000000004
0.23000000000000004
0.08
0.3976
0.6712
0.5683999999999999
0.4816
0.49800000000000005
0.5379999999999999
0.55
0.534
0.6786
0.775
0.8960000000000001
0.727
0.79
0.64
0.08
0.08
0.08
0.08
0.08
0.08
0.08
0.08
0.08
0.13999999999999999
0.22600000000000003
0.22000000000000003
