0.061
0.061
0.05499999999999999
0.051000000000000004
0.051000000000000004
0.056999999999999995
0.061
0.061
0.061
0.061
0.061
0.061
0.061
0.061
0.061
0.061
0.061
0.061
0.061
0.061
0.061
0.061
0.061
0.061
0.061
0.10979999999999998
0.183
0.183
0.183
0.0854
0.061
0.061
0.061
0.061
0.061
0.061
0.061
0.061
0.061
0.061
0.061
0.061
0.061
0.061
0.061
0.061
0.061
0.061
0.061
0.061
0.061
0.061
0.061
0.061
0.061
0.061
0.061
0.061
0.061
0.061
0.061
0.061
0.061
0.061
0.061
0.061
0.061
0.061
0.10979999999999998
0.183
0.183
0.183
0.0854
0.061
0.061
0.061
0.061
0.061
0.061
0.061
0.061
0.061
0.061
0.061
0.061
0.061
0.159
0.211
0.219
0.2434
0.35700000000000004
0.36100000000000004
0.40099999999999997
0.3358
0.359
0.43
0.41600000000000004
0.40800000000000003
0.061
0.061
0.061
0.183
0.183
0.183
0.13419999999999996
0.061
0.061
0.061
0.061
0.061
0.061
0.061
0.061
0.061
0.061
0.061
0.061
0.061
0.061
0.061
0.10979999999999998
0.183
0.183
0.183
0.0854
0.061
0.061
0.061
0.061
0.061
0.061
0.061
0.061
0.061
0.061
0.061
0.061
0.061
0.061
0.061
0.061
0.183
0.183
0.183
0.13419999999999996
0.061
0.061
0.061
0.061
0.061
0.061
0.061
0.061
0.061
0.1586
0.183
0.183
0.1586
0.061
0.061
0.061
0.061
0.061
0.061
0.074
0.074
0.074
0.12279999999999999
0.196
0.256
0.396
2.5904
3.0784000000000002
3.141
3.141
0.8330000000000002
0.29200000000000004
0.20800000000000002
0.156
0.17200000000000001
0.1944
0.313
0.36100000000000004
0.477
0.42560000000000003
0.325
0.36700000000000005
0.445
0.675
0.775
0.7150000000000001
0.7462
0.663
0.726
0.7556
0.657
0.061
0.061
0.061
0.061
0.1342
0.183
0.183
0.183
0.061
0.061
0.061
0.061
0.061
0.061
0.196
0.23600000000000004
0.296
0.4936
0.48599999999999993
0.418
6.586799999999999
0.43600000000000005
0.45600000000000007
3.3810000000000002
3.3619999999999997
3.3899999999999997
3.5759999999999996
0.6369999999999999
0.541
0.544
1.7100000000000002
3.469
3.4530000000000003
3.4646
0.061
0.061
0.061
0.061
1.857
0.23399999999999999
0.294
0.294
0.30799999999999994
0.513
0.317
0.4758
0.316
0.296
0.23619999999999997
0.227
0.376
0.294
0.3916
0.294
0.27399999999999997
0.29300000000000004
0.281
0.269
0.5690000000000001
0.6026
0.533
0.43200000000000005
0.5076
0.514
0.39
3.3609999999999998
4.4752
3.279
3.3910000000000005
0.516
0.479
0.5529999999999999
0.6464000000000001
1.9122
0.7592
1.026
0.061
0.061
0.061
0.061
0.061
0.061
0.061
0.061
0.061
0.061
0.061
0.061
0.183
0.183
0.183
0.13419999999999996
