0.064
0.05800000000000001
0.05800000000000001
0.05800000000000001
0.05800000000000001
0.05800000000000001
0.06200000000000001
0.068
0.068
0.068
0.068
0.068
0.068
0.068
0.068
0.2088
0.244
0.244
0.068
0.068
0.068
0.068
0.068
0.068
0.068
0.068
0.068
0.068
0.068
0.1384
0.244
0.244
0.13840000000000002
0.068
0.068
0.068
0.068
0.068
0.068
0.068
0.068
0.068
0.068
0.068
0.068
0.068
0.068
0.068
0.068
0.068
0.068
0.1736
0.244
0.244
0.1032
0.068
0.068
0.068
0.068
0.068
0.068
0.068
0.068
0.068
0.068
0.068
0.068
0.2088
0.244
0.244
0.068
0.068
0.068
0.068
0.068
0.068
0.068
0.068
0.068
0.068
0.068
0.1384
0.244
0.244
0.13840000000000002
0.068
0.068
0.068
0.068
0.068
0.068
0.068
0.068
0.068
0.068
0.068
0.2088
0.244
0.244
0.068
0.068
0.068
0.068
0.068
0.068
0.068
0.068
0.068
0.066
0.086
0.25680000000000003
0.292
0.292
0.11600000000000002
0.11600000000000002
0.11600000000000002
0.076
0.066
0.26880000000000004
0.13360000000000002
1.1428
2.758
2.758
2.758
0.068
0.1032
0.244
0.244
0.17360000000000003
0.068
0.068
0.068
0.068
0.068
0.068
0.068
0.068
0.068
0.068
0.068
0.2088
0.244
0.244
0.068
0.068
0.068
0.068
0.068
0.068
0.068
0.068
0.068
0.068
0.068
0.068
0.068
0.068
0.068
0.068
0.068
0.068
0.068
0.068
0.1736
0.244
0.244
0.1032
0.068
0.068
0.068
0.068
0.068
0.068
0.068
0.068
0.068
0.068
0.068
0.068
0.068
0.1032
0.244
0.244
0.17360000000000003
0.068
0.068
0.068
0.068
0.068
0.068
0.068
0.068
0.068
0.068
0.1032
0.244
0.244
0.17360000000000003
0.068
0.068
0.068
0.068
0.068
0.068
0.068
0.068
0.068
0.068
0.068
0.068
0.068
0.1736
0.244
0.244
0.1032
0.068
0.068
0.068
0.068
0.068
0.068
0.068
0.068
0.068
0.068
0.068
0.1736
0.244
0.244
0.1032
1.7491999999999996
0.23320000000000002
0.319
0.41200000000000003
0.45200000000000007
0.45200000000000007
0.492
0.49000000000000005
0.22200000000000003
0.342
0.342
0.3492
0.5516
0.6338
0.558
0.4952
2.586
3.1705999999999994
3.1866
3.0048
0.8948
0.22999999999999998
0.162
0.188
0.292
0.292
0.31839999999999996
0.337
0.4630000000000001
0.6406000000000001
0.631
0.8878
0.9042
0.861
0.8039999999999999
0.834
0.8532
0.8699999999999999
0.834
0.6539999999999999
0.068
0.068
0.068
0.1032
0.244
0.244
0.17360000000000003
0.068
0.068
0.068
0.068
0.068
0.068
0.068
0.068
0.068
0.068
0.068
