0.05700000000000001
0.05700000000000001
0.05700000000000001
0.05700000000000001
0.05700000000000001
0.05700000000000001
0.067
0.067
0.067
0.067
0.125
0.21200000000000002
0.21200000000000002
0.21200000000000002
0.21200000000000002
0.067
0.067
0.067
0.067
0.067
0.067
0.067
0.067
0.067
0.125
0.21200000000000002
0.21200000000000002
0.21200000000000002
0.21200000000000002
0.067
0.067
0.067
0.067
0.067
0.067
0.067
0.067
0.067
0.067
0.067
0.067
0.067
0.067
0.067
0.067
0.067
0.067
0.096
0.21200000000000002
0.21200000000000002
0.21200000000000002
0.21200000000000002
0.096
0.067
0.067
0.067
0.067
0.067
0.067
0.067
0.067
0.067
0.067
0.067
0.067
0.067
0.067
0.067
0.21200000000000002
0.21200000000000002
0.21200000000000002
0.21200000000000002
0.125
0.067
0.067
0.067
0.067
0.067
0.067
0.067
0.067
0.067
0.067
0.067
0.067
0.067
0.067
0.067
0.067
0.067
0.067
0.067
0.067
0.15399999999999997
0.21200000000000002
0.21200000000000002
0.21200000000000002
0.183
0.067
0.067
0.067
0.067
0.067
0.067
0.067
0.067
0.077
0.181
0.2694
0.309
0.309
1.1114000000000002
0.5942000000000001
0.164
0.065
0.093
0.067
0.067
0.067
0.067
0.067
0.096
0.21200000000000002
0.21200000000000002
0.21200000000000002
0.21200000000000002
0.096
0.067
0.067
0.067
0.067
0.067
0.067
0.067
0.067
0.067
0.067
0.125
0.21200000000000002
0.21200000000000002
0.21200000000000002
0.21200000000000002
0.067
0.067
0.067
0.067
0.067
0.067
0.067
0.067
0.067
0.067
0.067
0.096
0.21200000000000002
0.21200000000000002
0.21200000000000002
0.21200000000000002
0.096
0.067
0.067
0.067
0.067
0.067
0.067
0.067
0.067
0.067
0.15399999999999997
0.21200000000000002
0.21200000000000002
0.21200000000000002
0.183
0.067
0.067
0.067
0.067
0.067
0.067
0.067
0.067
0.067
0.067
0.067
0.067
0.096
0.21200000000000002
0.21200000000000002
0.21200000000000002
0.21200000000000002
0.096
0.067
0.067
0.067
0.067
0.067
0.067
0.067
0.067
0.067
0.067
0.15399999999999997
0.21200000000000002
0.21200000000000002
0.21200000000000002
0.183
0.067
0.067
0.067
0.067
0.067
0.067
0.067
0.067
0.067
0.21200000000000002
0.21200000000000002
0.21200000000000002
0.21200000000000002
0.125
0.067
0.067
0.067
0.067
0.067
0.067
0.067
0.067
0.125
0.21200000000000002
0.24500000000000002
0.309
0.28500000000000003
0.13520000000000001
0.14900000000000002
0.217
0.067
0.067
0.067
0.067
0.067
0.067
0.067
0.067
0.067
0.067
0.067
0.125
0.21200000000000002
0.21200000000000002
0.21200000000000002
0.21200000000000002
0.067
0.067
0.067
0.067
0.067
0.067
0.067
0.067
0.067
0.15399999999999997
0.21200000000000002
0.21200000000000002
0.21200000000000002
0.183
0.067
0.067
0.067
0.067
0.067
0.067
0.174
1.7445999999999997
0.442
0.442
0.454
0.454
0.7414
0.6675999999999999
0.6304
0.67
0.3430000000000001
0.22880000000000003
0.484
0.6312
0.5334000000000001
0.454
