0.065
0.065
0.065
0.065
0.069
0.075
0.075
0.075
0.075
0.075
0.075
0.075
0.075
0.075
0.075
0.075
0.075
0.075
0.075
0.075
0.075
0.13799999999999998
0.18
0.18
0.18
0.075
0.075
0.075
0.075
0.075
0.075
0.075
0.075
0.075
0.18
0.18
0.18
0.13799999999999998
0.075
0.075
0.075
0.075
0.075
0.075
0.075
0.075
0.075
0.13799999999999998
0.18
0.18
0.18
0.075
0.075
0.075
0.075
0.075
0.075
0.075
0.15899999999999997
0.18
0.18
0.15899999999999997
0.075
0.075
0.075
0.075
0.075
0.075
0.075
0.075
0.133
0.16260000000000002
0.634
0.8779999999999999
0.923
0.5429999999999999
0.41600000000000004
0.38
1.288
3.4986000000000006
1.8997999999999997
0.341
0.317
1.322
0.368
0.4332
0.4932
0.566
0.466
0.466
0.5040000000000001
0.406
0.4136
0.8700000000000001
0.882
0.9179999999999999
0.962
0.9780000000000001
0.9780000000000001
0.99
0.966
0.9639999999999999
1.067
1.099
1.175
0.751
0.542
0.4708
0.445
0.41579999999999995
0.40800000000000003
5.2284
0.348
0.43200000000000005
0.453
0.40800000000000003
0.35700000000000004
0.297
0.313
0.313
0.313
0.313
0.313
0.313
0.313
0.376
0.42160000000000003
0.43899999999999995
0.487
0.382
0.382
0.32499999999999996
0.271
0.23900000000000002
0.207
0.207
0.207
0.207
0.27
0.312
0.6283999999999998
0.46299999999999997
0.238
0.238
0.238
0.238
0.238
0.238
0.238
0.27
0.17800000000000002
1.167
0.18
0.18
0.18
0.096
0.075
0.075
0.075
0.075
0.075
0.075
0.075
0.075
0.096
0.18
0.18
0.18
0.11699999999999999
0.075
0.075
0.075
0.075
0.075
0.075
0.075
0.075
0.075
0.073
0.073
0.10099999999999998
0.821
0.509
0.273
0.868
2.3668
2.621
2.7304
2.441
2.3300000000000005
1.5215999999999998
0.483
0.475
0.475
0.523
0.511
0.516
0.6552
0.616
0.607
0.639
0.6782
0.5004
0.5399999999999999
0.44400000000000006
0.42800000000000005
0.276
0.257
0.35700000000000004
0.341
0.341
0.5204000000000001
0.248
0.296
0.248
0.368
0.21199999999999997
0.22799999999999998
0.6482
2.3474
2.6739999999999995
2.599
0.18
0.13799999999999998
0.075
0.075
0.075
0.075
0.075
0.075
0.346
0.358
0.386
0.326
0.371
0.5157999999999999
0.6039999999999999
0.7394000000000001
0.548
0.466
0.402
0.3604
0.3548
0.46699999999999997
0.575
0.602
0.646
0.647
0.768
1.7256
0.751
0.6639999999999999
0.596
0.521
0.5109999999999999
0.545
0.6073999999999999
0.5638
0.6346
0.7884
0.79
0.79
0.13799999999999998
0.075
0.075
0.075
0.075
0.075
0.075
0.075
0.075
0.075
0.075
0.075
0.075
0.075
0.075
0.075
0.075
0.075
0.075
0.075
0.075
0.075
0.075
0.075
0.071
0.065
