0.076
0.076
0.076
0.076
0.076
0.076
0.076
0.11000000000000001
0.192
0.1002
0.063
0.063
0.063
0.063
0.065
0.073
0.073
0.073
0.073
0.073
0.073
0.073
0.073
0.073
0.073
0.073
0.073
0.073
0.073
0.073
0.073
0.073
0.073
0.073
0.073
0.073
0.073
0.073
0.073
0.073
0.073
0.073
0.073
0.073
0.073
0.073
0.073
0.073
0.073
0.073
0.073
0.073
0.073
0.073
0.073
0.073
0.073
0.073
0.073
0.073
0.073
0.073
0.073
0.073
0.073
0.073
0.073
0.073
0.073
0.073
0.073
0.073
0.073
0.073
0.073
0.073
0.073
0.073
0.073
0.073
0.073
0.073
0.073
0.073
0.073
0.073
0.073
0.073
0.073
0.073
0.073
5.8006
3.373
3.5788
3.6884
2.3996000000000004
0.53
0.604
2.4786
3.7049999999999996
3.8049999999999997
3.6680000000000006
1.7643999999999997
0.476
3.7269999999999994
3.7269999999999994
3.675
3.6
0.3176
0.18459999999999996
0.073
0.073
0.073
0.073
0.073
0.073
0.073
1.9810000000000003
3.281
1.3590000000000002
0.073
0.073
0.073
0.073
0.073
0.073
0.073
0.073
0.073
0.073
0.073
0.073
0.073
0.073
0.073
0.073
0.073
0.073
0.073
0.073
0.073
0.073
0.073
0.073
0.073
0.073
0.073
0.073
0.073
0.073
0.073
0.073
0.073
0.073
0.073
0.073
0.073
0.073
0.073
0.073
0.073
0.073
0.073
1.9810000000000003
3.253
1.3504
0.7162
3.253
3.2982
3.3660000000000005
2.7318000000000002
0.195
0.19
0.192
0.192
0.192
0.192
0.179
0.179
0.179
0.2062
0.16499999999999998
1.8222
4.415
4.492999999999999
4.489
3.2405999999999997
1.3802
1.0658
0.531
0.49800000000000005
0.53
0.6364000000000001
0.671
0.6586000000000001
0.634
0.5530000000000002
0.635
0.567
0.5
0.5376000000000001
3.0408
3.719
3.6949999999999994
3.8550000000000004
1.3332
2.6176000000000004
3.8738
3.7969999999999997
3.697
4.4104
3.1894
3.1304000000000003
1.1204
0.615
1.238
3.753
3.9286000000000003
4.031999999999999
3.3572
0.8300000000000001
0.8982000000000001
2.1654
0.892
0.9518000000000001
1.049
2.6193999999999997
2.9072
2.92
2.9025999999999996
1.6692
0.9279999999999999
2.1114
0.6902000000000001
0.4600000000000001
0.4532
0.426
0.485
0.477
0.477
0.4875999999999999
0.469
0.6260000000000001
0.7434000000000001
0.7215999999999999
1.4708
4.115
4.031000000000001
4.2492
2.0311999999999997
0.18039999999999998
0.5764
0.18639999999999995
0.073
0.073
0.073
0.073
0.073
0.073
0.073
0.073
0.073
0.073
0.073
0.073
0.073
0.073
0.073
0.073
0.073
0.073
0.073
0.073
0.073
0.073
0.073
0.073
0.073
0.073
0.073
0.073
0.073
0.073
1.9300000000000002
1.1099999999999999
1.154
1.175
1.201
