0.16899999999999998
0.36960000000000004
0.399
0.399
0.378
0.36600000000000005
0.41500000000000004
0.4708
0.55
0.6540000000000001
0.522
0.562
0.522
0.5780000000000001
5.516399999999999
0.7638
0.833
0.833
0.9208000000000001
0.9216000000000001
0.7504
0.73
0.718
0.662
0.6548
0.618
0.6442
0.633
0.059
0.059
0.059
0.059
0.059
0.059
0.059
0.059
0.059
0.059
0.059
0.15619999999999998
0.221
0.221
0.221
0.18860000000000002
0.059
0.059
0.201
0.24900000000000003
0.059
0.059
0.059
0.059
0.059
0.059
0.1238
0.221
0.221
0.221
0.221
0.059
0.059
0.059
0.059
0.059
0.059
0.059
0.059
0.059
0.059
0.059
0.059
0.059
0.1886
0.221
0.221
0.221
0.15619999999999998
0.059
0.059
0.059
0.059
0.059
0.059
0.059
0.21300000000000002
0.264
0.4098
0.5439999999999999
0.221
0.221
0.221
0.059
0.059
0.059
0.059
0.059
0.059
0.059
0.059
0.059
0.059
0.059
0.1238
0.221
0.221
0.221
0.221
0.059
0.059
0.059
0.059
0.059
0.059
0.059
0.059
0.059
0.1238
0.221
0.221
0.221
0.221
0.059
0.059
0.059
0.059
0.059
0.059
0.059
0.059
0.059
0.059
0.059
0.059
0.059
0.059
0.0914
0.221
0.221
0.221
0.221
0.09140000000000001
0.059
0.059
0.059
0.059
0.059
0.059
0.059
0.059
0.059
0.15619999999999998
0.221
0.221
0.221
0.18860000000000002
0.059
0.059
0.059
0.059
0.059
0.059
0.059
0.059
0.059
0.059
0.059
0.059
0.059
0.1238
0.221
0.221
0.221
0.221
0.059
0.059
0.059
0.059
0.059
0.059
0.059
0.059
0.059
0.15619999999999998
0.221
0.221
0.221
0.18860000000000002
0.059
0.059
0.059
0.059
0.059
0.059
0.059
0.059
0.059
0.059
0.059
0.15619999999999998
0.221
0.221
0.221
0.18860000000000002
0.059
0.059
0.059
0.059
0.059
0.059
0.059
0.059
0.059
0.059
0.059
0.059
0.059
0.1238
0.221
0.221
0.221
0.221
0.059
0.059
0.059
0.059
0.059
0.059
0.059
0.059
0.059
0.059
0.059
0.0914
0.221
0.221
0.221
0.221
0.09140000000000001
0.059
0.059
0.201
0.313
0.345
0.38020000000000004
0.45260000000000006
0.505
0.5982000000000001
0.8230000000000001
0.835
0.875
0.8826
0.797
0.8402
0.7899999999999999
0.743
0.7869999999999999
0.7542
0.747
0.747
0.747
0.631
0.6890000000000001
0.752
0.8556000000000001
0.7870000000000001
0.734
0.8082
0.677
0.645
0.633
0.5878
0.611
0.623
0.567
0.563
0.603
0.059
0.059
0.059
0.059
0.059
0.059
0.15619999999999998
0.221
0.221
0.221
0.18860000000000002
0.059
