1.029
0.857
0.8524
0.7828000000000002
0.725
0.649
0.569
0.2708
0.05500000000000001
0.05500000000000001
0.05500000000000001
0.065
0.065
0.065
0.065
0.065
0.065
0.065
0.065
0.065
0.065
0.065
0.065
0.065
0.065
0.065
0.065
0.065
0.065
0.065
0.065
0.065
0.065
0.065
0.065
0.065
0.065
0.065
0.065
0.065
0.065
0.065
0.065
0.065
0.065
0.065
0.065
0.065
0.065
0.065
0.065
0.065
0.065
0.065
0.065
0.065
0.065
0.065
0.065
0.065
0.065
0.065
0.065
0.065
0.065
0.065
0.065
0.065
0.065
0.065
0.065
0.065
0.065
0.065
0.065
0.065
0.065
0.13979999999999998
0.24700000000000003
0.315
0.33499999999999996
0.383
0.371
0.318
0.262
0.2476
0.302
0.15899999999999997
0.065
0.065
0.065
0.065
0.065
0.065
0.065
0.065
0.065
0.065
0.065
0.065
0.065
0.065
0.065
0.065
0.065
0.065
0.065
0.07100000000000001
0.075
0.075
0.075
0.08299999999999999
0.167
0.30499999999999994
0.345
0.418
0.418
0.418
0.521
5.867
0.509
0.479
0.359
0.18259999999999996
0.065
0.065
0.065
0.065
0.065
0.065
0.065
0.065
0.065
0.065
0.065
0.065
0.065
0.065
0.065
0.065
0.065
0.065
0.065
0.065
0.065
0.14540000000000003
0.199
0.199
0.20379999999999998
2.36
2.36
2.3468
2.327
2.327
1.0375999999999999
0.178
0.178
0.178
0.178
0.2068
0.2452
1.8316000000000003
2.233
2.233
2.233
1.0432000000000001
0.25
0.25
0.16760000000000003
0.147
0.147
0.147
0.147
0.147
0.147
0.6824
1.4316
1.434
1.5048
1.47
1.5648000000000002
0.6798
0.137
0.20780000000000004
0.137
0.17240000000000003
0.5684
0.17839999999999998
0.065
0.065
0.065
0.065
0.065
0.065
0.065
0.065
0.065
0.065
0.065
0.065
0.065
0.3696
0.178
0.6180000000000001
0.34600000000000003
0.40599999999999997
0.38299999999999995
0.309
0.273
0.335
0.4006
0.3032
0.21800000000000003
0.258
0.25799999999999995
0.302
0.29880000000000007
0.35400000000000004
0.34199999999999997
0.39
0.362
0.446
0.4584
0.347
0.367
0.363
0.5890000000000001
0.877
0.6402000000000001
0.365
0.465
0.409
0.40099999999999997
0.9034000000000001
1.4916
0.5479999999999999
0.45199999999999996
0.5752
0.615
0.5839999999999999
1.189
0.55
0.514
1.9932000000000003
0.624
0.596
0.5136
0.852
1.122
0.2694
0.065
0.065
0.065
0.065
0.065
0.065
0.065
0.065
0.065
0.065
0.065
0.065
0.065
0.065
0.065
0.065
0.065
0.065
0.065
0.065
0.065
0.065
0.065
0.065
0.065
0.065
0.065
0.065
0.065
0.065
0.065
0.065
0.065
0.065
0.065
0.065
0.065
0.065
