0.069
0.069
0.069
0.069
0.069
0.069
0.11579999999999999
0.186
0.186
0.186
0.09240000000000001
0.069
0.069
0.069
0.069
0.069
0.069
0.069
0.069
0.069
0.069
0.069
0.2138
0.25
0.25
0.069
0.069
0.069
0.069
0.1626
0.186
0.186
0.1626
0.069
0.069
0.069
0.069
0.069
0.069
0.069
0.069
0.069
0.069
0.069
0.069
0.1626
0.186
0.2946
0.3436
0.25
0.1052
0.069
0.069
0.069
0.069
0.069
0.069
0.1392
0.186
0.186
0.186
0.069
0.069
0.1052
0.25
0.25
0.17759999999999998
0.069
0.069
0.069
0.069
0.069
0.069
0.069
0.069
0.069
0.069
0.069
0.2584
0.367
0.367
0.21159999999999995
0.069
0.069
0.069
0.069
0.069
0.069
0.069
0.069
0.069
0.069
0.069
0.069
0.25
0.25
1.3404
0.127
0.127
0.187
0.187
0.27580000000000005
0.223
0.223
0.24300000000000002
0.323
0.471
0.44699999999999995
0.387
0.7512000000000001
1.2601999999999998
0.5279999999999999
0.4680000000000001
0.287
0.287
0.287
0.287
4.5001999999999995
2.4356
0.367
0.367
0.367
0.367
0.367
0.367
0.367
0.4756
0.6026
0.635
0.4902
0.49119999999999997
0.514
0.514
0.4875999999999999
0.481
0.433
0.069
0.069
0.069
0.069
0.069
0.1052
0.25
0.3202
0.2946
0.186
0.186
0.069
0.069
0.069
0.069
0.069
0.069
0.069
0.069
0.069
0.11579999999999999
0.2584
0.367
0.367
0.16479999999999997
0.069
0.069
0.069
0.069
0.069
0.069
0.069
0.069
0.069
0.069
0.1392
0.186
0.186
0.186
0.069
0.069
0.069
0.069
0.069
0.069
0.14140000000000003
0.25
0.25
0.14139999999999997
0.1392
0.186
0.186
0.186
0.069
0.069
0.069
0.069
0.069
0.069
0.069
0.069
0.186
0.367
0.367
0.284
0.069
0.069
0.069
0.069
0.069
0.069
0.069
0.069
0.069
0.069
0.069
0.069
0.14140000000000003
0.25
0.367
0.25839999999999996
0.186
0.1392
0.069
0.321
0.321
0.321
0.321
0.321
0.345
0.321
0.44820000000000004
0.6529999999999999
0.6654
0.7225999999999999
0.638
0.638
0.6548
1.6685999999999996
0.576
0.6
0.6624000000000001
0.069
0.069
0.069
0.069
0.14140000000000003
0.25
0.25
0.14139999999999997
0.069
0.069
0.069
0.069
0.11579999999999999
0.186
0.186
0.186
0.09240000000000001
0.069
0.069
0.14140000000000003
0.25
0.25
0.14139999999999997
0.069
0.069
0.1626
0.186
0.186
0.1626
0.069
0.069
0.069
0.069
0.069
0.069
0.069
0.1776
0.25
0.2734
0.22219999999999995
0.186
0.186
0.11579999999999999
0.069
0.069
0.069
0.069
0.059
0.059
0.069
