0.421
0.3028
0.15760000000000002
0.05800000000000001
0.05800000000000001
0.05800000000000001
0.05800000000000001
0.0806
0.071
0.0842
0.061
0.063
0.071
0.071
0.071
0.071
0.071
0.071
0.0938
0.185
0.185
0.185
0.1166
0.0938
0.1974
0.13099999999999998
0.071
0.071
0.071
0.071
0.071
0.13940000000000002
0.185
0.185
0.185
0.071
0.071
0.071
0.071
0.071
0.071
0.071
0.071
0.071
0.071
0.071
0.0938
0.185
0.185
0.185
0.1166
0.071
0.071
0.071
0.071
0.071
0.071
0.071
0.071
0.071
0.16219999999999998
0.185
0.185
0.16219999999999998
0.071
0.071
0.071
0.071
0.071
0.071
0.071
0.071
0.1166
0.185
0.185
0.185
0.09380000000000001
0.071
0.071
0.071
0.071
0.071
0.071
0.071
0.071
0.8661999999999999
1.3546
0.40700000000000003
0.3956
0.325
0.35100000000000003
0.352
0.45599999999999996
0.3056
0.185
0.185
0.16219999999999998
0.071
0.071
0.071
0.071
0.071
0.071
0.071
0.071
0.071
0.071
0.071
0.071
0.071
0.071
0.071
0.13940000000000002
0.185
0.185
0.185
0.071
0.071
0.071
0.071
0.071
0.071
0.071
0.071
0.071
0.071
0.071
0.071
0.13940000000000002
0.185
0.185
0.185
0.071
0.071
0.071
0.071
0.071
0.071
0.071
0.071
0.071
0.071
0.16219999999999998
0.185
0.185
0.16219999999999998
0.071
0.071
0.071
0.071
0.071
0.071
0.071
0.071
0.071
0.071
0.071
0.071
0.071
0.071
0.071
0.071
0.071
0.071
0.1166
0.185
0.185
0.2036
0.1248
0.10200000000000001
0.10200000000000001
0.10200000000000001
0.0888
0.069
0.09280000000000001
0.069
0.081
0.15899999999999997
1.1826
0.2646
0.3402
0.345
0.5646000000000001
0.40380000000000005
0.36500000000000005
0.358
0.351
0.351
0.371
0.45099999999999996
0.45099999999999996
0.4062
0.357
0.3618
0.5974
0.5029999999999999
0.36099999999999993
0.32859999999999995
0.295
0.337
0.47059999999999996
0.516
0.546
0.626
0.516
0.506
0.5496000000000001
0.584
0.6547999999999999
0.63
0.582
0.594
0.719
0.731
0.788
0.7594
0.805
0.769
0.641
0.6326
0.635
0.627
0.615
0.6378000000000001
0.628
0.624
0.6700000000000002
0.531
0.396
0.3826
0.37560000000000004
0.45
1.4195999999999998
0.556
0.418
0.418
0.418
0.458
0.418
0.45519999999999994
0.48100000000000004
0.4822
0.583
0.583
0.5962
0.627
0.713
0.751
0.592
0.5606
0.5554
0.5258
0.612
0.59
0.718
1.7608000000000001
0.813
0.757
0.745
0.7306000000000001
0.7188000000000001
0.9259999999999999
0.99
0.978
0.9496
0.9040000000000001
1.0340000000000003
0.9644
0.9116
0.8952
0.908
0.876
0.8788
0.986
0.9256
0.8879999999999999
1.046
1.078
1.064
1.064
0.9800000000000001
0.9410000000000001
0.8789999999999999
0.789
0.8469999999999999
0.3592
0.071
0.071
