2.1154
2.7474
2.7930000000000006
2.8104
2.7640000000000002
5.1548
4.86
1.4876
0.064
0.064
0.064
0.07200000000000001
0.074
0.074
0.074
0.074
0.074
0.074
0.074
0.074
0.074
0.074
0.074
0.074
0.074
0.074
0.074
0.074
0.074
0.074
0.074
0.074
0.074
0.074
0.074
0.074
0.074
0.074
0.074
0.074
0.074
0.074
0.074
0.074
0.074
0.074
0.074
0.074
0.074
0.074
0.074
0.0808
0.072
0.0732
0.074
0.074
0.074
0.074
0.074
0.074
0.074
0.074
0.074
0.074
0.074
0.074
0.074
0.074
0.074
0.074
0.074
0.074
0.074
0.074
0.074
0.074
0.074
0.074
0.074
0.074
0.074
0.074
0.074
0.074
0.074
0.074
0.074
0.074
0.074
0.074
0.074
0.074
0.074
0.074
0.074
0.074
0.074
0.074
0.074
0.074
0.074
0.074
0.074
0.0728
1.1466
0.1624
0.2024
0.152
0.23200000000000004
0.268
0.45199999999999996
0.308
0.3168
0.344
0.41600000000000004
0.384
0.42800000000000005
0.404
0.376
0.359
0.367
2.343
2.332
2.332
2.272
2.232
1.0328
1.042
0.375
0.375
0.375
0.359
0.335
0.5894
0.335
0.3462
0.33499999999999996
0.291
0.291
1.0074
0.6491999999999999
0.2798
0.277
0.277
0.277
0.277
0.277
0.25460000000000005
0.221
0.13279999999999997
0.074
0.074
0.074
0.074
0.074
0.074
0.074
0.074
0.074
0.074
0.074
0.074
0.074
0.074
0.074
0.074
0.074
0.074
0.074
0.074
0.074
0.074
0.074
0.074
0.074
0.074
0.074
0.074
0.074
0.074
0.074
0.074
0.074
0.074
0.074
0.074
0.074
0.074
0.074
0.074
0.074
0.074
0.074
0.15499999999999997
0.24099999999999996
0.16279999999999997
0.074
0.074
0.074
0.074
0.074
0.074
0.074
0.074
0.074
0.074
0.074
0.074
0.074
0.074
0.074
0.074
0.074
0.074
0.074
0.074
0.074
0.074
0.074
0.074
0.074
0.074
0.074
0.074
0.074
0.074
0.074
0.1634
0.3182
0.42299999999999993
0.42300000000000004
1.425
1.5050000000000001
1.465
1.437
1.381
1.4410000000000003
0.8211999999999999
1.1873999999999998
0.44299999999999995
0.5982
0.5922
0.6146
0.6682
0.751
1.5701999999999998
2.7910000000000004
2.8540000000000005
2.8718
2.7379999999999995
2.7139999999999995
0.626
1.3664
1.1426
0.882
0.898
0.89
0.8872
0.836
0.7160000000000001
0.6880000000000001
0.7095999999999998
0.7
0.6317999999999999
0.605
0.25440000000000007
0.074
0.074
0.074
0.074
0.074
0.074
0.074
0.074
0.074
0.074
0.074
0.074
0.074
0.074
0.074
0.074
0.074
0.074
0.074
0.074
0.074
0.074
