0.06
0.06
0.06
0.06
0.1732
0.242
0.242
0.242
0.2076
0.07
0.07
0.07
0.07
0.07
0.07
0.07
0.07
0.07
0.07
0.07
0.07
0.07
0.07
0.07
0.07
0.07
0.07
0.07
0.07
0.07
0.07
0.242
0.242
0.242
0.242
0.13880000000000003
0.07
0.07
0.07
0.07
0.07
0.07
0.07
0.07
0.07
0.07
0.07
0.07
0.1044
0.242
0.242
0.242
0.242
0.1044
0.07
0.07
0.07
0.07
0.07
0.07
0.07
0.07
0.07
0.07
0.07
0.07
0.2076
0.242
0.242
0.242
0.17320000000000002
0.07
0.07
0.07
0.07
0.07
0.07
0.07
0.07
0.07
0.07
0.07
0.1732
0.242
0.242
0.242
0.2076
0.07
0.07
0.07
0.07
0.07
0.07
0.07
0.07
0.07
0.193
0.345
0.35300000000000004
0.45600000000000007
0.07
0.07
0.07
0.07
0.07
0.13879999999999998
0.242
0.242
0.242
0.242
0.07
0.07
0.07
0.07
0.07
0.07
0.07
0.07
0.07
0.07
0.07
0.1732
0.242
0.242
0.242
0.2076
0.07
0.07
0.07
0.07
0.07
0.07
0.07
0.07
0.07
0.07
0.2076
0.242
0.242
0.242
0.17320000000000002
0.07
0.07
0.07
0.07
0.07
0.07
0.07
0.07
0.07
0.07
0.07
0.07
0.07
0.07
0.07
0.07
0.07
0.07
0.07
0.07
0.07
0.1044
0.242
0.242
0.242
0.242
0.1044
0.07
0.07
0.07
0.07
0.07
0.07
0.07
0.07
0.07
0.07
0.07
0.07
0.11600000000000002
0.22960000000000003
0.30400000000000005
0.376
0.5
0.5551999999999999
0.42800000000000005
0.45999999999999996
0.508
0.8385999999999999
1.2692
0.42800000000000005
0.44480000000000003
0.556
0.652
0.7392000000000001
0.717
0.7434000000000001
0.76
0.5598000000000001
0.43899999999999995
0.43579999999999997
0.07
0.07
0.07
0.07
0.07
0.07
0.24419999999999997
0.3478
0.515
0.4779999999999999
0.34759999999999996
0.272
0.29359999999999997
0.3364
0.381
0.7836000000000001
1.2118
0.48819999999999997
0.604
0.726
0.8430000000000002
0.873
0.7666000000000001
0.877
0.9889999999999999
0.985
0.242
0.1044
0.07
0.07
0.07
0.07
0.07
0.07
0.07
0.07
0.07
0.242
0.242
0.242
0.242
0.13880000000000003
0.07
0.07
0.07
0.07
0.07
0.07
0.07
0.07
0.1732
0.242
0.242
0.242
0.2076
0.07
0.07
0.07
0.07
0.07
0.07
0.07
0.07
0.07
0.07
0.07
0.1732
0.242
0.242
0.242
0.2076
0.07
0.07
0.07
0.07
0.07
0.07
0.07
0.07
0.07
0.07
0.1044
0.242
0.242
0.23200000000000004
0.23200000000000004
