0.8469999999999999
1.2597999999999998
1.7046
0.7614000000000001
0.668
0.6255999999999999
0.6076
0.25859999999999994
0.133
0.193
0.191
0.20939999999999998
0.25
0.21000000000000002
0.23079999999999998
0.30100000000000005
0.25
0.238
0.31400000000000006
0.46279999999999993
0.5539999999999999
0.43999999999999995
0.4328
0.477
0.6346
0.4114000000000001
0.261
0.261
0.1034
0.064
0.064
0.064
0.064
0.064
0.064
0.064
0.064
0.064
0.064
0.064
0.064
0.1034
0.261
0.261
0.261
0.261
0.1034
0.064
0.064
0.064
0.064
0.064
0.064
0.064
0.064
0.064
0.064
0.064
0.064
0.064
0.064
0.064
0.064
0.261
0.261
0.261
0.261
0.14280000000000004
0.064
0.064
0.064
0.064
0.064
0.064
0.064
0.064
0.064
0.064
0.064
0.064
0.22160000000000002
0.261
0.261
0.261
0.1822
0.064
0.064
0.064
0.064
0.064
0.064
0.064
0.064
0.064
0.14279999999999998
0.3648
0.42400000000000004
0.44800000000000006
0.554
0.44819999999999993
0.485
0.5288
0.604
0.597
0.5593999999999999
0.5306
0.47779999999999995
0.515
0.4264
0.394
0.44400000000000006
0.40940000000000004
0.3638
0.3276
0.3316
1.3647999999999998
0.382
0.5074
1.2902
0.9922000000000001
0.6869999999999999
0.4016
0.064
0.064
0.064
0.064
0.064
0.064
0.064
0.064
0.064
0.064
0.064
0.064
0.064
0.064
0.064
0.1822
0.261
0.261
0.261
0.22160000000000002
0.064
0.064
0.064
0.064
0.064
0.14500000000000002
0.199
0.199
0.199
0.23360000000000003
0.384
0.384
0.384
0.4096
0.2584
0.219
0.219
0.219
0.259
0.269
0.269
0.269
0.269
0.269
0.269
0.269
0.269
0.26260000000000006
0.23700000000000002
0.23700000000000002
0.35519999999999996
1.7504000000000002
2.092
2.092
2.0526
0.5285999999999998
0.4417999999999999
0.723
0.34299999999999997
0.3614
0.3614
0.371
0.4748
0.49640000000000006
0.49399999999999994
0.799
0.9126000000000001
0.5206000000000001
0.261
0.14280000000000004
0.064
0.064
0.064
0.064
0.064
0.064
0.064
0.064
0.064
0.064
0.064
0.064
0.064
0.064
0.064
0.064
0.064
0.064
0.064
0.064
0.064
0.064
0.14279999999999998
0.261
0.261
0.261
0.261
0.2032
0.2544
0.2919999999999999
0.27799999999999997
0.304
0.384
0.43200000000000005
0.5200000000000001
0.54
0.8241999999999999
0.9129999999999999
0.805
0.757
0.6268
2.0486
3.053
3.0105999999999997
1.887
0.42060000000000003
0.42960000000000004
0.516
0.492
0.476
0.476
0.45039999999999997
0.4816
0.5788
0.721
0.667
0.746
0.85
0.661
0.553
0.5549999999999999
0.5849999999999999
0.5853999999999999
0.5449999999999999
0.48580000000000007
0.567
0.5426
0.5222
0.5770000000000001
0.661
0.577
0.5946
0.48500000000000004
0.511
0.4606
0.404
0.5200000000000001
0.602
0.85
0.85
0.8188000000000001
0.8019999999999999
0.6718
0.5650000000000001
0.9082000000000001
1.1172
0.4016
0.18720000000000003
0.064
0.1948
0.302
1.1687999999999998
1.8776
1.567
1.5475999999999999
1.5664000000000002
