0.44800000000000006
0.36200000000000004
0.4426
0.4202
0.329
0.329
0.353
0.15560000000000002
0.062
0.054000000000000006
0.054000000000000006
0.054000000000000006
0.054000000000000006
0.054000000000000006
0.05600000000000001
0.064
0.064
0.064
0.064
0.064
0.064
0.064
0.064
0.064
0.064
0.064
0.064
0.064
0.1508
0.281
0.281
0.15080000000000005
0.064
0.064
0.181
0.259
0.259
0.259
0.22000000000000003
0.064
0.064
0.064
0.10740000000000001
0.281
0.281
0.1942
0.064
0.064
0.181
0.259
0.259
0.259
0.22000000000000003
0.064
0.064
0.064
0.10740000000000001
0.281
0.281
0.1942
0.064
0.064
0.064
0.181
0.259
0.259
0.259
0.22000000000000003
0.064
0.064
0.064
0.064
0.064
0.064
0.1508
0.281
0.32
0.34579999999999994
0.259
0.259
0.259
0.10300000000000001
0.064
0.064
0.064
0.064
0.064
0.064
0.064
0.23760000000000003
0.281
0.281
0.064
0.259
0.259
5.7496
1.064
1.485
1.427
1.616
1.7939999999999998
1.927
1.9469999999999998
2.0178000000000003
2.184
1.908
1.9738
1.922
1.1714
0.711
0.849
0.966
0.9780000000000001
0.666
0.6530000000000001
0.49000000000000005
0.4779999999999999
0.571
0.571
0.7246
0.674
0.653
0.43600000000000005
0.42000000000000004
0.396
0.364
0.276
0.29500000000000004
1.7963999999999998
0.4640000000000001
0.4640000000000001
0.4640000000000001
0.3080000000000001
0.269
0.269
0.3992
0.46719999999999995
0.392
0.2184
0.5626
1.8628
0.5095999999999998
0.21800000000000003
0.257
0.257
0.257
0.179
0.062
0.062
0.13340000000000002
0.3
0.279
0.221
0.134
1.7204000000000002
2.117
2.117
2.2729999999999997
1.1221999999999999
0.329
0.329
0.251
1.506
1.8489999999999998
1.8489999999999998
1.8489999999999998
0.7017999999999999
0.364
0.3206
0.147
0.1518
0.2258
0.155
0.4208
0.35
0.35
0.4208
1.1486
2.4716
2.8624
2.5084000000000004
2.4624
2.648
0.727
0.7802
0.542
2.0265999999999997
0.701
0.425
0.425
0.445
0.465
0.619
0.619
1.0022
0.8882
0.908
1.0468
1.1786
1.1626
1.2147999999999999
1.3876000000000002
1.9579999999999997
1.8549999999999998
1.799
2.3793999999999995
4.5527999999999995
2.4928
1.8850000000000002
1.9306
1.909
1.9010000000000002
1.9123999999999999
2.086
2.1380000000000003
2.1942
2.028
1.5196
0.7929999999999999
0.8465999999999999
0.966
1.143
1.0710000000000002
1.0989999999999998
1.175
2.3348
0.9800000000000001
1.1102
1.177
1.177
0.9474
0.8800000000000001
1.0
1.02
1.02
1.1516
1.3656
1.414
2.932
3.2989999999999995
2.9856
2.965
1.794
1.0870000000000002
1.071
1.0177999999999998
0.7734000000000001
1.6082
1.1528
0.978
0.9949999999999999
0.9949999999999999
1.295
1.003
0.772
0.7758
0.7622
0.9658000000000001
0.883
0.6872
0.6808
0.618
0.6534
1.1503999999999999
0.9084
1.5112
0.9349999999999999
0.8710000000000001
0.6206
0.667
0.787
0.787
0.923
0.959
0.8109999999999999
0.8358000000000001
0.8405999999999999
0.9890000000000001
2.3958
1.0822
1.0390000000000001
1.051
0.9949999999999999
0.44580000000000003
0.064
0.064
0.064
0.064
