0.048
0.048
0.048
0.048
0.048
0.048
0.05800000000000001
0.05800000000000001
0.05800000000000001
0.163
0.163
0.163
0.12100000000000002
0.05800000000000001
0.05800000000000001
0.05800000000000001
0.05800000000000001
0.05800000000000001
0.05800000000000001
0.05800000000000001
0.05800000000000001
0.05800000000000001
0.05800000000000001
0.05800000000000001
0.05800000000000001
0.05800000000000001
0.05800000000000001
0.05800000000000001
0.05800000000000001
0.05800000000000001
0.05800000000000001
0.05800000000000001
0.05800000000000001
0.05800000000000001
0.079
0.163
0.163
0.163
0.1
0.05800000000000001
0.05800000000000001
0.05800000000000001
0.05800000000000001
0.05800000000000001
0.05800000000000001
0.05800000000000001
0.05800000000000001
0.05800000000000001
0.05800000000000001
0.05800000000000001
0.05800000000000001
0.05800000000000001
0.05800000000000001
0.05800000000000001
0.079
0.163
0.163
0.163
0.1
0.05800000000000001
0.1256
0.128
0.152
0.128
0.152
1.2326
0.124
0.156
0.072
0.05600000000000001
0.0896
0.0968
0.156
0.21000000000000002
0.23819999999999997
0.21500000000000002
0.23900000000000002
0.251
0.2254
0.29799999999999993
0.38
0.42799999999999994
0.42799999999999994
0.30379999999999996
0.299
0.331
0.30440000000000006
0.24080000000000004
0.246
0.202
0.164
0.168
0.168
0.192
0.05800000000000001
0.05800000000000001
0.05800000000000001
0.05800000000000001
0.05800000000000001
0.12100000000000002
0.163
0.163
0.163
0.05800000000000001
0.05800000000000001
0.05800000000000001
0.05800000000000001
0.05800000000000001
0.05800000000000001
0.05800000000000001
0.05800000000000001
0.05800000000000001
0.05800000000000001
0.05800000000000001
0.05800000000000001
0.05800000000000001
0.05800000000000001
0.05800000000000001
0.05800000000000001
0.05800000000000001
0.05800000000000001
0.1
0.163
0.163
0.163
0.079
0.05800000000000001
0.05800000000000001
0.05800000000000001
0.05800000000000001
0.05800000000000001
0.05800000000000001
0.05800000000000001
0.05800000000000001
0.05800000000000001
0.05800000000000001
0.05800000000000001
0.14200000000000002
0.163
0.163
0.14200000000000002
0.05800000000000001
0.05800000000000001
0.05800000000000001
0.05800000000000001
0.05800000000000001
0.05800000000000001
0.05800000000000001
0.05800000000000001
0.05800000000000001
0.1
0.163
0.163
0.163
0.079
0.05800000000000001
0.05800000000000001
0.05800000000000001
0.05800000000000001
0.05800000000000001
0.05800000000000001
0.05800000000000001
0.05800000000000001
0.05800000000000001
0.05800000000000001
0.12100000000000002
0.163
0.163
0.163
0.05800000000000001
0.05800000000000001
0.05800000000000001
0.05800000000000001
0.05800000000000001
0.05800000000000001
0.05800000000000001
0.05800000000000001
0.12100000000000002
0.163
0.163
0.163
0.05800000000000001
0.05800000000000001
0.05800000000000001
0.05800000000000001
0.05800000000000001
0.05800000000000001
0.05800000000000001
0.068
1.1702
0.185
0.2
0.194
0.176
0.097
0.089
0.15700000000000003
0.209
0.195
0.14700000000000002
0.319
0.3454
0.281
0.311
0.30700000000000005
0.271
0.238
0.238
0.21039999999999998
0.5442
0.8865999999999998
0.182
0.29000000000000004
0.266
0.266
0.203
0.161
0.149
0.4946
0.9644
0.21600000000000003
0.29400000000000004
0.314
0.362
0.386
0.4114
0.414
0.414
0.4164
0.426
0.471
0.471
0.43500000000000005
0.364
0.333
0.317
0.30579999999999996
0.39560000000000006
0.34619999999999995
0.321
0.2538
0.24900000000000003
0.2516
0.262
0.198
0.202
0.2116
0.21400000000000002
0.2092
0.21480000000000002
0.21400000000000002
0.262
0.22600000000000003
0.294
0.2994
1.4495999999999998
0.2428
0.318
0.4518
0.477
0.4768
0.48979999999999996
0.479
0.4646
0.34500000000000003
0.3286
0.3238
0.391
0.379
0.31500000000000006
0.05800000000000001
0.05800000000000001
0.05800000000000001
0.05800000000000001
0.12100000000000002
0.163
0.163
0.163
0.05800000000000001
0.05800000000000001
0.14700000000000002
0.295
0.05800000000000001
0.05800000000000001
0.05800000000000001
0.05800000000000001
0.05800000000000001
0.05800000000000001
