0.0776
0.073
0.073
0.1252
0.271
0.32699999999999996
0.35100000000000003
1.3252
0.076
0.076
0.076
0.076
0.17360000000000003
0.198
0.198
0.35960000000000003
0.262
0.262
0.262
0.15039999999999998
0.076
0.076
0.076
0.076
0.076
0.076
0.076
0.1248
0.198
0.198
0.198
0.1376
0.262
0.262
0.262
0.262
0.11320000000000001
0.076
0.076
0.076
0.076
0.076
0.076
0.076
0.198
0.198
0.198
0.1492
0.076
0.11320000000000001
0.262
0.262
0.262
0.262
0.11320000000000001
0.076
0.076
0.17360000000000003
0.198
0.198
0.1736
0.076
0.076
0.22480000000000003
0.262
0.262
0.262
0.1876
0.076
0.076
0.076
0.076
0.076
0.076
0.1492
0.198
0.198
0.198
0.076
0.076
0.11320000000000001
0.262
0.262
0.262
0.262
0.11320000000000001
0.076
0.076
0.076
0.076
0.076
0.076
0.076
0.076
0.076
0.076
0.076
0.076
0.076
0.076
0.076
0.11320000000000001
0.262
0.262
0.262
0.262
0.11320000000000001
0.076
0.076
0.076
0.076
0.198
0.198
0.198
0.1492
0.076
0.076
0.076
0.076
0.076
0.076
0.076
0.089
0.089
0.089
1.1683999999999999
0.223
0.223
0.223
0.1742
0.101
0.101
0.076
0.076
0.076
0.076
0.1504
0.262
0.262
0.262
0.384
0.198
0.198
0.1492
0.092
0.086
2.753
2.753
3.8276000000000003
2.7728
2.864
2.864
2.864
2.9756
3.05
3.0744
3.172
3.1348000000000003
0.198
0.1248
0.197
0.197
0.26480000000000004
0.31
0.31
0.31
0.35879999999999995
0.618
0.384
0.384
0.2864
0.15039999999999998
0.076
0.076
0.076
0.076
0.076
0.076
0.076
0.076
0.076
0.076
0.076
0.1504
0.262
0.262
0.262
0.262
0.1248
0.198
0.198
0.198
0.1004
0.076
0.076
0.076
0.076
0.076
0.076
0.076
0.076
0.076
0.076
0.076
0.076
0.076
0.1004
0.198
0.198
0.198
0.162
0.262
0.262
0.262
0.262
0.11320000000000001
0.076
0.076
0.076
0.076
0.076
0.076
0.076
0.198
0.198
0.198
0.1492
0.076
0.076
0.076
0.076
0.076
0.076
0.076
0.076
0.076
0.076
0.076
0.076
0.076
0.076
0.076
0.262
0.262
0.262
0.262
0.15039999999999998
0.076
0.076
0.076
0.076
0.076
0.1004
0.198
0.198
0.198
0.1248
0.262
0.262
0.262
0.262
0.15039999999999998
0.076
0.076
1.0264
1.3912
0.44299999999999995
0.46699999999999997
0.46699999999999997
0.531
0.076
0.076
0.262
0.262
0.31079999999999997
0.384
0.2724
0.198
0.1004
0.076
0.076
0.076
0.076
0.076
0.076
0.076
0.262
0.262
