3.312
3.312
3.312
3.312
3.312
3.312
3.312
3.312
3.312
3.312
3.312
3.312
3.312
3.312
3.312
3.312
3.312
3.312
3.312
3.312
3.312
3.312
3.312
3.312
3.312
3.312
3.312
3.312
3.312
3.312
3.216
3.216
3.216
3.216
3.216
3.216
3.216
3.216
3.216
3.216
3.216
3.216
3.216
3.216
3.216
3.216
3.216
3.216
3.216
3.216
3.216
3.216
3.216
3.216
3.216
3.216
3.216
3.216
3.216
3.216
3.078
3.078
3.078
3.078
3.078
3.078
3.078
3.078
3.078
3.078
3.078
3.078
3.078
3.078
3.078
3.078
3.078
3.078
3.078
3.078
3.078
3.078
3.078
3.078
3.078
3.078
3.078
3.078
3.078
3.078
3.101
3.101
3.101
3.101
3.101
3.101
3.101
3.101
3.101
3.101
3.101
3.101
3.101
3.101
3.101
3.101
3.101
3.101
3.101
3.101
3.101
3.101
3.101
3.101
3.101
3.101
3.101
3.101
3.101
3.101
3.076
3.076
3.076
3.076
3.076
3.076
3.076
3.076
3.076
3.076
3.076
3.076
3.076
3.076
3.076
3.076
3.076
3.076
3.076
3.076
3.076
3.076
3.076
3.076
3.076
3.076
3.076
3.076
3.076
3.076
3.071
3.071
3.071
3.071
3.071
3.071
3.071
3.071
3.071
3.071
3.071
3.071
3.071
3.071
3.071
3.071
3.071
3.071
3.071
3.071
3.071
3.071
3.071
3.071
3.071
3.071
3.071
3.071
3.071
3.071
3.035
3.035
3.035
3.035
3.035
3.035
3.035
3.035
3.035
3.035
3.035
3.035
3.035
3.035
3.035
3.035
3.035
3.035
3.035
3.035
3.035
3.035
3.035
3.035
3.035
3.035
3.035
3.035
3.035
3.035
3.022
3.022
3.022
3.022
3.022
3.022
3.022
3.022
3.022
3.022
3.022
3.022
3.022
3.022
3.022
3.022
3.022
3.022
3.022
3.022
3.022
3.022
3.022
3.022
3.022
3.022
3.022
3.022
3.022
3.022
2.929
2.929
2.929
2.929
2.929
2.929
2.929
2.929
2.929
2.929
2.929
2.929
2.929
2.929
2.929
2.929
2.929
2.929
2.929
2.929
2.929
2.929
2.929
2.929
2.929
2.929
2.929
2.929
2.929
2.929
2.835
2.835
2.835
2.835
2.835
2.835
2.835
2.835
2.835
2.835
2.835
2.835
2.835
2.835
2.835
2.835
2.835
2.835
2.835
2.835
2.835
2.835
2.835
2.835
2.835
2.835
2.835
2.835
2.835
2.835
2.785
2.785
2.785
2.785
2.785
2.785
2.785
2.785
2.785
2.785
2.785
2.785
2.785
2.785
2.785
2.785
2.785
2.785
2.785
2.785
2.785
2.785
2.785
2.785
2.785
2.785
2.785
2.785
2.785
2.785
2.738
2.738
2.738
2.738
2.738
2.738
2.738
2.738
2.738
2.738
2.738
2.738
2.738
2.738
2.738
2.738
2.738
2.738
2.738
2.738
2.738
2.738
2.738
2.738
2.738
2.738
2.738
2.738
2.738
2.738
3.133
3.133
3.133
3.133
3.133
3.133
3.133
3.133
3.133
3.133
3.133
3.133
3.133
3.133
3.133
3.133
3.133
3.133
3.133
3.133
3.133
3.133
3.133
3.133
3.133
3.133
3.133
3.133
3.133
3.133
3.244
3.244
3.244
3.244
3.244
3.244
3.244
3.244
3.244
3.244
3.244
3.244
3.244
3.244
3.244
3.244
3.244
3.244
3.244
3.244
3.244
3.244
3.244
3.244
3.244
3.244
3.244
3.244
3.244
3.244
3.145
3.145
3.145
3.145
3.145
3.145
3.145
3.145
3.145
3.145
3.145
3.145
3.145
3.145
3.145
3.145
3.145
3.145
3.145
3.145
3.145
3.145
3.145
3.145
3.145
3.145
3.145
3.145
3.145
3.145
3.175
3.175
3.175
3.175
3.175
3.175
3.175
3.175
3.175
3.175
3.175
3.175
3.175
3.175
3.175
3.175
3.175
3.175
3.175
3.175
3.175
3.175
3.175
3.175
3.175
3.175
3.175
3.175
3.175
3.175
3.406
3.406
3.406
3.406
3.406
3.406
3.406
3.406
3.406
3.406
3.406
3.406
3.406
3.406
3.406
3.406
3.406
3.406
3.406
3.406
3.406
3.406
3.406
3.406
3.406
3.406
3.406
3.406
3.406
3.406
3.272
3.272
3.272
3.272
3.272
3.272
3.272
3.272
3.272
3.272
3.272
3.272
3.272
3.272
3.272
3.272
3.272
3.272
3.272
3.272
3.272
3.272
3.272
3.272
3.272
3.272
3.272
3.272
3.272
3.272
3.427
3.427
3.427
3.427
3.427
3.427
3.427
3.427
3.427
3.427
3.427
3.427
3.427
3.427
3.427
3.427
3.427
3.427
3.427
3.427
3.427
3.427
3.427
3.427
3.427
3.427
3.427
3.427
3.427
3.427
3.31
3.31
3.31
3.31
3.31
3.31
3.31
3.31
3.31
3.31
3.31
3.31
3.31
3.31
3.31
3.31
3.31
3.31
3.31
3.31
3.31
3.31
3.31
3.31
3.31
3.31
3.31
3.31
3.31
3.31
3.339
3.339
3.339
3.339
3.339
3.339
3.339
3.339
3.339
3.339
3.339
3.339
3.339
3.339
3.339
3.339
3.339
3.339
3.339
3.339
3.339
3.339
3.339
3.339
3.339
3.339
3.339
3.339
3.339
3.339
3.421
3.421
3.421
3.421
3.421
3.421
3.421
3.421
3.421
3.421
3.421
3.421
3.421
3.421
3.421
3.421
3.421
3.421
3.421
3.421
3.421
3.421
3.421
3.421
3.421
3.421
3.421
3.421
3.421
3.421
3.398
3.398
3.398
3.398
3.398
3.398
3.398
3.398
3.398
3.398
3.398
3.398
3.398
3.398
3.398
3.398
3.398
3.398
3.398
3.398
3.398
3.398
3.398
3.398
3.398
3.398
3.398
3.398
3.398
3.398
3.383
3.383
3.383
3.383
3.383
3.383
3.383
3.383
3.383
3.383
3.383
3.383
3.383
3.383
3.383
3.383
3.383
3.383
3.383
3.383
3.383
3.383
3.383
3.383
3.383
3.383
3.383
3.383
3.383
3.383
3.388
3.388
3.388
3.388
3.388
3.388
3.388
3.388
3.388
3.388
3.388
3.388
3.388
3.388
3.388
3.388
3.388
3.388
3.388
3.388
3.388
3.388
3.388
3.388
3.388
3.388
3.388
3.388
3.388
3.388
3.394
3.394
3.394
3.394
3.394
3.394
3.394
3.394
3.394
3.394
3.394
3.394
3.394
3.394
3.394
3.394
3.394
3.394
3.394
3.394
3.394
3.394
3.394
3.394
3.394
3.394
3.394
3.394
3.394
3.394
3.34
3.34
3.34
3.34
3.34
3.34
3.34
3.34
3.34
3.34
3.34
3.34
3.34
3.34
3.34
3.34
3.34
3.34
3.34
3.34
3.34
3.34
3.34
3.34
3.34
3.34
3.34
3.34
3.34
3.34
3.328
3.328
3.328
3.328
3.328
3.328
3.328
3.328
3.328
3.328
3.328
3.328
3.328
3.328
3.328
3.328
3.328
3.328
3.328
3.328
3.328
3.328
3.328
3.328
3.328
3.328
3.328
3.328
3.328
3.328
3.309
3.309
3.309
3.309
3.309
3.309
3.309
3.309
3.309
3.309
3.309
3.309
3.309
3.309
3.309
3.309
3.309
3.309
3.309
3.309
3.309
3.309
3.309
3.309
3.309
3.309
3.309
3.309
3.309
3.309
3.314
3.314
3.314
3.314
3.314
3.314
3.314
3.314
3.314
3.314
3.314
3.314
3.314
3.314
3.314
3.314
3.314
3.314
3.314
3.314
3.314
3.314
3.314
3.314
3.314
3.314
3.314
3.314
3.314
3.314
3.551
3.551
3.551
3.551
3.551
3.551
3.551
3.551
3.551
3.551
3.551
3.551
3.551
3.551
3.551
3.551
3.551
3.551
3.551
3.551
3.551
3.551
3.551
3.551
3.551
3.551
3.551
3.551
3.551
3.551
3.574
3.574
3.574
3.574
3.574
3.574
3.574
3.574
3.574
3.574
3.574
3.574
3.574
3.574
3.574
3.574
3.574
3.574
3.574
3.574
3.574
3.574
3.574
3.574
3.574
3.574
3.574
3.574
3.574
3.574
3.571
3.571
3.571
3.571
3.571
3.571
3.571
3.571
3.571
3.571
3.571
3.571
3.571
3.571
3.571
3.571
3.571
3.571
3.571
3.571
3.571
3.571
3.571
3.571
3.571
3.571
3.571
3.571
3.571
3.571
3.627
3.627
3.627
3.627
3.627
3.627
3.627
3.627
3.627
3.627
3.627
3.627
3.627
3.627
3.627
3.627
3.627
3.627
3.627
3.627
3.627
3.627
3.627
3.627
3.627
3.627
3.627
3.627
3.627
3.627
3.729
3.729
3.729
3.729
3.729
3.729
3.729
3.729
3.729
3.729
3.729
3.729
3.729
3.729
3.729
3.729
3.729
3.729
3.729
3.729
3.729
3.729
3.729
3.729
3.729
3.729
3.729
3.729
3.729
3.729
3.719
3.719
3.719
3.719
3.719
3.719
3.719
3.719
3.719
3.719
3.719
3.719
3.719
3.719
3.719
3.719
3.719
3.719
3.719
3.719
3.719
3.719
3.719
3.719
3.719
3.719
3.719
3.719
3.719
3.719
3.707
3.707
3.707
3.707
3.707
3.707
3.707
3.707
3.707
3.707
3.707
3.707
3.707
3.707
3.707
3.707
3.707
3.707
3.707
3.707
3.707
3.707
3.707
3.707
3.707
3.707
3.707
3.707
3.707
3.707
3.688
3.688
3.688
3.688
3.688
3.688
3.688
3.688
3.688
3.688
3.688
3.688
3.688
3.688
3.688
3.688
3.688
3.688
3.688
3.688
3.688
3.688
3.688
3.688
3.688
3.688
3.688
3.688
3.688
3.688
3.81
3.81
3.81
3.81
3.81
3.81
3.81
3.81
3.81
3.81
3.81
3.81
3.81
3.81
3.81
3.81
3.81
3.81
3.81
3.81
3.81
3.81
3.81
3.81
3.81
3.81
3.81
3.81
3.81
3.81
3.673
3.673
3.673
3.673
3.673
3.673
3.673
3.673
3.673
3.673
3.673
3.673
3.673
3.673
3.673
3.673
3.673
3.673
3.673
3.673
3.673
3.673
3.673
3.673
3.673
3.673
3.673
3.673
3.673
3.673
3.667
3.667
3.667
3.667
3.667
3.667
3.667
3.667
3.667
3.667
3.667
3.667
3.667
3.667
3.667
3.667
3.667
3.667
3.667
3.667
3.667
3.667
3.667
3.667
3.667
3.667
3.667
3.667
3.667
3.667
3.632
3.632
3.632
3.632
3.632
3.632
3.632
3.632
3.632
3.632
3.632
3.632
3.632
3.632
3.632
3.632
3.632
3.632
3.632
3.632
3.632
3.632
3.632
3.632
3.632
3.632
3.632
3.632
3.632
3.632
3.662
3.662
3.662
3.662
3.662
3.662
3.662
3.662
3.662
3.662
3.662
3.662
3.662
3.662
3.662
3.662
3.662
3.662
3.662
3.662
3.662
3.662
3.662
3.662
3.662
3.662
3.662
3.662
3.662
3.662
3.67
3.67
3.67
3.67
3.67
3.67
3.67
3.67
3.67
3.67
3.67
3.67
3.67
3.67
3.67
3.67
3.67
3.67
3.67
3.67
3.67
3.67
3.67
3.67
3.67
3.67
3.67
3.67
3.67
3.67
3.596
3.596
3.596
3.596
3.596
3.596
3.596
3.596
3.596
3.596
3.596
3.596
3.596
3.596
3.596
3.596
3.596
3.596
3.596
3.596
3.596
3.596
3.596
3.596
3.596
3.596
3.596
3.596
3.596
3.596
3.488
3.488
3.488
3.488
3.488
3.488
3.488
3.488
3.488
3.488
3.488
3.488
3.488
3.488
3.488
3.488
3.488
3.488
3.488
3.488
3.488
3.488
3.488
3.488
3.488
3.488
3.488
3.488
3.488
3.488
3.36
3.36
3.36
3.36
3.36
3.36
3.36
3.36
3.36
3.36
3.36
3.36
3.36
3.36
3.36
3.36
3.36
3.36
3.36
3.36
3.36
3.36
3.36
3.36
3.36
3.36
3.36
3.36
3.36
3.36
3.314
3.314
3.314
3.314
3.314
3.314
3.314
3.314
3.314
3.314
3.314
3.314
3.314
3.314
3.314
3.314
3.314
3.314
3.314
3.314
3.314
3.314
3.314
3.314
3.314
3.314
3.314
3.314
3.314
3.314
