3.194
3.194
3.194
3.194
3.194
3.194
3.194
3.194
3.194
3.194
3.194
3.194
3.194
3.194
3.194
3.194
3.194
3.194
3.194
3.194
3.194
3.194
3.194
3.194
3.194
3.194
3.194
3.194
3.194
3.194
3.376
3.376
3.376
3.376
3.376
3.376
3.376
3.376
3.376
3.376
3.376
3.376
3.376
3.376
3.376
3.376
3.376
3.376
3.376
3.376
3.376
3.376
3.376
3.376
3.376
3.376
3.376
3.376
3.376
3.376
3.413
3.413
3.413
3.413
3.413
3.413
3.413
3.413
3.413
3.413
3.413
3.413
3.413
3.413
3.413
3.413
3.413
3.413
3.413
3.413
3.413
3.413
3.413
3.413
3.413
3.413
3.413
3.413
3.413
3.413
3.361
3.361
3.361
3.361
3.361
3.361
3.361
3.361
3.361
3.361
3.361
3.361
3.361
3.361
3.361
3.361
3.361
3.361
3.361
3.361
3.361
3.361
3.361
3.361
3.361
3.361
3.361
3.361
3.361
3.361
3.361
3.361
3.361
3.361
3.361
3.361
3.361
3.361
3.361
3.361
3.361
3.361
3.361
3.361
3.361
3.361
3.361
3.361
3.361
3.361
3.361
3.361
3.361
3.361
3.361
3.361
3.361
3.361
3.361
3.361
3.125
3.125
3.125
3.125
3.125
3.125
3.125
3.125
3.125
3.125
3.125
3.125
3.125
3.125
3.125
3.125
3.125
3.125
3.125
3.125
3.125
3.125
3.125
3.125
3.125
3.125
3.125
3.125
3.125
3.125
1.875
1.875
1.875
1.875
1.875
1.875
1.875
1.875
1.875
1.875
1.875
1.875
1.875
1.875
1.875
1.875
1.875
1.875
1.875
1.875
1.875
1.875
1.875
1.875
1.875
1.875
1.875
1.875
1.875
1.875
1.785
1.785
1.785
1.785
1.785
1.785
1.785
1.785
1.785
1.785
1.785
1.785
1.785
1.785
1.785
1.785
1.785
1.785
1.785
1.785
1.785
1.785
1.785
1.785
1.785
1.785
1.785
1.785
1.785
1.785
1.751
1.751
1.751
1.751
1.751
1.751
1.751
1.751
1.751
1.751
1.751
1.751
1.751
1.751
1.751
1.751
1.751
1.751
1.751
1.751
1.751
1.751
1.751
1.751
1.751
1.751
1.751
1.751
1.751
1.751
1.679
1.679
1.679
1.679
1.679
1.679
1.679
1.679
1.679
1.679
1.679
1.679
1.679
1.679
1.679
1.679
1.679
1.679
1.679
1.679
1.679
1.679
1.679
1.679
1.679
1.679
1.679
1.679
1.679
1.679
2.036
2.036
2.036
2.036
2.036
2.036
2.036
2.036
2.036
2.036
2.036
2.036
2.036
2.036
2.036
2.036
2.036
2.036
2.036
2.036
2.036
2.036
2.036
2.036
2.036
2.036
2.036
2.036
2.036
2.036
2.153
2.153
2.153
2.153
2.153
2.153
2.153
2.153
2.153
2.153
2.153
2.153
2.153
2.153
2.153
2.153
2.153
2.153
2.153
2.153
2.153
2.153
2.153
2.153
2.153
2.153
2.153
2.153
2.153
2.153
2.801
2.801
2.801
2.801
2.801
2.801
2.801
2.801
2.801
2.801
2.801
2.801
2.801
2.801
2.801
2.801
2.801
2.801
2.801
2.801
2.801
2.801
2.801
2.801
2.801
2.801
2.801
2.801
2.801
2.801
2.758
2.758
2.758
2.758
2.758
2.758
2.758
2.758
2.758
2.758
2.758
2.758
2.758
2.758
2.758
2.758
2.758
2.758
2.758
2.758
2.758
2.758
2.758
2.758
2.758
2.758
2.758
2.758
2.758
2.758
3.364
3.364
3.364
3.364
3.364
3.364
3.364
3.364
3.364
3.364
3.364
3.364
3.364
3.364
3.364
3.364
3.364
3.364
3.364
3.364
3.364
3.364
3.364
3.364
3.364
3.364
3.364
3.364
3.364
3.364
3.98
3.98
3.98
3.98
3.98
3.98
3.98
3.98
3.98
3.98
3.98
3.98
3.98
3.98
3.98
3.98
3.98
3.98
3.98
3.98
3.98
3.98
3.98
3.98
3.98
3.98
3.98
3.98
3.98
3.98
4.238
4.238
4.238
4.238
4.238
4.238
4.238
4.238
4.238
4.238
4.238
4.238
4.238
4.238
4.238
4.238
4.238
4.238
4.238
4.238
4.238
4.238
4.238
4.238
4.238
4.238
4.238
4.238
4.238
4.238
4.084
4.084
4.084
4.084
4.084
4.084
4.084
4.084
4.084
4.084
4.084
4.084
4.084
4.084
4.084
4.084
4.084
4.084
4.084
4.084
4.084
4.084
4.084
4.084
4.084
4.084
4.084
4.084
4.084
4.084
3.775
3.775
3.775
3.775
3.775
3.775
3.775
3.775
3.775
3.775
3.775
3.775
3.775
3.775
3.775
3.775
3.775
3.775
3.775
3.775
3.775
3.775
3.775
3.775
3.775
3.775
3.775
3.775
3.775
3.775
3.667
3.667
3.667
3.667
3.667
3.667
3.667
3.667
3.667
3.667
3.667
3.667
3.667
3.667
3.667
3.667
3.667
3.667
3.667
3.667
3.667
3.667
3.667
3.667
3.667
3.667
3.667
3.667
3.667
3.667
3.409
3.409
3.409
3.409
3.409
3.409
3.409
3.409
3.409
3.409
3.409
3.409
3.409
3.409
3.409
3.409
3.409
3.409
3.409
3.409
3.409
3.409
3.409
3.409
3.409
3.409
3.409
3.409
3.409
3.409
3.381
3.381
3.381
3.381
3.381
3.381
3.381
3.381
3.381
3.381
3.381
3.381
3.381
3.381
3.381
3.381
3.381
3.381
3.381
3.381
3.381
3.381
3.381
3.381
3.381
3.381
3.381
3.381
3.381
3.381
3.033
3.033
3.033
3.033
3.033
3.033
3.033
3.033
3.033
3.033
3.033
3.033
3.033
3.033
3.033
3.033
3.033
3.033
3.033
3.033
3.033
3.033
3.033
3.033
3.033
3.033
3.033
3.033
3.033
3.033
3.031
3.031
3.031
3.031
3.031
3.031
3.031
3.031
3.031
3.031
3.031
3.031
3.031
3.031
3.031
3.031
3.031
3.031
3.031
3.031
3.031
3.031
3.031
3.031
3.031
3.031
3.031
3.031
3.031
3.031
2.99
2.99
2.99
2.99
2.99
2.99
2.99
2.99
2.99
2.99
2.99
2.99
2.99
2.99
2.99
2.99
2.99
2.99
2.99
2.99
2.99
2.99
2.99
2.99
2.99
2.99
2.99
2.99
2.99
2.99
2.983
2.983
2.983
2.983
2.983
2.983
2.983
2.983
2.983
2.983
2.983
2.983
2.983
2.983
2.983
2.983
2.983
2.983
2.983
2.983
2.983
2.983
2.983
2.983
2.983
2.983
2.983
2.983
2.983
2.983
2.964
2.964
2.964
2.964
2.964
2.964
2.964
2.964
2.964
2.964
2.964
2.964
2.964
2.964
2.964
2.964
2.964
2.964
2.964
2.964
2.964
2.964
2.964
2.964
2.964
2.964
2.964
2.964
2.964
2.964
2.951
2.951
2.951
2.951
2.951
2.951
2.951
2.951
2.951
2.951
2.951
2.951
2.951
2.951
2.951
2.951
2.951
2.951
2.951
2.951
2.951
2.951
2.951
2.951
2.951
2.951
2.951
2.951
2.951
2.951
2.94
2.94
2.94
2.94
2.94
2.94
2.94
2.94
2.94
2.94
2.94
2.94
2.94
2.94
2.94
2.94
2.94
2.94
2.94
2.94
2.94
2.94
2.94
2.94
2.94
2.94
2.94
2.94
2.94
2.94
2.934
2.934
2.934
2.934
2.934
2.934
2.934
2.934
2.934
2.934
2.934
2.934
2.934
2.934
2.934
2.934
2.934
2.934
2.934
2.934
2.934
2.934
2.934
2.934
2.934
2.934
2.934
2.934
2.934
2.934
3.508
3.508
3.508
3.508
3.508
3.508
3.508
3.508
3.508
3.508
3.508
3.508
3.508
3.508
3.508
3.508
3.508
3.508
3.508
3.508
3.508
3.508
3.508
3.508
3.508
3.508
3.508
3.508
3.508
3.508
3.481
3.481
3.481
3.481
3.481
3.481
3.481
3.481
3.481
3.481
3.481
3.481
3.481
3.481
3.481
3.481
3.481
3.481
3.481
3.481
3.481
3.481
3.481
3.481
3.481
3.481
3.481
3.481
3.481
3.481
3.7
3.7
3.7
3.7
3.7
3.7
3.7
3.7
3.7
3.7
3.7
3.7
3.7
3.7
3.7
3.7
3.7
3.7
3.7
3.7
3.7
3.7
3.7
3.7
3.7
3.7
3.7
3.7
3.7
3.7
3.999
3.999
3.999
3.999
3.999
3.999
3.999
3.999
3.999
3.999
3.999
3.999
3.999
3.999
3.999
3.999
3.999
3.999
3.999
3.999
3.999
3.999
3.999
3.999
3.999
3.999
3.999
3.999
3.999
3.999
4.768
4.768
4.768
4.768
4.768
4.768
4.768
4.768
4.768
4.768
4.768
4.768
4.768
4.768
4.768
4.768
4.768
4.768
4.768
4.768
4.768
4.768
4.768
4.768
4.768
4.768
4.768
4.768
4.768
4.768
4.996
4.996
4.996
4.996
4.996
4.996
4.996
4.996
4.996
4.996
4.996
4.996
4.996
4.996
4.996
4.996
4.996
4.996
4.996
4.996
4.996
4.996
4.996
4.996
4.996
4.996
4.996
4.996
4.996
4.996
4.82
4.82
4.82
4.82
4.82
4.82
4.82
4.82
4.82
4.82
4.82
4.82
4.82
4.82
4.82
4.82
4.82
4.82
4.82
4.82
4.82
4.82
4.82
4.82
4.82
4.82
4.82
4.82
4.82
4.82
4.567
4.567
4.567
4.567
4.567
4.567
4.567
4.567
4.567
4.567
4.567
4.567
4.567
4.567
4.567
4.567
4.567
4.567
4.567
4.567
4.567
4.567
4.567
4.567
4.567
4.567
4.567
4.567
4.567
4.567
3.673
3.673
3.673
3.673
3.673
3.673
3.673
3.673
3.673
3.673
3.673
3.673
3.673
3.673
3.673
3.673
3.673
3.673
3.673
3.673
3.673
3.673
3.673
3.673
3.673
3.673
3.673
3.673
3.673
3.673
3.603
3.603
3.603
3.603
3.603
3.603
3.603
3.603
3.603
3.603
3.603
3.603
3.603
3.603
3.603
3.603
3.603
3.603
3.603
3.603
3.603
3.603
3.603
3.603
3.603
3.603
3.603
3.603
3.603
3.603
3.463
3.463
3.463
3.463
3.463
3.463
3.463
3.463
3.463
3.463
3.463
3.463
3.463
3.463
3.463
3.463
3.463
3.463
3.463
3.463
3.463
3.463
3.463
3.463
3.463
3.463
3.463
3.463
3.463
3.463
3.447
3.447
3.447
3.447
3.447
3.447
3.447
3.447
3.447
3.447
3.447
3.447
3.447
3.447
3.447
3.447
3.447
3.447
3.447
3.447
3.447
3.447
3.447
3.447
3.447
3.447
3.447
3.447
3.447
3.447
3.376
3.376
3.376
3.376
3.376
3.376
3.376
3.376
3.376
3.376
3.376
3.376
3.376
3.376
3.376
3.376
3.376
3.376
3.376
3.376
3.376
3.376
3.376
3.376
3.376
3.376
3.376
3.376
3.376
3.376
3.259
3.259
3.259
3.259
3.259
3.259
3.259
3.259
3.259
3.259
3.259
3.259
3.259
3.259
3.259
3.259
3.259
3.259
3.259
3.259
3.259
3.259
3.259
3.259
3.259
3.259
3.259
3.259
3.259
3.259
3.197
3.197
3.197
3.197
3.197
3.197
3.197
3.197
3.197
3.197
3.197
3.197
3.197
3.197
3.197
3.197
3.197
3.197
3.197
3.197
3.197
3.197
3.197
3.197
3.197
3.197
3.197
3.197
3.197
3.197
3.101
3.101
3.101
3.101
3.101
3.101
3.101
3.101
3.101
3.101
3.101
3.101
3.101
3.101
3.101
3.101
3.101
3.101
3.101
3.101
3.101
3.101
3.101
3.101
3.101
3.101
3.101
3.101
3.101
3.101
2.991
2.991
2.991
2.991
2.991
2.991
2.991
2.991
2.991
2.991
2.991
2.991
2.991
2.991
2.991
2.991
2.991
2.991
2.991
2.991
2.991
2.991
2.991
2.991
2.991
2.991
2.991
2.991
2.991
2.991
3.015
3.015
3.015
3.015
3.015
3.015
3.015
3.015
3.015
3.015
3.015
3.015
3.015
3.015
3.015
3.015
3.015
3.015
3.015
3.015
3.015
3.015
3.015
3.015
3.015
3.015
3.015
3.015
3.015
3.015
