4.227
4.227
4.227
4.227
4.227
4.227
4.227
4.227
4.227
4.227
4.227
4.227
4.227
4.227
4.227
4.227
4.227
4.227
4.227
4.227
4.227
4.227
4.227
4.227
4.227
4.227
4.227
4.227
4.227
4.227
4.471
4.471
4.471
4.471
4.471
4.471
4.471
4.471
4.471
4.471
4.471
4.471
4.471
4.471
4.471
4.471
4.471
4.471
4.471
4.471
4.471
4.471
4.471
4.471
4.471
4.471
4.471
4.471
4.471
4.471
4.006
4.006
4.006
4.006
4.006
4.006
4.006
4.006
4.006
4.006
4.006
4.006
4.006
4.006
4.006
4.006
4.006
4.006
4.006
4.006
4.006
4.006
4.006
4.006
4.006
4.006
4.006
4.006
4.006
4.006
3.905
3.905
3.905
3.905
3.905
3.905
3.905
3.905
3.905
3.905
3.905
3.905
3.905
3.905
3.905
3.905
3.905
3.905
3.905
3.905
3.905
3.905
3.905
3.905
3.905
3.905
3.905
3.905
3.905
3.905
3.779
3.779
3.779
3.779
3.779
3.779
3.779
3.779
3.779
3.779
3.779
3.779
3.779
3.779
3.779
3.779
3.779
3.779
3.779
3.779
3.779
3.779
3.779
3.779
3.779
3.779
3.779
3.779
3.779
3.779
3.863
3.863
3.863
3.863
3.863
3.863
3.863
3.863
3.863
3.863
3.863
3.863
3.863
3.863
3.863
3.863
3.863
3.863
3.863
3.863
3.863
3.863
3.863
3.863
3.863
3.863
3.863
3.863
3.863
3.863
3.796
3.796
3.796
3.796
3.796
3.796
3.796
3.796
3.796
3.796
3.796
3.796
3.796
3.796
3.796
3.796
3.796
3.796
3.796
3.796
3.796
3.796
3.796
3.796
3.796
3.796
3.796
3.796
3.796
3.796
3.787
3.787
3.787
3.787
3.787
3.787
3.787
3.787
3.787
3.787
3.787
3.787
3.787
3.787
3.787
3.787
3.787
3.787
3.787
3.787
3.787
3.787
3.787
3.787
3.787
3.787
3.787
3.787
3.787
3.787
3.743
3.743
3.743
3.743
3.743
3.743
3.743
3.743
3.743
3.743
3.743
3.743
3.743
3.743
3.743
3.743
3.743
3.743
3.743
3.743
3.743
3.743
3.743
3.743
3.743
3.743
3.743
3.743
3.743
3.743
3.761
3.761
3.761
3.761
3.761
3.761
3.761
3.761
3.761
3.761
3.761
3.761
3.761
3.761
3.761
3.761
3.761
3.761
3.761
3.761
3.761
3.761
3.761
3.761
3.761
3.761
3.761
3.761
3.761
3.761
3.693
3.693
3.693
3.693
3.693
3.693
3.693
3.693
3.693
3.693
3.693
3.693
3.693
3.693
3.693
3.693
3.693
3.693
3.693
3.693
3.693
3.693
3.693
3.693
3.693
3.693
3.693
3.693
3.693
3.693
3.848
3.848
3.848
3.848
3.848
3.848
3.848
3.848
3.848
3.848
3.848
3.848
3.848
3.848
3.848
3.848
3.848
3.848
3.848
3.848
3.848
3.848
3.848
3.848
3.848
3.848
3.848
3.848
3.848
3.848
3.811
3.811
3.811
3.811
3.811
3.811
3.811
3.811
3.811
3.811
3.811
3.811
3.811
3.811
3.811
3.811
3.811
3.811
3.811
3.811
3.811
3.811
3.811
3.811
3.811
3.811
3.811
3.811
3.811
3.811
3.979
3.979
3.979
3.979
3.979
3.979
3.979
3.979
3.979
3.979
3.979
3.979
3.979
3.979
3.979
3.979
3.979
3.979
3.979
3.979
3.979
3.979
3.979
3.979
3.979
3.979
3.979
3.979
3.979
3.979
4.776
4.776
4.776
4.776
4.776
4.776
4.776
4.776
4.776
4.776
4.776
4.776
4.776
4.776
4.776
4.776
4.776
4.776
4.776
4.776
4.776
4.776
4.776
4.776
4.776
4.776
4.776
4.776
4.776
4.776
5.139
5.139
5.139
5.139
5.139
5.139
5.139
5.139
5.139
5.139
5.139
5.139
5.139
5.139
5.139
5.139
5.139
5.139
5.139
5.139
5.139
5.139
5.139
5.139
5.139
5.139
5.139
5.139
5.139
5.139
4.841
4.841
4.841
4.841
4.841
4.841
4.841
4.841
4.841
4.841
4.841
4.841
4.841
4.841
4.841
4.841
4.841
4.841
4.841
4.841
4.841
4.841
4.841
4.841
4.841
4.841
4.841
4.841
4.841
4.841
4.99
4.99
4.99
4.99
4.99
4.99
4.99
4.99
4.99
4.99
4.99
4.99
4.99
4.99
4.99
4.99
4.99
4.99
4.99
4.99
4.99
4.99
4.99
4.99
4.99
4.99
4.99
4.99
4.99
4.99
5.002
5.002
5.002
5.002
5.002
5.002
5.002
5.002
5.002
5.002
5.002
5.002
5.002
5.002
5.002
5.002
5.002
5.002
5.002
5.002
5.002
5.002
5.002
5.002
5.002
5.002
5.002
5.002
5.002
5.002
5.013
5.013
5.013
5.013
5.013
5.013
5.013
5.013
5.013
5.013
5.013
5.013
5.013
5.013
5.013
5.013
5.013
5.013
5.013
5.013
5.013
5.013
5.013
5.013
5.013
5.013
5.013
5.013
5.013
5.013
5.01
5.01
5.01
5.01
5.01
5.01
5.01
5.01
5.01
5.01
5.01
5.01
5.01
5.01
5.01
5.01
5.01
5.01
5.01
5.01
5.01
5.01
5.01
5.01
5.01
5.01
5.01
5.01
5.01
5.01
5.011
5.011
5.011
5.011
5.011
5.011
5.011
5.011
5.011
5.011
5.011
5.011
5.011
5.011
5.011
5.011
5.011
5.011
5.011
5.011
5.011
5.011
5.011
5.011
5.011
5.011
5.011
5.011
5.011
5.011
5.298
5.298
5.298
5.298
5.298
5.298
5.298
5.298
5.298
5.298
5.298
5.298
5.298
5.298
5.298
5.298
5.298
5.298
5.298
5.298
5.298
5.298
5.298
5.298
5.298
5.298
5.298
5.298
5.298
5.298
5.188
5.188
5.188
5.188
5.188
5.188
5.188
5.188
5.188
5.188
5.188
5.188
5.188
5.188
5.188
5.188
5.188
5.188
5.188
5.188
5.188
5.188
5.188
5.188
5.188
5.188
5.188
5.188
5.188
5.188
5.139
5.139
5.139
5.139
5.139
5.139
5.139
5.139
5.139
5.139
5.139
5.139
5.139
5.139
5.139
5.139
5.139
5.139
5.139
5.139
5.139
5.139
5.139
5.139
5.139
5.139
5.139
5.139
5.139
5.139
5.123
5.123
5.123
5.123
5.123
5.123
5.123
5.123
5.123
5.123
5.123
5.123
5.123
5.123
5.123
5.123
5.123
5.123
5.123
5.123
5.123
5.123
5.123
5.123
5.123
5.123
5.123
5.123
5.123
5.123
4.903
4.903
4.903
4.903
4.903
4.903
4.903
4.903
4.903
4.903
4.903
4.903
4.903
4.903
4.903
4.903
4.903
4.903
4.903
4.903
4.903
4.903
4.903
4.903
4.903
4.903
4.903
4.903
4.903
4.903
4.963
4.963
4.963
4.963
4.963
4.963
4.963
4.963
4.963
4.963
4.963
4.963
4.963
4.963
4.963
4.963
4.963
4.963
4.963
4.963
4.963
4.963
4.963
4.963
4.963
4.963
4.963
4.963
4.963
4.963
4.97
4.97
4.97
4.97
4.97
4.97
4.97
4.97
4.97
4.97
4.97
4.97
4.97
4.97
4.97
4.97
4.97
4.97
4.97
4.97
4.97
4.97
4.97
4.97
4.97
4.97
4.97
4.97
4.97
4.97
4.982
4.982
4.982
4.982
4.982
4.982
4.982
4.982
4.982
4.982
4.982
4.982
4.982
4.982
4.982
4.982
4.982
4.982
4.982
4.982
4.982
4.982
4.982
4.982
4.982
4.982
4.982
4.982
4.982
4.982
7.294
7.294
7.294
7.294
7.294
7.294
7.294
7.294
7.294
7.294
7.294
7.294
7.294
7.294
7.294
7.294
7.294
7.294
7.294
7.294
7.294
7.294
7.294
7.294
7.294
7.294
7.294
7.294
7.294
7.294
8.827
8.827
8.827
8.827
8.827
8.827
8.827
8.827
8.827
8.827
8.827
8.827
8.827
8.827
8.827
8.827
8.827
8.827
8.827
8.827
8.827
8.827
8.827
8.827
8.827
8.827
8.827
8.827
8.827
8.827
7.734
7.734
7.734
7.734
7.734
7.734
7.734
7.734
7.734
7.734
7.734
7.734
7.734
7.734
7.734
7.734
7.734
7.734
7.734
7.734
7.734
7.734
7.734
7.734
7.734
7.734
7.734
7.734
7.734
7.734
11.947
11.947
11.947
11.947
11.947
11.947
11.947
11.947
11.947
11.947
11.947
11.947
11.947
11.947
11.947
11.947
11.947
11.947
11.947
11.947
11.947
11.947
11.947
11.947
11.947
11.947
11.947
11.947
11.947
11.947
12.155
12.155
12.155
12.155
12.155
12.155
12.155
12.155
12.155
12.155
12.155
12.155
12.155
12.155
12.155
12.155
12.155
12.155
12.155
12.155
12.155
12.155
12.155
12.155
12.155
12.155
12.155
12.155
12.155
12.155
11.369
11.369
11.369
11.369
11.369
11.369
11.369
11.369
11.369
11.369
11.369
11.369
11.369
11.369
11.369
11.369
11.369
11.369
11.369
11.369
11.369
11.369
11.369
11.369
11.369
11.369
11.369
11.369
11.369
11.369
10.261
10.261
10.261
10.261
10.261
10.261
10.261
10.261
10.261
10.261
10.261
10.261
10.261
10.261
10.261
10.261
10.261
10.261
10.261
10.261
10.261
10.261
10.261
10.261
10.261
10.261
10.261
10.261
10.261
10.261
10.02
10.02
10.02
10.02
10.02
10.02
10.02
10.02
10.02
10.02
10.02
10.02
10.02
10.02
10.02
10.02
10.02
10.02
10.02
10.02
10.02
10.02
10.02
10.02
10.02
10.02
10.02
10.02
10.02
10.02
7.484
7.484
7.484
7.484
7.484
7.484
7.484
7.484
7.484
7.484
7.484
7.484
7.484
7.484
7.484
7.484
7.484
7.484
7.484
7.484
7.484
7.484
7.484
7.484
7.484
7.484
7.484
7.484
7.484
7.484
6.436
6.436
6.436
6.436
6.436
6.436
6.436
6.436
6.436
6.436
6.436
6.436
6.436
6.436
6.436
6.436
6.436
6.436
6.436
6.436
6.436
6.436
6.436
6.436
6.436
6.436
6.436
6.436
6.436
6.436
6.642
6.642
6.642
6.642
6.642
6.642
6.642
6.642
6.642
6.642
6.642
6.642
6.642
6.642
6.642
6.642
6.642
6.642
6.642
6.642
6.642
6.642
6.642
6.642
6.642
6.642
6.642
6.642
6.642
6.642
5.574
5.574
5.574
5.574
5.574
5.574
5.574
5.574
5.574
5.574
5.574
5.574
5.574
5.574
5.574
5.574
5.574
5.574
5.574
5.574
5.574
5.574
5.574
5.574
5.574
5.574
5.574
5.574
5.574
5.574
6.236
6.236
6.236
6.236
6.236
6.236
6.236
6.236
6.236
6.236
6.236
6.236
6.236
6.236
6.236
6.236
6.236
6.236
6.236
6.236
6.236
6.236
6.236
6.236
6.236
6.236
6.236
6.236
6.236
6.236
5.26
5.26
5.26
5.26
5.26
5.26
5.26
5.26
5.26
5.26
5.26
5.26
5.26
5.26
5.26
5.26
5.26
5.26
5.26
5.26
5.26
5.26
5.26
5.26
5.26
5.26
5.26
5.26
5.26
5.26
5.101
5.101
5.101
5.101
5.101
5.101
5.101
5.101
5.101
5.101
5.101
5.101
5.101
5.101
5.101
5.101
5.101
5.101
5.101
5.101
5.101
5.101
5.101
5.101
5.101
5.101
5.101
5.101
5.101
5.101
4.622
4.622
4.622
4.622
4.622
4.622
4.622
4.622
4.622
4.622
4.622
4.622
4.622
4.622
4.622
4.622
4.622
4.622
4.622
4.622
4.622
4.622
4.622
4.622
4.622
4.622
4.622
4.622
4.622
4.622
4.281
4.281
4.281
4.281
4.281
4.281
4.281
4.281
4.281
4.281
4.281
4.281
4.281
4.281
4.281
4.281
4.281
4.281
4.281
4.281
4.281
4.281
4.281
4.281
4.281
4.281
4.281
4.281
4.281
4.281
4.25
4.25
4.25
4.25
4.25
4.25
4.25
4.25
4.25
4.25
4.25
4.25
4.25
4.25
4.25
4.25
4.25
4.25
4.25
4.25
4.25
4.25
4.25
4.25
4.25
4.25
4.25
4.25
4.25
4.25
