3.887
3.887
3.887
3.887
3.887
3.887
3.887
3.887
3.887
3.887
3.887
3.887
3.887
3.887
3.887
3.887
3.887
3.887
3.887
3.887
3.887
3.887
3.887
3.887
3.887
3.887
3.887
3.887
3.887
3.887
3.727
3.727
3.727
3.727
3.727
3.727
3.727
3.727
3.727
3.727
3.727
3.727
3.727
3.727
3.727
3.727
3.727
3.727
3.727
3.727
3.727
3.727
3.727
3.727
3.727
3.727
3.727
3.727
3.727
3.727
3.71
3.71
3.71
3.71
3.71
3.71
3.71
3.71
3.71
3.71
3.71
3.71
3.71
3.71
3.71
3.71
3.71
3.71
3.71
3.71
3.71
3.71
3.71
3.71
3.71
3.71
3.71
3.71
3.71
3.71
3.637
3.637
3.637
3.637
3.637
3.637
3.637
3.637
3.637
3.637
3.637
3.637
3.637
3.637
3.637
3.637
3.637
3.637
3.637
3.637
3.637
3.637
3.637
3.637
3.637
3.637
3.637
3.637
3.637
3.637
3.603
3.603
3.603
3.603
3.603
3.603
3.603
3.603
3.603
3.603
3.603
3.603
3.603
3.603
3.603
3.603
3.603
3.603
3.603
3.603
3.603
3.603
3.603
3.603
3.603
3.603
3.603
3.603
3.603
3.603
3.62
3.62
3.62
3.62
3.62
3.62
3.62
3.62
3.62
3.62
3.62
3.62
3.62
3.62
3.62
3.62
3.62
3.62
3.62
3.62
3.62
3.62
3.62
3.62
3.62
3.62
3.62
3.62
3.62
3.62
3.127
3.127
3.127
3.127
3.127
3.127
3.127
3.127
3.127
3.127
3.127
3.127
3.127
3.127
3.127
3.127
3.127
3.127
3.127
3.127
3.127
3.127
3.127
3.127
3.127
3.127
3.127
3.127
3.127
3.127
3.12
3.12
3.12
3.12
3.12
3.12
3.12
3.12
3.12
3.12
3.12
3.12
3.12
3.12
3.12
3.12
3.12
3.12
3.12
3.12
3.12
3.12
3.12
3.12
3.12
3.12
3.12
3.12
3.12
3.12
3.113
3.113
3.113
3.113
3.113
3.113
3.113
3.113
3.113
3.113
3.113
3.113
3.113
3.113
3.113
3.113
3.113
3.113
3.113
3.113
3.113
3.113
3.113
3.113
3.113
3.113
3.113
3.113
3.113
3.113
3.097
3.097
3.097
3.097
3.097
3.097
3.097
3.097
3.097
3.097
3.097
3.097
3.097
3.097
3.097
3.097
3.097
3.097
3.097
3.097
3.097
3.097
3.097
3.097
3.097
3.097
3.097
3.097
3.097
3.097
3.127
3.127
3.127
3.127
3.127
3.127
3.127
3.127
3.127
3.127
3.127
3.127
3.127
3.127
3.127
3.127
3.127
3.127
3.127
3.127
3.127
3.127
3.127
3.127
3.127
3.127
3.127
3.127
3.127
3.127
3.13
3.13
3.13
3.13
3.13
3.13
3.13
3.13
3.13
3.13
3.13
3.13
3.13
3.13
3.13
3.13
3.13
3.13
3.13
3.13
3.13
3.13
3.13
3.13
3.13
3.13
3.13
3.13
3.13
3.13
3.227
3.227
3.227
3.227
3.227
3.227
3.227
3.227
3.227
3.227
3.227
3.227
3.227
3.227
3.227
3.227
3.227
3.227
3.227
3.227
3.227
3.227
3.227
3.227
3.227
3.227
3.227
3.227
3.227
3.227
3.13
3.13
3.13
3.13
3.13
3.13
3.13
3.13
3.13
3.13
3.13
3.13
3.13
3.13
3.13
3.13
3.13
3.13
3.13
3.13
3.13
3.13
3.13
3.13
3.13
3.13
3.13
3.13
3.13
3.13
3.574
3.574
3.574
3.574
3.574
3.574
3.574
3.574
3.574
3.574
3.574
3.574
3.574
3.574
3.574
3.574
3.574
3.574
3.574
3.574
3.574
3.574
3.574
3.574
3.574
3.574
3.574
3.574
3.574
3.574
3.427
3.427
3.427
3.427
3.427
3.427
3.427
3.427
3.427
3.427
3.427
3.427
3.427
3.427
3.427
3.427
3.427
3.427
3.427
3.427
3.427
3.427
3.427
3.427
3.427
3.427
3.427
3.427
3.427
3.427
2.987
2.987
2.987
2.987
2.987
2.987
2.987
2.987
2.987
2.987
2.987
2.987
2.987
2.987
2.987
2.987
2.987
2.987
2.987
2.987
2.987
2.987
2.987
2.987
2.987
2.987
2.987
2.987
2.987
2.987
3.392
3.392
3.392
3.392
3.392
3.392
3.392
3.392
3.392
3.392
3.392
3.392
3.392
3.392
3.392
3.392
3.392
3.392
3.392
3.392
3.392
3.392
3.392
3.392
3.392
3.392
3.392
3.392
3.392
3.392
3.786
3.786
3.786
3.786
3.786
3.786
3.786
3.786
3.786
3.786
3.786
3.786
3.786
3.786
3.786
3.786
3.786
3.786
3.786
3.786
3.786
3.786
3.786
3.786
3.786
3.786
3.786
3.786
3.786
3.786
3.82
3.82
3.82
3.82
3.82
3.82
3.82
3.82
3.82
3.82
3.82
3.82
3.82
3.82
3.82
3.82
3.82
3.82
3.82
3.82
3.82
3.82
3.82
3.82
3.82
3.82
3.82
3.82
3.82
3.82
3.821
3.821
3.821
3.821
3.821
3.821
3.821
3.821
3.821
3.821
3.821
3.821
3.821
3.821
3.821
3.821
3.821
3.821
3.821
3.821
3.821
3.821
3.821
3.821
3.821
3.821
3.821
3.821
3.821
3.821
3.813
3.813
3.813
3.813
3.813
3.813
3.813
3.813
3.813
3.813
3.813
3.813
3.813
3.813
3.813
3.813
3.813
3.813
3.813
3.813
3.813
3.813
3.813
3.813
3.813
3.813
3.813
3.813
3.813
3.813
3.744
3.744
3.744
3.744
3.744
3.744
3.744
3.744
3.744
3.744
3.744
3.744
3.744
3.744
3.744
3.744
3.744
3.744
3.744
3.744
3.744
3.744
3.744
3.744
3.744
3.744
3.744
3.744
3.744
3.744
3.76
3.76
3.76
3.76
3.76
3.76
3.76
3.76
3.76
3.76
3.76
3.76
3.76
3.76
3.76
3.76
3.76
3.76
3.76
3.76
3.76
3.76
3.76
3.76
3.76
3.76
3.76
3.76
3.76
3.76
3.764
3.764
3.764
3.764
3.764
3.764
3.764
3.764
3.764
3.764
3.764
3.764
3.764
3.764
3.764
3.764
3.764
3.764
3.764
3.764
3.764
3.764
3.764
3.764
3.764
3.764
3.764
3.764
3.764
3.764
3.568
3.568
3.568
3.568
3.568
3.568
3.568
3.568
3.568
3.568
3.568
3.568
3.568
3.568
3.568
3.568
3.568
3.568
3.568
3.568
3.568
3.568
3.568
3.568
3.568
3.568
3.568
3.568
3.568
3.568
3.634
3.634
3.634
3.634
3.634
3.634
3.634
3.634
3.634
3.634
3.634
3.634
3.634
3.634
3.634
3.634
3.634
3.634
3.634
3.634
3.634
3.634
3.634
3.634
3.634
3.634
3.634
3.634
3.634
3.634
3.666
3.666
3.666
3.666
3.666
3.666
3.666
3.666
3.666
3.666
3.666
3.666
3.666
3.666
3.666
3.666
3.666
3.666
3.666
3.666
3.666
3.666
3.666
3.666
3.666
3.666
3.666
3.666
3.666
3.666
3.653
3.653
3.653
3.653
3.653
3.653
3.653
3.653
3.653
3.653
3.653
3.653
3.653
3.653
3.653
3.653
3.653
3.653
3.653
3.653
3.653
3.653
3.653
3.653
3.653
3.653
3.653
3.653
3.653
3.653
3.65
3.65
3.65
3.65
3.65
3.65
3.65
3.65
3.65
3.65
3.65
3.65
3.65
3.65
3.65
3.65
3.65
3.65
3.65
3.65
3.65
3.65
3.65
3.65
3.65
3.65
3.65
3.65
3.65
3.65
3.965
3.965
3.965
3.965
3.965
3.965
3.965
3.965
3.965
3.965
3.965
3.965
3.965
3.965
3.965
3.965
3.965
3.965
3.965
3.965
3.965
3.965
3.965
3.965
3.965
3.965
3.965
3.965
3.965
3.965
4.08
4.08
4.08
4.08
4.08
4.08
4.08
4.08
4.08
4.08
4.08
4.08
4.08
4.08
4.08
4.08
4.08
4.08
4.08
4.08
4.08
4.08
4.08
4.08
4.08
4.08
4.08
4.08
4.08
4.08
4.353
4.353
4.353
4.353
4.353
4.353
4.353
4.353
4.353
4.353
4.353
4.353
4.353
4.353
4.353
4.353
4.353
4.353
4.353
4.353
4.353
4.353
4.353
4.353
4.353
4.353
4.353
4.353
4.353
4.353
4.689
4.689
4.689
4.689
4.689
4.689
4.689
4.689
4.689
4.689
4.689
4.689
4.689
4.689
4.689
4.689
4.689
4.689
4.689
4.689
4.689
4.689
4.689
4.689
4.689
4.689
4.689
4.689
4.689
4.689
5.464
5.464
5.464
5.464
5.464
5.464
5.464
5.464
5.464
5.464
5.464
5.464
5.464
5.464
5.464
5.464
5.464
5.464
5.464
5.464
5.464
5.464
5.464
5.464
5.464
5.464
5.464
5.464
5.464
5.464
5.363
5.363
5.363
5.363
5.363
5.363
5.363
5.363
5.363
5.363
5.363
5.363
5.363
5.363
5.363
5.363
5.363
5.363
5.363
5.363
5.363
5.363
5.363
5.363
5.363
5.363
5.363
5.363
5.363
5.363
4.937
4.937
4.937
4.937
4.937
4.937
4.937
4.937
4.937
4.937
4.937
4.937
4.937
4.937
4.937
4.937
4.937
4.937
4.937
4.937
4.937
4.937
4.937
4.937
4.937
4.937
4.937
4.937
4.937
4.937
4.886
4.886
4.886
4.886
4.886
4.886
4.886
4.886
4.886
4.886
4.886
4.886
4.886
4.886
4.886
4.886
4.886
4.886
4.886
4.886
4.886
4.886
4.886
4.886
4.886
4.886
4.886
4.886
4.886
4.886
4.17
4.17
4.17
4.17
4.17
4.17
4.17
4.17
4.17
4.17
4.17
4.17
4.17
4.17
4.17
4.17
4.17
4.17
4.17
4.17
4.17
4.17
4.17
4.17
4.17
4.17
4.17
4.17
4.17
4.17
4.244
4.244
4.244
4.244
4.244
4.244
4.244
4.244
4.244
4.244
4.244
4.244
4.244
4.244
4.244
4.244
4.244
4.244
4.244
4.244
4.244
4.244
4.244
4.244
4.244
4.244
4.244
4.244
4.244
4.244
4.092
4.092
4.092
4.092
4.092
4.092
4.092
4.092
4.092
4.092
4.092
4.092
4.092
4.092
4.092
4.092
4.092
4.092
4.092
4.092
4.092
4.092
4.092
4.092
4.092
4.092
4.092
4.092
4.092
4.092
3.795
3.795
3.795
3.795
3.795
3.795
3.795
3.795
3.795
3.795
3.795
3.795
3.795
3.795
3.795
3.795
3.795
3.795
3.795
3.795
3.795
3.795
3.795
3.795
3.795
3.795
3.795
3.795
3.795
3.795
3.808
3.808
3.808
3.808
3.808
3.808
3.808
3.808
3.808
3.808
3.808
3.808
3.808
3.808
3.808
3.808
3.808
3.808
3.808
3.808
3.808
3.808
3.808
3.808
3.808
3.808
3.808
3.808
3.808
3.808
3.792
3.792
3.792
3.792
3.792
3.792
3.792
3.792
3.792
3.792
3.792
3.792
3.792
3.792
3.792
3.792
3.792
3.792
3.792
3.792
3.792
3.792
3.792
3.792
3.792
3.792
3.792
3.792
3.792
3.792
3.7
3.7
3.7
3.7
3.7
3.7
3.7
3.7
3.7
3.7
3.7
3.7
3.7
3.7
3.7
3.7
3.7
3.7
3.7
3.7
3.7
3.7
3.7
3.7
3.7
3.7
3.7
3.7
3.7
3.7
3.62
3.62
3.62
3.62
3.62
3.62
3.62
3.62
3.62
3.62
3.62
3.62
3.62
3.62
3.62
3.62
3.62
3.62
3.62
3.62
3.62
3.62
3.62
3.62
3.62
3.62
3.62
3.62
3.62
3.62
4.473
4.473
4.473
4.473
4.473
4.473
4.473
4.473
4.473
4.473
4.473
4.473
4.473
4.473
4.473
4.473
4.473
4.473
4.473
4.473
4.473
4.473
4.473
4.473
4.473
4.473
4.473
4.473
4.473
4.473
3.861
3.861
3.861
3.861
3.861
3.861
3.861
3.861
3.861
3.861
3.861
3.861
3.861
3.861
3.861
3.861
3.861
3.861
3.861
3.861
3.861
3.861
3.861
3.861
3.861
3.861
3.861
3.861
3.861
3.861
