3.625
3.625
3.625
3.625
3.625
3.625
3.625
3.625
3.625
3.625
3.625
3.625
3.625
3.625
3.625
3.625
3.625
3.625
3.625
3.625
3.625
3.625
3.625
3.625
3.625
3.625
3.625
3.625
3.625
3.625
3.674
3.674
3.674
3.674
3.674
3.674
3.674
3.674
3.674
3.674
3.674
3.674
3.674
3.674
3.674
3.674
3.674
3.674
3.674
3.674
3.674
3.674
3.674
3.674
3.674
3.674
3.674
3.674
3.674
3.674
3.59
3.59
3.59
3.59
3.59
3.59
3.59
3.59
3.59
3.59
3.59
3.59
3.59
3.59
3.59
3.59
3.59
3.59
3.59
3.59
3.59
3.59
3.59
3.59
3.59
3.59
3.59
3.59
3.59
3.59
3.532
3.532
3.532
3.532
3.532
3.532
3.532
3.532
3.532
3.532
3.532
3.532
3.532
3.532
3.532
3.532
3.532
3.532
3.532
3.532
3.532
3.532
3.532
3.532
3.532
3.532
3.532
3.532
3.532
3.532
3.463
3.463
3.463
3.463
3.463
3.463
3.463
3.463
3.463
3.463
3.463
3.463
3.463
3.463
3.463
3.463
3.463
3.463
3.463
3.463
3.463
3.463
3.463
3.463
3.463
3.463
3.463
3.463
3.463
3.463
3.411
3.411
3.411
3.411
3.411
3.411
3.411
3.411
3.411
3.411
3.411
3.411
3.411
3.411
3.411
3.411
3.411
3.411
3.411
3.411
3.411
3.411
3.411
3.411
3.411
3.411
3.411
3.411
3.411
3.411
3.282
3.282
3.282
3.282
3.282
3.282
3.282
3.282
3.282
3.282
3.282
3.282
3.282
3.282
3.282
3.282
3.282
3.282
3.282
3.282
3.282
3.282
3.282
3.282
3.282
3.282
3.282
3.282
3.282
3.282
3.274
3.274
3.274
3.274
3.274
3.274
3.274
3.274
3.274
3.274
3.274
3.274
3.274
3.274
3.274
3.274
3.274
3.274
3.274
3.274
3.274
3.274
3.274
3.274
3.274
3.274
3.274
3.274
3.274
3.274
3.269
3.269
3.269
3.269
3.269
3.269
3.269
3.269
3.269
3.269
3.269
3.269
3.269
3.269
3.269
3.269
3.269
3.269
3.269
3.269
3.269
3.269
3.269
3.269
3.269
3.269
3.269
3.269
3.269
3.269
3.312
3.312
3.312
3.312
3.312
3.312
3.312
3.312
3.312
3.312
3.312
3.312
3.312
3.312
3.312
3.312
3.312
3.312
3.312
3.312
3.312
3.312
3.312
3.312
3.312
3.312
3.312
3.312
3.312
3.312
3.58
3.58
3.58
3.58
3.58
3.58
3.58
3.58
3.58
3.58
3.58
3.58
3.58
3.58
3.58
3.58
3.58
3.58
3.58
3.58
3.58
3.58
3.58
3.58
3.58
3.58
3.58
3.58
3.58
3.58
3.408
3.408
3.408
3.408
3.408
3.408
3.408
3.408
3.408
3.408
3.408
3.408
3.408
3.408
3.408
3.408
3.408
3.408
3.408
3.408
3.408
3.408
3.408
3.408
3.408
3.408
3.408
3.408
3.408
3.408
3.765
3.765
3.765
3.765
3.765
3.765
3.765
3.765
3.765
3.765
3.765
3.765
3.765
3.765
3.765
3.765
3.765
3.765
3.765
3.765
3.765
3.765
3.765
3.765
3.765
3.765
3.765
3.765
3.765
3.765
3.636
3.636
3.636
3.636
3.636
3.636
3.636
3.636
3.636
3.636
3.636
3.636
3.636
3.636
3.636
3.636
3.636
3.636
3.636
3.636
3.636
3.636
3.636
3.636
3.636
3.636
3.636
3.636
3.636
3.636
3.83
3.83
3.83
3.83
3.83
3.83
3.83
3.83
3.83
3.83
3.83
3.83
3.83
3.83
3.83
3.83
3.83
3.83
3.83
3.83
3.83
3.83
3.83
3.83
3.83
3.83
3.83
3.83
3.83
3.83
4.194
4.194
4.194
4.194
4.194
4.194
4.194
4.194
4.194
4.194
4.194
4.194
4.194
4.194
4.194
4.194
4.194
4.194
4.194
4.194
4.194
4.194
4.194
4.194
4.194
4.194
4.194
4.194
4.194
4.194
3.965
3.965
3.965
3.965
3.965
3.965
3.965
3.965
3.965
3.965
3.965
3.965
3.965
3.965
3.965
3.965
3.965
3.965
3.965
3.965
3.965
3.965
3.965
3.965
3.965
3.965
3.965
3.965
3.965
3.965
3.586
3.586
3.586
3.586
3.586
3.586
3.586
3.586
3.586
3.586
3.586
3.586
3.586
3.586
3.586
3.586
3.586
3.586
3.586
3.586
3.586
3.586
3.586
3.586
3.586
3.586
3.586
3.586
3.586
3.586
3.816
3.816
3.816
3.816
3.816
3.816
3.816
3.816
3.816
3.816
3.816
3.816
3.816
3.816
3.816
3.816
3.816
3.816
3.816
3.816
3.816
3.816
3.816
3.816
3.816
3.816
3.816
3.816
3.816
3.816
3.814
3.814
3.814
3.814
3.814
3.814
3.814
3.814
3.814
3.814
3.814
3.814
3.814
3.814
3.814
3.814
3.814
3.814
3.814
3.814
3.814
3.814
3.814
3.814
3.814
3.814
3.814
3.814
3.814
3.814
3.801
3.801
3.801
3.801
3.801
3.801
3.801
3.801
3.801
3.801
3.801
3.801
3.801
3.801
3.801
3.801
3.801
3.801
3.801
3.801
3.801
3.801
3.801
3.801
3.801
3.801
3.801
3.801
3.801
3.801
3.802
3.802
3.802
3.802
3.802
3.802
3.802
3.802
3.802
3.802
3.802
3.802
3.802
3.802
3.802
3.802
3.802
3.802
3.802
3.802
3.802
3.802
3.802
3.802
3.802
3.802
3.802
3.802
3.802
3.802
3.619
3.619
3.619
3.619
3.619
3.619
3.619
3.619
3.619
3.619
3.619
3.619
3.619
3.619
3.619
3.619
3.619
3.619
3.619
3.619
3.619
3.619
3.619
3.619
3.619
3.619
3.619
3.619
3.619
3.619
3.597
3.597
3.597
3.597
3.597
3.597
3.597
3.597
3.597
3.597
3.597
3.597
3.597
3.597
3.597
3.597
3.597
3.597
3.597
3.597
3.597
3.597
3.597
3.597
3.597
3.597
3.597
3.597
3.597
3.597
3.619
3.619
3.619
3.619
3.619
3.619
3.619
3.619
3.619
3.619
3.619
3.619
3.619
3.619
3.619
3.619
3.619
3.619
3.619
3.619
3.619
3.619
3.619
3.619
3.619
3.619
3.619
3.619
3.619
3.619
3.605
3.605
3.605
3.605
3.605
3.605
3.605
3.605
3.605
3.605
3.605
3.605
3.605
3.605
3.605
3.605
3.605
3.605
3.605
3.605
3.605
3.605
3.605
3.605
3.605
3.605
3.605
3.605
3.605
3.605
3.588
3.588
3.588
3.588
3.588
3.588
3.588
3.588
3.588
3.588
3.588
3.588
3.588
3.588
3.588
3.588
3.588
3.588
3.588
3.588
3.588
3.588
3.588
3.588
3.588
3.588
3.588
3.588
3.588
3.588
3.599
3.599
3.599
3.599
3.599
3.599
3.599
3.599
3.599
3.599
3.599
3.599
3.599
3.599
3.599
3.599
3.599
3.599
3.599
3.599
3.599
3.599
3.599
3.599
3.599
3.599
3.599
3.599
3.599
3.599
3.598
3.598
3.598
3.598
3.598
3.598
3.598
3.598
3.598
3.598
3.598
3.598
3.598
3.598
3.598
3.598
3.598
3.598
3.598
3.598
3.598
3.598
3.598
3.598
3.598
3.598
3.598
3.598
3.598
3.598
3.556
3.556
3.556
3.556
3.556
3.556
3.556
3.556
3.556
3.556
3.556
3.556
3.556
3.556
3.556
3.556
3.556
3.556
3.556
3.556
3.556
3.556
3.556
3.556
3.556
3.556
3.556
3.556
3.556
3.556
4.021
4.021
4.021
4.021
4.021
4.021
4.021
4.021
4.021
4.021
4.021
4.021
4.021
4.021
4.021
4.021
4.021
4.021
4.021
4.021
4.021
4.021
4.021
4.021
4.021
4.021
4.021
4.021
4.021
4.021
4.152
4.152
4.152
4.152
4.152
4.152
4.152
4.152
4.152
4.152
4.152
4.152
4.152
4.152
4.152
4.152
4.152
4.152
4.152
4.152
4.152
4.152
4.152
4.152
4.152
4.152
4.152
4.152
4.152
4.152
4.182
4.182
4.182
4.182
4.182
4.182
4.182
4.182
4.182
4.182
4.182
4.182
4.182
4.182
4.182
4.182
4.182
4.182
4.182
4.182
4.182
4.182
4.182
4.182
4.182
4.182
4.182
4.182
4.182
4.182
4.22
4.22
4.22
4.22
4.22
4.22
4.22
4.22
4.22
4.22
4.22
4.22
4.22
4.22
4.22
4.22
4.22
4.22
4.22
4.22
4.22
4.22
4.22
4.22
4.22
4.22
4.22
4.22
4.22
4.22
4.875
4.875
4.875
4.875
4.875
4.875
4.875
4.875
4.875
4.875
4.875
4.875
4.875
4.875
4.875
4.875
4.875
4.875
4.875
4.875
4.875
4.875
4.875
4.875
4.875
4.875
4.875
4.875
4.875
4.875
5.336
5.336
5.336
5.336
5.336
5.336
5.336
5.336
5.336
5.336
5.336
5.336
5.336
5.336
5.336
5.336
5.336
5.336
5.336
5.336
5.336
5.336
5.336
5.336
5.336
5.336
5.336
5.336
5.336
5.336
5.699
5.699
5.699
5.699
5.699
5.699
5.699
5.699
5.699
5.699
5.699
5.699
5.699
5.699
5.699
5.699
5.699
5.699
5.699
5.699
5.699
5.699
5.699
5.699
5.699
5.699
5.699
5.699
5.699
5.699
6.205
6.205
6.205
6.205
6.205
6.205
6.205
6.205
6.205
6.205
6.205
6.205
6.205
6.205
6.205
6.205
6.205
6.205
6.205
6.205
6.205
6.205
6.205
6.205
6.205
6.205
6.205
6.205
6.205
6.205
7.067
7.067
7.067
7.067
7.067
7.067
7.067
7.067
7.067
7.067
7.067
7.067
7.067
7.067
7.067
7.067
7.067
7.067
7.067
7.067
7.067
7.067
7.067
7.067
7.067
7.067
7.067
7.067
7.067
7.067
7.749
7.749
7.749
7.749
7.749
7.749
7.749
7.749
7.749
7.749
7.749
7.749
7.749
7.749
7.749
7.749
7.749
7.749
7.749
7.749
7.749
7.749
7.749
7.749
7.749
7.749
7.749
7.749
7.749
7.749
6.343
6.343
6.343
6.343
6.343
6.343
6.343
6.343
6.343
6.343
6.343
6.343
6.343
6.343
6.343
6.343
6.343
6.343
6.343
6.343
6.343
6.343
6.343
6.343
6.343
6.343
6.343
6.343
6.343
6.343
5.411
5.411
5.411
5.411
5.411
5.411
5.411
5.411
5.411
5.411
5.411
5.411
5.411
5.411
5.411
5.411
5.411
5.411
5.411
5.411
5.411
5.411
5.411
5.411
5.411
5.411
5.411
5.411
5.411
5.411
4.807
4.807
4.807
4.807
4.807
4.807
4.807
4.807
4.807
4.807
4.807
4.807
4.807
4.807
4.807
4.807
4.807
4.807
4.807
4.807
4.807
4.807
4.807
4.807
4.807
4.807
4.807
4.807
4.807
4.807
4.568
4.568
4.568
4.568
4.568
4.568
4.568
4.568
4.568
4.568
4.568
4.568
4.568
4.568
4.568
4.568
4.568
4.568
4.568
4.568
4.568
4.568
4.568
4.568
4.568
4.568
4.568
4.568
4.568
4.568
4.274
4.274
4.274
4.274
4.274
4.274
4.274
4.274
4.274
4.274
4.274
4.274
4.274
4.274
4.274
4.274
4.274
4.274
4.274
4.274
4.274
4.274
4.274
4.274
4.274
4.274
4.274
4.274
4.274
4.274
4.226
4.226
4.226
4.226
4.226
4.226
4.226
4.226
4.226
4.226
4.226
4.226
4.226
4.226
4.226
4.226
4.226
4.226
4.226
4.226
4.226
4.226
4.226
4.226
4.226
4.226
4.226
4.226
4.226
4.226
3.943
3.943
3.943
3.943
3.943
3.943
3.943
3.943
3.943
3.943
3.943
3.943
3.943
3.943
3.943
3.943
3.943
3.943
3.943
3.943
3.943
3.943
3.943
3.943
3.943
3.943
3.943
3.943
3.943
3.943
3.759
3.759
3.759
3.759
3.759
3.759
3.759
3.759
3.759
3.759
3.759
3.759
3.759
3.759
3.759
3.759
3.759
3.759
3.759
3.759
3.759
3.759
3.759
3.759
3.759
3.759
3.759
3.759
3.759
3.759
