3.791
3.791
3.791
3.791
3.791
3.791
3.791
3.791
3.791
3.791
3.791
3.791
3.791
3.791
3.791
3.791
3.791
3.791
3.791
3.791
3.791
3.791
3.791
3.791
3.791
3.791
3.791
3.791
3.791
3.791
3.598
3.598
3.598
3.598
3.598
3.598
3.598
3.598
3.598
3.598
3.598
3.598
3.598
3.598
3.598
3.598
3.598
3.598
3.598
3.598
3.598
3.598
3.598
3.598
3.598
3.598
3.598
3.598
3.598
3.598
3.322
3.322
3.322
3.322
3.322
3.322
3.322
3.322
3.322
3.322
3.322
3.322
3.322
3.322
3.322
3.322
3.322
3.322
3.322
3.322
3.322
3.322
3.322
3.322
3.322
3.322
3.322
3.322
3.322
3.322
3.202
3.202
3.202
3.202
3.202
3.202
3.202
3.202
3.202
3.202
3.202
3.202
3.202
3.202
3.202
3.202
3.202
3.202
3.202
3.202
3.202
3.202
3.202
3.202
3.202
3.202
3.202
3.202
3.202
3.202
3.208
3.208
3.208
3.208
3.208
3.208
3.208
3.208
3.208
3.208
3.208
3.208
3.208
3.208
3.208
3.208
3.208
3.208
3.208
3.208
3.208
3.208
3.208
3.208
3.208
3.208
3.208
3.208
3.208
3.208
3.04
3.04
3.04
3.04
3.04
3.04
3.04
3.04
3.04
3.04
3.04
3.04
3.04
3.04
3.04
3.04
3.04
3.04
3.04
3.04
3.04
3.04
3.04
3.04
3.04
3.04
3.04
3.04
3.04
3.04
2.529
2.529
2.529
2.529
2.529
2.529
2.529
2.529
2.529
2.529
2.529
2.529
2.529
2.529
2.529
2.529
2.529
2.529
2.529
2.529
2.529
2.529
2.529
2.529
2.529
2.529
2.529
2.529
2.529
2.529
2.554
2.554
2.554
2.554
2.554
2.554
2.554
2.554
2.554
2.554
2.554
2.554
2.554
2.554
2.554
2.554
2.554
2.554
2.554
2.554
2.554
2.554
2.554
2.554
2.554
2.554
2.554
2.554
2.554
2.554
2.474
2.474
2.474
2.474
2.474
2.474
2.474
2.474
2.474
2.474
2.474
2.474
2.474
2.474
2.474
2.474
2.474
2.474
2.474
2.474
2.474
2.474
2.474
2.474
2.474
2.474
2.474
2.474
2.474
2.474
2.453
2.453
2.453
2.453
2.453
2.453
2.453
2.453
2.453
2.453
2.453
2.453
2.453
2.453
2.453
2.453
2.453
2.453
2.453
2.453
2.453
2.453
2.453
2.453
2.453
2.453
2.453
2.453
2.453
2.453
2.777
2.777
2.777
2.777
2.777
2.777
2.777
2.777
2.777
2.777
2.777
2.777
2.777
2.777
2.777
2.777
2.777
2.777
2.777
2.777
2.777
2.777
2.777
2.777
2.777
2.777
2.777
2.777
2.777
2.777
3.005
3.005
3.005
3.005
3.005
3.005
3.005
3.005
3.005
3.005
3.005
3.005
3.005
3.005
3.005
3.005
3.005
3.005
3.005
3.005
3.005
3.005
3.005
3.005
3.005
3.005
3.005
3.005
3.005
3.005
3.213
3.213
3.213
3.213
3.213
3.213
3.213
3.213
3.213
3.213
3.213
3.213
3.213
3.213
3.213
3.213
3.213
3.213
3.213
3.213
3.213
3.213
3.213
3.213
3.213
3.213
3.213
3.213
3.213
3.213
3.28
3.28
3.28
3.28
3.28
3.28
3.28
3.28
3.28
3.28
3.28
3.28
3.28
3.28
3.28
3.28
3.28
3.28
3.28
3.28
3.28
3.28
3.28
3.28
3.28
3.28
3.28
3.28
3.28
3.28
3.878
3.878
3.878
3.878
3.878
3.878
3.878
3.878
3.878
3.878
3.878
3.878
3.878
3.878
3.878
3.878
3.878
3.878
3.878
3.878
3.878
3.878
3.878
3.878
3.878
3.878
3.878
3.878
3.878
3.878
4.002
4.002
4.002
4.002
4.002
4.002
4.002
4.002
4.002
4.002
4.002
4.002
4.002
4.002
4.002
4.002
4.002
4.002
4.002
4.002
4.002
4.002
4.002
4.002
4.002
4.002
4.002
4.002
4.002
4.002
4.028
4.028
4.028
4.028
4.028
4.028
4.028
4.028
4.028
4.028
4.028
4.028
4.028
4.028
4.028
4.028
4.028
4.028
4.028
4.028
4.028
4.028
4.028
4.028
4.028
4.028
4.028
4.028
4.028
4.028
4.426
4.426
4.426
4.426
4.426
4.426
4.426
4.426
4.426
4.426
4.426
4.426
4.426
4.426
4.426
4.426
4.426
4.426
4.426
4.426
4.426
4.426
4.426
4.426
4.426
4.426
4.426
4.426
4.426
4.426
4.079
4.079
4.079
4.079
4.079
4.079
4.079
4.079
4.079
4.079
4.079
4.079
4.079
4.079
4.079
4.079
4.079
4.079
4.079
4.079
4.079
4.079
4.079
4.079
4.079
4.079
4.079
4.079
4.079
4.079
4.143
4.143
4.143
4.143
4.143
4.143
4.143
4.143
4.143
4.143
4.143
4.143
4.143
4.143
4.143
4.143
4.143
4.143
4.143
4.143
4.143
4.143
4.143
4.143
4.143
4.143
4.143
4.143
4.143
4.143
3.95
3.95
3.95
3.95
3.95
3.95
3.95
3.95
3.95
3.95
3.95
3.95
3.95
3.95
3.95
3.95
3.95
3.95
3.95
3.95
3.95
3.95
3.95
3.95
3.95
3.95
3.95
3.95
3.95
3.95
3.846
3.846
3.846
3.846
3.846
3.846
3.846
3.846
3.846
3.846
3.846
3.846
3.846
3.846
3.846
3.846
3.846
3.846
3.846
3.846
3.846
3.846
3.846
3.846
3.846
3.846
3.846
3.846
3.846
3.846
3.821
3.821
3.821
3.821
3.821
3.821
3.821
3.821
3.821
3.821
3.821
3.821
3.821
3.821
3.821
3.821
3.821
3.821
3.821
3.821
3.821
3.821
3.821
3.821
3.821
3.821
3.821
3.821
3.821
3.821
3.843
3.843
3.843
3.843
3.843
3.843
3.843
3.843
3.843
3.843
3.843
3.843
3.843
3.843
3.843
3.843
3.843
3.843
3.843
3.843
3.843
3.843
3.843
3.843
3.843
3.843
3.843
3.843
3.843
3.843
3.845
3.845
3.845
3.845
3.845
3.845
3.845
3.845
3.845
3.845
3.845
3.845
3.845
3.845
3.845
3.845
3.845
3.845
3.845
3.845
3.845
3.845
3.845
3.845
3.845
3.845
3.845
3.845
3.845
3.845
3.82
3.82
3.82
3.82
3.82
3.82
3.82
3.82
3.82
3.82
3.82
3.82
3.82
3.82
3.82
3.82
3.82
3.82
3.82
3.82
3.82
3.82
3.82
3.82
3.82
3.82
3.82
3.82
3.82
3.82
3.882
3.882
3.882
3.882
3.882
3.882
3.882
3.882
3.882
3.882
3.882
3.882
3.882
3.882
3.882
3.882
3.882
3.882
3.882
3.882
3.882
3.882
3.882
3.882
3.882
3.882
3.882
3.882
3.882
3.882
3.711
3.711
3.711
3.711
3.711
3.711
3.711
3.711
3.711
3.711
3.711
3.711
3.711
3.711
3.711
3.711
3.711
3.711
3.711
3.711
3.711
3.711
3.711
3.711
3.711
3.711
3.711
3.711
3.711
3.711
3.628
3.628
3.628
3.628
3.628
3.628
3.628
3.628
3.628
3.628
3.628
3.628
3.628
3.628
3.628
3.628
3.628
3.628
3.628
3.628
3.628
3.628
3.628
3.628
3.628
3.628
3.628
3.628
3.628
3.628
3.496
3.496
3.496
3.496
3.496
3.496
3.496
3.496
3.496
3.496
3.496
3.496
3.496
3.496
3.496
3.496
3.496
3.496
3.496
3.496
3.496
3.496
3.496
3.496
3.496
3.496
3.496
3.496
3.496
3.496
4.06
4.06
4.06
4.06
4.06
4.06
4.06
4.06
4.06
4.06
4.06
4.06
4.06
4.06
4.06
4.06
4.06
4.06
4.06
4.06
4.06
4.06
4.06
4.06
4.06
4.06
4.06
4.06
4.06
4.06
3.976
3.976
3.976
3.976
3.976
3.976
3.976
3.976
3.976
3.976
3.976
3.976
3.976
3.976
3.976
3.976
3.976
3.976
3.976
3.976
3.976
3.976
3.976
3.976
3.976
3.976
3.976
3.976
3.976
3.976
4.246
4.246
4.246
4.246
4.246
4.246
4.246
4.246
4.246
4.246
4.246
4.246
4.246
4.246
4.246
4.246
4.246
4.246
4.246
4.246
4.246
4.246
4.246
4.246
4.246
4.246
4.246
4.246
4.246
4.246
4.885
4.885
4.885
4.885
4.885
4.885
4.885
4.885
4.885
4.885
4.885
4.885
4.885
4.885
4.885
4.885
4.885
4.885
4.885
4.885
4.885
4.885
4.885
4.885
4.885
4.885
4.885
4.885
4.885
4.885
5.484
5.484
5.484
5.484
5.484
5.484
5.484
5.484
5.484
5.484
5.484
5.484
5.484
5.484
5.484
5.484
5.484
5.484
5.484
5.484
5.484
5.484
5.484
5.484
5.484
5.484
5.484
5.484
5.484
5.484
5.358
5.358
5.358
5.358
5.358
5.358
5.358
5.358
5.358
5.358
5.358
5.358
5.358
5.358
5.358
5.358
5.358
5.358
5.358
5.358
5.358
5.358
5.358
5.358
5.358
5.358
5.358
5.358
5.358
5.358
4.664
4.664
4.664
4.664
4.664
4.664
4.664
4.664
4.664
4.664
4.664
4.664
4.664
4.664
4.664
4.664
4.664
4.664
4.664
4.664
4.664
4.664
4.664
4.664
4.664
4.664
4.664
4.664
4.664
4.664
4.23
4.23
4.23
4.23
4.23
4.23
4.23
4.23
4.23
4.23
4.23
4.23
4.23
4.23
4.23
4.23
4.23
4.23
4.23
4.23
4.23
4.23
4.23
4.23
4.23
4.23
4.23
4.23
4.23
4.23
4.087
4.087
4.087
4.087
4.087
4.087
4.087
4.087
4.087
4.087
4.087
4.087
4.087
4.087
4.087
4.087
4.087
4.087
4.087
4.087
4.087
4.087
4.087
4.087
4.087
4.087
4.087
4.087
4.087
4.087
4.109
4.109
4.109
4.109
4.109
4.109
4.109
4.109
4.109
4.109
4.109
4.109
4.109
4.109
4.109
4.109
4.109
4.109
4.109
4.109
4.109
4.109
4.109
4.109
4.109
4.109
4.109
4.109
4.109
4.109
4.014
4.014
4.014
4.014
4.014
4.014
4.014
4.014
4.014
4.014
4.014
4.014
4.014
4.014
4.014
4.014
4.014
4.014
4.014
4.014
4.014
4.014
4.014
4.014
4.014
4.014
4.014
4.014
4.014
4.014
4.049
4.049
4.049
4.049
4.049
4.049
4.049
4.049
4.049
4.049
4.049
4.049
4.049
4.049
4.049
4.049
4.049
4.049
4.049
4.049
4.049
4.049
4.049
4.049
4.049
4.049
4.049
4.049
4.049
4.049
3.823
3.823
3.823
3.823
3.823
3.823
3.823
3.823
3.823
3.823
3.823
3.823
3.823
3.823
3.823
3.823
3.823
3.823
3.823
3.823
3.823
3.823
3.823
3.823
3.823
3.823
3.823
3.823
3.823
3.823
3.617
3.617
3.617
3.617
3.617
3.617
3.617
3.617
3.617
3.617
3.617
3.617
3.617
3.617
3.617
3.617
3.617
3.617
3.617
3.617
3.617
3.617
3.617
3.617
3.617
3.617
3.617
3.617
3.617
3.617
3.729
3.729
3.729
3.729
3.729
3.729
3.729
3.729
3.729
3.729
3.729
3.729
3.729
3.729
3.729
3.729
3.729
3.729
3.729
3.729
3.729
3.729
3.729
3.729
3.729
3.729
3.729
3.729
3.729
3.729
3.855
3.855
3.855
3.855
3.855
3.855
3.855
3.855
3.855
3.855
3.855
3.855
3.855
3.855
3.855
3.855
3.855
3.855
3.855
3.855
3.855
3.855
3.855
3.855
3.855
3.855
3.855
3.855
3.855
3.855
3.997
3.997
3.997
3.997
3.997
3.997
3.997
3.997
3.997
3.997
3.997
3.997
3.997
3.997
3.997
3.997
3.997
3.997
3.997
3.997
3.997
3.997
3.997
3.997
3.997
3.997
3.997
3.997
3.997
3.997
3.763
3.763
3.763
3.763
3.763
3.763
3.763
3.763
3.763
3.763
3.763
3.763
3.763
3.763
3.763
3.763
3.763
3.763
3.763
3.763
3.763
3.763
3.763
3.763
3.763
3.763
3.763
3.763
3.763
3.763
