3.45
3.45
3.45
3.45
3.45
3.45
3.45
3.45
3.45
3.45
3.45
3.45
3.45
3.45
3.45
3.45
3.45
3.45
3.45
3.45
3.45
3.45
3.45
3.45
3.45
3.45
3.45
3.45
3.45
3.45
3.487
3.487
3.487
3.487
3.487
3.487
3.487
3.487
3.487
3.487
3.487
3.487
3.487
3.487
3.487
3.487
3.487
3.487
3.487
3.487
3.487
3.487
3.487
3.487
3.487
3.487
3.487
3.487
3.487
3.487
3.838
3.838
3.838
3.838
3.838
3.838
3.838
3.838
3.838
3.838
3.838
3.838
3.838
3.838
3.838
3.838
3.838
3.838
3.838
3.838
3.838
3.838
3.838
3.838
3.838
3.838
3.838
3.838
3.838
3.838
3.521
3.521
3.521
3.521
3.521
3.521
3.521
3.521
3.521
3.521
3.521
3.521
3.521
3.521
3.521
3.521
3.521
3.521
3.521
3.521
3.521
3.521
3.521
3.521
3.521
3.521
3.521
3.521
3.521
3.521
3.362
3.362
3.362
3.362
3.362
3.362
3.362
3.362
3.362
3.362
3.362
3.362
3.362
3.362
3.362
3.362
3.362
3.362
3.362
3.362
3.362
3.362
3.362
3.362
3.362
3.362
3.362
3.362
3.362
3.362
3.372
3.372
3.372
3.372
3.372
3.372
3.372
3.372
3.372
3.372
3.372
3.372
3.372
3.372
3.372
3.372
3.372
3.372
3.372
3.372
3.372
3.372
3.372
3.372
3.372
3.372
3.372
3.372
3.372
3.372
2.424
2.424
2.424
2.424
2.424
2.424
2.424
2.424
2.424
2.424
2.424
2.424
2.424
2.424
2.424
2.424
2.424
2.424
2.424
2.424
2.424
2.424
2.424
2.424
2.424
2.424
2.424
2.424
2.424
2.424
2.399
2.399
2.399
2.399
2.399
2.399
2.399
2.399
2.399
2.399
2.399
2.399
2.399
2.399
2.399
2.399
2.399
2.399
2.399
2.399
2.399
2.399
2.399
2.399
2.399
2.399
2.399
2.399
2.399
2.399
2.236
2.236
2.236
2.236
2.236
2.236
2.236
2.236
2.236
2.236
2.236
2.236
2.236
2.236
2.236
2.236
2.236
2.236
2.236
2.236
2.236
2.236
2.236
2.236
2.236
2.236
2.236
2.236
2.236
2.236
2.256
2.256
2.256
2.256
2.256
2.256
2.256
2.256
2.256
2.256
2.256
2.256
2.256
2.256
2.256
2.256
2.256
2.256
2.256
2.256
2.256
2.256
2.256
2.256
2.256
2.256
2.256
2.256
2.256
2.256
3.09
3.09
3.09
3.09
3.09
3.09
3.09
3.09
3.09
3.09
3.09
3.09
3.09
3.09
3.09
3.09
3.09
3.09
3.09
3.09
3.09
3.09
3.09
3.09
3.09
3.09
3.09
3.09
3.09
3.09
3.163
3.163
3.163
3.163
3.163
3.163
3.163
3.163
3.163
3.163
3.163
3.163
3.163
3.163
3.163
3.163
3.163
3.163
3.163
3.163
3.163
3.163
3.163
3.163
3.163
3.163
3.163
3.163
3.163
3.163
3.268
3.268
3.268
3.268
3.268
3.268
3.268
3.268
3.268
3.268
3.268
3.268
3.268
3.268
3.268
3.268
3.268
3.268
3.268
3.268
3.268
3.268
3.268
3.268
3.268
3.268
3.268
3.268
3.268
3.268
3.324
3.324
3.324
3.324
3.324
3.324
3.324
3.324
3.324
3.324
3.324
3.324
3.324
3.324
3.324
3.324
3.324
3.324
3.324
3.324
3.324
3.324
3.324
3.324
3.324
3.324
3.324
3.324
3.324
3.324
4.289
4.289
4.289
4.289
4.289
4.289
4.289
4.289
4.289
4.289
4.289
4.289
4.289
4.289
4.289
4.289
4.289
4.289
4.289
4.289
4.289
4.289
4.289
4.289
4.289
4.289
4.289
4.289
4.289
4.289
4.319
4.319
4.319
4.319
4.319
4.319
4.319
4.319
4.319
4.319
4.319
4.319
4.319
4.319
4.319
4.319
4.319
4.319
4.319
4.319
4.319
4.319
4.319
4.319
4.319
4.319
4.319
4.319
4.319
4.319
4.504
4.504
4.504
4.504
4.504
4.504
4.504
4.504
4.504
4.504
4.504
4.504
4.504
4.504
4.504
4.504
4.504
4.504
4.504
4.504
4.504
4.504
4.504
4.504
4.504
4.504
4.504
4.504
4.504
4.504
4.033
4.033
4.033
4.033
4.033
4.033
4.033
4.033
4.033
4.033
4.033
4.033
4.033
4.033
4.033
4.033
4.033
4.033
4.033
4.033
4.033
4.033
4.033
4.033
4.033
4.033
4.033
4.033
4.033
4.033
4.338
4.338
4.338
4.338
4.338
4.338
4.338
4.338
4.338
4.338
4.338
4.338
4.338
4.338
4.338
4.338
4.338
4.338
4.338
4.338
4.338
4.338
4.338
4.338
4.338
4.338
4.338
4.338
4.338
4.338
4.165
4.165
4.165
4.165
4.165
4.165
4.165
4.165
4.165
4.165
4.165
4.165
4.165
4.165
4.165
4.165
4.165
4.165
4.165
4.165
4.165
4.165
4.165
4.165
4.165
4.165
4.165
4.165
4.165
4.165
3.885
3.885
3.885
3.885
3.885
3.885
3.885
3.885
3.885
3.885
3.885
3.885
3.885
3.885
3.885
3.885
3.885
3.885
3.885
3.885
3.885
3.885
3.885
3.885
3.885
3.885
3.885
3.885
3.885
3.885
3.69
3.69
3.69
3.69
3.69
3.69
3.69
3.69
3.69
3.69
3.69
3.69
3.69
3.69
3.69
3.69
3.69
3.69
3.69
3.69
3.69
3.69
3.69
3.69
3.69
3.69
3.69
3.69
3.69
3.69
2.996
2.996
2.996
2.996
2.996
2.996
2.996
2.996
2.996
2.996
2.996
2.996
2.996
2.996
2.996
2.996
2.996
2.996
2.996
2.996
2.996
2.996
2.996
2.996
2.996
2.996
2.996
2.996
2.996
2.996
3.073
3.073
3.073
3.073
3.073
3.073
3.073
3.073
3.073
3.073
3.073
3.073
3.073
3.073
3.073
3.073
3.073
3.073
3.073
3.073
3.073
3.073
3.073
3.073
3.073
3.073
3.073
3.073
3.073
3.073
2.927
2.927
2.927
2.927
2.927
2.927
2.927
2.927
2.927
2.927
2.927
2.927
2.927
2.927
2.927
2.927
2.927
2.927
2.927
2.927
2.927
2.927
2.927
2.927
2.927
2.927
2.927
2.927
2.927
2.927
2.871
2.871
2.871
2.871
2.871
2.871
2.871
2.871
2.871
2.871
2.871
2.871
2.871
2.871
2.871
2.871
2.871
2.871
2.871
2.871
2.871
2.871
2.871
2.871
2.871
2.871
2.871
2.871
2.871
2.871
2.902
2.902
2.902
2.902
2.902
2.902
2.902
2.902
2.902
2.902
2.902
2.902
2.902
2.902
2.902
2.902
2.902
2.902
2.902
2.902
2.902
2.902
2.902
2.902
2.902
2.902
2.902
2.902
2.902
2.902
2.914
2.914
2.914
2.914
2.914
2.914
2.914
2.914
2.914
2.914
2.914
2.914
2.914
2.914
2.914
2.914
2.914
2.914
2.914
2.914
2.914
2.914
2.914
2.914
2.914
2.914
2.914
2.914
2.914
2.914
2.925
2.925
2.925
2.925
2.925
2.925
2.925
2.925
2.925
2.925
2.925
2.925
2.925
2.925
2.925
2.925
2.925
2.925
2.925
2.925
2.925
2.925
2.925
2.925
2.925
2.925
2.925
2.925
2.925
2.925
2.918
2.918
2.918
2.918
2.918
2.918
2.918
2.918
2.918
2.918
2.918
2.918
2.918
2.918
2.918
2.918
2.918
2.918
2.918
2.918
2.918
2.918
2.918
2.918
2.918
2.918
2.918
2.918
2.918
2.918
3.334
3.334
3.334
3.334
3.334
3.334
3.334
3.334
3.334
3.334
3.334
3.334
3.334
3.334
3.334
3.334
3.334
3.334
3.334
3.334
3.334
3.334
3.334
3.334
3.334
3.334
3.334
3.334
3.334
3.334
3.369
3.369
3.369
3.369
3.369
3.369
3.369
3.369
3.369
3.369
3.369
3.369
3.369
3.369
3.369
3.369
3.369
3.369
3.369
3.369
3.369
3.369
3.369
3.369
3.369
3.369
3.369
3.369
3.369
3.369
3.345
3.345
3.345
3.345
3.345
3.345
3.345
3.345
3.345
3.345
3.345
3.345
3.345
3.345
3.345
3.345
3.345
3.345
3.345
3.345
3.345
3.345
3.345
3.345
3.345
3.345
3.345
3.345
3.345
3.345
3.684
3.684
3.684
3.684
3.684
3.684
3.684
3.684
3.684
3.684
3.684
3.684
3.684
3.684
3.684
3.684
3.684
3.684
3.684
3.684
3.684
3.684
3.684
3.684
3.684
3.684
3.684
3.684
3.684
3.684
4.525
4.525
4.525
4.525
4.525
4.525
4.525
4.525
4.525
4.525
4.525
4.525
4.525
4.525
4.525
4.525
4.525
4.525
4.525
4.525
4.525
4.525
4.525
4.525
4.525
4.525
4.525
4.525
4.525
4.525
4.877
4.877
4.877
4.877
4.877
4.877
4.877
4.877
4.877
4.877
4.877
4.877
4.877
4.877
4.877
4.877
4.877
4.877
4.877
4.877
4.877
4.877
4.877
4.877
4.877
4.877
4.877
4.877
4.877
4.877
4.871
4.871
4.871
4.871
4.871
4.871
4.871
4.871
4.871
4.871
4.871
4.871
4.871
4.871
4.871
4.871
4.871
4.871
4.871
4.871
4.871
4.871
4.871
4.871
4.871
4.871
4.871
4.871
4.871
4.871
4.689
4.689
4.689
4.689
4.689
4.689
4.689
4.689
4.689
4.689
4.689
4.689
4.689
4.689
4.689
4.689
4.689
4.689
4.689
4.689
4.689
4.689
4.689
4.689
4.689
4.689
4.689
4.689
4.689
4.689
3.922
3.922
3.922
3.922
3.922
3.922
3.922
3.922
3.922
3.922
3.922
3.922
3.922
3.922
3.922
3.922
3.922
3.922
3.922
3.922
3.922
3.922
3.922
3.922
3.922
3.922
3.922
3.922
3.922
3.922
3.433
3.433
3.433
3.433
3.433
3.433
3.433
3.433
3.433
3.433
3.433
3.433
3.433
3.433
3.433
3.433
3.433
3.433
3.433
3.433
3.433
3.433
3.433
3.433
3.433
3.433
3.433
3.433
3.433
3.433
3.435
3.435
3.435
3.435
3.435
3.435
3.435
3.435
3.435
3.435
3.435
3.435
3.435
3.435
3.435
3.435
3.435
3.435
3.435
3.435
3.435
3.435
3.435
3.435
3.435
3.435
3.435
3.435
3.435
3.435
3.348
3.348
3.348
3.348
3.348
3.348
3.348
3.348
3.348
3.348
3.348
3.348
3.348
3.348
3.348
3.348
3.348
3.348
3.348
3.348
3.348
3.348
3.348
3.348
3.348
3.348
3.348
3.348
3.348
3.348
3.289
3.289
3.289
3.289
3.289
3.289
3.289
3.289
3.289
3.289
3.289
3.289
3.289
3.289
3.289
3.289
3.289
3.289
3.289
3.289
3.289
3.289
3.289
3.289
3.289
3.289
3.289
3.289
3.289
3.289
3.228
3.228
3.228
3.228
3.228
3.228
3.228
3.228
3.228
3.228
3.228
3.228
3.228
3.228
3.228
3.228
3.228
3.228
3.228
3.228
3.228
3.228
3.228
3.228
3.228
3.228
3.228
3.228
3.228
3.228
3.13
3.13
3.13
3.13
3.13
3.13
3.13
3.13
3.13
3.13
3.13
3.13
3.13
3.13
3.13
3.13
3.13
3.13
3.13
3.13
3.13
3.13
3.13
3.13
3.13
3.13
3.13
3.13
3.13
3.13
3.047
3.047
3.047
3.047
3.047
3.047
3.047
3.047
3.047
3.047
3.047
3.047
3.047
3.047
3.047
3.047
3.047
3.047
3.047
3.047
3.047
3.047
3.047
3.047
3.047
3.047
3.047
3.047
3.047
3.047
3.243
3.243
3.243
3.243
3.243
3.243
3.243
3.243
3.243
3.243
3.243
3.243
3.243
3.243
3.243
3.243
3.243
3.243
3.243
3.243
3.243
3.243
3.243
3.243
3.243
3.243
3.243
3.243
3.243
3.243
3.17
3.17
3.17
3.17
3.17
3.17
3.17
3.17
3.17
3.17
3.17
3.17
3.17
3.17
3.17
3.17
3.17
3.17
3.17
3.17
3.17
3.17
3.17
3.17
3.17
3.17
3.17
3.17
3.17
3.17
