3.686
3.686
3.686
3.686
3.686
3.686
3.686
3.686
3.686
3.686
3.686
3.686
3.686
3.686
3.686
3.686
3.686
3.686
3.686
3.686
3.686
3.686
3.686
3.686
3.686
3.686
3.686
3.686
3.686
3.686
3.409
3.409
3.409
3.409
3.409
3.409
3.409
3.409
3.409
3.409
3.409
3.409
3.409
3.409
3.409
3.409
3.409
3.409
3.409
3.409
3.409
3.409
3.409
3.409
3.409
3.409
3.409
3.409
3.409
3.409
3.243
3.243
3.243
3.243
3.243
3.243
3.243
3.243
3.243
3.243
3.243
3.243
3.243
3.243
3.243
3.243
3.243
3.243
3.243
3.243
3.243
3.243
3.243
3.243
3.243
3.243
3.243
3.243
3.243
3.243
3.244
3.244
3.244
3.244
3.244
3.244
3.244
3.244
3.244
3.244
3.244
3.244
3.244
3.244
3.244
3.244
3.244
3.244
3.244
3.244
3.244
3.244
3.244
3.244
3.244
3.244
3.244
3.244
3.244
3.244
3.232
3.232
3.232
3.232
3.232
3.232
3.232
3.232
3.232
3.232
3.232
3.232
3.232
3.232
3.232
3.232
3.232
3.232
3.232
3.232
3.232
3.232
3.232
3.232
3.232
3.232
3.232
3.232
3.232
3.232
3.196
3.196
3.196
3.196
3.196
3.196
3.196
3.196
3.196
3.196
3.196
3.196
3.196
3.196
3.196
3.196
3.196
3.196
3.196
3.196
3.196
3.196
3.196
3.196
3.196
3.196
3.196
3.196
3.196
3.196
3.242
3.242
3.242
3.242
3.242
3.242
3.242
3.242
3.242
3.242
3.242
3.242
3.242
3.242
3.242
3.242
3.242
3.242
3.242
3.242
3.242
3.242
3.242
3.242
3.242
3.242
3.242
3.242
3.242
3.242
3.227
3.227
3.227
3.227
3.227
3.227
3.227
3.227
3.227
3.227
3.227
3.227
3.227
3.227
3.227
3.227
3.227
3.227
3.227
3.227
3.227
3.227
3.227
3.227
3.227
3.227
3.227
3.227
3.227
3.227
3.222
3.222
3.222
3.222
3.222
3.222
3.222
3.222
3.222
3.222
3.222
3.222
3.222
3.222
3.222
3.222
3.222
3.222
3.222
3.222
3.222
3.222
3.222
3.222
3.222
3.222
3.222
3.222
3.222
3.222
3.168
3.168
3.168
3.168
3.168
3.168
3.168
3.168
3.168
3.168
3.168
3.168
3.168
3.168
3.168
3.168
3.168
3.168
3.168
3.168
3.168
3.168
3.168
3.168
3.168
3.168
3.168
3.168
3.168
3.168
2.869
2.869
2.869
2.869
2.869
2.869
2.869
2.869
2.869
2.869
2.869
2.869
2.869
2.869
2.869
2.869
2.869
2.869
2.869
2.869
2.869
2.869
2.869
2.869
2.869
2.869
2.869
2.869
2.869
2.869
3.225
3.225
3.225
3.225
3.225
3.225
3.225
3.225
3.225
3.225
3.225
3.225
3.225
3.225
3.225
3.225
3.225
3.225
3.225
3.225
3.225
3.225
3.225
3.225
3.225
3.225
3.225
3.225
3.225
3.225
3.498
3.498
3.498
3.498
3.498
3.498
3.498
3.498
3.498
3.498
3.498
3.498
3.498
3.498
3.498
3.498
3.498
3.498
3.498
3.498
3.498
3.498
3.498
3.498
3.498
3.498
3.498
3.498
3.498
3.498
3.517
3.517
3.517
3.517
3.517
3.517
3.517
3.517
3.517
3.517
3.517
3.517
3.517
3.517
3.517
3.517
3.517
3.517
3.517
3.517
3.517
3.517
3.517
3.517
3.517
3.517
3.517
3.517
3.517
3.517
3.459
3.459
3.459
3.459
3.459
3.459
3.459
3.459
3.459
3.459
3.459
3.459
3.459
3.459
3.459
3.459
3.459
3.459
3.459
3.459
3.459
3.459
3.459
3.459
3.459
3.459
3.459
3.459
3.459
3.459
3.468
3.468
3.468
3.468
3.468
3.468
3.468
3.468
3.468
3.468
3.468
3.468
3.468
3.468
3.468
3.468
3.468
3.468
3.468
3.468
3.468
3.468
3.468
3.468
3.468
3.468
3.468
3.468
3.468
3.468
3.58
3.58
3.58
3.58
3.58
3.58
3.58
3.58
3.58
3.58
3.58
3.58
3.58
3.58
3.58
3.58
3.58
3.58
3.58
3.58
3.58
3.58
3.58
3.58
3.58
3.58
3.58
3.58
3.58
3.58
3.407
3.407
3.407
3.407
3.407
3.407
3.407
3.407
3.407
3.407
3.407
3.407
3.407
3.407
3.407
3.407
3.407
3.407
3.407
3.407
3.407
3.407
3.407
3.407
3.407
3.407
3.407
3.407
3.407
3.407
3.848
3.848
3.848
3.848
3.848
3.848
3.848
3.848
3.848
3.848
3.848
3.848
3.848
3.848
3.848
3.848
3.848
3.848
3.848
3.848
3.848
3.848
3.848
3.848
3.848
3.848
3.848
3.848
3.848
3.848
4.154
4.154
4.154
4.154
4.154
4.154
4.154
4.154
4.154
4.154
4.154
4.154
4.154
4.154
4.154
4.154
4.154
4.154
4.154
4.154
4.154
4.154
4.154
4.154
4.154
4.154
4.154
4.154
4.154
4.154
4.326
4.326
4.326
4.326
4.326
4.326
4.326
4.326
4.326
4.326
4.326
4.326
4.326
4.326
4.326
4.326
4.326
4.326
4.326
4.326
4.326
4.326
4.326
4.326
4.326
4.326
4.326
4.326
4.326
4.326
4.345
4.345
4.345
4.345
4.345
4.345
4.345
4.345
4.345
4.345
4.345
4.345
4.345
4.345
4.345
4.345
4.345
4.345
4.345
4.345
4.345
4.345
4.345
4.345
4.345
4.345
4.345
4.345
4.345
4.345
4.721
4.721
4.721
4.721
4.721
4.721
4.721
4.721
4.721
4.721
4.721
4.721
4.721
4.721
4.721
4.721
4.721
4.721
4.721
4.721
4.721
4.721
4.721
4.721
4.721
4.721
4.721
4.721
4.721
4.721
5.006
5.006
5.006
5.006
5.006
5.006
5.006
5.006
5.006
5.006
5.006
5.006
5.006
5.006
5.006
5.006
5.006
5.006
5.006
5.006
5.006
5.006
5.006
5.006
5.006
5.006
5.006
5.006
5.006
5.006
5.138
5.138
5.138
5.138
5.138
5.138
5.138
5.138
5.138
5.138
5.138
5.138
5.138
5.138
5.138
5.138
5.138
5.138
5.138
5.138
5.138
5.138
5.138
5.138
5.138
5.138
5.138
5.138
5.138
5.138
4.969
4.969
4.969
4.969
4.969
4.969
4.969
4.969
4.969
4.969
4.969
4.969
4.969
4.969
4.969
4.969
4.969
4.969
4.969
4.969
4.969
4.969
4.969
4.969
4.969
4.969
4.969
4.969
4.969
4.969
4.479
4.479
4.479
4.479
4.479
4.479
4.479
4.479
4.479
4.479
4.479
4.479
4.479
4.479
4.479
4.479
4.479
4.479
4.479
4.479
4.479
4.479
4.479
4.479
4.479
4.479
4.479
4.479
4.479
4.479
4.225
4.225
4.225
4.225
4.225
4.225
4.225
4.225
4.225
4.225
4.225
4.225
4.225
4.225
4.225
4.225
4.225
4.225
4.225
4.225
4.225
4.225
4.225
4.225
4.225
4.225
4.225
4.225
4.225
4.225
4.139
4.139
4.139
4.139
4.139
4.139
4.139
4.139
4.139
4.139
4.139
4.139
4.139
4.139
4.139
4.139
4.139
4.139
4.139
4.139
4.139
4.139
4.139
4.139
4.139
4.139
4.139
4.139
4.139
4.139
3.954
3.954
3.954
3.954
3.954
3.954
3.954
3.954
3.954
3.954
3.954
3.954
3.954
3.954
3.954
3.954
3.954
3.954
3.954
3.954
3.954
3.954
3.954
3.954
3.954
3.954
3.954
3.954
3.954
3.954
3.9
3.9
3.9
3.9
3.9
3.9
3.9
3.9
3.9
3.9
3.9
3.9
3.9
3.9
3.9
3.9
3.9
3.9
3.9
3.9
3.9
3.9
3.9
3.9
3.9
3.9
3.9
3.9
3.9
3.9
3.887
3.887
3.887
3.887
3.887
3.887
3.887
3.887
3.887
3.887
3.887
3.887
3.887
3.887
3.887
3.887
3.887
3.887
3.887
3.887
3.887
3.887
3.887
3.887
3.887
3.887
3.887
3.887
3.887
3.887
4.129
4.129
4.129
4.129
4.129
4.129
4.129
4.129
4.129
4.129
4.129
4.129
4.129
4.129
4.129
4.129
4.129
4.129
4.129
4.129
4.129
4.129
4.129
4.129
4.129
4.129
4.129
4.129
4.129
4.129
4.442
4.442
4.442
4.442
4.442
4.442
4.442
4.442
4.442
4.442
4.442
4.442
4.442
4.442
4.442
4.442
4.442
4.442
4.442
4.442
4.442
4.442
4.442
4.442
4.442
4.442
4.442
4.442
4.442
4.442
4.714
4.714
4.714
4.714
4.714
4.714
4.714
4.714
4.714
4.714
4.714
4.714
4.714
4.714
4.714
4.714
4.714
4.714
4.714
4.714
4.714
4.714
4.714
4.714
4.714
4.714
4.714
4.714
4.714
4.714
4.474
4.474
4.474
4.474
4.474
4.474
4.474
4.474
4.474
4.474
4.474
4.474
4.474
4.474
4.474
4.474
4.474
4.474
4.474
4.474
4.474
4.474
4.474
4.474
4.474
4.474
4.474
4.474
4.474
4.474
4.501
4.501
4.501
4.501
4.501
4.501
4.501
4.501
4.501
4.501
4.501
4.501
4.501
4.501
4.501
4.501
4.501
4.501
4.501
4.501
4.501
4.501
4.501
4.501
4.501
4.501
4.501
4.501
4.501
4.501
4.296
4.296
4.296
4.296
4.296
4.296
4.296
4.296
4.296
4.296
4.296
4.296
4.296
4.296
4.296
4.296
4.296
4.296
4.296
4.296
4.296
4.296
4.296
4.296
4.296
4.296
4.296
4.296
4.296
4.296
4.029
4.029
4.029
4.029
4.029
4.029
4.029
4.029
4.029
4.029
4.029
4.029
4.029
4.029
4.029
4.029
4.029
4.029
4.029
4.029
4.029
4.029
4.029
4.029
4.029
4.029
4.029
4.029
4.029
4.029
4.079
4.079
4.079
4.079
4.079
4.079
4.079
4.079
4.079
4.079
4.079
4.079
4.079
4.079
4.079
4.079
4.079
4.079
4.079
4.079
4.079
4.079
4.079
4.079
4.079
4.079
4.079
4.079
4.079
4.079
4.084
4.084
4.084
4.084
4.084
4.084
4.084
4.084
4.084
4.084
4.084
4.084
4.084
4.084
4.084
4.084
4.084
4.084
4.084
4.084
4.084
4.084
4.084
4.084
4.084
4.084
4.084
4.084
4.084
4.084
4.031
4.031
4.031
4.031
4.031
4.031
4.031
4.031
4.031
4.031
4.031
4.031
4.031
4.031
4.031
4.031
4.031
4.031
4.031
4.031
4.031
4.031
4.031
4.031
4.031
4.031
4.031
4.031
4.031
4.031
4.123
4.123
4.123
4.123
4.123
4.123
4.123
4.123
4.123
4.123
4.123
4.123
4.123
4.123
4.123
4.123
4.123
4.123
4.123
4.123
4.123
4.123
4.123
4.123
4.123
4.123
4.123
4.123
4.123
4.123
4.093
4.093
4.093
4.093
4.093
4.093
4.093
4.093
4.093
4.093
4.093
4.093
4.093
4.093
4.093
4.093
4.093
4.093
4.093
4.093
4.093
4.093
4.093
4.093
4.093
4.093
4.093
4.093
4.093
4.093
3.849
3.849
3.849
3.849
3.849
3.849
3.849
3.849
3.849
3.849
3.849
3.849
3.849
3.849
3.849
3.849
3.849
3.849
3.849
3.849
3.849
3.849
3.849
3.849
3.849
3.849
3.849
3.849
3.849
3.849
3.876
3.876
3.876
3.876
3.876
3.876
3.876
3.876
3.876
3.876
3.876
3.876
3.876
3.876
3.876
3.876
3.876
3.876
3.876
3.876
3.876
3.876
3.876
3.876
3.876
3.876
3.876
3.876
3.876
3.876
3.831
3.831
3.831
3.831
3.831
3.831
3.831
3.831
3.831
3.831
3.831
3.831
3.831
3.831
3.831
3.831
3.831
3.831
3.831
3.831
3.831
3.831
3.831
3.831
3.831
3.831
3.831
3.831
3.831
3.831
3.755
3.755
3.755
3.755
3.755
3.755
3.755
3.755
3.755
3.755
3.755
3.755
3.755
3.755
3.755
3.755
3.755
3.755
3.755
3.755
3.755
3.755
3.755
3.755
3.755
3.755
3.755
3.755
3.755
3.755
