3.953
3.953
3.953
3.953
3.953
3.953
3.953
3.953
3.953
3.953
3.953
3.953
3.953
3.953
3.953
3.953
3.953
3.953
3.953
3.953
3.953
3.953
3.953
3.953
3.953
3.953
3.953
3.953
3.953
3.953
3.904
3.904
3.904
3.904
3.904
3.904
3.904
3.904
3.904
3.904
3.904
3.904
3.904
3.904
3.904
3.904
3.904
3.904
3.904
3.904
3.904
3.904
3.904
3.904
3.904
3.904
3.904
3.904
3.904
3.904
3.82
3.82
3.82
3.82
3.82
3.82
3.82
3.82
3.82
3.82
3.82
3.82
3.82
3.82
3.82
3.82
3.82
3.82
3.82
3.82
3.82
3.82
3.82
3.82
3.82
3.82
3.82
3.82
3.82
3.82
3.602
3.602
3.602
3.602
3.602
3.602
3.602
3.602
3.602
3.602
3.602
3.602
3.602
3.602
3.602
3.602
3.602
3.602
3.602
3.602
3.602
3.602
3.602
3.602
3.602
3.602
3.602
3.602
3.602
3.602
3.658
3.658
3.658
3.658
3.658
3.658
3.658
3.658
3.658
3.658
3.658
3.658
3.658
3.658
3.658
3.658
3.658
3.658
3.658
3.658
3.658
3.658
3.658
3.658
3.658
3.658
3.658
3.658
3.658
3.658
3.608
3.608
3.608
3.608
3.608
3.608
3.608
3.608
3.608
3.608
3.608
3.608
3.608
3.608
3.608
3.608
3.608
3.608
3.608
3.608
3.608
3.608
3.608
3.608
3.608
3.608
3.608
3.608
3.608
3.608
3.236
3.236
3.236
3.236
3.236
3.236
3.236
3.236
3.236
3.236
3.236
3.236
3.236
3.236
3.236
3.236
3.236
3.236
3.236
3.236
3.236
3.236
3.236
3.236
3.236
3.236
3.236
3.236
3.236
3.236
3.233
3.233
3.233
3.233
3.233
3.233
3.233
3.233
3.233
3.233
3.233
3.233
3.233
3.233
3.233
3.233
3.233
3.233
3.233
3.233
3.233
3.233
3.233
3.233
3.233
3.233
3.233
3.233
3.233
3.233
3.245
3.245
3.245
3.245
3.245
3.245
3.245
3.245
3.245
3.245
3.245
3.245
3.245
3.245
3.245
3.245
3.245
3.245
3.245
3.245
3.245
3.245
3.245
3.245
3.245
3.245
3.245
3.245
3.245
3.245
3.22
3.22
3.22
3.22
3.22
3.22
3.22
3.22
3.22
3.22
3.22
3.22
3.22
3.22
3.22
3.22
3.22
3.22
3.22
3.22
3.22
3.22
3.22
3.22
3.22
3.22
3.22
3.22
3.22
3.22
3.377
3.377
3.377
3.377
3.377
3.377
3.377
3.377
3.377
3.377
3.377
3.377
3.377
3.377
3.377
3.377
3.377
3.377
3.377
3.377
3.377
3.377
3.377
3.377
3.377
3.377
3.377
3.377
3.377
3.377
3.659
3.659
3.659
3.659
3.659
3.659
3.659
3.659
3.659
3.659
3.659
3.659
3.659
3.659
3.659
3.659
3.659
3.659
3.659
3.659
3.659
3.659
3.659
3.659
3.659
3.659
3.659
3.659
3.659
3.659
3.843
3.843
3.843
3.843
3.843
3.843
3.843
3.843
3.843
3.843
3.843
3.843
3.843
3.843
3.843
3.843
3.843
3.843
3.843
3.843
3.843
3.843
3.843
3.843
3.843
3.843
3.843
3.843
3.843
3.843
4.05
4.05
4.05
4.05
4.05
4.05
4.05
4.05
4.05
4.05
4.05
4.05
4.05
4.05
4.05
4.05
4.05
4.05
4.05
4.05
4.05
4.05
4.05
4.05
4.05
4.05
4.05
4.05
4.05
4.05
4.383
4.383
4.383
4.383
4.383
4.383
4.383
4.383
4.383
4.383
4.383
4.383
4.383
4.383
4.383
4.383
4.383
4.383
4.383
4.383
4.383
4.383
4.383
4.383
4.383
4.383
4.383
4.383
4.383
4.383
4.159
4.159
4.159
4.159
4.159
4.159
4.159
4.159
4.159
4.159
4.159
4.159
4.159
4.159
4.159
4.159
4.159
4.159
4.159
4.159
4.159
4.159
4.159
4.159
4.159
4.159
4.159
4.159
4.159
4.159
3.793
3.793
3.793
3.793
3.793
3.793
3.793
3.793
3.793
3.793
3.793
3.793
3.793
3.793
3.793
3.793
3.793
3.793
3.793
3.793
3.793
3.793
3.793
3.793
3.793
3.793
3.793
3.793
3.793
3.793
4.198
4.198
4.198
4.198
4.198
4.198
4.198
4.198
4.198
4.198
4.198
4.198
4.198
4.198
4.198
4.198
4.198
4.198
4.198
4.198
4.198
4.198
4.198
4.198
4.198
4.198
4.198
4.198
4.198
4.198
4.565
4.565
4.565
4.565
4.565
4.565
4.565
4.565
4.565
4.565
4.565
4.565
4.565
4.565
4.565
4.565
4.565
4.565
4.565
4.565
4.565
4.565
4.565
4.565
4.565
4.565
4.565
4.565
4.565
4.565
4.576
4.576
4.576
4.576
4.576
4.576
4.576
4.576
4.576
4.576
4.576
4.576
4.576
4.576
4.576
4.576
4.576
4.576
4.576
4.576
4.576
4.576
4.576
4.576
4.576
4.576
4.576
4.576
4.576
4.576
4.724
4.724
4.724
4.724
4.724
4.724
4.724
4.724
4.724
4.724
4.724
4.724
4.724
4.724
4.724
4.724
4.724
4.724
4.724
4.724
4.724
4.724
4.724
4.724
4.724
4.724
4.724
4.724
4.724
4.724
5.141
5.141
5.141
5.141
5.141
5.141
5.141
5.141
5.141
5.141
5.141
5.141
5.141
5.141
5.141
5.141
5.141
5.141
5.141
5.141
5.141
5.141
5.141
5.141
5.141
5.141
5.141
5.141
5.141
5.141
5.72
5.72
5.72
5.72
5.72
5.72
5.72
5.72
5.72
5.72
5.72
5.72
5.72
5.72
5.72
5.72
5.72
5.72
5.72
5.72
5.72
5.72
5.72
5.72
5.72
5.72
5.72
5.72
5.72
5.72
5.603
5.603
5.603
5.603
5.603
5.603
5.603
5.603
5.603
5.603
5.603
5.603
5.603
5.603
5.603
5.603
5.603
5.603
5.603
5.603
5.603
5.603
5.603
5.603
5.603
5.603
5.603
5.603
5.603
5.603
5.57
5.57
5.57
5.57
5.57
5.57
5.57
5.57
5.57
5.57
5.57
5.57
5.57
5.57
5.57
5.57
5.57
5.57
5.57
5.57
5.57
5.57
5.57
5.57
5.57
5.57
5.57
5.57
5.57
5.57
5.341
5.341
5.341
5.341
5.341
5.341
5.341
5.341
5.341
5.341
5.341
5.341
5.341
5.341
5.341
5.341
5.341
5.341
5.341
5.341
5.341
5.341
5.341
5.341
5.341
5.341
5.341
5.341
5.341
5.341
4.863
4.863
4.863
4.863
4.863
4.863
4.863
4.863
4.863
4.863
4.863
4.863
4.863
4.863
4.863
4.863
4.863
4.863
4.863
4.863
4.863
4.863
4.863
4.863
4.863
4.863
4.863
4.863
4.863
4.863
4.75
4.75
4.75
4.75
4.75
4.75
4.75
4.75
4.75
4.75
4.75
4.75
4.75
4.75
4.75
4.75
4.75
4.75
4.75
4.75
4.75
4.75
4.75
4.75
4.75
4.75
4.75
4.75
4.75
4.75
4.711
4.711
4.711
4.711
4.711
4.711
4.711
4.711
4.711
4.711
4.711
4.711
4.711
4.711
4.711
4.711
4.711
4.711
4.711
4.711
4.711
4.711
4.711
4.711
4.711
4.711
4.711
4.711
4.711
4.711
4.436
4.436
4.436
4.436
4.436
4.436
4.436
4.436
4.436
4.436
4.436
4.436
4.436
4.436
4.436
4.436
4.436
4.436
4.436
4.436
4.436
4.436
4.436
4.436
4.436
4.436
4.436
4.436
4.436
4.436
5.596
5.596
5.596
5.596
5.596
5.596
5.596
5.596
5.596
5.596
5.596
5.596
5.596
5.596
5.596
5.596
5.596
5.596
5.596
5.596
5.596
5.596
5.596
5.596
5.596
5.596
5.596
5.596
5.596
5.596
5.644
5.644
5.644
5.644
5.644
5.644
5.644
5.644
5.644
5.644
5.644
5.644
5.644
5.644
5.644
5.644
5.644
5.644
5.644
5.644
5.644
5.644
5.644
5.644
5.644
5.644
5.644
5.644
5.644
5.644
5.779
5.779
5.779
5.779
5.779
5.779
5.779
5.779
5.779
5.779
5.779
5.779
5.779
5.779
5.779
5.779
5.779
5.779
5.779
5.779
5.779
5.779
5.779
5.779
5.779
5.779
5.779
5.779
5.779
5.779
6.192
6.192
6.192
6.192
6.192
6.192
6.192
6.192
6.192
6.192
6.192
6.192
6.192
6.192
6.192
6.192
6.192
6.192
6.192
6.192
6.192
6.192
6.192
6.192
6.192
6.192
6.192
6.192
6.192
6.192
13.959
13.959
13.959
13.959
13.959
13.959
13.959
13.959
13.959
13.959
13.959
13.959
13.959
13.959
13.959
13.959
13.959
13.959
13.959
13.959
13.959
13.959
13.959
13.959
13.959
13.959
13.959
13.959
13.959
13.959
14.125
14.125
14.125
14.125
14.125
14.125
14.125
14.125
14.125
14.125
14.125
14.125
14.125
14.125
14.125
14.125
14.125
14.125
14.125
14.125
14.125
14.125
14.125
14.125
14.125
14.125
14.125
14.125
14.125
14.125
10.312
10.312
10.312
10.312
10.312
10.312
10.312
10.312
10.312
10.312
10.312
10.312
10.312
10.312
10.312
10.312
10.312
10.312
10.312
10.312
10.312
10.312
10.312
10.312
10.312
10.312
10.312
10.312
10.312
10.312
9.559
9.559
9.559
9.559
9.559
9.559
9.559
9.559
9.559
9.559
9.559
9.559
9.559
9.559
9.559
9.559
9.559
9.559
9.559
9.559
9.559
9.559
9.559
9.559
9.559
9.559
9.559
9.559
9.559
9.559
5.123
5.123
5.123
5.123
5.123
5.123
5.123
5.123
5.123
5.123
5.123
5.123
5.123
5.123
5.123
5.123
5.123
5.123
5.123
5.123
5.123
5.123
5.123
5.123
5.123
5.123
5.123
5.123
5.123
5.123
4.513
4.513
4.513
4.513
4.513
4.513
4.513
4.513
4.513
4.513
4.513
4.513
4.513
4.513
4.513
4.513
4.513
4.513
4.513
4.513
4.513
4.513
4.513
4.513
4.513
4.513
4.513
4.513
4.513
4.513
4.48
4.48
4.48
4.48
4.48
4.48
4.48
4.48
4.48
4.48
4.48
4.48
4.48
4.48
4.48
4.48
4.48
4.48
4.48
4.48
4.48
4.48
4.48
4.48
4.48
4.48
4.48
4.48
4.48
4.48
4.41
4.41
4.41
4.41
4.41
4.41
4.41
4.41
4.41
4.41
4.41
4.41
4.41
4.41
4.41
4.41
4.41
4.41
4.41
4.41
4.41
4.41
4.41
4.41
4.41
4.41
4.41
4.41
4.41
4.41
4.512
4.512
4.512
4.512
4.512
4.512
4.512
4.512
4.512
4.512
4.512
4.512
4.512
4.512
4.512
4.512
4.512
4.512
4.512
4.512
4.512
4.512
4.512
4.512
4.512
4.512
4.512
4.512
4.512
4.512
4.406
4.406
4.406
4.406
4.406
4.406
4.406
4.406
4.406
4.406
4.406
4.406
4.406
4.406
4.406
4.406
4.406
4.406
4.406
4.406
4.406
4.406
4.406
4.406
4.406
4.406
4.406
4.406
4.406
4.406
4.325
4.325
4.325
4.325
4.325
4.325
4.325
4.325
4.325
4.325
4.325
4.325
4.325
4.325
4.325
4.325
4.325
4.325
4.325
4.325
4.325
4.325
4.325
4.325
4.325
4.325
4.325
4.325
4.325
4.325
4.178
4.178
4.178
4.178
4.178
4.178
4.178
4.178
4.178
4.178
4.178
4.178
4.178
4.178
4.178
4.178
4.178
4.178
4.178
4.178
4.178
4.178
4.178
4.178
4.178
4.178
4.178
4.178
4.178
4.178
3.397
3.397
3.397
3.397
3.397
3.397
3.397
3.397
3.397
3.397
3.397
3.397
3.397
3.397
3.397
3.397
3.397
3.397
3.397
3.397
3.397
3.397
3.397
3.397
3.397
3.397
3.397
3.397
3.397
3.397
3.566
3.566
3.566
3.566
3.566
3.566
3.566
3.566
3.566
3.566
3.566
3.566
3.566
3.566
3.566
3.566
3.566
3.566
3.566
3.566
3.566
3.566
3.566
3.566
3.566
3.566
3.566
3.566
3.566
3.566
