3.643
3.643
3.643
3.643
3.643
3.643
3.643
3.643
3.643
3.643
3.643
3.643
3.643
3.643
3.643
3.643
3.643
3.643
3.643
3.643
3.643
3.643
3.643
3.643
3.643
3.643
3.643
3.643
3.643
3.643
3.582
3.582
3.582
3.582
3.582
3.582
3.582
3.582
3.582
3.582
3.582
3.582
3.582
3.582
3.582
3.582
3.582
3.582
3.582
3.582
3.582
3.582
3.582
3.582
3.582
3.582
3.582
3.582
3.582
3.582
3.795
3.795
3.795
3.795
3.795
3.795
3.795
3.795
3.795
3.795
3.795
3.795
3.795
3.795
3.795
3.795
3.795
3.795
3.795
3.795
3.795
3.795
3.795
3.795
3.795
3.795
3.795
3.795
3.795
3.795
3.613
3.613
3.613
3.613
3.613
3.613
3.613
3.613
3.613
3.613
3.613
3.613
3.613
3.613
3.613
3.613
3.613
3.613
3.613
3.613
3.613
3.613
3.613
3.613
3.613
3.613
3.613
3.613
3.613
3.613
3.408
3.408
3.408
3.408
3.408
3.408
3.408
3.408
3.408
3.408
3.408
3.408
3.408
3.408
3.408
3.408
3.408
3.408
3.408
3.408
3.408
3.408
3.408
3.408
3.408
3.408
3.408
3.408
3.408
3.408
3.321
3.321
3.321
3.321
3.321
3.321
3.321
3.321
3.321
3.321
3.321
3.321
3.321
3.321
3.321
3.321
3.321
3.321
3.321
3.321
3.321
3.321
3.321
3.321
3.321
3.321
3.321
3.321
3.321
3.321
3.617
3.617
3.617
3.617
3.617
3.617
3.617
3.617
3.617
3.617
3.617
3.617
3.617
3.617
3.617
3.617
3.617
3.617
3.617
3.617
3.617
3.617
3.617
3.617
3.617
3.617
3.617
3.617
3.617
3.617
3.617
3.617
3.617
3.617
3.617
3.617
3.617
3.617
3.617
3.617
3.617
3.617
3.617
3.617
3.617
3.617
3.617
3.617
3.617
3.617
3.617
3.617
3.617
3.617
3.617
3.617
3.617
3.617
3.617
3.617
3.704
3.704
3.704
3.704
3.704
3.704
3.704
3.704
3.704
3.704
3.704
3.704
3.704
3.704
3.704
3.704
3.704
3.704
3.704
3.704
3.704
3.704
3.704
3.704
3.704
3.704
3.704
3.704
3.704
3.704
3.62
3.62
3.62
3.62
3.62
3.62
3.62
3.62
3.62
3.62
3.62
3.62
3.62
3.62
3.62
3.62
3.62
3.62
3.62
3.62
3.62
3.62
3.62
3.62
3.62
3.62
3.62
3.62
3.62
3.62
4.515
4.515
4.515
4.515
4.515
4.515
4.515
4.515
4.515
4.515
4.515
4.515
4.515
4.515
4.515
4.515
4.515
4.515
4.515
4.515
4.515
4.515
4.515
4.515
4.515
4.515
4.515
4.515
4.515
4.515
4.557
4.557
4.557
4.557
4.557
4.557
4.557
4.557
4.557
4.557
4.557
4.557
4.557
4.557
4.557
4.557
4.557
4.557
4.557
4.557
4.557
4.557
4.557
4.557
4.557
4.557
4.557
4.557
4.557
4.557
4.771
4.771
4.771
4.771
4.771
4.771
4.771
4.771
4.771
4.771
4.771
4.771
4.771
4.771
4.771
4.771
4.771
4.771
4.771
4.771
4.771
4.771
4.771
4.771
4.771
4.771
4.771
4.771
4.771
4.771
4.312
4.312
4.312
4.312
4.312
4.312
4.312
4.312
4.312
4.312
4.312
4.312
4.312
4.312
4.312
4.312
4.312
4.312
4.312
4.312
4.312
4.312
4.312
4.312
4.312
4.312
4.312
4.312
4.312
4.312
5.004
5.004
5.004
5.004
5.004
5.004
5.004
5.004
5.004
5.004
5.004
5.004
5.004
5.004
5.004
5.004
5.004
5.004
5.004
5.004
5.004
5.004
5.004
5.004
5.004
5.004
5.004
5.004
5.004
5.004
4.646
4.646
4.646
4.646
4.646
4.646
4.646
4.646
4.646
4.646
4.646
4.646
4.646
4.646
4.646
4.646
4.646
4.646
4.646
4.646
4.646
4.646
4.646
4.646
4.646
4.646
4.646
4.646
4.646
4.646
4.959
4.959
4.959
4.959
4.959
4.959
4.959
4.959
4.959
4.959
4.959
4.959
4.959
4.959
4.959
4.959
4.959
4.959
4.959
4.959
4.959
4.959
4.959
4.959
4.959
4.959
4.959
4.959
4.959
4.959
5.348
5.348
5.348
5.348
5.348
5.348
5.348
5.348
5.348
5.348
5.348
5.348
5.348
5.348
5.348
5.348
5.348
5.348
5.348
5.348
5.348
5.348
5.348
5.348
5.348
5.348
5.348
5.348
5.348
5.348
5.649
5.649
5.649
5.649
5.649
5.649
5.649
5.649
5.649
5.649
5.649
5.649
5.649
5.649
5.649
5.649
5.649
5.649
5.649
5.649
5.649
5.649
5.649
5.649
5.649
5.649
5.649
5.649
5.649
5.649
5.756
5.756
5.756
5.756
5.756
5.756
5.756
5.756
5.756
5.756
5.756
5.756
5.756
5.756
5.756
5.756
5.756
5.756
5.756
5.756
5.756
5.756
5.756
5.756
5.756
5.756
5.756
5.756
5.756
5.756
6.097
6.097
6.097
6.097
6.097
6.097
6.097
6.097
6.097
6.097
6.097
6.097
6.097
6.097
6.097
6.097
6.097
6.097
6.097
6.097
6.097
6.097
6.097
6.097
6.097
6.097
6.097
6.097
6.097
6.097
6.2
6.2
6.2
6.2
6.2
6.2
6.2
6.2
6.2
6.2
6.2
6.2
6.2
6.2
6.2
6.2
6.2
6.2
6.2
6.2
6.2
6.2
6.2
6.2
6.2
6.2
6.2
6.2
6.2
6.2
6.515
6.515
6.515
6.515
6.515
6.515
6.515
6.515
6.515
6.515
6.515
6.515
6.515
6.515
6.515
6.515
6.515
6.515
6.515
6.515
6.515
6.515
6.515
6.515
6.515
6.515
6.515
6.515
6.515
6.515
6.505
6.505
6.505
6.505
6.505
6.505
6.505
6.505
6.505
6.505
6.505
6.505
6.505
6.505
6.505
6.505
6.505
6.505
6.505
6.505
6.505
6.505
6.505
6.505
6.505
6.505
6.505
6.505
6.505
6.505
6.595
6.595
6.595
6.595
6.595
6.595
6.595
6.595
6.595
6.595
6.595
6.595
6.595
6.595
6.595
6.595
6.595
6.595
6.595
6.595
6.595
6.595
6.595
6.595
6.595
6.595
6.595
6.595
6.595
6.595
6.522
6.522
6.522
6.522
6.522
6.522
6.522
6.522
6.522
6.522
6.522
6.522
6.522
6.522
6.522
6.522
6.522
6.522
6.522
6.522
6.522
6.522
6.522
6.522
6.522
6.522
6.522
6.522
6.522
6.522
6.12
6.12
6.12
6.12
6.12
6.12
6.12
6.12
6.12
6.12
6.12
6.12
6.12
6.12
6.12
6.12
6.12
6.12
6.12
6.12
6.12
6.12
6.12
6.12
6.12
6.12
6.12
6.12
6.12
6.12
5.973
5.973
5.973
5.973
5.973
5.973
5.973
5.973
5.973
5.973
5.973
5.973
5.973
5.973
5.973
5.973
5.973
5.973
5.973
5.973
5.973
5.973
5.973
5.973
5.973
5.973
5.973
5.973
5.973
5.973
5.956
5.956
5.956
5.956
5.956
5.956
5.956
5.956
5.956
5.956
5.956
5.956
5.956
5.956
5.956
5.956
5.956
5.956
5.956
5.956
5.956
5.956
5.956
5.956
5.956
5.956
5.956
5.956
5.956
5.956
5.931
5.931
5.931
5.931
5.931
5.931
5.931
5.931
5.931
5.931
5.931
5.931
5.931
5.931
5.931
5.931
5.931
5.931
5.931
5.931
5.931
5.931
5.931
5.931
5.931
5.931
5.931
5.931
5.931
5.931
5.678
5.678
5.678
5.678
5.678
5.678
5.678
5.678
5.678
5.678
5.678
5.678
5.678
5.678
5.678
5.678
5.678
5.678
5.678
5.678
5.678
5.678
5.678
5.678
5.678
5.678
5.678
5.678
5.678
5.678
6.737
6.737
6.737
6.737
6.737
6.737
6.737
6.737
6.737
6.737
6.737
6.737
6.737
6.737
6.737
6.737
6.737
6.737
6.737
6.737
6.737
6.737
6.737
6.737
6.737
6.737
6.737
6.737
6.737
6.737
7.216
7.216
7.216
7.216
7.216
7.216
7.216
7.216
7.216
7.216
7.216
7.216
7.216
7.216
7.216
7.216
7.216
7.216
7.216
7.216
7.216
7.216
7.216
7.216
7.216
7.216
7.216
7.216
7.216
7.216
7.66
7.66
7.66
7.66
7.66
7.66
7.66
7.66
7.66
7.66
7.66
7.66
7.66
7.66
7.66
7.66
7.66
7.66
7.66
7.66
7.66
7.66
7.66
7.66
7.66
7.66
7.66
7.66
7.66
7.66
7.645
7.645
7.645
7.645
7.645
7.645
7.645
7.645
7.645
7.645
7.645
7.645
7.645
7.645
7.645
7.645
7.645
7.645
7.645
7.645
7.645
7.645
7.645
7.645
7.645
7.645
7.645
7.645
7.645
7.645
7.49
7.49
7.49
7.49
7.49
7.49
7.49
7.49
7.49
7.49
7.49
7.49
7.49
7.49
7.49
7.49
7.49
7.49
7.49
7.49
7.49
7.49
7.49
7.49
7.49
7.49
7.49
7.49
7.49
7.49
7.163
7.163
7.163
7.163
7.163
7.163
7.163
7.163
7.163
7.163
7.163
7.163
7.163
7.163
7.163
7.163
7.163
7.163
7.163
7.163
7.163
7.163
7.163
7.163
7.163
7.163
7.163
7.163
7.163
7.163
7.026
7.026
7.026
7.026
7.026
7.026
7.026
7.026
7.026
7.026
7.026
7.026
7.026
7.026
7.026
7.026
7.026
7.026
7.026
7.026
7.026
7.026
7.026
7.026
7.026
7.026
7.026
7.026
7.026
7.026
5.711
5.711
5.711
5.711
5.711
5.711
5.711
5.711
5.711
5.711
5.711
5.711
5.711
5.711
5.711
5.711
5.711
5.711
5.711
5.711
5.711
5.711
5.711
5.711
5.711
5.711
5.711
5.711
5.711
5.711
6.123
6.123
6.123
6.123
6.123
6.123
6.123
6.123
6.123
6.123
6.123
6.123
6.123
6.123
6.123
6.123
6.123
6.123
6.123
6.123
6.123
6.123
6.123
6.123
6.123
6.123
6.123
6.123
6.123
6.123
6.696
6.696
6.696
6.696
6.696
6.696
6.696
6.696
6.696
6.696
6.696
6.696
6.696
6.696
6.696
6.696
6.696
6.696
6.696
6.696
6.696
6.696
6.696
6.696
6.696
6.696
6.696
6.696
6.696
6.696
6.326
6.326
6.326
6.326
6.326
6.326
6.326
6.326
6.326
6.326
6.326
6.326
6.326
6.326
6.326
6.326
6.326
6.326
6.326
6.326
6.326
6.326
6.326
6.326
6.326
6.326
6.326
6.326
6.326
6.326
5.611
5.611
5.611
5.611
5.611
5.611
5.611
5.611
5.611
5.611
5.611
5.611
5.611
5.611
5.611
5.611
5.611
5.611
5.611
5.611
5.611
5.611
5.611
5.611
5.611
5.611
5.611
5.611
5.611
5.611
5.301
5.301
5.301
5.301
5.301
5.301
5.301
5.301
5.301
5.301
5.301
5.301
5.301
5.301
5.301
5.301
5.301
5.301
5.301
5.301
5.301
5.301
5.301
5.301
5.301
5.301
5.301
5.301
5.301
5.301
5.216
5.216
5.216
5.216
5.216
5.216
5.216
5.216
5.216
5.216
5.216
5.216
5.216
5.216
5.216
5.216
5.216
5.216
5.216
5.216
5.216
5.216
5.216
5.216
5.216
5.216
5.216
5.216
5.216
5.216
4.905
4.905
4.905
4.905
4.905
4.905
4.905
4.905
4.905
4.905
4.905
4.905
4.905
4.905
4.905
4.905
4.905
4.905
4.905
4.905
4.905
4.905
4.905
4.905
4.905
4.905
4.905
4.905
4.905
4.905
3.998
3.998
3.998
3.998
3.998
3.998
3.998
3.998
3.998
3.998
3.998
3.998
3.998
3.998
3.998
3.998
3.998
3.998
3.998
3.998
3.998
3.998
3.998
3.998
3.998
3.998
3.998
3.998
3.998
3.998
3.718
3.718
3.718
3.718
3.718
3.718
3.718
3.718
3.718
3.718
3.718
3.718
3.718
3.718
3.718
3.718
3.718
3.718
3.718
3.718
3.718
3.718
3.718
3.718
3.718
3.718
3.718
3.718
3.718
3.718
