3.273
3.273
3.273
3.273
3.273
3.273
3.273
3.273
3.273
3.273
3.273
3.273
3.273
3.273
3.273
3.273
3.273
3.273
3.273
3.273
3.273
3.273
3.273
3.273
3.273
3.273
3.273
3.273
3.273
3.273
3.212
3.212
3.212
3.212
3.212
3.212
3.212
3.212
3.212
3.212
3.212
3.212
3.212
3.212
3.212
3.212
3.212
3.212
3.212
3.212
3.212
3.212
3.212
3.212
3.212
3.212
3.212
3.212
3.212
3.212
3.251
3.251
3.251
3.251
3.251
3.251
3.251
3.251
3.251
3.251
3.251
3.251
3.251
3.251
3.251
3.251
3.251
3.251
3.251
3.251
3.251
3.251
3.251
3.251
3.251
3.251
3.251
3.251
3.251
3.251
3.272
3.272
3.272
3.272
3.272
3.272
3.272
3.272
3.272
3.272
3.272
3.272
3.272
3.272
3.272
3.272
3.272
3.272
3.272
3.272
3.272
3.272
3.272
3.272
3.272
3.272
3.272
3.272
3.272
3.272
3.285
3.285
3.285
3.285
3.285
3.285
3.285
3.285
3.285
3.285
3.285
3.285
3.285
3.285
3.285
3.285
3.285
3.285
3.285
3.285
3.285
3.285
3.285
3.285
3.285
3.285
3.285
3.285
3.285
3.285
3.129
3.129
3.129
3.129
3.129
3.129
3.129
3.129
3.129
3.129
3.129
3.129
3.129
3.129
3.129
3.129
3.129
3.129
3.129
3.129
3.129
3.129
3.129
3.129
3.129
3.129
3.129
3.129
3.129
3.129
3.361
3.361
3.361
3.361
3.361
3.361
3.361
3.361
3.361
3.361
3.361
3.361
3.361
3.361
3.361
3.361
3.361
3.361
3.361
3.361
3.361
3.361
3.361
3.361
3.361
3.361
3.361
3.361
3.361
3.361
3.619
3.619
3.619
3.619
3.619
3.619
3.619
3.619
3.619
3.619
3.619
3.619
3.619
3.619
3.619
3.619
3.619
3.619
3.619
3.619
3.619
3.619
3.619
3.619
3.619
3.619
3.619
3.619
3.619
3.619
3.589
3.589
3.589
3.589
3.589
3.589
3.589
3.589
3.589
3.589
3.589
3.589
3.589
3.589
3.589
3.589
3.589
3.589
3.589
3.589
3.589
3.589
3.589
3.589
3.589
3.589
3.589
3.589
3.589
3.589
3.566
3.566
3.566
3.566
3.566
3.566
3.566
3.566
3.566
3.566
3.566
3.566
3.566
3.566
3.566
3.566
3.566
3.566
3.566
3.566
3.566
3.566
3.566
3.566
3.566
3.566
3.566
3.566
3.566
3.566
3.91
3.91
3.91
3.91
3.91
3.91
3.91
3.91
3.91
3.91
3.91
3.91
3.91
3.91
3.91
3.91
3.91
3.91
3.91
3.91
3.91
3.91
3.91
3.91
3.91
3.91
3.91
3.91
3.91
3.91
4.196
4.196
4.196
4.196
4.196
4.196
4.196
4.196
4.196
4.196
4.196
4.196
4.196
4.196
4.196
4.196
4.196
4.196
4.196
4.196
4.196
4.196
4.196
4.196
4.196
4.196
4.196
4.196
4.196
4.196
3.984
3.984
3.984
3.984
3.984
3.984
3.984
3.984
3.984
3.984
3.984
3.984
3.984
3.984
3.984
3.984
3.984
3.984
3.984
3.984
3.984
3.984
3.984
3.984
3.984
3.984
3.984
3.984
3.984
3.984
4.056
4.056
4.056
4.056
4.056
4.056
4.056
4.056
4.056
4.056
4.056
4.056
4.056
4.056
4.056
4.056
4.056
4.056
4.056
4.056
4.056
4.056
4.056
4.056
4.056
4.056
4.056
4.056
4.056
4.056
4.802
4.802
4.802
4.802
4.802
4.802
4.802
4.802
4.802
4.802
4.802
4.802
4.802
4.802
4.802
4.802
4.802
4.802
4.802
4.802
4.802
4.802
4.802
4.802
4.802
4.802
4.802
4.802
4.802
4.802
4.513
4.513
4.513
4.513
4.513
4.513
4.513
4.513
4.513
4.513
4.513
4.513
4.513
4.513
4.513
4.513
4.513
4.513
4.513
4.513
4.513
4.513
4.513
4.513
4.513
4.513
4.513
4.513
4.513
4.513
4.631
4.631
4.631
4.631
4.631
4.631
4.631
4.631
4.631
4.631
4.631
4.631
4.631
4.631
4.631
4.631
4.631
4.631
4.631
4.631
4.631
4.631
4.631
4.631
4.631
4.631
4.631
4.631
4.631
4.631
5.116
5.116
5.116
5.116
5.116
5.116
5.116
5.116
5.116
5.116
5.116
5.116
5.116
5.116
5.116
5.116
5.116
5.116
5.116
5.116
5.116
5.116
5.116
5.116
5.116
5.116
5.116
5.116
5.116
5.116
6.256
6.256
6.256
6.256
6.256
6.256
6.256
6.256
6.256
6.256
6.256
6.256
6.256
6.256
6.256
6.256
6.256
6.256
6.256
6.256
6.256
6.256
6.256
6.256
6.256
6.256
6.256
6.256
6.256
6.256
6.161
6.161
6.161
6.161
6.161
6.161
6.161
6.161
6.161
6.161
6.161
6.161
6.161
6.161
6.161
6.161
6.161
6.161
6.161
6.161
6.161
6.161
6.161
6.161
6.161
6.161
6.161
6.161
6.161
6.161
6.104
6.104
6.104
6.104
6.104
6.104
6.104
6.104
6.104
6.104
6.104
6.104
6.104
6.104
6.104
6.104
6.104
6.104
6.104
6.104
6.104
6.104
6.104
6.104
6.104
6.104
6.104
6.104
6.104
6.104
6.058
6.058
6.058
6.058
6.058
6.058
6.058
6.058
6.058
6.058
6.058
6.058
6.058
6.058
6.058
6.058
6.058
6.058
6.058
6.058
6.058
6.058
6.058
6.058
6.058
6.058
6.058
6.058
6.058
6.058
5.86
5.86
5.86
5.86
5.86
5.86
5.86
5.86
5.86
5.86
5.86
5.86
5.86
5.86
5.86
5.86
5.86
5.86
5.86
5.86
5.86
5.86
5.86
5.86
5.86
5.86
5.86
5.86
5.86
5.86
5.903
5.903
5.903
5.903
5.903
5.903
5.903
5.903
5.903
5.903
5.903
5.903
5.903
5.903
5.903
5.903
5.903
5.903
5.903
5.903
5.903
5.903
5.903
5.903
5.903
5.903
5.903
5.903
5.903
5.903
5.967
5.967
5.967
5.967
5.967
5.967
5.967
5.967
5.967
5.967
5.967
5.967
5.967
5.967
5.967
5.967
5.967
5.967
5.967
5.967
5.967
5.967
5.967
5.967
5.967
5.967
5.967
5.967
5.967
5.967
5.919
5.919
5.919
5.919
5.919
5.919
5.919
5.919
5.919
5.919
5.919
5.919
5.919
5.919
5.919
5.919
5.919
5.919
5.919
5.919
5.919
5.919
5.919
5.919
5.919
5.919
5.919
5.919
5.919
5.919
5.595
5.595
5.595
5.595
5.595
5.595
5.595
5.595
5.595
5.595
5.595
5.595
5.595
5.595
5.595
5.595
5.595
5.595
5.595
5.595
5.595
5.595
5.595
5.595
5.595
5.595
5.595
5.595
5.595
5.595
5.392
5.392
5.392
5.392
5.392
5.392
5.392
5.392
5.392
5.392
5.392
5.392
5.392
5.392
5.392
5.392
5.392
5.392
5.392
5.392
5.392
5.392
5.392
5.392
5.392
5.392
5.392
5.392
5.392
5.392
5.255
5.255
5.255
5.255
5.255
5.255
5.255
5.255
5.255
5.255
5.255
5.255
5.255
5.255
5.255
5.255
5.255
5.255
5.255
5.255
5.255
5.255
5.255
5.255
5.255
5.255
5.255
5.255
5.255
5.255
5.296
5.296
5.296
5.296
5.296
5.296
5.296
5.296
5.296
5.296
5.296
5.296
5.296
5.296
5.296
5.296
5.296
5.296
5.296
5.296
5.296
5.296
5.296
5.296
5.296
5.296
5.296
5.296
5.296
5.296
5.651
5.651
5.651
5.651
5.651
5.651
5.651
5.651
5.651
5.651
5.651
5.651
5.651
5.651
5.651
5.651
5.651
5.651
5.651
5.651
5.651
5.651
5.651
5.651
5.651
5.651
5.651
5.651
5.651
5.651
5.84
5.84
5.84
5.84
5.84
5.84
5.84
5.84
5.84
5.84
5.84
5.84
5.84
5.84
5.84
5.84
5.84
5.84
5.84
5.84
5.84
5.84
5.84
5.84
5.84
5.84
5.84
5.84
5.84
5.84
6.097
6.097
6.097
6.097
6.097
6.097
6.097
6.097
6.097
6.097
6.097
6.097
6.097
6.097
6.097
6.097
6.097
6.097
6.097
6.097
6.097
6.097
6.097
6.097
6.097
6.097
6.097
6.097
6.097
6.097
6.097
6.097
6.097
6.097
6.097
6.097
6.097
6.097
6.097
6.097
6.097
6.097
6.097
6.097
6.097
6.097
6.097
6.097
6.097
6.097
6.097
6.097
6.097
6.097
6.097
6.097
6.097
6.097
6.097
6.097
6.295
6.295
6.295
6.295
6.295
6.295
6.295
6.295
6.295
6.295
6.295
6.295
6.295
6.295
6.295
6.295
6.295
6.295
6.295
6.295
6.295
6.295
6.295
6.295
6.295
6.295
6.295
6.295
6.295
6.295
6.31
6.31
6.31
6.31
6.31
6.31
6.31
6.31
6.31
6.31
6.31
6.31
6.31
6.31
6.31
6.31
6.31
6.31
6.31
6.31
6.31
6.31
6.31
6.31
6.31
6.31
6.31
6.31
6.31
6.31
6.382
6.382
6.382
6.382
6.382
6.382
6.382
6.382
6.382
6.382
6.382
6.382
6.382
6.382
6.382
6.382
6.382
6.382
6.382
6.382
6.382
6.382
6.382
6.382
6.382
6.382
6.382
6.382
6.382
6.382
6.322
6.322
6.322
6.322
6.322
6.322
6.322
6.322
6.322
6.322
6.322
6.322
6.322
6.322
6.322
6.322
6.322
6.322
6.322
6.322
6.322
6.322
6.322
6.322
6.322
6.322
6.322
6.322
6.322
6.322
6.161
6.161
6.161
6.161
6.161
6.161
6.161
6.161
6.161
6.161
6.161
6.161
6.161
6.161
6.161
6.161
6.161
6.161
6.161
6.161
6.161
6.161
6.161
6.161
6.161
6.161
6.161
6.161
6.161
6.161
6.517
6.517
6.517
6.517
6.517
6.517
6.517
6.517
6.517
6.517
6.517
6.517
6.517
6.517
6.517
6.517
6.517
6.517
6.517
6.517
6.517
6.517
6.517
6.517
6.517
6.517
6.517
6.517
6.517
6.517
6.894
6.894
6.894
6.894
6.894
6.894
6.894
6.894
6.894
6.894
6.894
6.894
6.894
6.894
6.894
6.894
6.894
6.894
6.894
6.894
6.894
6.894
6.894
6.894
6.894
6.894
6.894
6.894
6.894
6.894
6.823
6.823
6.823
6.823
6.823
6.823
6.823
6.823
6.823
6.823
6.823
6.823
6.823
6.823
6.823
6.823
6.823
6.823
6.823
6.823
6.823
6.823
6.823
6.823
6.823
6.823
6.823
6.823
6.823
6.823
5.915
5.915
5.915
5.915
5.915
5.915
5.915
5.915
5.915
5.915
5.915
5.915
5.915
5.915
5.915
5.915
5.915
5.915
5.915
5.915
5.915
5.915
5.915
5.915
5.915
5.915
5.915
5.915
5.915
5.915
5.081
5.081
5.081
5.081
5.081
5.081
5.081
5.081
5.081
5.081
5.081
5.081
5.081
5.081
5.081
5.081
5.081
5.081
5.081
5.081
5.081
5.081
5.081
5.081
5.081
5.081
5.081
5.081
5.081
5.081
4.654
4.654
4.654
4.654
4.654
4.654
4.654
4.654
4.654
4.654
4.654
4.654
4.654
4.654
4.654
4.654
4.654
4.654
4.654
4.654
4.654
4.654
4.654
4.654
4.654
4.654
4.654
4.654
4.654
4.654
4.57
4.57
4.57
4.57
4.57
4.57
4.57
4.57
4.57
4.57
4.57
4.57
4.57
4.57
4.57
4.57
4.57
4.57
4.57
4.57
4.57
4.57
4.57
4.57
4.57
4.57
4.57
4.57
4.57
4.57
3.879
3.879
3.879
3.879
3.879
3.879
3.879
3.879
3.879
3.879
3.879
3.879
3.879
3.879
3.879
3.879
3.879
3.879
3.879
3.879
3.879
3.879
3.879
3.879
3.879
3.879
3.879
3.879
3.879
3.879
3.484
3.484
3.484
3.484
3.484
3.484
3.484
3.484
3.484
3.484
3.484
3.484
3.484
3.484
3.484
3.484
3.484
3.484
3.484
3.484
3.484
3.484
3.484
3.484
3.484
3.484
3.484
3.484
3.484
3.484
