3.773
3.773
3.773
3.773
3.773
3.773
3.773
3.773
3.773
3.773
3.773
3.773
3.773
3.773
3.773
3.773
3.773
3.773
3.773
3.773
3.773
3.773
3.773
3.773
3.773
3.773
3.773
3.773
3.773
3.773
3.826
3.826
3.826
3.826
3.826
3.826
3.826
3.826
3.826
3.826
3.826
3.826
3.826
3.826
3.826
3.826
3.826
3.826
3.826
3.826
3.826
3.826
3.826
3.826
3.826
3.826
3.826
3.826
3.826
3.826
3.587
3.587
3.587
3.587
3.587
3.587
3.587
3.587
3.587
3.587
3.587
3.587
3.587
3.587
3.587
3.587
3.587
3.587
3.587
3.587
3.587
3.587
3.587
3.587
3.587
3.587
3.587
3.587
3.587
3.587
3.731
3.731
3.731
3.731
3.731
3.731
3.731
3.731
3.731
3.731
3.731
3.731
3.731
3.731
3.731
3.731
3.731
3.731
3.731
3.731
3.731
3.731
3.731
3.731
3.731
3.731
3.731
3.731
3.731
3.731
3.575
3.575
3.575
3.575
3.575
3.575
3.575
3.575
3.575
3.575
3.575
3.575
3.575
3.575
3.575
3.575
3.575
3.575
3.575
3.575
3.575
3.575
3.575
3.575
3.575
3.575
3.575
3.575
3.575
3.575
3.555
3.555
3.555
3.555
3.555
3.555
3.555
3.555
3.555
3.555
3.555
3.555
3.555
3.555
3.555
3.555
3.555
3.555
3.555
3.555
3.555
3.555
3.555
3.555
3.555
3.555
3.555
3.555
3.555
3.555
3.598
3.598
3.598
3.598
3.598
3.598
3.598
3.598
3.598
3.598
3.598
3.598
3.598
3.598
3.598
3.598
3.598
3.598
3.598
3.598
3.598
3.598
3.598
3.598
3.598
3.598
3.598
3.598
3.598
3.598
3.58
3.58
3.58
3.58
3.58
3.58
3.58
3.58
3.58
3.58
3.58
3.58
3.58
3.58
3.58
3.58
3.58
3.58
3.58
3.58
3.58
3.58
3.58
3.58
3.58
3.58
3.58
3.58
3.58
3.58
3.483
3.483
3.483
3.483
3.483
3.483
3.483
3.483
3.483
3.483
3.483
3.483
3.483
3.483
3.483
3.483
3.483
3.483
3.483
3.483
3.483
3.483
3.483
3.483
3.483
3.483
3.483
3.483
3.483
3.483
3.514
3.514
3.514
3.514
3.514
3.514
3.514
3.514
3.514
3.514
3.514
3.514
3.514
3.514
3.514
3.514
3.514
3.514
3.514
3.514
3.514
3.514
3.514
3.514
3.514
3.514
3.514
3.514
3.514
3.514
3.877
3.877
3.877
3.877
3.877
3.877
3.877
3.877
3.877
3.877
3.877
3.877
3.877
3.877
3.877
3.877
3.877
3.877
3.877
3.877
3.877
3.877
3.877
3.877
3.877
3.877
3.877
3.877
3.877
3.877
4.073
4.073
4.073
4.073
4.073
4.073
4.073
4.073
4.073
4.073
4.073
4.073
4.073
4.073
4.073
4.073
4.073
4.073
4.073
4.073
4.073
4.073
4.073
4.073
4.073
4.073
4.073
4.073
4.073
4.073
5.2
5.2
5.2
5.2
5.2
5.2
5.2
5.2
5.2
5.2
5.2
5.2
5.2
5.2
5.2
5.2
5.2
5.2
5.2
5.2
5.2
5.2
5.2
5.2
5.2
5.2
5.2
5.2
5.2
5.2
5.183
5.183
5.183
5.183
5.183
5.183
5.183
5.183
5.183
5.183
5.183
5.183
5.183
5.183
5.183
5.183
5.183
5.183
5.183
5.183
5.183
5.183
5.183
5.183
5.183
5.183
5.183
5.183
5.183
5.183
5.304
5.304
5.304
5.304
5.304
5.304
5.304
5.304
5.304
5.304
5.304
5.304
5.304
5.304
5.304
5.304
5.304
5.304
5.304
5.304
5.304
5.304
5.304
5.304
5.304
5.304
5.304
5.304
5.304
5.304
5.507
5.507
5.507
5.507
5.507
5.507
5.507
5.507
5.507
5.507
5.507
5.507
5.507
5.507
5.507
5.507
5.507
5.507
5.507
5.507
5.507
5.507
5.507
5.507
5.507
5.507
5.507
5.507
5.507
5.507
5.318
5.318
5.318
5.318
5.318
5.318
5.318
5.318
5.318
5.318
5.318
5.318
5.318
5.318
5.318
5.318
5.318
5.318
5.318
5.318
5.318
5.318
5.318
5.318
5.318
5.318
5.318
5.318
5.318
5.318
5.071
5.071
5.071
5.071
5.071
5.071
5.071
5.071
5.071
5.071
5.071
5.071
5.071
5.071
5.071
5.071
5.071
5.071
5.071
5.071
5.071
5.071
5.071
5.071
5.071
5.071
5.071
5.071
5.071
5.071
6.097
6.097
6.097
6.097
6.097
6.097
6.097
6.097
6.097
6.097
6.097
6.097
6.097
6.097
6.097
6.097
6.097
6.097
6.097
6.097
6.097
6.097
6.097
6.097
6.097
6.097
6.097
6.097
6.097
6.097
6.822
6.822
6.822
6.822
6.822
6.822
6.822
6.822
6.822
6.822
6.822
6.822
6.822
6.822
6.822
6.822
6.822
6.822
6.822
6.822
6.822
6.822
6.822
6.822
6.822
6.822
6.822
6.822
6.822
6.822
7.372
7.372
7.372
7.372
7.372
7.372
7.372
7.372
7.372
7.372
7.372
7.372
7.372
7.372
7.372
7.372
7.372
7.372
7.372
7.372
7.372
7.372
7.372
7.372
7.372
7.372
7.372
7.372
7.372
7.372
7.461
7.461
7.461
7.461
7.461
7.461
7.461
7.461
7.461
7.461
7.461
7.461
7.461
7.461
7.461
7.461
7.461
7.461
7.461
7.461
7.461
7.461
7.461
7.461
7.461
7.461
7.461
7.461
7.461
7.461
6.76
6.76
6.76
6.76
6.76
6.76
6.76
6.76
6.76
6.76
6.76
6.76
6.76
6.76
6.76
6.76
6.76
6.76
6.76
6.76
6.76
6.76
6.76
6.76
6.76
6.76
6.76
6.76
6.76
6.76
6.883
6.883
6.883
6.883
6.883
6.883
6.883
6.883
6.883
6.883
6.883
6.883
6.883
6.883
6.883
6.883
6.883
6.883
6.883
6.883
6.883
6.883
6.883
6.883
6.883
6.883
6.883
6.883
6.883
6.883
6.809
6.809
6.809
6.809
6.809
6.809
6.809
6.809
6.809
6.809
6.809
6.809
6.809
6.809
6.809
6.809
6.809
6.809
6.809
6.809
6.809
6.809
6.809
6.809
6.809
6.809
6.809
6.809
6.809
6.809
6.992
6.992
6.992
6.992
6.992
6.992
6.992
6.992
6.992
6.992
6.992
6.992
6.992
6.992
6.992
6.992
6.992
6.992
6.992
6.992
6.992
6.992
6.992
6.992
6.992
6.992
6.992
6.992
6.992
6.992
6.12
6.12
6.12
6.12
6.12
6.12
6.12
6.12
6.12
6.12
6.12
6.12
6.12
6.12
6.12
6.12
6.12
6.12
6.12
6.12
6.12
6.12
6.12
6.12
6.12
6.12
6.12
6.12
6.12
6.12
5.774
5.774
5.774
5.774
5.774
5.774
5.774
5.774
5.774
5.774
5.774
5.774
5.774
5.774
5.774
5.774
5.774
5.774
5.774
5.774
5.774
5.774
5.774
5.774
5.774
5.774
5.774
5.774
5.774
5.774
5.799
5.799
5.799
5.799
5.799
5.799
5.799
5.799
5.799
5.799
5.799
5.799
5.799
5.799
5.799
5.799
5.799
5.799
5.799
5.799
5.799
5.799
5.799
5.799
5.799
5.799
5.799
5.799
5.799
5.799
5.332
5.332
5.332
5.332
5.332
5.332
5.332
5.332
5.332
5.332
5.332
5.332
5.332
5.332
5.332
5.332
5.332
5.332
5.332
5.332
5.332
5.332
5.332
5.332
5.332
5.332
5.332
5.332
5.332
5.332
4.938
4.938
4.938
4.938
4.938
4.938
4.938
4.938
4.938
4.938
4.938
4.938
4.938
4.938
4.938
4.938
4.938
4.938
4.938
4.938
4.938
4.938
4.938
4.938
4.938
4.938
4.938
4.938
4.938
4.938
4.746
4.746
4.746
4.746
4.746
4.746
4.746
4.746
4.746
4.746
4.746
4.746
4.746
4.746
4.746
4.746
4.746
4.746
4.746
4.746
4.746
4.746
4.746
4.746
4.746
4.746
4.746
4.746
4.746
4.746
5.392
5.392
5.392
5.392
5.392
5.392
5.392
5.392
5.392
5.392
5.392
5.392
5.392
5.392
5.392
5.392
5.392
5.392
5.392
5.392
5.392
5.392
5.392
5.392
5.392
5.392
5.392
5.392
5.392
5.392
5.338
5.338
5.338
5.338
5.338
5.338
5.338
5.338
5.338
5.338
5.338
5.338
5.338
5.338
5.338
5.338
5.338
5.338
5.338
5.338
5.338
5.338
5.338
5.338
5.338
5.338
5.338
5.338
5.338
5.338
6.016
6.016
6.016
6.016
6.016
6.016
6.016
6.016
6.016
6.016
6.016
6.016
6.016
6.016
6.016
6.016
6.016
6.016
6.016
6.016
6.016
6.016
6.016
6.016
6.016
6.016
6.016
6.016
6.016
6.016
5.996
5.996
5.996
5.996
5.996
5.996
5.996
5.996
5.996
5.996
5.996
5.996
5.996
5.996
5.996
5.996
5.996
5.996
5.996
5.996
5.996
5.996
5.996
5.996
5.996
5.996
5.996
5.996
5.996
5.996
5.879
5.879
5.879
5.879
5.879
5.879
5.879
5.879
5.879
5.879
5.879
5.879
5.879
5.879
5.879
5.879
5.879
5.879
5.879
5.879
5.879
5.879
5.879
5.879
5.879
5.879
5.879
5.879
5.879
5.879
5.986
5.986
5.986
5.986
5.986
5.986
5.986
5.986
5.986
5.986
5.986
5.986
5.986
5.986
5.986
5.986
5.986
5.986
5.986
5.986
5.986
5.986
5.986
5.986
5.986
5.986
5.986
5.986
5.986
5.986
7.934
7.934
7.934
7.934
7.934
7.934
7.934
7.934
7.934
7.934
7.934
7.934
7.934
7.934
7.934
7.934
7.934
7.934
7.934
7.934
7.934
7.934
7.934
7.934
7.934
7.934
7.934
7.934
7.934
7.934
9.05
9.05
9.05
9.05
9.05
9.05
9.05
9.05
9.05
9.05
9.05
9.05
9.05
9.05
9.05
9.05
9.05
9.05
9.05
9.05
9.05
9.05
9.05
9.05
9.05
9.05
9.05
9.05
9.05
9.05
7.804
7.804
7.804
7.804
7.804
7.804
7.804
7.804
7.804
7.804
7.804
7.804
7.804
7.804
7.804
7.804
7.804
7.804
7.804
7.804
7.804
7.804
7.804
7.804
7.804
7.804
7.804
7.804
7.804
7.804
6.529
6.529
6.529
6.529
6.529
6.529
6.529
6.529
6.529
6.529
6.529
6.529
6.529
6.529
6.529
6.529
6.529
6.529
6.529
6.529
6.529
6.529
6.529
6.529
6.529
6.529
6.529
6.529
6.529
6.529
5.059
5.059
5.059
5.059
5.059
5.059
5.059
5.059
5.059
5.059
5.059
5.059
5.059
5.059
5.059
5.059
5.059
5.059
5.059
5.059
5.059
5.059
5.059
5.059
5.059
5.059
5.059
5.059
5.059
5.059
5.046
5.046
5.046
5.046
5.046
5.046
5.046
5.046
5.046
5.046
5.046
5.046
5.046
5.046
5.046
5.046
5.046
5.046
5.046
5.046
5.046
5.046
5.046
5.046
5.046
5.046
5.046
5.046
5.046
5.046
5.171
5.171
5.171
5.171
5.171
5.171
5.171
5.171
5.171
5.171
5.171
5.171
5.171
5.171
5.171
5.171
5.171
5.171
5.171
5.171
5.171
5.171
5.171
5.171
5.171
5.171
5.171
5.171
5.171
5.171
5.015
5.015
5.015
5.015
5.015
5.015
5.015
5.015
5.015
5.015
5.015
5.015
5.015
5.015
5.015
5.015
5.015
5.015
5.015
5.015
5.015
5.015
5.015
5.015
5.015
5.015
5.015
5.015
5.015
5.015
4.902
4.902
4.902
4.902
4.902
4.902
4.902
4.902
4.902
4.902
4.902
4.902
4.902
4.902
4.902
4.902
4.902
4.902
4.902
4.902
4.902
4.902
4.902
4.902
4.902
4.902
4.902
4.902
4.902
4.902
4.024
4.024
4.024
4.024
4.024
4.024
4.024
4.024
4.024
4.024
4.024
4.024
4.024
4.024
4.024
4.024
4.024
4.024
4.024
4.024
4.024
4.024
4.024
4.024
4.024
4.024
4.024
4.024
4.024
4.024
