3.518
3.518
3.518
3.518
3.518
3.518
3.518
3.518
3.518
3.518
3.518
3.518
3.518
3.518
3.518
3.518
3.518
3.518
3.518
3.518
3.518
3.518
3.518
3.518
3.518
3.518
3.518
3.518
3.518
3.518
3.802
3.802
3.802
3.802
3.802
3.802
3.802
3.802
3.802
3.802
3.802
3.802
3.802
3.802
3.802
3.802
3.802
3.802
3.802
3.802
3.802
3.802
3.802
3.802
3.802
3.802
3.802
3.802
3.802
3.802
3.855
3.855
3.855
3.855
3.855
3.855
3.855
3.855
3.855
3.855
3.855
3.855
3.855
3.855
3.855
3.855
3.855
3.855
3.855
3.855
3.855
3.855
3.855
3.855
3.855
3.855
3.855
3.855
3.855
3.855
3.731
3.731
3.731
3.731
3.731
3.731
3.731
3.731
3.731
3.731
3.731
3.731
3.731
3.731
3.731
3.731
3.731
3.731
3.731
3.731
3.731
3.731
3.731
3.731
3.731
3.731
3.731
3.731
3.731
3.731
3.694
3.694
3.694
3.694
3.694
3.694
3.694
3.694
3.694
3.694
3.694
3.694
3.694
3.694
3.694
3.694
3.694
3.694
3.694
3.694
3.694
3.694
3.694
3.694
3.694
3.694
3.694
3.694
3.694
3.694
3.604
3.604
3.604
3.604
3.604
3.604
3.604
3.604
3.604
3.604
3.604
3.604
3.604
3.604
3.604
3.604
3.604
3.604
3.604
3.604
3.604
3.604
3.604
3.604
3.604
3.604
3.604
3.604
3.604
3.604
3.746
3.746
3.746
3.746
3.746
3.746
3.746
3.746
3.746
3.746
3.746
3.746
3.746
3.746
3.746
3.746
3.746
3.746
3.746
3.746
3.746
3.746
3.746
3.746
3.746
3.746
3.746
3.746
3.746
3.746
3.54
3.54
3.54
3.54
3.54
3.54
3.54
3.54
3.54
3.54
3.54
3.54
3.54
3.54
3.54
3.54
3.54
3.54
3.54
3.54
3.54
3.54
3.54
3.54
3.54
3.54
3.54
3.54
3.54
3.54
3.562
3.562
3.562
3.562
3.562
3.562
3.562
3.562
3.562
3.562
3.562
3.562
3.562
3.562
3.562
3.562
3.562
3.562
3.562
3.562
3.562
3.562
3.562
3.562
3.562
3.562
3.562
3.562
3.562
3.562
3.496
3.496
3.496
3.496
3.496
3.496
3.496
3.496
3.496
3.496
3.496
3.496
3.496
3.496
3.496
3.496
3.496
3.496
3.496
3.496
3.496
3.496
3.496
3.496
3.496
3.496
3.496
3.496
3.496
3.496
3.858
3.858
3.858
3.858
3.858
3.858
3.858
3.858
3.858
3.858
3.858
3.858
3.858
3.858
3.858
3.858
3.858
3.858
3.858
3.858
3.858
3.858
3.858
3.858
3.858
3.858
3.858
3.858
3.858
3.858
4.16
4.16
4.16
4.16
4.16
4.16
4.16
4.16
4.16
4.16
4.16
4.16
4.16
4.16
4.16
4.16
4.16
4.16
4.16
4.16
4.16
4.16
4.16
4.16
4.16
4.16
4.16
4.16
4.16
4.16
3.771
3.771
3.771
3.771
3.771
3.771
3.771
3.771
3.771
3.771
3.771
3.771
3.771
3.771
3.771
3.771
3.771
3.771
3.771
3.771
3.771
3.771
3.771
3.771
3.771
3.771
3.771
3.771
3.771
3.771
3.792
3.792
3.792
3.792
3.792
3.792
3.792
3.792
3.792
3.792
3.792
3.792
3.792
3.792
3.792
3.792
3.792
3.792
3.792
3.792
3.792
3.792
3.792
3.792
3.792
3.792
3.792
3.792
3.792
3.792
3.946
3.946
3.946
3.946
3.946
3.946
3.946
3.946
3.946
3.946
3.946
3.946
3.946
3.946
3.946
3.946
3.946
3.946
3.946
3.946
3.946
3.946
3.946
3.946
3.946
3.946
3.946
3.946
3.946
3.946
3.96
3.96
3.96
3.96
3.96
3.96
3.96
3.96
3.96
3.96
3.96
3.96
3.96
3.96
3.96
3.96
3.96
3.96
3.96
3.96
3.96
3.96
3.96
3.96
3.96
3.96
3.96
3.96
3.96
3.96
4.135
4.135
4.135
4.135
4.135
4.135
4.135
4.135
4.135
4.135
4.135
4.135
4.135
4.135
4.135
4.135
4.135
4.135
4.135
4.135
4.135
4.135
4.135
4.135
4.135
4.135
4.135
4.135
4.135
4.135
4.17
4.17
4.17
4.17
4.17
4.17
4.17
4.17
4.17
4.17
4.17
4.17
4.17
4.17
4.17
4.17
4.17
4.17
4.17
4.17
4.17
4.17
4.17
4.17
4.17
4.17
4.17
4.17
4.17
4.17
4.259
4.259
4.259
4.259
4.259
4.259
4.259
4.259
4.259
4.259
4.259
4.259
4.259
4.259
4.259
4.259
4.259
4.259
4.259
4.259
4.259
4.259
4.259
4.259
4.259
4.259
4.259
4.259
4.259
4.259
4.214
4.214
4.214
4.214
4.214
4.214
4.214
4.214
4.214
4.214
4.214
4.214
4.214
4.214
4.214
4.214
4.214
4.214
4.214
4.214
4.214
4.214
4.214
4.214
4.214
4.214
4.214
4.214
4.214
4.214
4.207
4.207
4.207
4.207
4.207
4.207
4.207
4.207
4.207
4.207
4.207
4.207
4.207
4.207
4.207
4.207
4.207
4.207
4.207
4.207
4.207
4.207
4.207
4.207
4.207
4.207
4.207
4.207
4.207
4.207
4.198
4.198
4.198
4.198
4.198
4.198
4.198
4.198
4.198
4.198
4.198
4.198
4.198
4.198
4.198
4.198
4.198
4.198
4.198
4.198
4.198
4.198
4.198
4.198
4.198
4.198
4.198
4.198
4.198
4.198
3.876
3.876
3.876
3.876
3.876
3.876
3.876
3.876
3.876
3.876
3.876
3.876
3.876
3.876
3.876
3.876
3.876
3.876
3.876
3.876
3.876
3.876
3.876
3.876
3.876
3.876
3.876
3.876
3.876
3.876
3.875
3.875
3.875
3.875
3.875
3.875
3.875
3.875
3.875
3.875
3.875
3.875
3.875
3.875
3.875
3.875
3.875
3.875
3.875
3.875
3.875
3.875
3.875
3.875
3.875
3.875
3.875
3.875
3.875
3.875
3.874
3.874
3.874
3.874
3.874
3.874
3.874
3.874
3.874
3.874
3.874
3.874
3.874
3.874
3.874
3.874
3.874
3.874
3.874
3.874
3.874
3.874
3.874
3.874
3.874
3.874
3.874
3.874
3.874
3.874
3.859
3.859
3.859
3.859
3.859
3.859
3.859
3.859
3.859
3.859
3.859
3.859
3.859
3.859
3.859
3.859
3.859
3.859
3.859
3.859
3.859
3.859
3.859
3.859
3.859
3.859
3.859
3.859
3.859
3.859
3.778
3.778
3.778
3.778
3.778
3.778
3.778
3.778
3.778
3.778
3.778
3.778
3.778
3.778
3.778
3.778
3.778
3.778
3.778
3.778
3.778
3.778
3.778
3.778
3.778
3.778
3.778
3.778
3.778
3.778
3.793
3.793
3.793
3.793
3.793
3.793
3.793
3.793
3.793
3.793
3.793
3.793
3.793
3.793
3.793
3.793
3.793
3.793
3.793
3.793
3.793
3.793
3.793
3.793
3.793
3.793
3.793
3.793
3.793
3.793
3.774
3.774
3.774
3.774
3.774
3.774
3.774
3.774
3.774
3.774
3.774
3.774
3.774
3.774
3.774
3.774
3.774
3.774
3.774
3.774
3.774
3.774
3.774
3.774
3.774
3.774
3.774
3.774
3.774
3.774
3.758
3.758
3.758
3.758
3.758
3.758
3.758
3.758
3.758
3.758
3.758
3.758
3.758
3.758
3.758
3.758
3.758
3.758
3.758
3.758
3.758
3.758
3.758
3.758
3.758
3.758
3.758
3.758
3.758
3.758
4.232
4.232
4.232
4.232
4.232
4.232
4.232
4.232
4.232
4.232
4.232
4.232
4.232
4.232
4.232
4.232
4.232
4.232
4.232
4.232
4.232
4.232
4.232
4.232
4.232
4.232
4.232
4.232
4.232
4.232
4.181
4.181
4.181
4.181
4.181
4.181
4.181
4.181
4.181
4.181
4.181
4.181
4.181
4.181
4.181
4.181
4.181
4.181
4.181
4.181
4.181
4.181
4.181
4.181
4.181
4.181
4.181
4.181
4.181
4.181
4.126
4.126
4.126
4.126
4.126
4.126
4.126
4.126
4.126
4.126
4.126
4.126
4.126
4.126
4.126
4.126
4.126
4.126
4.126
4.126
4.126
4.126
4.126
4.126
4.126
4.126
4.126
4.126
4.126
4.126
4.604
4.604
4.604
4.604
4.604
4.604
4.604
4.604
4.604
4.604
4.604
4.604
4.604
4.604
4.604
4.604
4.604
4.604
4.604
4.604
4.604
4.604
4.604
4.604
4.604
4.604
4.604
4.604
4.604
4.604
6.312
6.312
6.312
6.312
6.312
6.312
6.312
6.312
6.312
6.312
6.312
6.312
6.312
6.312
6.312
6.312
6.312
6.312
6.312
6.312
6.312
6.312
6.312
6.312
6.312
6.312
6.312
6.312
6.312
6.312
6.235
6.235
6.235
6.235
6.235
6.235
6.235
6.235
6.235
6.235
6.235
6.235
6.235
6.235
6.235
6.235
6.235
6.235
6.235
6.235
6.235
6.235
6.235
6.235
6.235
6.235
6.235
6.235
6.235
6.235
6.053
6.053
6.053
6.053
6.053
6.053
6.053
6.053
6.053
6.053
6.053
6.053
6.053
6.053
6.053
6.053
6.053
6.053
6.053
6.053
6.053
6.053
6.053
6.053
6.053
6.053
6.053
6.053
6.053
6.053
5.615
5.615
5.615
5.615
5.615
5.615
5.615
5.615
5.615
5.615
5.615
5.615
5.615
5.615
5.615
5.615
5.615
5.615
5.615
5.615
5.615
5.615
5.615
5.615
5.615
5.615
5.615
5.615
5.615
5.615
4.063
4.063
4.063
4.063
4.063
4.063
4.063
4.063
4.063
4.063
4.063
4.063
4.063
4.063
4.063
4.063
4.063
4.063
4.063
4.063
4.063
4.063
4.063
4.063
4.063
4.063
4.063
4.063
4.063
4.063
4.203
4.203
4.203
4.203
4.203
4.203
4.203
4.203
4.203
4.203
4.203
4.203
4.203
4.203
4.203
4.203
4.203
4.203
4.203
4.203
4.203
4.203
4.203
4.203
4.203
4.203
4.203
4.203
4.203
4.203
4.227
4.227
4.227
4.227
4.227
4.227
4.227
4.227
4.227
4.227
4.227
4.227
4.227
4.227
4.227
4.227
4.227
4.227
4.227
4.227
4.227
4.227
4.227
4.227
4.227
4.227
4.227
4.227
4.227
4.227
4.11
4.11
4.11
4.11
4.11
4.11
4.11
4.11
4.11
4.11
4.11
4.11
4.11
4.11
4.11
4.11
4.11
4.11
4.11
4.11
4.11
4.11
4.11
4.11
4.11
4.11
4.11
4.11
4.11
4.11
4.099
4.099
4.099
4.099
4.099
4.099
4.099
4.099
4.099
4.099
4.099
4.099
4.099
4.099
4.099
4.099
4.099
4.099
4.099
4.099
4.099
4.099
4.099
4.099
4.099
4.099
4.099
4.099
4.099
4.099
3.976
3.976
3.976
3.976
3.976
3.976
3.976
3.976
3.976
3.976
3.976
3.976
3.976
3.976
3.976
3.976
3.976
3.976
3.976
3.976
3.976
3.976
3.976
3.976
3.976
3.976
3.976
3.976
3.976
3.976
3.796
3.796
3.796
3.796
3.796
3.796
3.796
3.796
3.796
3.796
3.796
3.796
3.796
3.796
3.796
3.796
3.796
3.796
3.796
3.796
3.796
3.796
3.796
3.796
3.796
3.796
3.796
3.796
3.796
3.796
3.64
3.64
3.64
3.64
3.64
3.64
3.64
3.64
3.64
3.64
3.64
3.64
3.64
3.64
3.64
3.64
3.64
3.64
3.64
3.64
3.64
3.64
3.64
3.64
3.64
3.64
3.64
3.64
3.64
3.64
3.482
3.482
3.482
3.482
3.482
3.482
3.482
3.482
3.482
3.482
3.482
3.482
3.482
3.482
3.482
3.482
3.482
3.482
3.482
3.482
3.482
3.482
3.482
3.482
3.482
3.482
3.482
3.482
3.482
3.482
3.594
3.594
3.594
3.594
3.594
3.594
3.594
3.594
3.594
3.594
3.594
3.594
3.594
3.594
3.594
3.594
3.594
3.594
3.594
3.594
3.594
3.594
3.594
3.594
3.594
3.594
3.594
3.594
3.594
3.594
