4.529
4.529
4.529
4.529
4.529
4.529
4.529
4.529
4.529
4.529
4.529
4.529
4.529
4.529
4.529
4.529
4.529
4.529
4.529
4.529
4.529
4.529
4.529
4.529
4.529
4.529
4.529
4.529
4.529
4.529
4.592
4.592
4.592
4.592
4.592
4.592
4.592
4.592
4.592
4.592
4.592
4.592
4.592
4.592
4.592
4.592
4.592
4.592
4.592
4.592
4.592
4.592
4.592
4.592
4.592
4.592
4.592
4.592
4.592
4.592
4.387
4.387
4.387
4.387
4.387
4.387
4.387
4.387
4.387
4.387
4.387
4.387
4.387
4.387
4.387
4.387
4.387
4.387
4.387
4.387
4.387
4.387
4.387
4.387
4.387
4.387
4.387
4.387
4.387
4.387
4.064
4.064
4.064
4.064
4.064
4.064
4.064
4.064
4.064
4.064
4.064
4.064
4.064
4.064
4.064
4.064
4.064
4.064
4.064
4.064
4.064
4.064
4.064
4.064
4.064
4.064
4.064
4.064
4.064
4.064
3.96
3.96
3.96
3.96
3.96
3.96
3.96
3.96
3.96
3.96
3.96
3.96
3.96
3.96
3.96
3.96
3.96
3.96
3.96
3.96
3.96
3.96
3.96
3.96
3.96
3.96
3.96
3.96
3.96
3.96
4.023
4.023
4.023
4.023
4.023
4.023
4.023
4.023
4.023
4.023
4.023
4.023
4.023
4.023
4.023
4.023
4.023
4.023
4.023
4.023
4.023
4.023
4.023
4.023
4.023
4.023
4.023
4.023
4.023
4.023
3.411
3.411
3.411
3.411
3.411
3.411
3.411
3.411
3.411
3.411
3.411
3.411
3.411
3.411
3.411
3.411
3.411
3.411
3.411
3.411
3.411
3.411
3.411
3.411
3.411
3.411
3.411
3.411
3.411
3.411
3.382
3.382
3.382
3.382
3.382
3.382
3.382
3.382
3.382
3.382
3.382
3.382
3.382
3.382
3.382
3.382
3.382
3.382
3.382
3.382
3.382
3.382
3.382
3.382
3.382
3.382
3.382
3.382
3.382
3.382
3.271
3.271
3.271
3.271
3.271
3.271
3.271
3.271
3.271
3.271
3.271
3.271
3.271
3.271
3.271
3.271
3.271
3.271
3.271
3.271
3.271
3.271
3.271
3.271
3.271
3.271
3.271
3.271
3.271
3.271
3.125
3.125
3.125
3.125
3.125
3.125
3.125
3.125
3.125
3.125
3.125
3.125
3.125
3.125
3.125
3.125
3.125
3.125
3.125
3.125
3.125
3.125
3.125
3.125
3.125
3.125
3.125
3.125
3.125
3.125
3.269
3.269
3.269
3.269
3.269
3.269
3.269
3.269
3.269
3.269
3.269
3.269
3.269
3.269
3.269
3.269
3.269
3.269
3.269
3.269
3.269
3.269
3.269
3.269
3.269
3.269
3.269
3.269
3.269
3.269
3.3
3.3
3.3
3.3
3.3
3.3
3.3
3.3
3.3
3.3
3.3
3.3
3.3
3.3
3.3
3.3
3.3
3.3
3.3
3.3
3.3
3.3
3.3
3.3
3.3
3.3
3.3
3.3
3.3
3.3
4.45
4.45
4.45
4.45
4.45
4.45
4.45
4.45
4.45
4.45
4.45
4.45
4.45
4.45
4.45
4.45
4.45
4.45
4.45
4.45
4.45
4.45
4.45
4.45
4.45
4.45
4.45
4.45
4.45
4.45
5.132
5.132
5.132
5.132
5.132
5.132
5.132
5.132
5.132
5.132
5.132
5.132
5.132
5.132
5.132
5.132
5.132
5.132
5.132
5.132
5.132
5.132
5.132
5.132
5.132
5.132
5.132
5.132
5.132
5.132
5.146
5.146
5.146
5.146
5.146
5.146
5.146
5.146
5.146
5.146
5.146
5.146
5.146
5.146
5.146
5.146
5.146
5.146
5.146
5.146
5.146
5.146
5.146
5.146
5.146
5.146
5.146
5.146
5.146
5.146
5.365
5.365
5.365
5.365
5.365
5.365
5.365
5.365
5.365
5.365
5.365
5.365
5.365
5.365
5.365
5.365
5.365
5.365
5.365
5.365
5.365
5.365
5.365
5.365
5.365
5.365
5.365
5.365
5.365
5.365
5.33
5.33
5.33
5.33
5.33
5.33
5.33
5.33
5.33
5.33
5.33
5.33
5.33
5.33
5.33
5.33
5.33
5.33
5.33
5.33
5.33
5.33
5.33
5.33
5.33
5.33
5.33
5.33
5.33
5.33
5.376
5.376
5.376
5.376
5.376
5.376
5.376
5.376
5.376
5.376
5.376
5.376
5.376
5.376
5.376
5.376
5.376
5.376
5.376
5.376
5.376
5.376
5.376
5.376
5.376
5.376
5.376
5.376
5.376
5.376
5.651
5.651
5.651
5.651
5.651
5.651
5.651
5.651
5.651
5.651
5.651
5.651
5.651
5.651
5.651
5.651
5.651
5.651
5.651
5.651
5.651
5.651
5.651
5.651
5.651
5.651
5.651
5.651
5.651
5.651
5.915
5.915
5.915
5.915
5.915
5.915
5.915
5.915
5.915
5.915
5.915
5.915
5.915
5.915
5.915
5.915
5.915
5.915
5.915
5.915
5.915
5.915
5.915
5.915
5.915
5.915
5.915
5.915
5.915
5.915
5.95
5.95
5.95
5.95
5.95
5.95
5.95
5.95
5.95
5.95
5.95
5.95
5.95
5.95
5.95
5.95
5.95
5.95
5.95
5.95
5.95
5.95
5.95
5.95
5.95
5.95
5.95
5.95
5.95
5.95
5.998
5.998
5.998
5.998
5.998
5.998
5.998
5.998
5.998
5.998
5.998
5.998
5.998
5.998
5.998
5.998
5.998
5.998
5.998
5.998
5.998
5.998
5.998
5.998
5.998
5.998
5.998
5.998
5.998
5.998
6.038
6.038
6.038
6.038
6.038
6.038
6.038
6.038
6.038
6.038
6.038
6.038
6.038
6.038
6.038
6.038
6.038
6.038
6.038
6.038
6.038
6.038
6.038
6.038
6.038
6.038
6.038
6.038
6.038
6.038
5.898
5.898
5.898
5.898
5.898
5.898
5.898
5.898
5.898
5.898
5.898
5.898
5.898
5.898
5.898
5.898
5.898
5.898
5.898
5.898
5.898
5.898
5.898
5.898
5.898
5.898
5.898
5.898
5.898
5.898
5.644
5.644
5.644
5.644
5.644
5.644
5.644
5.644
5.644
5.644
5.644
5.644
5.644
5.644
5.644
5.644
5.644
5.644
5.644
5.644
5.644
5.644
5.644
5.644
5.644
5.644
5.644
5.644
5.644
5.644
5.379
5.379
5.379
5.379
5.379
5.379
5.379
5.379
5.379
5.379
5.379
5.379
5.379
5.379
5.379
5.379
5.379
5.379
5.379
5.379
5.379
5.379
5.379
5.379
5.379
5.379
5.379
5.379
5.379
5.379
4.76
4.76
4.76
4.76
4.76
4.76
4.76
4.76
4.76
4.76
4.76
4.76
4.76
4.76
4.76
4.76
4.76
4.76
4.76
4.76
4.76
4.76
4.76
4.76
4.76
4.76
4.76
4.76
4.76
4.76
4.765
4.765
4.765
4.765
4.765
4.765
4.765
4.765
4.765
4.765
4.765
4.765
4.765
4.765
4.765
4.765
4.765
4.765
4.765
4.765
4.765
4.765
4.765
4.765
4.765
4.765
4.765
4.765
4.765
4.765
4.994
4.994
4.994
4.994
4.994
4.994
4.994
4.994
4.994
4.994
4.994
4.994
4.994
4.994
4.994
4.994
4.994
4.994
4.994
4.994
4.994
4.994
4.994
4.994
4.994
4.994
4.994
4.994
4.994
4.994
4.642
4.642
4.642
4.642
4.642
4.642
4.642
4.642
4.642
4.642
4.642
4.642
4.642
4.642
4.642
4.642
4.642
4.642
4.642
4.642
4.642
4.642
4.642
4.642
4.642
4.642
4.642
4.642
4.642
4.642
4.879
4.879
4.879
4.879
4.879
4.879
4.879
4.879
4.879
4.879
4.879
4.879
4.879
4.879
4.879
4.879
4.879
4.879
4.879
4.879
4.879
4.879
4.879
4.879
4.879
4.879
4.879
4.879
4.879
4.879
4.892
4.892
4.892
4.892
4.892
4.892
4.892
4.892
4.892
4.892
4.892
4.892
4.892
4.892
4.892
4.892
4.892
4.892
4.892
4.892
4.892
4.892
4.892
4.892
4.892
4.892
4.892
4.892
4.892
4.892
5.26
5.26
5.26
5.26
5.26
5.26
5.26
5.26
5.26
5.26
5.26
5.26
5.26
5.26
5.26
5.26
5.26
5.26
5.26
5.26
5.26
5.26
5.26
5.26
5.26
5.26
5.26
5.26
5.26
5.26
8.302
8.302
8.302
8.302
8.302
8.302
8.302
8.302
8.302
8.302
8.302
8.302
8.302
8.302
8.302
8.302
8.302
8.302
8.302
8.302
8.302
8.302
8.302
8.302
8.302
8.302
8.302
8.302
8.302
8.302
8.736
8.736
8.736
8.736
8.736
8.736
8.736
8.736
8.736
8.736
8.736
8.736
8.736
8.736
8.736
8.736
8.736
8.736
8.736
8.736
8.736
8.736
8.736
8.736
8.736
8.736
8.736
8.736
8.736
8.736
8.23
8.23
8.23
8.23
8.23
8.23
8.23
8.23
8.23
8.23
8.23
8.23
8.23
8.23
8.23
8.23
8.23
8.23
8.23
8.23
8.23
8.23
8.23
8.23
8.23
8.23
8.23
8.23
8.23
8.23
7.877
7.877
7.877
7.877
7.877
7.877
7.877
7.877
7.877
7.877
7.877
7.877
7.877
7.877
7.877
7.877
7.877
7.877
7.877
7.877
7.877
7.877
7.877
7.877
7.877
7.877
7.877
7.877
7.877
7.877
6.647
6.647
6.647
6.647
6.647
6.647
6.647
6.647
6.647
6.647
6.647
6.647
6.647
6.647
6.647
6.647
6.647
6.647
6.647
6.647
6.647
6.647
6.647
6.647
6.647
6.647
6.647
6.647
6.647
6.647
5.504
5.504
5.504
5.504
5.504
5.504
5.504
5.504
5.504
5.504
5.504
5.504
5.504
5.504
5.504
5.504
5.504
5.504
5.504
5.504
5.504
5.504
5.504
5.504
5.504
5.504
5.504
5.504
5.504
5.504
5.248
5.248
5.248
5.248
5.248
5.248
5.248
5.248
5.248
5.248
5.248
5.248
5.248
5.248
5.248
5.248
5.248
5.248
5.248
5.248
5.248
5.248
5.248
5.248
5.248
5.248
5.248
5.248
5.248
5.248
5.256
5.256
5.256
5.256
5.256
5.256
5.256
5.256
5.256
5.256
5.256
5.256
5.256
5.256
5.256
5.256
5.256
5.256
5.256
5.256
5.256
5.256
5.256
5.256
5.256
5.256
5.256
5.256
5.256
5.256
5.231
5.231
5.231
5.231
5.231
5.231
5.231
5.231
5.231
5.231
5.231
5.231
5.231
5.231
5.231
5.231
5.231
5.231
5.231
5.231
5.231
5.231
5.231
5.231
5.231
5.231
5.231
5.231
5.231
5.231
4.789
4.789
4.789
4.789
4.789
4.789
4.789
4.789
4.789
4.789
4.789
4.789
4.789
4.789
4.789
4.789
4.789
4.789
4.789
4.789
4.789
4.789
4.789
4.789
4.789
4.789
4.789
4.789
4.789
4.789
4.712
4.712
4.712
4.712
4.712
4.712
4.712
4.712
4.712
4.712
4.712
4.712
4.712
4.712
4.712
4.712
4.712
4.712
4.712
4.712
4.712
4.712
4.712
4.712
4.712
4.712
4.712
4.712
4.712
4.712
4.57
4.57
4.57
4.57
4.57
4.57
4.57
4.57
4.57
4.57
4.57
4.57
4.57
4.57
4.57
4.57
4.57
4.57
4.57
4.57
4.57
4.57
4.57
4.57
4.57
4.57
4.57
4.57
4.57
4.57
4.567
4.567
4.567
4.567
4.567
4.567
4.567
4.567
4.567
4.567
4.567
4.567
4.567
4.567
4.567
4.567
4.567
4.567
4.567
4.567
4.567
4.567
4.567
4.567
4.567
4.567
4.567
4.567
4.567
4.567
4.666
4.666
4.666
4.666
4.666
4.666
4.666
4.666
4.666
4.666
4.666
4.666
4.666
4.666
4.666
4.666
4.666
4.666
4.666
4.666
4.666
4.666
4.666
4.666
4.666
4.666
4.666
4.666
4.666
4.666
4.538
4.538
4.538
4.538
4.538
4.538
4.538
4.538
4.538
4.538
4.538
4.538
4.538
4.538
4.538
4.538
4.538
4.538
4.538
4.538
4.538
4.538
4.538
4.538
4.538
4.538
4.538
4.538
4.538
4.538
