2.864
2.864
2.864
2.864
2.864
2.864
2.864
2.864
2.864
2.864
2.864
2.864
2.864
2.864
2.864
2.864
2.864
2.864
2.864
2.864
2.864
2.864
2.864
2.864
2.864
2.864
2.864
2.864
2.864
2.864
3.141
3.141
3.141
3.141
3.141
3.141
3.141
3.141
3.141
3.141
3.141
3.141
3.141
3.141
3.141
3.141
3.141
3.141
3.141
3.141
3.141
3.141
3.141
3.141
3.141
3.141
3.141
3.141
3.141
3.141
3.264
3.264
3.264
3.264
3.264
3.264
3.264
3.264
3.264
3.264
3.264
3.264
3.264
3.264
3.264
3.264
3.264
3.264
3.264
3.264
3.264
3.264
3.264
3.264
3.264
3.264
3.264
3.264
3.264
3.264
3.227
3.227
3.227
3.227
3.227
3.227
3.227
3.227
3.227
3.227
3.227
3.227
3.227
3.227
3.227
3.227
3.227
3.227
3.227
3.227
3.227
3.227
3.227
3.227
3.227
3.227
3.227
3.227
3.227
3.227
3.281
3.281
3.281
3.281
3.281
3.281
3.281
3.281
3.281
3.281
3.281
3.281
3.281
3.281
3.281
3.281
3.281
3.281
3.281
3.281
3.281
3.281
3.281
3.281
3.281
3.281
3.281
3.281
3.281
3.281
3.387
3.387
3.387
3.387
3.387
3.387
3.387
3.387
3.387
3.387
3.387
3.387
3.387
3.387
3.387
3.387
3.387
3.387
3.387
3.387
3.387
3.387
3.387
3.387
3.387
3.387
3.387
3.387
3.387
3.387
3.226
3.226
3.226
3.226
3.226
3.226
3.226
3.226
3.226
3.226
3.226
3.226
3.226
3.226
3.226
3.226
3.226
3.226
3.226
3.226
3.226
3.226
3.226
3.226
3.226
3.226
3.226
3.226
3.226
3.226
3.215
3.215
3.215
3.215
3.215
3.215
3.215
3.215
3.215
3.215
3.215
3.215
3.215
3.215
3.215
3.215
3.215
3.215
3.215
3.215
3.215
3.215
3.215
3.215
3.215
3.215
3.215
3.215
3.215
3.215
3.103
3.103
3.103
3.103
3.103
3.103
3.103
3.103
3.103
3.103
3.103
3.103
3.103
3.103
3.103
3.103
3.103
3.103
3.103
3.103
3.103
3.103
3.103
3.103
3.103
3.103
3.103
3.103
3.103
3.103
3.015
3.015
3.015
3.015
3.015
3.015
3.015
3.015
3.015
3.015
3.015
3.015
3.015
3.015
3.015
3.015
3.015
3.015
3.015
3.015
3.015
3.015
3.015
3.015
3.015
3.015
3.015
3.015
3.015
3.015
2.984
2.984
2.984
2.984
2.984
2.984
2.984
2.984
2.984
2.984
2.984
2.984
2.984
2.984
2.984
2.984
2.984
2.984
2.984
2.984
2.984
2.984
2.984
2.984
2.984
2.984
2.984
2.984
2.984
2.984
2.92
2.92
2.92
2.92
2.92
2.92
2.92
2.92
2.92
2.92
2.92
2.92
2.92
2.92
2.92
2.92
2.92
2.92
2.92
2.92
2.92
2.92
2.92
2.92
2.92
2.92
2.92
2.92
2.92
2.92
3.277
3.277
3.277
3.277
3.277
3.277
3.277
3.277
3.277
3.277
3.277
3.277
3.277
3.277
3.277
3.277
3.277
3.277
3.277
3.277
3.277
3.277
3.277
3.277
3.277
3.277
3.277
3.277
3.277
3.277
3.23
3.23
3.23
3.23
3.23
3.23
3.23
3.23
3.23
3.23
3.23
3.23
3.23
3.23
3.23
3.23
3.23
3.23
3.23
3.23
3.23
3.23
3.23
3.23
3.23
3.23
3.23
3.23
3.23
3.23
3.524
3.524
3.524
3.524
3.524
3.524
3.524
3.524
3.524
3.524
3.524
3.524
3.524
3.524
3.524
3.524
3.524
3.524
3.524
3.524
3.524
3.524
3.524
3.524
3.524
3.524
3.524
3.524
3.524
3.524
3.997
3.997
3.997
3.997
3.997
3.997
3.997
3.997
3.997
3.997
3.997
3.997
3.997
3.997
3.997
3.997
3.997
3.997
3.997
3.997
3.997
3.997
3.997
3.997
3.997
3.997
3.997
3.997
3.997
3.997
3.728
3.728
3.728
3.728
3.728
3.728
3.728
3.728
3.728
3.728
3.728
3.728
3.728
3.728
3.728
3.728
3.728
3.728
3.728
3.728
3.728
3.728
3.728
3.728
3.728
3.728
3.728
3.728
3.728
3.728
3.944
3.944
3.944
3.944
3.944
3.944
3.944
3.944
3.944
3.944
3.944
3.944
3.944
3.944
3.944
3.944
3.944
3.944
3.944
3.944
3.944
3.944
3.944
3.944
3.944
3.944
3.944
3.944
3.944
3.944
4.668
4.668
4.668
4.668
4.668
4.668
4.668
4.668
4.668
4.668
4.668
4.668
4.668
4.668
4.668
4.668
4.668
4.668
4.668
4.668
4.668
4.668
4.668
4.668
4.668
4.668
4.668
4.668
4.668
4.668
4.61
4.61
4.61
4.61
4.61
4.61
4.61
4.61
4.61
4.61
4.61
4.61
4.61
4.61
4.61
4.61
4.61
4.61
4.61
4.61
4.61
4.61
4.61
4.61
4.61
4.61
4.61
4.61
4.61
4.61
4.64
4.64
4.64
4.64
4.64
4.64
4.64
4.64
4.64
4.64
4.64
4.64
4.64
4.64
4.64
4.64
4.64
4.64
4.64
4.64
4.64
4.64
4.64
4.64
4.64
4.64
4.64
4.64
4.64
4.64
4.67
4.67
4.67
4.67
4.67
4.67
4.67
4.67
4.67
4.67
4.67
4.67
4.67
4.67
4.67
4.67
4.67
4.67
4.67
4.67
4.67
4.67
4.67
4.67
4.67
4.67
4.67
4.67
4.67
4.67
4.767
4.767
4.767
4.767
4.767
4.767
4.767
4.767
4.767
4.767
4.767
4.767
4.767
4.767
4.767
4.767
4.767
4.767
4.767
4.767
4.767
4.767
4.767
4.767
4.767
4.767
4.767
4.767
4.767
4.767
4.703
4.703
4.703
4.703
4.703
4.703
4.703
4.703
4.703
4.703
4.703
4.703
4.703
4.703
4.703
4.703
4.703
4.703
4.703
4.703
4.703
4.703
4.703
4.703
4.703
4.703
4.703
4.703
4.703
4.703
4.621
4.621
4.621
4.621
4.621
4.621
4.621
4.621
4.621
4.621
4.621
4.621
4.621
4.621
4.621
4.621
4.621
4.621
4.621
4.621
4.621
4.621
4.621
4.621
4.621
4.621
4.621
4.621
4.621
4.621
4.633
4.633
4.633
4.633
4.633
4.633
4.633
4.633
4.633
4.633
4.633
4.633
4.633
4.633
4.633
4.633
4.633
4.633
4.633
4.633
4.633
4.633
4.633
4.633
4.633
4.633
4.633
4.633
4.633
4.633
4.505
4.505
4.505
4.505
4.505
4.505
4.505
4.505
4.505
4.505
4.505
4.505
4.505
4.505
4.505
4.505
4.505
4.505
4.505
4.505
4.505
4.505
4.505
4.505
4.505
4.505
4.505
4.505
4.505
4.505
4.335
4.335
4.335
4.335
4.335
4.335
4.335
4.335
4.335
4.335
4.335
4.335
4.335
4.335
4.335
4.335
4.335
4.335
4.335
4.335
4.335
4.335
4.335
4.335
4.335
4.335
4.335
4.335
4.335
4.335
4.259
4.259
4.259
4.259
4.259
4.259
4.259
4.259
4.259
4.259
4.259
4.259
4.259
4.259
4.259
4.259
4.259
4.259
4.259
4.259
4.259
4.259
4.259
4.259
4.259
4.259
4.259
4.259
4.259
4.259
4.013
4.013
4.013
4.013
4.013
4.013
4.013
4.013
4.013
4.013
4.013
4.013
4.013
4.013
4.013
4.013
4.013
4.013
4.013
4.013
4.013
4.013
4.013
4.013
4.013
4.013
4.013
4.013
4.013
4.013
3.857
3.857
3.857
3.857
3.857
3.857
3.857
3.857
3.857
3.857
3.857
3.857
3.857
3.857
3.857
3.857
3.857
3.857
3.857
3.857
3.857
3.857
3.857
3.857
3.857
3.857
3.857
3.857
3.857
3.857
3.844
3.844
3.844
3.844
3.844
3.844
3.844
3.844
3.844
3.844
3.844
3.844
3.844
3.844
3.844
3.844
3.844
3.844
3.844
3.844
3.844
3.844
3.844
3.844
3.844
3.844
3.844
3.844
3.844
3.844
4.084
4.084
4.084
4.084
4.084
4.084
4.084
4.084
4.084
4.084
4.084
4.084
4.084
4.084
4.084
4.084
4.084
4.084
4.084
4.084
4.084
4.084
4.084
4.084
4.084
4.084
4.084
4.084
4.084
4.084
4.591
4.591
4.591
4.591
4.591
4.591
4.591
4.591
4.591
4.591
4.591
4.591
4.591
4.591
4.591
4.591
4.591
4.591
4.591
4.591
4.591
4.591
4.591
4.591
4.591
4.591
4.591
4.591
4.591
4.591
4.76
4.76
4.76
4.76
4.76
4.76
4.76
4.76
4.76
4.76
4.76
4.76
4.76
4.76
4.76
4.76
4.76
4.76
4.76
4.76
4.76
4.76
4.76
4.76
4.76
4.76
4.76
4.76
4.76
4.76
4.495
4.495
4.495
4.495
4.495
4.495
4.495
4.495
4.495
4.495
4.495
4.495
4.495
4.495
4.495
4.495
4.495
4.495
4.495
4.495
4.495
4.495
4.495
4.495
4.495
4.495
4.495
4.495
4.495
4.495
4.158
4.158
4.158
4.158
4.158
4.158
4.158
4.158
4.158
4.158
4.158
4.158
4.158
4.158
4.158
4.158
4.158
4.158
4.158
4.158
4.158
4.158
4.158
4.158
4.158
4.158
4.158
4.158
4.158
4.158
4.136
4.136
4.136
4.136
4.136
4.136
4.136
4.136
4.136
4.136
4.136
4.136
4.136
4.136
4.136
4.136
4.136
4.136
4.136
4.136
4.136
4.136
4.136
4.136
4.136
4.136
4.136
4.136
4.136
4.136
3.804
3.804
3.804
3.804
3.804
3.804
3.804
3.804
3.804
3.804
3.804
3.804
3.804
3.804
3.804
3.804
3.804
3.804
3.804
3.804
3.804
3.804
3.804
3.804
3.804
3.804
3.804
3.804
3.804
3.804
3.758
3.758
3.758
3.758
3.758
3.758
3.758
3.758
3.758
3.758
3.758
3.758
3.758
3.758
3.758
3.758
3.758
3.758
3.758
3.758
3.758
3.758
3.758
3.758
3.758
3.758
3.758
3.758
3.758
3.758
3.709
3.709
3.709
3.709
3.709
3.709
3.709
3.709
3.709
3.709
3.709
3.709
3.709
3.709
3.709
3.709
3.709
3.709
3.709
3.709
3.709
3.709
3.709
3.709
3.709
3.709
3.709
3.709
3.709
3.709
3.684
3.684
3.684
3.684
3.684
3.684
3.684
3.684
3.684
3.684
3.684
3.684
3.684
3.684
3.684
3.684
3.684
3.684
3.684
3.684
3.684
3.684
3.684
3.684
3.684
3.684
3.684
3.684
3.684
3.684
3.618
3.618
3.618
3.618
3.618
3.618
3.618
3.618
3.618
3.618
3.618
3.618
3.618
3.618
3.618
3.618
3.618
3.618
3.618
3.618
3.618
3.618
3.618
3.618
3.618
3.618
3.618
3.618
3.618
3.618
3.565
3.565
3.565
3.565
3.565
3.565
3.565
3.565
3.565
3.565
3.565
3.565
3.565
3.565
3.565
3.565
3.565
3.565
3.565
3.565
3.565
3.565
3.565
3.565
3.565
3.565
3.565
3.565
3.565
3.565
3.341
3.341
3.341
3.341
3.341
3.341
3.341
3.341
3.341
3.341
3.341
3.341
3.341
3.341
3.341
3.341
3.341
3.341
3.341
3.341
3.341
3.341
3.341
3.341
3.341
3.341
3.341
3.341
3.341
3.341
3.272
3.272
3.272
3.272
3.272
3.272
3.272
3.272
3.272
3.272
3.272
3.272
3.272
3.272
3.272
3.272
3.272
3.272
3.272
3.272
3.272
3.272
3.272
3.272
3.272
3.272
3.272
3.272
3.272
3.272
2.964
2.964
2.964
2.964
2.964
2.964
2.964
2.964
2.964
2.964
2.964
2.964
2.964
2.964
2.964
2.964
2.964
2.964
2.964
2.964
2.964
2.964
2.964
2.964
2.964
2.964
2.964
2.964
2.964
2.964
2.863
2.863
2.863
2.863
2.863
2.863
2.863
2.863
2.863
2.863
2.863
2.863
2.863
2.863
2.863
2.863
2.863
2.863
2.863
2.863
2.863
2.863
2.863
2.863
2.863
2.863
2.863
2.863
2.863
2.863
