3.29
3.29
3.29
3.29
3.29
3.29
3.29
3.29
3.29
3.29
3.29
3.29
3.29
3.29
3.29
3.29
3.29
3.29
3.29
3.29
3.29
3.29
3.29
3.29
3.29
3.29
3.29
3.29
3.29
3.29
3.252
3.252
3.252
3.252
3.252
3.252
3.252
3.252
3.252
3.252
3.252
3.252
3.252
3.252
3.252
3.252
3.252
3.252
3.252
3.252
3.252
3.252
3.252
3.252
3.252
3.252
3.252
3.252
3.252
3.252
3.203
3.203
3.203
3.203
3.203
3.203
3.203
3.203
3.203
3.203
3.203
3.203
3.203
3.203
3.203
3.203
3.203
3.203
3.203
3.203
3.203
3.203
3.203
3.203
3.203
3.203
3.203
3.203
3.203
3.203
3.216
3.216
3.216
3.216
3.216
3.216
3.216
3.216
3.216
3.216
3.216
3.216
3.216
3.216
3.216
3.216
3.216
3.216
3.216
3.216
3.216
3.216
3.216
3.216
3.216
3.216
3.216
3.216
3.216
3.216
3.208
3.208
3.208
3.208
3.208
3.208
3.208
3.208
3.208
3.208
3.208
3.208
3.208
3.208
3.208
3.208
3.208
3.208
3.208
3.208
3.208
3.208
3.208
3.208
3.208
3.208
3.208
3.208
3.208
3.208
3.18
3.18
3.18
3.18
3.18
3.18
3.18
3.18
3.18
3.18
3.18
3.18
3.18
3.18
3.18
3.18
3.18
3.18
3.18
3.18
3.18
3.18
3.18
3.18
3.18
3.18
3.18
3.18
3.18
3.18
3.113
3.113
3.113
3.113
3.113
3.113
3.113
3.113
3.113
3.113
3.113
3.113
3.113
3.113
3.113
3.113
3.113
3.113
3.113
3.113
3.113
3.113
3.113
3.113
3.113
3.113
3.113
3.113
3.113
3.113
3.054
3.054
3.054
3.054
3.054
3.054
3.054
3.054
3.054
3.054
3.054
3.054
3.054
3.054
3.054
3.054
3.054
3.054
3.054
3.054
3.054
3.054
3.054
3.054
3.054
3.054
3.054
3.054
3.054
3.054
3.039
3.039
3.039
3.039
3.039
3.039
3.039
3.039
3.039
3.039
3.039
3.039
3.039
3.039
3.039
3.039
3.039
3.039
3.039
3.039
3.039
3.039
3.039
3.039
3.039
3.039
3.039
3.039
3.039
3.039
3.046
3.046
3.046
3.046
3.046
3.046
3.046
3.046
3.046
3.046
3.046
3.046
3.046
3.046
3.046
3.046
3.046
3.046
3.046
3.046
3.046
3.046
3.046
3.046
3.046
3.046
3.046
3.046
3.046
3.046
3.169
3.169
3.169
3.169
3.169
3.169
3.169
3.169
3.169
3.169
3.169
3.169
3.169
3.169
3.169
3.169
3.169
3.169
3.169
3.169
3.169
3.169
3.169
3.169
3.169
3.169
3.169
3.169
3.169
3.169
3.223
3.223
3.223
3.223
3.223
3.223
3.223
3.223
3.223
3.223
3.223
3.223
3.223
3.223
3.223
3.223
3.223
3.223
3.223
3.223
3.223
3.223
3.223
3.223
3.223
3.223
3.223
3.223
3.223
3.223
3.278
3.278
3.278
3.278
3.278
3.278
3.278
3.278
3.278
3.278
3.278
3.278
3.278
3.278
3.278
3.278
3.278
3.278
3.278
3.278
3.278
3.278
3.278
3.278
3.278
3.278
3.278
3.278
3.278
3.278
3.559
3.559
3.559
3.559
3.559
3.559
3.559
3.559
3.559
3.559
3.559
3.559
3.559
3.559
3.559
3.559
3.559
3.559
3.559
3.559
3.559
3.559
3.559
3.559
3.559
3.559
3.559
3.559
3.559
3.559
3.892
3.892
3.892
3.892
3.892
3.892
3.892
3.892
3.892
3.892
3.892
3.892
3.892
3.892
3.892
3.892
3.892
3.892
3.892
3.892
3.892
3.892
3.892
3.892
3.892
3.892
3.892
3.892
3.892
3.892
4.102
4.102
4.102
4.102
4.102
4.102
4.102
4.102
4.102
4.102
4.102
4.102
4.102
4.102
4.102
4.102
4.102
4.102
4.102
4.102
4.102
4.102
4.102
4.102
4.102
4.102
4.102
4.102
4.102
4.102
3.994
3.994
3.994
3.994
3.994
3.994
3.994
3.994
3.994
3.994
3.994
3.994
3.994
3.994
3.994
3.994
3.994
3.994
3.994
3.994
3.994
3.994
3.994
3.994
3.994
3.994
3.994
3.994
3.994
3.994
4.014
4.014
4.014
4.014
4.014
4.014
4.014
4.014
4.014
4.014
4.014
4.014
4.014
4.014
4.014
4.014
4.014
4.014
4.014
4.014
4.014
4.014
4.014
4.014
4.014
4.014
4.014
4.014
4.014
4.014
4.03
4.03
4.03
4.03
4.03
4.03
4.03
4.03
4.03
4.03
4.03
4.03
4.03
4.03
4.03
4.03
4.03
4.03
4.03
4.03
4.03
4.03
4.03
4.03
4.03
4.03
4.03
4.03
4.03
4.03
3.907
3.907
3.907
3.907
3.907
3.907
3.907
3.907
3.907
3.907
3.907
3.907
3.907
3.907
3.907
3.907
3.907
3.907
3.907
3.907
3.907
3.907
3.907
3.907
3.907
3.907
3.907
3.907
3.907
3.907
3.927
3.927
3.927
3.927
3.927
3.927
3.927
3.927
3.927
3.927
3.927
3.927
3.927
3.927
3.927
3.927
3.927
3.927
3.927
3.927
3.927
3.927
3.927
3.927
3.927
3.927
3.927
3.927
3.927
3.927
3.969
3.969
3.969
3.969
3.969
3.969
3.969
3.969
3.969
3.969
3.969
3.969
3.969
3.969
3.969
3.969
3.969
3.969
3.969
3.969
3.969
3.969
3.969
3.969
3.969
3.969
3.969
3.969
3.969
3.969
3.898
3.898
3.898
3.898
3.898
3.898
3.898
3.898
3.898
3.898
3.898
3.898
3.898
3.898
3.898
3.898
3.898
3.898
3.898
3.898
3.898
3.898
3.898
3.898
3.898
3.898
3.898
3.898
3.898
3.898
3.815
3.815
3.815
3.815
3.815
3.815
3.815
3.815
3.815
3.815
3.815
3.815
3.815
3.815
3.815
3.815
3.815
3.815
3.815
3.815
3.815
3.815
3.815
3.815
3.815
3.815
3.815
3.815
3.815
3.815
3.854
3.854
3.854
3.854
3.854
3.854
3.854
3.854
3.854
3.854
3.854
3.854
3.854
3.854
3.854
3.854
3.854
3.854
3.854
3.854
3.854
3.854
3.854
3.854
3.854
3.854
3.854
3.854
3.854
3.854
3.873
3.873
3.873
3.873
3.873
3.873
3.873
3.873
3.873
3.873
3.873
3.873
3.873
3.873
3.873
3.873
3.873
3.873
3.873
3.873
3.873
3.873
3.873
3.873
3.873
3.873
3.873
3.873
3.873
3.873
3.732
3.732
3.732
3.732
3.732
3.732
3.732
3.732
3.732
3.732
3.732
3.732
3.732
3.732
3.732
3.732
3.732
3.732
3.732
3.732
3.732
3.732
3.732
3.732
3.732
3.732
3.732
3.732
3.732
3.732
3.675
3.675
3.675
3.675
3.675
3.675
3.675
3.675
3.675
3.675
3.675
3.675
3.675
3.675
3.675
3.675
3.675
3.675
3.675
3.675
3.675
3.675
3.675
3.675
3.675
3.675
3.675
3.675
3.675
3.675
3.671
3.671
3.671
3.671
3.671
3.671
3.671
3.671
3.671
3.671
3.671
3.671
3.671
3.671
3.671
3.671
3.671
3.671
3.671
3.671
3.671
3.671
3.671
3.671
3.671
3.671
3.671
3.671
3.671
3.671
3.619
3.619
3.619
3.619
3.619
3.619
3.619
3.619
3.619
3.619
3.619
3.619
3.619
3.619
3.619
3.619
3.619
3.619
3.619
3.619
3.619
3.619
3.619
3.619
3.619
3.619
3.619
3.619
3.619
3.619
3.769
3.769
3.769
3.769
3.769
3.769
3.769
3.769
3.769
3.769
3.769
3.769
3.769
3.769
3.769
3.769
3.769
3.769
3.769
3.769
3.769
3.769
3.769
3.769
3.769
3.769
3.769
3.769
3.769
3.769
3.758
3.758
3.758
3.758
3.758
3.758
3.758
3.758
3.758
3.758
3.758
3.758
3.758
3.758
3.758
3.758
3.758
3.758
3.758
3.758
3.758
3.758
3.758
3.758
3.758
3.758
3.758
3.758
3.758
3.758
3.858
3.858
3.858
3.858
3.858
3.858
3.858
3.858
3.858
3.858
3.858
3.858
3.858
3.858
3.858
3.858
3.858
3.858
3.858
3.858
3.858
3.858
3.858
3.858
3.858
3.858
3.858
3.858
3.858
3.858
3.931
3.931
3.931
3.931
3.931
3.931
3.931
3.931
3.931
3.931
3.931
3.931
3.931
3.931
3.931
3.931
3.931
3.931
3.931
3.931
3.931
3.931
3.931
3.931
3.931
3.931
3.931
3.931
3.931
3.931
4.058
4.058
4.058
4.058
4.058
4.058
4.058
4.058
4.058
4.058
4.058
4.058
4.058
4.058
4.058
4.058
4.058
4.058
4.058
4.058
4.058
4.058
4.058
4.058
4.058
4.058
4.058
4.058
4.058
4.058
4.082
4.082
4.082
4.082
4.082
4.082
4.082
4.082
4.082
4.082
4.082
4.082
4.082
4.082
4.082
4.082
4.082
4.082
4.082
4.082
4.082
4.082
4.082
4.082
4.082
4.082
4.082
4.082
4.082
4.082
3.963
3.963
3.963
3.963
3.963
3.963
3.963
3.963
3.963
3.963
3.963
3.963
3.963
3.963
3.963
3.963
3.963
3.963
3.963
3.963
3.963
3.963
3.963
3.963
3.963
3.963
3.963
3.963
3.963
3.963
3.87
3.87
3.87
3.87
3.87
3.87
3.87
3.87
3.87
3.87
3.87
3.87
3.87
3.87
3.87
3.87
3.87
3.87
3.87
3.87
3.87
3.87
3.87
3.87
3.87
3.87
3.87
3.87
3.87
3.87
4.047
4.047
4.047
4.047
4.047
4.047
4.047
4.047
4.047
4.047
4.047
4.047
4.047
4.047
4.047
4.047
4.047
4.047
4.047
4.047
4.047
4.047
4.047
4.047
4.047
4.047
4.047
4.047
4.047
4.047
4.023
4.023
4.023
4.023
4.023
4.023
4.023
4.023
4.023
4.023
4.023
4.023
4.023
4.023
4.023
4.023
4.023
4.023
4.023
4.023
4.023
4.023
4.023
4.023
4.023
4.023
4.023
4.023
4.023
4.023
4.078
4.078
4.078
4.078
4.078
4.078
4.078
4.078
4.078
4.078
4.078
4.078
4.078
4.078
4.078
4.078
4.078
4.078
4.078
4.078
4.078
4.078
4.078
4.078
4.078
4.078
4.078
4.078
4.078
4.078
4.313
4.313
4.313
4.313
4.313
4.313
4.313
4.313
4.313
4.313
4.313
4.313
4.313
4.313
4.313
4.313
4.313
4.313
4.313
4.313
4.313
4.313
4.313
4.313
4.313
4.313
4.313
4.313
4.313
4.313
4.53
4.53
4.53
4.53
4.53
4.53
4.53
4.53
4.53
4.53
4.53
4.53
4.53
4.53
4.53
4.53
4.53
4.53
4.53
4.53
4.53
4.53
4.53
4.53
4.53
4.53
4.53
4.53
4.53
4.53
4.195
4.195
4.195
4.195
4.195
4.195
4.195
4.195
4.195
4.195
4.195
4.195
4.195
4.195
4.195
4.195
4.195
4.195
4.195
4.195
4.195
4.195
4.195
4.195
4.195
4.195
4.195
4.195
4.195
4.195
4.101
4.101
4.101
4.101
4.101
4.101
4.101
4.101
4.101
4.101
4.101
4.101
4.101
4.101
4.101
4.101
4.101
4.101
4.101
4.101
4.101
4.101
4.101
4.101
4.101
4.101
4.101
4.101
4.101
4.101
3.978
3.978
3.978
3.978
3.978
3.978
3.978
3.978
3.978
3.978
3.978
3.978
3.978
3.978
3.978
3.978
3.978
3.978
3.978
3.978
3.978
3.978
3.978
3.978
3.978
3.978
3.978
3.978
3.978
3.978
4.2
4.2
4.2
4.2
4.2
4.2
4.2
4.2
4.2
4.2
4.2
4.2
4.2
4.2
4.2
4.2
4.2
4.2
4.2
4.2
4.2
4.2
4.2
4.2
4.2
4.2
4.2
4.2
4.2
4.2
3.987
3.987
3.987
3.987
3.987
3.987
3.987
3.987
3.987
3.987
3.987
3.987
3.987
3.987
3.987
3.987
3.987
3.987
3.987
3.987
3.987
3.987
3.987
3.987
3.987
3.987
3.987
3.987
3.987
3.987
