3.037
3.037
3.037
3.037
3.037
3.037
3.037
3.037
3.037
3.037
3.037
3.037
3.037
3.037
3.037
3.037
3.037
3.037
3.037
3.037
3.037
3.037
3.037
3.037
3.037
3.037
3.037
3.037
3.037
3.037
2.9
2.9
2.9
2.9
2.9
2.9
2.9
2.9
2.9
2.9
2.9
2.9
2.9
2.9
2.9
2.9
2.9
2.9
2.9
2.9
2.9
2.9
2.9
2.9
2.9
2.9
2.9
2.9
2.9
2.9
2.94
2.94
2.94
2.94
2.94
2.94
2.94
2.94
2.94
2.94
2.94
2.94
2.94
2.94
2.94
2.94
2.94
2.94
2.94
2.94
2.94
2.94
2.94
2.94
2.94
2.94
2.94
2.94
2.94
2.94
2.939
2.939
2.939
2.939
2.939
2.939
2.939
2.939
2.939
2.939
2.939
2.939
2.939
2.939
2.939
2.939
2.939
2.939
2.939
2.939
2.939
2.939
2.939
2.939
2.939
2.939
2.939
2.939
2.939
2.939
2.966
2.966
2.966
2.966
2.966
2.966
2.966
2.966
2.966
2.966
2.966
2.966
2.966
2.966
2.966
2.966
2.966
2.966
2.966
2.966
2.966
2.966
2.966
2.966
2.966
2.966
2.966
2.966
2.966
2.966
2.887
2.887
2.887
2.887
2.887
2.887
2.887
2.887
2.887
2.887
2.887
2.887
2.887
2.887
2.887
2.887
2.887
2.887
2.887
2.887
2.887
2.887
2.887
2.887
2.887
2.887
2.887
2.887
2.887
2.887
2.82
2.82
2.82
2.82
2.82
2.82
2.82
2.82
2.82
2.82
2.82
2.82
2.82
2.82
2.82
2.82
2.82
2.82
2.82
2.82
2.82
2.82
2.82
2.82
2.82
2.82
2.82
2.82
2.82
2.82
2.759
2.759
2.759
2.759
2.759
2.759
2.759
2.759
2.759
2.759
2.759
2.759
2.759
2.759
2.759
2.759
2.759
2.759
2.759
2.759
2.759
2.759
2.759
2.759
2.759
2.759
2.759
2.759
2.759
2.759
2.644
2.644
2.644
2.644
2.644
2.644
2.644
2.644
2.644
2.644
2.644
2.644
2.644
2.644
2.644
2.644
2.644
2.644
2.644
2.644
2.644
2.644
2.644
2.644
2.644
2.644
2.644
2.644
2.644
2.644
2.403
2.403
2.403
2.403
2.403
2.403
2.403
2.403
2.403
2.403
2.403
2.403
2.403
2.403
2.403
2.403
2.403
2.403
2.403
2.403
2.403
2.403
2.403
2.403
2.403
2.403
2.403
2.403
2.403
2.403
2.371
2.371
2.371
2.371
2.371
2.371
2.371
2.371
2.371
2.371
2.371
2.371
2.371
2.371
2.371
2.371
2.371
2.371
2.371
2.371
2.371
2.371
2.371
2.371
2.371
2.371
2.371
2.371
2.371
2.371
1.917
1.917
1.917
1.917
1.917
1.917
1.917
1.917
1.917
1.917
1.917
1.917
1.917
1.917
1.917
1.917
1.917
1.917
1.917
1.917
1.917
1.917
1.917
1.917
1.917
1.917
1.917
1.917
1.917
1.917
3.781
3.781
3.781
3.781
3.781
3.781
3.781
3.781
3.781
3.781
3.781
3.781
3.781
3.781
3.781
3.781
3.781
3.781
3.781
3.781
3.781
3.781
3.781
3.781
3.781
3.781
3.781
3.781
3.781
3.781
4.009
4.009
4.009
4.009
4.009
4.009
4.009
4.009
4.009
4.009
4.009
4.009
4.009
4.009
4.009
4.009
4.009
4.009
4.009
4.009
4.009
4.009
4.009
4.009
4.009
4.009
4.009
4.009
4.009
4.009
3.016
3.016
3.016
3.016
3.016
3.016
3.016
3.016
3.016
3.016
3.016
3.016
3.016
3.016
3.016
3.016
3.016
3.016
3.016
3.016
3.016
3.016
3.016
3.016
3.016
3.016
3.016
3.016
3.016
3.016
2.909
2.909
2.909
2.909
2.909
2.909
2.909
2.909
2.909
2.909
2.909
2.909
2.909
2.909
2.909
2.909
2.909
2.909
2.909
2.909
2.909
2.909
2.909
2.909
2.909
2.909
2.909
2.909
2.909
2.909
3.019
3.019
3.019
3.019
3.019
3.019
3.019
3.019
3.019
3.019
3.019
3.019
3.019
3.019
3.019
3.019
3.019
3.019
3.019
3.019
3.019
3.019
3.019
3.019
3.019
3.019
3.019
3.019
3.019
3.019
3.103
3.103
3.103
3.103
3.103
3.103
3.103
3.103
3.103
3.103
3.103
3.103
3.103
3.103
3.103
3.103
3.103
3.103
3.103
3.103
3.103
3.103
3.103
3.103
3.103
3.103
3.103
3.103
3.103
3.103
3.363
3.363
3.363
3.363
3.363
3.363
3.363
3.363
3.363
3.363
3.363
3.363
3.363
3.363
3.363
3.363
3.363
3.363
3.363
3.363
3.363
3.363
3.363
3.363
3.363
3.363
3.363
3.363
3.363
3.363
3.289
3.289
3.289
3.289
3.289
3.289
3.289
3.289
3.289
3.289
3.289
3.289
3.289
3.289
3.289
3.289
3.289
3.289
3.289
3.289
3.289
3.289
3.289
3.289
3.289
3.289
3.289
3.289
3.289
3.289
3.348
3.348
3.348
3.348
3.348
3.348
3.348
3.348
3.348
3.348
3.348
3.348
3.348
3.348
3.348
3.348
3.348
3.348
3.348
3.348
3.348
3.348
3.348
3.348
3.348
3.348
3.348
3.348
3.348
3.348
3.155
3.155
3.155
3.155
3.155
3.155
3.155
3.155
3.155
3.155
3.155
3.155
3.155
3.155
3.155
3.155
3.155
3.155
3.155
3.155
3.155
3.155
3.155
3.155
3.155
3.155
3.155
3.155
3.155
3.155
3.048
3.048
3.048
3.048
3.048
3.048
3.048
3.048
3.048
3.048
3.048
3.048
3.048
3.048
3.048
3.048
3.048
3.048
3.048
3.048
3.048
3.048
3.048
3.048
3.048
3.048
3.048
3.048
3.048
3.048
3.051
3.051
3.051
3.051
3.051
3.051
3.051
3.051
3.051
3.051
3.051
3.051
3.051
3.051
3.051
3.051
3.051
3.051
3.051
3.051
3.051
3.051
3.051
3.051
3.051
3.051
3.051
3.051
3.051
3.051
3.045
3.045
3.045
3.045
3.045
3.045
3.045
3.045
3.045
3.045
3.045
3.045
3.045
3.045
3.045
3.045
3.045
3.045
3.045
3.045
3.045
3.045
3.045
3.045
3.045
3.045
3.045
3.045
3.045
3.045
3.026
3.026
3.026
3.026
3.026
3.026
3.026
3.026
3.026
3.026
3.026
3.026
3.026
3.026
3.026
3.026
3.026
3.026
3.026
3.026
3.026
3.026
3.026
3.026
3.026
3.026
3.026
3.026
3.026
3.026
3.029
3.029
3.029
3.029
3.029
3.029
3.029
3.029
3.029
3.029
3.029
3.029
3.029
3.029
3.029
3.029
3.029
3.029
3.029
3.029
3.029
3.029
3.029
3.029
3.029
3.029
3.029
3.029
3.029
3.029
3.019
3.019
3.019
3.019
3.019
3.019
3.019
3.019
3.019
3.019
3.019
3.019
3.019
3.019
3.019
3.019
3.019
3.019
3.019
3.019
3.019
3.019
3.019
3.019
3.019
3.019
3.019
3.019
3.019
3.019
3.018
3.018
3.018
3.018
3.018
3.018
3.018
3.018
3.018
3.018
3.018
3.018
3.018
3.018
3.018
3.018
3.018
3.018
3.018
3.018
3.018
3.018
3.018
3.018
3.018
3.018
3.018
3.018
3.018
3.018
3.018
3.018
3.018
3.018
3.018
3.018
3.018
3.018
3.018
3.018
3.018
3.018
3.018
3.018
3.018
3.018
3.018
3.018
3.018
3.018
3.018
3.018
3.018
3.018
3.018
3.018
3.018
3.018
3.018
3.018
3.203
3.203
3.203
3.203
3.203
3.203
3.203
3.203
3.203
3.203
3.203
3.203
3.203
3.203
3.203
3.203
3.203
3.203
3.203
3.203
3.203
3.203
3.203
3.203
3.203
3.203
3.203
3.203
3.203
3.203
3.18
3.18
3.18
3.18
3.18
3.18
3.18
3.18
3.18
3.18
3.18
3.18
3.18
3.18
3.18
3.18
3.18
3.18
3.18
3.18
3.18
3.18
3.18
3.18
3.18
3.18
3.18
3.18
3.18
3.18
3.233
3.233
3.233
3.233
3.233
3.233
3.233
3.233
3.233
3.233
3.233
3.233
3.233
3.233
3.233
3.233
3.233
3.233
3.233
3.233
3.233
3.233
3.233
3.233
3.233
3.233
3.233
3.233
3.233
3.233
3.443
3.443
3.443
3.443
3.443
3.443
3.443
3.443
3.443
3.443
3.443
3.443
3.443
3.443
3.443
3.443
3.443
3.443
3.443
3.443
3.443
3.443
3.443
3.443
3.443
3.443
3.443
3.443
3.443
3.443
3.722
3.722
3.722
3.722
3.722
3.722
3.722
3.722
3.722
3.722
3.722
3.722
3.722
3.722
3.722
3.722
3.722
3.722
3.722
3.722
3.722
3.722
3.722
3.722
3.722
3.722
3.722
3.722
3.722
3.722
3.641
3.641
3.641
3.641
3.641
3.641
3.641
3.641
3.641
3.641
3.641
3.641
3.641
3.641
3.641
3.641
3.641
3.641
3.641
3.641
3.641
3.641
3.641
3.641
3.641
3.641
3.641
3.641
3.641
3.641
3.663
3.663
3.663
3.663
3.663
3.663
3.663
3.663
3.663
3.663
3.663
3.663
3.663
3.663
3.663
3.663
3.663
3.663
3.663
3.663
3.663
3.663
3.663
3.663
3.663
3.663
3.663
3.663
3.663
3.663
3.566
3.566
3.566
3.566
3.566
3.566
3.566
3.566
3.566
3.566
3.566
3.566
3.566
3.566
3.566
3.566
3.566
3.566
3.566
3.566
3.566
3.566
3.566
3.566
3.566
3.566
3.566
3.566
3.566
3.566
3.706
3.706
3.706
3.706
3.706
3.706
3.706
3.706
3.706
3.706
3.706
3.706
3.706
3.706
3.706
3.706
3.706
3.706
3.706
3.706
3.706
3.706
3.706
3.706
3.706
3.706
3.706
3.706
3.706
3.706
3.776
3.776
3.776
3.776
3.776
3.776
3.776
3.776
3.776
3.776
3.776
3.776
3.776
3.776
3.776
3.776
3.776
3.776
3.776
3.776
3.776
3.776
3.776
3.776
3.776
3.776
3.776
3.776
3.776
3.776
3.58
3.58
3.58
3.58
3.58
3.58
3.58
3.58
3.58
3.58
3.58
3.58
3.58
3.58
3.58
3.58
3.58
3.58
3.58
3.58
3.58
3.58
3.58
3.58
3.58
3.58
3.58
3.58
3.58
3.58
3.571
3.571
3.571
3.571
3.571
3.571
3.571
3.571
3.571
3.571
3.571
3.571
3.571
3.571
3.571
3.571
3.571
3.571
3.571
3.571
3.571
3.571
3.571
3.571
3.571
3.571
3.571
3.571
3.571
3.571
3.788
3.788
3.788
3.788
3.788
3.788
3.788
3.788
3.788
3.788
3.788
3.788
3.788
3.788
3.788
3.788
3.788
3.788
3.788
3.788
3.788
3.788
3.788
3.788
3.788
3.788
3.788
3.788
3.788
3.788
3.743
3.743
3.743
3.743
3.743
3.743
3.743
3.743
3.743
3.743
3.743
3.743
3.743
3.743
3.743
3.743
3.743
3.743
3.743
3.743
3.743
3.743
3.743
3.743
3.743
3.743
3.743
3.743
3.743
3.743
3.789
3.789
3.789
3.789
3.789
3.789
3.789
3.789
3.789
3.789
3.789
3.789
3.789
3.789
3.789
3.789
3.789
3.789
3.789
3.789
3.789
3.789
3.789
3.789
3.789
3.789
3.789
3.789
3.789
3.789
3.39
3.39
3.39
3.39
3.39
3.39
3.39
3.39
3.39
3.39
3.39
3.39
3.39
3.39
3.39
3.39
3.39
3.39
3.39
3.39
3.39
3.39
3.39
3.39
3.39
3.39
3.39
3.39
3.39
3.39
3.413
3.413
3.413
3.413
3.413
3.413
3.413
3.413
3.413
3.413
3.413
3.413
3.413
3.413
3.413
3.413
3.413
3.413
3.413
3.413
3.413
3.413
3.413
3.413
3.413
3.413
3.413
3.413
3.413
3.413
3.042
3.042
3.042
3.042
3.042
3.042
3.042
3.042
3.042
3.042
3.042
3.042
3.042
3.042
3.042
3.042
3.042
3.042
3.042
3.042
3.042
3.042
3.042
3.042
3.042
3.042
3.042
3.042
3.042
3.042
