3.741
3.741
3.741
3.741
3.741
3.741
3.741
3.741
3.741
3.741
3.741
3.741
3.741
3.741
3.741
3.741
3.741
3.741
3.741
3.741
3.741
3.741
3.741
3.741
3.741
3.741
3.741
3.741
3.741
3.741
3.687
3.687
3.687
3.687
3.687
3.687
3.687
3.687
3.687
3.687
3.687
3.687
3.687
3.687
3.687
3.687
3.687
3.687
3.687
3.687
3.687
3.687
3.687
3.687
3.687
3.687
3.687
3.687
3.687
3.687
3.759
3.759
3.759
3.759
3.759
3.759
3.759
3.759
3.759
3.759
3.759
3.759
3.759
3.759
3.759
3.759
3.759
3.759
3.759
3.759
3.759
3.759
3.759
3.759
3.759
3.759
3.759
3.759
3.759
3.759
3.851
3.851
3.851
3.851
3.851
3.851
3.851
3.851
3.851
3.851
3.851
3.851
3.851
3.851
3.851
3.851
3.851
3.851
3.851
3.851
3.851
3.851
3.851
3.851
3.851
3.851
3.851
3.851
3.851
3.851
3.833
3.833
3.833
3.833
3.833
3.833
3.833
3.833
3.833
3.833
3.833
3.833
3.833
3.833
3.833
3.833
3.833
3.833
3.833
3.833
3.833
3.833
3.833
3.833
3.833
3.833
3.833
3.833
3.833
3.833
3.686
3.686
3.686
3.686
3.686
3.686
3.686
3.686
3.686
3.686
3.686
3.686
3.686
3.686
3.686
3.686
3.686
3.686
3.686
3.686
3.686
3.686
3.686
3.686
3.686
3.686
3.686
3.686
3.686
3.686
3.708
3.708
3.708
3.708
3.708
3.708
3.708
3.708
3.708
3.708
3.708
3.708
3.708
3.708
3.708
3.708
3.708
3.708
3.708
3.708
3.708
3.708
3.708
3.708
3.708
3.708
3.708
3.708
3.708
3.708
3.586
3.586
3.586
3.586
3.586
3.586
3.586
3.586
3.586
3.586
3.586
3.586
3.586
3.586
3.586
3.586
3.586
3.586
3.586
3.586
3.586
3.586
3.586
3.586
3.586
3.586
3.586
3.586
3.586
3.586
3.606
3.606
3.606
3.606
3.606
3.606
3.606
3.606
3.606
3.606
3.606
3.606
3.606
3.606
3.606
3.606
3.606
3.606
3.606
3.606
3.606
3.606
3.606
3.606
3.606
3.606
3.606
3.606
3.606
3.606
3.492
3.492
3.492
3.492
3.492
3.492
3.492
3.492
3.492
3.492
3.492
3.492
3.492
3.492
3.492
3.492
3.492
3.492
3.492
3.492
3.492
3.492
3.492
3.492
3.492
3.492
3.492
3.492
3.492
3.492
4.171
4.171
4.171
4.171
4.171
4.171
4.171
4.171
4.171
4.171
4.171
4.171
4.171
4.171
4.171
4.171
4.171
4.171
4.171
4.171
4.171
4.171
4.171
4.171
4.171
4.171
4.171
4.171
4.171
4.171
4.207
4.207
4.207
4.207
4.207
4.207
4.207
4.207
4.207
4.207
4.207
4.207
4.207
4.207
4.207
4.207
4.207
4.207
4.207
4.207
4.207
4.207
4.207
4.207
4.207
4.207
4.207
4.207
4.207
4.207
4.578
4.578
4.578
4.578
4.578
4.578
4.578
4.578
4.578
4.578
4.578
4.578
4.578
4.578
4.578
4.578
4.578
4.578
4.578
4.578
4.578
4.578
4.578
4.578
4.578
4.578
4.578
4.578
4.578
4.578
4.216
4.216
4.216
4.216
4.216
4.216
4.216
4.216
4.216
4.216
4.216
4.216
4.216
4.216
4.216
4.216
4.216
4.216
4.216
4.216
4.216
4.216
4.216
4.216
4.216
4.216
4.216
4.216
4.216
4.216
4.119
4.119
4.119
4.119
4.119
4.119
4.119
4.119
4.119
4.119
4.119
4.119
4.119
4.119
4.119
4.119
4.119
4.119
4.119
4.119
4.119
4.119
4.119
4.119
4.119
4.119
4.119
4.119
4.119
4.119
4.859
4.859
4.859
4.859
4.859
4.859
4.859
4.859
4.859
4.859
4.859
4.859
4.859
4.859
4.859
4.859
4.859
4.859
4.859
4.859
4.859
4.859
4.859
4.859
4.859
4.859
4.859
4.859
4.859
4.859
4.509
4.509
4.509
4.509
4.509
4.509
4.509
4.509
4.509
4.509
4.509
4.509
4.509
4.509
4.509
4.509
4.509
4.509
4.509
4.509
4.509
4.509
4.509
4.509
4.509
4.509
4.509
4.509
4.509
4.509
4.128
4.128
4.128
4.128
4.128
4.128
4.128
4.128
4.128
4.128
4.128
4.128
4.128
4.128
4.128
4.128
4.128
4.128
4.128
4.128
4.128
4.128
4.128
4.128
4.128
4.128
4.128
4.128
4.128
4.128
3.848
3.848
3.848
3.848
3.848
3.848
3.848
3.848
3.848
3.848
3.848
3.848
3.848
3.848
3.848
3.848
3.848
3.848
3.848
3.848
3.848
3.848
3.848
3.848
3.848
3.848
3.848
3.848
3.848
3.848
3.755
3.755
3.755
3.755
3.755
3.755
3.755
3.755
3.755
3.755
3.755
3.755
3.755
3.755
3.755
3.755
3.755
3.755
3.755
3.755
3.755
3.755
3.755
3.755
3.755
3.755
3.755
3.755
3.755
3.755
3.846
3.846
3.846
3.846
3.846
3.846
3.846
3.846
3.846
3.846
3.846
3.846
3.846
3.846
3.846
3.846
3.846
3.846
3.846
3.846
3.846
3.846
3.846
3.846
3.846
3.846
3.846
3.846
3.846
3.846
3.768
3.768
3.768
3.768
3.768
3.768
3.768
3.768
3.768
3.768
3.768
3.768
3.768
3.768
3.768
3.768
3.768
3.768
3.768
3.768
3.768
3.768
3.768
3.768
3.768
3.768
3.768
3.768
3.768
3.768
3.716
3.716
3.716
3.716
3.716
3.716
3.716
3.716
3.716
3.716
3.716
3.716
3.716
3.716
3.716
3.716
3.716
3.716
3.716
3.716
3.716
3.716
3.716
3.716
3.716
3.716
3.716
3.716
3.716
3.716
3.8
3.8
3.8
3.8
3.8
3.8
3.8
3.8
3.8
3.8
3.8
3.8
3.8
3.8
3.8
3.8
3.8
3.8
3.8
3.8
3.8
3.8
3.8
3.8
3.8
3.8
3.8
3.8
3.8
3.8
3.694
3.694
3.694
3.694
3.694
3.694
3.694
3.694
3.694
3.694
3.694
3.694
3.694
3.694
3.694
3.694
3.694
3.694
3.694
3.694
3.694
3.694
3.694
3.694
3.694
3.694
3.694
3.694
3.694
3.694
3.692
3.692
3.692
3.692
3.692
3.692
3.692
3.692
3.692
3.692
3.692
3.692
3.692
3.692
3.692
3.692
3.692
3.692
3.692
3.692
3.692
3.692
3.692
3.692
3.692
3.692
3.692
3.692
3.692
3.692
3.804
3.804
3.804
3.804
3.804
3.804
3.804
3.804
3.804
3.804
3.804
3.804
3.804
3.804
3.804
3.804
3.804
3.804
3.804
3.804
3.804
3.804
3.804
3.804
3.804
3.804
3.804
3.804
3.804
3.804
3.732
3.732
3.732
3.732
3.732
3.732
3.732
3.732
3.732
3.732
3.732
3.732
3.732
3.732
3.732
3.732
3.732
3.732
3.732
3.732
3.732
3.732
3.732
3.732
3.732
3.732
3.732
3.732
3.732
3.732
3.689
3.689
3.689
3.689
3.689
3.689
3.689
3.689
3.689
3.689
3.689
3.689
3.689
3.689
3.689
3.689
3.689
3.689
3.689
3.689
3.689
3.689
3.689
3.689
3.689
3.689
3.689
3.689
3.689
3.689
3.637
3.637
3.637
3.637
3.637
3.637
3.637
3.637
3.637
3.637
3.637
3.637
3.637
3.637
3.637
3.637
3.637
3.637
3.637
3.637
3.637
3.637
3.637
3.637
3.637
3.637
3.637
3.637
3.637
3.637
4.001
4.001
4.001
4.001
4.001
4.001
4.001
4.001
4.001
4.001
4.001
4.001
4.001
4.001
4.001
4.001
4.001
4.001
4.001
4.001
4.001
4.001
4.001
4.001
4.001
4.001
4.001
4.001
4.001
4.001
3.991
3.991
3.991
3.991
3.991
3.991
3.991
3.991
3.991
3.991
3.991
3.991
3.991
3.991
3.991
3.991
3.991
3.991
3.991
3.991
3.991
3.991
3.991
3.991
3.991
3.991
3.991
3.991
3.991
3.991
3.914
3.914
3.914
3.914
3.914
3.914
3.914
3.914
3.914
3.914
3.914
3.914
3.914
3.914
3.914
3.914
3.914
3.914
3.914
3.914
3.914
3.914
3.914
3.914
3.914
3.914
3.914
3.914
3.914
3.914
4.045
4.045
4.045
4.045
4.045
4.045
4.045
4.045
4.045
4.045
4.045
4.045
4.045
4.045
4.045
4.045
4.045
4.045
4.045
4.045
4.045
4.045
4.045
4.045
4.045
4.045
4.045
4.045
4.045
4.045
3.999
3.999
3.999
3.999
3.999
3.999
3.999
3.999
3.999
3.999
3.999
3.999
3.999
3.999
3.999
3.999
3.999
3.999
3.999
3.999
3.999
3.999
3.999
3.999
3.999
3.999
3.999
3.999
3.999
3.999
3.983
3.983
3.983
3.983
3.983
3.983
3.983
3.983
3.983
3.983
3.983
3.983
3.983
3.983
3.983
3.983
3.983
3.983
3.983
3.983
3.983
3.983
3.983
3.983
3.983
3.983
3.983
3.983
3.983
3.983
4.052
4.052
4.052
4.052
4.052
4.052
4.052
4.052
4.052
4.052
4.052
4.052
4.052
4.052
4.052
4.052
4.052
4.052
4.052
4.052
4.052
4.052
4.052
4.052
4.052
4.052
4.052
4.052
4.052
4.052
4.2
4.2
4.2
4.2
4.2
4.2
4.2
4.2
4.2
4.2
4.2
4.2
4.2
4.2
4.2
4.2
4.2
4.2
4.2
4.2
4.2
4.2
4.2
4.2
4.2
4.2
4.2
4.2
4.2
4.2
4.351
4.351
4.351
4.351
4.351
4.351
4.351
4.351
4.351
4.351
4.351
4.351
4.351
4.351
4.351
4.351
4.351
4.351
4.351
4.351
4.351
4.351
4.351
4.351
4.351
4.351
4.351
4.351
4.351
4.351
4.378
4.378
4.378
4.378
4.378
4.378
4.378
4.378
4.378
4.378
4.378
4.378
4.378
4.378
4.378
4.378
4.378
4.378
4.378
4.378
4.378
4.378
4.378
4.378
4.378
4.378
4.378
4.378
4.378
4.378
4.554
4.554
4.554
4.554
4.554
4.554
4.554
4.554
4.554
4.554
4.554
4.554
4.554
4.554
4.554
4.554
4.554
4.554
4.554
4.554
4.554
4.554
4.554
4.554
4.554
4.554
4.554
4.554
4.554
4.554
4.947
4.947
4.947
4.947
4.947
4.947
4.947
4.947
4.947
4.947
4.947
4.947
4.947
4.947
4.947
4.947
4.947
4.947
4.947
4.947
4.947
4.947
4.947
4.947
4.947
4.947
4.947
4.947
4.947
4.947
5.299
5.299
5.299
5.299
5.299
5.299
5.299
5.299
5.299
5.299
5.299
5.299
5.299
5.299
5.299
5.299
5.299
5.299
5.299
5.299
5.299
5.299
5.299
5.299
5.299
5.299
5.299
5.299
5.299
5.299
4.38
4.38
4.38
4.38
4.38
4.38
4.38
4.38
4.38
4.38
4.38
4.38
4.38
4.38
4.38
4.38
4.38
4.38
4.38
4.38
4.38
4.38
4.38
4.38
4.38
4.38
4.38
4.38
4.38
4.38
4.423
4.423
4.423
4.423
4.423
4.423
4.423
4.423
4.423
4.423
4.423
4.423
4.423
4.423
4.423
4.423
4.423
4.423
4.423
4.423
4.423
4.423
4.423
4.423
4.423
4.423
4.423
4.423
4.423
4.423
4.163
4.163
4.163
4.163
4.163
4.163
4.163
4.163
4.163
4.163
4.163
4.163
4.163
4.163
4.163
4.163
4.163
4.163
4.163
4.163
4.163
4.163
4.163
4.163
4.163
4.163
4.163
4.163
4.163
4.163
3.864
3.864
3.864
3.864
3.864
3.864
3.864
3.864
3.864
3.864
3.864
3.864
3.864
3.864
3.864
3.864
3.864
3.864
3.864
3.864
3.864
3.864
3.864
3.864
3.864
3.864
3.864
3.864
3.864
3.864
4.075
4.075
4.075
4.075
4.075
4.075
4.075
4.075
4.075
4.075
4.075
4.075
4.075
4.075
4.075
4.075
4.075
4.075
4.075
4.075
4.075
4.075
4.075
4.075
4.075
4.075
4.075
4.075
4.075
4.075
