3.753
3.753
3.753
3.753
3.753
3.753
3.753
3.753
3.753
3.753
3.753
3.753
3.753
3.753
3.753
3.753
3.753
3.753
3.753
3.753
3.753
3.753
3.753
3.753
3.753
3.753
3.753
3.753
3.753
3.753
3.979
3.979
3.979
3.979
3.979
3.979
3.979
3.979
3.979
3.979
3.979
3.979
3.979
3.979
3.979
3.979
3.979
3.979
3.979
3.979
3.979
3.979
3.979
3.979
3.979
3.979
3.979
3.979
3.979
3.979
3.305
3.305
3.305
3.305
3.305
3.305
3.305
3.305
3.305
3.305
3.305
3.305
3.305
3.305
3.305
3.305
3.305
3.305
3.305
3.305
3.305
3.305
3.305
3.305
3.305
3.305
3.305
3.305
3.305
3.305
3.243
3.243
3.243
3.243
3.243
3.243
3.243
3.243
3.243
3.243
3.243
3.243
3.243
3.243
3.243
3.243
3.243
3.243
3.243
3.243
3.243
3.243
3.243
3.243
3.243
3.243
3.243
3.243
3.243
3.243
3.273
3.273
3.273
3.273
3.273
3.273
3.273
3.273
3.273
3.273
3.273
3.273
3.273
3.273
3.273
3.273
3.273
3.273
3.273
3.273
3.273
3.273
3.273
3.273
3.273
3.273
3.273
3.273
3.273
3.273
3.247
3.247
3.247
3.247
3.247
3.247
3.247
3.247
3.247
3.247
3.247
3.247
3.247
3.247
3.247
3.247
3.247
3.247
3.247
3.247
3.247
3.247
3.247
3.247
3.247
3.247
3.247
3.247
3.247
3.247
3.144
3.144
3.144
3.144
3.144
3.144
3.144
3.144
3.144
3.144
3.144
3.144
3.144
3.144
3.144
3.144
3.144
3.144
3.144
3.144
3.144
3.144
3.144
3.144
3.144
3.144
3.144
3.144
3.144
3.144
3.014
3.014
3.014
3.014
3.014
3.014
3.014
3.014
3.014
3.014
3.014
3.014
3.014
3.014
3.014
3.014
3.014
3.014
3.014
3.014
3.014
3.014
3.014
3.014
3.014
3.014
3.014
3.014
3.014
3.014
3.061
3.061
3.061
3.061
3.061
3.061
3.061
3.061
3.061
3.061
3.061
3.061
3.061
3.061
3.061
3.061
3.061
3.061
3.061
3.061
3.061
3.061
3.061
3.061
3.061
3.061
3.061
3.061
3.061
3.061
3.014
3.014
3.014
3.014
3.014
3.014
3.014
3.014
3.014
3.014
3.014
3.014
3.014
3.014
3.014
3.014
3.014
3.014
3.014
3.014
3.014
3.014
3.014
3.014
3.014
3.014
3.014
3.014
3.014
3.014
3.317
3.317
3.317
3.317
3.317
3.317
3.317
3.317
3.317
3.317
3.317
3.317
3.317
3.317
3.317
3.317
3.317
3.317
3.317
3.317
3.317
3.317
3.317
3.317
3.317
3.317
3.317
3.317
3.317
3.317
3.614
3.614
3.614
3.614
3.614
3.614
3.614
3.614
3.614
3.614
3.614
3.614
3.614
3.614
3.614
3.614
3.614
3.614
3.614
3.614
3.614
3.614
3.614
3.614
3.614
3.614
3.614
3.614
3.614
3.614
3.893
3.893
3.893
3.893
3.893
3.893
3.893
3.893
3.893
3.893
3.893
3.893
3.893
3.893
3.893
3.893
3.893
3.893
3.893
3.893
3.893
3.893
3.893
3.893
3.893
3.893
3.893
3.893
3.893
3.893
3.962
3.962
3.962
3.962
3.962
3.962
3.962
3.962
3.962
3.962
3.962
3.962
3.962
3.962
3.962
3.962
3.962
3.962
3.962
3.962
3.962
3.962
3.962
3.962
3.962
3.962
3.962
3.962
3.962
3.962
4.121
4.121
4.121
4.121
4.121
4.121
4.121
4.121
4.121
4.121
4.121
4.121
4.121
4.121
4.121
4.121
4.121
4.121
4.121
4.121
4.121
4.121
4.121
4.121
4.121
4.121
4.121
4.121
4.121
4.121
4.118
4.118
4.118
4.118
4.118
4.118
4.118
4.118
4.118
4.118
4.118
4.118
4.118
4.118
4.118
4.118
4.118
4.118
4.118
4.118
4.118
4.118
4.118
4.118
4.118
4.118
4.118
4.118
4.118
4.118
4.182
4.182
4.182
4.182
4.182
4.182
4.182
4.182
4.182
4.182
4.182
4.182
4.182
4.182
4.182
4.182
4.182
4.182
4.182
4.182
4.182
4.182
4.182
4.182
4.182
4.182
4.182
4.182
4.182
4.182
4.211
4.211
4.211
4.211
4.211
4.211
4.211
4.211
4.211
4.211
4.211
4.211
4.211
4.211
4.211
4.211
4.211
4.211
4.211
4.211
4.211
4.211
4.211
4.211
4.211
4.211
4.211
4.211
4.211
4.211
4.661
4.661
4.661
4.661
4.661
4.661
4.661
4.661
4.661
4.661
4.661
4.661
4.661
4.661
4.661
4.661
4.661
4.661
4.661
4.661
4.661
4.661
4.661
4.661
4.661
4.661
4.661
4.661
4.661
4.661
4.599
4.599
4.599
4.599
4.599
4.599
4.599
4.599
4.599
4.599
4.599
4.599
4.599
4.599
4.599
4.599
4.599
4.599
4.599
4.599
4.599
4.599
4.599
4.599
4.599
4.599
4.599
4.599
4.599
4.599
4.615
4.615
4.615
4.615
4.615
4.615
4.615
4.615
4.615
4.615
4.615
4.615
4.615
4.615
4.615
4.615
4.615
4.615
4.615
4.615
4.615
4.615
4.615
4.615
4.615
4.615
4.615
4.615
4.615
4.615
4.56
4.56
4.56
4.56
4.56
4.56
4.56
4.56
4.56
4.56
4.56
4.56
4.56
4.56
4.56
4.56
4.56
4.56
4.56
4.56
4.56
4.56
4.56
4.56
4.56
4.56
4.56
4.56
4.56
4.56
3.918
3.918
3.918
3.918
3.918
3.918
3.918
3.918
3.918
3.918
3.918
3.918
3.918
3.918
3.918
3.918
3.918
3.918
3.918
3.918
3.918
3.918
3.918
3.918
3.918
3.918
3.918
3.918
3.918
3.918
3.961
3.961
3.961
3.961
3.961
3.961
3.961
3.961
3.961
3.961
3.961
3.961
3.961
3.961
3.961
3.961
3.961
3.961
3.961
3.961
3.961
3.961
3.961
3.961
3.961
3.961
3.961
3.961
3.961
3.961
3.943
3.943
3.943
3.943
3.943
3.943
3.943
3.943
3.943
3.943
3.943
3.943
3.943
3.943
3.943
3.943
3.943
3.943
3.943
3.943
3.943
3.943
3.943
3.943
3.943
3.943
3.943
3.943
3.943
3.943
3.949
3.949
3.949
3.949
3.949
3.949
3.949
3.949
3.949
3.949
3.949
3.949
3.949
3.949
3.949
3.949
3.949
3.949
3.949
3.949
3.949
3.949
3.949
3.949
3.949
3.949
3.949
3.949
3.949
3.949
3.935
3.935
3.935
3.935
3.935
3.935
3.935
3.935
3.935
3.935
3.935
3.935
3.935
3.935
3.935
3.935
3.935
3.935
3.935
3.935
3.935
3.935
3.935
3.935
3.935
3.935
3.935
3.935
3.935
3.935
3.908
3.908
3.908
3.908
3.908
3.908
3.908
3.908
3.908
3.908
3.908
3.908
3.908
3.908
3.908
3.908
3.908
3.908
3.908
3.908
3.908
3.908
3.908
3.908
3.908
3.908
3.908
3.908
3.908
3.908
3.926
3.926
3.926
3.926
3.926
3.926
3.926
3.926
3.926
3.926
3.926
3.926
3.926
3.926
3.926
3.926
3.926
3.926
3.926
3.926
3.926
3.926
3.926
3.926
3.926
3.926
3.926
3.926
3.926
3.926
3.86
3.86
3.86
3.86
3.86
3.86
3.86
3.86
3.86
3.86
3.86
3.86
3.86
3.86
3.86
3.86
3.86
3.86
3.86
3.86
3.86
3.86
3.86
3.86
3.86
3.86
3.86
3.86
3.86
3.86
4.571
4.571
4.571
4.571
4.571
4.571
4.571
4.571
4.571
4.571
4.571
4.571
4.571
4.571
4.571
4.571
4.571
4.571
4.571
4.571
4.571
4.571
4.571
4.571
4.571
4.571
4.571
4.571
4.571
4.571
4.43
4.43
4.43
4.43
4.43
4.43
4.43
4.43
4.43
4.43
4.43
4.43
4.43
4.43
4.43
4.43
4.43
4.43
4.43
4.43
4.43
4.43
4.43
4.43
4.43
4.43
4.43
4.43
4.43
4.43
4.642
4.642
4.642
4.642
4.642
4.642
4.642
4.642
4.642
4.642
4.642
4.642
4.642
4.642
4.642
4.642
4.642
4.642
4.642
4.642
4.642
4.642
4.642
4.642
4.642
4.642
4.642
4.642
4.642
4.642
4.501
4.501
4.501
4.501
4.501
4.501
4.501
4.501
4.501
4.501
4.501
4.501
4.501
4.501
4.501
4.501
4.501
4.501
4.501
4.501
4.501
4.501
4.501
4.501
4.501
4.501
4.501
4.501
4.501
4.501
5.863
5.863
5.863
5.863
5.863
5.863
5.863
5.863
5.863
5.863
5.863
5.863
5.863
5.863
5.863
5.863
5.863
5.863
5.863
5.863
5.863
5.863
5.863
5.863
5.863
5.863
5.863
5.863
5.863
5.863
7.052
7.052
7.052
7.052
7.052
7.052
7.052
7.052
7.052
7.052
7.052
7.052
7.052
7.052
7.052
7.052
7.052
7.052
7.052
7.052
7.052
7.052
7.052
7.052
7.052
7.052
7.052
7.052
7.052
7.052
7.055
7.055
7.055
7.055
7.055
7.055
7.055
7.055
7.055
7.055
7.055
7.055
7.055
7.055
7.055
7.055
7.055
7.055
7.055
7.055
7.055
7.055
7.055
7.055
7.055
7.055
7.055
7.055
7.055
7.055
7.021
7.021
7.021
7.021
7.021
7.021
7.021
7.021
7.021
7.021
7.021
7.021
7.021
7.021
7.021
7.021
7.021
7.021
7.021
7.021
7.021
7.021
7.021
7.021
7.021
7.021
7.021
7.021
7.021
7.021
5.788
5.788
5.788
5.788
5.788
5.788
5.788
5.788
5.788
5.788
5.788
5.788
5.788
5.788
5.788
5.788
5.788
5.788
5.788
5.788
5.788
5.788
5.788
5.788
5.788
5.788
5.788
5.788
5.788
5.788
5.109
5.109
5.109
5.109
5.109
5.109
5.109
5.109
5.109
5.109
5.109
5.109
5.109
5.109
5.109
5.109
5.109
5.109
5.109
5.109
5.109
5.109
5.109
5.109
5.109
5.109
5.109
5.109
5.109
5.109
4.947
4.947
4.947
4.947
4.947
4.947
4.947
4.947
4.947
4.947
4.947
4.947
4.947
4.947
4.947
4.947
4.947
4.947
4.947
4.947
4.947
4.947
4.947
4.947
4.947
4.947
4.947
4.947
4.947
4.947
4.788
4.788
4.788
4.788
4.788
4.788
4.788
4.788
4.788
4.788
4.788
4.788
4.788
4.788
4.788
4.788
4.788
4.788
4.788
4.788
4.788
4.788
4.788
4.788
4.788
4.788
4.788
4.788
4.788
4.788
4.438
4.438
4.438
4.438
4.438
4.438
4.438
4.438
4.438
4.438
4.438
4.438
4.438
4.438
4.438
4.438
4.438
4.438
4.438
4.438
4.438
4.438
4.438
4.438
4.438
4.438
4.438
4.438
4.438
4.438
4.197
4.197
4.197
4.197
4.197
4.197
4.197
4.197
4.197
4.197
4.197
4.197
4.197
4.197
4.197
4.197
4.197
4.197
4.197
4.197
4.197
4.197
4.197
4.197
4.197
4.197
4.197
4.197
4.197
4.197
4.252
4.252
4.252
4.252
4.252
4.252
4.252
4.252
4.252
4.252
4.252
4.252
4.252
4.252
4.252
4.252
4.252
4.252
4.252
4.252
4.252
4.252
4.252
4.252
4.252
4.252
4.252
4.252
4.252
4.252
4.173
4.173
4.173
4.173
4.173
4.173
4.173
4.173
4.173
4.173
4.173
4.173
4.173
4.173
4.173
4.173
4.173
4.173
4.173
4.173
4.173
4.173
4.173
4.173
4.173
4.173
4.173
4.173
4.173
4.173
3.789
3.789
3.789
3.789
3.789
3.789
3.789
3.789
3.789
3.789
3.789
3.789
3.789
3.789
3.789
3.789
3.789
3.789
3.789
3.789
3.789
3.789
3.789
3.789
3.789
3.789
3.789
3.789
3.789
3.789
3.663
3.663
3.663
3.663
3.663
3.663
3.663
3.663
3.663
3.663
3.663
3.663
3.663
3.663
3.663
3.663
3.663
3.663
3.663
3.663
3.663
3.663
3.663
3.663
3.663
3.663
3.663
3.663
3.663
3.663
