3.507
3.507
3.507
3.507
3.507
3.507
3.507
3.507
3.507
3.507
3.507
3.507
3.507
3.507
3.507
3.507
3.507
3.507
3.507
3.507
3.507
3.507
3.507
3.507
3.507
3.507
3.507
3.507
3.507
3.507
3.424
3.424
3.424
3.424
3.424
3.424
3.424
3.424
3.424
3.424
3.424
3.424
3.424
3.424
3.424
3.424
3.424
3.424
3.424
3.424
3.424
3.424
3.424
3.424
3.424
3.424
3.424
3.424
3.424
3.424
3.446
3.446
3.446
3.446
3.446
3.446
3.446
3.446
3.446
3.446
3.446
3.446
3.446
3.446
3.446
3.446
3.446
3.446
3.446
3.446
3.446
3.446
3.446
3.446
3.446
3.446
3.446
3.446
3.446
3.446
3.582
3.582
3.582
3.582
3.582
3.582
3.582
3.582
3.582
3.582
3.582
3.582
3.582
3.582
3.582
3.582
3.582
3.582
3.582
3.582
3.582
3.582
3.582
3.582
3.582
3.582
3.582
3.582
3.582
3.582
3.405
3.405
3.405
3.405
3.405
3.405
3.405
3.405
3.405
3.405
3.405
3.405
3.405
3.405
3.405
3.405
3.405
3.405
3.405
3.405
3.405
3.405
3.405
3.405
3.405
3.405
3.405
3.405
3.405
3.405
3.465
3.465
3.465
3.465
3.465
3.465
3.465
3.465
3.465
3.465
3.465
3.465
3.465
3.465
3.465
3.465
3.465
3.465
3.465
3.465
3.465
3.465
3.465
3.465
3.465
3.465
3.465
3.465
3.465
3.465
3.399
3.399
3.399
3.399
3.399
3.399
3.399
3.399
3.399
3.399
3.399
3.399
3.399
3.399
3.399
3.399
3.399
3.399
3.399
3.399
3.399
3.399
3.399
3.399
3.399
3.399
3.399
3.399
3.399
3.399
3.362
3.362
3.362
3.362
3.362
3.362
3.362
3.362
3.362
3.362
3.362
3.362
3.362
3.362
3.362
3.362
3.362
3.362
3.362
3.362
3.362
3.362
3.362
3.362
3.362
3.362
3.362
3.362
3.362
3.362
3.329
3.329
3.329
3.329
3.329
3.329
3.329
3.329
3.329
3.329
3.329
3.329
3.329
3.329
3.329
3.329
3.329
3.329
3.329
3.329
3.329
3.329
3.329
3.329
3.329
3.329
3.329
3.329
3.329
3.329
3.264
3.264
3.264
3.264
3.264
3.264
3.264
3.264
3.264
3.264
3.264
3.264
3.264
3.264
3.264
3.264
3.264
3.264
3.264
3.264
3.264
3.264
3.264
3.264
3.264
3.264
3.264
3.264
3.264
3.264
3.43
3.43
3.43
3.43
3.43
3.43
3.43
3.43
3.43
3.43
3.43
3.43
3.43
3.43
3.43
3.43
3.43
3.43
3.43
3.43
3.43
3.43
3.43
3.43
3.43
3.43
3.43
3.43
3.43
3.43
3.505
3.505
3.505
3.505
3.505
3.505
3.505
3.505
3.505
3.505
3.505
3.505
3.505
3.505
3.505
3.505
3.505
3.505
3.505
3.505
3.505
3.505
3.505
3.505
3.505
3.505
3.505
3.505
3.505
3.505
3.738
3.738
3.738
3.738
3.738
3.738
3.738
3.738
3.738
3.738
3.738
3.738
3.738
3.738
3.738
3.738
3.738
3.738
3.738
3.738
3.738
3.738
3.738
3.738
3.738
3.738
3.738
3.738
3.738
3.738
3.69
3.69
3.69
3.69
3.69
3.69
3.69
3.69
3.69
3.69
3.69
3.69
3.69
3.69
3.69
3.69
3.69
3.69
3.69
3.69
3.69
3.69
3.69
3.69
3.69
3.69
3.69
3.69
3.69
3.69
3.797
3.797
3.797
3.797
3.797
3.797
3.797
3.797
3.797
3.797
3.797
3.797
3.797
3.797
3.797
3.797
3.797
3.797
3.797
3.797
3.797
3.797
3.797
3.797
3.797
3.797
3.797
3.797
3.797
3.797
3.971
3.971
3.971
3.971
3.971
3.971
3.971
3.971
3.971
3.971
3.971
3.971
3.971
3.971
3.971
3.971
3.971
3.971
3.971
3.971
3.971
3.971
3.971
3.971
3.971
3.971
3.971
3.971
3.971
3.971
3.934
3.934
3.934
3.934
3.934
3.934
3.934
3.934
3.934
3.934
3.934
3.934
3.934
3.934
3.934
3.934
3.934
3.934
3.934
3.934
3.934
3.934
3.934
3.934
3.934
3.934
3.934
3.934
3.934
3.934
3.812
3.812
3.812
3.812
3.812
3.812
3.812
3.812
3.812
3.812
3.812
3.812
3.812
3.812
3.812
3.812
3.812
3.812
3.812
3.812
3.812
3.812
3.812
3.812
3.812
3.812
3.812
3.812
3.812
3.812
4.137
4.137
4.137
4.137
4.137
4.137
4.137
4.137
4.137
4.137
4.137
4.137
4.137
4.137
4.137
4.137
4.137
4.137
4.137
4.137
4.137
4.137
4.137
4.137
4.137
4.137
4.137
4.137
4.137
4.137
3.813
3.813
3.813
3.813
3.813
3.813
3.813
3.813
3.813
3.813
3.813
3.813
3.813
3.813
3.813
3.813
3.813
3.813
3.813
3.813
3.813
3.813
3.813
3.813
3.813
3.813
3.813
3.813
3.813
3.813
3.656
3.656
3.656
3.656
3.656
3.656
3.656
3.656
3.656
3.656
3.656
3.656
3.656
3.656
3.656
3.656
3.656
3.656
3.656
3.656
3.656
3.656
3.656
3.656
3.656
3.656
3.656
3.656
3.656
3.656
3.627
3.627
3.627
3.627
3.627
3.627
3.627
3.627
3.627
3.627
3.627
3.627
3.627
3.627
3.627
3.627
3.627
3.627
3.627
3.627
3.627
3.627
3.627
3.627
3.627
3.627
3.627
3.627
3.627
3.627
3.498
3.498
3.498
3.498
3.498
3.498
3.498
3.498
3.498
3.498
3.498
3.498
3.498
3.498
3.498
3.498
3.498
3.498
3.498
3.498
3.498
3.498
3.498
3.498
3.498
3.498
3.498
3.498
3.498
3.498
3.547
3.547
3.547
3.547
3.547
3.547
3.547
3.547
3.547
3.547
3.547
3.547
3.547
3.547
3.547
3.547
3.547
3.547
3.547
3.547
3.547
3.547
3.547
3.547
3.547
3.547
3.547
3.547
3.547
3.547
3.519
3.519
3.519
3.519
3.519
3.519
3.519
3.519
3.519
3.519
3.519
3.519
3.519
3.519
3.519
3.519
3.519
3.519
3.519
3.519
3.519
3.519
3.519
3.519
3.519
3.519
3.519
3.519
3.519
3.519
3.481
3.481
3.481
3.481
3.481
3.481
3.481
3.481
3.481
3.481
3.481
3.481
3.481
3.481
3.481
3.481
3.481
3.481
3.481
3.481
3.481
3.481
3.481
3.481
3.481
3.481
3.481
3.481
3.481
3.481
3.53
3.53
3.53
3.53
3.53
3.53
3.53
3.53
3.53
3.53
3.53
3.53
3.53
3.53
3.53
3.53
3.53
3.53
3.53
3.53
3.53
3.53
3.53
3.53
3.53
3.53
3.53
3.53
3.53
3.53
3.545
3.545
3.545
3.545
3.545
3.545
3.545
3.545
3.545
3.545
3.545
3.545
3.545
3.545
3.545
3.545
3.545
3.545
3.545
3.545
3.545
3.545
3.545
3.545
3.545
3.545
3.545
3.545
3.545
3.545
3.515
3.515
3.515
3.515
3.515
3.515
3.515
3.515
3.515
3.515
3.515
3.515
3.515
3.515
3.515
3.515
3.515
3.515
3.515
3.515
3.515
3.515
3.515
3.515
3.515
3.515
3.515
3.515
3.515
3.515
3.542
3.542
3.542
3.542
3.542
3.542
3.542
3.542
3.542
3.542
3.542
3.542
3.542
3.542
3.542
3.542
3.542
3.542
3.542
3.542
3.542
3.542
3.542
3.542
3.542
3.542
3.542
3.542
3.542
3.542
4.108
4.108
4.108
4.108
4.108
4.108
4.108
4.108
4.108
4.108
4.108
4.108
4.108
4.108
4.108
4.108
4.108
4.108
4.108
4.108
4.108
4.108
4.108
4.108
4.108
4.108
4.108
4.108
4.108
4.108
4.108
4.108
4.108
4.108
4.108
4.108
4.108
4.108
4.108
4.108
4.108
4.108
4.108
4.108
4.108
4.108
4.108
4.108
4.108
4.108
4.108
4.108
4.108
4.108
4.108
4.108
4.108
4.108
4.108
4.108
4.322
4.322
4.322
4.322
4.322
4.322
4.322
4.322
4.322
4.322
4.322
4.322
4.322
4.322
4.322
4.322
4.322
4.322
4.322
4.322
4.322
4.322
4.322
4.322
4.322
4.322
4.322
4.322
4.322
4.322
5.156
5.156
5.156
5.156
5.156
5.156
5.156
5.156
5.156
5.156
5.156
5.156
5.156
5.156
5.156
5.156
5.156
5.156
5.156
5.156
5.156
5.156
5.156
5.156
5.156
5.156
5.156
5.156
5.156
5.156
7.659
7.659
7.659
7.659
7.659
7.659
7.659
7.659
7.659
7.659
7.659
7.659
7.659
7.659
7.659
7.659
7.659
7.659
7.659
7.659
7.659
7.659
7.659
7.659
7.659
7.659
7.659
7.659
7.659
7.659
8.307
8.307
8.307
8.307
8.307
8.307
8.307
8.307
8.307
8.307
8.307
8.307
8.307
8.307
8.307
8.307
8.307
8.307
8.307
8.307
8.307
8.307
8.307
8.307
8.307
8.307
8.307
8.307
8.307
8.307
7.044
7.044
7.044
7.044
7.044
7.044
7.044
7.044
7.044
7.044
7.044
7.044
7.044
7.044
7.044
7.044
7.044
7.044
7.044
7.044
7.044
7.044
7.044
7.044
7.044
7.044
7.044
7.044
7.044
7.044
5.596
5.596
5.596
5.596
5.596
5.596
5.596
5.596
5.596
5.596
5.596
5.596
5.596
5.596
5.596
5.596
5.596
5.596
5.596
5.596
5.596
5.596
5.596
5.596
5.596
5.596
5.596
5.596
5.596
5.596
4.145
4.145
4.145
4.145
4.145
4.145
4.145
4.145
4.145
4.145
4.145
4.145
4.145
4.145
4.145
4.145
4.145
4.145
4.145
4.145
4.145
4.145
4.145
4.145
4.145
4.145
4.145
4.145
4.145
4.145
4.034
4.034
4.034
4.034
4.034
4.034
4.034
4.034
4.034
4.034
4.034
4.034
4.034
4.034
4.034
4.034
4.034
4.034
4.034
4.034
4.034
4.034
4.034
4.034
4.034
4.034
4.034
4.034
4.034
4.034
4.106
4.106
4.106
4.106
4.106
4.106
4.106
4.106
4.106
4.106
4.106
4.106
4.106
4.106
4.106
4.106
4.106
4.106
4.106
4.106
4.106
4.106
4.106
4.106
4.106
4.106
4.106
4.106
4.106
4.106
4.067
4.067
4.067
4.067
4.067
4.067
4.067
4.067
4.067
4.067
4.067
4.067
4.067
4.067
4.067
4.067
4.067
4.067
4.067
4.067
4.067
4.067
4.067
4.067
4.067
4.067
4.067
4.067
4.067
4.067
4.136
4.136
4.136
4.136
4.136
4.136
4.136
4.136
4.136
4.136
4.136
4.136
4.136
4.136
4.136
4.136
4.136
4.136
4.136
4.136
4.136
4.136
4.136
4.136
4.136
4.136
4.136
4.136
4.136
4.136
4.033
4.033
4.033
4.033
4.033
4.033
4.033
4.033
4.033
4.033
4.033
4.033
4.033
4.033
4.033
4.033
4.033
4.033
4.033
4.033
4.033
4.033
4.033
4.033
4.033
4.033
4.033
4.033
4.033
4.033
3.874
3.874
3.874
3.874
3.874
3.874
3.874
3.874
3.874
3.874
3.874
3.874
3.874
3.874
3.874
3.874
3.874
3.874
3.874
3.874
3.874
3.874
3.874
3.874
3.874
3.874
3.874
3.874
3.874
3.874
3.787
3.787
3.787
3.787
3.787
3.787
3.787
3.787
3.787
3.787
3.787
3.787
3.787
3.787
3.787
3.787
3.787
3.787
3.787
3.787
3.787
3.787
3.787
3.787
3.787
3.787
3.787
3.787
3.787
3.787
3.388
3.388
3.388
3.388
3.388
3.388
3.388
3.388
3.388
3.388
3.388
3.388
3.388
3.388
3.388
3.388
3.388
3.388
3.388
3.388
3.388
3.388
3.388
3.388
3.388
3.388
3.388
3.388
3.388
3.388
3.299
3.299
3.299
3.299
3.299
3.299
3.299
3.299
3.299
3.299
3.299
3.299
3.299
3.299
3.299
3.299
3.299
3.299
3.299
3.299
3.299
3.299
3.299
3.299
3.299
3.299
3.299
3.299
3.299
3.299
