2.817
2.817
2.817
2.817
2.817
2.817
2.817
2.817
2.817
2.817
2.817
2.817
2.817
2.817
2.817
2.817
2.817
2.817
2.817
2.817
2.817
2.817
2.817
2.817
2.817
2.817
2.817
2.817
2.817
2.817
2.981
2.981
2.981
2.981
2.981
2.981
2.981
2.981
2.981
2.981
2.981
2.981
2.981
2.981
2.981
2.981
2.981
2.981
2.981
2.981
2.981
2.981
2.981
2.981
2.981
2.981
2.981
2.981
2.981
2.981
2.604
2.604
2.604
2.604
2.604
2.604
2.604
2.604
2.604
2.604
2.604
2.604
2.604
2.604
2.604
2.604
2.604
2.604
2.604
2.604
2.604
2.604
2.604
2.604
2.604
2.604
2.604
2.604
2.604
2.604
2.68
2.68
2.68
2.68
2.68
2.68
2.68
2.68
2.68
2.68
2.68
2.68
2.68
2.68
2.68
2.68
2.68
2.68
2.68
2.68
2.68
2.68
2.68
2.68
2.68
2.68
2.68
2.68
2.68
2.68
2.737
2.737
2.737
2.737
2.737
2.737
2.737
2.737
2.737
2.737
2.737
2.737
2.737
2.737
2.737
2.737
2.737
2.737
2.737
2.737
2.737
2.737
2.737
2.737
2.737
2.737
2.737
2.737
2.737
2.737
2.706
2.706
2.706
2.706
2.706
2.706
2.706
2.706
2.706
2.706
2.706
2.706
2.706
2.706
2.706
2.706
2.706
2.706
2.706
2.706
2.706
2.706
2.706
2.706
2.706
2.706
2.706
2.706
2.706
2.706
2.569
2.569
2.569
2.569
2.569
2.569
2.569
2.569
2.569
2.569
2.569
2.569
2.569
2.569
2.569
2.569
2.569
2.569
2.569
2.569
2.569
2.569
2.569
2.569
2.569
2.569
2.569
2.569
2.569
2.569
2.524
2.524
2.524
2.524
2.524
2.524
2.524
2.524
2.524
2.524
2.524
2.524
2.524
2.524
2.524
2.524
2.524
2.524
2.524
2.524
2.524
2.524
2.524
2.524
2.524
2.524
2.524
2.524
2.524
2.524
2.61
2.61
2.61
2.61
2.61
2.61
2.61
2.61
2.61
2.61
2.61
2.61
2.61
2.61
2.61
2.61
2.61
2.61
2.61
2.61
2.61
2.61
2.61
2.61
2.61
2.61
2.61
2.61
2.61
2.61
2.55
2.55
2.55
2.55
2.55
2.55
2.55
2.55
2.55
2.55
2.55
2.55
2.55
2.55
2.55
2.55
2.55
2.55
2.55
2.55
2.55
2.55
2.55
2.55
2.55
2.55
2.55
2.55
2.55
2.55
2.749
2.749
2.749
2.749
2.749
2.749
2.749
2.749
2.749
2.749
2.749
2.749
2.749
2.749
2.749
2.749
2.749
2.749
2.749
2.749
2.749
2.749
2.749
2.749
2.749
2.749
2.749
2.749
2.749
2.749
2.724
2.724
2.724
2.724
2.724
2.724
2.724
2.724
2.724
2.724
2.724
2.724
2.724
2.724
2.724
2.724
2.724
2.724
2.724
2.724
2.724
2.724
2.724
2.724
2.724
2.724
2.724
2.724
2.724
2.724
2.85
2.85
2.85
2.85
2.85
2.85
2.85
2.85
2.85
2.85
2.85
2.85
2.85
2.85
2.85
2.85
2.85
2.85
2.85
2.85
2.85
2.85
2.85
2.85
2.85
2.85
2.85
2.85
2.85
2.85
2.816
2.816
2.816
2.816
2.816
2.816
2.816
2.816
2.816
2.816
2.816
2.816
2.816
2.816
2.816
2.816
2.816
2.816
2.816
2.816
2.816
2.816
2.816
2.816
2.816
2.816
2.816
2.816
2.816
2.816
2.929
2.929
2.929
2.929
2.929
2.929
2.929
2.929
2.929
2.929
2.929
2.929
2.929
2.929
2.929
2.929
2.929
2.929
2.929
2.929
2.929
2.929
2.929
2.929
2.929
2.929
2.929
2.929
2.929
2.929
3.615
3.615
3.615
3.615
3.615
3.615
3.615
3.615
3.615
3.615
3.615
3.615
3.615
3.615
3.615
3.615
3.615
3.615
3.615
3.615
3.615
3.615
3.615
3.615
3.615
3.615
3.615
3.615
3.615
3.615
4.498
4.498
4.498
4.498
4.498
4.498
4.498
4.498
4.498
4.498
4.498
4.498
4.498
4.498
4.498
4.498
4.498
4.498
4.498
4.498
4.498
4.498
4.498
4.498
4.498
4.498
4.498
4.498
4.498
4.498
5.484
5.484
5.484
5.484
5.484
5.484
5.484
5.484
5.484
5.484
5.484
5.484
5.484
5.484
5.484
5.484
5.484
5.484
5.484
5.484
5.484
5.484
5.484
5.484
5.484
5.484
5.484
5.484
5.484
5.484
5.11
5.11
5.11
5.11
5.11
5.11
5.11
5.11
5.11
5.11
5.11
5.11
5.11
5.11
5.11
5.11
5.11
5.11
5.11
5.11
5.11
5.11
5.11
5.11
5.11
5.11
5.11
5.11
5.11
5.11
4.086
4.086
4.086
4.086
4.086
4.086
4.086
4.086
4.086
4.086
4.086
4.086
4.086
4.086
4.086
4.086
4.086
4.086
4.086
4.086
4.086
4.086
4.086
4.086
4.086
4.086
4.086
4.086
4.086
4.086
3.99
3.99
3.99
3.99
3.99
3.99
3.99
3.99
3.99
3.99
3.99
3.99
3.99
3.99
3.99
3.99
3.99
3.99
3.99
3.99
3.99
3.99
3.99
3.99
3.99
3.99
3.99
3.99
3.99
3.99
3.674
3.674
3.674
3.674
3.674
3.674
3.674
3.674
3.674
3.674
3.674
3.674
3.674
3.674
3.674
3.674
3.674
3.674
3.674
3.674
3.674
3.674
3.674
3.674
3.674
3.674
3.674
3.674
3.674
3.674
3.199
3.199
3.199
3.199
3.199
3.199
3.199
3.199
3.199
3.199
3.199
3.199
3.199
3.199
3.199
3.199
3.199
3.199
3.199
3.199
3.199
3.199
3.199
3.199
3.199
3.199
3.199
3.199
3.199
3.199
3.169
3.169
3.169
3.169
3.169
3.169
3.169
3.169
3.169
3.169
3.169
3.169
3.169
3.169
3.169
3.169
3.169
3.169
3.169
3.169
3.169
3.169
3.169
3.169
3.169
3.169
3.169
3.169
3.169
3.169
2.998
2.998
2.998
2.998
2.998
2.998
2.998
2.998
2.998
2.998
2.998
2.998
2.998
2.998
2.998
2.998
2.998
2.998
2.998
2.998
2.998
2.998
2.998
2.998
2.998
2.998
2.998
2.998
2.998
2.998
2.9
2.9
2.9
2.9
2.9
2.9
2.9
2.9
2.9
2.9
2.9
2.9
2.9
2.9
2.9
2.9
2.9
2.9
2.9
2.9
2.9
2.9
2.9
2.9
2.9
2.9
2.9
2.9
2.9
2.9
2.942
2.942
2.942
2.942
2.942
2.942
2.942
2.942
2.942
2.942
2.942
2.942
2.942
2.942
2.942
2.942
2.942
2.942
2.942
2.942
2.942
2.942
2.942
2.942
2.942
2.942
2.942
2.942
2.942
2.942
2.877
2.877
2.877
2.877
2.877
2.877
2.877
2.877
2.877
2.877
2.877
2.877
2.877
2.877
2.877
2.877
2.877
2.877
2.877
2.877
2.877
2.877
2.877
2.877
2.877
2.877
2.877
2.877
2.877
2.877
2.912
2.912
2.912
2.912
2.912
2.912
2.912
2.912
2.912
2.912
2.912
2.912
2.912
2.912
2.912
2.912
2.912
2.912
2.912
2.912
2.912
2.912
2.912
2.912
2.912
2.912
2.912
2.912
2.912
2.912
2.92
2.92
2.92
2.92
2.92
2.92
2.92
2.92
2.92
2.92
2.92
2.92
2.92
2.92
2.92
2.92
2.92
2.92
2.92
2.92
2.92
2.92
2.92
2.92
2.92
2.92
2.92
2.92
2.92
2.92
2.807
2.807
2.807
2.807
2.807
2.807
2.807
2.807
2.807
2.807
2.807
2.807
2.807
2.807
2.807
2.807
2.807
2.807
2.807
2.807
2.807
2.807
2.807
2.807
2.807
2.807
2.807
2.807
2.807
2.807
2.772
2.772
2.772
2.772
2.772
2.772
2.772
2.772
2.772
2.772
2.772
2.772
2.772
2.772
2.772
2.772
2.772
2.772
2.772
2.772
2.772
2.772
2.772
2.772
2.772
2.772
2.772
2.772
2.772
2.772
2.832
2.832
2.832
2.832
2.832
2.832
2.832
2.832
2.832
2.832
2.832
2.832
2.832
2.832
2.832
2.832
2.832
2.832
2.832
2.832
2.832
2.832
2.832
2.832
2.832
2.832
2.832
2.832
2.832
2.832
3.032
3.032
3.032
3.032
3.032
3.032
3.032
3.032
3.032
3.032
3.032
3.032
3.032
3.032
3.032
3.032
3.032
3.032
3.032
3.032
3.032
3.032
3.032
3.032
3.032
3.032
3.032
3.032
3.032
3.032
4.36
4.36
4.36
4.36
4.36
4.36
4.36
4.36
4.36
4.36
4.36
4.36
4.36
4.36
4.36
4.36
4.36
4.36
4.36
4.36
4.36
4.36
4.36
4.36
4.36
4.36
4.36
4.36
4.36
4.36
5.329
5.329
5.329
5.329
5.329
5.329
5.329
5.329
5.329
5.329
5.329
5.329
5.329
5.329
5.329
5.329
5.329
5.329
5.329
5.329
5.329
5.329
5.329
5.329
5.329
5.329
5.329
5.329
5.329
5.329
5.698
5.698
5.698
5.698
5.698
5.698
5.698
5.698
5.698
5.698
5.698
5.698
5.698
5.698
5.698
5.698
5.698
5.698
5.698
5.698
5.698
5.698
5.698
5.698
5.698
5.698
5.698
5.698
5.698
5.698
5.631
5.631
5.631
5.631
5.631
5.631
5.631
5.631
5.631
5.631
5.631
5.631
5.631
5.631
5.631
5.631
5.631
5.631
5.631
5.631
5.631
5.631
5.631
5.631
5.631
5.631
5.631
5.631
5.631
5.631
5.493
5.493
5.493
5.493
5.493
5.493
5.493
5.493
5.493
5.493
5.493
5.493
5.493
5.493
5.493
5.493
5.493
5.493
5.493
5.493
5.493
5.493
5.493
5.493
5.493
5.493
5.493
5.493
5.493
5.493
5.558
5.558
5.558
5.558
5.558
5.558
5.558
5.558
5.558
5.558
5.558
5.558
5.558
5.558
5.558
5.558
5.558
5.558
5.558
5.558
5.558
5.558
5.558
5.558
5.558
5.558
5.558
5.558
5.558
5.558
5.431
5.431
5.431
5.431
5.431
5.431
5.431
5.431
5.431
5.431
5.431
5.431
5.431
5.431
5.431
5.431
5.431
5.431
5.431
5.431
5.431
5.431
5.431
5.431
5.431
5.431
5.431
5.431
5.431
5.431
5.591
5.591
5.591
5.591
5.591
5.591
5.591
5.591
5.591
5.591
5.591
5.591
5.591
5.591
5.591
5.591
5.591
5.591
5.591
5.591
5.591
5.591
5.591
5.591
5.591
5.591
5.591
5.591
5.591
5.591
5.267
5.267
5.267
5.267
5.267
5.267
5.267
5.267
5.267
5.267
5.267
5.267
5.267
5.267
5.267
5.267
5.267
5.267
5.267
5.267
5.267
5.267
5.267
5.267
5.267
5.267
5.267
5.267
5.267
5.267
3.912
3.912
3.912
3.912
3.912
3.912
3.912
3.912
3.912
3.912
3.912
3.912
3.912
3.912
3.912
3.912
3.912
3.912
3.912
3.912
3.912
3.912
3.912
3.912
3.912
3.912
3.912
3.912
3.912
3.912
3.57
3.57
3.57
3.57
3.57
3.57
3.57
3.57
3.57
3.57
3.57
3.57
3.57
3.57
3.57
3.57
3.57
3.57
3.57
3.57
3.57
3.57
3.57
3.57
3.57
3.57
3.57
3.57
3.57
3.57
3.396
3.396
3.396
3.396
3.396
3.396
3.396
3.396
3.396
3.396
3.396
3.396
3.396
3.396
3.396
3.396
3.396
3.396
3.396
3.396
3.396
3.396
3.396
3.396
3.396
3.396
3.396
3.396
3.396
3.396
3.499
3.499
3.499
3.499
3.499
3.499
3.499
3.499
3.499
3.499
3.499
3.499
3.499
3.499
3.499
3.499
3.499
3.499
3.499
3.499
3.499
3.499
3.499
3.499
3.499
3.499
3.499
3.499
3.499
3.499
3.001
3.001
3.001
3.001
3.001
3.001
3.001
3.001
3.001
3.001
3.001
3.001
3.001
3.001
3.001
3.001
3.001
3.001
3.001
3.001
3.001
3.001
3.001
3.001
3.001
3.001
3.001
3.001
3.001
3.001
