3.866
3.866
3.866
3.866
3.866
3.866
3.866
3.866
3.866
3.866
3.866
3.866
3.866
3.866
3.866
3.866
3.866
3.866
3.866
3.866
3.866
3.866
3.866
3.866
3.866
3.866
3.866
3.866
3.866
3.866
3.862
3.862
3.862
3.862
3.862
3.862
3.862
3.862
3.862
3.862
3.862
3.862
3.862
3.862
3.862
3.862
3.862
3.862
3.862
3.862
3.862
3.862
3.862
3.862
3.862
3.862
3.862
3.862
3.862
3.862
3.399
3.399
3.399
3.399
3.399
3.399
3.399
3.399
3.399
3.399
3.399
3.399
3.399
3.399
3.399
3.399
3.399
3.399
3.399
3.399
3.399
3.399
3.399
3.399
3.399
3.399
3.399
3.399
3.399
3.399
3.231
3.231
3.231
3.231
3.231
3.231
3.231
3.231
3.231
3.231
3.231
3.231
3.231
3.231
3.231
3.231
3.231
3.231
3.231
3.231
3.231
3.231
3.231
3.231
3.231
3.231
3.231
3.231
3.231
3.231
3.21
3.21
3.21
3.21
3.21
3.21
3.21
3.21
3.21
3.21
3.21
3.21
3.21
3.21
3.21
3.21
3.21
3.21
3.21
3.21
3.21
3.21
3.21
3.21
3.21
3.21
3.21
3.21
3.21
3.21
3.124
3.124
3.124
3.124
3.124
3.124
3.124
3.124
3.124
3.124
3.124
3.124
3.124
3.124
3.124
3.124
3.124
3.124
3.124
3.124
3.124
3.124
3.124
3.124
3.124
3.124
3.124
3.124
3.124
3.124
2.761
2.761
2.761
2.761
2.761
2.761
2.761
2.761
2.761
2.761
2.761
2.761
2.761
2.761
2.761
2.761
2.761
2.761
2.761
2.761
2.761
2.761
2.761
2.761
2.761
2.761
2.761
2.761
2.761
2.761
1.658
1.658
1.658
1.658
1.658
1.658
1.658
1.658
1.658
1.658
1.658
1.658
1.658
1.658
1.658
1.658
1.658
1.658
1.658
1.658
1.658
1.658
1.658
1.658
1.658
1.658
1.658
1.658
1.658
1.658
1.742
1.742
1.742
1.742
1.742
1.742
1.742
1.742
1.742
1.742
1.742
1.742
1.742
1.742
1.742
1.742
1.742
1.742
1.742
1.742
1.742
1.742
1.742
1.742
1.742
1.742
1.742
1.742
1.742
1.742
1.79
1.79
1.79
1.79
1.79
1.79
1.79
1.79
1.79
1.79
1.79
1.79
1.79
1.79
1.79
1.79
1.79
1.79
1.79
1.79
1.79
1.79
1.79
1.79
1.79
1.79
1.79
1.79
1.79
1.79
2.769
2.769
2.769
2.769
2.769
2.769
2.769
2.769
2.769
2.769
2.769
2.769
2.769
2.769
2.769
2.769
2.769
2.769
2.769
2.769
2.769
2.769
2.769
2.769
2.769
2.769
2.769
2.769
2.769
2.769
2.726
2.726
2.726
2.726
2.726
2.726
2.726
2.726
2.726
2.726
2.726
2.726
2.726
2.726
2.726
2.726
2.726
2.726
2.726
2.726
2.726
2.726
2.726
2.726
2.726
2.726
2.726
2.726
2.726
2.726
3.251
3.251
3.251
3.251
3.251
3.251
3.251
3.251
3.251
3.251
3.251
3.251
3.251
3.251
3.251
3.251
3.251
3.251
3.251
3.251
3.251
3.251
3.251
3.251
3.251
3.251
3.251
3.251
3.251
3.251
3.568
3.568
3.568
3.568
3.568
3.568
3.568
3.568
3.568
3.568
3.568
3.568
3.568
3.568
3.568
3.568
3.568
3.568
3.568
3.568
3.568
3.568
3.568
3.568
3.568
3.568
3.568
3.568
3.568
3.568
3.585
3.585
3.585
3.585
3.585
3.585
3.585
3.585
3.585
3.585
3.585
3.585
3.585
3.585
3.585
3.585
3.585
3.585
3.585
3.585
3.585
3.585
3.585
3.585
3.585
3.585
3.585
3.585
3.585
3.585
3.582
3.582
3.582
3.582
3.582
3.582
3.582
3.582
3.582
3.582
3.582
3.582
3.582
3.582
3.582
3.582
3.582
3.582
3.582
3.582
3.582
3.582
3.582
3.582
3.582
3.582
3.582
3.582
3.582
3.582
3.461
3.461
3.461
3.461
3.461
3.461
3.461
3.461
3.461
3.461
3.461
3.461
3.461
3.461
3.461
3.461
3.461
3.461
3.461
3.461
3.461
3.461
3.461
3.461
3.461
3.461
3.461
3.461
3.461
3.461
3.423
3.423
3.423
3.423
3.423
3.423
3.423
3.423
3.423
3.423
3.423
3.423
3.423
3.423
3.423
3.423
3.423
3.423
3.423
3.423
3.423
3.423
3.423
3.423
3.423
3.423
3.423
3.423
3.423
3.423
3.524
3.524
3.524
3.524
3.524
3.524
3.524
3.524
3.524
3.524
3.524
3.524
3.524
3.524
3.524
3.524
3.524
3.524
3.524
3.524
3.524
3.524
3.524
3.524
3.524
3.524
3.524
3.524
3.524
3.524
3.546
3.546
3.546
3.546
3.546
3.546
3.546
3.546
3.546
3.546
3.546
3.546
3.546
3.546
3.546
3.546
3.546
3.546
3.546
3.546
3.546
3.546
3.546
3.546
3.546
3.546
3.546
3.546
3.546
3.546
3.473
3.473
3.473
3.473
3.473
3.473
3.473
3.473
3.473
3.473
3.473
3.473
3.473
3.473
3.473
3.473
3.473
3.473
3.473
3.473
3.473
3.473
3.473
3.473
3.473
3.473
3.473
3.473
3.473
3.473
3.488
3.488
3.488
3.488
3.488
3.488
3.488
3.488
3.488
3.488
3.488
3.488
3.488
3.488
3.488
3.488
3.488
3.488
3.488
3.488
3.488
3.488
3.488
3.488
3.488
3.488
3.488
3.488
3.488
3.488
3.473
3.473
3.473
3.473
3.473
3.473
3.473
3.473
3.473
3.473
3.473
3.473
3.473
3.473
3.473
3.473
3.473
3.473
3.473
3.473
3.473
3.473
3.473
3.473
3.473
3.473
3.473
3.473
3.473
3.473
3.465
3.465
3.465
3.465
3.465
3.465
3.465
3.465
3.465
3.465
3.465
3.465
3.465
3.465
3.465
3.465
3.465
3.465
3.465
3.465
3.465
3.465
3.465
3.465
3.465
3.465
3.465
3.465
3.465
3.465
3.458
3.458
3.458
3.458
3.458
3.458
3.458
3.458
3.458
3.458
3.458
3.458
3.458
3.458
3.458
3.458
3.458
3.458
3.458
3.458
3.458
3.458
3.458
3.458
3.458
3.458
3.458
3.458
3.458
3.458
3.462
3.462
3.462
3.462
3.462
3.462
3.462
3.462
3.462
3.462
3.462
3.462
3.462
3.462
3.462
3.462
3.462
3.462
3.462
3.462
3.462
3.462
3.462
3.462
3.462
3.462
3.462
3.462
3.462
3.462
3.446
3.446
3.446
3.446
3.446
3.446
3.446
3.446
3.446
3.446
3.446
3.446
3.446
3.446
3.446
3.446
3.446
3.446
3.446
3.446
3.446
3.446
3.446
3.446
3.446
3.446
3.446
3.446
3.446
3.446
3.443
3.443
3.443
3.443
3.443
3.443
3.443
3.443
3.443
3.443
3.443
3.443
3.443
3.443
3.443
3.443
3.443
3.443
3.443
3.443
3.443
3.443
3.443
3.443
3.443
3.443
3.443
3.443
3.443
3.443
3.445
3.445
3.445
3.445
3.445
3.445
3.445
3.445
3.445
3.445
3.445
3.445
3.445
3.445
3.445
3.445
3.445
3.445
3.445
3.445
3.445
3.445
3.445
3.445
3.445
3.445
3.445
3.445
3.445
3.445
3.434
3.434
3.434
3.434
3.434
3.434
3.434
3.434
3.434
3.434
3.434
3.434
3.434
3.434
3.434
3.434
3.434
3.434
3.434
3.434
3.434
3.434
3.434
3.434
3.434
3.434
3.434
3.434
3.434
3.434
3.729
3.729
3.729
3.729
3.729
3.729
3.729
3.729
3.729
3.729
3.729
3.729
3.729
3.729
3.729
3.729
3.729
3.729
3.729
3.729
3.729
3.729
3.729
3.729
3.729
3.729
3.729
3.729
3.729
3.729
3.782
3.782
3.782
3.782
3.782
3.782
3.782
3.782
3.782
3.782
3.782
3.782
3.782
3.782
3.782
3.782
3.782
3.782
3.782
3.782
3.782
3.782
3.782
3.782
3.782
3.782
3.782
3.782
3.782
3.782
3.709
3.709
3.709
3.709
3.709
3.709
3.709
3.709
3.709
3.709
3.709
3.709
3.709
3.709
3.709
3.709
3.709
3.709
3.709
3.709
3.709
3.709
3.709
3.709
3.709
3.709
3.709
3.709
3.709
3.709
3.728
3.728
3.728
3.728
3.728
3.728
3.728
3.728
3.728
3.728
3.728
3.728
3.728
3.728
3.728
3.728
3.728
3.728
3.728
3.728
3.728
3.728
3.728
3.728
3.728
3.728
3.728
3.728
3.728
3.728
4.606
4.606
4.606
4.606
4.606
4.606
4.606
4.606
4.606
4.606
4.606
4.606
4.606
4.606
4.606
4.606
4.606
4.606
4.606
4.606
4.606
4.606
4.606
4.606
4.606
4.606
4.606
4.606
4.606
4.606
5.163
5.163
5.163
5.163
5.163
5.163
5.163
5.163
5.163
5.163
5.163
5.163
5.163
5.163
5.163
5.163
5.163
5.163
5.163
5.163
5.163
5.163
5.163
5.163
5.163
5.163
5.163
5.163
5.163
5.163
6.307
6.307
6.307
6.307
6.307
6.307
6.307
6.307
6.307
6.307
6.307
6.307
6.307
6.307
6.307
6.307
6.307
6.307
6.307
6.307
6.307
6.307
6.307
6.307
6.307
6.307
6.307
6.307
6.307
6.307
6.886
6.886
6.886
6.886
6.886
6.886
6.886
6.886
6.886
6.886
6.886
6.886
6.886
6.886
6.886
6.886
6.886
6.886
6.886
6.886
6.886
6.886
6.886
6.886
6.886
6.886
6.886
6.886
6.886
6.886
5.712
5.712
5.712
5.712
5.712
5.712
5.712
5.712
5.712
5.712
5.712
5.712
5.712
5.712
5.712
5.712
5.712
5.712
5.712
5.712
5.712
5.712
5.712
5.712
5.712
5.712
5.712
5.712
5.712
5.712
5.057
5.057
5.057
5.057
5.057
5.057
5.057
5.057
5.057
5.057
5.057
5.057
5.057
5.057
5.057
5.057
5.057
5.057
5.057
5.057
5.057
5.057
5.057
5.057
5.057
5.057
5.057
5.057
5.057
5.057
4.501
4.501
4.501
4.501
4.501
4.501
4.501
4.501
4.501
4.501
4.501
4.501
4.501
4.501
4.501
4.501
4.501
4.501
4.501
4.501
4.501
4.501
4.501
4.501
4.501
4.501
4.501
4.501
4.501
4.501
4.407
4.407
4.407
4.407
4.407
4.407
4.407
4.407
4.407
4.407
4.407
4.407
4.407
4.407
4.407
4.407
4.407
4.407
4.407
4.407
4.407
4.407
4.407
4.407
4.407
4.407
4.407
4.407
4.407
4.407
4.025
4.025
4.025
4.025
4.025
4.025
4.025
4.025
4.025
4.025
4.025
4.025
4.025
4.025
4.025
4.025
4.025
4.025
4.025
4.025
4.025
4.025
4.025
4.025
4.025
4.025
4.025
4.025
4.025
4.025
3.988
3.988
3.988
3.988
3.988
3.988
3.988
3.988
3.988
3.988
3.988
3.988
3.988
3.988
3.988
3.988
3.988
3.988
3.988
3.988
3.988
3.988
3.988
3.988
3.988
3.988
3.988
3.988
3.988
3.988
3.936
3.936
3.936
3.936
3.936
3.936
3.936
3.936
3.936
3.936
3.936
3.936
3.936
3.936
3.936
3.936
3.936
3.936
3.936
3.936
3.936
3.936
3.936
3.936
3.936
3.936
3.936
3.936
3.936
3.936
3.785
3.785
3.785
3.785
3.785
3.785
3.785
3.785
3.785
3.785
3.785
3.785
3.785
3.785
3.785
3.785
3.785
3.785
3.785
3.785
3.785
3.785
3.785
3.785
3.785
3.785
3.785
3.785
3.785
3.785
4.071
4.071
4.071
4.071
4.071
4.071
4.071
4.071
4.071
4.071
4.071
4.071
4.071
4.071
4.071
4.071
4.071
4.071
4.071
4.071
4.071
4.071
4.071
4.071
4.071
4.071
4.071
4.071
4.071
4.071
3.868
3.868
3.868
3.868
3.868
3.868
3.868
3.868
3.868
3.868
3.868
3.868
3.868
3.868
3.868
3.868
3.868
3.868
3.868
3.868
3.868
3.868
3.868
3.868
3.868
3.868
3.868
3.868
3.868
3.868
