3.396
3.396
3.396
3.396
3.396
3.396
3.396
3.396
3.396
3.396
3.396
3.396
3.396
3.396
3.396
3.396
3.396
3.396
3.396
3.396
3.396
3.396
3.396
3.396
3.396
3.396
3.396
3.396
3.396
3.396
3.279
3.279
3.279
3.279
3.279
3.279
3.279
3.279
3.279
3.279
3.279
3.279
3.279
3.279
3.279
3.279
3.279
3.279
3.279
3.279
3.279
3.279
3.279
3.279
3.279
3.279
3.279
3.279
3.279
3.279
2.988
2.988
2.988
2.988
2.988
2.988
2.988
2.988
2.988
2.988
2.988
2.988
2.988
2.988
2.988
2.988
2.988
2.988
2.988
2.988
2.988
2.988
2.988
2.988
2.988
2.988
2.988
2.988
2.988
2.988
2.963
2.963
2.963
2.963
2.963
2.963
2.963
2.963
2.963
2.963
2.963
2.963
2.963
2.963
2.963
2.963
2.963
2.963
2.963
2.963
2.963
2.963
2.963
2.963
2.963
2.963
2.963
2.963
2.963
2.963
2.857
2.857
2.857
2.857
2.857
2.857
2.857
2.857
2.857
2.857
2.857
2.857
2.857
2.857
2.857
2.857
2.857
2.857
2.857
2.857
2.857
2.857
2.857
2.857
2.857
2.857
2.857
2.857
2.857
2.857
2.836
2.836
2.836
2.836
2.836
2.836
2.836
2.836
2.836
2.836
2.836
2.836
2.836
2.836
2.836
2.836
2.836
2.836
2.836
2.836
2.836
2.836
2.836
2.836
2.836
2.836
2.836
2.836
2.836
2.836
2.856
2.856
2.856
2.856
2.856
2.856
2.856
2.856
2.856
2.856
2.856
2.856
2.856
2.856
2.856
2.856
2.856
2.856
2.856
2.856
2.856
2.856
2.856
2.856
2.856
2.856
2.856
2.856
2.856
2.856
2.937
2.937
2.937
2.937
2.937
2.937
2.937
2.937
2.937
2.937
2.937
2.937
2.937
2.937
2.937
2.937
2.937
2.937
2.937
2.937
2.937
2.937
2.937
2.937
2.937
2.937
2.937
2.937
2.937
2.937
2.883
2.883
2.883
2.883
2.883
2.883
2.883
2.883
2.883
2.883
2.883
2.883
2.883
2.883
2.883
2.883
2.883
2.883
2.883
2.883
2.883
2.883
2.883
2.883
2.883
2.883
2.883
2.883
2.883
2.883
2.81
2.81
2.81
2.81
2.81
2.81
2.81
2.81
2.81
2.81
2.81
2.81
2.81
2.81
2.81
2.81
2.81
2.81
2.81
2.81
2.81
2.81
2.81
2.81
2.81
2.81
2.81
2.81
2.81
2.81
3.07
3.07
3.07
3.07
3.07
3.07
3.07
3.07
3.07
3.07
3.07
3.07
3.07
3.07
3.07
3.07
3.07
3.07
3.07
3.07
3.07
3.07
3.07
3.07
3.07
3.07
3.07
3.07
3.07
3.07
3.028
3.028
3.028
3.028
3.028
3.028
3.028
3.028
3.028
3.028
3.028
3.028
3.028
3.028
3.028
3.028
3.028
3.028
3.028
3.028
3.028
3.028
3.028
3.028
3.028
3.028
3.028
3.028
3.028
3.028
3.288
3.288
3.288
3.288
3.288
3.288
3.288
3.288
3.288
3.288
3.288
3.288
3.288
3.288
3.288
3.288
3.288
3.288
3.288
3.288
3.288
3.288
3.288
3.288
3.288
3.288
3.288
3.288
3.288
3.288
3.254
3.254
3.254
3.254
3.254
3.254
3.254
3.254
3.254
3.254
3.254
3.254
3.254
3.254
3.254
3.254
3.254
3.254
3.254
3.254
3.254
3.254
3.254
3.254
3.254
3.254
3.254
3.254
3.254
3.254
3.345
3.345
3.345
3.345
3.345
3.345
3.345
3.345
3.345
3.345
3.345
3.345
3.345
3.345
3.345
3.345
3.345
3.345
3.345
3.345
3.345
3.345
3.345
3.345
3.345
3.345
3.345
3.345
3.345
3.345
3.509
3.509
3.509
3.509
3.509
3.509
3.509
3.509
3.509
3.509
3.509
3.509
3.509
3.509
3.509
3.509
3.509
3.509
3.509
3.509
3.509
3.509
3.509
3.509
3.509
3.509
3.509
3.509
3.509
3.509
3.427
3.427
3.427
3.427
3.427
3.427
3.427
3.427
3.427
3.427
3.427
3.427
3.427
3.427
3.427
3.427
3.427
3.427
3.427
3.427
3.427
3.427
3.427
3.427
3.427
3.427
3.427
3.427
3.427
3.427
3.408
3.408
3.408
3.408
3.408
3.408
3.408
3.408
3.408
3.408
3.408
3.408
3.408
3.408
3.408
3.408
3.408
3.408
3.408
3.408
3.408
3.408
3.408
3.408
3.408
3.408
3.408
3.408
3.408
3.408
3.62
3.62
3.62
3.62
3.62
3.62
3.62
3.62
3.62
3.62
3.62
3.62
3.62
3.62
3.62
3.62
3.62
3.62
3.62
3.62
3.62
3.62
3.62
3.62
3.62
3.62
3.62
3.62
3.62
3.62
3.745
3.745
3.745
3.745
3.745
3.745
3.745
3.745
3.745
3.745
3.745
3.745
3.745
3.745
3.745
3.745
3.745
3.745
3.745
3.745
3.745
3.745
3.745
3.745
3.745
3.745
3.745
3.745
3.745
3.745
3.665
3.665
3.665
3.665
3.665
3.665
3.665
3.665
3.665
3.665
3.665
3.665
3.665
3.665
3.665
3.665
3.665
3.665
3.665
3.665
3.665
3.665
3.665
3.665
3.665
3.665
3.665
3.665
3.665
3.665
3.631
3.631
3.631
3.631
3.631
3.631
3.631
3.631
3.631
3.631
3.631
3.631
3.631
3.631
3.631
3.631
3.631
3.631
3.631
3.631
3.631
3.631
3.631
3.631
3.631
3.631
3.631
3.631
3.631
3.631
4.187
4.187
4.187
4.187
4.187
4.187
4.187
4.187
4.187
4.187
4.187
4.187
4.187
4.187
4.187
4.187
4.187
4.187
4.187
4.187
4.187
4.187
4.187
4.187
4.187
4.187
4.187
4.187
4.187
4.187
4.109
4.109
4.109
4.109
4.109
4.109
4.109
4.109
4.109
4.109
4.109
4.109
4.109
4.109
4.109
4.109
4.109
4.109
4.109
4.109
4.109
4.109
4.109
4.109
4.109
4.109
4.109
4.109
4.109
4.109
4.379
4.379
4.379
4.379
4.379
4.379
4.379
4.379
4.379
4.379
4.379
4.379
4.379
4.379
4.379
4.379
4.379
4.379
4.379
4.379
4.379
4.379
4.379
4.379
4.379
4.379
4.379
4.379
4.379
4.379
4.17
4.17
4.17
4.17
4.17
4.17
4.17
4.17
4.17
4.17
4.17
4.17
4.17
4.17
4.17
4.17
4.17
4.17
4.17
4.17
4.17
4.17
4.17
4.17
4.17
4.17
4.17
4.17
4.17
4.17
4.081
4.081
4.081
4.081
4.081
4.081
4.081
4.081
4.081
4.081
4.081
4.081
4.081
4.081
4.081
4.081
4.081
4.081
4.081
4.081
4.081
4.081
4.081
4.081
4.081
4.081
4.081
4.081
4.081
4.081
4.018
4.018
4.018
4.018
4.018
4.018
4.018
4.018
4.018
4.018
4.018
4.018
4.018
4.018
4.018
4.018
4.018
4.018
4.018
4.018
4.018
4.018
4.018
4.018
4.018
4.018
4.018
4.018
4.018
4.018
4.021
4.021
4.021
4.021
4.021
4.021
4.021
4.021
4.021
4.021
4.021
4.021
4.021
4.021
4.021
4.021
4.021
4.021
4.021
4.021
4.021
4.021
4.021
4.021
4.021
4.021
4.021
4.021
4.021
4.021
4.034
4.034
4.034
4.034
4.034
4.034
4.034
4.034
4.034
4.034
4.034
4.034
4.034
4.034
4.034
4.034
4.034
4.034
4.034
4.034
4.034
4.034
4.034
4.034
4.034
4.034
4.034
4.034
4.034
4.034
3.945
3.945
3.945
3.945
3.945
3.945
3.945
3.945
3.945
3.945
3.945
3.945
3.945
3.945
3.945
3.945
3.945
3.945
3.945
3.945
3.945
3.945
3.945
3.945
3.945
3.945
3.945
3.945
3.945
3.945
4.043
4.043
4.043
4.043
4.043
4.043
4.043
4.043
4.043
4.043
4.043
4.043
4.043
4.043
4.043
4.043
4.043
4.043
4.043
4.043
4.043
4.043
4.043
4.043
4.043
4.043
4.043
4.043
4.043
4.043
4.217
4.217
4.217
4.217
4.217
4.217
4.217
4.217
4.217
4.217
4.217
4.217
4.217
4.217
4.217
4.217
4.217
4.217
4.217
4.217
4.217
4.217
4.217
4.217
4.217
4.217
4.217
4.217
4.217
4.217
4.165
4.165
4.165
4.165
4.165
4.165
4.165
4.165
4.165
4.165
4.165
4.165
4.165
4.165
4.165
4.165
4.165
4.165
4.165
4.165
4.165
4.165
4.165
4.165
4.165
4.165
4.165
4.165
4.165
4.165
4.056
4.056
4.056
4.056
4.056
4.056
4.056
4.056
4.056
4.056
4.056
4.056
4.056
4.056
4.056
4.056
4.056
4.056
4.056
4.056
4.056
4.056
4.056
4.056
4.056
4.056
4.056
4.056
4.056
4.056
3.925
3.925
3.925
3.925
3.925
3.925
3.925
3.925
3.925
3.925
3.925
3.925
3.925
3.925
3.925
3.925
3.925
3.925
3.925
3.925
3.925
3.925
3.925
3.925
3.925
3.925
3.925
3.925
3.925
3.925
3.722
3.722
3.722
3.722
3.722
3.722
3.722
3.722
3.722
3.722
3.722
3.722
3.722
3.722
3.722
3.722
3.722
3.722
3.722
3.722
3.722
3.722
3.722
3.722
3.722
3.722
3.722
3.722
3.722
3.722
3.693
3.693
3.693
3.693
3.693
3.693
3.693
3.693
3.693
3.693
3.693
3.693
3.693
3.693
3.693
3.693
3.693
3.693
3.693
3.693
3.693
3.693
3.693
3.693
3.693
3.693
3.693
3.693
3.693
3.693
3.976
3.976
3.976
3.976
3.976
3.976
3.976
3.976
3.976
3.976
3.976
3.976
3.976
3.976
3.976
3.976
3.976
3.976
3.976
3.976
3.976
3.976
3.976
3.976
3.976
3.976
3.976
3.976
3.976
3.976
3.941
3.941
3.941
3.941
3.941
3.941
3.941
3.941
3.941
3.941
3.941
3.941
3.941
3.941
3.941
3.941
3.941
3.941
3.941
3.941
3.941
3.941
3.941
3.941
3.941
3.941
3.941
3.941
3.941
3.941
3.768
3.768
3.768
3.768
3.768
3.768
3.768
3.768
3.768
3.768
3.768
3.768
3.768
3.768
3.768
3.768
3.768
3.768
3.768
3.768
3.768
3.768
3.768
3.768
3.768
3.768
3.768
3.768
3.768
3.768
3.711
3.711
3.711
3.711
3.711
3.711
3.711
3.711
3.711
3.711
3.711
3.711
3.711
3.711
3.711
3.711
3.711
3.711
3.711
3.711
3.711
3.711
3.711
3.711
3.711
3.711
3.711
3.711
3.711
3.711
3.761
3.761
3.761
3.761
3.761
3.761
3.761
3.761
3.761
3.761
3.761
3.761
3.761
3.761
3.761
3.761
3.761
3.761
3.761
3.761
3.761
3.761
3.761
3.761
3.761
3.761
3.761
3.761
3.761
3.761
3.778
3.778
3.778
3.778
3.778
3.778
3.778
3.778
3.778
3.778
3.778
3.778
3.778
3.778
3.778
3.778
3.778
3.778
3.778
3.778
3.778
3.778
3.778
3.778
3.778
3.778
3.778
3.778
3.778
3.778
3.765
3.765
3.765
3.765
3.765
3.765
3.765
3.765
3.765
3.765
3.765
3.765
3.765
3.765
3.765
3.765
3.765
3.765
3.765
3.765
3.765
3.765
3.765
3.765
3.765
3.765
3.765
3.765
3.765
3.765
3.702
3.702
3.702
3.702
3.702
3.702
3.702
3.702
3.702
3.702
3.702
3.702
3.702
3.702
3.702
3.702
3.702
3.702
3.702
3.702
3.702
3.702
3.702
3.702
3.702
3.702
3.702
3.702
3.702
3.702
3.33
3.33
3.33
3.33
3.33
3.33
3.33
3.33
3.33
3.33
3.33
3.33
3.33
3.33
3.33
3.33
3.33
3.33
3.33
3.33
3.33
3.33
3.33
3.33
3.33
3.33
3.33
3.33
3.33
3.33
3.313
3.313
3.313
3.313
3.313
3.313
3.313
3.313
3.313
3.313
3.313
3.313
3.313
3.313
3.313
3.313
3.313
3.313
3.313
3.313
3.313
3.313
3.313
3.313
3.313
3.313
3.313
3.313
3.313
3.313
