3.366
3.366
3.366
3.366
3.366
3.366
3.366
3.366
3.366
3.366
3.366
3.366
3.366
3.366
3.366
3.366
3.366
3.366
3.366
3.366
3.366
3.366
3.366
3.366
3.366
3.366
3.366
3.366
3.366
3.366
3.694
3.694
3.694
3.694
3.694
3.694
3.694
3.694
3.694
3.694
3.694
3.694
3.694
3.694
3.694
3.694
3.694
3.694
3.694
3.694
3.694
3.694
3.694
3.694
3.694
3.694
3.694
3.694
3.694
3.694
4.476
4.476
4.476
4.476
4.476
4.476
4.476
4.476
4.476
4.476
4.476
4.476
4.476
4.476
4.476
4.476
4.476
4.476
4.476
4.476
4.476
4.476
4.476
4.476
4.476
4.476
4.476
4.476
4.476
4.476
4.585
4.585
4.585
4.585
4.585
4.585
4.585
4.585
4.585
4.585
4.585
4.585
4.585
4.585
4.585
4.585
4.585
4.585
4.585
4.585
4.585
4.585
4.585
4.585
4.585
4.585
4.585
4.585
4.585
4.585
4.393
4.393
4.393
4.393
4.393
4.393
4.393
4.393
4.393
4.393
4.393
4.393
4.393
4.393
4.393
4.393
4.393
4.393
4.393
4.393
4.393
4.393
4.393
4.393
4.393
4.393
4.393
4.393
4.393
4.393
4.251
4.251
4.251
4.251
4.251
4.251
4.251
4.251
4.251
4.251
4.251
4.251
4.251
4.251
4.251
4.251
4.251
4.251
4.251
4.251
4.251
4.251
4.251
4.251
4.251
4.251
4.251
4.251
4.251
4.251
3.923
3.923
3.923
3.923
3.923
3.923
3.923
3.923
3.923
3.923
3.923
3.923
3.923
3.923
3.923
3.923
3.923
3.923
3.923
3.923
3.923
3.923
3.923
3.923
3.923
3.923
3.923
3.923
3.923
3.923
3.974
3.974
3.974
3.974
3.974
3.974
3.974
3.974
3.974
3.974
3.974
3.974
3.974
3.974
3.974
3.974
3.974
3.974
3.974
3.974
3.974
3.974
3.974
3.974
3.974
3.974
3.974
3.974
3.974
3.974
4.007
4.007
4.007
4.007
4.007
4.007
4.007
4.007
4.007
4.007
4.007
4.007
4.007
4.007
4.007
4.007
4.007
4.007
4.007
4.007
4.007
4.007
4.007
4.007
4.007
4.007
4.007
4.007
4.007
4.007
3.849
3.849
3.849
3.849
3.849
3.849
3.849
3.849
3.849
3.849
3.849
3.849
3.849
3.849
3.849
3.849
3.849
3.849
3.849
3.849
3.849
3.849
3.849
3.849
3.849
3.849
3.849
3.849
3.849
3.849
5.248
5.248
5.248
5.248
5.248
5.248
5.248
5.248
5.248
5.248
5.248
5.248
5.248
5.248
5.248
5.248
5.248
5.248
5.248
5.248
5.248
5.248
5.248
5.248
5.248
5.248
5.248
5.248
5.248
5.248
4.857
4.857
4.857
4.857
4.857
4.857
4.857
4.857
4.857
4.857
4.857
4.857
4.857
4.857
4.857
4.857
4.857
4.857
4.857
4.857
4.857
4.857
4.857
4.857
4.857
4.857
4.857
4.857
4.857
4.857
4.28
4.28
4.28
4.28
4.28
4.28
4.28
4.28
4.28
4.28
4.28
4.28
4.28
4.28
4.28
4.28
4.28
4.28
4.28
4.28
4.28
4.28
4.28
4.28
4.28
4.28
4.28
4.28
4.28
4.28
4.304
4.304
4.304
4.304
4.304
4.304
4.304
4.304
4.304
4.304
4.304
4.304
4.304
4.304
4.304
4.304
4.304
4.304
4.304
4.304
4.304
4.304
4.304
4.304
4.304
4.304
4.304
4.304
4.304
4.304
4.726
4.726
4.726
4.726
4.726
4.726
4.726
4.726
4.726
4.726
4.726
4.726
4.726
4.726
4.726
4.726
4.726
4.726
4.726
4.726
4.726
4.726
4.726
4.726
4.726
4.726
4.726
4.726
4.726
4.726
5.578
5.578
5.578
5.578
5.578
5.578
5.578
5.578
5.578
5.578
5.578
5.578
5.578
5.578
5.578
5.578
5.578
5.578
5.578
5.578
5.578
5.578
5.578
5.578
5.578
5.578
5.578
5.578
5.578
5.578
5.877
5.877
5.877
5.877
5.877
5.877
5.877
5.877
5.877
5.877
5.877
5.877
5.877
5.877
5.877
5.877
5.877
5.877
5.877
5.877
5.877
5.877
5.877
5.877
5.877
5.877
5.877
5.877
5.877
5.877
6.362
6.362
6.362
6.362
6.362
6.362
6.362
6.362
6.362
6.362
6.362
6.362
6.362
6.362
6.362
6.362
6.362
6.362
6.362
6.362
6.362
6.362
6.362
6.362
6.362
6.362
6.362
6.362
6.362
6.362
6.743
6.743
6.743
6.743
6.743
6.743
6.743
6.743
6.743
6.743
6.743
6.743
6.743
6.743
6.743
6.743
6.743
6.743
6.743
6.743
6.743
6.743
6.743
6.743
6.743
6.743
6.743
6.743
6.743
6.743
7.121
7.121
7.121
7.121
7.121
7.121
7.121
7.121
7.121
7.121
7.121
7.121
7.121
7.121
7.121
7.121
7.121
7.121
7.121
7.121
7.121
7.121
7.121
7.121
7.121
7.121
7.121
7.121
7.121
7.121
6.305
6.305
6.305
6.305
6.305
6.305
6.305
6.305
6.305
6.305
6.305
6.305
6.305
6.305
6.305
6.305
6.305
6.305
6.305
6.305
6.305
6.305
6.305
6.305
6.305
6.305
6.305
6.305
6.305
6.305
6.213
6.213
6.213
6.213
6.213
6.213
6.213
6.213
6.213
6.213
6.213
6.213
6.213
6.213
6.213
6.213
6.213
6.213
6.213
6.213
6.213
6.213
6.213
6.213
6.213
6.213
6.213
6.213
6.213
6.213
5.094
5.094
5.094
5.094
5.094
5.094
5.094
5.094
5.094
5.094
5.094
5.094
5.094
5.094
5.094
5.094
5.094
5.094
5.094
5.094
5.094
5.094
5.094
5.094
5.094
5.094
5.094
5.094
5.094
5.094
4.899
4.899
4.899
4.899
4.899
4.899
4.899
4.899
4.899
4.899
4.899
4.899
4.899
4.899
4.899
4.899
4.899
4.899
4.899
4.899
4.899
4.899
4.899
4.899
4.899
4.899
4.899
4.899
4.899
4.899
4.777
4.777
4.777
4.777
4.777
4.777
4.777
4.777
4.777
4.777
4.777
4.777
4.777
4.777
4.777
4.777
4.777
4.777
4.777
4.777
4.777
4.777
4.777
4.777
4.777
4.777
4.777
4.777
4.777
4.777
4.64
4.64
4.64
4.64
4.64
4.64
4.64
4.64
4.64
4.64
4.64
4.64
4.64
4.64
4.64
4.64
4.64
4.64
4.64
4.64
4.64
4.64
4.64
4.64
4.64
4.64
4.64
4.64
4.64
4.64
4.415
4.415
4.415
4.415
4.415
4.415
4.415
4.415
4.415
4.415
4.415
4.415
4.415
4.415
4.415
4.415
4.415
4.415
4.415
4.415
4.415
4.415
4.415
4.415
4.415
4.415
4.415
4.415
4.415
4.415
4.159
4.159
4.159
4.159
4.159
4.159
4.159
4.159
4.159
4.159
4.159
4.159
4.159
4.159
4.159
4.159
4.159
4.159
4.159
4.159
4.159
4.159
4.159
4.159
4.159
4.159
4.159
4.159
4.159
4.159
4.011
4.011
4.011
4.011
4.011
4.011
4.011
4.011
4.011
4.011
4.011
4.011
4.011
4.011
4.011
4.011
4.011
4.011
4.011
4.011
4.011
4.011
4.011
4.011
4.011
4.011
4.011
4.011
4.011
4.011
3.955
3.955
3.955
3.955
3.955
3.955
3.955
3.955
3.955
3.955
3.955
3.955
3.955
3.955
3.955
3.955
3.955
3.955
3.955
3.955
3.955
3.955
3.955
3.955
3.955
3.955
3.955
3.955
3.955
3.955
3.873
3.873
3.873
3.873
3.873
3.873
3.873
3.873
3.873
3.873
3.873
3.873
3.873
3.873
3.873
3.873
3.873
3.873
3.873
3.873
3.873
3.873
3.873
3.873
3.873
3.873
3.873
3.873
3.873
3.873
3.864
3.864
3.864
3.864
3.864
3.864
3.864
3.864
3.864
3.864
3.864
3.864
3.864
3.864
3.864
3.864
3.864
3.864
3.864
3.864
3.864
3.864
3.864
3.864
3.864
3.864
3.864
3.864
3.864
3.864
3.886
3.886
3.886
3.886
3.886
3.886
3.886
3.886
3.886
3.886
3.886
3.886
3.886
3.886
3.886
3.886
3.886
3.886
3.886
3.886
3.886
3.886
3.886
3.886
3.886
3.886
3.886
3.886
3.886
3.886
3.998
3.998
3.998
3.998
3.998
3.998
3.998
3.998
3.998
3.998
3.998
3.998
3.998
3.998
3.998
3.998
3.998
3.998
3.998
3.998
3.998
3.998
3.998
3.998
3.998
3.998
3.998
3.998
3.998
3.998
4.176
4.176
4.176
4.176
4.176
4.176
4.176
4.176
4.176
4.176
4.176
4.176
4.176
4.176
4.176
4.176
4.176
4.176
4.176
4.176
4.176
4.176
4.176
4.176
4.176
4.176
4.176
4.176
4.176
4.176
4.225
4.225
4.225
4.225
4.225
4.225
4.225
4.225
4.225
4.225
4.225
4.225
4.225
4.225
4.225
4.225
4.225
4.225
4.225
4.225
4.225
4.225
4.225
4.225
4.225
4.225
4.225
4.225
4.225
4.225
4.151
4.151
4.151
4.151
4.151
4.151
4.151
4.151
4.151
4.151
4.151
4.151
4.151
4.151
4.151
4.151
4.151
4.151
4.151
4.151
4.151
4.151
4.151
4.151
4.151
4.151
4.151
4.151
4.151
4.151
4.138
4.138
4.138
4.138
4.138
4.138
4.138
4.138
4.138
4.138
4.138
4.138
4.138
4.138
4.138
4.138
4.138
4.138
4.138
4.138
4.138
4.138
4.138
4.138
4.138
4.138
4.138
4.138
4.138
4.138
4.443
4.443
4.443
4.443
4.443
4.443
4.443
4.443
4.443
4.443
4.443
4.443
4.443
4.443
4.443
4.443
4.443
4.443
4.443
4.443
4.443
4.443
4.443
4.443
4.443
4.443
4.443
4.443
4.443
4.443
4.395
4.395
4.395
4.395
4.395
4.395
4.395
4.395
4.395
4.395
4.395
4.395
4.395
4.395
4.395
4.395
4.395
4.395
4.395
4.395
4.395
4.395
4.395
4.395
4.395
4.395
4.395
4.395
4.395
4.395
4.565
4.565
4.565
4.565
4.565
4.565
4.565
4.565
4.565
4.565
4.565
4.565
4.565
4.565
4.565
4.565
4.565
4.565
4.565
4.565
4.565
4.565
4.565
4.565
4.565
4.565
4.565
4.565
4.565
4.565
4.532
4.532
4.532
4.532
4.532
4.532
4.532
4.532
4.532
4.532
4.532
4.532
4.532
4.532
4.532
4.532
4.532
4.532
4.532
4.532
4.532
4.532
4.532
4.532
4.532
4.532
4.532
4.532
4.532
4.532
4.33
4.33
4.33
4.33
4.33
4.33
4.33
4.33
4.33
4.33
4.33
4.33
4.33
4.33
4.33
4.33
4.33
4.33
4.33
4.33
4.33
4.33
4.33
4.33
4.33
4.33
4.33
4.33
4.33
4.33
4.326
4.326
4.326
4.326
4.326
4.326
4.326
4.326
4.326
4.326
4.326
4.326
4.326
4.326
4.326
4.326
4.326
4.326
4.326
4.326
4.326
4.326
4.326
4.326
4.326
4.326
4.326
4.326
4.326
4.326
4.321
4.321
4.321
4.321
4.321
4.321
4.321
4.321
4.321
4.321
4.321
4.321
4.321
4.321
4.321
4.321
4.321
4.321
4.321
4.321
4.321
4.321
4.321
4.321
4.321
4.321
4.321
4.321
4.321
4.321
4.169
4.169
4.169
4.169
4.169
4.169
4.169
4.169
4.169
4.169
4.169
4.169
4.169
4.169
4.169
4.169
4.169
4.169
4.169
4.169
4.169
4.169
4.169
4.169
4.169
4.169
4.169
4.169
4.169
4.169
4.083
4.083
4.083
4.083
4.083
4.083
4.083
4.083
4.083
4.083
4.083
4.083
4.083
4.083
4.083
4.083
4.083
4.083
4.083
4.083
4.083
4.083
4.083
4.083
4.083
4.083
4.083
4.083
4.083
4.083
3.761
3.761
3.761
3.761
3.761
3.761
3.761
3.761
3.761
3.761
3.761
3.761
3.761
3.761
3.761
3.761
3.761
3.761
3.761
3.761
3.761
3.761
3.761
3.761
3.761
3.761
3.761
3.761
3.761
3.761
