3.114
3.114
3.114
3.114
3.114
3.114
3.114
3.114
3.114
3.114
3.114
3.114
3.114
3.114
3.114
3.114
3.114
3.114
3.114
3.114
3.114
3.114
3.114
3.114
3.114
3.114
3.114
3.114
3.114
3.114
3.117
3.117
3.117
3.117
3.117
3.117
3.117
3.117
3.117
3.117
3.117
3.117
3.117
3.117
3.117
3.117
3.117
3.117
3.117
3.117
3.117
3.117
3.117
3.117
3.117
3.117
3.117
3.117
3.117
3.117
3.018
3.018
3.018
3.018
3.018
3.018
3.018
3.018
3.018
3.018
3.018
3.018
3.018
3.018
3.018
3.018
3.018
3.018
3.018
3.018
3.018
3.018
3.018
3.018
3.018
3.018
3.018
3.018
3.018
3.018
3.137
3.137
3.137
3.137
3.137
3.137
3.137
3.137
3.137
3.137
3.137
3.137
3.137
3.137
3.137
3.137
3.137
3.137
3.137
3.137
3.137
3.137
3.137
3.137
3.137
3.137
3.137
3.137
3.137
3.137
3.017
3.017
3.017
3.017
3.017
3.017
3.017
3.017
3.017
3.017
3.017
3.017
3.017
3.017
3.017
3.017
3.017
3.017
3.017
3.017
3.017
3.017
3.017
3.017
3.017
3.017
3.017
3.017
3.017
3.017
2.981
2.981
2.981
2.981
2.981
2.981
2.981
2.981
2.981
2.981
2.981
2.981
2.981
2.981
2.981
2.981
2.981
2.981
2.981
2.981
2.981
2.981
2.981
2.981
2.981
2.981
2.981
2.981
2.981
2.981
2.913
2.913
2.913
2.913
2.913
2.913
2.913
2.913
2.913
2.913
2.913
2.913
2.913
2.913
2.913
2.913
2.913
2.913
2.913
2.913
2.913
2.913
2.913
2.913
2.913
2.913
2.913
2.913
2.913
2.913
2.89
2.89
2.89
2.89
2.89
2.89
2.89
2.89
2.89
2.89
2.89
2.89
2.89
2.89
2.89
2.89
2.89
2.89
2.89
2.89
2.89
2.89
2.89
2.89
2.89
2.89
2.89
2.89
2.89
2.89
2.895
2.895
2.895
2.895
2.895
2.895
2.895
2.895
2.895
2.895
2.895
2.895
2.895
2.895
2.895
2.895
2.895
2.895
2.895
2.895
2.895
2.895
2.895
2.895
2.895
2.895
2.895
2.895
2.895
2.895
2.895
2.895
2.895
2.895
2.895
2.895
2.895
2.895
2.895
2.895
2.895
2.895
2.895
2.895
2.895
2.895
2.895
2.895
2.895
2.895
2.895
2.895
2.895
2.895
2.895
2.895
2.895
2.895
2.895
2.895
3.253
3.253
3.253
3.253
3.253
3.253
3.253
3.253
3.253
3.253
3.253
3.253
3.253
3.253
3.253
3.253
3.253
3.253
3.253
3.253
3.253
3.253
3.253
3.253
3.253
3.253
3.253
3.253
3.253
3.253
3.17
3.17
3.17
3.17
3.17
3.17
3.17
3.17
3.17
3.17
3.17
3.17
3.17
3.17
3.17
3.17
3.17
3.17
3.17
3.17
3.17
3.17
3.17
3.17
3.17
3.17
3.17
3.17
3.17
3.17
4.39
4.39
4.39
4.39
4.39
4.39
4.39
4.39
4.39
4.39
4.39
4.39
4.39
4.39
4.39
4.39
4.39
4.39
4.39
4.39
4.39
4.39
4.39
4.39
4.39
4.39
4.39
4.39
4.39
4.39
4.489
4.489
4.489
4.489
4.489
4.489
4.489
4.489
4.489
4.489
4.489
4.489
4.489
4.489
4.489
4.489
4.489
4.489
4.489
4.489
4.489
4.489
4.489
4.489
4.489
4.489
4.489
4.489
4.489
4.489
5.122
5.122
5.122
5.122
5.122
5.122
5.122
5.122
5.122
5.122
5.122
5.122
5.122
5.122
5.122
5.122
5.122
5.122
5.122
5.122
5.122
5.122
5.122
5.122
5.122
5.122
5.122
5.122
5.122
5.122
5.061
5.061
5.061
5.061
5.061
5.061
5.061
5.061
5.061
5.061
5.061
5.061
5.061
5.061
5.061
5.061
5.061
5.061
5.061
5.061
5.061
5.061
5.061
5.061
5.061
5.061
5.061
5.061
5.061
5.061
5.125
5.125
5.125
5.125
5.125
5.125
5.125
5.125
5.125
5.125
5.125
5.125
5.125
5.125
5.125
5.125
5.125
5.125
5.125
5.125
5.125
5.125
5.125
5.125
5.125
5.125
5.125
5.125
5.125
5.125
5.022
5.022
5.022
5.022
5.022
5.022
5.022
5.022
5.022
5.022
5.022
5.022
5.022
5.022
5.022
5.022
5.022
5.022
5.022
5.022
5.022
5.022
5.022
5.022
5.022
5.022
5.022
5.022
5.022
5.022
5.218
5.218
5.218
5.218
5.218
5.218
5.218
5.218
5.218
5.218
5.218
5.218
5.218
5.218
5.218
5.218
5.218
5.218
5.218
5.218
5.218
5.218
5.218
5.218
5.218
5.218
5.218
5.218
5.218
5.218
5.238
5.238
5.238
5.238
5.238
5.238
5.238
5.238
5.238
5.238
5.238
5.238
5.238
5.238
5.238
5.238
5.238
5.238
5.238
5.238
5.238
5.238
5.238
5.238
5.238
5.238
5.238
5.238
5.238
5.238
5.22
5.22
5.22
5.22
5.22
5.22
5.22
5.22
5.22
5.22
5.22
5.22
5.22
5.22
5.22
5.22
5.22
5.22
5.22
5.22
5.22
5.22
5.22
5.22
5.22
5.22
5.22
5.22
5.22
5.22
5.124
5.124
5.124
5.124
5.124
5.124
5.124
5.124
5.124
5.124
5.124
5.124
5.124
5.124
5.124
5.124
5.124
5.124
5.124
5.124
5.124
5.124
5.124
5.124
5.124
5.124
5.124
5.124
5.124
5.124
4.781
4.781
4.781
4.781
4.781
4.781
4.781
4.781
4.781
4.781
4.781
4.781
4.781
4.781
4.781
4.781
4.781
4.781
4.781
4.781
4.781
4.781
4.781
4.781
4.781
4.781
4.781
4.781
4.781
4.781
4.651
4.651
4.651
4.651
4.651
4.651
4.651
4.651
4.651
4.651
4.651
4.651
4.651
4.651
4.651
4.651
4.651
4.651
4.651
4.651
4.651
4.651
4.651
4.651
4.651
4.651
4.651
4.651
4.651
4.651
4.655
4.655
4.655
4.655
4.655
4.655
4.655
4.655
4.655
4.655
4.655
4.655
4.655
4.655
4.655
4.655
4.655
4.655
4.655
4.655
4.655
4.655
4.655
4.655
4.655
4.655
4.655
4.655
4.655
4.655
4.62
4.62
4.62
4.62
4.62
4.62
4.62
4.62
4.62
4.62
4.62
4.62
4.62
4.62
4.62
4.62
4.62
4.62
4.62
4.62
4.62
4.62
4.62
4.62
4.62
4.62
4.62
4.62
4.62
4.62
4.283
4.283
4.283
4.283
4.283
4.283
4.283
4.283
4.283
4.283
4.283
4.283
4.283
4.283
4.283
4.283
4.283
4.283
4.283
4.283
4.283
4.283
4.283
4.283
4.283
4.283
4.283
4.283
4.283
4.283
4.288
4.288
4.288
4.288
4.288
4.288
4.288
4.288
4.288
4.288
4.288
4.288
4.288
4.288
4.288
4.288
4.288
4.288
4.288
4.288
4.288
4.288
4.288
4.288
4.288
4.288
4.288
4.288
4.288
4.288
4.261
4.261
4.261
4.261
4.261
4.261
4.261
4.261
4.261
4.261
4.261
4.261
4.261
4.261
4.261
4.261
4.261
4.261
4.261
4.261
4.261
4.261
4.261
4.261
4.261
4.261
4.261
4.261
4.261
4.261
4.25
4.25
4.25
4.25
4.25
4.25
4.25
4.25
4.25
4.25
4.25
4.25
4.25
4.25
4.25
4.25
4.25
4.25
4.25
4.25
4.25
4.25
4.25
4.25
4.25
4.25
4.25
4.25
4.25
4.25
4.231
4.231
4.231
4.231
4.231
4.231
4.231
4.231
4.231
4.231
4.231
4.231
4.231
4.231
4.231
4.231
4.231
4.231
4.231
4.231
4.231
4.231
4.231
4.231
4.231
4.231
4.231
4.231
4.231
4.231
4.212
4.212
4.212
4.212
4.212
4.212
4.212
4.212
4.212
4.212
4.212
4.212
4.212
4.212
4.212
4.212
4.212
4.212
4.212
4.212
4.212
4.212
4.212
4.212
4.212
4.212
4.212
4.212
4.212
4.212
4.265
4.265
4.265
4.265
4.265
4.265
4.265
4.265
4.265
4.265
4.265
4.265
4.265
4.265
4.265
4.265
4.265
4.265
4.265
4.265
4.265
4.265
4.265
4.265
4.265
4.265
4.265
4.265
4.265
4.265
4.243
4.243
4.243
4.243
4.243
4.243
4.243
4.243
4.243
4.243
4.243
4.243
4.243
4.243
4.243
4.243
4.243
4.243
4.243
4.243
4.243
4.243
4.243
4.243
4.243
4.243
4.243
4.243
4.243
4.243
4.325
4.325
4.325
4.325
4.325
4.325
4.325
4.325
4.325
4.325
4.325
4.325
4.325
4.325
4.325
4.325
4.325
4.325
4.325
4.325
4.325
4.325
4.325
4.325
4.325
4.325
4.325
4.325
4.325
4.325
4.149
4.149
4.149
4.149
4.149
4.149
4.149
4.149
4.149
4.149
4.149
4.149
4.149
4.149
4.149
4.149
4.149
4.149
4.149
4.149
4.149
4.149
4.149
4.149
4.149
4.149
4.149
4.149
4.149
4.149
4.15
4.15
4.15
4.15
4.15
4.15
4.15
4.15
4.15
4.15
4.15
4.15
4.15
4.15
4.15
4.15
4.15
4.15
4.15
4.15
4.15
4.15
4.15
4.15
4.15
4.15
4.15
4.15
4.15
4.15
4.311
4.311
4.311
4.311
4.311
4.311
4.311
4.311
4.311
4.311
4.311
4.311
4.311
4.311
4.311
4.311
4.311
4.311
4.311
4.311
4.311
4.311
4.311
4.311
4.311
4.311
4.311
4.311
4.311
4.311
6.559
6.559
6.559
6.559
6.559
6.559
6.559
6.559
6.559
6.559
6.559
6.559
6.559
6.559
6.559
6.559
6.559
6.559
6.559
6.559
6.559
6.559
6.559
6.559
6.559
6.559
6.559
6.559
6.559
6.559
6.588
6.588
6.588
6.588
6.588
6.588
6.588
6.588
6.588
6.588
6.588
6.588
6.588
6.588
6.588
6.588
6.588
6.588
6.588
6.588
6.588
6.588
6.588
6.588
6.588
6.588
6.588
6.588
6.588
6.588
5.376
5.376
5.376
5.376
5.376
5.376
5.376
5.376
5.376
5.376
5.376
5.376
5.376
5.376
5.376
5.376
5.376
5.376
5.376
5.376
5.376
5.376
5.376
5.376
5.376
5.376
5.376
5.376
5.376
5.376
5.271
5.271
5.271
5.271
5.271
5.271
5.271
5.271
5.271
5.271
5.271
5.271
5.271
5.271
5.271
5.271
5.271
5.271
5.271
5.271
5.271
5.271
5.271
5.271
5.271
5.271
5.271
5.271
5.271
5.271
4.837
4.837
4.837
4.837
4.837
4.837
4.837
4.837
4.837
4.837
4.837
4.837
4.837
4.837
4.837
4.837
4.837
4.837
4.837
4.837
4.837
4.837
4.837
4.837
4.837
4.837
4.837
4.837
4.837
4.837
4.716
4.716
4.716
4.716
4.716
4.716
4.716
4.716
4.716
4.716
4.716
4.716
4.716
4.716
4.716
4.716
4.716
4.716
4.716
4.716
4.716
4.716
4.716
4.716
4.716
4.716
4.716
4.716
4.716
4.716
4.53
4.53
4.53
4.53
4.53
4.53
4.53
4.53
4.53
4.53
4.53
4.53
4.53
4.53
4.53
4.53
4.53
4.53
4.53
4.53
4.53
4.53
4.53
4.53
4.53
4.53
4.53
4.53
4.53
4.53
4.21
4.21
4.21
4.21
4.21
4.21
4.21
4.21
4.21
4.21
4.21
4.21
4.21
4.21
4.21
4.21
4.21
4.21
4.21
4.21
4.21
4.21
4.21
4.21
4.21
4.21
4.21
4.21
4.21
4.21
3.761
3.761
3.761
3.761
3.761
3.761
3.761
3.761
3.761
3.761
3.761
3.761
3.761
3.761
3.761
3.761
3.761
3.761
3.761
3.761
3.761
3.761
3.761
3.761
3.761
3.761
3.761
3.761
3.761
3.761
3.272
3.272
3.272
3.272
3.272
3.272
3.272
3.272
3.272
3.272
3.272
3.272
3.272
3.272
3.272
3.272
3.272
3.272
3.272
3.272
3.272
3.272
3.272
3.272
3.272
3.272
3.272
3.272
3.272
3.272
