4.108
4.108
4.108
4.108
4.108
4.108
4.108
4.108
4.108
4.108
4.108
4.108
4.108
4.108
4.108
4.108
4.108
4.108
4.108
4.108
4.108
4.108
4.108
4.108
4.108
4.108
4.108
4.108
4.108
4.108
4.529
4.529
4.529
4.529
4.529
4.529
4.529
4.529
4.529
4.529
4.529
4.529
4.529
4.529
4.529
4.529
4.529
4.529
4.529
4.529
4.529
4.529
4.529
4.529
4.529
4.529
4.529
4.529
4.529
4.529
4.169
4.169
4.169
4.169
4.169
4.169
4.169
4.169
4.169
4.169
4.169
4.169
4.169
4.169
4.169
4.169
4.169
4.169
4.169
4.169
4.169
4.169
4.169
4.169
4.169
4.169
4.169
4.169
4.169
4.169
4.222
4.222
4.222
4.222
4.222
4.222
4.222
4.222
4.222
4.222
4.222
4.222
4.222
4.222
4.222
4.222
4.222
4.222
4.222
4.222
4.222
4.222
4.222
4.222
4.222
4.222
4.222
4.222
4.222
4.222
4.16
4.16
4.16
4.16
4.16
4.16
4.16
4.16
4.16
4.16
4.16
4.16
4.16
4.16
4.16
4.16
4.16
4.16
4.16
4.16
4.16
4.16
4.16
4.16
4.16
4.16
4.16
4.16
4.16
4.16
4.141
4.141
4.141
4.141
4.141
4.141
4.141
4.141
4.141
4.141
4.141
4.141
4.141
4.141
4.141
4.141
4.141
4.141
4.141
4.141
4.141
4.141
4.141
4.141
4.141
4.141
4.141
4.141
4.141
4.141
4.059
4.059
4.059
4.059
4.059
4.059
4.059
4.059
4.059
4.059
4.059
4.059
4.059
4.059
4.059
4.059
4.059
4.059
4.059
4.059
4.059
4.059
4.059
4.059
4.059
4.059
4.059
4.059
4.059
4.059
3.98
3.98
3.98
3.98
3.98
3.98
3.98
3.98
3.98
3.98
3.98
3.98
3.98
3.98
3.98
3.98
3.98
3.98
3.98
3.98
3.98
3.98
3.98
3.98
3.98
3.98
3.98
3.98
3.98
3.98
4.127
4.127
4.127
4.127
4.127
4.127
4.127
4.127
4.127
4.127
4.127
4.127
4.127
4.127
4.127
4.127
4.127
4.127
4.127
4.127
4.127
4.127
4.127
4.127
4.127
4.127
4.127
4.127
4.127
4.127
4.067
4.067
4.067
4.067
4.067
4.067
4.067
4.067
4.067
4.067
4.067
4.067
4.067
4.067
4.067
4.067
4.067
4.067
4.067
4.067
4.067
4.067
4.067
4.067
4.067
4.067
4.067
4.067
4.067
4.067
4.174
4.174
4.174
4.174
4.174
4.174
4.174
4.174
4.174
4.174
4.174
4.174
4.174
4.174
4.174
4.174
4.174
4.174
4.174
4.174
4.174
4.174
4.174
4.174
4.174
4.174
4.174
4.174
4.174
4.174
4.212
4.212
4.212
4.212
4.212
4.212
4.212
4.212
4.212
4.212
4.212
4.212
4.212
4.212
4.212
4.212
4.212
4.212
4.212
4.212
4.212
4.212
4.212
4.212
4.212
4.212
4.212
4.212
4.212
4.212
4.63
4.63
4.63
4.63
4.63
4.63
4.63
4.63
4.63
4.63
4.63
4.63
4.63
4.63
4.63
4.63
4.63
4.63
4.63
4.63
4.63
4.63
4.63
4.63
4.63
4.63
4.63
4.63
4.63
4.63
4.485
4.485
4.485
4.485
4.485
4.485
4.485
4.485
4.485
4.485
4.485
4.485
4.485
4.485
4.485
4.485
4.485
4.485
4.485
4.485
4.485
4.485
4.485
4.485
4.485
4.485
4.485
4.485
4.485
4.485
4.631
4.631
4.631
4.631
4.631
4.631
4.631
4.631
4.631
4.631
4.631
4.631
4.631
4.631
4.631
4.631
4.631
4.631
4.631
4.631
4.631
4.631
4.631
4.631
4.631
4.631
4.631
4.631
4.631
4.631
5.006
5.006
5.006
5.006
5.006
5.006
5.006
5.006
5.006
5.006
5.006
5.006
5.006
5.006
5.006
5.006
5.006
5.006
5.006
5.006
5.006
5.006
5.006
5.006
5.006
5.006
5.006
5.006
5.006
5.006
4.673
4.673
4.673
4.673
4.673
4.673
4.673
4.673
4.673
4.673
4.673
4.673
4.673
4.673
4.673
4.673
4.673
4.673
4.673
4.673
4.673
4.673
4.673
4.673
4.673
4.673
4.673
4.673
4.673
4.673
4.251
4.251
4.251
4.251
4.251
4.251
4.251
4.251
4.251
4.251
4.251
4.251
4.251
4.251
4.251
4.251
4.251
4.251
4.251
4.251
4.251
4.251
4.251
4.251
4.251
4.251
4.251
4.251
4.251
4.251
4.812
4.812
4.812
4.812
4.812
4.812
4.812
4.812
4.812
4.812
4.812
4.812
4.812
4.812
4.812
4.812
4.812
4.812
4.812
4.812
4.812
4.812
4.812
4.812
4.812
4.812
4.812
4.812
4.812
4.812
4.758
4.758
4.758
4.758
4.758
4.758
4.758
4.758
4.758
4.758
4.758
4.758
4.758
4.758
4.758
4.758
4.758
4.758
4.758
4.758
4.758
4.758
4.758
4.758
4.758
4.758
4.758
4.758
4.758
4.758
4.947
4.947
4.947
4.947
4.947
4.947
4.947
4.947
4.947
4.947
4.947
4.947
4.947
4.947
4.947
4.947
4.947
4.947
4.947
4.947
4.947
4.947
4.947
4.947
4.947
4.947
4.947
4.947
4.947
4.947
4.865
4.865
4.865
4.865
4.865
4.865
4.865
4.865
4.865
4.865
4.865
4.865
4.865
4.865
4.865
4.865
4.865
4.865
4.865
4.865
4.865
4.865
4.865
4.865
4.865
4.865
4.865
4.865
4.865
4.865
5.166
5.166
5.166
5.166
5.166
5.166
5.166
5.166
5.166
5.166
5.166
5.166
5.166
5.166
5.166
5.166
5.166
5.166
5.166
5.166
5.166
5.166
5.166
5.166
5.166
5.166
5.166
5.166
5.166
5.166
5.9
5.9
5.9
5.9
5.9
5.9
5.9
5.9
5.9
5.9
5.9
5.9
5.9
5.9
5.9
5.9
5.9
5.9
5.9
5.9
5.9
5.9
5.9
5.9
5.9
5.9
5.9
5.9
5.9
5.9
7.101
7.101
7.101
7.101
7.101
7.101
7.101
7.101
7.101
7.101
7.101
7.101
7.101
7.101
7.101
7.101
7.101
7.101
7.101
7.101
7.101
7.101
7.101
7.101
7.101
7.101
7.101
7.101
7.101
7.101
6.881
6.881
6.881
6.881
6.881
6.881
6.881
6.881
6.881
6.881
6.881
6.881
6.881
6.881
6.881
6.881
6.881
6.881
6.881
6.881
6.881
6.881
6.881
6.881
6.881
6.881
6.881
6.881
6.881
6.881
7.291
7.291
7.291
7.291
7.291
7.291
7.291
7.291
7.291
7.291
7.291
7.291
7.291
7.291
7.291
7.291
7.291
7.291
7.291
7.291
7.291
7.291
7.291
7.291
7.291
7.291
7.291
7.291
7.291
7.291
7.247
7.247
7.247
7.247
7.247
7.247
7.247
7.247
7.247
7.247
7.247
7.247
7.247
7.247
7.247
7.247
7.247
7.247
7.247
7.247
7.247
7.247
7.247
7.247
7.247
7.247
7.247
7.247
7.247
7.247
7.198
7.198
7.198
7.198
7.198
7.198
7.198
7.198
7.198
7.198
7.198
7.198
7.198
7.198
7.198
7.198
7.198
7.198
7.198
7.198
7.198
7.198
7.198
7.198
7.198
7.198
7.198
7.198
7.198
7.198
7.034
7.034
7.034
7.034
7.034
7.034
7.034
7.034
7.034
7.034
7.034
7.034
7.034
7.034
7.034
7.034
7.034
7.034
7.034
7.034
7.034
7.034
7.034
7.034
7.034
7.034
7.034
7.034
7.034
7.034
7.42
7.42
7.42
7.42
7.42
7.42
7.42
7.42
7.42
7.42
7.42
7.42
7.42
7.42
7.42
7.42
7.42
7.42
7.42
7.42
7.42
7.42
7.42
7.42
7.42
7.42
7.42
7.42
7.42
7.42
10.797
10.797
10.797
10.797
10.797
10.797
10.797
10.797
10.797
10.797
10.797
10.797
10.797
10.797
10.797
10.797
10.797
10.797
10.797
10.797
10.797
10.797
10.797
10.797
10.797
10.797
10.797
10.797
10.797
10.797
9.134
9.134
9.134
9.134
9.134
9.134
9.134
9.134
9.134
9.134
9.134
9.134
9.134
9.134
9.134
9.134
9.134
9.134
9.134
9.134
9.134
9.134
9.134
9.134
9.134
9.134
9.134
9.134
9.134
9.134
14.8
14.8
14.8
14.8
14.8
14.8
14.8
14.8
14.8
14.8
14.8
14.8
14.8
14.8
14.8
14.8
14.8
14.8
14.8
14.8
14.8
14.8
14.8
14.8
14.8
14.8
14.8
14.8
14.8
14.8
12.327
12.327
12.327
12.327
12.327
12.327
12.327
12.327
12.327
12.327
12.327
12.327
12.327
12.327
12.327
12.327
12.327
12.327
12.327
12.327
12.327
12.327
12.327
12.327
12.327
12.327
12.327
12.327
12.327
12.327
10.795
10.795
10.795
10.795
10.795
10.795
10.795
10.795
10.795
10.795
10.795
10.795
10.795
10.795
10.795
10.795
10.795
10.795
10.795
10.795
10.795
10.795
10.795
10.795
10.795
10.795
10.795
10.795
10.795
10.795
10.893
10.893
10.893
10.893
10.893
10.893
10.893
10.893
10.893
10.893
10.893
10.893
10.893
10.893
10.893
10.893
10.893
10.893
10.893
10.893
10.893
10.893
10.893
10.893
10.893
10.893
10.893
10.893
10.893
10.893
9.659
9.659
9.659
9.659
9.659
9.659
9.659
9.659
9.659
9.659
9.659
9.659
9.659
9.659
9.659
9.659
9.659
9.659
9.659
9.659
9.659
9.659
9.659
9.659
9.659
9.659
9.659
9.659
9.659
9.659
7.514
7.514
7.514
7.514
7.514
7.514
7.514
7.514
7.514
7.514
7.514
7.514
7.514
7.514
7.514
7.514
7.514
7.514
7.514
7.514
7.514
7.514
7.514
7.514
7.514
7.514
7.514
7.514
7.514
7.514
6.324
6.324
6.324
6.324
6.324
6.324
6.324
6.324
6.324
6.324
6.324
6.324
6.324
6.324
6.324
6.324
6.324
6.324
6.324
6.324
6.324
6.324
6.324
6.324
6.324
6.324
6.324
6.324
6.324
6.324
6.586
6.586
6.586
6.586
6.586
6.586
6.586
6.586
6.586
6.586
6.586
6.586
6.586
6.586
6.586
6.586
6.586
6.586
6.586
6.586
6.586
6.586
6.586
6.586
6.586
6.586
6.586
6.586
6.586
6.586
5.872
5.872
5.872
5.872
5.872
5.872
5.872
5.872
5.872
5.872
5.872
5.872
5.872
5.872
5.872
5.872
5.872
5.872
5.872
5.872
5.872
5.872
5.872
5.872
5.872
5.872
5.872
5.872
5.872
5.872
4.916
4.916
4.916
4.916
4.916
4.916
4.916
4.916
4.916
4.916
4.916
4.916
4.916
4.916
4.916
4.916
4.916
4.916
4.916
4.916
4.916
4.916
4.916
4.916
4.916
4.916
4.916
4.916
4.916
4.916
4.722
4.722
4.722
4.722
4.722
4.722
4.722
4.722
4.722
4.722
4.722
4.722
4.722
4.722
4.722
4.722
4.722
4.722
4.722
4.722
4.722
4.722
4.722
4.722
4.722
4.722
4.722
4.722
4.722
4.722
4.68
4.68
4.68
4.68
4.68
4.68
4.68
4.68
4.68
4.68
4.68
4.68
4.68
4.68
4.68
4.68
4.68
4.68
4.68
4.68
4.68
4.68
4.68
4.68
4.68
4.68
4.68
4.68
4.68
4.68
4.614
4.614
4.614
4.614
4.614
4.614
4.614
4.614
4.614
4.614
4.614
4.614
4.614
4.614
4.614
4.614
4.614
4.614
4.614
4.614
4.614
4.614
4.614
4.614
4.614
4.614
4.614
4.614
4.614
4.614
4.743
4.743
4.743
4.743
4.743
4.743
4.743
4.743
4.743
4.743
4.743
4.743
4.743
4.743
4.743
4.743
4.743
4.743
4.743
4.743
4.743
4.743
4.743
4.743
4.743
4.743
4.743
4.743
4.743
4.743
4.339
4.339
4.339
4.339
4.339
4.339
4.339
4.339
4.339
4.339
4.339
4.339
4.339
4.339
4.339
4.339
4.339
4.339
4.339
4.339
4.339
4.339
4.339
4.339
4.339
4.339
4.339
4.339
4.339
4.339
