3.117
3.117
3.117
3.117
3.117
3.117
3.117
3.117
3.117
3.117
3.117
3.117
3.117
3.117
3.117
3.117
3.117
3.117
3.117
3.117
3.117
3.117
3.117
3.117
3.117
3.117
3.117
3.117
3.117
3.117
3.243
3.243
3.243
3.243
3.243
3.243
3.243
3.243
3.243
3.243
3.243
3.243
3.243
3.243
3.243
3.243
3.243
3.243
3.243
3.243
3.243
3.243
3.243
3.243
3.243
3.243
3.243
3.243
3.243
3.243
3.178
3.178
3.178
3.178
3.178
3.178
3.178
3.178
3.178
3.178
3.178
3.178
3.178
3.178
3.178
3.178
3.178
3.178
3.178
3.178
3.178
3.178
3.178
3.178
3.178
3.178
3.178
3.178
3.178
3.178
3.274
3.274
3.274
3.274
3.274
3.274
3.274
3.274
3.274
3.274
3.274
3.274
3.274
3.274
3.274
3.274
3.274
3.274
3.274
3.274
3.274
3.274
3.274
3.274
3.274
3.274
3.274
3.274
3.274
3.274
3.31
3.31
3.31
3.31
3.31
3.31
3.31
3.31
3.31
3.31
3.31
3.31
3.31
3.31
3.31
3.31
3.31
3.31
3.31
3.31
3.31
3.31
3.31
3.31
3.31
3.31
3.31
3.31
3.31
3.31
3.326
3.326
3.326
3.326
3.326
3.326
3.326
3.326
3.326
3.326
3.326
3.326
3.326
3.326
3.326
3.326
3.326
3.326
3.326
3.326
3.326
3.326
3.326
3.326
3.326
3.326
3.326
3.326
3.326
3.326
3.122
3.122
3.122
3.122
3.122
3.122
3.122
3.122
3.122
3.122
3.122
3.122
3.122
3.122
3.122
3.122
3.122
3.122
3.122
3.122
3.122
3.122
3.122
3.122
3.122
3.122
3.122
3.122
3.122
3.122
3.062
3.062
3.062
3.062
3.062
3.062
3.062
3.062
3.062
3.062
3.062
3.062
3.062
3.062
3.062
3.062
3.062
3.062
3.062
3.062
3.062
3.062
3.062
3.062
3.062
3.062
3.062
3.062
3.062
3.062
2.968
2.968
2.968
2.968
2.968
2.968
2.968
2.968
2.968
2.968
2.968
2.968
2.968
2.968
2.968
2.968
2.968
2.968
2.968
2.968
2.968
2.968
2.968
2.968
2.968
2.968
2.968
2.968
2.968
2.968
2.951
2.951
2.951
2.951
2.951
2.951
2.951
2.951
2.951
2.951
2.951
2.951
2.951
2.951
2.951
2.951
2.951
2.951
2.951
2.951
2.951
2.951
2.951
2.951
2.951
2.951
2.951
2.951
2.951
2.951
3.133
3.133
3.133
3.133
3.133
3.133
3.133
3.133
3.133
3.133
3.133
3.133
3.133
3.133
3.133
3.133
3.133
3.133
3.133
3.133
3.133
3.133
3.133
3.133
3.133
3.133
3.133
3.133
3.133
3.133
3.179
3.179
3.179
3.179
3.179
3.179
3.179
3.179
3.179
3.179
3.179
3.179
3.179
3.179
3.179
3.179
3.179
3.179
3.179
3.179
3.179
3.179
3.179
3.179
3.179
3.179
3.179
3.179
3.179
3.179
3.583
3.583
3.583
3.583
3.583
3.583
3.583
3.583
3.583
3.583
3.583
3.583
3.583
3.583
3.583
3.583
3.583
3.583
3.583
3.583
3.583
3.583
3.583
3.583
3.583
3.583
3.583
3.583
3.583
3.583
3.812
3.812
3.812
3.812
3.812
3.812
3.812
3.812
3.812
3.812
3.812
3.812
3.812
3.812
3.812
3.812
3.812
3.812
3.812
3.812
3.812
3.812
3.812
3.812
3.812
3.812
3.812
3.812
3.812
3.812
4.397
4.397
4.397
4.397
4.397
4.397
4.397
4.397
4.397
4.397
4.397
4.397
4.397
4.397
4.397
4.397
4.397
4.397
4.397
4.397
4.397
4.397
4.397
4.397
4.397
4.397
4.397
4.397
4.397
4.397
4.588
4.588
4.588
4.588
4.588
4.588
4.588
4.588
4.588
4.588
4.588
4.588
4.588
4.588
4.588
4.588
4.588
4.588
4.588
4.588
4.588
4.588
4.588
4.588
4.588
4.588
4.588
4.588
4.588
4.588
4.545
4.545
4.545
4.545
4.545
4.545
4.545
4.545
4.545
4.545
4.545
4.545
4.545
4.545
4.545
4.545
4.545
4.545
4.545
4.545
4.545
4.545
4.545
4.545
4.545
4.545
4.545
4.545
4.545
4.545
4.678
4.678
4.678
4.678
4.678
4.678
4.678
4.678
4.678
4.678
4.678
4.678
4.678
4.678
4.678
4.678
4.678
4.678
4.678
4.678
4.678
4.678
4.678
4.678
4.678
4.678
4.678
4.678
4.678
4.678
5.424
5.424
5.424
5.424
5.424
5.424
5.424
5.424
5.424
5.424
5.424
5.424
5.424
5.424
5.424
5.424
5.424
5.424
5.424
5.424
5.424
5.424
5.424
5.424
5.424
5.424
5.424
5.424
5.424
5.424
5.498
5.498
5.498
5.498
5.498
5.498
5.498
5.498
5.498
5.498
5.498
5.498
5.498
5.498
5.498
5.498
5.498
5.498
5.498
5.498
5.498
5.498
5.498
5.498
5.498
5.498
5.498
5.498
5.498
5.498
5.559
5.559
5.559
5.559
5.559
5.559
5.559
5.559
5.559
5.559
5.559
5.559
5.559
5.559
5.559
5.559
5.559
5.559
5.559
5.559
5.559
5.559
5.559
5.559
5.559
5.559
5.559
5.559
5.559
5.559
5.397
5.397
5.397
5.397
5.397
5.397
5.397
5.397
5.397
5.397
5.397
5.397
5.397
5.397
5.397
5.397
5.397
5.397
5.397
5.397
5.397
5.397
5.397
5.397
5.397
5.397
5.397
5.397
5.397
5.397
4.329
4.329
4.329
4.329
4.329
4.329
4.329
4.329
4.329
4.329
4.329
4.329
4.329
4.329
4.329
4.329
4.329
4.329
4.329
4.329
4.329
4.329
4.329
4.329
4.329
4.329
4.329
4.329
4.329
4.329
4.306
4.306
4.306
4.306
4.306
4.306
4.306
4.306
4.306
4.306
4.306
4.306
4.306
4.306
4.306
4.306
4.306
4.306
4.306
4.306
4.306
4.306
4.306
4.306
4.306
4.306
4.306
4.306
4.306
4.306
4.203
4.203
4.203
4.203
4.203
4.203
4.203
4.203
4.203
4.203
4.203
4.203
4.203
4.203
4.203
4.203
4.203
4.203
4.203
4.203
4.203
4.203
4.203
4.203
4.203
4.203
4.203
4.203
4.203
4.203
4.131
4.131
4.131
4.131
4.131
4.131
4.131
4.131
4.131
4.131
4.131
4.131
4.131
4.131
4.131
4.131
4.131
4.131
4.131
4.131
4.131
4.131
4.131
4.131
4.131
4.131
4.131
4.131
4.131
4.131
4.127
4.127
4.127
4.127
4.127
4.127
4.127
4.127
4.127
4.127
4.127
4.127
4.127
4.127
4.127
4.127
4.127
4.127
4.127
4.127
4.127
4.127
4.127
4.127
4.127
4.127
4.127
4.127
4.127
4.127
4.138
4.138
4.138
4.138
4.138
4.138
4.138
4.138
4.138
4.138
4.138
4.138
4.138
4.138
4.138
4.138
4.138
4.138
4.138
4.138
4.138
4.138
4.138
4.138
4.138
4.138
4.138
4.138
4.138
4.138
4.125
4.125
4.125
4.125
4.125
4.125
4.125
4.125
4.125
4.125
4.125
4.125
4.125
4.125
4.125
4.125
4.125
4.125
4.125
4.125
4.125
4.125
4.125
4.125
4.125
4.125
4.125
4.125
4.125
4.125
4.106
4.106
4.106
4.106
4.106
4.106
4.106
4.106
4.106
4.106
4.106
4.106
4.106
4.106
4.106
4.106
4.106
4.106
4.106
4.106
4.106
4.106
4.106
4.106
4.106
4.106
4.106
4.106
4.106
4.106
3.955
3.955
3.955
3.955
3.955
3.955
3.955
3.955
3.955
3.955
3.955
3.955
3.955
3.955
3.955
3.955
3.955
3.955
3.955
3.955
3.955
3.955
3.955
3.955
3.955
3.955
3.955
3.955
3.955
3.955
3.974
3.974
3.974
3.974
3.974
3.974
3.974
3.974
3.974
3.974
3.974
3.974
3.974
3.974
3.974
3.974
3.974
3.974
3.974
3.974
3.974
3.974
3.974
3.974
3.974
3.974
3.974
3.974
3.974
3.974
3.981
3.981
3.981
3.981
3.981
3.981
3.981
3.981
3.981
3.981
3.981
3.981
3.981
3.981
3.981
3.981
3.981
3.981
3.981
3.981
3.981
3.981
3.981
3.981
3.981
3.981
3.981
3.981
3.981
3.981
4.127
4.127
4.127
4.127
4.127
4.127
4.127
4.127
4.127
4.127
4.127
4.127
4.127
4.127
4.127
4.127
4.127
4.127
4.127
4.127
4.127
4.127
4.127
4.127
4.127
4.127
4.127
4.127
4.127
4.127
4.475
4.475
4.475
4.475
4.475
4.475
4.475
4.475
4.475
4.475
4.475
4.475
4.475
4.475
4.475
4.475
4.475
4.475
4.475
4.475
4.475
4.475
4.475
4.475
4.475
4.475
4.475
4.475
4.475
4.475
4.493
4.493
4.493
4.493
4.493
4.493
4.493
4.493
4.493
4.493
4.493
4.493
4.493
4.493
4.493
4.493
4.493
4.493
4.493
4.493
4.493
4.493
4.493
4.493
4.493
4.493
4.493
4.493
4.493
4.493
4.747
4.747
4.747
4.747
4.747
4.747
4.747
4.747
4.747
4.747
4.747
4.747
4.747
4.747
4.747
4.747
4.747
4.747
4.747
4.747
4.747
4.747
4.747
4.747
4.747
4.747
4.747
4.747
4.747
4.747
4.586
4.586
4.586
4.586
4.586
4.586
4.586
4.586
4.586
4.586
4.586
4.586
4.586
4.586
4.586
4.586
4.586
4.586
4.586
4.586
4.586
4.586
4.586
4.586
4.586
4.586
4.586
4.586
4.586
4.586
4.748
4.748
4.748
4.748
4.748
4.748
4.748
4.748
4.748
4.748
4.748
4.748
4.748
4.748
4.748
4.748
4.748
4.748
4.748
4.748
4.748
4.748
4.748
4.748
4.748
4.748
4.748
4.748
4.748
4.748
4.713
4.713
4.713
4.713
4.713
4.713
4.713
4.713
4.713
4.713
4.713
4.713
4.713
4.713
4.713
4.713
4.713
4.713
4.713
4.713
4.713
4.713
4.713
4.713
4.713
4.713
4.713
4.713
4.713
4.713
5.75
5.75
5.75
5.75
5.75
5.75
5.75
5.75
5.75
5.75
5.75
5.75
5.75
5.75
5.75
5.75
5.75
5.75
5.75
5.75
5.75
5.75
5.75
5.75
5.75
5.75
5.75
5.75
5.75
5.75
6.141
6.141
6.141
6.141
6.141
6.141
6.141
6.141
6.141
6.141
6.141
6.141
6.141
6.141
6.141
6.141
6.141
6.141
6.141
6.141
6.141
6.141
6.141
6.141
6.141
6.141
6.141
6.141
6.141
6.141
6.269
6.269
6.269
6.269
6.269
6.269
6.269
6.269
6.269
6.269
6.269
6.269
6.269
6.269
6.269
6.269
6.269
6.269
6.269
6.269
6.269
6.269
6.269
6.269
6.269
6.269
6.269
6.269
6.269
6.269
5.141
5.141
5.141
5.141
5.141
5.141
5.141
5.141
5.141
5.141
5.141
5.141
5.141
5.141
5.141
5.141
5.141
5.141
5.141
5.141
5.141
5.141
5.141
5.141
5.141
5.141
5.141
5.141
5.141
5.141
4.657
4.657
4.657
4.657
4.657
4.657
4.657
4.657
4.657
4.657
4.657
4.657
4.657
4.657
4.657
4.657
4.657
4.657
4.657
4.657
4.657
4.657
4.657
4.657
4.657
4.657
4.657
4.657
4.657
4.657
4.4
4.4
4.4
4.4
4.4
4.4
4.4
4.4
4.4
4.4
4.4
4.4
4.4
4.4
4.4
4.4
4.4
4.4
4.4
4.4
4.4
4.4
4.4
4.4
4.4
4.4
4.4
4.4
4.4
4.4
4.149
4.149
4.149
4.149
4.149
4.149
4.149
4.149
4.149
4.149
4.149
4.149
4.149
4.149
4.149
4.149
4.149
4.149
4.149
4.149
4.149
4.149
4.149
4.149
4.149
4.149
4.149
4.149
4.149
4.149
4.386
4.386
4.386
4.386
4.386
4.386
4.386
4.386
4.386
4.386
4.386
4.386
4.386
4.386
4.386
4.386
4.386
4.386
4.386
4.386
4.386
4.386
4.386
4.386
4.386
4.386
4.386
4.386
4.386
4.386
