3.042
3.042
3.042
3.042
3.042
3.042
3.042
3.042
3.042
3.042
3.042
3.042
3.042
3.042
3.042
3.042
3.042
3.042
3.042
3.042
3.042
3.042
3.042
3.042
3.042
3.042
3.042
3.042
3.042
3.042
3.092
3.092
3.092
3.092
3.092
3.092
3.092
3.092
3.092
3.092
3.092
3.092
3.092
3.092
3.092
3.092
3.092
3.092
3.092
3.092
3.092
3.092
3.092
3.092
3.092
3.092
3.092
3.092
3.092
3.092
3.156
3.156
3.156
3.156
3.156
3.156
3.156
3.156
3.156
3.156
3.156
3.156
3.156
3.156
3.156
3.156
3.156
3.156
3.156
3.156
3.156
3.156
3.156
3.156
3.156
3.156
3.156
3.156
3.156
3.156
3.012
3.012
3.012
3.012
3.012
3.012
3.012
3.012
3.012
3.012
3.012
3.012
3.012
3.012
3.012
3.012
3.012
3.012
3.012
3.012
3.012
3.012
3.012
3.012
3.012
3.012
3.012
3.012
3.012
3.012
3.048
3.048
3.048
3.048
3.048
3.048
3.048
3.048
3.048
3.048
3.048
3.048
3.048
3.048
3.048
3.048
3.048
3.048
3.048
3.048
3.048
3.048
3.048
3.048
3.048
3.048
3.048
3.048
3.048
3.048
3.061
3.061
3.061
3.061
3.061
3.061
3.061
3.061
3.061
3.061
3.061
3.061
3.061
3.061
3.061
3.061
3.061
3.061
3.061
3.061
3.061
3.061
3.061
3.061
3.061
3.061
3.061
3.061
3.061
3.061
3.054
3.054
3.054
3.054
3.054
3.054
3.054
3.054
3.054
3.054
3.054
3.054
3.054
3.054
3.054
3.054
3.054
3.054
3.054
3.054
3.054
3.054
3.054
3.054
3.054
3.054
3.054
3.054
3.054
3.054
3.063
3.063
3.063
3.063
3.063
3.063
3.063
3.063
3.063
3.063
3.063
3.063
3.063
3.063
3.063
3.063
3.063
3.063
3.063
3.063
3.063
3.063
3.063
3.063
3.063
3.063
3.063
3.063
3.063
3.063
2.983
2.983
2.983
2.983
2.983
2.983
2.983
2.983
2.983
2.983
2.983
2.983
2.983
2.983
2.983
2.983
2.983
2.983
2.983
2.983
2.983
2.983
2.983
2.983
2.983
2.983
2.983
2.983
2.983
2.983
3.101
3.101
3.101
3.101
3.101
3.101
3.101
3.101
3.101
3.101
3.101
3.101
3.101
3.101
3.101
3.101
3.101
3.101
3.101
3.101
3.101
3.101
3.101
3.101
3.101
3.101
3.101
3.101
3.101
3.101
3.176
3.176
3.176
3.176
3.176
3.176
3.176
3.176
3.176
3.176
3.176
3.176
3.176
3.176
3.176
3.176
3.176
3.176
3.176
3.176
3.176
3.176
3.176
3.176
3.176
3.176
3.176
3.176
3.176
3.176
3.456
3.456
3.456
3.456
3.456
3.456
3.456
3.456
3.456
3.456
3.456
3.456
3.456
3.456
3.456
3.456
3.456
3.456
3.456
3.456
3.456
3.456
3.456
3.456
3.456
3.456
3.456
3.456
3.456
3.456
3.535
3.535
3.535
3.535
3.535
3.535
3.535
3.535
3.535
3.535
3.535
3.535
3.535
3.535
3.535
3.535
3.535
3.535
3.535
3.535
3.535
3.535
3.535
3.535
3.535
3.535
3.535
3.535
3.535
3.535
3.51
3.51
3.51
3.51
3.51
3.51
3.51
3.51
3.51
3.51
3.51
3.51
3.51
3.51
3.51
3.51
3.51
3.51
3.51
3.51
3.51
3.51
3.51
3.51
3.51
3.51
3.51
3.51
3.51
3.51
3.988
3.988
3.988
3.988
3.988
3.988
3.988
3.988
3.988
3.988
3.988
3.988
3.988
3.988
3.988
3.988
3.988
3.988
3.988
3.988
3.988
3.988
3.988
3.988
3.988
3.988
3.988
3.988
3.988
3.988
4.064
4.064
4.064
4.064
4.064
4.064
4.064
4.064
4.064
4.064
4.064
4.064
4.064
4.064
4.064
4.064
4.064
4.064
4.064
4.064
4.064
4.064
4.064
4.064
4.064
4.064
4.064
4.064
4.064
4.064
4.028
4.028
4.028
4.028
4.028
4.028
4.028
4.028
4.028
4.028
4.028
4.028
4.028
4.028
4.028
4.028
4.028
4.028
4.028
4.028
4.028
4.028
4.028
4.028
4.028
4.028
4.028
4.028
4.028
4.028
4.025
4.025
4.025
4.025
4.025
4.025
4.025
4.025
4.025
4.025
4.025
4.025
4.025
4.025
4.025
4.025
4.025
4.025
4.025
4.025
4.025
4.025
4.025
4.025
4.025
4.025
4.025
4.025
4.025
4.025
4.574
4.574
4.574
4.574
4.574
4.574
4.574
4.574
4.574
4.574
4.574
4.574
4.574
4.574
4.574
4.574
4.574
4.574
4.574
4.574
4.574
4.574
4.574
4.574
4.574
4.574
4.574
4.574
4.574
4.574
4.919
4.919
4.919
4.919
4.919
4.919
4.919
4.919
4.919
4.919
4.919
4.919
4.919
4.919
4.919
4.919
4.919
4.919
4.919
4.919
4.919
4.919
4.919
4.919
4.919
4.919
4.919
4.919
4.919
4.919
4.909
4.909
4.909
4.909
4.909
4.909
4.909
4.909
4.909
4.909
4.909
4.909
4.909
4.909
4.909
4.909
4.909
4.909
4.909
4.909
4.909
4.909
4.909
4.909
4.909
4.909
4.909
4.909
4.909
4.909
4.767
4.767
4.767
4.767
4.767
4.767
4.767
4.767
4.767
4.767
4.767
4.767
4.767
4.767
4.767
4.767
4.767
4.767
4.767
4.767
4.767
4.767
4.767
4.767
4.767
4.767
4.767
4.767
4.767
4.767
4.519
4.519
4.519
4.519
4.519
4.519
4.519
4.519
4.519
4.519
4.519
4.519
4.519
4.519
4.519
4.519
4.519
4.519
4.519
4.519
4.519
4.519
4.519
4.519
4.519
4.519
4.519
4.519
4.519
4.519
4.505
4.505
4.505
4.505
4.505
4.505
4.505
4.505
4.505
4.505
4.505
4.505
4.505
4.505
4.505
4.505
4.505
4.505
4.505
4.505
4.505
4.505
4.505
4.505
4.505
4.505
4.505
4.505
4.505
4.505
4.524
4.524
4.524
4.524
4.524
4.524
4.524
4.524
4.524
4.524
4.524
4.524
4.524
4.524
4.524
4.524
4.524
4.524
4.524
4.524
4.524
4.524
4.524
4.524
4.524
4.524
4.524
4.524
4.524
4.524
4.552
4.552
4.552
4.552
4.552
4.552
4.552
4.552
4.552
4.552
4.552
4.552
4.552
4.552
4.552
4.552
4.552
4.552
4.552
4.552
4.552
4.552
4.552
4.552
4.552
4.552
4.552
4.552
4.552
4.552
4.488
4.488
4.488
4.488
4.488
4.488
4.488
4.488
4.488
4.488
4.488
4.488
4.488
4.488
4.488
4.488
4.488
4.488
4.488
4.488
4.488
4.488
4.488
4.488
4.488
4.488
4.488
4.488
4.488
4.488
4.414
4.414
4.414
4.414
4.414
4.414
4.414
4.414
4.414
4.414
4.414
4.414
4.414
4.414
4.414
4.414
4.414
4.414
4.414
4.414
4.414
4.414
4.414
4.414
4.414
4.414
4.414
4.414
4.414
4.414
4.405
4.405
4.405
4.405
4.405
4.405
4.405
4.405
4.405
4.405
4.405
4.405
4.405
4.405
4.405
4.405
4.405
4.405
4.405
4.405
4.405
4.405
4.405
4.405
4.405
4.405
4.405
4.405
4.405
4.405
4.303
4.303
4.303
4.303
4.303
4.303
4.303
4.303
4.303
4.303
4.303
4.303
4.303
4.303
4.303
4.303
4.303
4.303
4.303
4.303
4.303
4.303
4.303
4.303
4.303
4.303
4.303
4.303
4.303
4.303
4.504
4.504
4.504
4.504
4.504
4.504
4.504
4.504
4.504
4.504
4.504
4.504
4.504
4.504
4.504
4.504
4.504
4.504
4.504
4.504
4.504
4.504
4.504
4.504
4.504
4.504
4.504
4.504
4.504
4.504
4.581
4.581
4.581
4.581
4.581
4.581
4.581
4.581
4.581
4.581
4.581
4.581
4.581
4.581
4.581
4.581
4.581
4.581
4.581
4.581
4.581
4.581
4.581
4.581
4.581
4.581
4.581
4.581
4.581
4.581
4.532
4.532
4.532
4.532
4.532
4.532
4.532
4.532
4.532
4.532
4.532
4.532
4.532
4.532
4.532
4.532
4.532
4.532
4.532
4.532
4.532
4.532
4.532
4.532
4.532
4.532
4.532
4.532
4.532
4.532
5.092
5.092
5.092
5.092
5.092
5.092
5.092
5.092
5.092
5.092
5.092
5.092
5.092
5.092
5.092
5.092
5.092
5.092
5.092
5.092
5.092
5.092
5.092
5.092
5.092
5.092
5.092
5.092
5.092
5.092
8.219
8.219
8.219
8.219
8.219
8.219
8.219
8.219
8.219
8.219
8.219
8.219
8.219
8.219
8.219
8.219
8.219
8.219
8.219
8.219
8.219
8.219
8.219
8.219
8.219
8.219
8.219
8.219
8.219
8.219
8.456
8.456
8.456
8.456
8.456
8.456
8.456
8.456
8.456
8.456
8.456
8.456
8.456
8.456
8.456
8.456
8.456
8.456
8.456
8.456
8.456
8.456
8.456
8.456
8.456
8.456
8.456
8.456
8.456
8.456
7.793
7.793
7.793
7.793
7.793
7.793
7.793
7.793
7.793
7.793
7.793
7.793
7.793
7.793
7.793
7.793
7.793
7.793
7.793
7.793
7.793
7.793
7.793
7.793
7.793
7.793
7.793
7.793
7.793
7.793
7.343
7.343
7.343
7.343
7.343
7.343
7.343
7.343
7.343
7.343
7.343
7.343
7.343
7.343
7.343
7.343
7.343
7.343
7.343
7.343
7.343
7.343
7.343
7.343
7.343
7.343
7.343
7.343
7.343
7.343
4.688
4.688
4.688
4.688
4.688
4.688
4.688
4.688
4.688
4.688
4.688
4.688
4.688
4.688
4.688
4.688
4.688
4.688
4.688
4.688
4.688
4.688
4.688
4.688
4.688
4.688
4.688
4.688
4.688
4.688
4.278
4.278
4.278
4.278
4.278
4.278
4.278
4.278
4.278
4.278
4.278
4.278
4.278
4.278
4.278
4.278
4.278
4.278
4.278
4.278
4.278
4.278
4.278
4.278
4.278
4.278
4.278
4.278
4.278
4.278
4.2
4.2
4.2
4.2
4.2
4.2
4.2
4.2
4.2
4.2
4.2
4.2
4.2
4.2
4.2
4.2
4.2
4.2
4.2
4.2
4.2
4.2
4.2
4.2
4.2
4.2
4.2
4.2
4.2
4.2
4.28
4.28
4.28
4.28
4.28
4.28
4.28
4.28
4.28
4.28
4.28
4.28
4.28
4.28
4.28
4.28
4.28
4.28
4.28
4.28
4.28
4.28
4.28
4.28
4.28
4.28
4.28
4.28
4.28
4.28
4.179
4.179
4.179
4.179
4.179
4.179
4.179
4.179
4.179
4.179
4.179
4.179
4.179
4.179
4.179
4.179
4.179
4.179
4.179
4.179
4.179
4.179
4.179
4.179
4.179
4.179
4.179
4.179
4.179
4.179
4.137
4.137
4.137
4.137
4.137
4.137
4.137
4.137
4.137
4.137
4.137
4.137
4.137
4.137
4.137
4.137
4.137
4.137
4.137
4.137
4.137
4.137
4.137
4.137
4.137
4.137
4.137
4.137
4.137
4.137
4.1
4.1
4.1
4.1
4.1
4.1
4.1
4.1
4.1
4.1
4.1
4.1
4.1
4.1
4.1
4.1
4.1
4.1
4.1
4.1
4.1
4.1
4.1
4.1
4.1
4.1
4.1
4.1
4.1
4.1
3.925
3.925
3.925
3.925
3.925
3.925
3.925
3.925
3.925
3.925
3.925
3.925
3.925
3.925
3.925
3.925
3.925
3.925
3.925
3.925
3.925
3.925
3.925
3.925
3.925
3.925
3.925
3.925
3.925
3.925
3.192
3.192
3.192
3.192
3.192
3.192
3.192
3.192
3.192
3.192
3.192
3.192
3.192
3.192
3.192
3.192
3.192
3.192
3.192
3.192
3.192
3.192
3.192
3.192
3.192
3.192
3.192
3.192
3.192
3.192
3.098
3.098
3.098
3.098
3.098
3.098
3.098
3.098
3.098
3.098
3.098
3.098
3.098
3.098
3.098
3.098
3.098
3.098
3.098
3.098
3.098
3.098
3.098
3.098
3.098
3.098
3.098
3.098
3.098
3.098
