4.616
4.616
4.616
4.616
4.616
4.616
4.616
4.616
4.616
4.616
4.616
4.616
4.616
4.616
4.616
4.616
4.616
4.616
4.616
4.616
4.616
4.616
4.616
4.616
4.616
4.616
4.616
4.616
4.616
4.616
4.789
4.789
4.789
4.789
4.789
4.789
4.789
4.789
4.789
4.789
4.789
4.789
4.789
4.789
4.789
4.789
4.789
4.789
4.789
4.789
4.789
4.789
4.789
4.789
4.789
4.789
4.789
4.789
4.789
4.789
4.248
4.248
4.248
4.248
4.248
4.248
4.248
4.248
4.248
4.248
4.248
4.248
4.248
4.248
4.248
4.248
4.248
4.248
4.248
4.248
4.248
4.248
4.248
4.248
4.248
4.248
4.248
4.248
4.248
4.248
4.357
4.357
4.357
4.357
4.357
4.357
4.357
4.357
4.357
4.357
4.357
4.357
4.357
4.357
4.357
4.357
4.357
4.357
4.357
4.357
4.357
4.357
4.357
4.357
4.357
4.357
4.357
4.357
4.357
4.357
4.417
4.417
4.417
4.417
4.417
4.417
4.417
4.417
4.417
4.417
4.417
4.417
4.417
4.417
4.417
4.417
4.417
4.417
4.417
4.417
4.417
4.417
4.417
4.417
4.417
4.417
4.417
4.417
4.417
4.417
4.428
4.428
4.428
4.428
4.428
4.428
4.428
4.428
4.428
4.428
4.428
4.428
4.428
4.428
4.428
4.428
4.428
4.428
4.428
4.428
4.428
4.428
4.428
4.428
4.428
4.428
4.428
4.428
4.428
4.428
4.111
4.111
4.111
4.111
4.111
4.111
4.111
4.111
4.111
4.111
4.111
4.111
4.111
4.111
4.111
4.111
4.111
4.111
4.111
4.111
4.111
4.111
4.111
4.111
4.111
4.111
4.111
4.111
4.111
4.111
4.114
4.114
4.114
4.114
4.114
4.114
4.114
4.114
4.114
4.114
4.114
4.114
4.114
4.114
4.114
4.114
4.114
4.114
4.114
4.114
4.114
4.114
4.114
4.114
4.114
4.114
4.114
4.114
4.114
4.114
4.087
4.087
4.087
4.087
4.087
4.087
4.087
4.087
4.087
4.087
4.087
4.087
4.087
4.087
4.087
4.087
4.087
4.087
4.087
4.087
4.087
4.087
4.087
4.087
4.087
4.087
4.087
4.087
4.087
4.087
3.98
3.98
3.98
3.98
3.98
3.98
3.98
3.98
3.98
3.98
3.98
3.98
3.98
3.98
3.98
3.98
3.98
3.98
3.98
3.98
3.98
3.98
3.98
3.98
3.98
3.98
3.98
3.98
3.98
3.98
4.825
4.825
4.825
4.825
4.825
4.825
4.825
4.825
4.825
4.825
4.825
4.825
4.825
4.825
4.825
4.825
4.825
4.825
4.825
4.825
4.825
4.825
4.825
4.825
4.825
4.825
4.825
4.825
4.825
4.825
4.714
4.714
4.714
4.714
4.714
4.714
4.714
4.714
4.714
4.714
4.714
4.714
4.714
4.714
4.714
4.714
4.714
4.714
4.714
4.714
4.714
4.714
4.714
4.714
4.714
4.714
4.714
4.714
4.714
4.714
5.318
5.318
5.318
5.318
5.318
5.318
5.318
5.318
5.318
5.318
5.318
5.318
5.318
5.318
5.318
5.318
5.318
5.318
5.318
5.318
5.318
5.318
5.318
5.318
5.318
5.318
5.318
5.318
5.318
5.318
5.311
5.311
5.311
5.311
5.311
5.311
5.311
5.311
5.311
5.311
5.311
5.311
5.311
5.311
5.311
5.311
5.311
5.311
5.311
5.311
5.311
5.311
5.311
5.311
5.311
5.311
5.311
5.311
5.311
5.311
5.823
5.823
5.823
5.823
5.823
5.823
5.823
5.823
5.823
5.823
5.823
5.823
5.823
5.823
5.823
5.823
5.823
5.823
5.823
5.823
5.823
5.823
5.823
5.823
5.823
5.823
5.823
5.823
5.823
5.823
6.076
6.076
6.076
6.076
6.076
6.076
6.076
6.076
6.076
6.076
6.076
6.076
6.076
6.076
6.076
6.076
6.076
6.076
6.076
6.076
6.076
6.076
6.076
6.076
6.076
6.076
6.076
6.076
6.076
6.076
6.394
6.394
6.394
6.394
6.394
6.394
6.394
6.394
6.394
6.394
6.394
6.394
6.394
6.394
6.394
6.394
6.394
6.394
6.394
6.394
6.394
6.394
6.394
6.394
6.394
6.394
6.394
6.394
6.394
6.394
6.419
6.419
6.419
6.419
6.419
6.419
6.419
6.419
6.419
6.419
6.419
6.419
6.419
6.419
6.419
6.419
6.419
6.419
6.419
6.419
6.419
6.419
6.419
6.419
6.419
6.419
6.419
6.419
6.419
6.419
6.904
6.904
6.904
6.904
6.904
6.904
6.904
6.904
6.904
6.904
6.904
6.904
6.904
6.904
6.904
6.904
6.904
6.904
6.904
6.904
6.904
6.904
6.904
6.904
6.904
6.904
6.904
6.904
6.904
6.904
7.157
7.157
7.157
7.157
7.157
7.157
7.157
7.157
7.157
7.157
7.157
7.157
7.157
7.157
7.157
7.157
7.157
7.157
7.157
7.157
7.157
7.157
7.157
7.157
7.157
7.157
7.157
7.157
7.157
7.157
7.142
7.142
7.142
7.142
7.142
7.142
7.142
7.142
7.142
7.142
7.142
7.142
7.142
7.142
7.142
7.142
7.142
7.142
7.142
7.142
7.142
7.142
7.142
7.142
7.142
7.142
7.142
7.142
7.142
7.142
7.182
7.182
7.182
7.182
7.182
7.182
7.182
7.182
7.182
7.182
7.182
7.182
7.182
7.182
7.182
7.182
7.182
7.182
7.182
7.182
7.182
7.182
7.182
7.182
7.182
7.182
7.182
7.182
7.182
7.182
6.512
6.512
6.512
6.512
6.512
6.512
6.512
6.512
6.512
6.512
6.512
6.512
6.512
6.512
6.512
6.512
6.512
6.512
6.512
6.512
6.512
6.512
6.512
6.512
6.512
6.512
6.512
6.512
6.512
6.512
6.651
6.651
6.651
6.651
6.651
6.651
6.651
6.651
6.651
6.651
6.651
6.651
6.651
6.651
6.651
6.651
6.651
6.651
6.651
6.651
6.651
6.651
6.651
6.651
6.651
6.651
6.651
6.651
6.651
6.651
6.58
6.58
6.58
6.58
6.58
6.58
6.58
6.58
6.58
6.58
6.58
6.58
6.58
6.58
6.58
6.58
6.58
6.58
6.58
6.58
6.58
6.58
6.58
6.58
6.58
6.58
6.58
6.58
6.58
6.58
6.884
6.884
6.884
6.884
6.884
6.884
6.884
6.884
6.884
6.884
6.884
6.884
6.884
6.884
6.884
6.884
6.884
6.884
6.884
6.884
6.884
6.884
6.884
6.884
6.884
6.884
6.884
6.884
6.884
6.884
6.606
6.606
6.606
6.606
6.606
6.606
6.606
6.606
6.606
6.606
6.606
6.606
6.606
6.606
6.606
6.606
6.606
6.606
6.606
6.606
6.606
6.606
6.606
6.606
6.606
6.606
6.606
6.606
6.606
6.606
6.534
6.534
6.534
6.534
6.534
6.534
6.534
6.534
6.534
6.534
6.534
6.534
6.534
6.534
6.534
6.534
6.534
6.534
6.534
6.534
6.534
6.534
6.534
6.534
6.534
6.534
6.534
6.534
6.534
6.534
6.347
6.347
6.347
6.347
6.347
6.347
6.347
6.347
6.347
6.347
6.347
6.347
6.347
6.347
6.347
6.347
6.347
6.347
6.347
6.347
6.347
6.347
6.347
6.347
6.347
6.347
6.347
6.347
6.347
6.347
6.366
6.366
6.366
6.366
6.366
6.366
6.366
6.366
6.366
6.366
6.366
6.366
6.366
6.366
6.366
6.366
6.366
6.366
6.366
6.366
6.366
6.366
6.366
6.366
6.366
6.366
6.366
6.366
6.366
6.366
6.037
6.037
6.037
6.037
6.037
6.037
6.037
6.037
6.037
6.037
6.037
6.037
6.037
6.037
6.037
6.037
6.037
6.037
6.037
6.037
6.037
6.037
6.037
6.037
6.037
6.037
6.037
6.037
6.037
6.037
6.136
6.136
6.136
6.136
6.136
6.136
6.136
6.136
6.136
6.136
6.136
6.136
6.136
6.136
6.136
6.136
6.136
6.136
6.136
6.136
6.136
6.136
6.136
6.136
6.136
6.136
6.136
6.136
6.136
6.136
6.151
6.151
6.151
6.151
6.151
6.151
6.151
6.151
6.151
6.151
6.151
6.151
6.151
6.151
6.151
6.151
6.151
6.151
6.151
6.151
6.151
6.151
6.151
6.151
6.151
6.151
6.151
6.151
6.151
6.151
6.535
6.535
6.535
6.535
6.535
6.535
6.535
6.535
6.535
6.535
6.535
6.535
6.535
6.535
6.535
6.535
6.535
6.535
6.535
6.535
6.535
6.535
6.535
6.535
6.535
6.535
6.535
6.535
6.535
6.535
7.022
7.022
7.022
7.022
7.022
7.022
7.022
7.022
7.022
7.022
7.022
7.022
7.022
7.022
7.022
7.022
7.022
7.022
7.022
7.022
7.022
7.022
7.022
7.022
7.022
7.022
7.022
7.022
7.022
7.022
7.277
7.277
7.277
7.277
7.277
7.277
7.277
7.277
7.277
7.277
7.277
7.277
7.277
7.277
7.277
7.277
7.277
7.277
7.277
7.277
7.277
7.277
7.277
7.277
7.277
7.277
7.277
7.277
7.277
7.277
7.457
7.457
7.457
7.457
7.457
7.457
7.457
7.457
7.457
7.457
7.457
7.457
7.457
7.457
7.457
7.457
7.457
7.457
7.457
7.457
7.457
7.457
7.457
7.457
7.457
7.457
7.457
7.457
7.457
7.457
7.805
7.805
7.805
7.805
7.805
7.805
7.805
7.805
7.805
7.805
7.805
7.805
7.805
7.805
7.805
7.805
7.805
7.805
7.805
7.805
7.805
7.805
7.805
7.805
7.805
7.805
7.805
7.805
7.805
7.805
7.571
7.571
7.571
7.571
7.571
7.571
7.571
7.571
7.571
7.571
7.571
7.571
7.571
7.571
7.571
7.571
7.571
7.571
7.571
7.571
7.571
7.571
7.571
7.571
7.571
7.571
7.571
7.571
7.571
7.571
7.985
7.985
7.985
7.985
7.985
7.985
7.985
7.985
7.985
7.985
7.985
7.985
7.985
7.985
7.985
7.985
7.985
7.985
7.985
7.985
7.985
7.985
7.985
7.985
7.985
7.985
7.985
7.985
7.985
7.985
6.932
6.932
6.932
6.932
6.932
6.932
6.932
6.932
6.932
6.932
6.932
6.932
6.932
6.932
6.932
6.932
6.932
6.932
6.932
6.932
6.932
6.932
6.932
6.932
6.932
6.932
6.932
6.932
6.932
6.932
6.103
6.103
6.103
6.103
6.103
6.103
6.103
6.103
6.103
6.103
6.103
6.103
6.103
6.103
6.103
6.103
6.103
6.103
6.103
6.103
6.103
6.103
6.103
6.103
6.103
6.103
6.103
6.103
6.103
6.103
5.437
5.437
5.437
5.437
5.437
5.437
5.437
5.437
5.437
5.437
5.437
5.437
5.437
5.437
5.437
5.437
5.437
5.437
5.437
5.437
5.437
5.437
5.437
5.437
5.437
5.437
5.437
5.437
5.437
5.437
5.547
5.547
5.547
5.547
5.547
5.547
5.547
5.547
5.547
5.547
5.547
5.547
5.547
5.547
5.547
5.547
5.547
5.547
5.547
5.547
5.547
5.547
5.547
5.547
5.547
5.547
5.547
5.547
5.547
5.547
5.228
5.228
5.228
5.228
5.228
5.228
5.228
5.228
5.228
5.228
5.228
5.228
5.228
5.228
5.228
5.228
5.228
5.228
5.228
5.228
5.228
5.228
5.228
5.228
5.228
5.228
5.228
5.228
5.228
5.228
5.026
5.026
5.026
5.026
5.026
5.026
5.026
5.026
5.026
5.026
5.026
5.026
5.026
5.026
5.026
5.026
5.026
5.026
5.026
5.026
5.026
5.026
5.026
5.026
5.026
5.026
5.026
5.026
5.026
5.026
4.974
4.974
4.974
4.974
4.974
4.974
4.974
4.974
4.974
4.974
4.974
4.974
4.974
4.974
4.974
4.974
4.974
4.974
4.974
4.974
4.974
4.974
4.974
4.974
4.974
4.974
4.974
4.974
4.974
4.974
5.285
5.285
5.285
5.285
5.285
5.285
5.285
5.285
5.285
5.285
5.285
5.285
5.285
5.285
5.285
5.285
5.285
5.285
5.285
5.285
5.285
5.285
5.285
5.285
5.285
5.285
5.285
5.285
5.285
5.285
