3.819
3.819
3.819
3.819
3.819
3.819
3.819
3.819
3.819
3.819
3.819
3.819
3.819
3.819
3.819
3.819
3.819
3.819
3.819
3.819
3.819
3.819
3.819
3.819
3.819
3.819
3.819
3.819
3.819
3.819
3.887
3.887
3.887
3.887
3.887
3.887
3.887
3.887
3.887
3.887
3.887
3.887
3.887
3.887
3.887
3.887
3.887
3.887
3.887
3.887
3.887
3.887
3.887
3.887
3.887
3.887
3.887
3.887
3.887
3.887
3.752
3.752
3.752
3.752
3.752
3.752
3.752
3.752
3.752
3.752
3.752
3.752
3.752
3.752
3.752
3.752
3.752
3.752
3.752
3.752
3.752
3.752
3.752
3.752
3.752
3.752
3.752
3.752
3.752
3.752
3.651
3.651
3.651
3.651
3.651
3.651
3.651
3.651
3.651
3.651
3.651
3.651
3.651
3.651
3.651
3.651
3.651
3.651
3.651
3.651
3.651
3.651
3.651
3.651
3.651
3.651
3.651
3.651
3.651
3.651
3.691
3.691
3.691
3.691
3.691
3.691
3.691
3.691
3.691
3.691
3.691
3.691
3.691
3.691
3.691
3.691
3.691
3.691
3.691
3.691
3.691
3.691
3.691
3.691
3.691
3.691
3.691
3.691
3.691
3.691
3.595
3.595
3.595
3.595
3.595
3.595
3.595
3.595
3.595
3.595
3.595
3.595
3.595
3.595
3.595
3.595
3.595
3.595
3.595
3.595
3.595
3.595
3.595
3.595
3.595
3.595
3.595
3.595
3.595
3.595
3.171
3.171
3.171
3.171
3.171
3.171
3.171
3.171
3.171
3.171
3.171
3.171
3.171
3.171
3.171
3.171
3.171
3.171
3.171
3.171
3.171
3.171
3.171
3.171
3.171
3.171
3.171
3.171
3.171
3.171
2.853
2.853
2.853
2.853
2.853
2.853
2.853
2.853
2.853
2.853
2.853
2.853
2.853
2.853
2.853
2.853
2.853
2.853
2.853
2.853
2.853
2.853
2.853
2.853
2.853
2.853
2.853
2.853
2.853
2.853
2.58
2.58
2.58
2.58
2.58
2.58
2.58
2.58
2.58
2.58
2.58
2.58
2.58
2.58
2.58
2.58
2.58
2.58
2.58
2.58
2.58
2.58
2.58
2.58
2.58
2.58
2.58
2.58
2.58
2.58
2.735
2.735
2.735
2.735
2.735
2.735
2.735
2.735
2.735
2.735
2.735
2.735
2.735
2.735
2.735
2.735
2.735
2.735
2.735
2.735
2.735
2.735
2.735
2.735
2.735
2.735
2.735
2.735
2.735
2.735
2.433
2.433
2.433
2.433
2.433
2.433
2.433
2.433
2.433
2.433
2.433
2.433
2.433
2.433
2.433
2.433
2.433
2.433
2.433
2.433
2.433
2.433
2.433
2.433
2.433
2.433
2.433
2.433
2.433
2.433
3.015
3.015
3.015
3.015
3.015
3.015
3.015
3.015
3.015
3.015
3.015
3.015
3.015
3.015
3.015
3.015
3.015
3.015
3.015
3.015
3.015
3.015
3.015
3.015
3.015
3.015
3.015
3.015
3.015
3.015
3.616
3.616
3.616
3.616
3.616
3.616
3.616
3.616
3.616
3.616
3.616
3.616
3.616
3.616
3.616
3.616
3.616
3.616
3.616
3.616
3.616
3.616
3.616
3.616
3.616
3.616
3.616
3.616
3.616
3.616
3.554
3.554
3.554
3.554
3.554
3.554
3.554
3.554
3.554
3.554
3.554
3.554
3.554
3.554
3.554
3.554
3.554
3.554
3.554
3.554
3.554
3.554
3.554
3.554
3.554
3.554
3.554
3.554
3.554
3.554
4.331
4.331
4.331
4.331
4.331
4.331
4.331
4.331
4.331
4.331
4.331
4.331
4.331
4.331
4.331
4.331
4.331
4.331
4.331
4.331
4.331
4.331
4.331
4.331
4.331
4.331
4.331
4.331
4.331
4.331
4.532
4.532
4.532
4.532
4.532
4.532
4.532
4.532
4.532
4.532
4.532
4.532
4.532
4.532
4.532
4.532
4.532
4.532
4.532
4.532
4.532
4.532
4.532
4.532
4.532
4.532
4.532
4.532
4.532
4.532
4.664
4.664
4.664
4.664
4.664
4.664
4.664
4.664
4.664
4.664
4.664
4.664
4.664
4.664
4.664
4.664
4.664
4.664
4.664
4.664
4.664
4.664
4.664
4.664
4.664
4.664
4.664
4.664
4.664
4.664
4.516
4.516
4.516
4.516
4.516
4.516
4.516
4.516
4.516
4.516
4.516
4.516
4.516
4.516
4.516
4.516
4.516
4.516
4.516
4.516
4.516
4.516
4.516
4.516
4.516
4.516
4.516
4.516
4.516
4.516
4.38
4.38
4.38
4.38
4.38
4.38
4.38
4.38
4.38
4.38
4.38
4.38
4.38
4.38
4.38
4.38
4.38
4.38
4.38
4.38
4.38
4.38
4.38
4.38
4.38
4.38
4.38
4.38
4.38
4.38
4.249
4.249
4.249
4.249
4.249
4.249
4.249
4.249
4.249
4.249
4.249
4.249
4.249
4.249
4.249
4.249
4.249
4.249
4.249
4.249
4.249
4.249
4.249
4.249
4.249
4.249
4.249
4.249
4.249
4.249
4.274
4.274
4.274
4.274
4.274
4.274
4.274
4.274
4.274
4.274
4.274
4.274
4.274
4.274
4.274
4.274
4.274
4.274
4.274
4.274
4.274
4.274
4.274
4.274
4.274
4.274
4.274
4.274
4.274
4.274
4.353
4.353
4.353
4.353
4.353
4.353
4.353
4.353
4.353
4.353
4.353
4.353
4.353
4.353
4.353
4.353
4.353
4.353
4.353
4.353
4.353
4.353
4.353
4.353
4.353
4.353
4.353
4.353
4.353
4.353
4.349
4.349
4.349
4.349
4.349
4.349
4.349
4.349
4.349
4.349
4.349
4.349
4.349
4.349
4.349
4.349
4.349
4.349
4.349
4.349
4.349
4.349
4.349
4.349
4.349
4.349
4.349
4.349
4.349
4.349
4.502
4.502
4.502
4.502
4.502
4.502
4.502
4.502
4.502
4.502
4.502
4.502
4.502
4.502
4.502
4.502
4.502
4.502
4.502
4.502
4.502
4.502
4.502
4.502
4.502
4.502
4.502
4.502
4.502
4.502
4.558
4.558
4.558
4.558
4.558
4.558
4.558
4.558
4.558
4.558
4.558
4.558
4.558
4.558
4.558
4.558
4.558
4.558
4.558
4.558
4.558
4.558
4.558
4.558
4.558
4.558
4.558
4.558
4.558
4.558
4.623
4.623
4.623
4.623
4.623
4.623
4.623
4.623
4.623
4.623
4.623
4.623
4.623
4.623
4.623
4.623
4.623
4.623
4.623
4.623
4.623
4.623
4.623
4.623
4.623
4.623
4.623
4.623
4.623
4.623
4.812
4.812
4.812
4.812
4.812
4.812
4.812
4.812
4.812
4.812
4.812
4.812
4.812
4.812
4.812
4.812
4.812
4.812
4.812
4.812
4.812
4.812
4.812
4.812
4.812
4.812
4.812
4.812
4.812
4.812
4.566
4.566
4.566
4.566
4.566
4.566
4.566
4.566
4.566
4.566
4.566
4.566
4.566
4.566
4.566
4.566
4.566
4.566
4.566
4.566
4.566
4.566
4.566
4.566
4.566
4.566
4.566
4.566
4.566
4.566
4.635
4.635
4.635
4.635
4.635
4.635
4.635
4.635
4.635
4.635
4.635
4.635
4.635
4.635
4.635
4.635
4.635
4.635
4.635
4.635
4.635
4.635
4.635
4.635
4.635
4.635
4.635
4.635
4.635
4.635
4.5
4.5
4.5
4.5
4.5
4.5
4.5
4.5
4.5
4.5
4.5
4.5
4.5
4.5
4.5
4.5
4.5
4.5
4.5
4.5
4.5
4.5
4.5
4.5
4.5
4.5
4.5
4.5
4.5
4.5
4.689
4.689
4.689
4.689
4.689
4.689
4.689
4.689
4.689
4.689
4.689
4.689
4.689
4.689
4.689
4.689
4.689
4.689
4.689
4.689
4.689
4.689
4.689
4.689
4.689
4.689
4.689
4.689
4.689
4.689
4.823
4.823
4.823
4.823
4.823
4.823
4.823
4.823
4.823
4.823
4.823
4.823
4.823
4.823
4.823
4.823
4.823
4.823
4.823
4.823
4.823
4.823
4.823
4.823
4.823
4.823
4.823
4.823
4.823
4.823
4.814
4.814
4.814
4.814
4.814
4.814
4.814
4.814
4.814
4.814
4.814
4.814
4.814
4.814
4.814
4.814
4.814
4.814
4.814
4.814
4.814
4.814
4.814
4.814
4.814
4.814
4.814
4.814
4.814
4.814
5.454
5.454
5.454
5.454
5.454
5.454
5.454
5.454
5.454
5.454
5.454
5.454
5.454
5.454
5.454
5.454
5.454
5.454
5.454
5.454
5.454
5.454
5.454
5.454
5.454
5.454
5.454
5.454
5.454
5.454
5.967
5.967
5.967
5.967
5.967
5.967
5.967
5.967
5.967
5.967
5.967
5.967
5.967
5.967
5.967
5.967
5.967
5.967
5.967
5.967
5.967
5.967
5.967
5.967
5.967
5.967
5.967
5.967
5.967
5.967
5.91
5.91
5.91
5.91
5.91
5.91
5.91
5.91
5.91
5.91
5.91
5.91
5.91
5.91
5.91
5.91
5.91
5.91
5.91
5.91
5.91
5.91
5.91
5.91
5.91
5.91
5.91
5.91
5.91
5.91
5.812
5.812
5.812
5.812
5.812
5.812
5.812
5.812
5.812
5.812
5.812
5.812
5.812
5.812
5.812
5.812
5.812
5.812
5.812
5.812
5.812
5.812
5.812
5.812
5.812
5.812
5.812
5.812
5.812
5.812
5.683
5.683
5.683
5.683
5.683
5.683
5.683
5.683
5.683
5.683
5.683
5.683
5.683
5.683
5.683
5.683
5.683
5.683
5.683
5.683
5.683
5.683
5.683
5.683
5.683
5.683
5.683
5.683
5.683
5.683
5.435
5.435
5.435
5.435
5.435
5.435
5.435
5.435
5.435
5.435
5.435
5.435
5.435
5.435
5.435
5.435
5.435
5.435
5.435
5.435
5.435
5.435
5.435
5.435
5.435
5.435
5.435
5.435
5.435
5.435
4.869
4.869
4.869
4.869
4.869
4.869
4.869
4.869
4.869
4.869
4.869
4.869
4.869
4.869
4.869
4.869
4.869
4.869
4.869
4.869
4.869
4.869
4.869
4.869
4.869
4.869
4.869
4.869
4.869
4.869
4.96
4.96
4.96
4.96
4.96
4.96
4.96
4.96
4.96
4.96
4.96
4.96
4.96
4.96
4.96
4.96
4.96
4.96
4.96
4.96
4.96
4.96
4.96
4.96
4.96
4.96
4.96
4.96
4.96
4.96
4.7
4.7
4.7
4.7
4.7
4.7
4.7
4.7
4.7
4.7
4.7
4.7
4.7
4.7
4.7
4.7
4.7
4.7
4.7
4.7
4.7
4.7
4.7
4.7
4.7
4.7
4.7
4.7
4.7
4.7
4.77
4.77
4.77
4.77
4.77
4.77
4.77
4.77
4.77
4.77
4.77
4.77
4.77
4.77
4.77
4.77
4.77
4.77
4.77
4.77
4.77
4.77
4.77
4.77
4.77
4.77
4.77
4.77
4.77
4.77
4.724
4.724
4.724
4.724
4.724
4.724
4.724
4.724
4.724
4.724
4.724
4.724
4.724
4.724
4.724
4.724
4.724
4.724
4.724
4.724
4.724
4.724
4.724
4.724
4.724
4.724
4.724
4.724
4.724
4.724
4.591
4.591
4.591
4.591
4.591
4.591
4.591
4.591
4.591
4.591
4.591
4.591
4.591
4.591
4.591
4.591
4.591
4.591
4.591
4.591
4.591
4.591
4.591
4.591
4.591
4.591
4.591
4.591
4.591
4.591
4.478
4.478
4.478
4.478
4.478
4.478
4.478
4.478
4.478
4.478
4.478
4.478
4.478
4.478
4.478
4.478
4.478
4.478
4.478
4.478
4.478
4.478
4.478
4.478
4.478
4.478
4.478
4.478
4.478
4.478
3.93
3.93
3.93
3.93
3.93
3.93
3.93
3.93
3.93
3.93
3.93
3.93
3.93
3.93
3.93
3.93
3.93
3.93
3.93
3.93
3.93
3.93
3.93
3.93
3.93
3.93
3.93
3.93
3.93
3.93
3.801
3.801
3.801
3.801
3.801
3.801
3.801
3.801
3.801
3.801
3.801
3.801
3.801
3.801
3.801
3.801
3.801
3.801
3.801
3.801
3.801
3.801
3.801
3.801
3.801
3.801
3.801
3.801
3.801
3.801
