2.872
2.872
2.872
2.872
2.872
2.872
2.872
2.872
2.872
2.872
2.872
2.872
2.872
2.872
2.872
2.872
2.872
2.872
2.872
2.872
2.872
2.872
2.872
2.872
2.872
2.872
2.872
2.872
2.872
2.872
2.809
2.809
2.809
2.809
2.809
2.809
2.809
2.809
2.809
2.809
2.809
2.809
2.809
2.809
2.809
2.809
2.809
2.809
2.809
2.809
2.809
2.809
2.809
2.809
2.809
2.809
2.809
2.809
2.809
2.809
3.028
3.028
3.028
3.028
3.028
3.028
3.028
3.028
3.028
3.028
3.028
3.028
3.028
3.028
3.028
3.028
3.028
3.028
3.028
3.028
3.028
3.028
3.028
3.028
3.028
3.028
3.028
3.028
3.028
3.028
3.012
3.012
3.012
3.012
3.012
3.012
3.012
3.012
3.012
3.012
3.012
3.012
3.012
3.012
3.012
3.012
3.012
3.012
3.012
3.012
3.012
3.012
3.012
3.012
3.012
3.012
3.012
3.012
3.012
3.012
2.999
2.999
2.999
2.999
2.999
2.999
2.999
2.999
2.999
2.999
2.999
2.999
2.999
2.999
2.999
2.999
2.999
2.999
2.999
2.999
2.999
2.999
2.999
2.999
2.999
2.999
2.999
2.999
2.999
2.999
2.939
2.939
2.939
2.939
2.939
2.939
2.939
2.939
2.939
2.939
2.939
2.939
2.939
2.939
2.939
2.939
2.939
2.939
2.939
2.939
2.939
2.939
2.939
2.939
2.939
2.939
2.939
2.939
2.939
2.939
2.955
2.955
2.955
2.955
2.955
2.955
2.955
2.955
2.955
2.955
2.955
2.955
2.955
2.955
2.955
2.955
2.955
2.955
2.955
2.955
2.955
2.955
2.955
2.955
2.955
2.955
2.955
2.955
2.955
2.955
2.944
2.944
2.944
2.944
2.944
2.944
2.944
2.944
2.944
2.944
2.944
2.944
2.944
2.944
2.944
2.944
2.944
2.944
2.944
2.944
2.944
2.944
2.944
2.944
2.944
2.944
2.944
2.944
2.944
2.944
2.961
2.961
2.961
2.961
2.961
2.961
2.961
2.961
2.961
2.961
2.961
2.961
2.961
2.961
2.961
2.961
2.961
2.961
2.961
2.961
2.961
2.961
2.961
2.961
2.961
2.961
2.961
2.961
2.961
2.961
2.965
2.965
2.965
2.965
2.965
2.965
2.965
2.965
2.965
2.965
2.965
2.965
2.965
2.965
2.965
2.965
2.965
2.965
2.965
2.965
2.965
2.965
2.965
2.965
2.965
2.965
2.965
2.965
2.965
2.965
2.902
2.902
2.902
2.902
2.902
2.902
2.902
2.902
2.902
2.902
2.902
2.902
2.902
2.902
2.902
2.902
2.902
2.902
2.902
2.902
2.902
2.902
2.902
2.902
2.902
2.902
2.902
2.902
2.902
2.902
2.98
2.98
2.98
2.98
2.98
2.98
2.98
2.98
2.98
2.98
2.98
2.98
2.98
2.98
2.98
2.98
2.98
2.98
2.98
2.98
2.98
2.98
2.98
2.98
2.98
2.98
2.98
2.98
2.98
2.98
3.706
3.706
3.706
3.706
3.706
3.706
3.706
3.706
3.706
3.706
3.706
3.706
3.706
3.706
3.706
3.706
3.706
3.706
3.706
3.706
3.706
3.706
3.706
3.706
3.706
3.706
3.706
3.706
3.706
3.706
4.045
4.045
4.045
4.045
4.045
4.045
4.045
4.045
4.045
4.045
4.045
4.045
4.045
4.045
4.045
4.045
4.045
4.045
4.045
4.045
4.045
4.045
4.045
4.045
4.045
4.045
4.045
4.045
4.045
4.045
4.766
4.766
4.766
4.766
4.766
4.766
4.766
4.766
4.766
4.766
4.766
4.766
4.766
4.766
4.766
4.766
4.766
4.766
4.766
4.766
4.766
4.766
4.766
4.766
4.766
4.766
4.766
4.766
4.766
4.766
4.809
4.809
4.809
4.809
4.809
4.809
4.809
4.809
4.809
4.809
4.809
4.809
4.809
4.809
4.809
4.809
4.809
4.809
4.809
4.809
4.809
4.809
4.809
4.809
4.809
4.809
4.809
4.809
4.809
4.809
4.728
4.728
4.728
4.728
4.728
4.728
4.728
4.728
4.728
4.728
4.728
4.728
4.728
4.728
4.728
4.728
4.728
4.728
4.728
4.728
4.728
4.728
4.728
4.728
4.728
4.728
4.728
4.728
4.728
4.728
5.061
5.061
5.061
5.061
5.061
5.061
5.061
5.061
5.061
5.061
5.061
5.061
5.061
5.061
5.061
5.061
5.061
5.061
5.061
5.061
5.061
5.061
5.061
5.061
5.061
5.061
5.061
5.061
5.061
5.061
5.443
5.443
5.443
5.443
5.443
5.443
5.443
5.443
5.443
5.443
5.443
5.443
5.443
5.443
5.443
5.443
5.443
5.443
5.443
5.443
5.443
5.443
5.443
5.443
5.443
5.443
5.443
5.443
5.443
5.443
5.717
5.717
5.717
5.717
5.717
5.717
5.717
5.717
5.717
5.717
5.717
5.717
5.717
5.717
5.717
5.717
5.717
5.717
5.717
5.717
5.717
5.717
5.717
5.717
5.717
5.717
5.717
5.717
5.717
5.717
5.485
5.485
5.485
5.485
5.485
5.485
5.485
5.485
5.485
5.485
5.485
5.485
5.485
5.485
5.485
5.485
5.485
5.485
5.485
5.485
5.485
5.485
5.485
5.485
5.485
5.485
5.485
5.485
5.485
5.485
5.571
5.571
5.571
5.571
5.571
5.571
5.571
5.571
5.571
5.571
5.571
5.571
5.571
5.571
5.571
5.571
5.571
5.571
5.571
5.571
5.571
5.571
5.571
5.571
5.571
5.571
5.571
5.571
5.571
5.571
6.468
6.468
6.468
6.468
6.468
6.468
6.468
6.468
6.468
6.468
6.468
6.468
6.468
6.468
6.468
6.468
6.468
6.468
6.468
6.468
6.468
6.468
6.468
6.468
6.468
6.468
6.468
6.468
6.468
6.468
6.275
6.275
6.275
6.275
6.275
6.275
6.275
6.275
6.275
6.275
6.275
6.275
6.275
6.275
6.275
6.275
6.275
6.275
6.275
6.275
6.275
6.275
6.275
6.275
6.275
6.275
6.275
6.275
6.275
6.275
6.503
6.503
6.503
6.503
6.503
6.503
6.503
6.503
6.503
6.503
6.503
6.503
6.503
6.503
6.503
6.503
6.503
6.503
6.503
6.503
6.503
6.503
6.503
6.503
6.503
6.503
6.503
6.503
6.503
6.503
6.533
6.533
6.533
6.533
6.533
6.533
6.533
6.533
6.533
6.533
6.533
6.533
6.533
6.533
6.533
6.533
6.533
6.533
6.533
6.533
6.533
6.533
6.533
6.533
6.533
6.533
6.533
6.533
6.533
6.533
6.212
6.212
6.212
6.212
6.212
6.212
6.212
6.212
6.212
6.212
6.212
6.212
6.212
6.212
6.212
6.212
6.212
6.212
6.212
6.212
6.212
6.212
6.212
6.212
6.212
6.212
6.212
6.212
6.212
6.212
6.255
6.255
6.255
6.255
6.255
6.255
6.255
6.255
6.255
6.255
6.255
6.255
6.255
6.255
6.255
6.255
6.255
6.255
6.255
6.255
6.255
6.255
6.255
6.255
6.255
6.255
6.255
6.255
6.255
6.255
6.581
6.581
6.581
6.581
6.581
6.581
6.581
6.581
6.581
6.581
6.581
6.581
6.581
6.581
6.581
6.581
6.581
6.581
6.581
6.581
6.581
6.581
6.581
6.581
6.581
6.581
6.581
6.581
6.581
6.581
6.324
6.324
6.324
6.324
6.324
6.324
6.324
6.324
6.324
6.324
6.324
6.324
6.324
6.324
6.324
6.324
6.324
6.324
6.324
6.324
6.324
6.324
6.324
6.324
6.324
6.324
6.324
6.324
6.324
6.324
6.313
6.313
6.313
6.313
6.313
6.313
6.313
6.313
6.313
6.313
6.313
6.313
6.313
6.313
6.313
6.313
6.313
6.313
6.313
6.313
6.313
6.313
6.313
6.313
6.313
6.313
6.313
6.313
6.313
6.313
6.924
6.924
6.924
6.924
6.924
6.924
6.924
6.924
6.924
6.924
6.924
6.924
6.924
6.924
6.924
6.924
6.924
6.924
6.924
6.924
6.924
6.924
6.924
6.924
6.924
6.924
6.924
6.924
6.924
6.924
7.093
7.093
7.093
7.093
7.093
7.093
7.093
7.093
7.093
7.093
7.093
7.093
7.093
7.093
7.093
7.093
7.093
7.093
7.093
7.093
7.093
7.093
7.093
7.093
7.093
7.093
7.093
7.093
7.093
7.093
7.72
7.72
7.72
7.72
7.72
7.72
7.72
7.72
7.72
7.72
7.72
7.72
7.72
7.72
7.72
7.72
7.72
7.72
7.72
7.72
7.72
7.72
7.72
7.72
7.72
7.72
7.72
7.72
7.72
7.72
8.44
8.44
8.44
8.44
8.44
8.44
8.44
8.44
8.44
8.44
8.44
8.44
8.44
8.44
8.44
8.44
8.44
8.44
8.44
8.44
8.44
8.44
8.44
8.44
8.44
8.44
8.44
8.44
8.44
8.44
8.634
8.634
8.634
8.634
8.634
8.634
8.634
8.634
8.634
8.634
8.634
8.634
8.634
8.634
8.634
8.634
8.634
8.634
8.634
8.634
8.634
8.634
8.634
8.634
8.634
8.634
8.634
8.634
8.634
8.634
9.22
9.22
9.22
9.22
9.22
9.22
9.22
9.22
9.22
9.22
9.22
9.22
9.22
9.22
9.22
9.22
9.22
9.22
9.22
9.22
9.22
9.22
9.22
9.22
9.22
9.22
9.22
9.22
9.22
9.22
9.088
9.088
9.088
9.088
9.088
9.088
9.088
9.088
9.088
9.088
9.088
9.088
9.088
9.088
9.088
9.088
9.088
9.088
9.088
9.088
9.088
9.088
9.088
9.088
9.088
9.088
9.088
9.088
9.088
9.088
7.363
7.363
7.363
7.363
7.363
7.363
7.363
7.363
7.363
7.363
7.363
7.363
7.363
7.363
7.363
7.363
7.363
7.363
7.363
7.363
7.363
7.363
7.363
7.363
7.363
7.363
7.363
7.363
7.363
7.363
5.884
5.884
5.884
5.884
5.884
5.884
5.884
5.884
5.884
5.884
5.884
5.884
5.884
5.884
5.884
5.884
5.884
5.884
5.884
5.884
5.884
5.884
5.884
5.884
5.884
5.884
5.884
5.884
5.884
5.884
5.157
5.157
5.157
5.157
5.157
5.157
5.157
5.157
5.157
5.157
5.157
5.157
5.157
5.157
5.157
5.157
5.157
5.157
5.157
5.157
5.157
5.157
5.157
5.157
5.157
5.157
5.157
5.157
5.157
5.157
5.026
5.026
5.026
5.026
5.026
5.026
5.026
5.026
5.026
5.026
5.026
5.026
5.026
5.026
5.026
5.026
5.026
5.026
5.026
5.026
5.026
5.026
5.026
5.026
5.026
5.026
5.026
5.026
5.026
5.026
4.686
4.686
4.686
4.686
4.686
4.686
4.686
4.686
4.686
4.686
4.686
4.686
4.686
4.686
4.686
4.686
4.686
4.686
4.686
4.686
4.686
4.686
4.686
4.686
4.686
4.686
4.686
4.686
4.686
4.686
4.362
4.362
4.362
4.362
4.362
4.362
4.362
4.362
4.362
4.362
4.362
4.362
4.362
4.362
4.362
4.362
4.362
4.362
4.362
4.362
4.362
4.362
4.362
4.362
4.362
4.362
4.362
4.362
4.362
4.362
4.101
4.101
4.101
4.101
4.101
4.101
4.101
4.101
4.101
4.101
4.101
4.101
4.101
4.101
4.101
4.101
4.101
4.101
4.101
4.101
4.101
4.101
4.101
4.101
4.101
4.101
4.101
4.101
4.101
4.101
3.845
3.845
3.845
3.845
3.845
3.845
3.845
3.845
3.845
3.845
3.845
3.845
3.845
3.845
3.845
3.845
3.845
3.845
3.845
3.845
3.845
3.845
3.845
3.845
3.845
3.845
3.845
3.845
3.845
3.845
3.632
3.632
3.632
3.632
3.632
3.632
3.632
3.632
3.632
3.632
3.632
3.632
3.632
3.632
3.632
3.632
3.632
3.632
3.632
3.632
3.632
3.632
3.632
3.632
3.632
3.632
3.632
3.632
3.632
3.632
3.064
3.064
3.064
3.064
3.064
3.064
3.064
3.064
3.064
3.064
3.064
3.064
3.064
3.064
3.064
3.064
3.064
3.064
3.064
3.064
3.064
3.064
3.064
3.064
3.064
3.064
3.064
3.064
3.064
3.064
