2.862
2.862
2.862
2.862
2.862
2.862
2.862
2.862
2.862
2.862
2.862
2.862
2.862
2.862
2.862
2.862
2.862
2.862
2.862
2.862
2.862
2.862
2.862
2.862
2.862
2.862
2.862
2.862
2.862
2.862
3.249
3.249
3.249
3.249
3.249
3.249
3.249
3.249
3.249
3.249
3.249
3.249
3.249
3.249
3.249
3.249
3.249
3.249
3.249
3.249
3.249
3.249
3.249
3.249
3.249
3.249
3.249
3.249
3.249
3.249
2.986
2.986
2.986
2.986
2.986
2.986
2.986
2.986
2.986
2.986
2.986
2.986
2.986
2.986
2.986
2.986
2.986
2.986
2.986
2.986
2.986
2.986
2.986
2.986
2.986
2.986
2.986
2.986
2.986
2.986
2.919
2.919
2.919
2.919
2.919
2.919
2.919
2.919
2.919
2.919
2.919
2.919
2.919
2.919
2.919
2.919
2.919
2.919
2.919
2.919
2.919
2.919
2.919
2.919
2.919
2.919
2.919
2.919
2.919
2.919
2.871
2.871
2.871
2.871
2.871
2.871
2.871
2.871
2.871
2.871
2.871
2.871
2.871
2.871
2.871
2.871
2.871
2.871
2.871
2.871
2.871
2.871
2.871
2.871
2.871
2.871
2.871
2.871
2.871
2.871
2.959
2.959
2.959
2.959
2.959
2.959
2.959
2.959
2.959
2.959
2.959
2.959
2.959
2.959
2.959
2.959
2.959
2.959
2.959
2.959
2.959
2.959
2.959
2.959
2.959
2.959
2.959
2.959
2.959
2.959
2.722
2.722
2.722
2.722
2.722
2.722
2.722
2.722
2.722
2.722
2.722
2.722
2.722
2.722
2.722
2.722
2.722
2.722
2.722
2.722
2.722
2.722
2.722
2.722
2.722
2.722
2.722
2.722
2.722
2.722
2.634
2.634
2.634
2.634
2.634
2.634
2.634
2.634
2.634
2.634
2.634
2.634
2.634
2.634
2.634
2.634
2.634
2.634
2.634
2.634
2.634
2.634
2.634
2.634
2.634
2.634
2.634
2.634
2.634
2.634
2.897
2.897
2.897
2.897
2.897
2.897
2.897
2.897
2.897
2.897
2.897
2.897
2.897
2.897
2.897
2.897
2.897
2.897
2.897
2.897
2.897
2.897
2.897
2.897
2.897
2.897
2.897
2.897
2.897
2.897
2.797
2.797
2.797
2.797
2.797
2.797
2.797
2.797
2.797
2.797
2.797
2.797
2.797
2.797
2.797
2.797
2.797
2.797
2.797
2.797
2.797
2.797
2.797
2.797
2.797
2.797
2.797
2.797
2.797
2.797
3.318
3.318
3.318
3.318
3.318
3.318
3.318
3.318
3.318
3.318
3.318
3.318
3.318
3.318
3.318
3.318
3.318
3.318
3.318
3.318
3.318
3.318
3.318
3.318
3.318
3.318
3.318
3.318
3.318
3.318
3.111
3.111
3.111
3.111
3.111
3.111
3.111
3.111
3.111
3.111
3.111
3.111
3.111
3.111
3.111
3.111
3.111
3.111
3.111
3.111
3.111
3.111
3.111
3.111
3.111
3.111
3.111
3.111
3.111
3.111
3.545
3.545
3.545
3.545
3.545
3.545
3.545
3.545
3.545
3.545
3.545
3.545
3.545
3.545
3.545
3.545
3.545
3.545
3.545
3.545
3.545
3.545
3.545
3.545
3.545
3.545
3.545
3.545
3.545
3.545
3.25
3.25
3.25
3.25
3.25
3.25
3.25
3.25
3.25
3.25
3.25
3.25
3.25
3.25
3.25
3.25
3.25
3.25
3.25
3.25
3.25
3.25
3.25
3.25
3.25
3.25
3.25
3.25
3.25
3.25
4.534
4.534
4.534
4.534
4.534
4.534
4.534
4.534
4.534
4.534
4.534
4.534
4.534
4.534
4.534
4.534
4.534
4.534
4.534
4.534
4.534
4.534
4.534
4.534
4.534
4.534
4.534
4.534
4.534
4.534
5.726
5.726
5.726
5.726
5.726
5.726
5.726
5.726
5.726
5.726
5.726
5.726
5.726
5.726
5.726
5.726
5.726
5.726
5.726
5.726
5.726
5.726
5.726
5.726
5.726
5.726
5.726
5.726
5.726
5.726
4.968
4.968
4.968
4.968
4.968
4.968
4.968
4.968
4.968
4.968
4.968
4.968
4.968
4.968
4.968
4.968
4.968
4.968
4.968
4.968
4.968
4.968
4.968
4.968
4.968
4.968
4.968
4.968
4.968
4.968
4.945
4.945
4.945
4.945
4.945
4.945
4.945
4.945
4.945
4.945
4.945
4.945
4.945
4.945
4.945
4.945
4.945
4.945
4.945
4.945
4.945
4.945
4.945
4.945
4.945
4.945
4.945
4.945
4.945
4.945
4.705
4.705
4.705
4.705
4.705
4.705
4.705
4.705
4.705
4.705
4.705
4.705
4.705
4.705
4.705
4.705
4.705
4.705
4.705
4.705
4.705
4.705
4.705
4.705
4.705
4.705
4.705
4.705
4.705
4.705
4.721
4.721
4.721
4.721
4.721
4.721
4.721
4.721
4.721
4.721
4.721
4.721
4.721
4.721
4.721
4.721
4.721
4.721
4.721
4.721
4.721
4.721
4.721
4.721
4.721
4.721
4.721
4.721
4.721
4.721
4.831
4.831
4.831
4.831
4.831
4.831
4.831
4.831
4.831
4.831
4.831
4.831
4.831
4.831
4.831
4.831
4.831
4.831
4.831
4.831
4.831
4.831
4.831
4.831
4.831
4.831
4.831
4.831
4.831
4.831
4.642
4.642
4.642
4.642
4.642
4.642
4.642
4.642
4.642
4.642
4.642
4.642
4.642
4.642
4.642
4.642
4.642
4.642
4.642
4.642
4.642
4.642
4.642
4.642
4.642
4.642
4.642
4.642
4.642
4.642
4.653
4.653
4.653
4.653
4.653
4.653
4.653
4.653
4.653
4.653
4.653
4.653
4.653
4.653
4.653
4.653
4.653
4.653
4.653
4.653
4.653
4.653
4.653
4.653
4.653
4.653
4.653
4.653
4.653
4.653
4.551
4.551
4.551
4.551
4.551
4.551
4.551
4.551
4.551
4.551
4.551
4.551
4.551
4.551
4.551
4.551
4.551
4.551
4.551
4.551
4.551
4.551
4.551
4.551
4.551
4.551
4.551
4.551
4.551
4.551
4.078
4.078
4.078
4.078
4.078
4.078
4.078
4.078
4.078
4.078
4.078
4.078
4.078
4.078
4.078
4.078
4.078
4.078
4.078
4.078
4.078
4.078
4.078
4.078
4.078
4.078
4.078
4.078
4.078
4.078
3.946
3.946
3.946
3.946
3.946
3.946
3.946
3.946
3.946
3.946
3.946
3.946
3.946
3.946
3.946
3.946
3.946
3.946
3.946
3.946
3.946
3.946
3.946
3.946
3.946
3.946
3.946
3.946
3.946
3.946
3.894
3.894
3.894
3.894
3.894
3.894
3.894
3.894
3.894
3.894
3.894
3.894
3.894
3.894
3.894
3.894
3.894
3.894
3.894
3.894
3.894
3.894
3.894
3.894
3.894
3.894
3.894
3.894
3.894
3.894
3.826
3.826
3.826
3.826
3.826
3.826
3.826
3.826
3.826
3.826
3.826
3.826
3.826
3.826
3.826
3.826
3.826
3.826
3.826
3.826
3.826
3.826
3.826
3.826
3.826
3.826
3.826
3.826
3.826
3.826
3.773
3.773
3.773
3.773
3.773
3.773
3.773
3.773
3.773
3.773
3.773
3.773
3.773
3.773
3.773
3.773
3.773
3.773
3.773
3.773
3.773
3.773
3.773
3.773
3.773
3.773
3.773
3.773
3.773
3.773
3.822
3.822
3.822
3.822
3.822
3.822
3.822
3.822
3.822
3.822
3.822
3.822
3.822
3.822
3.822
3.822
3.822
3.822
3.822
3.822
3.822
3.822
3.822
3.822
3.822
3.822
3.822
3.822
3.822
3.822
3.9
3.9
3.9
3.9
3.9
3.9
3.9
3.9
3.9
3.9
3.9
3.9
3.9
3.9
3.9
3.9
3.9
3.9
3.9
3.9
3.9
3.9
3.9
3.9
3.9
3.9
3.9
3.9
3.9
3.9
5.131
5.131
5.131
5.131
5.131
5.131
5.131
5.131
5.131
5.131
5.131
5.131
5.131
5.131
5.131
5.131
5.131
5.131
5.131
5.131
5.131
5.131
5.131
5.131
5.131
5.131
5.131
5.131
5.131
5.131
3.7
3.7
3.7
3.7
3.7
3.7
3.7
3.7
3.7
3.7
3.7
3.7
3.7
3.7
3.7
3.7
3.7
3.7
3.7
3.7
3.7
3.7
3.7
3.7
3.7
3.7
3.7
3.7
3.7
3.7
5.905
5.905
5.905
5.905
5.905
5.905
5.905
5.905
5.905
5.905
5.905
5.905
5.905
5.905
5.905
5.905
5.905
5.905
5.905
5.905
5.905
5.905
5.905
5.905
5.905
5.905
5.905
5.905
5.905
5.905
12.113
12.113
12.113
12.113
12.113
12.113
12.113
12.113
12.113
12.113
12.113
12.113
12.113
12.113
12.113
12.113
12.113
12.113
12.113
12.113
12.113
12.113
12.113
12.113
12.113
12.113
12.113
12.113
12.113
12.113
12.207
12.207
12.207
12.207
12.207
12.207
12.207
12.207
12.207
12.207
12.207
12.207
12.207
12.207
12.207
12.207
12.207
12.207
12.207
12.207
12.207
12.207
12.207
12.207
12.207
12.207
12.207
12.207
12.207
12.207
9.94
9.94
9.94
9.94
9.94
9.94
9.94
9.94
9.94
9.94
9.94
9.94
9.94
9.94
9.94
9.94
9.94
9.94
9.94
9.94
9.94
9.94
9.94
9.94
9.94
9.94
9.94
9.94
9.94
9.94
8.93
8.93
8.93
8.93
8.93
8.93
8.93
8.93
8.93
8.93
8.93
8.93
8.93
8.93
8.93
8.93
8.93
8.93
8.93
8.93
8.93
8.93
8.93
8.93
8.93
8.93
8.93
8.93
8.93
8.93
4.459
4.459
4.459
4.459
4.459
4.459
4.459
4.459
4.459
4.459
4.459
4.459
4.459
4.459
4.459
4.459
4.459
4.459
4.459
4.459
4.459
4.459
4.459
4.459
4.459
4.459
4.459
4.459
4.459
4.459
3.878
3.878
3.878
3.878
3.878
3.878
3.878
3.878
3.878
3.878
3.878
3.878
3.878
3.878
3.878
3.878
3.878
3.878
3.878
3.878
3.878
3.878
3.878
3.878
3.878
3.878
3.878
3.878
3.878
3.878
4.285
4.285
4.285
4.285
4.285
4.285
4.285
4.285
4.285
4.285
4.285
4.285
4.285
4.285
4.285
4.285
4.285
4.285
4.285
4.285
4.285
4.285
4.285
4.285
4.285
4.285
4.285
4.285
4.285
4.285
3.764
3.764
3.764
3.764
3.764
3.764
3.764
3.764
3.764
3.764
3.764
3.764
3.764
3.764
3.764
3.764
3.764
3.764
3.764
3.764
3.764
3.764
3.764
3.764
3.764
3.764
3.764
3.764
3.764
3.764
3.929
3.929
3.929
3.929
3.929
3.929
3.929
3.929
3.929
3.929
3.929
3.929
3.929
3.929
3.929
3.929
3.929
3.929
3.929
3.929
3.929
3.929
3.929
3.929
3.929
3.929
3.929
3.929
3.929
3.929
3.466
3.466
3.466
3.466
3.466
3.466
3.466
3.466
3.466
3.466
3.466
3.466
3.466
3.466
3.466
3.466
3.466
3.466
3.466
3.466
3.466
3.466
3.466
3.466
3.466
3.466
3.466
3.466
3.466
3.466
3.53
3.53
3.53
3.53
3.53
3.53
3.53
3.53
3.53
3.53
3.53
3.53
3.53
3.53
3.53
3.53
3.53
3.53
3.53
3.53
3.53
3.53
3.53
3.53
3.53
3.53
3.53
3.53
3.53
3.53
3.442
3.442
3.442
3.442
3.442
3.442
3.442
3.442
3.442
3.442
3.442
3.442
3.442
3.442
3.442
3.442
3.442
3.442
3.442
3.442
3.442
3.442
3.442
3.442
3.442
3.442
3.442
3.442
3.442
3.442
2.683
2.683
2.683
2.683
2.683
2.683
2.683
2.683
2.683
2.683
2.683
2.683
2.683
2.683
2.683
2.683
2.683
2.683
2.683
2.683
2.683
2.683
2.683
2.683
2.683
2.683
2.683
2.683
2.683
2.683
2.964
2.964
2.964
2.964
2.964
2.964
2.964
2.964
2.964
2.964
2.964
2.964
2.964
2.964
2.964
2.964
2.964
2.964
2.964
2.964
2.964
2.964
2.964
2.964
2.964
2.964
2.964
2.964
2.964
2.964
