3.429
3.429
3.429
3.429
3.429
3.429
3.429
3.429
3.429
3.429
3.429
3.429
3.429
3.429
3.429
3.429
3.429
3.429
3.429
3.429
3.429
3.429
3.429
3.429
3.429
3.429
3.429
3.429
3.429
3.429
3.713
3.713
3.713
3.713
3.713
3.713
3.713
3.713
3.713
3.713
3.713
3.713
3.713
3.713
3.713
3.713
3.713
3.713
3.713
3.713
3.713
3.713
3.713
3.713
3.713
3.713
3.713
3.713
3.713
3.713
3.973
3.973
3.973
3.973
3.973
3.973
3.973
3.973
3.973
3.973
3.973
3.973
3.973
3.973
3.973
3.973
3.973
3.973
3.973
3.973
3.973
3.973
3.973
3.973
3.973
3.973
3.973
3.973
3.973
3.973
4.083
4.083
4.083
4.083
4.083
4.083
4.083
4.083
4.083
4.083
4.083
4.083
4.083
4.083
4.083
4.083
4.083
4.083
4.083
4.083
4.083
4.083
4.083
4.083
4.083
4.083
4.083
4.083
4.083
4.083
3.907
3.907
3.907
3.907
3.907
3.907
3.907
3.907
3.907
3.907
3.907
3.907
3.907
3.907
3.907
3.907
3.907
3.907
3.907
3.907
3.907
3.907
3.907
3.907
3.907
3.907
3.907
3.907
3.907
3.907
4.057
4.057
4.057
4.057
4.057
4.057
4.057
4.057
4.057
4.057
4.057
4.057
4.057
4.057
4.057
4.057
4.057
4.057
4.057
4.057
4.057
4.057
4.057
4.057
4.057
4.057
4.057
4.057
4.057
4.057
3.894
3.894
3.894
3.894
3.894
3.894
3.894
3.894
3.894
3.894
3.894
3.894
3.894
3.894
3.894
3.894
3.894
3.894
3.894
3.894
3.894
3.894
3.894
3.894
3.894
3.894
3.894
3.894
3.894
3.894
3.867
3.867
3.867
3.867
3.867
3.867
3.867
3.867
3.867
3.867
3.867
3.867
3.867
3.867
3.867
3.867
3.867
3.867
3.867
3.867
3.867
3.867
3.867
3.867
3.867
3.867
3.867
3.867
3.867
3.867
3.791
3.791
3.791
3.791
3.791
3.791
3.791
3.791
3.791
3.791
3.791
3.791
3.791
3.791
3.791
3.791
3.791
3.791
3.791
3.791
3.791
3.791
3.791
3.791
3.791
3.791
3.791
3.791
3.791
3.791
3.719
3.719
3.719
3.719
3.719
3.719
3.719
3.719
3.719
3.719
3.719
3.719
3.719
3.719
3.719
3.719
3.719
3.719
3.719
3.719
3.719
3.719
3.719
3.719
3.719
3.719
3.719
3.719
3.719
3.719
3.669
3.669
3.669
3.669
3.669
3.669
3.669
3.669
3.669
3.669
3.669
3.669
3.669
3.669
3.669
3.669
3.669
3.669
3.669
3.669
3.669
3.669
3.669
3.669
3.669
3.669
3.669
3.669
3.669
3.669
3.68
3.68
3.68
3.68
3.68
3.68
3.68
3.68
3.68
3.68
3.68
3.68
3.68
3.68
3.68
3.68
3.68
3.68
3.68
3.68
3.68
3.68
3.68
3.68
3.68
3.68
3.68
3.68
3.68
3.68
3.688
3.688
3.688
3.688
3.688
3.688
3.688
3.688
3.688
3.688
3.688
3.688
3.688
3.688
3.688
3.688
3.688
3.688
3.688
3.688
3.688
3.688
3.688
3.688
3.688
3.688
3.688
3.688
3.688
3.688
3.817
3.817
3.817
3.817
3.817
3.817
3.817
3.817
3.817
3.817
3.817
3.817
3.817
3.817
3.817
3.817
3.817
3.817
3.817
3.817
3.817
3.817
3.817
3.817
3.817
3.817
3.817
3.817
3.817
3.817
3.489
3.489
3.489
3.489
3.489
3.489
3.489
3.489
3.489
3.489
3.489
3.489
3.489
3.489
3.489
3.489
3.489
3.489
3.489
3.489
3.489
3.489
3.489
3.489
3.489
3.489
3.489
3.489
3.489
3.489
4.148
4.148
4.148
4.148
4.148
4.148
4.148
4.148
4.148
4.148
4.148
4.148
4.148
4.148
4.148
4.148
4.148
4.148
4.148
4.148
4.148
4.148
4.148
4.148
4.148
4.148
4.148
4.148
4.148
4.148
3.823
3.823
3.823
3.823
3.823
3.823
3.823
3.823
3.823
3.823
3.823
3.823
3.823
3.823
3.823
3.823
3.823
3.823
3.823
3.823
3.823
3.823
3.823
3.823
3.823
3.823
3.823
3.823
3.823
3.823
3.914
3.914
3.914
3.914
3.914
3.914
3.914
3.914
3.914
3.914
3.914
3.914
3.914
3.914
3.914
3.914
3.914
3.914
3.914
3.914
3.914
3.914
3.914
3.914
3.914
3.914
3.914
3.914
3.914
3.914
4.107
4.107
4.107
4.107
4.107
4.107
4.107
4.107
4.107
4.107
4.107
4.107
4.107
4.107
4.107
4.107
4.107
4.107
4.107
4.107
4.107
4.107
4.107
4.107
4.107
4.107
4.107
4.107
4.107
4.107
4.052
4.052
4.052
4.052
4.052
4.052
4.052
4.052
4.052
4.052
4.052
4.052
4.052
4.052
4.052
4.052
4.052
4.052
4.052
4.052
4.052
4.052
4.052
4.052
4.052
4.052
4.052
4.052
4.052
4.052
4.038
4.038
4.038
4.038
4.038
4.038
4.038
4.038
4.038
4.038
4.038
4.038
4.038
4.038
4.038
4.038
4.038
4.038
4.038
4.038
4.038
4.038
4.038
4.038
4.038
4.038
4.038
4.038
4.038
4.038
3.988
3.988
3.988
3.988
3.988
3.988
3.988
3.988
3.988
3.988
3.988
3.988
3.988
3.988
3.988
3.988
3.988
3.988
3.988
3.988
3.988
3.988
3.988
3.988
3.988
3.988
3.988
3.988
3.988
3.988
4.007
4.007
4.007
4.007
4.007
4.007
4.007
4.007
4.007
4.007
4.007
4.007
4.007
4.007
4.007
4.007
4.007
4.007
4.007
4.007
4.007
4.007
4.007
4.007
4.007
4.007
4.007
4.007
4.007
4.007
3.992
3.992
3.992
3.992
3.992
3.992
3.992
3.992
3.992
3.992
3.992
3.992
3.992
3.992
3.992
3.992
3.992
3.992
3.992
3.992
3.992
3.992
3.992
3.992
3.992
3.992
3.992
3.992
3.992
3.992
3.946
3.946
3.946
3.946
3.946
3.946
3.946
3.946
3.946
3.946
3.946
3.946
3.946
3.946
3.946
3.946
3.946
3.946
3.946
3.946
3.946
3.946
3.946
3.946
3.946
3.946
3.946
3.946
3.946
3.946
3.892
3.892
3.892
3.892
3.892
3.892
3.892
3.892
3.892
3.892
3.892
3.892
3.892
3.892
3.892
3.892
3.892
3.892
3.892
3.892
3.892
3.892
3.892
3.892
3.892
3.892
3.892
3.892
3.892
3.892
3.843
3.843
3.843
3.843
3.843
3.843
3.843
3.843
3.843
3.843
3.843
3.843
3.843
3.843
3.843
3.843
3.843
3.843
3.843
3.843
3.843
3.843
3.843
3.843
3.843
3.843
3.843
3.843
3.843
3.843
3.839
3.839
3.839
3.839
3.839
3.839
3.839
3.839
3.839
3.839
3.839
3.839
3.839
3.839
3.839
3.839
3.839
3.839
3.839
3.839
3.839
3.839
3.839
3.839
3.839
3.839
3.839
3.839
3.839
3.839
3.804
3.804
3.804
3.804
3.804
3.804
3.804
3.804
3.804
3.804
3.804
3.804
3.804
3.804
3.804
3.804
3.804
3.804
3.804
3.804
3.804
3.804
3.804
3.804
3.804
3.804
3.804
3.804
3.804
3.804
3.791
3.791
3.791
3.791
3.791
3.791
3.791
3.791
3.791
3.791
3.791
3.791
3.791
3.791
3.791
3.791
3.791
3.791
3.791
3.791
3.791
3.791
3.791
3.791
3.791
3.791
3.791
3.791
3.791
3.791
4.11
4.11
4.11
4.11
4.11
4.11
4.11
4.11
4.11
4.11
4.11
4.11
4.11
4.11
4.11
4.11
4.11
4.11
4.11
4.11
4.11
4.11
4.11
4.11
4.11
4.11
4.11
4.11
4.11
4.11
4.215
4.215
4.215
4.215
4.215
4.215
4.215
4.215
4.215
4.215
4.215
4.215
4.215
4.215
4.215
4.215
4.215
4.215
4.215
4.215
4.215
4.215
4.215
4.215
4.215
4.215
4.215
4.215
4.215
4.215
4.569
4.569
4.569
4.569
4.569
4.569
4.569
4.569
4.569
4.569
4.569
4.569
4.569
4.569
4.569
4.569
4.569
4.569
4.569
4.569
4.569
4.569
4.569
4.569
4.569
4.569
4.569
4.569
4.569
4.569
4.909
4.909
4.909
4.909
4.909
4.909
4.909
4.909
4.909
4.909
4.909
4.909
4.909
4.909
4.909
4.909
4.909
4.909
4.909
4.909
4.909
4.909
4.909
4.909
4.909
4.909
4.909
4.909
4.909
4.909
5.485
5.485
5.485
5.485
5.485
5.485
5.485
5.485
5.485
5.485
5.485
5.485
5.485
5.485
5.485
5.485
5.485
5.485
5.485
5.485
5.485
5.485
5.485
5.485
5.485
5.485
5.485
5.485
5.485
5.485
5.46
5.46
5.46
5.46
5.46
5.46
5.46
5.46
5.46
5.46
5.46
5.46
5.46
5.46
5.46
5.46
5.46
5.46
5.46
5.46
5.46
5.46
5.46
5.46
5.46
5.46
5.46
5.46
5.46
5.46
5.467
5.467
5.467
5.467
5.467
5.467
5.467
5.467
5.467
5.467
5.467
5.467
5.467
5.467
5.467
5.467
5.467
5.467
5.467
5.467
5.467
5.467
5.467
5.467
5.467
5.467
5.467
5.467
5.467
5.467
5.479
5.479
5.479
5.479
5.479
5.479
5.479
5.479
5.479
5.479
5.479
5.479
5.479
5.479
5.479
5.479
5.479
5.479
5.479
5.479
5.479
5.479
5.479
5.479
5.479
5.479
5.479
5.479
5.479
5.479
4.7
4.7
4.7
4.7
4.7
4.7
4.7
4.7
4.7
4.7
4.7
4.7
4.7
4.7
4.7
4.7
4.7
4.7
4.7
4.7
4.7
4.7
4.7
4.7
4.7
4.7
4.7
4.7
4.7
4.7
4.568
4.568
4.568
4.568
4.568
4.568
4.568
4.568
4.568
4.568
4.568
4.568
4.568
4.568
4.568
4.568
4.568
4.568
4.568
4.568
4.568
4.568
4.568
4.568
4.568
4.568
4.568
4.568
4.568
4.568
4.507
4.507
4.507
4.507
4.507
4.507
4.507
4.507
4.507
4.507
4.507
4.507
4.507
4.507
4.507
4.507
4.507
4.507
4.507
4.507
4.507
4.507
4.507
4.507
4.507
4.507
4.507
4.507
4.507
4.507
4.387
4.387
4.387
4.387
4.387
4.387
4.387
4.387
4.387
4.387
4.387
4.387
4.387
4.387
4.387
4.387
4.387
4.387
4.387
4.387
4.387
4.387
4.387
4.387
4.387
4.387
4.387
4.387
4.387
4.387
4.535
4.535
4.535
4.535
4.535
4.535
4.535
4.535
4.535
4.535
4.535
4.535
4.535
4.535
4.535
4.535
4.535
4.535
4.535
4.535
4.535
4.535
4.535
4.535
4.535
4.535
4.535
4.535
4.535
4.535
4.532
4.532
4.532
4.532
4.532
4.532
4.532
4.532
4.532
4.532
4.532
4.532
4.532
4.532
4.532
4.532
4.532
4.532
4.532
4.532
4.532
4.532
4.532
4.532
4.532
4.532
4.532
4.532
4.532
4.532
4.26
4.26
4.26
4.26
4.26
4.26
4.26
4.26
4.26
4.26
4.26
4.26
4.26
4.26
4.26
4.26
4.26
4.26
4.26
4.26
4.26
4.26
4.26
4.26
4.26
4.26
4.26
4.26
4.26
4.26
4.134
4.134
4.134
4.134
4.134
4.134
4.134
4.134
4.134
4.134
4.134
4.134
4.134
4.134
4.134
4.134
4.134
4.134
4.134
4.134
4.134
4.134
4.134
4.134
4.134
4.134
4.134
4.134
4.134
4.134
4.062
4.062
4.062
4.062
4.062
4.062
4.062
4.062
4.062
4.062
4.062
4.062
4.062
4.062
4.062
4.062
4.062
4.062
4.062
4.062
4.062
4.062
4.062
4.062
4.062
4.062
4.062
4.062
4.062
4.062
3.812
3.812
3.812
3.812
3.812
3.812
3.812
3.812
3.812
3.812
3.812
3.812
3.812
3.812
3.812
3.812
3.812
3.812
3.812
3.812
3.812
3.812
3.812
3.812
3.812
3.812
3.812
3.812
3.812
3.812
