3.493
3.493
3.493
3.493
3.493
3.493
3.493
3.493
3.493
3.493
3.493
3.493
3.493
3.493
3.493
3.493
3.493
3.493
3.493
3.493
3.493
3.493
3.493
3.493
3.493
3.493
3.493
3.493
3.493
3.493
3.419
3.419
3.419
3.419
3.419
3.419
3.419
3.419
3.419
3.419
3.419
3.419
3.419
3.419
3.419
3.419
3.419
3.419
3.419
3.419
3.419
3.419
3.419
3.419
3.419
3.419
3.419
3.419
3.419
3.419
3.262
3.262
3.262
3.262
3.262
3.262
3.262
3.262
3.262
3.262
3.262
3.262
3.262
3.262
3.262
3.262
3.262
3.262
3.262
3.262
3.262
3.262
3.262
3.262
3.262
3.262
3.262
3.262
3.262
3.262
3.099
3.099
3.099
3.099
3.099
3.099
3.099
3.099
3.099
3.099
3.099
3.099
3.099
3.099
3.099
3.099
3.099
3.099
3.099
3.099
3.099
3.099
3.099
3.099
3.099
3.099
3.099
3.099
3.099
3.099
3.253
3.253
3.253
3.253
3.253
3.253
3.253
3.253
3.253
3.253
3.253
3.253
3.253
3.253
3.253
3.253
3.253
3.253
3.253
3.253
3.253
3.253
3.253
3.253
3.253
3.253
3.253
3.253
3.253
3.253
3.279
3.279
3.279
3.279
3.279
3.279
3.279
3.279
3.279
3.279
3.279
3.279
3.279
3.279
3.279
3.279
3.279
3.279
3.279
3.279
3.279
3.279
3.279
3.279
3.279
3.279
3.279
3.279
3.279
3.279
3.203
3.203
3.203
3.203
3.203
3.203
3.203
3.203
3.203
3.203
3.203
3.203
3.203
3.203
3.203
3.203
3.203
3.203
3.203
3.203
3.203
3.203
3.203
3.203
3.203
3.203
3.203
3.203
3.203
3.203
3.035
3.035
3.035
3.035
3.035
3.035
3.035
3.035
3.035
3.035
3.035
3.035
3.035
3.035
3.035
3.035
3.035
3.035
3.035
3.035
3.035
3.035
3.035
3.035
3.035
3.035
3.035
3.035
3.035
3.035
3.08
3.08
3.08
3.08
3.08
3.08
3.08
3.08
3.08
3.08
3.08
3.08
3.08
3.08
3.08
3.08
3.08
3.08
3.08
3.08
3.08
3.08
3.08
3.08
3.08
3.08
3.08
3.08
3.08
3.08
3.102
3.102
3.102
3.102
3.102
3.102
3.102
3.102
3.102
3.102
3.102
3.102
3.102
3.102
3.102
3.102
3.102
3.102
3.102
3.102
3.102
3.102
3.102
3.102
3.102
3.102
3.102
3.102
3.102
3.102
3.409
3.409
3.409
3.409
3.409
3.409
3.409
3.409
3.409
3.409
3.409
3.409
3.409
3.409
3.409
3.409
3.409
3.409
3.409
3.409
3.409
3.409
3.409
3.409
3.409
3.409
3.409
3.409
3.409
3.409
3.71
3.71
3.71
3.71
3.71
3.71
3.71
3.71
3.71
3.71
3.71
3.71
3.71
3.71
3.71
3.71
3.71
3.71
3.71
3.71
3.71
3.71
3.71
3.71
3.71
3.71
3.71
3.71
3.71
3.71
3.691
3.691
3.691
3.691
3.691
3.691
3.691
3.691
3.691
3.691
3.691
3.691
3.691
3.691
3.691
3.691
3.691
3.691
3.691
3.691
3.691
3.691
3.691
3.691
3.691
3.691
3.691
3.691
3.691
3.691
4.465
4.465
4.465
4.465
4.465
4.465
4.465
4.465
4.465
4.465
4.465
4.465
4.465
4.465
4.465
4.465
4.465
4.465
4.465
4.465
4.465
4.465
4.465
4.465
4.465
4.465
4.465
4.465
4.465
4.465
4.552
4.552
4.552
4.552
4.552
4.552
4.552
4.552
4.552
4.552
4.552
4.552
4.552
4.552
4.552
4.552
4.552
4.552
4.552
4.552
4.552
4.552
4.552
4.552
4.552
4.552
4.552
4.552
4.552
4.552
4.926
4.926
4.926
4.926
4.926
4.926
4.926
4.926
4.926
4.926
4.926
4.926
4.926
4.926
4.926
4.926
4.926
4.926
4.926
4.926
4.926
4.926
4.926
4.926
4.926
4.926
4.926
4.926
4.926
4.926
4.762
4.762
4.762
4.762
4.762
4.762
4.762
4.762
4.762
4.762
4.762
4.762
4.762
4.762
4.762
4.762
4.762
4.762
4.762
4.762
4.762
4.762
4.762
4.762
4.762
4.762
4.762
4.762
4.762
4.762
4.235
4.235
4.235
4.235
4.235
4.235
4.235
4.235
4.235
4.235
4.235
4.235
4.235
4.235
4.235
4.235
4.235
4.235
4.235
4.235
4.235
4.235
4.235
4.235
4.235
4.235
4.235
4.235
4.235
4.235
4.284
4.284
4.284
4.284
4.284
4.284
4.284
4.284
4.284
4.284
4.284
4.284
4.284
4.284
4.284
4.284
4.284
4.284
4.284
4.284
4.284
4.284
4.284
4.284
4.284
4.284
4.284
4.284
4.284
4.284
4.301
4.301
4.301
4.301
4.301
4.301
4.301
4.301
4.301
4.301
4.301
4.301
4.301
4.301
4.301
4.301
4.301
4.301
4.301
4.301
4.301
4.301
4.301
4.301
4.301
4.301
4.301
4.301
4.301
4.301
4.412
4.412
4.412
4.412
4.412
4.412
4.412
4.412
4.412
4.412
4.412
4.412
4.412
4.412
4.412
4.412
4.412
4.412
4.412
4.412
4.412
4.412
4.412
4.412
4.412
4.412
4.412
4.412
4.412
4.412
4.399
4.399
4.399
4.399
4.399
4.399
4.399
4.399
4.399
4.399
4.399
4.399
4.399
4.399
4.399
4.399
4.399
4.399
4.399
4.399
4.399
4.399
4.399
4.399
4.399
4.399
4.399
4.399
4.399
4.399
4.306
4.306
4.306
4.306
4.306
4.306
4.306
4.306
4.306
4.306
4.306
4.306
4.306
4.306
4.306
4.306
4.306
4.306
4.306
4.306
4.306
4.306
4.306
4.306
4.306
4.306
4.306
4.306
4.306
4.306
4.26
4.26
4.26
4.26
4.26
4.26
4.26
4.26
4.26
4.26
4.26
4.26
4.26
4.26
4.26
4.26
4.26
4.26
4.26
4.26
4.26
4.26
4.26
4.26
4.26
4.26
4.26
4.26
4.26
4.26
4.263
4.263
4.263
4.263
4.263
4.263
4.263
4.263
4.263
4.263
4.263
4.263
4.263
4.263
4.263
4.263
4.263
4.263
4.263
4.263
4.263
4.263
4.263
4.263
4.263
4.263
4.263
4.263
4.263
4.263
4.241
4.241
4.241
4.241
4.241
4.241
4.241
4.241
4.241
4.241
4.241
4.241
4.241
4.241
4.241
4.241
4.241
4.241
4.241
4.241
4.241
4.241
4.241
4.241
4.241
4.241
4.241
4.241
4.241
4.241
4.19
4.19
4.19
4.19
4.19
4.19
4.19
4.19
4.19
4.19
4.19
4.19
4.19
4.19
4.19
4.19
4.19
4.19
4.19
4.19
4.19
4.19
4.19
4.19
4.19
4.19
4.19
4.19
4.19
4.19
4.178
4.178
4.178
4.178
4.178
4.178
4.178
4.178
4.178
4.178
4.178
4.178
4.178
4.178
4.178
4.178
4.178
4.178
4.178
4.178
4.178
4.178
4.178
4.178
4.178
4.178
4.178
4.178
4.178
4.178
4.124
4.124
4.124
4.124
4.124
4.124
4.124
4.124
4.124
4.124
4.124
4.124
4.124
4.124
4.124
4.124
4.124
4.124
4.124
4.124
4.124
4.124
4.124
4.124
4.124
4.124
4.124
4.124
4.124
4.124
4.043
4.043
4.043
4.043
4.043
4.043
4.043
4.043
4.043
4.043
4.043
4.043
4.043
4.043
4.043
4.043
4.043
4.043
4.043
4.043
4.043
4.043
4.043
4.043
4.043
4.043
4.043
4.043
4.043
4.043
4.922
4.922
4.922
4.922
4.922
4.922
4.922
4.922
4.922
4.922
4.922
4.922
4.922
4.922
4.922
4.922
4.922
4.922
4.922
4.922
4.922
4.922
4.922
4.922
4.922
4.922
4.922
4.922
4.922
4.922
5.004
5.004
5.004
5.004
5.004
5.004
5.004
5.004
5.004
5.004
5.004
5.004
5.004
5.004
5.004
5.004
5.004
5.004
5.004
5.004
5.004
5.004
5.004
5.004
5.004
5.004
5.004
5.004
5.004
5.004
5.439
5.439
5.439
5.439
5.439
5.439
5.439
5.439
5.439
5.439
5.439
5.439
5.439
5.439
5.439
5.439
5.439
5.439
5.439
5.439
5.439
5.439
5.439
5.439
5.439
5.439
5.439
5.439
5.439
5.439
5.905
5.905
5.905
5.905
5.905
5.905
5.905
5.905
5.905
5.905
5.905
5.905
5.905
5.905
5.905
5.905
5.905
5.905
5.905
5.905
5.905
5.905
5.905
5.905
5.905
5.905
5.905
5.905
5.905
5.905
5.921
5.921
5.921
5.921
5.921
5.921
5.921
5.921
5.921
5.921
5.921
5.921
5.921
5.921
5.921
5.921
5.921
5.921
5.921
5.921
5.921
5.921
5.921
5.921
5.921
5.921
5.921
5.921
5.921
5.921
6.003
6.003
6.003
6.003
6.003
6.003
6.003
6.003
6.003
6.003
6.003
6.003
6.003
6.003
6.003
6.003
6.003
6.003
6.003
6.003
6.003
6.003
6.003
6.003
6.003
6.003
6.003
6.003
6.003
6.003
5.851
5.851
5.851
5.851
5.851
5.851
5.851
5.851
5.851
5.851
5.851
5.851
5.851
5.851
5.851
5.851
5.851
5.851
5.851
5.851
5.851
5.851
5.851
5.851
5.851
5.851
5.851
5.851
5.851
5.851
5.757
5.757
5.757
5.757
5.757
5.757
5.757
5.757
5.757
5.757
5.757
5.757
5.757
5.757
5.757
5.757
5.757
5.757
5.757
5.757
5.757
5.757
5.757
5.757
5.757
5.757
5.757
5.757
5.757
5.757
5.062
5.062
5.062
5.062
5.062
5.062
5.062
5.062
5.062
5.062
5.062
5.062
5.062
5.062
5.062
5.062
5.062
5.062
5.062
5.062
5.062
5.062
5.062
5.062
5.062
5.062
5.062
5.062
5.062
5.062
4.805
4.805
4.805
4.805
4.805
4.805
4.805
4.805
4.805
4.805
4.805
4.805
4.805
4.805
4.805
4.805
4.805
4.805
4.805
4.805
4.805
4.805
4.805
4.805
4.805
4.805
4.805
4.805
4.805
4.805
4.857
4.857
4.857
4.857
4.857
4.857
4.857
4.857
4.857
4.857
4.857
4.857
4.857
4.857
4.857
4.857
4.857
4.857
4.857
4.857
4.857
4.857
4.857
4.857
4.857
4.857
4.857
4.857
4.857
4.857
4.763
4.763
4.763
4.763
4.763
4.763
4.763
4.763
4.763
4.763
4.763
4.763
4.763
4.763
4.763
4.763
4.763
4.763
4.763
4.763
4.763
4.763
4.763
4.763
4.763
4.763
4.763
4.763
4.763
4.763
4.745
4.745
4.745
4.745
4.745
4.745
4.745
4.745
4.745
4.745
4.745
4.745
4.745
4.745
4.745
4.745
4.745
4.745
4.745
4.745
4.745
4.745
4.745
4.745
4.745
4.745
4.745
4.745
4.745
4.745
4.56
4.56
4.56
4.56
4.56
4.56
4.56
4.56
4.56
4.56
4.56
4.56
4.56
4.56
4.56
4.56
4.56
4.56
4.56
4.56
4.56
4.56
4.56
4.56
4.56
4.56
4.56
4.56
4.56
4.56
4.506
4.506
4.506
4.506
4.506
4.506
4.506
4.506
4.506
4.506
4.506
4.506
4.506
4.506
4.506
4.506
4.506
4.506
4.506
4.506
4.506
4.506
4.506
4.506
4.506
4.506
4.506
4.506
4.506
4.506
4.51
4.51
4.51
4.51
4.51
4.51
4.51
4.51
4.51
4.51
4.51
4.51
4.51
4.51
4.51
4.51
4.51
4.51
4.51
4.51
4.51
4.51
4.51
4.51
4.51
4.51
4.51
4.51
4.51
4.51
3.853
3.853
3.853
3.853
3.853
3.853
3.853
3.853
3.853
3.853
3.853
3.853
3.853
3.853
3.853
3.853
3.853
3.853
3.853
3.853
3.853
3.853
3.853
3.853
3.853
3.853
3.853
3.853
3.853
3.853
3.672
3.672
3.672
3.672
3.672
3.672
3.672
3.672
3.672
3.672
3.672
3.672
3.672
3.672
3.672
3.672
3.672
3.672
3.672
3.672
3.672
3.672
3.672
3.672
3.672
3.672
3.672
3.672
3.672
3.672
