3.821
3.821
3.821
3.821
3.821
3.821
3.821
3.821
3.821
3.821
3.821
3.821
3.821
3.821
3.821
3.821
3.821
3.821
3.821
3.821
3.821
3.821
3.821
3.821
3.821
3.821
3.821
3.821
3.821
3.821
3.981
3.981
3.981
3.981
3.981
3.981
3.981
3.981
3.981
3.981
3.981
3.981
3.981
3.981
3.981
3.981
3.981
3.981
3.981
3.981
3.981
3.981
3.981
3.981
3.981
3.981
3.981
3.981
3.981
3.981
4.074
4.074
4.074
4.074
4.074
4.074
4.074
4.074
4.074
4.074
4.074
4.074
4.074
4.074
4.074
4.074
4.074
4.074
4.074
4.074
4.074
4.074
4.074
4.074
4.074
4.074
4.074
4.074
4.074
4.074
4.247
4.247
4.247
4.247
4.247
4.247
4.247
4.247
4.247
4.247
4.247
4.247
4.247
4.247
4.247
4.247
4.247
4.247
4.247
4.247
4.247
4.247
4.247
4.247
4.247
4.247
4.247
4.247
4.247
4.247
4.291
4.291
4.291
4.291
4.291
4.291
4.291
4.291
4.291
4.291
4.291
4.291
4.291
4.291
4.291
4.291
4.291
4.291
4.291
4.291
4.291
4.291
4.291
4.291
4.291
4.291
4.291
4.291
4.291
4.291
4.271
4.271
4.271
4.271
4.271
4.271
4.271
4.271
4.271
4.271
4.271
4.271
4.271
4.271
4.271
4.271
4.271
4.271
4.271
4.271
4.271
4.271
4.271
4.271
4.271
4.271
4.271
4.271
4.271
4.271
3.859
3.859
3.859
3.859
3.859
3.859
3.859
3.859
3.859
3.859
3.859
3.859
3.859
3.859
3.859
3.859
3.859
3.859
3.859
3.859
3.859
3.859
3.859
3.859
3.859
3.859
3.859
3.859
3.859
3.859
3.775
3.775
3.775
3.775
3.775
3.775
3.775
3.775
3.775
3.775
3.775
3.775
3.775
3.775
3.775
3.775
3.775
3.775
3.775
3.775
3.775
3.775
3.775
3.775
3.775
3.775
3.775
3.775
3.775
3.775
3.437
3.437
3.437
3.437
3.437
3.437
3.437
3.437
3.437
3.437
3.437
3.437
3.437
3.437
3.437
3.437
3.437
3.437
3.437
3.437
3.437
3.437
3.437
3.437
3.437
3.437
3.437
3.437
3.437
3.437
3.378
3.378
3.378
3.378
3.378
3.378
3.378
3.378
3.378
3.378
3.378
3.378
3.378
3.378
3.378
3.378
3.378
3.378
3.378
3.378
3.378
3.378
3.378
3.378
3.378
3.378
3.378
3.378
3.378
3.378
4.381
4.381
4.381
4.381
4.381
4.381
4.381
4.381
4.381
4.381
4.381
4.381
4.381
4.381
4.381
4.381
4.381
4.381
4.381
4.381
4.381
4.381
4.381
4.381
4.381
4.381
4.381
4.381
4.381
4.381
4.479
4.479
4.479
4.479
4.479
4.479
4.479
4.479
4.479
4.479
4.479
4.479
4.479
4.479
4.479
4.479
4.479
4.479
4.479
4.479
4.479
4.479
4.479
4.479
4.479
4.479
4.479
4.479
4.479
4.479
3.805
3.805
3.805
3.805
3.805
3.805
3.805
3.805
3.805
3.805
3.805
3.805
3.805
3.805
3.805
3.805
3.805
3.805
3.805
3.805
3.805
3.805
3.805
3.805
3.805
3.805
3.805
3.805
3.805
3.805
3.912
3.912
3.912
3.912
3.912
3.912
3.912
3.912
3.912
3.912
3.912
3.912
3.912
3.912
3.912
3.912
3.912
3.912
3.912
3.912
3.912
3.912
3.912
3.912
3.912
3.912
3.912
3.912
3.912
3.912
5.636
5.636
5.636
5.636
5.636
5.636
5.636
5.636
5.636
5.636
5.636
5.636
5.636
5.636
5.636
5.636
5.636
5.636
5.636
5.636
5.636
5.636
5.636
5.636
5.636
5.636
5.636
5.636
5.636
5.636
9.027
9.027
9.027
9.027
9.027
9.027
9.027
9.027
9.027
9.027
9.027
9.027
9.027
9.027
9.027
9.027
9.027
9.027
9.027
9.027
9.027
9.027
9.027
9.027
9.027
9.027
9.027
9.027
9.027
9.027
8.904
8.904
8.904
8.904
8.904
8.904
8.904
8.904
8.904
8.904
8.904
8.904
8.904
8.904
8.904
8.904
8.904
8.904
8.904
8.904
8.904
8.904
8.904
8.904
8.904
8.904
8.904
8.904
8.904
8.904
5.893
5.893
5.893
5.893
5.893
5.893
5.893
5.893
5.893
5.893
5.893
5.893
5.893
5.893
5.893
5.893
5.893
5.893
5.893
5.893
5.893
5.893
5.893
5.893
5.893
5.893
5.893
5.893
5.893
5.893
4.843
4.843
4.843
4.843
4.843
4.843
4.843
4.843
4.843
4.843
4.843
4.843
4.843
4.843
4.843
4.843
4.843
4.843
4.843
4.843
4.843
4.843
4.843
4.843
4.843
4.843
4.843
4.843
4.843
4.843
4.903
4.903
4.903
4.903
4.903
4.903
4.903
4.903
4.903
4.903
4.903
4.903
4.903
4.903
4.903
4.903
4.903
4.903
4.903
4.903
4.903
4.903
4.903
4.903
4.903
4.903
4.903
4.903
4.903
4.903
4.671
4.671
4.671
4.671
4.671
4.671
4.671
4.671
4.671
4.671
4.671
4.671
4.671
4.671
4.671
4.671
4.671
4.671
4.671
4.671
4.671
4.671
4.671
4.671
4.671
4.671
4.671
4.671
4.671
4.671
4.443
4.443
4.443
4.443
4.443
4.443
4.443
4.443
4.443
4.443
4.443
4.443
4.443
4.443
4.443
4.443
4.443
4.443
4.443
4.443
4.443
4.443
4.443
4.443
4.443
4.443
4.443
4.443
4.443
4.443
3.803
3.803
3.803
3.803
3.803
3.803
3.803
3.803
3.803
3.803
3.803
3.803
3.803
3.803
3.803
3.803
3.803
3.803
3.803
3.803
3.803
3.803
3.803
3.803
3.803
3.803
3.803
3.803
3.803
3.803
3.721
3.721
3.721
3.721
3.721
3.721
3.721
3.721
3.721
3.721
3.721
3.721
3.721
3.721
3.721
3.721
3.721
3.721
3.721
3.721
3.721
3.721
3.721
3.721
3.721
3.721
3.721
3.721
3.721
3.721
3.716
3.716
3.716
3.716
3.716
3.716
3.716
3.716
3.716
3.716
3.716
3.716
3.716
3.716
3.716
3.716
3.716
3.716
3.716
3.716
3.716
3.716
3.716
3.716
3.716
3.716
3.716
3.716
3.716
3.716
3.684
3.684
3.684
3.684
3.684
3.684
3.684
3.684
3.684
3.684
3.684
3.684
3.684
3.684
3.684
3.684
3.684
3.684
3.684
3.684
3.684
3.684
3.684
3.684
3.684
3.684
3.684
3.684
3.684
3.684
3.635
3.635
3.635
3.635
3.635
3.635
3.635
3.635
3.635
3.635
3.635
3.635
3.635
3.635
3.635
3.635
3.635
3.635
3.635
3.635
3.635
3.635
3.635
3.635
3.635
3.635
3.635
3.635
3.635
3.635
3.579
3.579
3.579
3.579
3.579
3.579
3.579
3.579
3.579
3.579
3.579
3.579
3.579
3.579
3.579
3.579
3.579
3.579
3.579
3.579
3.579
3.579
3.579
3.579
3.579
3.579
3.579
3.579
3.579
3.579
3.436
3.436
3.436
3.436
3.436
3.436
3.436
3.436
3.436
3.436
3.436
3.436
3.436
3.436
3.436
3.436
3.436
3.436
3.436
3.436
3.436
3.436
3.436
3.436
3.436
3.436
3.436
3.436
3.436
3.436
3.371
3.371
3.371
3.371
3.371
3.371
3.371
3.371
3.371
3.371
3.371
3.371
3.371
3.371
3.371
3.371
3.371
3.371
3.371
3.371
3.371
3.371
3.371
3.371
3.371
3.371
3.371
3.371
3.371
3.371
3.88
3.88
3.88
3.88
3.88
3.88
3.88
3.88
3.88
3.88
3.88
3.88
3.88
3.88
3.88
3.88
3.88
3.88
3.88
3.88
3.88
3.88
3.88
3.88
3.88
3.88
3.88
3.88
3.88
3.88
3.969
3.969
3.969
3.969
3.969
3.969
3.969
3.969
3.969
3.969
3.969
3.969
3.969
3.969
3.969
3.969
3.969
3.969
3.969
3.969
3.969
3.969
3.969
3.969
3.969
3.969
3.969
3.969
3.969
3.969
3.98
3.98
3.98
3.98
3.98
3.98
3.98
3.98
3.98
3.98
3.98
3.98
3.98
3.98
3.98
3.98
3.98
3.98
3.98
3.98
3.98
3.98
3.98
3.98
3.98
3.98
3.98
3.98
3.98
3.98
5.596
5.596
5.596
5.596
5.596
5.596
5.596
5.596
5.596
5.596
5.596
5.596
5.596
5.596
5.596
5.596
5.596
5.596
5.596
5.596
5.596
5.596
5.596
5.596
5.596
5.596
5.596
5.596
5.596
5.596
6.089
6.089
6.089
6.089
6.089
6.089
6.089
6.089
6.089
6.089
6.089
6.089
6.089
6.089
6.089
6.089
6.089
6.089
6.089
6.089
6.089
6.089
6.089
6.089
6.089
6.089
6.089
6.089
6.089
6.089
5.588
5.588
5.588
5.588
5.588
5.588
5.588
5.588
5.588
5.588
5.588
5.588
5.588
5.588
5.588
5.588
5.588
5.588
5.588
5.588
5.588
5.588
5.588
5.588
5.588
5.588
5.588
5.588
5.588
5.588
5.039
5.039
5.039
5.039
5.039
5.039
5.039
5.039
5.039
5.039
5.039
5.039
5.039
5.039
5.039
5.039
5.039
5.039
5.039
5.039
5.039
5.039
5.039
5.039
5.039
5.039
5.039
5.039
5.039
5.039
4.725
4.725
4.725
4.725
4.725
4.725
4.725
4.725
4.725
4.725
4.725
4.725
4.725
4.725
4.725
4.725
4.725
4.725
4.725
4.725
4.725
4.725
4.725
4.725
4.725
4.725
4.725
4.725
4.725
4.725
4.113
4.113
4.113
4.113
4.113
4.113
4.113
4.113
4.113
4.113
4.113
4.113
4.113
4.113
4.113
4.113
4.113
4.113
4.113
4.113
4.113
4.113
4.113
4.113
4.113
4.113
4.113
4.113
4.113
4.113
4.026
4.026
4.026
4.026
4.026
4.026
4.026
4.026
4.026
4.026
4.026
4.026
4.026
4.026
4.026
4.026
4.026
4.026
4.026
4.026
4.026
4.026
4.026
4.026
4.026
4.026
4.026
4.026
4.026
4.026
4.101
4.101
4.101
4.101
4.101
4.101
4.101
4.101
4.101
4.101
4.101
4.101
4.101
4.101
4.101
4.101
4.101
4.101
4.101
4.101
4.101
4.101
4.101
4.101
4.101
4.101
4.101
4.101
4.101
4.101
3.854
3.854
3.854
3.854
3.854
3.854
3.854
3.854
3.854
3.854
3.854
3.854
3.854
3.854
3.854
3.854
3.854
3.854
3.854
3.854
3.854
3.854
3.854
3.854
3.854
3.854
3.854
3.854
3.854
3.854
3.723
3.723
3.723
3.723
3.723
3.723
3.723
3.723
3.723
3.723
3.723
3.723
3.723
3.723
3.723
3.723
3.723
3.723
3.723
3.723
3.723
3.723
3.723
3.723
3.723
3.723
3.723
3.723
3.723
3.723
3.603
3.603
3.603
3.603
3.603
3.603
3.603
3.603
3.603
3.603
3.603
3.603
3.603
3.603
3.603
3.603
3.603
3.603
3.603
3.603
3.603
3.603
3.603
3.603
3.603
3.603
3.603
3.603
3.603
3.603
3.694
3.694
3.694
3.694
3.694
3.694
3.694
3.694
3.694
3.694
3.694
3.694
3.694
3.694
3.694
3.694
3.694
3.694
3.694
3.694
3.694
3.694
3.694
3.694
3.694
3.694
3.694
3.694
3.694
3.694
3.707
3.707
3.707
3.707
3.707
3.707
3.707
3.707
3.707
3.707
3.707
3.707
3.707
3.707
3.707
3.707
3.707
3.707
3.707
3.707
3.707
3.707
3.707
3.707
3.707
3.707
3.707
3.707
3.707
3.707
3.554
3.554
3.554
3.554
3.554
3.554
3.554
3.554
3.554
3.554
3.554
3.554
3.554
3.554
3.554
3.554
3.554
3.554
3.554
3.554
3.554
3.554
3.554
3.554
3.554
3.554
3.554
3.554
3.554
3.554
3.474
3.474
3.474
3.474
3.474
3.474
3.474
3.474
3.474
3.474
3.474
3.474
3.474
3.474
3.474
3.474
3.474
3.474
3.474
3.474
3.474
3.474
3.474
3.474
3.474
3.474
3.474
3.474
3.474
3.474
