3.013
3.013
3.013
3.013
3.013
3.013
3.013
3.013
3.013
3.013
3.013
3.013
3.013
3.013
3.013
3.013
3.013
3.013
3.013
3.013
3.013
3.013
3.013
3.013
3.013
3.013
3.013
3.013
3.013
3.013
2.864
2.864
2.864
2.864
2.864
2.864
2.864
2.864
2.864
2.864
2.864
2.864
2.864
2.864
2.864
2.864
2.864
2.864
2.864
2.864
2.864
2.864
2.864
2.864
2.864
2.864
2.864
2.864
2.864
2.864
3.238
3.238
3.238
3.238
3.238
3.238
3.238
3.238
3.238
3.238
3.238
3.238
3.238
3.238
3.238
3.238
3.238
3.238
3.238
3.238
3.238
3.238
3.238
3.238
3.238
3.238
3.238
3.238
3.238
3.238
3.116
3.116
3.116
3.116
3.116
3.116
3.116
3.116
3.116
3.116
3.116
3.116
3.116
3.116
3.116
3.116
3.116
3.116
3.116
3.116
3.116
3.116
3.116
3.116
3.116
3.116
3.116
3.116
3.116
3.116
3.035
3.035
3.035
3.035
3.035
3.035
3.035
3.035
3.035
3.035
3.035
3.035
3.035
3.035
3.035
3.035
3.035
3.035
3.035
3.035
3.035
3.035
3.035
3.035
3.035
3.035
3.035
3.035
3.035
3.035
2.873
2.873
2.873
2.873
2.873
2.873
2.873
2.873
2.873
2.873
2.873
2.873
2.873
2.873
2.873
2.873
2.873
2.873
2.873
2.873
2.873
2.873
2.873
2.873
2.873
2.873
2.873
2.873
2.873
2.873
2.869
2.869
2.869
2.869
2.869
2.869
2.869
2.869
2.869
2.869
2.869
2.869
2.869
2.869
2.869
2.869
2.869
2.869
2.869
2.869
2.869
2.869
2.869
2.869
2.869
2.869
2.869
2.869
2.869
2.869
2.955
2.955
2.955
2.955
2.955
2.955
2.955
2.955
2.955
2.955
2.955
2.955
2.955
2.955
2.955
2.955
2.955
2.955
2.955
2.955
2.955
2.955
2.955
2.955
2.955
2.955
2.955
2.955
2.955
2.955
2.946
2.946
2.946
2.946
2.946
2.946
2.946
2.946
2.946
2.946
2.946
2.946
2.946
2.946
2.946
2.946
2.946
2.946
2.946
2.946
2.946
2.946
2.946
2.946
2.946
2.946
2.946
2.946
2.946
2.946
2.987
2.987
2.987
2.987
2.987
2.987
2.987
2.987
2.987
2.987
2.987
2.987
2.987
2.987
2.987
2.987
2.987
2.987
2.987
2.987
2.987
2.987
2.987
2.987
2.987
2.987
2.987
2.987
2.987
2.987
3.034
3.034
3.034
3.034
3.034
3.034
3.034
3.034
3.034
3.034
3.034
3.034
3.034
3.034
3.034
3.034
3.034
3.034
3.034
3.034
3.034
3.034
3.034
3.034
3.034
3.034
3.034
3.034
3.034
3.034
3.417
3.417
3.417
3.417
3.417
3.417
3.417
3.417
3.417
3.417
3.417
3.417
3.417
3.417
3.417
3.417
3.417
3.417
3.417
3.417
3.417
3.417
3.417
3.417
3.417
3.417
3.417
3.417
3.417
3.417
3.433
3.433
3.433
3.433
3.433
3.433
3.433
3.433
3.433
3.433
3.433
3.433
3.433
3.433
3.433
3.433
3.433
3.433
3.433
3.433
3.433
3.433
3.433
3.433
3.433
3.433
3.433
3.433
3.433
3.433
3.631
3.631
3.631
3.631
3.631
3.631
3.631
3.631
3.631
3.631
3.631
3.631
3.631
3.631
3.631
3.631
3.631
3.631
3.631
3.631
3.631
3.631
3.631
3.631
3.631
3.631
3.631
3.631
3.631
3.631
2.906
2.906
2.906
2.906
2.906
2.906
2.906
2.906
2.906
2.906
2.906
2.906
2.906
2.906
2.906
2.906
2.906
2.906
2.906
2.906
2.906
2.906
2.906
2.906
2.906
2.906
2.906
2.906
2.906
2.906
3.192
3.192
3.192
3.192
3.192
3.192
3.192
3.192
3.192
3.192
3.192
3.192
3.192
3.192
3.192
3.192
3.192
3.192
3.192
3.192
3.192
3.192
3.192
3.192
3.192
3.192
3.192
3.192
3.192
3.192
3.208
3.208
3.208
3.208
3.208
3.208
3.208
3.208
3.208
3.208
3.208
3.208
3.208
3.208
3.208
3.208
3.208
3.208
3.208
3.208
3.208
3.208
3.208
3.208
3.208
3.208
3.208
3.208
3.208
3.208
3.154
3.154
3.154
3.154
3.154
3.154
3.154
3.154
3.154
3.154
3.154
3.154
3.154
3.154
3.154
3.154
3.154
3.154
3.154
3.154
3.154
3.154
3.154
3.154
3.154
3.154
3.154
3.154
3.154
3.154
3.735
3.735
3.735
3.735
3.735
3.735
3.735
3.735
3.735
3.735
3.735
3.735
3.735
3.735
3.735
3.735
3.735
3.735
3.735
3.735
3.735
3.735
3.735
3.735
3.735
3.735
3.735
3.735
3.735
3.735
3.576
3.576
3.576
3.576
3.576
3.576
3.576
3.576
3.576
3.576
3.576
3.576
3.576
3.576
3.576
3.576
3.576
3.576
3.576
3.576
3.576
3.576
3.576
3.576
3.576
3.576
3.576
3.576
3.576
3.576
3.5
3.5
3.5
3.5
3.5
3.5
3.5
3.5
3.5
3.5
3.5
3.5
3.5
3.5
3.5
3.5
3.5
3.5
3.5
3.5
3.5
3.5
3.5
3.5
3.5
3.5
3.5
3.5
3.5
3.5
3.451
3.451
3.451
3.451
3.451
3.451
3.451
3.451
3.451
3.451
3.451
3.451
3.451
3.451
3.451
3.451
3.451
3.451
3.451
3.451
3.451
3.451
3.451
3.451
3.451
3.451
3.451
3.451
3.451
3.451
3.334
3.334
3.334
3.334
3.334
3.334
3.334
3.334
3.334
3.334
3.334
3.334
3.334
3.334
3.334
3.334
3.334
3.334
3.334
3.334
3.334
3.334
3.334
3.334
3.334
3.334
3.334
3.334
3.334
3.334
3.34
3.34
3.34
3.34
3.34
3.34
3.34
3.34
3.34
3.34
3.34
3.34
3.34
3.34
3.34
3.34
3.34
3.34
3.34
3.34
3.34
3.34
3.34
3.34
3.34
3.34
3.34
3.34
3.34
3.34
3.299
3.299
3.299
3.299
3.299
3.299
3.299
3.299
3.299
3.299
3.299
3.299
3.299
3.299
3.299
3.299
3.299
3.299
3.299
3.299
3.299
3.299
3.299
3.299
3.299
3.299
3.299
3.299
3.299
3.299
3.26
3.26
3.26
3.26
3.26
3.26
3.26
3.26
3.26
3.26
3.26
3.26
3.26
3.26
3.26
3.26
3.26
3.26
3.26
3.26
3.26
3.26
3.26
3.26
3.26
3.26
3.26
3.26
3.26
3.26
3.232
3.232
3.232
3.232
3.232
3.232
3.232
3.232
3.232
3.232
3.232
3.232
3.232
3.232
3.232
3.232
3.232
3.232
3.232
3.232
3.232
3.232
3.232
3.232
3.232
3.232
3.232
3.232
3.232
3.232
3.238
3.238
3.238
3.238
3.238
3.238
3.238
3.238
3.238
3.238
3.238
3.238
3.238
3.238
3.238
3.238
3.238
3.238
3.238
3.238
3.238
3.238
3.238
3.238
3.238
3.238
3.238
3.238
3.238
3.238
3.243
3.243
3.243
3.243
3.243
3.243
3.243
3.243
3.243
3.243
3.243
3.243
3.243
3.243
3.243
3.243
3.243
3.243
3.243
3.243
3.243
3.243
3.243
3.243
3.243
3.243
3.243
3.243
3.243
3.243
3.243
3.243
3.243
3.243
3.243
3.243
3.243
3.243
3.243
3.243
3.243
3.243
3.243
3.243
3.243
3.243
3.243
3.243
3.243
3.243
3.243
3.243
3.243
3.243
3.243
3.243
3.243
3.243
3.243
3.243
3.752
3.752
3.752
3.752
3.752
3.752
3.752
3.752
3.752
3.752
3.752
3.752
3.752
3.752
3.752
3.752
3.752
3.752
3.752
3.752
3.752
3.752
3.752
3.752
3.752
3.752
3.752
3.752
3.752
3.752
3.878
3.878
3.878
3.878
3.878
3.878
3.878
3.878
3.878
3.878
3.878
3.878
3.878
3.878
3.878
3.878
3.878
3.878
3.878
3.878
3.878
3.878
3.878
3.878
3.878
3.878
3.878
3.878
3.878
3.878
4.478
4.478
4.478
4.478
4.478
4.478
4.478
4.478
4.478
4.478
4.478
4.478
4.478
4.478
4.478
4.478
4.478
4.478
4.478
4.478
4.478
4.478
4.478
4.478
4.478
4.478
4.478
4.478
4.478
4.478
5.342
5.342
5.342
5.342
5.342
5.342
5.342
5.342
5.342
5.342
5.342
5.342
5.342
5.342
5.342
5.342
5.342
5.342
5.342
5.342
5.342
5.342
5.342
5.342
5.342
5.342
5.342
5.342
5.342
5.342
5.721
5.721
5.721
5.721
5.721
5.721
5.721
5.721
5.721
5.721
5.721
5.721
5.721
5.721
5.721
5.721
5.721
5.721
5.721
5.721
5.721
5.721
5.721
5.721
5.721
5.721
5.721
5.721
5.721
5.721
5.934
5.934
5.934
5.934
5.934
5.934
5.934
5.934
5.934
5.934
5.934
5.934
5.934
5.934
5.934
5.934
5.934
5.934
5.934
5.934
5.934
5.934
5.934
5.934
5.934
5.934
5.934
5.934
5.934
5.934
5.879
5.879
5.879
5.879
5.879
5.879
5.879
5.879
5.879
5.879
5.879
5.879
5.879
5.879
5.879
5.879
5.879
5.879
5.879
5.879
5.879
5.879
5.879
5.879
5.879
5.879
5.879
5.879
5.879
5.879
5.865
5.865
5.865
5.865
5.865
5.865
5.865
5.865
5.865
5.865
5.865
5.865
5.865
5.865
5.865
5.865
5.865
5.865
5.865
5.865
5.865
5.865
5.865
5.865
5.865
5.865
5.865
5.865
5.865
5.865
6.354
6.354
6.354
6.354
6.354
6.354
6.354
6.354
6.354
6.354
6.354
6.354
6.354
6.354
6.354
6.354
6.354
6.354
6.354
6.354
6.354
6.354
6.354
6.354
6.354
6.354
6.354
6.354
6.354
6.354
6.577
6.577
6.577
6.577
6.577
6.577
6.577
6.577
6.577
6.577
6.577
6.577
6.577
6.577
6.577
6.577
6.577
6.577
6.577
6.577
6.577
6.577
6.577
6.577
6.577
6.577
6.577
6.577
6.577
6.577
5.771
5.771
5.771
5.771
5.771
5.771
5.771
5.771
5.771
5.771
5.771
5.771
5.771
5.771
5.771
5.771
5.771
5.771
5.771
5.771
5.771
5.771
5.771
5.771
5.771
5.771
5.771
5.771
5.771
5.771
5.111
5.111
5.111
5.111
5.111
5.111
5.111
5.111
5.111
5.111
5.111
5.111
5.111
5.111
5.111
5.111
5.111
5.111
5.111
5.111
5.111
5.111
5.111
5.111
5.111
5.111
5.111
5.111
5.111
5.111
6.161
6.161
6.161
6.161
6.161
6.161
6.161
6.161
6.161
6.161
6.161
6.161
6.161
6.161
6.161
6.161
6.161
6.161
6.161
6.161
6.161
6.161
6.161
6.161
6.161
6.161
6.161
6.161
6.161
6.161
6.203
6.203
6.203
6.203
6.203
6.203
6.203
6.203
6.203
6.203
6.203
6.203
6.203
6.203
6.203
6.203
6.203
6.203
6.203
6.203
6.203
6.203
6.203
6.203
6.203
6.203
6.203
6.203
6.203
6.203
4.479
4.479
4.479
4.479
4.479
4.479
4.479
4.479
4.479
4.479
4.479
4.479
4.479
4.479
4.479
4.479
4.479
4.479
4.479
4.479
4.479
4.479
4.479
4.479
4.479
4.479
4.479
4.479
4.479
4.479
4.049
4.049
4.049
4.049
4.049
4.049
4.049
4.049
4.049
4.049
4.049
4.049
4.049
4.049
4.049
4.049
4.049
4.049
4.049
4.049
4.049
4.049
4.049
4.049
4.049
4.049
4.049
4.049
4.049
4.049
4.693
4.693
4.693
4.693
4.693
4.693
4.693
4.693
4.693
4.693
4.693
4.693
4.693
4.693
4.693
4.693
4.693
4.693
4.693
4.693
4.693
4.693
4.693
4.693
4.693
4.693
4.693
4.693
4.693
4.693
3.839
3.839
3.839
3.839
3.839
3.839
3.839
3.839
3.839
3.839
3.839
3.839
3.839
3.839
3.839
3.839
3.839
3.839
3.839
3.839
3.839
3.839
3.839
3.839
3.839
3.839
3.839
3.839
3.839
3.839
