3.051
3.051
3.051
3.051
3.051
3.051
3.051
3.051
3.051
3.051
3.051
3.051
3.051
3.051
3.051
3.051
3.051
3.051
3.051
3.051
3.051
3.051
3.051
3.051
3.051
3.051
3.051
3.051
3.051
3.051
2.992
2.992
2.992
2.992
2.992
2.992
2.992
2.992
2.992
2.992
2.992
2.992
2.992
2.992
2.992
2.992
2.992
2.992
2.992
2.992
2.992
2.992
2.992
2.992
2.992
2.992
2.992
2.992
2.992
2.992
3.015
3.015
3.015
3.015
3.015
3.015
3.015
3.015
3.015
3.015
3.015
3.015
3.015
3.015
3.015
3.015
3.015
3.015
3.015
3.015
3.015
3.015
3.015
3.015
3.015
3.015
3.015
3.015
3.015
3.015
2.987
2.987
2.987
2.987
2.987
2.987
2.987
2.987
2.987
2.987
2.987
2.987
2.987
2.987
2.987
2.987
2.987
2.987
2.987
2.987
2.987
2.987
2.987
2.987
2.987
2.987
2.987
2.987
2.987
2.987
2.972
2.972
2.972
2.972
2.972
2.972
2.972
2.972
2.972
2.972
2.972
2.972
2.972
2.972
2.972
2.972
2.972
2.972
2.972
2.972
2.972
2.972
2.972
2.972
2.972
2.972
2.972
2.972
2.972
2.972
2.891
2.891
2.891
2.891
2.891
2.891
2.891
2.891
2.891
2.891
2.891
2.891
2.891
2.891
2.891
2.891
2.891
2.891
2.891
2.891
2.891
2.891
2.891
2.891
2.891
2.891
2.891
2.891
2.891
2.891
2.828
2.828
2.828
2.828
2.828
2.828
2.828
2.828
2.828
2.828
2.828
2.828
2.828
2.828
2.828
2.828
2.828
2.828
2.828
2.828
2.828
2.828
2.828
2.828
2.828
2.828
2.828
2.828
2.828
2.828
2.816
2.816
2.816
2.816
2.816
2.816
2.816
2.816
2.816
2.816
2.816
2.816
2.816
2.816
2.816
2.816
2.816
2.816
2.816
2.816
2.816
2.816
2.816
2.816
2.816
2.816
2.816
2.816
2.816
2.816
2.809
2.809
2.809
2.809
2.809
2.809
2.809
2.809
2.809
2.809
2.809
2.809
2.809
2.809
2.809
2.809
2.809
2.809
2.809
2.809
2.809
2.809
2.809
2.809
2.809
2.809
2.809
2.809
2.809
2.809
2.787
2.787
2.787
2.787
2.787
2.787
2.787
2.787
2.787
2.787
2.787
2.787
2.787
2.787
2.787
2.787
2.787
2.787
2.787
2.787
2.787
2.787
2.787
2.787
2.787
2.787
2.787
2.787
2.787
2.787
2.863
2.863
2.863
2.863
2.863
2.863
2.863
2.863
2.863
2.863
2.863
2.863
2.863
2.863
2.863
2.863
2.863
2.863
2.863
2.863
2.863
2.863
2.863
2.863
2.863
2.863
2.863
2.863
2.863
2.863
3.043
3.043
3.043
3.043
3.043
3.043
3.043
3.043
3.043
3.043
3.043
3.043
3.043
3.043
3.043
3.043
3.043
3.043
3.043
3.043
3.043
3.043
3.043
3.043
3.043
3.043
3.043
3.043
3.043
3.043
3.3
3.3
3.3
3.3
3.3
3.3
3.3
3.3
3.3
3.3
3.3
3.3
3.3
3.3
3.3
3.3
3.3
3.3
3.3
3.3
3.3
3.3
3.3
3.3
3.3
3.3
3.3
3.3
3.3
3.3
3.637
3.637
3.637
3.637
3.637
3.637
3.637
3.637
3.637
3.637
3.637
3.637
3.637
3.637
3.637
3.637
3.637
3.637
3.637
3.637
3.637
3.637
3.637
3.637
3.637
3.637
3.637
3.637
3.637
3.637
3.538
3.538
3.538
3.538
3.538
3.538
3.538
3.538
3.538
3.538
3.538
3.538
3.538
3.538
3.538
3.538
3.538
3.538
3.538
3.538
3.538
3.538
3.538
3.538
3.538
3.538
3.538
3.538
3.538
3.538
3.776
3.776
3.776
3.776
3.776
3.776
3.776
3.776
3.776
3.776
3.776
3.776
3.776
3.776
3.776
3.776
3.776
3.776
3.776
3.776
3.776
3.776
3.776
3.776
3.776
3.776
3.776
3.776
3.776
3.776
3.766
3.766
3.766
3.766
3.766
3.766
3.766
3.766
3.766
3.766
3.766
3.766
3.766
3.766
3.766
3.766
3.766
3.766
3.766
3.766
3.766
3.766
3.766
3.766
3.766
3.766
3.766
3.766
3.766
3.766
4.013
4.013
4.013
4.013
4.013
4.013
4.013
4.013
4.013
4.013
4.013
4.013
4.013
4.013
4.013
4.013
4.013
4.013
4.013
4.013
4.013
4.013
4.013
4.013
4.013
4.013
4.013
4.013
4.013
4.013
4.264
4.264
4.264
4.264
4.264
4.264
4.264
4.264
4.264
4.264
4.264
4.264
4.264
4.264
4.264
4.264
4.264
4.264
4.264
4.264
4.264
4.264
4.264
4.264
4.264
4.264
4.264
4.264
4.264
4.264
4.282
4.282
4.282
4.282
4.282
4.282
4.282
4.282
4.282
4.282
4.282
4.282
4.282
4.282
4.282
4.282
4.282
4.282
4.282
4.282
4.282
4.282
4.282
4.282
4.282
4.282
4.282
4.282
4.282
4.282
4.307
4.307
4.307
4.307
4.307
4.307
4.307
4.307
4.307
4.307
4.307
4.307
4.307
4.307
4.307
4.307
4.307
4.307
4.307
4.307
4.307
4.307
4.307
4.307
4.307
4.307
4.307
4.307
4.307
4.307
4.291
4.291
4.291
4.291
4.291
4.291
4.291
4.291
4.291
4.291
4.291
4.291
4.291
4.291
4.291
4.291
4.291
4.291
4.291
4.291
4.291
4.291
4.291
4.291
4.291
4.291
4.291
4.291
4.291
4.291
3.67
3.67
3.67
3.67
3.67
3.67
3.67
3.67
3.67
3.67
3.67
3.67
3.67
3.67
3.67
3.67
3.67
3.67
3.67
3.67
3.67
3.67
3.67
3.67
3.67
3.67
3.67
3.67
3.67
3.67
3.909
3.909
3.909
3.909
3.909
3.909
3.909
3.909
3.909
3.909
3.909
3.909
3.909
3.909
3.909
3.909
3.909
3.909
3.909
3.909
3.909
3.909
3.909
3.909
3.909
3.909
3.909
3.909
3.909
3.909
3.734
3.734
3.734
3.734
3.734
3.734
3.734
3.734
3.734
3.734
3.734
3.734
3.734
3.734
3.734
3.734
3.734
3.734
3.734
3.734
3.734
3.734
3.734
3.734
3.734
3.734
3.734
3.734
3.734
3.734
3.68
3.68
3.68
3.68
3.68
3.68
3.68
3.68
3.68
3.68
3.68
3.68
3.68
3.68
3.68
3.68
3.68
3.68
3.68
3.68
3.68
3.68
3.68
3.68
3.68
3.68
3.68
3.68
3.68
3.68
3.634
3.634
3.634
3.634
3.634
3.634
3.634
3.634
3.634
3.634
3.634
3.634
3.634
3.634
3.634
3.634
3.634
3.634
3.634
3.634
3.634
3.634
3.634
3.634
3.634
3.634
3.634
3.634
3.634
3.634
3.591
3.591
3.591
3.591
3.591
3.591
3.591
3.591
3.591
3.591
3.591
3.591
3.591
3.591
3.591
3.591
3.591
3.591
3.591
3.591
3.591
3.591
3.591
3.591
3.591
3.591
3.591
3.591
3.591
3.591
3.568
3.568
3.568
3.568
3.568
3.568
3.568
3.568
3.568
3.568
3.568
3.568
3.568
3.568
3.568
3.568
3.568
3.568
3.568
3.568
3.568
3.568
3.568
3.568
3.568
3.568
3.568
3.568
3.568
3.568
3.523
3.523
3.523
3.523
3.523
3.523
3.523
3.523
3.523
3.523
3.523
3.523
3.523
3.523
3.523
3.523
3.523
3.523
3.523
3.523
3.523
3.523
3.523
3.523
3.523
3.523
3.523
3.523
3.523
3.523
3.847
3.847
3.847
3.847
3.847
3.847
3.847
3.847
3.847
3.847
3.847
3.847
3.847
3.847
3.847
3.847
3.847
3.847
3.847
3.847
3.847
3.847
3.847
3.847
3.847
3.847
3.847
3.847
3.847
3.847
3.86
3.86
3.86
3.86
3.86
3.86
3.86
3.86
3.86
3.86
3.86
3.86
3.86
3.86
3.86
3.86
3.86
3.86
3.86
3.86
3.86
3.86
3.86
3.86
3.86
3.86
3.86
3.86
3.86
3.86
4.321
4.321
4.321
4.321
4.321
4.321
4.321
4.321
4.321
4.321
4.321
4.321
4.321
4.321
4.321
4.321
4.321
4.321
4.321
4.321
4.321
4.321
4.321
4.321
4.321
4.321
4.321
4.321
4.321
4.321
4.443
4.443
4.443
4.443
4.443
4.443
4.443
4.443
4.443
4.443
4.443
4.443
4.443
4.443
4.443
4.443
4.443
4.443
4.443
4.443
4.443
4.443
4.443
4.443
4.443
4.443
4.443
4.443
4.443
4.443
4.674
4.674
4.674
4.674
4.674
4.674
4.674
4.674
4.674
4.674
4.674
4.674
4.674
4.674
4.674
4.674
4.674
4.674
4.674
4.674
4.674
4.674
4.674
4.674
4.674
4.674
4.674
4.674
4.674
4.674
4.427
4.427
4.427
4.427
4.427
4.427
4.427
4.427
4.427
4.427
4.427
4.427
4.427
4.427
4.427
4.427
4.427
4.427
4.427
4.427
4.427
4.427
4.427
4.427
4.427
4.427
4.427
4.427
4.427
4.427
4.175
4.175
4.175
4.175
4.175
4.175
4.175
4.175
4.175
4.175
4.175
4.175
4.175
4.175
4.175
4.175
4.175
4.175
4.175
4.175
4.175
4.175
4.175
4.175
4.175
4.175
4.175
4.175
4.175
4.175
3.997
3.997
3.997
3.997
3.997
3.997
3.997
3.997
3.997
3.997
3.997
3.997
3.997
3.997
3.997
3.997
3.997
3.997
3.997
3.997
3.997
3.997
3.997
3.997
3.997
3.997
3.997
3.997
3.997
3.997
4.068
4.068
4.068
4.068
4.068
4.068
4.068
4.068
4.068
4.068
4.068
4.068
4.068
4.068
4.068
4.068
4.068
4.068
4.068
4.068
4.068
4.068
4.068
4.068
4.068
4.068
4.068
4.068
4.068
4.068
4.218
4.218
4.218
4.218
4.218
4.218
4.218
4.218
4.218
4.218
4.218
4.218
4.218
4.218
4.218
4.218
4.218
4.218
4.218
4.218
4.218
4.218
4.218
4.218
4.218
4.218
4.218
4.218
4.218
4.218
4.018
4.018
4.018
4.018
4.018
4.018
4.018
4.018
4.018
4.018
4.018
4.018
4.018
4.018
4.018
4.018
4.018
4.018
4.018
4.018
4.018
4.018
4.018
4.018
4.018
4.018
4.018
4.018
4.018
4.018
3.866
3.866
3.866
3.866
3.866
3.866
3.866
3.866
3.866
3.866
3.866
3.866
3.866
3.866
3.866
3.866
3.866
3.866
3.866
3.866
3.866
3.866
3.866
3.866
3.866
3.866
3.866
3.866
3.866
3.866
3.901
3.901
3.901
3.901
3.901
3.901
3.901
3.901
3.901
3.901
3.901
3.901
3.901
3.901
3.901
3.901
3.901
3.901
3.901
3.901
3.901
3.901
3.901
3.901
3.901
3.901
3.901
3.901
3.901
3.901
3.889
3.889
3.889
3.889
3.889
3.889
3.889
3.889
3.889
3.889
3.889
3.889
3.889
3.889
3.889
3.889
3.889
3.889
3.889
3.889
3.889
3.889
3.889
3.889
3.889
3.889
3.889
3.889
3.889
3.889
3.73
3.73
3.73
3.73
3.73
3.73
3.73
3.73
3.73
3.73
3.73
3.73
3.73
3.73
3.73
3.73
3.73
3.73
3.73
3.73
3.73
3.73
3.73
3.73
3.73
3.73
3.73
3.73
3.73
3.73
3.731
3.731
3.731
3.731
3.731
3.731
3.731
3.731
3.731
3.731
3.731
3.731
3.731
3.731
3.731
3.731
3.731
3.731
3.731
3.731
3.731
3.731
3.731
3.731
3.731
3.731
3.731
3.731
3.731
3.731
3.463
3.463
3.463
3.463
3.463
3.463
3.463
3.463
3.463
3.463
3.463
3.463
3.463
3.463
3.463
3.463
3.463
3.463
3.463
3.463
3.463
3.463
3.463
3.463
3.463
3.463
3.463
3.463
3.463
3.463
3.175
3.175
3.175
3.175
3.175
3.175
3.175
3.175
3.175
3.175
3.175
3.175
3.175
3.175
3.175
3.175
3.175
3.175
3.175
3.175
3.175
3.175
3.175
3.175
3.175
3.175
3.175
3.175
3.175
3.175
