0
0
0
0
0
0
0
0
0
0
0
0
0
0
0
0
0
0
0
0
0
0
0
0
0
0
0
0
0
0
0
0
0
0
0
0
0
0
0
0
0
0
0
0
0
0
0
0
0
0
0
0
0
0
0
0
0
0
0
0
0
0
0
0
0
0
0
0
0
0
0
0
0
0
0
0
0
0
0
0
0
0
0
0
0
0
0
0
0
0
0
0
0
0
0
0
0
0
0
0
0
0
0
0
0
0
0
0
0
0
0
0
0
0
0
0
0
0
0
0
0
0
0
0
0
0
0
0
0
0
0
0
0
0
0
0
0
0
0
0
0
0
0
0
0
0
0
0
0
0
0
0
0
0
0
0
0
0
0
0
0
0
0
0
0
0
0
0
0
0
0
0
0
0
0
0
0
0
0
0
0
0
0
0
0
0
0
0
0
0
0
0
0
0
0
0
0
0
0
0
0
0
0
0
0
0
0
0
0
0
0
0
0
0
0
0
0
0
0
0
0
0
0
0
0
0
0
0
0
0
0
0
0
0
0
0
0
0
0
0
0
0
0
0
0
0
0
0
0
0
0
0
0
0
0
0
0
0
0
0
0
0
0
0
0
0
0
0
0
0
0
0
0
0
0
0
0
0
0
0
0
0
0
0
0
0
0
0
0
0
0
0
0
0
0
0
0
0
0
0
0
0
0
0
0
0
0
0
0
0
0
0
0
0
0
0
0
0
0
0
0
0
0
0
0
0
0
0
0
0
0
0
0
0
0
0
0
0
0
0
0
0
0
0
0
0
0
0
0
0
0
0
0
0
0
0
0
0
0
0
0
0
0
0
0
0
0
0
0
0
0
0
0
0
0
0
0
0
0
0
0
0
0
0
0
0
0
0
0
0
0
0
0
0
0
0
0
0
0
0
0
0
0
0
0
0
0
0
0
0
0
0
0
0
0
0
0
0
0
0
0
0
0
0
0
0
0
0
0
0
0
0
0
0
0
0
0
0
0
0
0
0
0
0
0
0
0
0
0
0
0
0
0
0
0
0
0
0
0
0
0
0
0
0
0
0
0
0
0
0
0
0
0
0
0
0
0
0
3.4782e-97
5.1955e-22
1.1458e-12
5.3613e-09
5.148e-07
8.9952e-06
4.3329e-05
0.000172
0.0003059
0.00074116
0.0014352
0.0025233
0.0041398
0.0051375
0.0079961
0.012453
0.020914
0.028316
0.035004
0.043948
0.053475
0.052631
0.060107
0.071533
0.078936
0.089731
0.097397
0.10088
0.10945
0.11808
0.099351
0.097015
0.089608
0.092938
0.093833
0.10803
0.20036
0.20987
0.23251
0.24792
0.18628
0.21427
0.17891
0.18514
0.23745
0.25178
0.26641
0.27413
0.24096
0.33108
0.33952
0.34784
0.35192
0.37199
0.38414
0.3919
0.44946
0.46253
0.47091
0.44082
0.4093
0.4259
0.43264
0.39329
0.40431
0.41012
0.41583
0.42145
0.36128
0.45457
0.39845
0.41459
0.48836
0.49389
0.49933
0.51062
0.51594
0.52117
0.52631
0.54991
0.5613
0.57901
0.47622
0.5444
0.35524
0.34514
0.30853
0.32419
0.24001
0.23509
0.24358
0.26576
0.26075
0.21417
0.2156
0.224
0.23248
0.22684
0.20683
0.21523
0.25257
0.25401
0.25544
0.24216
0.25083
0.25957
0.2609
0.26221
0.27104
0.24208
0.25083
0.252
0.23116
0.20895
0.27202
0.27316
0.2978
0.44064
0.45028
0.53927
0.55725
0.45546
0.20851
0.20927
0.21001
0.19452
0.21958
0.6528
0.65494
0.53385
0.56025
0.38844
0.36475
0.63191
0.65878
0.66904
0.67094
0.68121
0.64091
0.62572
0.6528
0.70548
0.70727
0.70904
0.69365
0.66098
0.66254
0.66408
0.66559
0.67574
0.61645
0.57427
0.83707
0.62037
0.57786
0.57025
0.56258
0.51082
0.53827
0.53927
0.50483
0.50574
0.55996
0.56983
0.5708
0.58068
0.51899
0.53775
0.70018
0.52145
0.59427
0.82178
0.81391
0.76977
0.75269
0.7537
0.74561
0.74657
0.7384
0.73019
0.73107
0.73194
0.73279
0.34847
0.3305
0.34005
0.35881
0.3684
0.39643
0.37837
0.41568
0.40683
0.68485
0.54653
0.57482
0.74234
0.74296
0.74357
0.74416
0.72612
0.72666
0.71787
0.57844
0.56017
0.52317
0.93484
0.93543
0.936
0.93655
0.93708
0.9376
0.93809
0.93857
0.93903
0.93947
0.9399
0.94031
0.9407
0.83755
0.94142
0.94176
0.94208
0.94238
0.94267
0.94293
0.94318
0.94342
0.94363
0.94383
0.94401
0.94433
0.94446
0.94457
0.94466
0.94474
0.93536
0.94485
0.94488
0.94489
0.94488
0.94486
0.94482
0.94477
0.94469
0.89737
0.89727
0.92548
0.79315
0.80246
0.88726
0.88708
0.84914
0.84893
0.84871
0.84848
0.84823
0.76316
0.79117
0.79089
0.78118
0.77147
0.77115
0.75202
0.71411
0.93917
0.93872
0.93825
0.93776
0.93725
0.93672
0.93618
0.93561
0.93503
0.93443
0.93381
0.93318
0.92319
0.93185
0.93115
0.93044
0.92971
0.92896
0.92819
0.9274
0.92659
0.92576
0.92491
0.92404
0.92315
0.92131
0.92036
0.91939
0.9184
0.91738
0.91635
0.91529
0.91422
0.91312
0.91199
0.91085
0.90969
0.9085
0.90729
0.90605
0.9048
0.90352
0.67666
0.7117
0.66566
0.66464
0.69051
0.68941
0.71511
0.68716
0.67709
0.64036
0.66587
0.88625
0.88465
0.88302
0.88136
0.87967
0.87796
0.87621
0.87444
0.87264
0.87081
0.86896
0.52024
0.25954
0.25896
0.34449
0.33509
0.41144
0.81233
0.8018
0.79128
0.77228
0.75334
0.67537
0.68196
0.68009
0.67819
0.6846
0.68262
0.7387
0.73648
0.73422
0.56564
0.56381
0.53752
0.56818
0.57432
0.71741
0.70683
0.71227
0.64585
0.62754
0.62513
0.62269
0.61235
0.61769
0.61513
0.61253
0.59445
0.59953
0.60449
0.61696
0.61409
0.58853
0.46553
0.39598
0.44602
0.44371
0.44137
0.40973
0.4002
0.40519
0.41006
0.55069
0.56161
0.51578
0.4283
0.20929
0.21485
0.21341
0.21195
0.21047
0.20222
0.20074
0.19259
0.19769
0.23536
0.23995
0.23153
0.21044
0.20229
0.19422
0.19244
0.28902
0.29233
0.27135
0.29247
0.28942
0.32137
0.57787
0.57132
0.55788
0.52895
0.52223
0.52075
0.2648
0.26112
0.42723
0.4209
0.41447
0.37352
0.31907
0.30894
0.31755
0.31182
0.36448
0.11473
0.1081
0.10161
0.091126
0.089077
0.28076
0.26236
0.25196
0.24898
0.19941
0.24558
0.26507
0.26977
0.24521
0.2368
0.23414
0.2253
0.21907
0.21511
0.20565
0.19611
0.1865
0.18323
0.13692
0.12895
0.14408
0.13624
0.094214
0.082837
0.11555
0.10793
0.098951
0.095828
0.085376
0.052223
0.048158
0.04251
0.037867
0.031806
0.025796
0.020376
0.015591
0.011478
0.0080558
0.0033043
0.0018555
0.0009008
0.00018415
8.9116e-05
1.7941e-05
2.4875e-06
8.6773e-08
2.7929e-10
1.9103e-15
1.1643e-32
0
0
0
0
0
0
0
0
0
0
0
0
0
0
0
0
0
0
0
0
0
0
0
0
0
0
0
0
0
0
0
0
0
0
0
0
0
0
0
0
0
0
0
0
0
0
0
0
0
0
0
0
0
0
0
0
0
0
0
0
0
0
0
0
0
0
0
0
0
0
0
0
0
0
0
0
0
0
0
0
0
0
0
0
0
0
0
0
0
0
0
0
0
0
0
0
0
0
0
0
0
0
0
0
0
0
0
0
0
0
0
0
0
0
0
0
0
0
0
0
0
0
0
0
0
0
0
0
0
0
0
0
0
0
0
0
0
0
0
0
0
0
0
0
0
0
0
0
0
0
0
0
0
0
0
0
0
0
0
0
0
0
0
0
0
0
0
0
0
0
0
0
0
0
0
0
0
0
0
0
0
0
0
0
0
0
0
0
0
0
0
0
0
0
0
0
0
0
0
0
0
0
0
0
0
0
0
0
0
0
0
0
0
0
0
0
0
0
0
0
0
0
0
0
0
0
0
0
0
0
0
0
0
0
0
0
0
0
0
0
0
0
0
0
0
0
0
0
0
0
0
0
0
0
0
0
0
0
0
0
0
0
0
0
0
0
0
0
0
0
0
0
0
0
0
0
0
0
0
0
0
0
0
0
0
0
0
0
0
0
0
0
0
0
0
0
0
0
0
0
0
0
0
0
0
0
0
0
0
0
0
0
0
0
0
0
0
0
0
0
0
0
0
0
0
0
0
0
0
0
0
0
0
0
0
0
0
0
0
0
0
0
0
0
0
0
0
0
0
0
0
0
0
0
0
0
0
0
0
0
0
0
0
0
0
0
0
0
0
0
0
0
0
0
0
0
0
0
0
0
0
0
0
0
0
0
0
0
0
0
0
0
0
0
0
0
0
0
0
0
0
0
0
0
0
0
0
0
0
0
0
0
0
0
0
0
0
0
0
0
0
0
0
0
0
0
0
0
0
0
0
0
0
0
0
0
0
0
0
0
0
0
0
0
0
0
0
0
0
0
0
0
0
0
0
0
0
0
0
0
0
0
0
0
0
0
0
0
0
0
0
0
0
0
0
0
0
0
0
0
0
0
0
0
0
