0
0
0
0
0
0
0
0
0
0
0
0
0
0
0
0
0
0
0
0
0
0
0
0
0
0
0
0
0
0
0
0
0
0
0
0
0
0
0
0
0
0
0
0
0
0
0
0
0
0
0
0
0
0
0
0
0
0
0
0
0
0
0
0
0
0
0
0
0
0
0
0
0
0
0
0
0
0
0
0
0
0
0
0
0
0
0
0
0
0
0
0
0
0
0
0
0
0
0
0
0
0
0
0
0
0
0
0
0
0
0
0
0
0
0
0
0
0
0
0
0
0
0
0
0
0
0
0
0
0
0
0
0
0
0
0
0
0
0
0
0
0
0
0
0
0
0
0
0
0
0
0
0
0
0
0
0
0
0
0
0
0
0
0
0
0
0
0
0
0
0
0
0
0
0
0
0
0
0
0
0
0
0
0
0
0
0
0
0
0
0
0
0
0
0
0
0
0
0
0
0
0
0
0
0
0
0
0
0
0
0
0
0
0
0
0
0
0
0
0
0
0
0
0
0
0
0
0
0
0
0
0
0
0
0
0
0
0
0
0
0
0
0
0
0
0
0
0
0
0
0
0
0
0
0
0
0
0
0
0
0
0
0
0
0
0
0
0
0
0
0
0
0
0
0
0
0
0
0
0
0
0
0
0
0
0
0
0
0
0
0
0
0
0
0
0
0
0
0
0
0
0
0
0
0
0
0
0
0
0
0
0
0
0
0
0
0
0
0
0
0
0
0
0
0
0
0
0
0
0
0
0
0
0
0
0
0
0
0
0
0
0
0
0
0
0
0
0
0
0
0
0
0
0
0
0
0
0
0
0
0
0
0
0
0
0
0
0
0
0
0
0
0
0
0
0
0
0
0
0
0
0
0
0
0
0
0
0
0
0
0
0
0
0
0
0
0
0
0
0
0
0
0
0
0
0
0
0
0
0
0
0
0
0
0
0
0
0
0
0
0
0
0
0
0
0
0
0
0
0
0
0
0
0
0
0
0
0
0
0
0
0
0
0
0
0
0
0
0
0
0
0
0
0
0
0
0
0
0
0
0
0
0
0
0
0
0
0
0
0
0
0
0
0
0
0
0
0
1.757e-97
3.2781e-22
6.7641e-13
3.4287e-09
2.9338e-07
4.8574e-06
2.8284e-05
0.00010272
0.00028551
0.00061763
0.0012259
0.0020598
0.0034093
0.0056154
0.0071632
0.011341
0.015471
0.01828
0.021002
0.025636
0.025815
0.027027
0.030054
0.037601
0.042031
0.045433
0.052444
0.059981
0.065076
0.070211
0.070231
0.071388
0.081816
0.10326
0.072012
0.075848
0.07966
0.083442
0.11361
0.11294
0.18915
0.18451
0.18816
0.1979
0.25724
0.26539
0.26992
0.27774
0.28173
0.28542
0.26147
0.27987
0.21688
0.17958
0.17461
0.17368
0.16798
0.18039
0.30138
0.27312
0.27774
0.27238
0.25153
0.27582
0.26436
0.25764
0.26123
0.26475
0.32844
0.37696
0.31427
0.3294
0.41942
0.44741
0.51108
0.53437
0.53993
0.33331
0.34272
0.46341
0.59248
0.59789
0.58416
0.58923
0.42628
0.42329
0.39387
0.4499
0.30001
0.28882
0.21651
0.21806
0.199
0.20035
0.20169
0.21
0.19725
0.19848
0.20683
0.21523
0.267
0.27579
0.25544
0.27151
0.30247
0.30406
0.29817
0.60684
0.38397
0.37826
0.37245
0.5269
0.53166
0.52624
0.5285
0.42926
0.40752
0.40129
0.44238
0.49169
0.55725
0.3356
0.38495
0.39439
0.41193
0.24316
0.25212
0.23664
0.22923
0.21354
0.21422
0.19835
0.21553
0.49056
0.492
0.44324
0.46127
0.56347
0.55658
0.6088
0.61888
0.64598
0.6391
0.68341
0.68508
0.68673
0.52487
0.49159
0.7866
0.86633
0.86824
0.87011
0.87195
0.70775
0.70919
0.71062
0.71202
0.70459
0.6971
0.70724
0.70853
0.88726
0.88882
0.89036
0.89187
0.89335
0.89481
0.6453
0.38599
0.41356
0.41419
0.39735
0.39791
0.38941
0.51691
0.87176
0.79107
0.8012
0.81133
0.83059
0.83159
0.83258
0.91599
0.91703
0.91805
0.91905
0.92003
0.92099
0.92193
0.92285
0.92374
0.92462
0.92548
0.92631
0.92713
0.92793
0.9287
0.92946
0.9302
0.93092
0.93162
0.9323
0.93297
0.93361
0.93423
0.93484
0.93543
0.936
0.93655
0.93708
0.9376
0.93809
0.9198
0.41317
0.42276
0.41356
0.41374
0.28221
0.29173
0.29184
0.31078
0.29204
0.30156
0.32051
0.33946
0.37727
0.4151
0.50956
0.52855
0.52865
0.46272
0.34
0.34949
0.35897
0.34956
0.35903
0.35904
0.3685
0.35906
0.37795
0.38739
0.41572
0.3968
0.36843
0.30227
0.31168
0.38719
0.35881
0.38707
0.37756
0.36804
0.4057
0.52823
0.46208
0.49023
0.36756
0.37687
0.35791
0.39544
0.42353
0.59271
0.78056
0.77083
0.92082
0.92039
0.93872
0.93825
0.93776
0.93725
0.93672
0.67405
0.60815
0.54232
0.78492
0.84043
0.83986
0.83927
0.84798
0.84735
0.8374
0.90182
0.8918
0.90034
0.8903
0.88026
0.87021
0.84167
0.26797
0.27694
0.26718
0.27611
0.27582
0.27552
0.28439
0.28407
0.26543
0.24684
0.23741
0.3192
0.3188
0.2911
0.2998
0.2994
0.299
0.28954
0.29816
0.25262
0.24324
0.22488
0.21556
0.25109
0.25069
0.25923
0.28557
0.27618
0.26682
0.26635
0.22156
0.23001
0.20309
0.21153
0.22871
0.22827
0.22782
0.22736
0.21816
0.209
0.22593
0.21677
0.20764
0.22443
0.23253
0.27495
0.28286
0.28218
0.26442
0.26376
0.27157
0.27086
0.28703
0.31151
0.30226
0.30979
0.3423
0.36628
0.3652
0.38065
0.32999
0.32791
0.31868
0.33391
0.34091
0.33974
0.33855
0.32932
0.29611
0.29502
0.29391
0.22948
0.22858
0.22767
0.23456
0.24138
0.2171
0.2316
0.23827
0.2219
0.22089
0.18953
0.19618
0.19522
0.19426
0.17097
0.16269
0.15448
0.19023
0.17463
0.18089
0.17266
0.36475
0.36256
0.33208
0.20362
0.18836
0.18713
0.28226
0.54014
0.43452
0.4314
0.42154
0.41838
0.42175
0.27459
0.26589
0.28298
0.27421
0.23389
0.18169
0.17382
0.12914
0.12789
0.1206
0.13131
0.13585
0.32137
0.29471
0.26852
0.24547
0.23693
0.22847
0.12348
0.1324
0.12534
0.13898
0.14706
0.17977
0.15727
0.16437
0.16635
0.15878
0.20176
0.19799
0.15885
0.15566
0.14818
0.14497
0.16601
0.16213
0.17748
0.18803
0.17575
0.10683
0.10377
0.093947
0.097507
0.1006
0.057683
0.052681
0.042244
0.043272
0.041466
0.034687
0.035441
0.033705
0.031958
0.032217
0.032236
0.030239
0.028245
0.027801
0.025708
0.024947
0.020387
0.019573
0.017601
0.015681
0.013056
0.010033
0.0080425
0.0067967
0.0056364
0.0042449
0.003353
0.0029604
0.0023246
0.0017335
0.00070216
0.00038943
0.00018906
7.6356e-05
2.3671e-05
4.9193e-06
5.9826e-07
2.0609e-08
7.0707e-11
5.5618e-16
3.6845e-33
0
0
0
0
0
0
0
0
0
0
0
0
0
0
0
0
0
0
0
0
0
0
0
0
0
0
0
0
0
0
0
0
0
0
0
0
0
0
0
0
0
0
0
0
0
0
0
0
0
0
0
0
0
0
0
0
0
0
0
0
0
0
0
0
0
0
0
0
0
0
0
0
0
0
0
0
0
0
0
0
0
0
0
0
0
0
0
0
0
0
0
0
0
0
0
0
0
0
0
0
0
0
0
0
0
0
0
0
0
0
0
0
0
0
0
0
0
0
0
0
0
0
0
0
0
0
0
0
0
0
0
0
0
0
0
0
0
0
0
0
0
0
0
0
0
0
0
0
0
0
0
0
0
0
0
0
0
0
0
0
0
0
0
0
0
0
0
0
0
0
0
0
0
0
0
0
0
0
0
0
0
0
0
0
0
0
0
0
0
0
0
0
0
0
0
0
0
0
0
0
0
0
0
0
0
0
0
0
0
0
0
0
0
0
0
0
0
0
0
0
0
0
0
0
0
0
0
0
0
0
0
0
0
0
0
0
0
0
0
0
0
0
0
0
0
0
0
0
0
0
0
0
0
0
0
0
0
0
0
0
0
0
0
0
0
0
0
0
0
0
0
0
0
0
0
0
0
0
0
0
0
0
0
0
0
0
0
0
0
0
0
0
0
0
0
0
0
0
0
0
0
0
0
0
0
0
0
0
0
0
0
0
0
0
0
0
0
0
0
0
0
0
0
0
0
0
0
0
0
0
0
0
0
0
0
0
0
0
0
0
0
0
0
0
0
0
0
0
0
0
0
0
0
0
0
0
0
0
0
0
0
0
0
0
0
0
0
0
0
0
0
0
0
0
0
0
0
0
0
0
0
0
0
0
0
0
0
0
0
0
0
0
0
0
0
0
0
0
0
0
0
0
0
0
0
0
0
0
0
0
0
0
0
0
0
0
0
0
0
0
0
0
0
0
0
0
0
0
0
0
0
0
0
0
0
0
0
0
0
0
0
0
0
0
0
0
0
0
0
0
0
0
0
0
0
0
0
0
0
0
0
0
0
0
0
0
0
0
0
0
0
0
0
0
0
0
0
0
0
0
0
0
0
0
0
