0
0
0
0
0
0
0
0
0
0
0
0
0
0
0
0
0
0
0
0
0
0
0
0
0
0
0
0
0
0
0
0
0
0
0
0
0
0
0
0
0
0
0
0
0
0
0
0
0
0
0
0
0
0
0
0
0
0
0
0
0
0
0
0
0
0
0
0
0
0
0
0
0
0
0
0
0
0
0
0
0
0
0
0
0
0
0
0
0
0
0
0
0
0
0
0
0
0
0
0
0
0
0
0
0
0
0
0
0
0
0
0
0
0
0
0
0
0
0
0
0
0
0
0
0
0
0
0
0
0
0
0
0
0
0
0
0
0
0
0
0
0
0
0
0
0
0
0
0
0
0
0
0
0
0
0
0
0
0
0
0
0
0
0
0
0
0
0
0
0
0
0
0
0
0
0
0
0
0
0
0
0
0
0
0
0
0
0
0
0
0
0
0
0
0
0
0
0
0
0
0
0
0
0
0
0
0
0
0
0
0
0
0
0
0
0
0
0
0
0
0
0
0
0
0
0
0
0
0
0
0
0
0
0
0
0
0
0
0
0
0
0
0
0
0
0
0
0
0
0
0
0
0
0
0
0
0
0
0
0
0
0
0
0
0
0
0
0
0
0
0
0
0
0
0
0
0
0
0
0
0
0
0
0
0
0
0
0
0
0
0
0
0
0
0
0
0
0
0
0
0
0
0
0
0
0
0
0
0
0
0
0
0
0
0
0
0
0
0
0
0
0
0
0
0
0
0
0
0
0
0
0
0
0
0
0
0
0
0
0
0
0
0
0
0
0
0
0
0
0
0
0
0
0
0
0
0
0
0
0
0
0
0
0
0
0
0
0
0
0
0
0
0
0
0
0
0
0
0
0
0
0
0
0
0
0
0
0
0
0
0
0
0
0
0
0
0
0
0
0
0
0
0
0
0
0
0
0
0
0
0
0
0
0
0
0
0
0
0
0
0
0
0
0
0
0
0
0
0
0
0
0
0
0
0
0
0
0
0
0
0
0
0
0
0
0
0
0
0
0
0
0
0
0
0
0
0
0
0
0
0
0
0
0
0
0
0
0
0
0
0
0
0
0
0
0
0
0
1.2192e-97
2.2266e-22
5.1076e-13
2.1196e-09
1.8821e-07
3.688e-06
2.1063e-05
7.8833e-05
0.00038747
0.0014206
0.001794
0.0024203
0.0073868
0.0094387
0.012827
0.011341
0.013465
0.017204
0.027128
0.032961
0.039952
0.044096
0.053609
0.036684
0.043056
0.047705
0.052444
0.064071
0.087261
0.094146
0.1062
0.11898
0.13441
0.13838
0.10474
0.11952
0.13518
0.11126
0.12682
0.12396
0.17482
0.15773
0.16349
0.15641
0.1616
0.18373
0.17527
0.101
0.1038
0.10656
0.11317
0.11195
0.094119
0.098341
0.1004
0.097974
0.10442
0.11563
0.12715
0.14854
0.14618
0.099046
0.10564
0.10215
0.12959
0.15774
0.16527
0.15129
0.16422
0.16631
0.15152
0.12494
0.13215
0.12202
0.12924
0.12469
0.12598
0.1212
0.11628
0.12358
0.13097
0.13217
0.11429
0.11528
0.14209
0.14327
0.13786
0.13894
0.14667
0.14777
0.18268
0.18399
0.18527
0.20035
0.19473
0.196
0.2043
0.19848
0.18543
0.20806
0.20927
0.21047
0.31382
0.30086
0.30985
0.31889
0.31308
0.29967
0.27104
0.27235
0.28124
0.38945
0.32362
0.68102
0.68394
0.54633
0.54858
0.62161
0.61618
0.61857
0.4458
0.73512
0.7298
0.72438
0.72694
0.72136
0.81328
0.816
0.81867
0.82131
0.8239
0.82646
0.82898
0.83146
0.8339
0.8363
0.83867
0.841
0.58188
0.49043
0.61041
0.56099
0.57093
0.85426
0.6337
0.85841
0.7744
0.76757
0.76067
0.74505
0.74668
0.74829
0.74116
0.73396
0.73546
0.74571
0.74718
0.74862
0.74122
0.7426
0.71739
0.71868
0.71994
0.72119
0.85619
0.56281
0.53689
0.55568
0.76301
0.77318
0.77435
0.64117
0.80487
0.79694
0.57132
0.56301
0.86381
0.82851
0.4558
0.44724
0.45692
0.5581
0.56791
0.54105
0.56001
0.51467
0.50602
0.5526
0.5255
0.49834
0.47111
0.49005
0.53678
0.67621
0.68608
0.47324
0.5015
0.48332
0.30697
0.27928
0.21427
0.23308
0.23324
0.21473
0.19619
0.19632
0.18709
0.19656
0.19668
0.19679
0.18752
0.16886
0.15017
0.13146
0.12213
0.11279
0.12224
0.12229
0.12234
0.12239
0.12243
0.12247
0.10366
0.10369
0.10372
0.094318
0.084908
0.084927
0.084945
0.075521
0.05666
0.066112
0.075565
0.075573
0.07558
0.066136
0.06614
0.066142
0.066142
0.066142
0.06614
0.066138
0.066134
0.066128
0.075568
0.066114
0.066106
0.075538
0.084966
0.094389
0.09437
0.094349
0.084893
0.075441
0.084848
0.084823
0.094218
0.084768
0.075323
0.075295
0.075265
0.06583
0.065802
0.075169
0.065742
0.046936
0.056295
0.056265
0.056235
0.046836
0.046809
0.046781
0.056102
0.056066
0.056029
0.055991
0.055951
0.046592
0.037246
0.037218
0.037188
0.027869
0.037127
0.027822
0.027798
0.03703
0.046245
0.046202
0.055389
0.055279
0.055222
0.055163
0.064288
0.055043
0.054981
0.054918
0.063995
0.063918
0.08208
0.081977
0.081872
0.07268
0.072583
0.12685
0.14477
0.13553
0.13533
0.13513
0.12594
0.12574
0.12555
0.12535
0.13408
0.15171
0.16036
0.16009
0.16869
0.23043
0.22116
0.22075
0.22034
0.21992
0.23705
0.43811
0.46345
0.48868
0.41799
0.42579
0.45087
0.44123
0.34528
0.74926
0.74751
0.73716
0.65842
0.65679
0.43393
0.42433
0.67716
0.23638
0.23574
0.23509
0.23444
0.23377
0.23309
0.2241
0.21515
0.21449
0.21314
0.22062
0.24433
0.24351
0.25076
0.23376
0.21687
0.21608
0.21528
0.19859
0.20574
0.21282
0.19627
0.21111
0.21802
0.22485
0.24704
0.25365
0.25251
0.25135
0.25018
0.24899
0.30785
0.30633
0.35681
0.36237
0.41195
0.40973
0.45841
0.68014
0.66905
0.65082
0.61138
0.60057
0.58979
0.59997
0.46436
0.4819
0.44442
0.45488
0.35051
0.34794
0.33869
0.38221
0.36612
0.2594
0.28941
0.28696
0.42986
0.43229
0.44696
0.47966
0.51767
0.48843
0.3999
0.43117
0.47913
0.47963
0.47991
0.4742
0.46283
0.45695
0.45096
0.45017
0.26112
0.20075
0.19777
0.17977
0.49147
0.48344
0.47529
0.46699
0.45855
0.44997
0.44125
0.43238
0.42337
0.41421
0.4049
0.39544
0.38583
0.37607
0.36615
0.35609
0.34588
0.33553
0.32502
0.21692
0.20644
0.19902
0.1915
0.12441
0.10885
0.096629
0.09451
0.17077
0.16831
0.15505
0.14601
0.14052
0.1379
0.12819
0.11854
0.11292
0.11033
0.10113
0.089961
0.08102
0.075262
0.064879
0.056297
0.048548
0.04026
0.027102
0.021666
0.016775
0.012495
0.0094835
0.0037999
0.0019471
0.00094528
0.00043119
0.00012671
2.6622e-05
3.0543e-06
9.8704e-08
3.1111e-10
1.3784e-15
8.2533e-33
0
0
0
0
0
0
0
0
0
0
0
0
0
0
0
0
0
0
0
0
0
0
0
0
0
0
0
0
0
0
0
0
0
0
0
0
0
0
0
0
0
0
0
0
0
0
0
0
0
0
0
0
0
0
0
0
0
0
0
0
0
0
0
0
0
0
0
0
0
0
0
0
0
0
0
0
0
0
0
0
0
0
0
0
0
0
0
0
0
0
0
0
0
0
0
0
0
0
0
0
0
0
0
0
0
0
0
0
0
0
0
0
0
0
0
0
0
0
0
0
0
0
0
0
0
0
0
0
0
0
0
0
0
0
0
0
0
0
0
0
0
0
0
0
0
0
0
0
0
0
0
0
0
0
0
0
0
0
0
0
0
0
0
0
0
0
0
0
0
0
0
0
0
0
0
0
0
0
0
0
0
0
0
0
0
0
0
0
0
0
0
0
0
0
0
0
0
0
0
0
0
0
0
0
0
0
0
0
0
0
0
0
0
0
0
0
0
0
0
0
0
0
0
0
0
0
0
0
0
0
0
0
0
0
0
0
0
0
0
0
0
0
0
0
0
0
0
0
0
0
0
0
0
0
0
0
0
0
0
0
0
0
0
0
0
0
0
0
0
0
0
0
0
0
0
0
0
0
0
0
0
0
0
0
0
0
0
0
0
0
0
0
0
0
0
0
0
0
0
0
0
0
0
0
0
0
0
0
0
0
0
0
0
0
0
0
0
0
0
0
0
0
0
0
0
0
0
0
0
0
0
0
0
0
0
0
0
0
0
0
0
0
0
0
0
0
0
0
0
0
0
0
0
0
0
0
0
0
0
0
0
0
0
0
0
0
0
0
0
0
0
0
0
0
0
0
0
0
0
0
0
0
0
0
0
0
0
0
0
0
0
0
0
0
0
0
0
0
0
0
0
0
0
0
0
0
0
0
0
0
0
0
0
0
0
0
0
0
0
0
0
0
0
0
0
0
0
0
0
0
0
0
0
0
0
0
0
0
0
0
0
0
0
0
0
0
0
0
0
0
0
0
0
0
0
0
0
0
0
0
0
0
0
0
0
0
0
0
0
0
0
0
0
0
0
0
0
0
0
0
0
0
0
0
0
