0
0
0
0
0
0
0
0
0
0
0
0
0
0
0
0
0
0
0
0
0
0
0
0
0
0
0
0
0
0
0
0
0
0
0
0
0
0
0
0
0
0
0
0
0
0
0
0
0
0
0
0
0
0
0
0
0
0
0
0
0
0
0
0
0
0
0
0
0
0
0
0
0
0
0
0
0
0
0
0
0
0
0
0
0
0
0
0
0
0
0
0
0
0
0
0
0
0
0
0
0
0
0
0
0
0
0
0
0
0
0
0
0
0
0
0
0
0
0
0
0
0
0
0
0
0
0
0
0
0
0
0
0
0
0
0
0
0
0
0
0
0
0
0
0
0
0
0
0
0
0
0
0
0
0
0
0
0
0
0
0
0
0
0
0
0
0
0
0
0
0
0
0
0
0
0
0
0
0
0
0
0
0
0
0
0
0
0
0
0
0
0
0
0
0
0
0
0
0
0
0
0
0
0
0
0
0
0
0
0
0
0
0
0
0
0
0
0
0
0
0
0
0
0
0
0
0
0
0
0
0
0
0
0
0
0
0
0
0
0
0
0
0
0
0
0
0
0
0
0
0
0
0
0
0
0
0
0
0
0
0
0
0
0
0
0
0
0
0
0
0
0
0
0
0
0
0
0
0
0
0
0
0
0
0
0
0
0
0
0
0
0
0
0
0
0
0
0
0
0
0
0
0
0
0
0
0
0
0
0
0
0
0
0
0
0
0
0
0
0
0
0
0
0
0
0
0
0
0
0
0
0
0
0
0
0
0
0
0
0
0
0
0
0
0
0
0
0
0
0
0
0
0
0
0
0
0
0
0
0
0
0
0
0
0
0
0
0
0
0
0
0
0
0
0
0
0
0
0
0
0
0
0
0
0
0
0
0
0
0
0
0
0
0
0
0
0
0
0
0
0
0
0
0
0
0
0
0
0
0
0
0
0
0
0
0
0
0
0
0
0
0
0
0
0
0
0
0
0
0
0
0
0
0
0
0
0
0
0
0
0
0
0
0
0
0
0
0
0
0
0
0
0
0
0
0
0
0
0
0
0
0
0
0
0
0
0
0
0
0
0
0
0
0
0
0
0
0
3.2272e-97
5.381e-22
1.2286e-12
5.6107e-09
3.5427e-07
5.3072e-06
3.9116e-05
0.00016006
0.00043506
0.0010345
0.0020631
0.0036562
0.0049516
0.0074076
0.0081627
0.012675
0.017763
0.021864
0.019252
0.02302
0.029503
0.032717
0.041425
0.044938
0.093288
0.072693
0.081164
0.088608
0.1479
0.15957
0.1713
0.18305
0.1948
0.18381
0.16803
0.19537
0.20518
0.21493
0.10304
0.12671
0.1347
0.13689
0.13573
0.13726
0.12202
0.11908
0.1262
0.12985
0.13345
0.12178
0.12879
0.11994
0.13913
0.11117
0.10913
0.11133
0.10896
0.11101
0.098891
0.095831
0.092579
0.084189
0.090552
0.10215
0.10367
0.10516
0.11195
0.10266
0.11495
0.12196
0.13469
0.1363
0.13215
0.13364
0.13511
0.13062
0.13198
0.12726
0.13464
0.13593
0.12473
0.12587
0.12699
0.12809
0.12272
0.13024
0.13129
0.12571
0.17334
0.18135
0.18268
0.17717
0.17841
0.18654
0.18778
0.182
0.17612
0.17722
0.1783
0.18654
0.18762
0.21773
0.21894
0.22014
0.22132
0.20765
0.23854
0.25472
0.24845
0.25721
0.25843
0.25963
0.26198
0.27086
0.25648
0.28097
0.27429
0.299
0.27649
0.6265
0.62889
0.63125
0.62554
0.53121
0.49271
0.49442
0.43917
0.44064
0.36022
0.3778
0.38723
0.34711
0.39791
0.83146
0.8339
0.8363
0.83867
0.841
0.8433
0.84556
0.84779
0.84998
0.85214
0.85426
0.85635
0.85841
0.86044
0.86244
0.85576
0.82302
0.82482
0.85271
0.85451
0.85629
0.79675
0.75448
0.75597
0.80147
0.86476
0.87521
0.8591
0.88726
0.88882
0.89036
0.89187
0.89335
0.89481
0.89625
0.89766
0.89905
0.90041
0.90306
0.79583
0.806
0.8071
0.80819
0.80016
0.79209
0.79309
0.8032
0.79504
0.79599
0.80607
0.81616
0.76198
0.71686
0.71763
0.26709
0.25814
0.26763
0.28636
0.47156
0.42572
0.40758
0.40794
0.82586
0.76154
0.75286
0.75346
0.75405
0.75461
0.58735
0.63442
0.60685
0.60725
0.63569
0.86059
0.86112
0.86162
0.48728
0.48755
0.70357
0.81656
0.68549
0.73279
0.73312
0.70523
0.70552
0.41407
0.4613
0.39554
0.40509
0.53716
0.65987
0.89579
0.67909
0.60379
0.57562
0.58518
0.68913
0.78379
0.77445
0.77455
0.71795
0.70856
0.7086
0.70864
0.70866
0.61418
0.68032
0.6803
0.61413
0.56686
0.72741
0.72734
0.81226
0.81216
0.80259
0.47203
0.50026
0.42466
0.39626
0.4056
0.37721
0.35825
0.35814
0.3015
0.3014
0.30129
0.25412
0.19757
0.2163
0.20681
0.22551
0.2254
0.22529
0.23456
0.22506
0.23431
0.27165
0.21532
0.20583
0.20571
0.15885
0.15875
0.13064
0.13988
0.13978
0.13036
0.13026
0.14875
0.13005
0.12995
0.12984
0.14825
0.20367
0.21273
0.22177
0.22156
0.22111
0.18407
0.18388
0.16531
0.13761
0.13745
0.12814
0.13713
0.1461
0.14592
0.13663
0.15465
0.15444
0.15424
0.15403
0.14477
0.14456
0.14435
0.15315
0.17091
0.17065
0.17935
0.17907
0.16984
0.16956
0.16036
0.16898
0.16869
0.18611
0.18578
0.1766
0.22034
0.21992
0.21071
0.21029
0.21861
0.38396
0.38316
0.35627
0.3555
0.36336
0.35391
0.3531
0.7561
0.77145
0.35914
0.7165
0.7147
0.66196
0.6687
0.65848
0.63987
0.68849
0.67819
0.65956
0.42455
0.4233
0.38893
0.54448
0.54105
0.53113
0.52937
0.51136
0.50152
0.48365
0.48193
0.68026
0.67775
0.6752
0.67261
0.66998
0.67516
0.67242
0.66963
0.67456
0.67165
0.67639
0.64275
0.62458
0.62925
0.6338
0.60069
0.59024
0.59469
0.60641
0.60321
0.59265
0.59667
0.60055
0.62588
0.58645
0.58294
0.57231
0.57575
0.57206
0.56139
0.55763
0.55381
0.54993
0.54599
0.55537
0.55119
0.54695
0.5361
0.53178
0.53381
0.52928
0.52468
0.52626
0.50903
0.48581
0.49331
0.48843
0.36409
0.25398
0.23957
0.23115
0.27423
0.26778
0.28101
0.29919
0.38117
0.44487
0.46479
0.29855
0.29413
0.26965
0.27522
0.32391
0.41825
0.41095
0.37143
0.33298
0.32653
0.31996
0.24979
0.24852
0.23889
0.23726
0.25079
0.24444
0.19772
0.20297
0.18332
0.23822
0.30227
0.31438
0.30359
0.29267
0.28162
0.27045
0.25916
0.24777
0.23628
0.2247
0.20666
0.19532
0.18394
0.17788
0.15618
0.14673
0.098548
0.090599
0.082749
0.079378
0.071382
0.067081
0.059135
0.048158
0.03734
0.044664
0.038247
0.031347
0.025534
0.019736
0.014529
0.010197
0.0041303
0.0022908
0.0011121
0.00044915
0.00013924
2.8937e-05
3.1488e-06
1.0847e-07
3.5354e-10
2.4182e-15
1.4738e-32
0
0
0
0
0
0
0
0
0
0
0
0
0
0
0
0
0
0
0
0
0
0
0
0
0
0
0
0
0
0
0
0
0
0
0
0
0
0
0
0
0
0
0
0
0
0
0
0
0
0
0
0
0
0
0
0
0
0
0
0
0
0
0
0
0
0
0
0
0
0
0
0
0
0
0
0
0
0
0
0
0
0
0
0
0
0
0
0
0
0
0
0
0
0
0
0
0
0
0
0
0
0
0
0
0
0
0
0
0
0
0
0
0
0
0
0
0
0
0
0
0
0
0
0
0
0
0
0
0
0
0
0
0
0
0
0
0
0
0
0
0
0
0
0
0
0
0
0
0
0
0
0
0
0
0
0
0
0
0
0
0
0
0
0
0
0
0
0
0
0
0
0
0
0
0
0
0
0
0
0
0
0
0
0
0
0
0
0
0
0
0
0
0
0
0
0
0
0
0
0
0
0
0
0
0
0
0
0
0
0
0
0
0
0
0
0
0
0
0
0
0
0
0
0
0
0
0
0
0
0
0
0
0
0
0
0
0
0
0
0
0
0
0
0
0
0
0
0
0
0
0
0
0
0
0
0
0
0
0
0
0
0
0
0
0
0
0
0
0
0
0
0
0
0
0
0
0
0
0
0
0
0
0
0
0
0
0
0
0
0
0
0
0
0
0
0
0
0
0
0
0
0
0
0
0
0
0
0
0
0
0
0
0
0
0
0
0
0
0
0
0
0
0
0
0
0
0
0
0
0
0
0
0
0
0
0
0
0
0
0
0
0
0
0
0
0
0
0
0
0
0
0
0
0
0
0
0
0
0
0
0
0
0
0
0
0
0
0
0
0
0
0
0
0
0
0
0
0
0
0
0
0
0
0
0
0
0
0
0
0
0
0
0
0
0
0
0
0
0
0
0
0
0
0
0
0
0
0
0
0
0
0
0
0
0
0
0
0
0
0
0
0
0
0
0
0
0
0
0
0
0
0
0
0
0
0
0
0
0
0
0
0
0
0
0
0
0
0
0
0
0
0
0
0
0
0
0
0
0
0
0
0
0
0
0
0
0
0
0
0
0
0
0
0
0
0
0
0
0
0
0
0
0
0
0
