0
0
0
0
0
0
0
0
0
0
0
0
0
0
0
0
0
0
0
0
0
0
0
0
0
0
0
0
0
0
0
0
0
0
0
0
0
0
0
0
0
0
0
0
0
0
0
0
0
0
0
0
0
0
0
0
0
0
0
0
0
0
0
0
0
0
0
0
0
0
0
0
0
0
0
0
0
0
0
0
0
0
0
0
0
0
0
0
0
0
0
0
0
0
0
0
0
0
0
0
0
0
0
0
0
0
0
0
0
0
0
0
0
0
0
0
0
0
0
0
0
0
0
0
0
0
0
0
0
0
0
0
0
0
0
0
0
0
0
0
0
0
0
0
0
0
0
0
0
0
0
0
0
0
0
0
0
0
0
0
0
0
0
0
0
0
0
0
0
0
0
0
0
0
0
0
0
0
0
0
0
0
0
0
0
0
0
0
0
0
0
0
0
0
0
0
0
0
0
0
0
0
0
0
0
0
0
0
0
0
0
0
0
0
0
0
0
0
0
0
0
0
0
0
0
0
0
0
0
0
0
0
0
0
0
0
0
0
0
0
0
0
0
0
0
0
0
0
0
0
0
0
0
0
0
0
0
0
0
0
0
0
0
0
0
0
0
0
0
0
0
0
0
0
0
0
0
0
0
0
0
0
0
0
0
0
0
0
0
0
0
0
0
0
0
0
0
0
0
0
0
0
0
0
0
0
0
0
0
0
0
0
0
0
0
0
0
0
0
0
0
0
0
0
0
0
0
0
0
0
0
0
0
0
0
0
0
0
0
0
0
0
0
0
0
0
0
0
0
0
0
0
0
0
0
0
0
0
0
0
0
0
0
0
0
0
0
0
0
0
0
0
0
0
0
0
0
0
0
0
0
0
0
0
0
0
0
0
0
0
0
0
0
0
0
0
0
0
0
0
0
0
0
0
0
0
0
0
0
0
0
0
0
0
0
0
0
0
0
0
0
0
0
0
0
0
0
0
0
0
0
0
0
0
0
0
0
0
0
0
0
0
0
0
0
0
0
0
0
0
0
0
0
0
0
0
0
0
0
0
0
0
0
0
0
0
0
0
0
0
0
0
0
0
0
0
0
0
1.506e-97
5.4429e-22
1.2286e-12
5.5483e-09
4.9266e-07
8.0057e-06
5.3559e-05
0.00021022
0.00056421
0.0012661
0.0024517
0.0042226
0.0068186
0.0099166
0.013993
0.020459
0.025784
0.032617
0.043755
0.052319
0.061465
0.071123
0.081226
0.09171
0.093288
0.10336
0.11238
0.12405
0.13311
0.13244
0.14389
0.15925
0.16753
0.17142
0.17894
0.19307
0.17139
0.18711
0.16117
0.15701
0.12323
0.13094
0.14189
0.12768
0.14181
0.15311
0.15774
0.15871
0.16311
0.15983
0.17952
0.16792
0.2578
0.1753
0.16152
0.16032
0.1589
0.16188
0.16482
0.1677
0.17054
0.16343
0.17607
0.17877
0.1866
0.21032
0.21325
0.19451
0.19706
0.17739
0.16836
0.28964
0.32174
0.3312
0.3231
0.31468
0.33596
0.35149
0.44063
0.43869
0.44904
0.45943
0.39367
0.5572
0.56192
0.54051
0.55799
0.55576
0.55335
0.54406
0.54804
0.55196
0.55581
0.56651
0.49379
0.56001
0.56358
0.61671
0.63474
0.62418
0.65669
0.5298
0.52547
0.45496
0.4574
0.31889
0.32799
0.32964
0.29362
0.29504
0.36485
0.30545
0.30821
0.33277
0.31088
0.34341
0.31347
0.32261
0.34759
0.22205
0.21494
0.20775
0.18446
0.17707
0.1777
0.17831
0.17079
0.17136
0.17192
0.16426
0.16478
0.17356
0.1658
0.15798
0.16678
0.16726
0.15096
0.1682
0.21083
0.21139
0.21195
0.21249
0.21303
0.23065
0.21409
0.22319
0.20651
0.16386
0.15559
0.21658
0.22574
0.21753
0.20927
0.2097
0.2364
0.24565
0.25492
0.27303
0.26472
0.23869
0.24799
0.27505
0.31997
0.32053
0.32999
0.34841
0.36687
0.36746
0.37702
0.29669
0.30614
0.27092
0.26226
0.25357
0.28113
0.2815
0.29097
0.29134
0.29171
0.29207
0.28329
0.28363
0.2748
0.27511
0.26624
0.25734
0.24841
0.25788
0.25814
0.1938
0.21246
0.20342
0.2036
0.20379
0.1947
0.19486
0.2136
0.20448
0.20464
0.22342
0.22359
0.22375
0.18659
0.20539
0.19619
0.18697
0.18709
0.1872
0.16858
0.16867
0.15939
0.16886
0.17833
0.17842
0.1785
0.17858
0.17866
0.1317
0.13175
0.14121
0.15068
0.15073
0.16021
0.16968
0.16973
0.16034
0.16982
0.16985
0.16989
0.19824
0.20775
0.20778
0.36838
0.39676
0.38734
0.37792
0.38739
0.39685
0.4063
0.4063
0.40629
0.39683
0.51017
0.51958
0.52898
0.52892
0.56662
0.70817
0.69861
0.77399
0.77383
0.72649
0.8961
0.89586
0.90504
0.8388
0.80085
0.82884
0.82855
0.69648
0.88437
0.8746
0.43241
0.44162
0.4602
0.45059
0.45974
0.4595
0.44988
0.5995
0.58043
0.58008
0.62647
0.60738
0.63499
0.60656
0.73669
0.82002
0.78217
0.78157
0.78095
0.78961
0.59404
0.61208
0.60228
0.86095
0.86016
0.82239
0.80314
0.79233
0.78231
0.78148
0.78982
0.82564
0.80639
0.778
0.77708
0.78528
0.78432
0.78333
0.78233
0.78131
0.77119
0.77921
0.64241
0.65957
0.83004
0.63062
0.62068
0.54788
0.54702
0.55511
0.62572
0.61576
0.51673
0.53363
0.59485
0.64697
0.57502
0.57396
0.64339
0.64216
0.56189
0.55201
0.55964
0.7592
0.7489
0.77337
0.77169
0.33741
0.31075
0.31004
0.37805
0.5743
0.55581
0.47767
0.46796
0.43282
0.48248
0.29547
0.29468
0.30226
0.30142
0.27551
0.26639
0.3735
0.331
0.32174
0.32791
0.32685
0.30134
0.30844
0.38827
0.37886
0.36145
0.36014
0.38273
0.43689
0.49852
0.46504
0.48674
0.2502
0.26474
0.27137
0.23932
0.23827
0.22955
0.22089
0.23502
0.24899
0.25529
0.24656
0.28248
0.28841
0.30161
0.3073
0.35654
0.33284
0.31654
0.32183
0.31991
0.33208
0.32298
0.31394
0.31881
0.33045
0.48544
0.52278
0.59992
0.5286
0.52463
0.56013
0.4315
0.44098
0.45663
0.40174
0.39193
0.38843
0.4035
0.42431
0.39586
0.38592
0.43572
0.36029
0.22788
0.23115
0.22281
0.24547
0.25346
0.46783
0.46707
0.47135
0.47001
0.46327
0.4564
0.44443
0.45215
0.44477
0.43726
0.4343
0.42645
0.36448
0.35741
0.35023
0.34293
0.34379
0.33202
0.3203
0.31252
0.30461
0.29658
0.28487
0.28362
0.29526
0.28602
0.27665
0.26716
0.24877
0.2422
0.23259
0.22547
0.21308
0.16776
0.14156
0.095875
0.090611
0.087228
0.074709
0.074765
0.072591
0.065699
0.060399
0.053967
0.046757
0.041069
0.067081
0.059135
0.051502
0.044234
0.040294
0.036234
0.030694
0.024245
0.018552
0.013657
0.0093815
0.0041303
0.0022908
0.0011121
0.00044915
0.00011836
1.389e-05
1.4169e-06
4.1217e-08
1.3434e-10
9.6726e-16
8.8428e-33
0
0
0
0
0
0
0
0
0
0
0
0
0
0
0
0
0
0
0
0
0
0
0
0
0
0
0
0
0
0
0
0
0
0
0
0
0
0
0
0
0
0
0
0
0
0
0
0
0
0
0
0
0
0
0
0
0
0
0
0
0
0
0
0
0
0
0
0
0
0
0
0
0
0
0
0
0
0
0
0
0
0
0
0
0
0
0
0
0
0
0
0
0
0
0
0
0
0
0
0
0
0
0
0
0
0
0
0
0
0
0
0
0
0
0
0
0
0
0
0
0
0
0
0
0
0
0
0
0
0
0
0
0
0
0
0
0
0
0
0
0
0
0
0
0
0
0
0
0
0
0
0
0
0
0
0
0
0
0
0
0
0
0
0
0
0
0
0
0
0
0
0
0
0
0
0
0
0
0
0
0
0
0
0
0
0
0
0
0
0
0
0
0
0
0
0
0
0
0
0
0
0
0
0
0
0
0
0
0
0
0
0
0
0
0
0
0
0
0
0
0
0
0
0
0
0
0
0
0
0
0
0
0
0
0
0
0
0
0
0
0
0
0
0
0
0
0
0
0
0
0
0
0
0
0
0
0
0
0
0
0
0
0
0
0
0
0
0
0
0
0
0
0
0
0
0
0
0
0
0
0
0
0
0
0
0
0
0
0
0
0
0
0
0
0
0
0
0
0
0
0
0
0
0
0
0
0
0
0
0
0
0
0
0
0
0
0
0
0
0
0
0
0
0
0
0
0
0
0
0
0
0
0
0
0
0
0
0
0
0
0
0
0
0
0
0
0
0
0
0
0
0
0
0
0
0
0
0
0
0
0
0
0
0
0
0
0
0
0
0
0
0
0
0
0
0
0
0
0
0
0
0
0
0
0
0
0
0
0
0
0
0
0
0
0
0
0
0
0
0
0
0
0
0
0
0
0
0
0
0
0
0
0
0
0
0
0
0
0
0
0
0
0
0
0
0
0
0
0
0
0
0
0
0
0
0
0
0
0
0
0
0
0
0
0
0
0
0
0
0
0
0
0
0
0
0
0
0
0
0
0
0
0
0
0
0
0
0
0
0
0
0
0
0
0
0
0
0
0
0
0
0
0
0
0
