0
0
0
0
0
0
0
0
0
0
0
0
0
0
0
0
0
0
0
0
0
0
0
0
0
0
0
0
0
0
0
0
0
0
0
0
0
0
0
0
0
0
0
0
0
0
0
0
0
0
0
0
0
0
0
0
0
0
0
0
0
0
0
0
0
0
0
0
0
0
0
0
0
0
0
0
0
0
0
0
0
0
0
0
0
0
0
0
0
0
0
0
0
0
0
0
0
0
0
0
0
0
0
0
0
0
0
0
0
0
0
0
0
0
0
0
0
0
0
0
0
0
0
0
0
0
0
0
0
0
0
0
0
0
0
0
0
0
0
0
0
0
0
0
0
0
0
0
0
0
0
0
0
0
0
0
0
0
0
0
0
0
0
0
0
0
0
0
0
0
0
0
0
0
0
0
0
0
0
0
0
0
0
0
0
0
0
0
0
0
0
0
0
0
0
0
0
0
0
0
0
0
0
0
0
0
0
0
0
0
0
0
0
0
0
0
0
0
0
0
0
0
0
0
0
0
0
0
0
0
0
0
0
0
0
0
0
0
0
0
0
0
0
0
0
0
0
0
0
0
0
0
0
0
0
0
0
0
0
0
0
0
0
0
0
0
0
0
0
0
0
0
0
0
0
0
0
0
0
0
0
0
0
0
0
0
0
0
0
0
0
0
0
0
0
0
0
0
0
0
0
0
0
0
0
0
0
0
0
0
0
0
0
0
0
0
0
0
0
0
0
0
0
0
0
0
0
0
0
0
0
0
0
0
0
0
0
0
0
0
0
0
0
0
0
0
0
0
0
0
0
0
0
0
0
0
0
0
0
0
0
0
0
0
0
0
0
0
0
0
0
0
0
0
0
0
0
0
0
0
0
0
0
0
0
0
0
0
0
0
0
0
0
0
0
0
0
0
0
0
0
0
0
0
0
0
0
0
0
0
0
0
0
0
0
0
0
0
0
0
0
0
0
0
0
0
0
0
0
0
0
0
0
0
0
0
0
0
0
0
0
0
0
0
0
0
0
0
0
0
0
0
0
0
0
0
0
0
0
0
0
0
0
0
0
0
0
0
0
0
0
0
0
0
0
0
0
0
1.3267e-97
2.474e-22
5.6598e-13
2.556e-09
2.3249e-07
3.9579e-06
2.708e-05
0.00011944
0.00032629
0.00078748
0.0014651
0.0025233
0.004221
0.0060933
0.0083293
0.011341
0.014898
0.017204
0.033254
0.039239
0.058392
0.058321
0.066605
0.075202
0.083036
0.092003
0.10239
0.1036
0.11093
0.11808
0.12847
0.13546
0.14026
0.18588
0.1964
0.21835
0.19794
0.20734
0.22458
0.22863
0.23501
0.18451
0.18199
0.17556
0.18139
0.17012
0.21033
0.21642
0.18164
0.15222
0.16001
0.15992
0.11458
0.12827
0.13969
0.12915
0.19522
0.19889
0.2072
0.31624
0.37032
0.37637
0.38233
0.36775
0.36284
0.37857
0.4105
0.42685
0.43792
0.44348
0.44896
0.45434
0.44814
0.40674
0.23498
0.24937
0.21597
0.24846
0.25704
0.29658
0.29936
0.28321
0.32383
0.37147
0.38107
0.34514
0.35449
0.42343
0.33335
0.33584
0.6157
0.61329
0.44602
0.4767
0.47988
0.46901
0.472
0.43241
0.52776
0.52374
0.51236
0.50803
0.67873
0.67511
0.61233
0.59329
0.57398
0.57687
0.51196
0.49173
0.56247
0.56508
0.54707
0.56494
0.51295
0.5073
0.51723
0.52719
0.37919
0.43617
0.64481
0.64723
0.6496
0.65194
0.65425
0.58357
0.74008
0.75072
0.68768
0.69811
0.69208
0.66117
0.66318
0.66517
0.67546
0.69413
0.6961
0.69803
0.66621
0.44815
0.44933
0.79898
0.79249
0.79446
0.79641
0.80691
0.73137
0.72445
0.7261
0.77104
0.75536
0.8092
0.81963
0.82134
0.82302
0.81589
0.8175
0.5989
0.62651
0.61883
0.61997
0.60333
0.62217
0.62325
0.62431
0.57175
0.65321
0.79766
0.79892
0.80914
0.81037
0.81275
0.89531
0.89656
0.84338
0.84451
0.85472
0.85582
0.83867
0.91273
0.91384
0.91493
0.91599
0.91703
0.91805
0.91905
0.92003
0.92099
0.92193
0.92285
0.92374
0.87839
0.88846
0.84295
0.83442
0.86297
0.8637
0.84581
0.78137
0.78197
0.77325
0.78313
0.80235
0.8029
0.7941
0.83201
0.82318
0.82368
0.56193
0.43106
0.30003
0.31895
0.31911
0.32866
0.38518
0.49815
0.52657
0.47035
0.55523
0.54603
0.67807
0.6783
0.67852
0.71643
0.7072
0.70739
0.59435
0.60393
0.689
0.66081
0.73657
0.72723
0.72732
0.7085
0.71801
0.7086
0.68974
0.68976
0.56693
0.57638
0.61416
0.63303
0.37791
0.36843
0.37784
0.3778
0.37775
0.38713
0.37763
0.43419
0.38692
0.38683
0.31128
0.30176
0.30168
0.29217
0.29207
0.29198
0.28246
0.26353
0.31988
0.45141
0.47942
0.4792
0.43202
0.43181
0.43159
0.43137
0.45925
0.59013
0.56171
0.56137
0.49557
0.49525
0.54161
0.55991
0.45693
0.47524
0.55869
0.46522
0.39977
0.39945
0.35271
0.36168
0.36137
0.35179
0.31447
0.32341
0.3231
0.30403
0.30372
0.32179
0.33062
0.39447
0.36654
0.37527
0.37483
0.38351
0.40128
0.38256
0.38207
0.61778
0.76212
0.6433
0.64241
0.6415
0.71275
0.7117
0.71063
0.60177
0.52909
0.48348
0.45588
0.82994
0.81964
0.76487
0.58597
0.5672
0.43348
0.47683
0.48475
0.51021
0.49166
0.43811
0.55964
0.63703
0.70536
0.86896
0.70232
0.71807
0.6215
0.36171
0.3265
0.31715
0.29073
0.29001
0.27227
0.2546
0.2624
0.25326
0.29468
0.28547
0.28467
0.29221
0.26639
0.2739
0.27308
0.27224
0.27053
0.29416
0.30134
0.30032
0.26694
0.26601
0.249
0.24809
0.23921
0.23831
0.19783
0.18917
0.20412
0.19547
0.16351
0.16282
0.16212
0.16141
0.17599
0.16757
0.15921
0.15845
0.1727
0.1569
0.17097
0.17749
0.17655
0.18292
0.21102
0.21707
0.23021
0.28607
0.29147
0.29675
0.32298
0.34184
0.32574
0.30291
0.30767
0.29194
0.30333
0.28103
0.28556
0.28336
0.27459
0.24643
0.2251
0.22319
0.22125
0.20675
0.19244
0.19063
0.18271
0.17487
0.37006
0.37211
0.33306
0.32939
0.33136
0.23989
0.20387
0.18496
0.17179
0.14299
0.13578
0.12868
0.12678
0.12484
0.12287
0.12086
0.11407
0.12142
0.13298
0.14399
0.14561
0.14269
0.14395
0.14083
0.14576
0.13445
0.1852
0.16547
0.14646
0.13888
0.13489
0.1275
0.12351
0.10689
0.10626
0.11122
0.10983
0.10818
0.10885
0.099107
0.11105
0.094374
0.083092
0.07853
0.14601
0.13697
0.12959
0.1112
0.10283
0.095851
0.088745
0.071766
0.063559
0.034847
0.029183
0.025417
0.022404
0.018448
0.015299
0.018286
0.015217
0.011249
0.010025
0.0068322
0.0034695
0.0012599
0.00053381
0.00022458
8.0761e-05
1.6205e-05
1.6374e-06
9.4366e-08
3.0758e-10
2.1038e-15
1.4443e-32
0
0
0
0
0
0
0
0
0
0
0
0
0
0
0
0
0
0
0
0
0
0
0
0
0
0
0
0
0
0
0
0
0
0
0
0
0
0
0
0
0
0
0
0
0
0
0
0
0
0
0
0
0
0
0
0
0
0
0
0
0
0
0
0
0
0
0
0
0
0
0
0
0
0
0
0
0
0
0
0
0
0
0
0
0
0
0
0
0
0
0
0
0
0
0
0
0
0
0
0
0
0
0
0
0
0
0
0
0
0
0
0
0
0
0
0
0
0
0
0
0
0
0
0
0
0
0
0
0
0
0
0
0
0
0
0
0
0
0
0
0
0
0
0
0
0
0
0
0
0
0
0
0
0
0
0
0
0
0
0
0
0
0
0
0
0
0
0
0
0
0
0
0
0
0
0
0
0
0
0
0
0
0
0
0
0
0
0
0
0
0
0
0
0
0
0
0
0
0
0
0
0
0
0
0
0
0
0
0
0
0
0
0
0
0
0
0
0
0
0
0
0
0
0
0
0
0
0
0
0
0
0
0
0
0
0
0
0
0
0
0
0
0
0
0
0
0
0
0
0
0
0
0
0
0
0
0
0
0
0
0
0
0
0
0
0
0
0
0
0
0
0
0
0
0
0
0
0
0
0
0
0
0
0
0
0
0
0
0
0
0
0
0
0
0
0
0
0
0
0
0
0
0
0
0
0
0
0
0
0
0
0
0
0
0
0
0
0
0
0
0
0
0
0
0
0
0
0
0
0
0
0
0
0
0
0
0
0
0
0
0
0
0
0
0
0
0
0
0
0
0
0
0
0
0
0
0
0
0
0
0
0
0
0
0
0
0
0
0
0
0
0
0
0
0
0
0
0
0
0
0
0
0
0
0
0
0
0
0
0
0
0
0
0
0
0
0
0
0
0
0
0
0
0
0
0
0
0
0
0
0
0
0
0
0
0
0
0
0
0
0
0
0
0
0
0
0
0
0
0
0
0
0
0
0
0
0
0
0
0
0
0
0
0
0
0
0
0
0
0
0
0
0
0
0
0
0
0
0
0
0
0
0
0
0
0
0
0
0
0
0
0
0
0
0
0
0
0
0
0
0
0
0
0
0
