3.293
3.293
3.293
3.293
3.293
3.293
3.342
3.342
3.342
3.342
3.342
3.342
3.592
3.592
3.592
3.592
3.592
3.592
3.731
3.731
3.731
3.731
3.731
3.731
3.744
3.744
3.744
3.744
3.744
3.744
3.753
3.753
3.753
3.753
3.753
3.753
3.766
3.766
3.766
3.766
3.766
3.766
3.499
3.499
3.499
3.499
3.499
3.499
3.396
3.396
3.396
3.396
3.396
3.396
3.789
3.789
3.789
3.789
3.789
3.789
3.617
3.617
3.617
3.617
3.617
3.617
3.917
3.917
3.917
3.917
3.917
3.917
4.325
4.325
4.325
4.325
4.325
4.325
4.802
4.802
4.802
4.802
4.802
4.802
4.547
4.547
4.547
4.547
4.547
4.547
5.197
5.197
5.197
5.197
5.197
5.197
5.706
5.706
5.706
5.706
5.706
5.706
6.799
6.799
6.799
6.799
6.799
6.799
7.045
7.045
7.045
7.045
7.045
7.045
8.092
8.092
8.092
8.092
8.092
8.092
7.35
7.35
7.35
7.35
7.35
7.35
7.437
7.437
7.437
7.437
7.437
7.437
6.452
6.452
6.452
6.452
6.452
6.452
6.046
6.046
6.046
6.046
6.046
6.046
6.253
6.253
6.253
6.253
6.253
6.253
5.52
5.52
5.52
5.52
5.52
5.52
4.595
4.595
4.595
4.595
4.595
4.595
4.433
4.433
4.433
4.433
4.433
4.433
3.965
3.965
3.965
3.965
3.965
3.965
3.725
3.725
3.725
3.725
3.725
3.725
4.045
4.045
4.045
4.045
4.045
4.045
4.068
4.068
4.068
4.068
4.068
4.068
4.339
4.339
4.339
4.339
4.339
4.339
4.672
4.672
4.672
4.672
4.672
4.672
4.985
4.985
4.985
4.985
4.985
4.985
6.41
6.41
6.41
6.41
6.41
6.41
9.958
9.958
9.958
9.958
9.958
9.958
9.6
9.6
9.6
9.6
9.6
9.6
7.116
7.116
7.116
7.116
7.116
7.116
6.426
6.426
6.426
6.426
6.426
6.426
5.363
5.363
5.363
5.363
5.363
5.363
5.224
5.224
5.224
5.224
5.224
5.224
5.34
5.34
5.34
5.34
5.34
5.34
4.578
4.578
4.578
4.578
4.578
4.578
4.298
4.298
4.298
4.298
4.298
4.298
4.72
4.72
4.72
4.72
4.72
4.72
2.971
2.971
2.971
2.971
2.971
2.971
3.184
3.184
3.184
3.184
3.184
3.184
