3.51
3.51
3.51
3.51
3.51
3.51
3.835
3.835
3.835
3.835
3.835
3.835
3.825
3.825
3.825
3.825
3.825
3.825
3.726
3.726
3.726
3.726
3.726
3.726
3.802
3.802
3.802
3.802
3.802
3.802
3.617
3.617
3.617
3.617
3.617
3.617
3.411
3.411
3.411
3.411
3.411
3.411
3.443
3.443
3.443
3.443
3.443
3.443
3.348
3.348
3.348
3.348
3.348
3.348
3.311
3.311
3.311
3.311
3.311
3.311
3.484
3.484
3.484
3.484
3.484
3.484
3.39
3.39
3.39
3.39
3.39
3.39
3.488
3.488
3.488
3.488
3.488
3.488
3.471
3.471
3.471
3.471
3.471
3.471
3.851
3.851
3.851
3.851
3.851
3.851
3.937
3.937
3.937
3.937
3.937
3.937
3.812
3.812
3.812
3.812
3.812
3.812
3.433
3.433
3.433
3.433
3.433
3.433
3.126
3.126
3.126
3.126
3.126
3.126
3.174
3.174
3.174
3.174
3.174
3.174
3.245
3.245
3.245
3.245
3.245
3.245
3.164
3.164
3.164
3.164
3.164
3.164
3.404
3.404
3.404
3.404
3.404
3.404
3.453
3.453
3.453
3.453
3.453
3.453
3.461
3.461
3.461
3.461
3.461
3.461
3.42
3.42
3.42
3.42
3.42
3.42
3.339
3.339
3.339
3.339
3.339
3.339
3.31
3.31
3.31
3.31
3.31
3.31
3.324
3.324
3.324
3.324
3.324
3.324
3.312
3.312
3.312
3.312
3.312
3.312
3.809
3.809
3.809
3.809
3.809
3.809
3.896
3.896
3.896
3.896
3.896
3.896
3.924
3.924
3.924
3.924
3.924
3.924
4.085
4.085
4.085
4.085
4.085
4.085
4.518
4.518
4.518
4.518
4.518
4.518
4.218
4.218
4.218
4.218
4.218
4.218
4.14
4.14
4.14
4.14
4.14
4.14
4.154
4.154
4.154
4.154
4.154
4.154
3.761
3.761
3.761
3.761
3.761
3.761
3.755
3.755
3.755
3.755
3.755
3.755
3.655
3.655
3.655
3.655
3.655
3.655
3.745
3.745
3.745
3.745
3.745
3.745
3.674
3.674
3.674
3.674
3.674
3.674
3.658
3.658
3.658
3.658
3.658
3.658
3.67
3.67
3.67
3.67
3.67
3.67
3.636
3.636
3.636
3.636
3.636
3.636
3.849
3.849
3.849
3.849
3.849
3.849
3.515
3.515
3.515
3.515
3.515
3.515
