1.965
1.965
1.965
1.965
1.965
1.965
1.773
1.773
1.773
1.773
1.773
1.773
0.192
0.192
0.192
0.192
0.192
0.192
-0.414
-0.414
-0.414
-0.414
-0.414
-0.414
0.158
0.158
0.158
0.158
0.158
0.158
0.246
0.246
0.246
0.246
0.246
0.246
0.499
0.499
0.499
0.499
0.499
0.499
0.167
0.167
0.167
0.167
0.167
0.167
0.163
0.163
0.163
0.163
0.163
0.163
0.018
0.018
0.018
0.018
0.018
0.018
0.789
0.789
0.789
0.789
0.789
0.789
1.062
1.062
1.062
1.062
1.062
1.062
0.85
0.85
0.85
0.85
0.85
0.85
1.441
1.441
1.441
1.441
1.441
1.441
3.061
3.061
3.061
3.061
3.061
3.061
3.067
3.067
3.067
3.067
3.067
3.067
3.106
3.106
3.106
3.106
3.106
3.106
3.139
3.139
3.139
3.139
3.139
3.139
3.565
3.565
3.565
3.565
3.565
3.565
3.394
3.394
3.394
3.394
3.394
3.394
3.401
3.401
3.401
3.401
3.401
3.401
3.323
3.323
3.323
3.323
3.323
3.323
3.318
3.318
3.318
3.318
3.318
3.318
3.29
3.29
3.29
3.29
3.29
3.29
3.196
3.196
3.196
3.196
3.196
3.196
3.13
3.13
3.13
3.13
3.13
3.13
3.044
3.044
3.044
3.044
3.044
3.044
3.022
3.022
3.022
3.022
3.022
3.022
3.017
3.017
3.017
3.017
3.017
3.017
3.026
3.026
3.026
3.026
3.026
3.026
3.515
3.515
3.515
3.515
3.515
3.515
3.523
3.523
3.523
3.523
3.523
3.523
3.487
3.487
3.487
3.487
3.487
3.487
3.987
3.987
3.987
3.987
3.987
3.987
4.531
4.531
4.531
4.531
4.531
4.531
4.547
4.547
4.547
4.547
4.547
4.547
4.424
4.424
4.424
4.424
4.424
4.424
4.358
4.358
4.358
4.358
4.358
4.358
4.097
4.097
4.097
4.097
4.097
4.097
3.615
3.615
3.615
3.615
3.615
3.615
3.43
3.43
3.43
3.43
3.43
3.43
3.359
3.359
3.359
3.359
3.359
3.359
3.272
3.272
3.272
3.272
3.272
3.272
3.31
3.31
3.31
3.31
3.31
3.31
3.171
3.171
3.171
3.171
3.171
3.171
3.116
3.116
3.116
3.116
3.116
3.116
3.158
3.158
3.158
3.158
3.158
3.158
1.538
1.538
1.538
1.538
1.538
1.538
