-1.089
-1.089
-1.089
-1.089
-1.089
-1.089
-3.42
-3.42
-3.42
-3.42
-3.42
-3.42
-3.927
-3.927
-3.927
-3.927
-3.927
-3.927
-4.395
-4.395
-4.395
-4.395
-4.395
-4.395
-4.57
-4.57
-4.57
-4.57
-4.57
-4.57
-4.279
-4.279
-4.279
-4.279
-4.279
-4.279
-3.846
-3.846
-3.846
-3.846
-3.846
-3.846
-3.821
-3.821
-3.821
-3.821
-3.821
-3.821
-3.477
-3.477
-3.477
-3.477
-3.477
-3.477
-2.672
-2.672
-2.672
-2.672
-2.672
-2.672
-0.019
-0.019
-0.019
-0.019
-0.019
-0.019
0.434
0.434
0.434
0.434
0.434
0.434
0.744
0.744
0.744
0.744
0.744
0.744
1.716
1.716
1.716
1.716
1.716
1.716
2.715
2.715
2.715
2.715
2.715
2.715
2.836
2.836
2.836
2.836
2.836
2.836
2.975
2.975
2.975
2.975
2.975
2.975
2.973
2.973
2.973
2.973
2.973
2.973
2.821
2.821
2.821
2.821
2.821
2.821
2.696
2.696
2.696
2.696
2.696
2.696
2.683
2.683
2.683
2.683
2.683
2.683
2.682
2.682
2.682
2.682
2.682
2.682
2.776
2.776
2.776
2.776
2.776
2.776
2.837
2.837
2.837
2.837
2.837
2.837
2.841
2.841
2.841
2.841
2.841
2.841
2.784
2.784
2.784
2.784
2.784
2.784
2.829
2.829
2.829
2.829
2.829
2.829
2.836
2.836
2.836
2.836
2.836
2.836
2.833
2.833
2.833
2.833
2.833
2.833
2.834
2.834
2.834
2.834
2.834
2.834
3.39
3.39
3.39
3.39
3.39
3.39
3.371
3.371
3.371
3.371
3.371
3.371
3.334
3.334
3.334
3.334
3.334
3.334
3.428
3.428
3.428
3.428
3.428
3.428
4.073
4.073
4.073
4.073
4.073
4.073
4.387
4.387
4.387
4.387
4.387
4.387
4.329
4.329
4.329
4.329
4.329
4.329
4.422
4.422
4.422
4.422
4.422
4.422
4.174
4.174
4.174
4.174
4.174
4.174
4.174
4.174
4.174
4.174
4.174
4.174
4.045
4.045
4.045
4.045
4.045
4.045
3.916
3.916
3.916
3.916
3.916
3.916
4.02
4.02
4.02
4.02
4.02
4.02
3.809
3.809
3.809
3.809
3.809
3.809
3.707
3.707
3.707
3.707
3.707
3.707
3.586
3.586
3.586
3.586
3.586
3.586
1.551
1.551
1.551
1.551
1.551
1.551
-0.998
-0.998
-0.998
-0.998
-0.998
-0.998
