3.235
3.235
3.235
3.235
3.235
3.235
3.192
3.192
3.192
3.192
3.192
3.192
3.142
3.142
3.142
3.142
3.142
3.142
3.158
3.158
3.158
3.158
3.158
3.158
3.107
3.107
3.107
3.107
3.107
3.107
3.113
3.113
3.113
3.113
3.113
3.113
2.825
2.825
2.825
2.825
2.825
2.825
2.777
2.777
2.777
2.777
2.777
2.777
2.789
2.789
2.789
2.789
2.789
2.789
2.735
2.735
2.735
2.735
2.735
2.735
2.545
2.545
2.545
2.545
2.545
2.545
2.693
2.693
2.693
2.693
2.693
2.693
3.159
3.159
3.159
3.159
3.159
3.159
3.539
3.539
3.539
3.539
3.539
3.539
3.926
3.926
3.926
3.926
3.926
3.926
3.762
3.762
3.762
3.762
3.762
3.762
4.051
4.051
4.051
4.051
4.051
4.051
4.78
4.78
4.78
4.78
4.78
4.78
5.341
5.341
5.341
5.341
5.341
5.341
5.048
5.048
5.048
5.048
5.048
5.048
4.494
4.494
4.494
4.494
4.494
4.494
3.892
3.892
3.892
3.892
3.892
3.892
3.843
3.843
3.843
3.843
3.843
3.843
3.837
3.837
3.837
3.837
3.837
3.837
3.853
3.853
3.853
3.853
3.853
3.853
3.827
3.827
3.827
3.827
3.827
3.827
3.745
3.745
3.745
3.745
3.745
3.745
3.707
3.707
3.707
3.707
3.707
3.707
3.705
3.705
3.705
3.705
3.705
3.705
3.664
3.664
3.664
3.664
3.664
3.664
3.615
3.615
3.615
3.615
3.615
3.615
3.634
3.634
3.634
3.634
3.634
3.634
3.844
3.844
3.844
3.844
3.844
3.844
3.854
3.854
3.854
3.854
3.854
3.854
4.032
4.032
4.032
4.032
4.032
4.032
3.92
3.92
3.92
3.92
3.92
3.92
3.971
3.971
3.971
3.971
3.971
3.971
3.951
3.951
3.951
3.951
3.951
3.951
4.959
4.959
4.959
4.959
4.959
4.959
5.007
5.007
5.007
5.007
5.007
5.007
5.732
5.732
5.732
5.732
5.732
5.732
5.79
5.79
5.79
5.79
5.79
5.79
4.751
4.751
4.751
4.751
4.751
4.751
4.63
4.63
4.63
4.63
4.63
4.63
4.32
4.32
4.32
4.32
4.32
4.32
3.97
3.97
3.97
3.97
3.97
3.97
3.877
3.877
3.877
3.877
3.877
3.877
3.655
3.655
3.655
3.655
3.655
3.655
