3.431
3.431
3.431
3.431
3.431
3.431
3.546
3.546
3.546
3.546
3.546
3.546
3.654
3.654
3.654
3.654
3.654
3.654
3.931
3.931
3.931
3.931
3.931
3.931
3.372
3.372
3.372
3.372
3.372
3.372
3.378
3.378
3.378
3.378
3.378
3.378
3.281
3.281
3.281
3.281
3.281
3.281
3.145
3.145
3.145
3.145
3.145
3.145
3.076
3.076
3.076
3.076
3.076
3.076
3.078
3.078
3.078
3.078
3.078
3.078
3.364
3.364
3.364
3.364
3.364
3.364
3.569
3.569
3.569
3.569
3.569
3.569
3.834
3.834
3.834
3.834
3.834
3.834
3.73
3.73
3.73
3.73
3.73
3.73
4.918
4.918
4.918
4.918
4.918
4.918
5.332
5.332
5.332
5.332
5.332
5.332
5.728
5.728
5.728
5.728
5.728
5.728
5.999
5.999
5.999
5.999
5.999
5.999
5.813
5.813
5.813
5.813
5.813
5.813
6.063
6.063
6.063
6.063
6.063
6.063
6.142
6.142
6.142
6.142
6.142
6.142
6.227
6.227
6.227
6.227
6.227
6.227
5.834
5.834
5.834
5.834
5.834
5.834
5.892
5.892
5.892
5.892
5.892
5.892
5.989
5.989
5.989
5.989
5.989
5.989
6.167
6.167
6.167
6.167
6.167
6.167
5.45
5.45
5.45
5.45
5.45
5.45
5.194
5.194
5.194
5.194
5.194
5.194
5.085
5.085
5.085
5.085
5.085
5.085
4.987
4.987
4.987
4.987
4.987
4.987
4.845
4.845
4.845
4.845
4.845
4.845
4.877
4.877
4.877
4.877
4.877
4.877
5.009
5.009
5.009
5.009
5.009
5.009
5.055
5.055
5.055
5.055
5.055
5.055
5.48
5.48
5.48
5.48
5.48
5.48
5.653
5.653
5.653
5.653
5.653
5.653
5.607
5.607
5.607
5.607
5.607
5.607
6.192
6.192
6.192
6.192
6.192
6.192
5.383
5.383
5.383
5.383
5.383
5.383
4.9
4.9
4.9
4.9
4.9
4.9
4.521
4.521
4.521
4.521
4.521
4.521
4.47
4.47
4.47
4.47
4.47
4.47
4.161
4.161
4.161
4.161
4.161
4.161
4.108
4.108
4.108
4.108
4.108
4.108
4.009
4.009
4.009
4.009
4.009
4.009
3.847
3.847
3.847
3.847
3.847
3.847
3.841
3.841
3.841
3.841
3.841
3.841
3.526
3.526
3.526
3.526
3.526
3.526
