4.184
4.184
4.184
4.184
4.184
4.184
4.157
4.157
4.157
4.157
4.157
4.157
4.1
4.1
4.1
4.1
4.1
4.1
3.993
3.993
3.993
3.993
3.993
3.993
4.157
4.157
4.157
4.157
4.157
4.157
4.086
4.086
4.086
4.086
4.086
4.086
3.736
3.736
3.736
3.736
3.736
3.736
3.649
3.649
3.649
3.649
3.649
3.649
3.575
3.575
3.575
3.575
3.575
3.575
3.473
3.473
3.473
3.473
3.473
3.473
3.765
3.765
3.765
3.765
3.765
3.765
3.95
3.95
3.95
3.95
3.95
3.95
4.281
4.281
4.281
4.281
4.281
4.281
4.051
4.051
4.051
4.051
4.051
4.051
5.023
5.023
5.023
5.023
5.023
5.023
4.946
4.946
4.946
4.946
4.946
4.946
4.681
4.681
4.681
4.681
4.681
4.681
4.566
4.566
4.566
4.566
4.566
4.566
4.245
4.245
4.245
4.245
4.245
4.245
4.234
4.234
4.234
4.234
4.234
4.234
4.328
4.328
4.328
4.328
4.328
4.328
4.271
4.271
4.271
4.271
4.271
4.271
4.341
4.341
4.341
4.341
4.341
4.341
4.254
4.254
4.254
4.254
4.254
4.254
4.283
4.283
4.283
4.283
4.283
4.283
4.232
4.232
4.232
4.232
4.232
4.232
4.306
4.306
4.306
4.306
4.306
4.306
4.302
4.302
4.302
4.302
4.302
4.302
4.305
4.305
4.305
4.305
4.305
4.305
4.46
4.46
4.46
4.46
4.46
4.46
5.225
5.225
5.225
5.225
5.225
5.225
5.755
5.755
5.755
5.755
5.755
5.755
5.488
5.488
5.488
5.488
5.488
5.488
6.38
6.38
6.38
6.38
6.38
6.38
7.214
7.214
7.214
7.214
7.214
7.214
6.701
6.701
6.701
6.701
6.701
6.701
5.908
5.908
5.908
5.908
5.908
5.908
5.456
5.456
5.456
5.456
5.456
5.456
5.043
5.043
5.043
5.043
5.043
5.043
4.948
4.948
4.948
4.948
4.948
4.948
4.983
4.983
4.983
4.983
4.983
4.983
4.991
4.991
4.991
4.991
4.991
4.991
4.849
4.849
4.849
4.849
4.849
4.849
4.607
4.607
4.607
4.607
4.607
4.607
4.46
4.46
4.46
4.46
4.46
4.46
4.322
4.322
4.322
4.322
4.322
4.322
4.269
4.269
4.269
4.269
4.269
4.269
4.19
4.19
4.19
4.19
4.19
4.19
