3.469
3.469
3.469
3.469
3.469
3.469
3.455
3.455
3.455
3.455
3.455
3.455
3.598
3.598
3.598
3.598
3.598
3.598
3.414
3.414
3.414
3.414
3.414
3.414
3.372
3.372
3.372
3.372
3.372
3.372
3.363
3.363
3.363
3.363
3.363
3.363
2.984
2.984
2.984
2.984
2.984
2.984
2.934
2.934
2.934
2.934
2.934
2.934
2.887
2.887
2.887
2.887
2.887
2.887
2.91
2.91
2.91
2.91
2.91
2.91
3.226
3.226
3.226
3.226
3.226
3.226
2.967
2.967
2.967
2.967
2.967
2.967
3.837
3.837
3.837
3.837
3.837
3.837
3.645
3.645
3.645
3.645
3.645
3.645
3.928
3.928
3.928
3.928
3.928
3.928
4.173
4.173
4.173
4.173
4.173
4.173
4.169
4.169
4.169
4.169
4.169
4.169
4.225
4.225
4.225
4.225
4.225
4.225
4.99
4.99
4.99
4.99
4.99
4.99
5.006
5.006
5.006
5.006
5.006
5.006
4.809
4.809
4.809
4.809
4.809
4.809
4.622
4.622
4.622
4.622
4.622
4.622
4.014
4.014
4.014
4.014
4.014
4.014
3.942
3.942
3.942
3.942
3.942
3.942
4.022
4.022
4.022
4.022
4.022
4.022
4.004
4.004
4.004
4.004
4.004
4.004
3.948
3.948
3.948
3.948
3.948
3.948
3.914
3.914
3.914
3.914
3.914
3.914
3.923
3.923
3.923
3.923
3.923
3.923
3.812
3.812
3.812
3.812
3.812
3.812
3.956
3.956
3.956
3.956
3.956
3.956
3.861
3.861
3.861
3.861
3.861
3.861
4.178
4.178
4.178
4.178
4.178
4.178
5.697
5.697
5.697
5.697
5.697
5.697
6.498
6.498
6.498
6.498
6.498
6.498
5.423
5.423
5.423
5.423
5.423
5.423
5.44
5.44
5.44
5.44
5.44
5.44
4.554
4.554
4.554
4.554
4.554
4.554
4.125
4.125
4.125
4.125
4.125
4.125
3.756
3.756
3.756
3.756
3.756
3.756
3.587
3.587
3.587
3.587
3.587
3.587
3.506
3.506
3.506
3.506
3.506
3.506
3.385
3.385
3.385
3.385
3.385
3.385
3.359
3.359
3.359
3.359
3.359
3.359
3.223
3.223
3.223
3.223
3.223
3.223
3.155
3.155
3.155
3.155
3.155
3.155
3.812
3.812
3.812
3.812
3.812
3.812
3.539
3.539
3.539
3.539
3.539
3.539
