3.74
3.74
3.74
3.74
3.74
3.74
3.729
3.729
3.729
3.729
3.729
3.729
3.502
3.502
3.502
3.502
3.502
3.502
3.654
3.654
3.654
3.654
3.654
3.654
3.502
3.502
3.502
3.502
3.502
3.502
3.555
3.555
3.555
3.555
3.555
3.555
3.078
3.078
3.078
3.078
3.078
3.078
2.873
2.873
2.873
2.873
2.873
2.873
2.969
2.969
2.969
2.969
2.969
2.969
2.967
2.967
2.967
2.967
2.967
2.967
3.192
3.192
3.192
3.192
3.192
3.192
3.548
3.548
3.548
3.548
3.548
3.548
4.251
4.251
4.251
4.251
4.251
4.251
4.234
4.234
4.234
4.234
4.234
4.234
4.161
4.161
4.161
4.161
4.161
4.161
4.099
4.099
4.099
4.099
4.099
4.099
4.085
4.085
4.085
4.085
4.085
4.085
3.716
3.716
3.716
3.716
3.716
3.716
4.2
4.2
4.2
4.2
4.2
4.2
4.157
4.157
4.157
4.157
4.157
4.157
4.006
4.006
4.006
4.006
4.006
4.006
3.962
3.962
3.962
3.962
3.962
3.962
3.981
3.981
3.981
3.981
3.981
3.981
3.978
3.978
3.978
3.978
3.978
3.978
4.017
4.017
4.017
4.017
4.017
4.017
4.066
4.066
4.066
4.066
4.066
4.066
4.085
4.085
4.085
4.085
4.085
4.085
4.224
4.224
4.224
4.224
4.224
4.224
4.227
4.227
4.227
4.227
4.227
4.227
4.162
4.162
4.162
4.162
4.162
4.162
4.856
4.856
4.856
4.856
4.856
4.856
4.958
4.958
4.958
4.958
4.958
4.958
5.219
5.219
5.219
5.219
5.219
5.219
5.415
5.415
5.415
5.415
5.415
5.415
6.341
6.341
6.341
6.341
6.341
6.341
6.093
6.093
6.093
6.093
6.093
6.093
5.503
5.503
5.503
5.503
5.503
5.503
5.252
5.252
5.252
5.252
5.252
5.252
4.572
4.572
4.572
4.572
4.572
4.572
4.554
4.554
4.554
4.554
4.554
4.554
4.562
4.562
4.562
4.562
4.562
4.562
4.561
4.561
4.561
4.561
4.561
4.561
4.453
4.453
4.453
4.453
4.453
4.453
4.213
4.213
4.213
4.213
4.213
4.213
4.201
4.201
4.201
4.201
4.201
4.201
4.114
4.114
4.114
4.114
4.114
4.114
3.842
3.842
3.842
3.842
3.842
3.842
3.828
3.828
3.828
3.828
3.828
3.828
