4.754
4.754
4.754
4.754
4.754
4.754
4.617
4.617
4.617
4.617
4.617
4.617
4.423
4.423
4.423
4.423
4.423
4.423
4.349
4.349
4.349
4.349
4.349
4.349
4.171
4.171
4.171
4.171
4.171
4.171
4.11
4.11
4.11
4.11
4.11
4.11
4.086
4.086
4.086
4.086
4.086
4.086
4.033
4.033
4.033
4.033
4.033
4.033
3.969
3.969
3.969
3.969
3.969
3.969
3.969
3.969
3.969
3.969
3.969
3.969
4.055
4.055
4.055
4.055
4.055
4.055
4.029
4.029
4.029
4.029
4.029
4.029
4.231
4.231
4.231
4.231
4.231
4.231
4.168
4.168
4.168
4.168
4.168
4.168
5.528
5.528
5.528
5.528
5.528
5.528
6.727
6.727
6.727
6.727
6.727
6.727
6.896
6.896
6.896
6.896
6.896
6.896
6.694
6.694
6.694
6.694
6.694
6.694
6.08
6.08
6.08
6.08
6.08
6.08
6.089
6.089
6.089
6.089
6.089
6.089
5.382
5.382
5.382
5.382
5.382
5.382
4.933
4.933
4.933
4.933
4.933
4.933
4.521
4.521
4.521
4.521
4.521
4.521
4.429
4.429
4.429
4.429
4.429
4.429
4.426
4.426
4.426
4.426
4.426
4.426
4.429
4.429
4.429
4.429
4.429
4.429
4.52
4.52
4.52
4.52
4.52
4.52
4.516
4.516
4.516
4.516
4.516
4.516
4.514
4.514
4.514
4.514
4.514
4.514
4.554
4.554
4.554
4.554
4.554
4.554
5.855
5.855
5.855
5.855
5.855
5.855
6.045
6.045
6.045
6.045
6.045
6.045
5.953
5.953
5.953
5.953
5.953
5.953
7.211
7.211
7.211
7.211
7.211
7.211
7.77
7.77
7.77
7.77
7.77
7.77
7.547
7.547
7.547
7.547
7.547
7.547
7.405
7.405
7.405
7.405
7.405
7.405
7.337
7.337
7.337
7.337
7.337
7.337
6.235
6.235
6.235
6.235
6.235
6.235
5.667
5.667
5.667
5.667
5.667
5.667
5.71
5.71
5.71
5.71
5.71
5.71
5.314
5.314
5.314
5.314
5.314
5.314
4.91
4.91
4.91
4.91
4.91
4.91
4.682
4.682
4.682
4.682
4.682
4.682
4.568
4.568
4.568
4.568
4.568
4.568
4.386
4.386
4.386
4.386
4.386
4.386
4.464
4.464
4.464
4.464
4.464
4.464
4.575
4.575
4.575
4.575
4.575
4.575
