3.187
3.187
3.187
3.187
3.187
3.187
3.068
3.068
3.068
3.068
3.068
3.068
2.966
2.966
2.966
2.966
2.966
2.966
2.965
2.965
2.965
2.965
2.965
2.965
2.979
2.979
2.979
2.979
2.979
2.979
2.906
2.906
2.906
2.906
2.906
2.906
2.959
2.959
2.959
2.959
2.959
2.959
2.855
2.855
2.855
2.855
2.855
2.855
3.046
3.046
3.046
3.046
3.046
3.046
2.993
2.993
2.993
2.993
2.993
2.993
3.662
3.662
3.662
3.662
3.662
3.662
3.195
3.195
3.195
3.195
3.195
3.195
3.199
3.199
3.199
3.199
3.199
3.199
3.134
3.134
3.134
3.134
3.134
3.134
3.387
3.387
3.387
3.387
3.387
3.387
4.462
4.462
4.462
4.462
4.462
4.462
4.939
4.939
4.939
4.939
4.939
4.939
5.199
5.199
5.199
5.199
5.199
5.199
8.489
8.489
8.489
8.489
8.489
8.489
7.919
7.919
7.919
7.919
7.919
7.919
7.765
7.765
7.765
7.765
7.765
7.765
7.25
7.25
7.25
7.25
7.25
7.25
5.513
5.513
5.513
5.513
5.513
5.513
5.202
5.202
5.202
5.202
5.202
5.202
4.754
4.754
4.754
4.754
4.754
4.754
4.644
4.644
4.644
4.644
4.644
4.644
4.651
4.651
4.651
4.651
4.651
4.651
4.726
4.726
4.726
4.726
4.726
4.726
4.709
4.709
4.709
4.709
4.709
4.709
4.776
4.776
4.776
4.776
4.776
4.776
5.753
5.753
5.753
5.753
5.753
5.753
6.219
6.219
6.219
6.219
6.219
6.219
6.625
6.625
6.625
6.625
6.625
6.625
9.382
9.382
9.382
9.382
9.382
9.382
8.893
8.893
8.893
8.893
8.893
8.893
8.652
8.652
8.652
8.652
8.652
8.652
8.861
8.861
8.861
8.861
8.861
8.861
8.555
8.555
8.555
8.555
8.555
8.555
8.826
8.826
8.826
8.826
8.826
8.826
8.593
8.593
8.593
8.593
8.593
8.593
8.417
8.417
8.417
8.417
8.417
8.417
9.857
9.857
9.857
9.857
9.857
9.857
8.945
8.945
8.945
8.945
8.945
8.945
5.504
5.504
5.504
5.504
5.504
5.504
4.813
4.813
4.813
4.813
4.813
4.813
4.604
4.604
4.604
4.604
4.604
4.604
3.028
3.028
3.028
3.028
3.028
3.028
3.075
3.075
3.075
3.075
3.075
3.075
