3.572
3.572
3.572
3.572
3.572
3.572
3.483
3.483
3.483
3.483
3.483
3.483
3.447
3.447
3.447
3.447
3.447
3.447
3.572
3.572
3.572
3.572
3.572
3.572
3.366
3.366
3.366
3.366
3.366
3.366
3.16
3.16
3.16
3.16
3.16
3.16
2.922
2.922
2.922
2.922
2.922
2.922
2.886
2.886
2.886
2.886
2.886
2.886
3.052
3.052
3.052
3.052
3.052
3.052
2.992
2.992
2.992
2.992
2.992
2.992
3.075
3.075
3.075
3.075
3.075
3.075
3.111
3.111
3.111
3.111
3.111
3.111
3.711
3.711
3.711
3.711
3.711
3.711
3.335
3.335
3.335
3.335
3.335
3.335
3.739
3.739
3.739
3.739
3.739
3.739
3.795
3.795
3.795
3.795
3.795
3.795
4.072
4.072
4.072
4.072
4.072
4.072
3.694
3.694
3.694
3.694
3.694
3.694
3.517
3.517
3.517
3.517
3.517
3.517
3.423
3.423
3.423
3.423
3.423
3.423
3.459
3.459
3.459
3.459
3.459
3.459
3.446
3.446
3.446
3.446
3.446
3.446
3.537
3.537
3.537
3.537
3.537
3.537
3.534
3.534
3.534
3.534
3.534
3.534
3.549
3.549
3.549
3.549
3.549
3.549
3.504
3.504
3.504
3.504
3.504
3.504
3.488
3.488
3.488
3.488
3.488
3.488
3.446
3.446
3.446
3.446
3.446
3.446
3.442
3.442
3.442
3.442
3.442
3.442
3.432
3.432
3.432
3.432
3.432
3.432
4.211
4.211
4.211
4.211
4.211
4.211
4.749
4.749
4.749
4.749
4.749
4.749
5.002
5.002
5.002
5.002
5.002
5.002
5.265
5.265
5.265
5.265
5.265
5.265
6.426
6.426
6.426
6.426
6.426
6.426
6.398
6.398
6.398
6.398
6.398
6.398
6.419
6.419
6.419
6.419
6.419
6.419
6.415
6.415
6.415
6.415
6.415
6.415
5.752
5.752
5.752
5.752
5.752
5.752
5.742
5.742
5.742
5.742
5.742
5.742
5.776
5.776
5.776
5.776
5.776
5.776
5.54
5.54
5.54
5.54
5.54
5.54
5.214
5.214
5.214
5.214
5.214
5.214
4.902
4.902
4.902
4.902
4.902
4.902
4.522
4.522
4.522
4.522
4.522
4.522
4.441
4.441
4.441
4.441
4.441
4.441
4.094
4.094
4.094
4.094
4.094
4.094
3.788
3.788
3.788
3.788
3.788
3.788
