3.165
3.165
3.165
3.165
3.165
3.165
3.193
3.193
3.193
3.193
3.193
3.193
2.995
2.995
2.995
2.995
2.995
2.995
2.801
2.801
2.801
2.801
2.801
2.801
2.731
2.731
2.731
2.731
2.731
2.731
2.763
2.763
2.763
2.763
2.763
2.763
2.687
2.687
2.687
2.687
2.687
2.687
2.564
2.564
2.564
2.564
2.564
2.564
2.54
2.54
2.54
2.54
2.54
2.54
2.448
2.448
2.448
2.448
2.448
2.448
2.31
2.31
2.31
2.31
2.31
2.31
2.668
2.668
2.668
2.668
2.668
2.668
3.061
3.061
3.061
3.061
3.061
3.061
3.176
3.176
3.176
3.176
3.176
3.176
3.643
3.643
3.643
3.643
3.643
3.643
3.86
3.86
3.86
3.86
3.86
3.86
3.997
3.997
3.997
3.997
3.997
3.997
4.426
4.426
4.426
4.426
4.426
4.426
5.249
5.249
5.249
5.249
5.249
5.249
5.458
5.458
5.458
5.458
5.458
5.458
5.369
5.369
5.369
5.369
5.369
5.369
5.412
5.412
5.412
5.412
5.412
5.412
5.565
5.565
5.565
5.565
5.565
5.565
5.603
5.603
5.603
5.603
5.603
5.603
5.492
5.492
5.492
5.492
5.492
5.492
5.465
5.465
5.465
5.465
5.465
5.465
5.355
5.355
5.355
5.355
5.355
5.355
5.282
5.282
5.282
5.282
5.282
5.282
5.064
5.064
5.064
5.064
5.064
5.064
5.188
5.188
5.188
5.188
5.188
5.188
5.001
5.001
5.001
5.001
5.001
5.001
4.772
4.772
4.772
4.772
4.772
4.772
5.441
5.441
5.441
5.441
5.441
5.441
7.189
7.189
7.189
7.189
7.189
7.189
9.175
9.175
9.175
9.175
9.175
9.175
9.044
9.044
9.044
9.044
9.044
9.044
8.018
8.018
8.018
8.018
8.018
8.018
7.203
7.203
7.203
7.203
7.203
7.203
6.142
6.142
6.142
6.142
6.142
6.142
5.419
5.419
5.419
5.419
5.419
5.419
5.291
5.291
5.291
5.291
5.291
5.291
5.274
5.274
5.274
5.274
5.274
5.274
4.626
4.626
4.626
4.626
4.626
4.626
4.528
4.528
4.528
4.528
4.528
4.528
4.464
4.464
4.464
4.464
4.464
4.464
4.468
4.468
4.468
4.468
4.468
4.468
3.148
3.148
3.148
3.148
3.148
3.148
3.114
3.114
3.114
3.114
3.114
3.114
