3.448
3.448
3.448
3.448
3.448
3.448
3.486
3.486
3.486
3.486
3.486
3.486
3.503
3.503
3.503
3.503
3.503
3.503
3.632
3.632
3.632
3.632
3.632
3.632
3.616
3.616
3.616
3.616
3.616
3.616
3.588
3.588
3.588
3.588
3.588
3.588
3.443
3.443
3.443
3.443
3.443
3.443
3.458
3.458
3.458
3.458
3.458
3.458
3.425
3.425
3.425
3.425
3.425
3.425
3.475
3.475
3.475
3.475
3.475
3.475
3.776
3.776
3.776
3.776
3.776
3.776
3.768
3.768
3.768
3.768
3.768
3.768
5.061
5.061
5.061
5.061
5.061
5.061
4.117
4.117
4.117
4.117
4.117
4.117
5.241
5.241
5.241
5.241
5.241
5.241
6.825
6.825
6.825
6.825
6.825
6.825
7.236
7.236
7.236
7.236
7.236
7.236
6.882
6.882
6.882
6.882
6.882
6.882
6.044
6.044
6.044
6.044
6.044
6.044
5.426
5.426
5.426
5.426
5.426
5.426
4.745
4.745
4.745
4.745
4.745
4.745
4.702
4.702
4.702
4.702
4.702
4.702
3.822
3.822
3.822
3.822
3.822
3.822
3.588
3.588
3.588
3.588
3.588
3.588
3.654
3.654
3.654
3.654
3.654
3.654
3.619
3.619
3.619
3.619
3.619
3.619
3.566
3.566
3.566
3.566
3.566
3.566
3.578
3.578
3.578
3.578
3.578
3.578
3.58
3.58
3.58
3.58
3.58
3.58
3.538
3.538
3.538
3.538
3.538
3.538
3.669
3.669
3.669
3.669
3.669
3.669
3.744
3.744
3.744
3.744
3.744
3.744
3.856
3.856
3.856
3.856
3.856
3.856
4.402
4.402
4.402
4.402
4.402
4.402
5.152
5.152
5.152
5.152
5.152
5.152
5.26
5.26
5.26
5.26
5.26
5.26
5.322
5.322
5.322
5.322
5.322
5.322
5.144
5.144
5.144
5.144
5.144
5.144
5.114
5.114
5.114
5.114
5.114
5.114
5.046
5.046
5.046
5.046
5.046
5.046
5.118
5.118
5.118
5.118
5.118
5.118
5.076
5.076
5.076
5.076
5.076
5.076
4.989
4.989
4.989
4.989
4.989
4.989
4.404
4.404
4.404
4.404
4.404
4.404
4.601
4.601
4.601
4.601
4.601
4.601
4.343
4.343
4.343
4.343
4.343
4.343
3.818
3.818
3.818
3.818
3.818
3.818
3.539
3.539
3.539
3.539
3.539
3.539
