3.141
3.141
3.141
3.141
3.141
3.141
2.676
2.676
2.676
2.676
2.676
2.676
2.707
2.707
2.707
2.707
2.707
2.707
2.866
2.866
2.866
2.866
2.866
2.866
2.629
2.629
2.629
2.629
2.629
2.629
2.041
2.041
2.041
2.041
2.041
2.041
2.206
2.206
2.206
2.206
2.206
2.206
2.203
2.203
2.203
2.203
2.203
2.203
2.151
2.151
2.151
2.151
2.151
2.151
2.082
2.082
2.082
2.082
2.082
2.082
2.218
2.218
2.218
2.218
2.218
2.218
2.34
2.34
2.34
2.34
2.34
2.34
3.923
3.923
3.923
3.923
3.923
3.923
3.826
3.826
3.826
3.826
3.826
3.826
3.32
3.32
3.32
3.32
3.32
3.32
3.564
3.564
3.564
3.564
3.564
3.564
4.618
4.618
4.618
4.618
4.618
4.618
4.624
4.624
4.624
4.624
4.624
4.624
5.566
5.566
5.566
5.566
5.566
5.566
5.676
5.676
5.676
5.676
5.676
5.676
5.51
5.51
5.51
5.51
5.51
5.51
5.441
5.441
5.441
5.441
5.441
5.441
4.436
4.436
4.436
4.436
4.436
4.436
4.522
4.522
4.522
4.522
4.522
4.522
4.175
4.175
4.175
4.175
4.175
4.175
3.972
3.972
3.972
3.972
3.972
3.972
3.654
3.654
3.654
3.654
3.654
3.654
3.623
3.623
3.623
3.623
3.623
3.623
3.6
3.6
3.6
3.6
3.6
3.6
3.604
3.604
3.604
3.604
3.604
3.604
4.206
4.206
4.206
4.206
4.206
4.206
4.438
4.438
4.438
4.438
4.438
4.438
5.138
5.138
5.138
5.138
5.138
5.138
7.268
7.268
7.268
7.268
7.268
7.268
7.832
7.832
7.832
7.832
7.832
7.832
10.088
10.088
10.088
10.088
10.088
10.088
9.673
9.673
9.673
9.673
9.673
9.673
8.271
8.271
8.271
8.271
8.271
8.271
8.549
8.549
8.549
8.549
8.549
8.549
7.353
7.353
7.353
7.353
7.353
7.353
7.201
7.201
7.201
7.201
7.201
7.201
7.771
7.771
7.771
7.771
7.771
7.771
8.675
8.675
8.675
8.675
8.675
8.675
7.267
7.267
7.267
7.267
7.267
7.267
5.368
5.368
5.368
5.368
5.368
5.368
4.95
4.95
4.95
4.95
4.95
4.95
3.861
3.861
3.861
3.861
3.861
3.861
3.288
3.288
3.288
3.288
3.288
3.288
