2.91
2.91
2.91
2.91
2.91
2.91
2.87
2.87
2.87
2.87
2.87
2.87
2.61
2.61
2.61
2.61
2.61
2.61
2.572
2.572
2.572
2.572
2.572
2.572
2.374
2.374
2.374
2.374
2.374
2.374
2.355
2.355
2.355
2.355
2.355
2.355
2.282
2.282
2.282
2.282
2.282
2.282
2.121
2.121
2.121
2.121
2.121
2.121
2.042
2.042
2.042
2.042
2.042
2.042
2.122
2.122
2.122
2.122
2.122
2.122
2.765
2.765
2.765
2.765
2.765
2.765
2.764
2.764
2.764
2.764
2.764
2.764
3.098
3.098
3.098
3.098
3.098
3.098
3.077
3.077
3.077
3.077
3.077
3.077
3.453
3.453
3.453
3.453
3.453
3.453
3.883
3.883
3.883
3.883
3.883
3.883
3.88
3.88
3.88
3.88
3.88
3.88
3.455
3.455
3.455
3.455
3.455
3.455
3.304
3.304
3.304
3.304
3.304
3.304
3.163
3.163
3.163
3.163
3.163
3.163
3.398
3.398
3.398
3.398
3.398
3.398
3.28
3.28
3.28
3.28
3.28
3.28
3.254
3.254
3.254
3.254
3.254
3.254
3.207
3.207
3.207
3.207
3.207
3.207
3.163
3.163
3.163
3.163
3.163
3.163
3.154
3.154
3.154
3.154
3.154
3.154
3.097
3.097
3.097
3.097
3.097
3.097
3.069
3.069
3.069
3.069
3.069
3.069
3.062
3.062
3.062
3.062
3.062
3.062
3.061
3.061
3.061
3.061
3.061
3.061
3.105
3.105
3.105
3.105
3.105
3.105
3.134
3.134
3.134
3.134
3.134
3.134
3.076
3.076
3.076
3.076
3.076
3.076
3.274
3.274
3.274
3.274
3.274
3.274
3.442
3.442
3.442
3.442
3.442
3.442
3.48
3.48
3.48
3.48
3.48
3.48
3.487
3.487
3.487
3.487
3.487
3.487
3.48
3.48
3.48
3.48
3.48
3.48
5.952
5.952
5.952
5.952
5.952
5.952
7.002
7.002
7.002
7.002
7.002
7.002
5.934
5.934
5.934
5.934
5.934
5.934
5.128
5.128
5.128
5.128
5.128
5.128
3.895
3.895
3.895
3.895
3.895
3.895
3.47
3.47
3.47
3.47
3.47
3.47
3.393
3.393
3.393
3.393
3.393
3.393
3.267
3.267
3.267
3.267
3.267
3.267
3.356
3.356
3.356
3.356
3.356
3.356
3.007
3.007
3.007
3.007
3.007
3.007
