2.952
2.952
2.952
2.952
2.952
2.952
2.946
2.946
2.946
2.946
2.946
2.946
2.826
2.826
2.826
2.826
2.826
2.826
2.808
2.808
2.808
2.808
2.808
2.808
2.412
2.412
2.412
2.412
2.412
2.412
2.373
2.373
2.373
2.373
2.373
2.373
1.088
1.088
1.088
1.088
1.088
1.088
0.995
0.995
0.995
0.995
0.995
0.995
1.026
1.026
1.026
1.026
1.026
1.026
1.064
1.064
1.064
1.064
1.064
1.064
2.181
2.181
2.181
2.181
2.181
2.181
2.379
2.379
2.379
2.379
2.379
2.379
3.188
3.188
3.188
3.188
3.188
3.188
3.86
3.86
3.86
3.86
3.86
3.86
4.098
4.098
4.098
4.098
4.098
4.098
4.347
4.347
4.347
4.347
4.347
4.347
4.234
4.234
4.234
4.234
4.234
4.234
4.0
4.0
4.0
4.0
4.0
4.0
3.828
3.828
3.828
3.828
3.828
3.828
3.867
3.867
3.867
3.867
3.867
3.867
3.877
3.877
3.877
3.877
3.877
3.877
3.887
3.887
3.887
3.887
3.887
3.887
3.787
3.787
3.787
3.787
3.787
3.787
3.762
3.762
3.762
3.762
3.762
3.762
3.75
3.75
3.75
3.75
3.75
3.75
3.75
3.75
3.75
3.75
3.75
3.75
3.666
3.666
3.666
3.666
3.666
3.666
3.647
3.647
3.647
3.647
3.647
3.647
3.649
3.649
3.649
3.649
3.649
3.649
3.645
3.645
3.645
3.645
3.645
3.645
3.959
3.959
3.959
3.959
3.959
3.959
4.079
4.079
4.079
4.079
4.079
4.079
4.363
4.363
4.363
4.363
4.363
4.363
4.311
4.311
4.311
4.311
4.311
4.311
4.856
4.856
4.856
4.856
4.856
4.856
4.732
4.732
4.732
4.732
4.732
4.732
6.768
6.768
6.768
6.768
6.768
6.768
7.827
7.827
7.827
7.827
7.827
7.827
6.154
6.154
6.154
6.154
6.154
6.154
4.683
4.683
4.683
4.683
4.683
4.683
4.298
4.298
4.298
4.298
4.298
4.298
4.347
4.347
4.347
4.347
4.347
4.347
4.151
4.151
4.151
4.151
4.151
4.151
4.098
4.098
4.098
4.098
4.098
4.098
3.92
3.92
3.92
3.92
3.92
3.92
3.979
3.979
3.979
3.979
3.979
3.979
3.367
3.367
3.367
3.367
3.367
3.367
2.89
2.89
2.89
2.89
2.89
2.89
