3.629
3.629
3.629
3.629
3.629
3.629
3.458
3.458
3.458
3.458
3.458
3.458
3.487
3.487
3.487
3.487
3.487
3.487
3.661
3.661
3.661
3.661
3.661
3.661
3.715
3.715
3.715
3.715
3.715
3.715
3.566
3.566
3.566
3.566
3.566
3.566
3.522
3.522
3.522
3.522
3.522
3.522
3.615
3.615
3.615
3.615
3.615
3.615
3.631
3.631
3.631
3.631
3.631
3.631
3.581
3.581
3.581
3.581
3.581
3.581
3.713
3.713
3.713
3.713
3.713
3.713
3.8
3.8
3.8
3.8
3.8
3.8
4.721
4.721
4.721
4.721
4.721
4.721
3.785
3.785
3.785
3.785
3.785
3.785
4.178
4.178
4.178
4.178
4.178
4.178
4.801
4.801
4.801
4.801
4.801
4.801
4.769
4.769
4.769
4.769
4.769
4.769
4.794
4.794
4.794
4.794
4.794
4.794
4.595
4.595
4.595
4.595
4.595
4.595
4.359
4.359
4.359
4.359
4.359
4.359
4.063
4.063
4.063
4.063
4.063
4.063
3.84
3.84
3.84
3.84
3.84
3.84
3.57
3.57
3.57
3.57
3.57
3.57
3.523
3.523
3.523
3.523
3.523
3.523
3.454
3.454
3.454
3.454
3.454
3.454
3.446
3.446
3.446
3.446
3.446
3.446
3.39
3.39
3.39
3.39
3.39
3.39
3.385
3.385
3.385
3.385
3.385
3.385
3.452
3.452
3.452
3.452
3.452
3.452
3.421
3.421
3.421
3.421
3.421
3.421
3.467
3.467
3.467
3.467
3.467
3.467
3.467
3.467
3.467
3.467
3.467
3.467
3.658
3.658
3.658
3.658
3.658
3.658
3.927
3.927
3.927
3.927
3.927
3.927
4.342
4.342
4.342
4.342
4.342
4.342
4.313
4.313
4.313
4.313
4.313
4.313
4.34
4.34
4.34
4.34
4.34
4.34
4.305
4.305
4.305
4.305
4.305
4.305
4.791
4.791
4.791
4.791
4.791
4.791
5.071
5.071
5.071
5.071
5.071
5.071
5.154
5.154
5.154
5.154
5.154
5.154
4.84
4.84
4.84
4.84
4.84
4.84
4.064
4.064
4.064
4.064
4.064
4.064
3.813
3.813
3.813
3.813
3.813
3.813
3.634
3.634
3.634
3.634
3.634
3.634
3.5
3.5
3.5
3.5
3.5
3.5
4.107
4.107
4.107
4.107
4.107
4.107
3.915
3.915
3.915
3.915
3.915
3.915
