2.853
2.853
2.853
2.853
2.853
2.853
2.503
2.503
2.503
2.503
2.503
2.503
2.351
2.351
2.351
2.351
2.351
2.351
2.255
2.255
2.255
2.255
2.255
2.255
2.347
2.347
2.347
2.347
2.347
2.347
2.285
2.285
2.285
2.285
2.285
2.285
2.667
2.667
2.667
2.667
2.667
2.667
2.635
2.635
2.635
2.635
2.635
2.635
2.553
2.553
2.553
2.553
2.553
2.553
2.551
2.551
2.551
2.551
2.551
2.551
2.823
2.823
2.823
2.823
2.823
2.823
2.829
2.829
2.829
2.829
2.829
2.829
2.713
2.713
2.713
2.713
2.713
2.713
2.95
2.95
2.95
2.95
2.95
2.95
3.196
3.196
3.196
3.196
3.196
3.196
3.203
3.203
3.203
3.203
3.203
3.203
3.468
3.468
3.468
3.468
3.468
3.468
3.246
3.246
3.246
3.246
3.246
3.246
3.513
3.513
3.513
3.513
3.513
3.513
3.552
3.552
3.552
3.552
3.552
3.552
3.628
3.628
3.628
3.628
3.628
3.628
3.512
3.512
3.512
3.512
3.512
3.512
3.658
3.658
3.658
3.658
3.658
3.658
3.457
3.457
3.457
3.457
3.457
3.457
3.407
3.407
3.407
3.407
3.407
3.407
3.407
3.407
3.407
3.407
3.407
3.407
3.561
3.561
3.561
3.561
3.561
3.561
3.509
3.509
3.509
3.509
3.509
3.509
3.603
3.603
3.603
3.603
3.603
3.603
3.554
3.554
3.554
3.554
3.554
3.554
8.014
8.014
8.014
8.014
8.014
8.014
9.806
9.806
9.806
9.806
9.806
9.806
7.486
7.486
7.486
7.486
7.486
7.486
9.114
9.114
9.114
9.114
9.114
9.114
18.206
18.206
18.206
18.206
18.206
18.206
16.799
16.799
16.799
16.799
16.799
16.799
18.364
18.364
18.364
18.364
18.364
18.364
18.469
18.469
18.469
18.469
18.469
18.469
28.389
28.389
28.389
28.389
28.389
28.389
28.834
28.834
28.834
28.834
28.834
28.834
23.259
23.259
23.259
23.259
23.259
23.259
20.821
20.821
20.821
20.821
20.821
20.821
6.755
6.755
6.755
6.755
6.755
6.755
6.628
6.628
6.628
6.628
6.628
6.628
6.681
6.681
6.681
6.681
6.681
6.681
5.554
5.554
5.554
5.554
5.554
5.554
3.112
3.112
3.112
3.112
3.112
3.112
2.815
2.815
2.815
2.815
2.815
2.815
