3.868
3.868
3.868
3.868
3.868
3.868
3.414
3.414
3.414
3.414
3.414
3.414
3.319
3.319
3.319
3.319
3.319
3.319
3.001
3.001
3.001
3.001
3.001
3.001
3.069
3.069
3.069
3.069
3.069
3.069
3.012
3.012
3.012
3.012
3.012
3.012
2.977
2.977
2.977
2.977
2.977
2.977
2.976
2.976
2.976
2.976
2.976
2.976
3.015
3.015
3.015
3.015
3.015
3.015
2.949
2.949
2.949
2.949
2.949
2.949
3.192
3.192
3.192
3.192
3.192
3.192
3.167
3.167
3.167
3.167
3.167
3.167
3.236
3.236
3.236
3.236
3.236
3.236
3.19
3.19
3.19
3.19
3.19
3.19
3.424
3.424
3.424
3.424
3.424
3.424
3.641
3.641
3.641
3.641
3.641
3.641
4.044
4.044
4.044
4.044
4.044
4.044
4.344
4.344
4.344
4.344
4.344
4.344
5.24
5.24
5.24
5.24
5.24
5.24
5.29
5.29
5.29
5.29
5.29
5.29
5.347
5.347
5.347
5.347
5.347
5.347
5.406
5.406
5.406
5.406
5.406
5.406
5.631
5.631
5.631
5.631
5.631
5.631
5.483
5.483
5.483
5.483
5.483
5.483
5.306
5.306
5.306
5.306
5.306
5.306
5.264
5.264
5.264
5.264
5.264
5.264
4.815
4.815
4.815
4.815
4.815
4.815
4.541
4.541
4.541
4.541
4.541
4.541
4.419
4.419
4.419
4.419
4.419
4.419
4.094
4.094
4.094
4.094
4.094
4.094
4.051
4.051
4.051
4.051
4.051
4.051
4.094
4.094
4.094
4.094
4.094
4.094
4.086
4.086
4.086
4.086
4.086
4.086
4.391
4.391
4.391
4.391
4.391
4.391
4.616
4.616
4.616
4.616
4.616
4.616
4.746
4.746
4.746
4.746
4.746
4.746
4.736
4.736
4.736
4.736
4.736
4.736
4.676
4.676
4.676
4.676
4.676
4.676
4.292
4.292
4.292
4.292
4.292
4.292
4.114
4.114
4.114
4.114
4.114
4.114
3.934
3.934
3.934
3.934
3.934
3.934
3.908
3.908
3.908
3.908
3.908
3.908
4.122
4.122
4.122
4.122
4.122
4.122
3.939
3.939
3.939
3.939
3.939
3.939
3.898
3.898
3.898
3.898
3.898
3.898
3.815
3.815
3.815
3.815
3.815
3.815
3.326
3.326
3.326
3.326
3.326
3.326
3.441
3.441
3.441
3.441
3.441
3.441
