3.29
3.29
3.29
3.29
3.29
3.29
3.294
3.294
3.294
3.294
3.294
3.294
3.338
3.338
3.338
3.338
3.338
3.338
3.362
3.362
3.362
3.362
3.362
3.362
3.316
3.316
3.316
3.316
3.316
3.316
3.292
3.292
3.292
3.292
3.292
3.292
3.316
3.316
3.316
3.316
3.316
3.316
3.314
3.314
3.314
3.314
3.314
3.314
3.289
3.289
3.289
3.289
3.289
3.289
3.283
3.283
3.283
3.283
3.283
3.283
3.456
3.456
3.456
3.456
3.456
3.456
3.507
3.507
3.507
3.507
3.507
3.507
4.798
4.798
4.798
4.798
4.798
4.798
4.624
4.624
4.624
4.624
4.624
4.624
4.736
4.736
4.736
4.736
4.736
4.736
4.874
4.874
4.874
4.874
4.874
4.874
4.907
4.907
4.907
4.907
4.907
4.907
4.952
4.952
4.952
4.952
4.952
4.952
4.784
4.784
4.784
4.784
4.784
4.784
4.744
4.744
4.744
4.744
4.744
4.744
4.832
4.832
4.832
4.832
4.832
4.832
4.561
4.561
4.561
4.561
4.561
4.561
4.645
4.645
4.645
4.645
4.645
4.645
4.644
4.644
4.644
4.644
4.644
4.644
4.675
4.675
4.675
4.675
4.675
4.675
4.611
4.611
4.611
4.611
4.611
4.611
4.497
4.497
4.497
4.497
4.497
4.497
4.47
4.47
4.47
4.47
4.47
4.47
4.423
4.423
4.423
4.423
4.423
4.423
4.375
4.375
4.375
4.375
4.375
4.375
4.991
4.991
4.991
4.991
4.991
4.991
4.996
4.996
4.996
4.996
4.996
4.996
5.169
5.169
5.169
5.169
5.169
5.169
5.205
5.205
5.205
5.205
5.205
5.205
5.941
5.941
5.941
5.941
5.941
5.941
5.99
5.99
5.99
5.99
5.99
5.99
6.603
6.603
6.603
6.603
6.603
6.603
7.361
7.361
7.361
7.361
7.361
7.361
7.741
7.741
7.741
7.741
7.741
7.741
5.08
5.08
5.08
5.08
5.08
5.08
5.239
5.239
5.239
5.239
5.239
5.239
5.206
5.206
5.206
5.206
5.206
5.206
4.864
4.864
4.864
4.864
4.864
4.864
4.669
4.669
4.669
4.669
4.669
4.669
4.572
4.572
4.572
4.572
4.572
4.572
4.457
4.457
4.457
4.457
4.457
4.457
3.853
3.853
3.853
3.853
3.853
3.853
3.531
3.531
3.531
3.531
3.531
3.531
