3.548
3.548
3.548
3.548
3.548
3.548
3.494
3.494
3.494
3.494
3.494
3.494
3.61
3.61
3.61
3.61
3.61
3.61
3.451
3.451
3.451
3.451
3.451
3.451
3.493
3.493
3.493
3.493
3.493
3.493
3.495
3.495
3.495
3.495
3.495
3.495
3.053
3.053
3.053
3.053
3.053
3.053
2.861
2.861
2.861
2.861
2.861
2.861
2.954
2.954
2.954
2.954
2.954
2.954
2.953
2.953
2.953
2.953
2.953
2.953
2.955
2.955
2.955
2.955
2.955
2.955
3.05
3.05
3.05
3.05
3.05
3.05
3.345
3.345
3.345
3.345
3.345
3.345
3.562
3.562
3.562
3.562
3.562
3.562
3.973
3.973
3.973
3.973
3.973
3.973
4.156
4.156
4.156
4.156
4.156
4.156
4.243
4.243
4.243
4.243
4.243
4.243
4.186
4.186
4.186
4.186
4.186
4.186
4.826
4.826
4.826
4.826
4.826
4.826
4.546
4.546
4.546
4.546
4.546
4.546
4.452
4.452
4.452
4.452
4.452
4.452
4.191
4.191
4.191
4.191
4.191
4.191
4.723
4.723
4.723
4.723
4.723
4.723
4.797
4.797
4.797
4.797
4.797
4.797
4.871
4.871
4.871
4.871
4.871
4.871
4.72
4.72
4.72
4.72
4.72
4.72
5.219
5.219
5.219
5.219
5.219
5.219
5.253
5.253
5.253
5.253
5.253
5.253
5.45
5.45
5.45
5.45
5.45
5.45
5.745
5.745
5.745
5.745
5.745
5.745
20.254
20.254
20.254
20.254
20.254
20.254
23.588
23.588
23.588
23.588
23.588
23.588
16.605
16.605
16.605
16.605
16.605
16.605
26.387
26.387
26.387
26.387
26.387
26.387
48.885
48.885
48.885
48.885
48.885
48.885
42.931
42.931
42.931
42.931
42.931
42.931
37.472
37.472
37.472
37.472
37.472
37.472
29.454
29.454
29.454
29.454
29.454
29.454
6.622
6.622
6.622
6.622
6.622
6.622
6.01
6.01
6.01
6.01
6.01
6.01
5.862
5.862
5.862
5.862
5.862
5.862
5.499
5.499
5.499
5.499
5.499
5.499
4.559
4.559
4.559
4.559
4.559
4.559
4.115
4.115
4.115
4.115
4.115
4.115
4.045
4.045
4.045
4.045
4.045
4.045
3.996
3.996
3.996
3.996
3.996
3.996
3.696
3.696
3.696
3.696
3.696
3.696
3.633
3.633
3.633
3.633
3.633
3.633
