4.5
4.5
4.5
4.5
4.5
4.5
4.677
4.677
4.677
4.677
4.677
4.677
4.658
4.658
4.658
4.658
4.658
4.658
4.542
4.542
4.542
4.542
4.542
4.542
4.509
4.509
4.509
4.509
4.509
4.509
4.468
4.468
4.468
4.468
4.468
4.468
4.043
4.043
4.043
4.043
4.043
4.043
3.862
3.862
3.862
3.862
3.862
3.862
4.073
4.073
4.073
4.073
4.073
4.073
4.054
4.054
4.054
4.054
4.054
4.054
4.292
4.292
4.292
4.292
4.292
4.292
4.766
4.766
4.766
4.766
4.766
4.766
5.167
5.167
5.167
5.167
5.167
5.167
4.697
4.697
4.697
4.697
4.697
4.697
5.083
5.083
5.083
5.083
5.083
5.083
5.821
5.821
5.821
5.821
5.821
5.821
6.269
6.269
6.269
6.269
6.269
6.269
5.873
5.873
5.873
5.873
5.873
5.873
6.091
6.091
6.091
6.091
6.091
6.091
6.133
6.133
6.133
6.133
6.133
6.133
6.006
6.006
6.006
6.006
6.006
6.006
5.79
5.79
5.79
5.79
5.79
5.79
6.335
6.335
6.335
6.335
6.335
6.335
6.341
6.341
6.341
6.341
6.341
6.341
6.356
6.356
6.356
6.356
6.356
6.356
6.524
6.524
6.524
6.524
6.524
6.524
6.422
6.422
6.422
6.422
6.422
6.422
6.352
6.352
6.352
6.352
6.352
6.352
6.772
6.772
6.772
6.772
6.772
6.772
6.767
6.767
6.767
6.767
6.767
6.767
7.815
7.815
7.815
7.815
7.815
7.815
8.558
8.558
8.558
8.558
8.558
8.558
8.989
8.989
8.989
8.989
8.989
8.989
9.687
9.687
9.687
9.687
9.687
9.687
9.844
9.844
9.844
9.844
9.844
9.844
9.4
9.4
9.4
9.4
9.4
9.4
9.259
9.259
9.259
9.259
9.259
9.259
9.309
9.309
9.309
9.309
9.309
9.309
6.546
6.546
6.546
6.546
6.546
6.546
5.364
5.364
5.364
5.364
5.364
5.364
5.127
5.127
5.127
5.127
5.127
5.127
5.122
5.122
5.122
5.122
5.122
5.122
5.233
5.233
5.233
5.233
5.233
5.233
5.04
5.04
5.04
5.04
5.04
5.04
4.723
4.723
4.723
4.723
4.723
4.723
4.532
4.532
4.532
4.532
4.532
4.532
4.537
4.537
4.537
4.537
4.537
4.537
4.522
4.522
4.522
4.522
4.522
4.522
