3.84
3.84
3.84
3.84
3.84
3.84
3.713
3.713
3.713
3.713
3.713
3.713
4.264
4.264
4.264
4.264
4.264
4.264
4.001
4.001
4.001
4.001
4.001
4.001
4.048
4.048
4.048
4.048
4.048
4.048
4.039
4.039
4.039
4.039
4.039
4.039
3.324
3.324
3.324
3.324
3.324
3.324
3.153
3.153
3.153
3.153
3.153
3.153
3.192
3.192
3.192
3.192
3.192
3.192
3.169
3.169
3.169
3.169
3.169
3.169
3.111
3.111
3.111
3.111
3.111
3.111
3.216
3.216
3.216
3.216
3.216
3.216
3.382
3.382
3.382
3.382
3.382
3.382
3.56
3.56
3.56
3.56
3.56
3.56
3.178
3.178
3.178
3.178
3.178
3.178
3.228
3.228
3.228
3.228
3.228
3.228
3.316
3.316
3.316
3.316
3.316
3.316
3.314
3.314
3.314
3.314
3.314
3.314
4.46
4.46
4.46
4.46
4.46
4.46
5.036
5.036
5.036
5.036
5.036
5.036
5.608
5.608
5.608
5.608
5.608
5.608
5.521
5.521
5.521
5.521
5.521
5.521
5.951
5.951
5.951
5.951
5.951
5.951
6.64
6.64
6.64
6.64
6.64
6.64
7.451
7.451
7.451
7.451
7.451
7.451
7.28
7.28
7.28
7.28
7.28
7.28
7.151
7.151
7.151
7.151
7.151
7.151
6.843
6.843
6.843
6.843
6.843
6.843
6.649
6.649
6.649
6.649
6.649
6.649
6.018
6.018
6.018
6.018
6.018
6.018
5.771
5.771
5.771
5.771
5.771
5.771
5.803
5.803
5.803
5.803
5.803
5.803
6.749
6.749
6.749
6.749
6.749
6.749
7.428
7.428
7.428
7.428
7.428
7.428
7.811
7.811
7.811
7.811
7.811
7.811
7.444
7.444
7.444
7.444
7.444
7.444
5.354
5.354
5.354
5.354
5.354
5.354
4.919
4.919
4.919
4.919
4.919
4.919
5.511
5.511
5.511
5.511
5.511
5.511
5.344
5.344
5.344
5.344
5.344
5.344
4.367
4.367
4.367
4.367
4.367
4.367
4.094
4.094
4.094
4.094
4.094
4.094
3.422
3.422
3.422
3.422
3.422
3.422
3.414
3.414
3.414
3.414
3.414
3.414
3.219
3.219
3.219
3.219
3.219
3.219
3.168
3.168
3.168
3.168
3.168
3.168
3.645
3.645
3.645
3.645
3.645
3.645
3.652
3.652
3.652
3.652
3.652
3.652
