3.057
3.057
3.057
3.057
3.057
3.057
3.018
3.018
3.018
3.018
3.018
3.018
3.356
3.356
3.356
3.356
3.356
3.356
3.567
3.567
3.567
3.567
3.567
3.567
3.546
3.546
3.546
3.546
3.546
3.546
3.538
3.538
3.538
3.538
3.538
3.538
3.43
3.43
3.43
3.43
3.43
3.43
3.309
3.309
3.309
3.309
3.309
3.309
3.407
3.407
3.407
3.407
3.407
3.407
3.378
3.378
3.378
3.378
3.378
3.378
3.17
3.17
3.17
3.17
3.17
3.17
2.713
2.713
2.713
2.713
2.713
2.713
3.55
3.55
3.55
3.55
3.55
3.55
3.663
3.663
3.663
3.663
3.663
3.663
4.304
4.304
4.304
4.304
4.304
4.304
5.223
5.223
5.223
5.223
5.223
5.223
5.508
5.508
5.508
5.508
5.508
5.508
5.638
5.638
5.638
5.638
5.638
5.638
5.89
5.89
5.89
5.89
5.89
5.89
5.783
5.783
5.783
5.783
5.783
5.783
5.901
5.901
5.901
5.901
5.901
5.901
5.959
5.959
5.959
5.959
5.959
5.959
5.441
5.441
5.441
5.441
5.441
5.441
5.439
5.439
5.439
5.439
5.439
5.439
5.613
5.613
5.613
5.613
5.613
5.613
5.718
5.718
5.718
5.718
5.718
5.718
5.709
5.709
5.709
5.709
5.709
5.709
5.694
5.694
5.694
5.694
5.694
5.694
5.655
5.655
5.655
5.655
5.655
5.655
6.037
6.037
6.037
6.037
6.037
6.037
8.796
8.796
8.796
8.796
8.796
8.796
9.639
9.639
9.639
9.639
9.639
9.639
9.257
9.257
9.257
9.257
9.257
9.257
11.174
11.174
11.174
11.174
11.174
11.174
14.742
14.742
14.742
14.742
14.742
14.742
19.561
19.561
19.561
19.561
19.561
19.561
27.294
27.294
27.294
27.294
27.294
27.294
30.215
30.215
30.215
30.215
30.215
30.215
15.795
15.795
15.795
15.795
15.795
15.795
7.599
7.599
7.599
7.599
7.599
7.599
7.781
7.781
7.781
7.781
7.781
7.781
6.796
6.796
6.796
6.796
6.796
6.796
7.425
7.425
7.425
7.425
7.425
7.425
5.356
5.356
5.356
5.356
5.356
5.356
5.422
5.422
5.422
5.422
5.422
5.422
5.263
5.263
5.263
5.263
5.263
5.263
3.73
3.73
3.73
3.73
3.73
3.73
3.358
3.358
3.358
3.358
3.358
3.358
