3.235
3.235
3.235
3.235
3.235
3.235
2.789
2.789
2.789
2.789
2.789
2.789
2.843
2.843
2.843
2.843
2.843
2.843
2.854
2.854
2.854
2.854
2.854
2.854
2.878
2.878
2.878
2.878
2.878
2.878
2.793
2.793
2.793
2.793
2.793
2.793
2.777
2.777
2.777
2.777
2.777
2.777
3.048
3.048
3.048
3.048
3.048
3.048
3.09
3.09
3.09
3.09
3.09
3.09
3.059
3.059
3.059
3.059
3.059
3.059
3.218
3.218
3.218
3.218
3.218
3.218
3.385
3.385
3.385
3.385
3.385
3.385
3.839
3.839
3.839
3.839
3.839
3.839
3.786
3.786
3.786
3.786
3.786
3.786
4.626
4.626
4.626
4.626
4.626
4.626
6.134
6.134
6.134
6.134
6.134
6.134
6.24
6.24
6.24
6.24
6.24
6.24
5.879
5.879
5.879
5.879
5.879
5.879
6.448
6.448
6.448
6.448
6.448
6.448
6.016
6.016
6.016
6.016
6.016
6.016
5.598
5.598
5.598
5.598
5.598
5.598
5.417
5.417
5.417
5.417
5.417
5.417
4.077
4.077
4.077
4.077
4.077
4.077
4.026
4.026
4.026
4.026
4.026
4.026
3.92
3.92
3.92
3.92
3.92
3.92
3.932
3.932
3.932
3.932
3.932
3.932
3.719
3.719
3.719
3.719
3.719
3.719
3.72
3.72
3.72
3.72
3.72
3.72
3.718
3.718
3.718
3.718
3.718
3.718
3.71
3.71
3.71
3.71
3.71
3.71
3.745
3.745
3.745
3.745
3.745
3.745
3.896
3.896
3.896
3.896
3.896
3.896
3.878
3.878
3.878
3.878
3.878
3.878
3.847
3.847
3.847
3.847
3.847
3.847
3.805
3.805
3.805
3.805
3.805
3.805
3.821
3.821
3.821
3.821
3.821
3.821
4.366
4.366
4.366
4.366
4.366
4.366
7.152
7.152
7.152
7.152
7.152
7.152
7.179
7.179
7.179
7.179
7.179
7.179
5.891
5.891
5.891
5.891
5.891
5.891
4.47
4.47
4.47
4.47
4.47
4.47
4.279
4.279
4.279
4.279
4.279
4.279
4.217
4.217
4.217
4.217
4.217
4.217
4.22
4.22
4.22
4.22
4.22
4.22
4.195
4.195
4.195
4.195
4.195
4.195
3.939
3.939
3.939
3.939
3.939
3.939
3.493
3.493
3.493
3.493
3.493
3.493
3.483
3.483
3.483
3.483
3.483
3.483
