2.528
2.528
2.528
2.528
2.528
2.528
2.518
2.518
2.518
2.518
2.518
2.518
2.537
2.537
2.537
2.537
2.537
2.537
2.646
2.646
2.646
2.646
2.646
2.646
2.689
2.689
2.689
2.689
2.689
2.689
2.618
2.618
2.618
2.618
2.618
2.618
2.623
2.623
2.623
2.623
2.623
2.623
2.595
2.595
2.595
2.595
2.595
2.595
2.684
2.684
2.684
2.684
2.684
2.684
2.605
2.605
2.605
2.605
2.605
2.605
2.535
2.535
2.535
2.535
2.535
2.535
2.684
2.684
2.684
2.684
2.684
2.684
2.97
2.97
2.97
2.97
2.97
2.97
3.196
3.196
3.196
3.196
3.196
3.196
4.661
4.661
4.661
4.661
4.661
4.661
5.298
5.298
5.298
5.298
5.298
5.298
5.334
5.334
5.334
5.334
5.334
5.334
4.79
4.79
4.79
4.79
4.79
4.79
3.318
3.318
3.318
3.318
3.318
3.318
3.054
3.054
3.054
3.054
3.054
3.054
2.962
2.962
2.962
2.962
2.962
2.962
2.903
2.903
2.903
2.903
2.903
2.903
2.572
2.572
2.572
2.572
2.572
2.572
2.557
2.557
2.557
2.557
2.557
2.557
2.484
2.484
2.484
2.484
2.484
2.484
2.456
2.456
2.456
2.456
2.456
2.456
2.428
2.428
2.428
2.428
2.428
2.428
2.427
2.427
2.427
2.427
2.427
2.427
2.404
2.404
2.404
2.404
2.404
2.404
2.368
2.368
2.368
2.368
2.368
2.368
2.403
2.403
2.403
2.403
2.403
2.403
2.442
2.442
2.442
2.442
2.442
2.442
2.447
2.447
2.447
2.447
2.447
2.447
2.476
2.476
2.476
2.476
2.476
2.476
2.628
2.628
2.628
2.628
2.628
2.628
2.615
2.615
2.615
2.615
2.615
2.615
2.787
2.787
2.787
2.787
2.787
2.787
2.873
2.873
2.873
2.873
2.873
2.873
3.268
3.268
3.268
3.268
3.268
3.268
3.134
3.134
3.134
3.134
3.134
3.134
3.165
3.165
3.165
3.165
3.165
3.165
3.363
3.363
3.363
3.363
3.363
3.363
3.687
3.687
3.687
3.687
3.687
3.687
3.221
3.221
3.221
3.221
3.221
3.221
2.819
2.819
2.819
2.819
2.819
2.819
2.652
2.652
2.652
2.652
2.652
2.652
2.947
2.947
2.947
2.947
2.947
2.947
2.758
2.758
2.758
2.758
2.758
2.758
