3.803
3.803
3.803
3.803
3.803
3.803
3.868
3.868
3.868
3.868
3.868
3.868
3.833
3.833
3.833
3.833
3.833
3.833
3.531
3.531
3.531
3.531
3.531
3.531
3.583
3.583
3.583
3.583
3.583
3.583
3.797
3.797
3.797
3.797
3.797
3.797
3.316
3.316
3.316
3.316
3.316
3.316
3.152
3.152
3.152
3.152
3.152
3.152
3.161
3.161
3.161
3.161
3.161
3.161
3.091
3.091
3.091
3.091
3.091
3.091
3.526
3.526
3.526
3.526
3.526
3.526
3.686
3.686
3.686
3.686
3.686
3.686
3.879
3.879
3.879
3.879
3.879
3.879
4.101
4.101
4.101
4.101
4.101
4.101
4.218
4.218
4.218
4.218
4.218
4.218
4.331
4.331
4.331
4.331
4.331
4.331
4.374
4.374
4.374
4.374
4.374
4.374
4.406
4.406
4.406
4.406
4.406
4.406
4.72
4.72
4.72
4.72
4.72
4.72
4.708
4.708
4.708
4.708
4.708
4.708
4.69
4.69
4.69
4.69
4.69
4.69
4.685
4.685
4.685
4.685
4.685
4.685
4.109
4.109
4.109
4.109
4.109
4.109
3.931
3.931
3.931
3.931
3.931
3.931
3.94
3.94
3.94
3.94
3.94
3.94
3.931
3.931
3.931
3.931
3.931
3.931
3.943
3.943
3.943
3.943
3.943
3.943
3.892
3.892
3.892
3.892
3.892
3.892
3.867
3.867
3.867
3.867
3.867
3.867
3.802
3.802
3.802
3.802
3.802
3.802
4.477
4.477
4.477
4.477
4.477
4.477
4.564
4.564
4.564
4.564
4.564
4.564
4.68
4.68
4.68
4.68
4.68
4.68
5.44
5.44
5.44
5.44
5.44
5.44
6.231
6.231
6.231
6.231
6.231
6.231
5.43
5.43
5.43
5.43
5.43
5.43
5.317
5.317
5.317
5.317
5.317
5.317
5.236
5.236
5.236
5.236
5.236
5.236
4.625
4.625
4.625
4.625
4.625
4.625
4.571
4.571
4.571
4.571
4.571
4.571
4.498
4.498
4.498
4.498
4.498
4.498
4.3
4.3
4.3
4.3
4.3
4.3
4.042
4.042
4.042
4.042
4.042
4.042
4.052
4.052
4.052
4.052
4.052
4.052
3.946
3.946
3.946
3.946
3.946
3.946
3.802
3.802
3.802
3.802
3.802
3.802
3.707
3.707
3.707
3.707
3.707
3.707
3.626
3.626
3.626
3.626
3.626
3.626
