3.78
3.78
3.78
3.78
3.78
3.78
3.543
3.543
3.543
3.543
3.543
3.543
3.492
3.492
3.492
3.492
3.492
3.492
3.487
3.487
3.487
3.487
3.487
3.487
3.433
3.433
3.433
3.433
3.433
3.433
3.407
3.407
3.407
3.407
3.407
3.407
3.275
3.275
3.275
3.275
3.275
3.275
3.25
3.25
3.25
3.25
3.25
3.25
3.22
3.22
3.22
3.22
3.22
3.22
3.184
3.184
3.184
3.184
3.184
3.184
3.253
3.253
3.253
3.253
3.253
3.253
3.224
3.224
3.224
3.224
3.224
3.224
3.53
3.53
3.53
3.53
3.53
3.53
3.685
3.685
3.685
3.685
3.685
3.685
3.967
3.967
3.967
3.967
3.967
3.967
4.133
4.133
4.133
4.133
4.133
4.133
4.041
4.041
4.041
4.041
4.041
4.041
4.02
4.02
4.02
4.02
4.02
4.02
3.781
3.781
3.781
3.781
3.781
3.781
3.756
3.756
3.756
3.756
3.756
3.756
3.768
3.768
3.768
3.768
3.768
3.768
3.755
3.755
3.755
3.755
3.755
3.755
3.496
3.496
3.496
3.496
3.496
3.496
3.501
3.501
3.501
3.501
3.501
3.501
3.498
3.498
3.498
3.498
3.498
3.498
3.494
3.494
3.494
3.494
3.494
3.494
3.462
3.462
3.462
3.462
3.462
3.462
3.459
3.459
3.459
3.459
3.459
3.459
3.416
3.416
3.416
3.416
3.416
3.416
3.443
3.443
3.443
3.443
3.443
3.443
3.77
3.77
3.77
3.77
3.77
3.77
3.814
3.814
3.814
3.814
3.814
3.814
3.967
3.967
3.967
3.967
3.967
3.967
3.889
3.889
3.889
3.889
3.889
3.889
4.122
4.122
4.122
4.122
4.122
4.122
3.992
3.992
3.992
3.992
3.992
3.992
3.954
3.954
3.954
3.954
3.954
3.954
3.954
3.954
3.954
3.954
3.954
3.954
3.924
3.924
3.924
3.924
3.924
3.924
3.994
3.994
3.994
3.994
3.994
3.994
3.98
3.98
3.98
3.98
3.98
3.98
4.004
4.004
4.004
4.004
4.004
4.004
3.982
3.982
3.982
3.982
3.982
3.982
3.971
3.971
3.971
3.971
3.971
3.971
3.954
3.954
3.954
3.954
3.954
3.954
3.866
3.866
3.866
3.866
3.866
3.866
3.943
3.943
3.943
3.943
3.943
3.943
3.934
3.934
3.934
3.934
3.934
3.934
