3.867
3.867
3.867
3.867
3.867
3.867
3.679
3.679
3.679
3.679
3.679
3.679
3.397
3.397
3.397
3.397
3.397
3.397
3.39
3.39
3.39
3.39
3.39
3.39
3.34
3.34
3.34
3.34
3.34
3.34
3.226
3.226
3.226
3.226
3.226
3.226
2.974
2.974
2.974
2.974
2.974
2.974
2.999
2.999
2.999
2.999
2.999
2.999
2.955
2.955
2.955
2.955
2.955
2.955
2.95
2.95
2.95
2.95
2.95
2.95
3.234
3.234
3.234
3.234
3.234
3.234
3.438
3.438
3.438
3.438
3.438
3.438
4.185
4.185
4.185
4.185
4.185
4.185
4.265
4.265
4.265
4.265
4.265
4.265
4.373
4.373
4.373
4.373
4.373
4.373
5.108
5.108
5.108
5.108
5.108
5.108
5.298
5.298
5.298
5.298
5.298
5.298
5.761
5.761
5.761
5.761
5.761
5.761
5.877
5.877
5.877
5.877
5.877
5.877
5.719
5.719
5.719
5.719
5.719
5.719
5.653
5.653
5.653
5.653
5.653
5.653
5.689
5.689
5.689
5.689
5.689
5.689
4.815
4.815
4.815
4.815
4.815
4.815
5.155
5.155
5.155
5.155
5.155
5.155
4.952
4.952
4.952
4.952
4.952
4.952
4.61
4.61
4.61
4.61
4.61
4.61
4.196
4.196
4.196
4.196
4.196
4.196
4.146
4.146
4.146
4.146
4.146
4.146
4.119
4.119
4.119
4.119
4.119
4.119
4.108
4.108
4.108
4.108
4.108
4.108
3.761
3.761
3.761
3.761
3.761
3.761
3.735
3.735
3.735
3.735
3.735
3.735
3.712
3.712
3.712
3.712
3.712
3.712
3.826
3.826
3.826
3.826
3.826
3.826
4.099
4.099
4.099
4.099
4.099
4.099
4.176
4.176
4.176
4.176
4.176
4.176
4.169
4.169
4.169
4.169
4.169
4.169
4.078
4.078
4.078
4.078
4.078
4.078
4.367
4.367
4.367
4.367
4.367
4.367
4.323
4.323
4.323
4.323
4.323
4.323
4.295
4.295
4.295
4.295
4.295
4.295
4.265
4.265
4.265
4.265
4.265
4.265
4.267
4.267
4.267
4.267
4.267
4.267
4.292
4.292
4.292
4.292
4.292
4.292
4.275
4.275
4.275
4.275
4.275
4.275
4.16
4.16
4.16
4.16
4.16
4.16
4.189
4.189
4.189
4.189
4.189
4.189
4.205
4.205
4.205
4.205
4.205
4.205
