4.17
4.17
4.17
4.17
4.17
4.17
4.028
4.028
4.028
4.028
4.028
4.028
3.929
3.929
3.929
3.929
3.929
3.929
3.656
3.656
3.656
3.656
3.656
3.656
3.439
3.439
3.439
3.439
3.439
3.439
3.384
3.384
3.384
3.384
3.384
3.384
3.333
3.333
3.333
3.333
3.333
3.333
3.281
3.281
3.281
3.281
3.281
3.281
3.261
3.261
3.261
3.261
3.261
3.261
3.162
3.162
3.162
3.162
3.162
3.162
3.375
3.375
3.375
3.375
3.375
3.375
3.333
3.333
3.333
3.333
3.333
3.333
3.313
3.313
3.313
3.313
3.313
3.313
3.27
3.27
3.27
3.27
3.27
3.27
3.328
3.328
3.328
3.328
3.328
3.328
3.521
3.521
3.521
3.521
3.521
3.521
3.353
3.353
3.353
3.353
3.353
3.353
4.162
4.162
4.162
4.162
4.162
4.162
4.642
4.642
4.642
4.642
4.642
4.642
4.665
4.665
4.665
4.665
4.665
4.665
6.0
6.0
6.0
6.0
6.0
6.0
5.872
5.872
5.872
5.872
5.872
5.872
4.935
4.935
4.935
4.935
4.935
4.935
5.35
5.35
5.35
5.35
5.35
5.35
5.002
5.002
5.002
5.002
5.002
5.002
4.78
4.78
4.78
4.78
4.78
4.78
4.749
4.749
4.749
4.749
4.749
4.749
4.656
4.656
4.656
4.656
4.656
4.656
4.722
4.722
4.722
4.722
4.722
4.722
4.698
4.698
4.698
4.698
4.698
4.698
5.082
5.082
5.082
5.082
5.082
5.082
5.167
5.167
5.167
5.167
5.167
5.167
5.215
5.215
5.215
5.215
5.215
5.215
5.539
5.539
5.539
5.539
5.539
5.539
6.207
6.207
6.207
6.207
6.207
6.207
6.359
6.359
6.359
6.359
6.359
6.359
6.317
6.317
6.317
6.317
6.317
6.317
6.156
6.156
6.156
6.156
6.156
6.156
5.595
5.595
5.595
5.595
5.595
5.595
5.242
5.242
5.242
5.242
5.242
5.242
5.061
5.061
5.061
5.061
5.061
5.061
5.031
5.031
5.031
5.031
5.031
5.031
4.946
4.946
4.946
4.946
4.946
4.946
4.881
4.881
4.881
4.881
4.881
4.881
4.76
4.76
4.76
4.76
4.76
4.76
4.537
4.537
4.537
4.537
4.537
4.537
4.783
4.783
4.783
4.783
4.783
4.783
4.82
4.82
4.82
4.82
4.82
4.82
