4.401
4.401
4.401
4.401
4.401
4.401
4.555
4.555
4.555
4.555
4.555
4.555
4.805
4.805
4.805
4.805
4.805
4.805
4.309
4.309
4.309
4.309
4.309
4.309
4.254
4.254
4.254
4.254
4.254
4.254
4.195
4.195
4.195
4.195
4.195
4.195
3.814
3.814
3.814
3.814
3.814
3.814
3.853
3.853
3.853
3.853
3.853
3.853
3.81
3.81
3.81
3.81
3.81
3.81
3.853
3.853
3.853
3.853
3.853
3.853
4.414
4.414
4.414
4.414
4.414
4.414
4.49
4.49
4.49
4.49
4.49
4.49
4.75
4.75
4.75
4.75
4.75
4.75
4.514
4.514
4.514
4.514
4.514
4.514
5.153
5.153
5.153
5.153
5.153
5.153
5.593
5.593
5.593
5.593
5.593
5.593
5.625
5.625
5.625
5.625
5.625
5.625
5.574
5.574
5.574
5.574
5.574
5.574
5.896
5.896
5.896
5.896
5.896
5.896
5.748
5.748
5.748
5.748
5.748
5.748
5.659
5.659
5.659
5.659
5.659
5.659
5.313
5.313
5.313
5.313
5.313
5.313
4.531
4.531
4.531
4.531
4.531
4.531
4.437
4.437
4.437
4.437
4.437
4.437
4.393
4.393
4.393
4.393
4.393
4.393
4.243
4.243
4.243
4.243
4.243
4.243
4.175
4.175
4.175
4.175
4.175
4.175
4.136
4.136
4.136
4.136
4.136
4.136
4.145
4.145
4.145
4.145
4.145
4.145
4.163
4.163
4.163
4.163
4.163
4.163
5.104
5.104
5.104
5.104
5.104
5.104
5.36
5.36
5.36
5.36
5.36
5.36
5.389
5.389
5.389
5.389
5.389
5.389
6.034
6.034
6.034
6.034
6.034
6.034
7.989
7.989
7.989
7.989
7.989
7.989
10.01
10.01
10.01
10.01
10.01
10.01
12.257
12.257
12.257
12.257
12.257
12.257
11.153
11.153
11.153
11.153
11.153
11.153
7.814
7.814
7.814
7.814
7.814
7.814
6.042
6.042
6.042
6.042
6.042
6.042
5.155
5.155
5.155
5.155
5.155
5.155
4.439
4.439
4.439
4.439
4.439
4.439
4.452
4.452
4.452
4.452
4.452
4.452
4.3
4.3
4.3
4.3
4.3
4.3
4.216
4.216
4.216
4.216
4.216
4.216
4.275
4.275
4.275
4.275
4.275
4.275
3.95
3.95
3.95
3.95
3.95
3.95
4.25
4.25
4.25
4.25
4.25
4.25
