0.0
0.0
0.0
0.0
0.0
0.0
0.0
0.0
0.0
0.0
0.0
0.0
0.0
0.0
0.0
0.0
0.0
0.0
0.0
0.0
0.0
0.0
0.0
0.0
5.946907135204066E-9
3.5191999999999997E-6
2.643506666666667E-5
4.085993333333333E-5
5.363826666666666E-5
7.044439999999999E-5
1.0855939999999998E-4
1.1161026666666665E-4
1.3814353333333336E-4
3.87728E-4
4.6760933333333334E-4
4.2112066666666673E-4
4.516786666666667E-4
5.78008E-4
6.582280000000001E-4
0.0010303633333333334
0.0010761733333333335
0.0010898933333333334
0.0011016733333333334
0.0011121266666666665
6.082899999999998E-4
2.05924E-4
5.289573333333334E-4
8.905053333333333E-4
9.211180000000001E-4
5.53958E-4
0.0010339653333333333
0.00112906
0.001072148
6.590373333333332E-4
3.0983400000000004E-4
2.67798E-4
2.9634800000000004E-4
3.10872E-4
3.396086666666666E-4
3.047433333333333E-4
5.365893333333333E-4
6.8169E-4
7.200406666666667E-4
8.060726666666667E-4
8.272113333333334E-4
8.325606666666665E-4
4.4894666666666673E-4
2.65654E-4
3.7020399999999995E-4
4.068773333333333E-4
5.513133333333333E-4
3.7617533333333334E-4
3.113813333333333E-4
4.586533333333333E-4
3.1011933333333335E-4
1.6142753333333335E-4
3.1426353333333336E-5
2.920284966913361E-7
0.0
0.0
0.0
0.0
0.0
0.0
0.0
0.0
0.0
0.0
0.0
0.0
0.0
0.0
0.0
0.0
0.0
0.0
