0.0
0.0
0.0
0.0
0.0
0.0
0.0
0.0
0.0
0.0
0.0
0.0
0.0
0.0
0.0
0.0
0.0
0.0
0.0
0.0
0.0
0.0
0.0
0.0
4.4683722735446E-8
2.9906873333333333E-5
1.4934173333333334E-4
2.4702666666666666E-4
3.2039800000000006E-4
3.61734E-4
3.597526666666666E-4
4.83676E-4
6.570466666666667E-4
5.945093333333333E-4
6.858139999999999E-4
5.37914E-4
2.1054399999999998E-4
2.0978000000000001E-4
1.7973133333333335E-4
3.00274E-4
6.222959999999999E-4
4.8619133333333334E-4
7.57194E-4
7.535673333333332E-4
3.332133333333333E-4
4.25564E-4
3.05924E-4
4.437733333333332E-4
4.252479999999999E-4
6.445646666666667E-4
4.1327933333333333E-4
0.001060428666666667
0.0010561420000000001
0.0010585806666666665
8.901153333333333E-4
9.96338E-4
9.784060000000002E-4
8.828626666666665E-4
6.107E-4
6.116406666666666E-4
6.937406666666668E-4
0.0010636726666666668
5.2288E-4
1.9109933333333334E-4
2.117926666666667E-4
1.7925866666666668E-4
2.3656666666666668E-4
3.9858799999999996E-4
6.621386666666666E-4
7.804926666666668E-4
5.114666666666666E-4
5.263013333333333E-4
5.669533333333333E-4
4.568113333333333E-4
2.6656466666666665E-4
1.3416333333333332E-4
3.7083786666666647E-5
1.0417268996378727E-6
0.0
0.0
0.0
0.0
0.0
0.0
0.0
0.0
0.0
0.0
0.0
0.0
0.0
0.0
0.0
0.0
0.0
0.0
