0.0
0.0
0.0
0.0
0.0
0.0
0.0
0.0
0.0
0.0
0.0
0.0
0.0
0.0
0.0
0.0
0.0
0.0
0.0
0.0
0.0
0.0
0.0
0.0
9.744104627718667E-9
7.657451333333333E-6
6.263306666666666E-5
1.346666666666667E-4
2.1129800000000004E-4
4.7353133333333334E-4
6.9879E-4
7.747853333333333E-4
8.359146666666666E-4
7.65468E-4
8.613313333333333E-4
4.7575733333333326E-4
5.320513333333333E-4
5.44378E-4
3.51044E-4
3.6363066666666663E-4
7.135380000000001E-4
0.0010645533333333331
7.359520000000001E-4
5.512713333333334E-4
8.72804E-4
0.00111182
0.0011324266666666671
9.835626666666666E-4
7.08262E-4
8.174993333333332E-4
6.511780000000001E-4
5.808653333333332E-4
7.333613333333335E-4
8.88144E-4
0.0011363533333333333
9.107346666666666E-4
3.9683733333333325E-4
5.92372E-4
8.420346666666667E-4
6.984760000000002E-4
5.031126666666665E-4
6.664153333333332E-4
3.2218133333333337E-4
7.194326666666665E-4
6.008239999999999E-4
4.948213333333334E-4
3.556026666666666E-4
2.1261933333333334E-4
2.189773333333333E-4
2.664046666666667E-4
4.267813333333333E-4
5.84578E-4
4.24726E-4
3.367433333333333E-4
2.5110133333333337E-4
2.0863266666666666E-4
6.005333333333333E-5
1.1879402329712094E-6
0.0
0.0
0.0
0.0
0.0
0.0
0.0
0.0
0.0
0.0
0.0
0.0
0.0
0.0
0.0
0.0
0.0
0.0
