0.0
0.0
0.0
0.0
0.0
0.0
0.0
0.0
0.0
0.0
0.0
0.0
0.0
0.0
0.0
0.0
0.0
0.0
0.0
0.0
0.0
0.0
0.0
0.0
8.327420778396665E-9
6.290166E-6
3.0048800000000003E-5
6.76396E-5
7.035066666666666E-5
9.103026666666667E-5
1.1145986666666665E-4
1.011064E-4
9.232186666666665E-5
7.252173333333334E-5
6.239059999999999E-5
7.70644E-5
5.6240999999999986E-5
7.551813333333334E-5
1.4020333333333333E-4
1.6755999999999995E-4
1.9442466666666668E-4
1.8457666666666666E-4
2.2189800000000002E-4
3.3737066666666667E-4
3.698626666666667E-4
4.2175133333333337E-4
8.750133333333333E-4
8.077013333333335E-4
6.343026666666666E-4
9.463393333333333E-4
0.00114378
0.0011359266666666667
0.0010409066666666666
0.0010798293333333334
0.0010197353333333333
8.968399999999999E-4
7.135793333333334E-4
8.895593333333334E-4
0.001048856
0.0010359586666666666
9.913880000000002E-4
0.0010679466666666667
9.483886666666666E-4
8.333153333333332E-4
6.404453333333332E-4
9.027573333333333E-4
9.647993333333334E-4
9.179566666666667E-4
8.905979999999998E-4
7.85518E-4
5.808179999999999E-4
6.246226666666667E-4
5.131940000000001E-4
4.0751000000000003E-4
1.7233866666666666E-4
1.9260933333333337E-4
4.178514666666668E-5
4.849534452394745E-7
0.0
0.0
0.0
0.0
0.0
0.0
0.0
0.0
0.0
0.0
0.0
0.0
0.0
0.0
0.0
0.0
0.0
0.0
