0.0
0.0
0.0
0.0
0.0
0.0
0.0
0.0
0.0
0.0
0.0
0.0
0.0
0.0
0.0
0.0
0.0
0.0
0.0
0.0
0.0
0.0
0.0
0.0
1.5218179729928E-8
1.1701129333333335E-5
1.2639493333333336E-4
2.3663933333333334E-4
4.0375266666666676E-4
4.690780000000001E-4
5.590053333333333E-4
7.572713333333334E-4
7.977446666666666E-4
6.893386666666665E-4
4.281233333333333E-4
3.2850066666666666E-4
2.66588E-4
2.446566666666667E-4
3.178139999999999E-4
7.713286666666667E-4
7.948446666666668E-4
3.572866666666667E-4
2.2982399999999997E-4
2.0905266666666669E-4
1.44865E-4
1.1355233333333333E-4
2.568853333333333E-4
5.144373333333332E-4
8.015513333333331E-4
5.569279999999999E-4
5.512986666666667E-4
8.767066666666665E-4
5.93972E-4
7.080246666666666E-4
9.644846666666665E-4
5.709106666666666E-4
0.0010939400000000003
0.00111828
0.0010072393333333334
9.295193333333333E-4
9.778586666666668E-4
5.905306666666667E-4
3.0121466666666665E-4
4.171546666666667E-4
3.701986666666666E-4
3.4069999999999993E-4
3.0688333333333336E-4
2.7115066666666665E-4
2.1935933333333335E-4
2.6263866666666663E-4
6.641993333333335E-4
7.025213333333333E-4
5.952753333333334E-4
4.3203466666666667E-4
2.0883666666666667E-4
8.746033333333331E-5
3.272575333333334E-5
7.628154485297411E-7
0.0
0.0
0.0
0.0
0.0
0.0
0.0
0.0
0.0
0.0
0.0
0.0
0.0
0.0
0.0
0.0
0.0
0.0
