0.0
0.0
0.0
0.0
0.0
0.0
0.0
0.0
0.0
0.0
0.0
0.0
0.0
0.0
0.0
0.0
0.0
0.0
0.0
0.0
0.0
0.0
0.0
0.0
3.8464453622615335E-8
2.9419730666666664E-5
1.205798E-4
2.1603086666666666E-4
2.571926666666667E-4
1.6831933333333332E-4
1.4252066666666665E-4
1.025274E-4
8.77858E-5
2.082553333333333E-4
2.2906066666666662E-4
3.60002E-4
6.336433333333334E-4
8.45334E-4
4.8476266666666666E-4
9.622893333333333E-4
9.978713333333334E-4
6.095379999999999E-4
4.291026666666667E-4
6.228360000000001E-4
8.605873333333334E-4
9.487933333333333E-4
9.956573333333332E-4
9.581633333333333E-4
0.0011203553333333336
9.668946666666668E-4
0.00114378
0.0011260153333333333
0.0010980633333333334
6.649653333333333E-4
9.6515E-4
4.6025266666666667E-4
3.3695599999999996E-4
2.5718266666666665E-4
2.1014600000000003E-4
1.8171600000000003E-4
2.4489933333333335E-4
3.5364E-4
5.027559999999999E-4
6.719466666666666E-4
5.697446666666667E-4
6.2547E-4
3.227786666666666E-4
1.9736266666666667E-4
1.49518E-4
2.1212800000000004E-4
3.6655866666666665E-4
2.0456066666666665E-4
1.4798733333333333E-4
1.0177593333333333E-4
6.985426666666667E-5
2.71024E-5
8.426493333333334E-6
6.304166074551369E-7
0.0
0.0
0.0
0.0
0.0
0.0
0.0
0.0
0.0
0.0
0.0
0.0
0.0
0.0
0.0
0.0
0.0
0.0
