0.06400000000000003
0.060000000000000026
0.09700000000000002
0.1912
0.2730000000000001
0.12413333333333339
0.07000000000000003
0.07000000000000003
0.07000000000000003
0.2053333333333334
0.28820000000000007
0.12580000000000002
0.07000000000000003
0.07000000000000003
0.2730000000000001
0.23293333333333327
0.11340000000000003
0.07000000000000003
0.16473333333333337
0.2730000000000001
0.07000000000000003
0.07000000000000003
0.08240000000000003
0.24420000000000006
0.2792000000000001
0.08353333333333338
0.07000000000000003
0.07620000000000003
0.16299999999999998
0.08240000000000004
0.07000000000000003
0.1782666666666667
0.25946666666666673
0.1444
0.10720000000000003
0.14866666666666667
0.3504
0.3086666666666667
0.168
0.5308
0.1742
0.40986666666666677
0.32926666666666665
0.12133333333333335
0.43079999999999974
0.07266666666666668
0.5525999999999999
0.13346666666666665
0.14826666666666669
0.12373333333333332
0.3426666666666666
0.21453333333333335
0.13000000000000003
0.08186666666666668
0.20380000000000004
0.25793333333333335
0.09159999999999999
0.1567333333333333
0.10100000000000002
0.15059999999999998
0.07000000000000003
0.24593333333333342
0.1918
0.08240000000000003
0.16299999999999998
0.10326666666666671
0.2730000000000001
0.13766666666666671
0.07000000000000003
0.10720000000000002
0.1444
0.19180000000000005
0.2459333333333334
0.07000000000000003
0.07620000000000003
0.16299999999999998
0.08240000000000004
0.07000000000000003
0.2053333333333334
0.23240000000000005
0.07000000000000003
0.11960000000000001
0.3272666666666667
0.46299999999999997
0.3008
0.29606666666666664
0.38266666666666677
0.44239999999999996
0.5982666666666667
0.43106666666666676
0.43900000000000006
0.5573333333333335
0.10100000000000002
0.16413333333333335
0.2730000000000001
0.15120000000000003
