0.06600000000000003
0.058000000000000024
0.059333333333333356
0.13533333333333333
0.15406666666666669
0.22900000000000006
0.08773333333333339
0.12146666666666665
0.13533333333333333
0.06600000000000003
0.0768666666666667
0.31913333333333344
0.14413333333333334
0.06600000000000003
0.06600000000000003
0.06600000000000003
0.06600000000000003
0.06600000000000003
0.22900000000000006
0.12033333333333338
0.06600000000000003
0.06600000000000003
0.06600000000000003
0.07986666666666668
0.27866666666666673
0.18159999999999998
0.06600000000000003
0.06600000000000003
0.06600000000000003
0.09373333333333335
0.4287999999999999
0.3952
0.3196
0.06600000000000003
0.14226666666666665
0.11453333333333336
0.22900000000000006
0.12033333333333338
0.15613333333333332
0.10066666666666671
0.06600000000000003
0.16380000000000003
0.18553333333333333
0.06600000000000003
0.14919999999999997
0.16193333333333337
0.3009333333333333
0.07499999999999998
3.5224
1.2153333333333334
0.16106666666666666
0.09173333333333338
0.42940000000000017
0.15033333333333335
0.08366666666666668
3.2627333333333337
0.15706666666666666
0.2844666666666667
0.09860000000000005
0.06600000000000003
0.06600000000000003
0.14226666666666665
0.11453333333333336
0.06600000000000003
0.1746666666666667
0.17466666666666664
0.06600000000000003
0.08680000000000002
0.18086666666666665
0.22900000000000006
0.1094666666666667
0.06600000000000003
1.9675333333333334
0.5254666666666666
0.7134666666666667
0.4749333333333332
0.4416666666666666
0.4432
3.4781333333333326
2.1883999999999997
1.438133333333333
4.085466666666667
0.8337333333333335
0.5326666666666665
0.4760666666666667
0.7366666666666666
4.474466666666666
1.6754666666666658
2.7221333333333333
3.441733333333333
0.22900000000000006
0.12033333333333338
0.06600000000000003
0.06600000000000003
0.1284
0.12840000000000001
