0.09446666666666668
0.25700000000000006
0.10139999999999995
0.05300000000000002
0.061800000000000015
0.3265333333333333
0.37240000000000006
0.08153333333333333
0.05300000000000002
0.16219999999999998
0.10180000000000003
0.18500000000000003
0.0794
0.13859999999999997
0.26699999999999996
0.27326666666666666
0.16339999999999996
0.05300000000000002
0.060800000000000014
0.16999999999999996
0.06860000000000002
0.05300000000000002
0.1008
0.28639999999999993
0.08819999999999999
0.3214666666666667
0.32500000000000007
0.1422
0.23786666666666664
0.2784000000000001
0.23466666666666675
0.28119999999999995
0.23866666666666672
0.16020000000000004
0.12173333333333335
0.2778
0.28459999999999996
0.2036666666666666
0.09979999999999996
0.05300000000000002
0.2706
0.311
0.09846666666666667
0.16219999999999996
0.05300000000000002
0.05300000000000002
0.05300000000000002
0.15860000000000002
0.12339999999999998
0.31266666666666665
0.24759999999999993
0.05300000000000002
0.1322
0.1498
0.2384666666666666
0.18006666666666676
0.10380000000000002
0.18913333333333335
0.1688
0.15760000000000005
0.155
0.7291333333333334
0.5102000000000001
0.12433333333333328
0.05300000000000002
0.05300000000000002
0.05300000000000002
0.05300000000000002
0.36840000000000006
0.1918666666666666
0.17620000000000002
0.10579999999999996
0.11539999999999999
0.34500000000000003
0.2320666666666667
0.1498
0.2580666666666667
0.32699999999999996
0.3055333333333333
0.5535999999999999
0.8333333333333333
0.5946666666666667
0.3744666666666667
0.6992666666666666
0.6442666666666664
0.24066666666666667
0.22599999999999998
0.11799999999999997
0.26699999999999996
0.23540000000000003
0.13219999999999998
0.10759999999999999
0.13879999999999995
0.05300000000000002
0.1880666666666667
0.399
