0.3247333333333334
0.19913333333333336
0.17746666666666666
0.1313333333333333
0.06699999999999998
0.18726666666666664
0.23846666666666663
0.20819999999999997
0.1699333333333334
0.06699999999999998
0.1894
0.25659999999999994
0.21366666666666662
0.16979999999999995
0.15660000000000002
0.06699999999999998
0.1982
0.1763333333333334
0.15706666666666666
0.1890666666666666
0.16113333333333335
0.23099999999999996
0.13259999999999997
0.11846666666666666
0.1956666666666667
0.12726666666666667
0.3078
0.12166666666666663
0.1699333333333333
0.14420000000000002
0.29673333333333335
0.4943333333333333
0.2349999999999999
0.2204666666666667
0.09079999999999998
0.4302666666666666
0.21579999999999994
0.06699999999999998
0.06699999999999998
0.06699999999999998
0.14466666666666667
0.48146666666666654
0.11073333333333331
0.06699999999999998
0.0926
0.15660000000000002
0.15446666666666667
0.40533333333333327
0.5730666666666667
1.003
0.143
1.7580666666666667
1.531066666666667
0.35866666666666674
0.30100000000000005
0.14793333333333333
0.29353333333333337
0.5754666666666667
1.6453333333333329
0.9168000000000002
0.16299999999999998
0.07979999999999997
0.06699999999999998
0.36740000000000006
0.18726666666666672
0.06699999999999998
0.099
0.15020000000000003
0.9834666666666667
0.4317333333333332
0.16319999999999998
0.26613333333333333
0.06699999999999998
0.06699999999999998
0.1982
0.4173333333333334
0.18259999999999993
0.14380000000000004
0.06699999999999998
0.07793333333333333
0.33353333333333335
0.32539999999999997
0.06699999999999998
0.06699999999999998
0.15446666666666667
0.3291333333333333
0.2532666666666667
0.06699999999999998
0.06699999999999998
0.06699999999999998
0.23099999999999996
0.3492666666666666
0.15660000000000002
0.06699999999999998
0.14353333333333337
0.263
