0.06099999999999997
0.06499999999999997
0.07099999999999998
0.18700000000000003
0.14833333333333337
0.07099999999999998
0.07099999999999998
0.07099999999999998
0.07099999999999998
0.17733333333333337
0.15800000000000006
0.07099999999999998
0.07099999999999998
0.158
0.35286666666666666
2.452
0.07099999999999998
0.07099999999999998
0.07099999999999998
0.14833333333333334
0.18700000000000008
0.07099999999999998
0.07099999999999998
0.07099999999999998
0.07099999999999998
0.12899999999999998
0.2063333333333334
0.21299999999999997
0.25999999999999995
0.17066666666666663
0.2872000000000001
1.5189333333333332
2.352533333333333
0.5967333333333333
1.1542666666666668
0.3345333333333332
0.22999999999999993
0.2847333333333332
0.17839999999999998
0.26559999999999995
0.14659999999999998
0.07099999999999998
0.158
0.1773333333333334
0.07099999999999998
0.07099999999999998
0.07099999999999998
0.13866666666666666
0.19666666666666674
0.07099999999999998
0.07099999999999998
0.12899999999999998
0.2063333333333334
0.07099999999999998
0.07099999999999998
0.07099999999999998
0.10966666666666665
0.21600000000000008
0.08066666666666664
0.07099999999999998
0.07099999999999998
0.158
0.1773333333333334
0.07099999999999998
0.07099999999999998
0.158
0.1773333333333334
0.07099999999999998
0.07099999999999998
0.07099999999999998
0.07099999999999998
0.07099999999999998
0.14813333333333334
0.4137333333333334
0.5013333333333333
0.23100000000000012
0.33133333333333326
0.8787333333333331
0.4817333333333333
0.5168666666666668
0.5609333333333332
0.9635999999999997
0.41133333333333333
0.5667333333333334
0.4592
0.47446666666666665
0.491
1.031733333333333
0.7456666666666667
0.9595333333333336
1.0223333333333333
0.9122000000000001
0.6777999999999996
0.09033333333333331
0.07099999999999998
0.06699999999999998
