0.060000000000000026
0.06733333333333337
0.14606666666666668
0.21126666666666669
0.12920000000000004
0.21799999999999992
0.15240000000000004
0.11120000000000003
0.07000000000000003
0.16873333333333335
0.3957999999999999
0.0768666666666667
0.17300000000000001
0.08373333333333338
0.13520000000000004
0.3109333333333334
0.18839999999999993
0.07000000000000003
0.07000000000000003
0.12493333333333335
0.27186666666666665
0.28526666666666667
0.14606666666666668
0.07000000000000003
0.07000000000000003
0.2317333333333333
0.25153333333333333
0.2637333333333333
0.3234666666666666
0.34819999999999995
0.6141333333333333
0.5037333333333331
0.3310000000000001
0.07000000000000003
0.19099999999999998
0.4669333333333334
0.4103333333333335
0.4151999999999999
0.22199999999999998
0.19133333333333327
0.38966666666666666
0.2983333333333334
0.35526666666666673
0.22699999999999995
0.26993333333333336
0.3706
0.3862
0.7856000000000002
0.29640000000000005
0.2592
0.5968
0.2849333333333333
0.35413333333333347
0.31493333333333334
0.44260000000000005
0.23446666666666657
0.25226666666666675
0.39486666666666675
0.4683999999999999
0.21499999999999997
0.17733333333333326
0.07000000000000003
0.12493333333333335
0.13866666666666666
0.23300000000000007
0.1391333333333334
0.2623999999999999
0.07000000000000003
0.07000000000000003
0.22213333333333338
0.18326666666666672
0.32313333333333333
0.09960000000000005
0.07000000000000003
0.07000000000000003
0.1786666666666667
0.41026666666666667
0.5492666666666667
0.29693333333333327
0.11533333333333336
0.09746666666666669
0.19573333333333334
0.3562666666666666
0.17866666666666664
0.1180666666666667
0.14553333333333332
0.07000000000000003
0.2771999999999999
0.07000000000000003
0.07000000000000003
0.07000000000000003
0.09960000000000004
0.4105999999999999
0.2204666666666667
0.09746666666666672
0.06266666666666669
