0.13500000000000006
0.06600000000000003
0.09033333333333332
0.27040000000000014
0.8501999999999996
0.4431333333333333
0.5730000000000002
0.536
0.7305999999999998
1.1619333333333335
0.5326666666666667
0.13126666666666661
0.07299999999999998
0.15833333333333335
0.13699999999999998
0.07299999999999998
0.07299999999999998
0.07299999999999998
0.07299999999999998
0.07299999999999998
0.31433333333333324
0.11899999999999997
0.07299999999999998
0.07299999999999998
0.11133333333333331
0.17266666666666666
0.19033333333333335
0.10499999999999997
0.07299999999999998
0.08833333333333332
0.18800000000000003
0.23000000000000007
0.07299999999999998
0.07299999999999998
0.07299999999999998
0.07299999999999998
0.15833333333333335
0.13699999999999998
0.08833333333333332
0.18800000000000003
0.08066666666666665
0.09433333333333332
0.2163333333333334
0.18800000000000003
0.33686666666666665
2.4829999999999997
2.5580000000000003
2.6953333333333322
2.3369333333333335
0.2919999999999999
0.3872000000000001
0.4113333333333332
0.2480000000000001
0.3106666666666666
0.24106666666666676
0.33666666666666667
0.38006666666666666
0.9000000000000006
0.8528666666666668
0.2474000000000001
0.23806666666666665
0.4472000000000001
0.26086666666666664
0.07299999999999998
0.17966666666666672
0.4392000000000001
0.7369333333333333
0.3942
0.3186
0.8717999999999999
0.6510666666666668
0.5592666666666666
0.491
0.5388666666666666
0.5011333333333333
0.29006666666666675
0.48879999999999996
0.46640000000000015
0.34539999999999993
1.9032000000000002
2.5414666666666674
2.713333333333333
2.7968666666666664
3.232400000000001
0.9811333333333331
0.8261999999999998
0.7416666666666667
0.7576666666666668
0.8116666666666668
0.7444666666666666
0.3410000000000002
0.12633333333333335
0.169
0.08066666666666665
0.18800000000000003
0.0883333333333333
