0.060000000000000026
0.15839999999999999
0.2305333333333333
0.07000000000000003
0.07000000000000003
0.07000000000000003
0.07000000000000003
0.07000000000000003
0.07000000000000003
0.07000000000000003
0.18466666666666667
0.20759999999999995
0.07000000000000003
0.07000000000000003
0.07000000000000003
0.07000000000000003
0.19613333333333335
0.1961333333333333
0.07000000000000003
0.07000000000000003
0.07000000000000003
0.07000000000000003
0.23053333333333334
0.16173333333333326
0.07000000000000003
0.07000000000000003
0.07000000000000003
0.16173333333333334
0.2305333333333333
0.07000000000000003
0.07000000000000003
0.07000000000000003
0.29700000000000004
0.19866666666666657
0.07000000000000003
0.20759999999999998
0.18466666666666662
0.07000000000000003
0.07000000000000003
0.07000000000000003
0.16173333333333334
0.2305333333333333
0.07000000000000003
0.07000000000000003
0.07000000000000003
0.1732
0.21906666666666663
0.07000000000000003
0.07000000000000003
0.07000000000000003
0.07000000000000003
0.07000000000000003
0.07000000000000003
0.07000000000000003
0.19613333333333335
0.1961333333333333
0.07000000000000003
0.07000000000000003
0.07000000000000003
0.07000000000000003
0.21653333333333336
0.4770666666666666
0.4653333333333333
0.8452666666666669
0.5509333333333334
0.7331999999999999
0.5862666666666666
0.1919333333333332
0.07000000000000003
0.2206666666666667
0.4468666666666666
0.30066666666666664
0.7921333333333335
0.6060666666666666
0.8275333333333332
0.9503333333333334
0.1388
0.07000000000000003
0.07000000000000003
0.12733333333333335
0.242
0.09293333333333338
0.07000000000000003
0.07000000000000003
0.21906666666666666
0.17319999999999994
0.07000000000000003
0.07000000000000003
0.07000000000000003
0.16173333333333334
0.2305333333333333
0.07000000000000003
0.07000000000000003
0.07000000000000003
0.13879999999999998
0.23533333333333342
