0.06299999999999997
0.12500000000000003
0.12019999999999999
0.07099999999999998
0.07099999999999998
0.16699999999999995
0.09019999999999997
0.07099999999999998
0.07099999999999998
0.09019999999999999
0.16699999999999995
0.07099999999999998
0.2363333333333333
0.31439999999999996
0.103
0.1542
0.07099999999999998
0.07099999999999998
0.07099999999999998
0.07099999999999998
0.12220000000000002
0.13499999999999998
0.07099999999999998
0.07099999999999998
0.07099999999999998
0.07099999999999998
0.07099999999999998
0.12860000000000002
0.3144666666666667
0.3995999999999999
0.468
0.44773333333333326
0.3175333333333333
0.3919333333333333
0.07099999999999998
0.12220000000000002
0.13499999999999998
0.07099999999999998
0.07099999999999998
0.07099999999999998
0.07099999999999998
0.17966666666666667
0.3436000000000001
0.2632
0.22539999999999996
0.23233333333333334
0.41279999999999994
1.28
0.7842
0.31266666666666676
0.2836666666666667
0.23099999999999996
0.23099999999999996
0.15153333333333335
0.17140000000000002
0.27580000000000005
0.34573333333333334
0.297
0.3810000000000001
0.1876666666666668
0.24073333333333333
0.5198000000000002
1.0043333333333335
0.4596666666666667
2.9823333333333335
0.7831999999999998
0.43700000000000006
0.5278666666666668
0.5751333333333333
0.49140000000000017
0.5646666666666665
0.6897333333333333
0.5862666666666667
1.0632
0.5606666666666666
0.6493333333333334
0.7273999999999999
0.765933333333333
0.8222000000000003
0.4345999999999999
0.07099999999999998
0.07099999999999998
0.103
0.1542
0.07099999999999998
0.07099999999999998
0.07099999999999998
0.14780000000000001
0.10939999999999997
0.07099999999999998
0.07099999999999998
0.07099999999999998
0.07099999999999998
0.07739999999999997
0.16699999999999995
0.08379999999999997
