0.05700000000000002
0.06366666666666666
0.06699999999999998
0.21820000000000003
0.13179999999999997
0.06699999999999998
0.17106666666666667
0.39799999999999996
0.1750000000000001
0.06699999999999998
0.06699999999999998
0.17500000000000002
0.2790666666666667
0.29
0.06699999999999998
0.06699999999999998
0.20740000000000006
0.21693333333333334
0.29
0.0967333333333333
0.06699999999999998
0.06699999999999998
0.23053333333333334
0.34933333333333333
0.1642000000000001
0.06699999999999998
0.06699999999999998
0.21693333333333334
0.4304
0.0967333333333333
0.06699999999999998
0.06699999999999998
0.23853333333333332
0.40880000000000005
0.0967333333333333
0.06699999999999998
0.06699999999999998
0.06699999999999998
0.13180000000000003
0.21820000000000006
0.06699999999999998
0.06699999999999998
0.06699999999999998
0.23053333333333334
0.23053333333333337
0.06699999999999998
0.22900000000000006
0.12099999999999997
0.06699999999999998
0.06699999999999998
0.2454
0.37840000000000007
0.3755333333333334
0.37079999999999996
0.3635333333333334
0.29
0.3475333333333334
0.46266666666666667
0.06699999999999998
0.06699999999999998
0.22773333333333332
0.41960000000000003
0.0967333333333333
0.06699999999999998
0.06699999999999998
0.1562
0.29
0.1898666666666667
0.1750000000000001
0.06699999999999998
0.06699999999999998
0.267
0.3776666666666667
0.09939999999999996
0.06699999999999998
0.06699999999999998
0.34933333333333333
0.32773333333333343
0.43666666666666676
0.4737333333333334
0.5078666666666668
0.6714000000000001
0.5745333333333335
0.7606666666666666
0.7840666666666666
0.5237333333333334
0.27513333333333334
0.06699999999999998
0.35620000000000007
0.44239999999999996
0.7441333333333333
0.8057333333333332
0.4696666666666668
0.06699999999999998
0.06699999999999998
0.1791333333333333
