0.15920000000000004
0.30693333333333345
0.06400000000000003
0.07000000000000003
0.07000000000000003
0.21960000000000005
0.21959999999999996
0.07000000000000003
0.07000000000000003
0.07000000000000003
0.07000000000000003
0.11080000000000002
0.274
0.12440000000000005
0.07000000000000003
0.07000000000000003
0.138
0.274
0.09720000000000005
0.07000000000000003
0.07000000000000003
0.1188
0.3490000000000001
0.1885999999999999
0.07000000000000003
0.07000000000000003
0.07000000000000003
0.21960000000000005
0.21959999999999996
0.07000000000000003
0.07000000000000003
0.07000000000000003
0.07000000000000003
0.07000000000000003
0.07000000000000003
0.07000000000000003
0.1652
0.274
0.07000000000000003
0.07000000000000003
0.15700000000000003
0.2796666666666667
0.27033333333333337
0.08
0.08106666666666668
0.07000000000000003
0.09099999999999998
0.3506666666666666
2.2384
2.6450000000000005
2.6450000000000005
2.6450000000000005
0.9283333333333335
0.07000000000000003
0.07000000000000003
0.07000000000000003
0.09720000000000002
0.274
0.138
0.07000000000000003
0.07000000000000003
0.07000000000000003
0.1652
0.274
0.07000000000000003
0.07000000000000003
0.08360000000000004
0.274
0.1516
0.07000000000000003
0.07000000000000003
0.07000000000000003
0.5350666666666668
0.13960000000000003
0.5061333333333334
0.26986666666666675
0.2329333333333333
0.32559999999999995
0.283
0.4603333333333332
0.3889333333333333
0.3733333333333333
0.38000000000000006
0.7694000000000002
0.3777333333333333
0.49579999999999996
0.7206
0.8398
0.43006666666666665
0.23099999999999987
0.07000000000000003
0.2604
0.17879999999999993
0.07000000000000003
0.07000000000000003
0.07000000000000003
