0.05899999999999997
0.22700000000000006
0.20899999999999996
0.06899999999999998
0.06899999999999998
0.1033333333333333
0.24226666666666666
0.27899999999999997
0.08299999999999998
0.06899999999999998
0.06899999999999998
0.34026666666666666
0.2293333333333333
0.06899999999999998
0.06899999999999998
0.242
0.2995999999999999
0.09699999999999996
0.07586666666666665
0.17200000000000001
0.0827333333333333
0.25099999999999995
0.20873333333333333
0.17200000000000001
0.07586666666666665
0.12499999999999997
0.27899999999999997
0.11099999999999997
0.11019999999999998
0.15139999999999995
0.22299999999999995
0.22299999999999995
0.06899999999999998
0.1033333333333333
0.15826666666666664
0.18099999999999997
0.26499999999999996
0.06899999999999998
0.06699999999999998
0.06699999999999998
0.24486666666666668
2.5414666666666665
0.8478000000000002
2.6346666666666665
2.4133333333333327
3.844800000000001
1.0270000000000004
0.3024000000000001
0.23726666666666665
0.1771333333333333
0.06899999999999998
0.06899999999999998
0.25099999999999995
0.19499999999999995
0.15826666666666664
1.6850000000000003
3.0130000000000012
0.3806666666666666
0.18653333333333336
0.11706666666666662
0.06899999999999998
0.08273333333333331
0.17200000000000001
0.2858666666666666
0.16699999999999995
0.1239333333333333
0.13766666666666663
0.06899999999999998
0.06899999999999998
0.2507333333333333
0.312
0.07586666666666665
0.06899999999999998
0.06899999999999998
0.27846666666666664
0.2911333333333334
0.06899999999999998
0.06899999999999998
0.16066666666666662
1.7915333333333332
3.262866666666667
1.1278000000000001
0.672
0.26726666666666665
0.16513333333333333
0.29979999999999996
0.59
0.5017333333333334
0.2859999999999999
0.44113333333333327
0.26360000000000006
0.1723333333333333
0.39499999999999996
0.6100666666666668
0.5573999999999998
0.38600000000000007
