0.06200000000000003
0.06533333333333333
0.072
0.072
0.072
0.17499999999999996
0.0926
0.0842
0.25499999999999995
0.14520000000000002
0.072
0.072
0.072
0.32366666666666666
0.21233333333333337
0.072
0.072
0.18179999999999996
0.23059999999999994
0.072
0.16813333333333333
0.09946666666666668
0.24279999999999993
0.1696
0.09259999999999999
0.17499999999999996
0.072
0.15739999999999996
0.30993333333333334
0.1406666666666667
0.082
0.13466666666666666
0.4106666666666666
0.45933333333333326
0.18533333333333335
0.072
0.14753333333333335
0.12006666666666671
0.072
0.24279999999999993
0.1696
0.07886666666666665
0.17499999999999996
0.1589333333333333
0.25433333333333336
0.08220000000000004
0.14553333333333335
0.11806666666666671
0.25300000000000006
0.1554
0.07800000000000004
0.18653333333333336
0.22133333333333327
0.8119999999999999
0.27659999999999996
0.1076666666666667
0.072
0.072
0.5312
2.8696666666666673
0.5072000000000003
0.1486
0.2764
1.0584666666666664
0.43019999999999986
0.33799999999999997
0.072
0.072
0.072
0.072
0.25499999999999995
0.1574
0.1338
0.13380000000000003
0.10859999999999997
0.25499999999999995
0.12080000000000005
0.17499999999999996
0.0926
0.072
0.25499999999999995
0.1574
0.072
0.17499999999999996
0.0926
0.072
0.12079999999999996
0.25499999999999995
0.10860000000000003
0.072
0.072
0.072
0.17880000000000001
0.29619999999999996
0.13300000000000003
0.06866666666666667
