0.072
0.16746666666666668
0.09213333333333337
0.072
0.072
0.072
0.238
0.12733333333333338
0.072
0.072
0.072
0.072
0.072
0.072
0.072
0.18500000000000003
0.10566666666666666
0.238
0.11626666666666671
0.10213333333333334
0.1774666666666667
0.072
0.072
0.2168
0.2841333333333333
0.072
0.072
0.072
0.2761333333333333
0.22480000000000003
0.072
0.072
0.09459999999999999
0.18500000000000003
0.072
0.2048
0.16053333333333336
0.1774666666666667
0.10213333333333335
0.072
0.21586666666666668
0.1720666666666667
0.18500000000000003
0.5304666666666668
0.12533333333333335
1.1942
2.4440000000000004
2.8038000000000007
2.8946666666666667
3.5896666666666666
1.3196666666666663
0.12999999999999995
0.5898
0.3705333333333333
0.43740000000000007
0.298
0.072
0.10966666666666666
0.16993333333333335
0.16053333333333333
0.2048
0.072
0.072
0.13533333333333333
0.34346666666666664
0.09413333333333333
0.072
0.072
0.14333333333333334
0.5405333333333332
0.8252666666666665
1.1187333333333338
0.6955333333333334
0.7910000000000003
2.304733333333333
2.688066666666666
0.8923333333333334
0.6942000000000002
0.6703999999999998
0.7646666666666667
0.9211333333333334
0.9314666666666666
0.7077999999999999
0.6344000000000002
0.6038666666666667
0.7589333333333335
0.9582
0.4814666666666664
0.10213333333333335
0.072
0.09413333333333332
0.238
0.14286666666666667
0.16993333333333335
0.072
0.238
