0.1812
0.27626666666666666
0.13666666666666666
0.12333333333333335
0.07000000000000003
0.07000000000000003
0.2173333333333333
0.24679999999999994
0.09666666666666668
0.16333333333333327
0.07000000000000003
0.24679999999999996
0.21733333333333327
0.07000000000000003
0.07000000000000003
0.17806666666666665
0.3176666666666667
0.15839999999999993
0.09666666666666668
0.16333333333333327
0.1731333333333333
0.29100000000000004
0.07000000000000003
0.11
0.14999999999999994
0.18786666666666665
0.27626666666666666
0.10333333333333333
0.15666666666666662
0.07000000000000003
0.06800000000000003
0.3196666666666667
1.9877999999999996
2.380666666666666
0.2604666666666668
0.16299999999999998
2.0558000000000005
0.17193333333333338
0.2896666666666667
0.11420000000000005
0.11666666666666665
0.14333333333333328
0.08473333333333335
0.29100000000000004
0.2310666666666667
0.1680666666666667
1.011
0.16353333333333334
0.18226666666666666
0.3576666666666668
0.11420000000000005
0.07000000000000003
0.2404
0.4815333333333334
0.17739999999999997
0.4460666666666666
0.4512000000000001
0.32866666666666666
1.2673333333333332
1.5440666666666667
0.565
0.47106666666666686
0.41833333333333333
0.43160000000000015
0.5626666666666666
0.4453333333333334
0.6898666666666669
0.5555333333333332
0.30446666666666666
0.3942
0.4472666666666667
0.45433333333333326
0.5183333333333334
0.6686666666666667
0.6518
0.28053333333333336
2.1914666666666673
0.4418000000000001
0.16999999999999996
0.09000000000000005
0.07000000000000003
0.2173333333333333
0.33346666666666663
0.10333333333333337
0.07000000000000003
0.07000000000000003
0.2762666666666666
0.18786666666666657
0.07000000000000003
0.07000000000000003
0.14893333333333333
0.391
0.11420000000000005
0.07000000000000003
0.08333333333333334
0.16066666666666668
