0.072
0.1394
0.24573333333333333
0.15980000000000003
0.4484666666666667
0.67
0.7415999999999999
0.7520666666666666
0.6002000000000002
0.8894666666666666
0.5028666666666668
0.6648
0.4149333333333335
0.06099999999999997
0.144
0.07759999999999996
0.25899999999999995
0.15339999999999995
0.09973333333333331
0.12186666666666662
0.06099999999999997
0.1006
0.32539999999999997
0.14699999999999996
0.06099999999999997
0.06099999999999997
0.11079999999999998
0.15039999999999995
0.25899999999999995
0.11379999999999996
0.06099999999999997
0.09419999999999999
0.39386666666666664
0.8458666666666667
0.7063999999999998
0.4206666666666667
0.5348
0.4911333333333333
0.2701333333333332
1.2179333333333335
1.339733333333333
1.390333333333333
1.3937999999999997
0.40099999999999986
0.06566666666666664
0.06539999999999997
0.26553333333333334
0.45686666666666664
0.2850000000000001
0.7360666666666666
0.4190666666666667
0.3899333333333334
0.21939999999999993
0.06099999999999997
0.12186666666666664
0.23606666666666673
0.09899999999999999
0.08219999999999998
0.49013333333333337
0.6983333333333334
0.37966666666666676
0.4503333333333333
0.6302666666666668
0.690466666666667
0.5402
0.7184666666666666
0.5278
0.46820000000000006
0.6419333333333334
0.5309333333333334
0.7206
0.6753333333333332
0.6105333333333334
0.691533333333333
0.6084666666666667
0.6660666666666667
0.46886666666666665
0.8046666666666668
1.8271333333333333
1.7576
1.5613333333333332
2.5660666666666665
2.024133333333333
1.0167333333333335
0.7428666666666669
0.5546666666666668
0.8458000000000001
1.0123333333333333
1.1463333333333334
1.3103333333333331
0.9676666666666666
0.8228666666666666
0.8745333333333333
0.7214666666666665
1.0298666666666667
0.9143999999999998
