0.060000000000000026
0.05600000000000002
0.06200000000000003
0.06600000000000003
0.14386666666666667
0.22080000000000005
0.16479999999999997
0.0936
0.20400000000000007
0.10280000000000003
0.14386666666666667
0.2892
0.20680000000000004
0.15799999999999995
0.06600000000000003
0.2022666666666667
0.12440000000000004
0.2236
0.24760000000000001
0.06600000000000003
0.06600000000000003
0.07573333333333336
0.3476000000000001
0.2809333333333334
0.09360000000000004
0.06600000000000003
0.14199999999999996
0.20466666666666672
0.28400000000000003
0.16719999999999996
0.07360000000000003
0.18000000000000002
0.3434666666666667
0.4932666666666667
2.290533333333333
1.3556000000000001
2.211133333333333
0.4006666666666666
0.33446666666666675
0.3142000000000001
0.2174
0.3352666666666666
0.3774666666666667
0.3588000000000001
0.32453333333333334
0.09933333333333337
0.06600000000000003
0.07573333333333336
0.28800000000000003
0.2669333333333334
0.16719999999999996
0.07573333333333336
0.27280000000000004
0.1809333333333333
0.06600000000000003
0.06600000000000003
0.1672
0.16719999999999996
0.1925333333333334
0.14933333333333337
0.6506666666666671
0.09146666666666671
0.24840000000000004
0.36899999999999994
0.11159999999999998
0.15719999999999995
0.06600000000000003
0.06600000000000003
0.06600000000000003
0.2764
0.25266666666666676
0.06600000000000003
0.06600000000000003
0.1244
0.29713333333333336
0.12860000000000002
0.4749333333333335
0.23979999999999996
0.3967333333333334
0.3254666666666666
0.6732666666666667
0.21546666666666667
0.36819999999999997
0.34020000000000006
0.39553333333333346
0.8096666666666668
0.37739999999999996
0.5049999999999998
0.15359999999999996
0.1304
0.2952
0.15053333333333335
0.21200000000000008
0.07573333333333337
0.1028
0.20400000000000007
