0.3401333333333333
0.3490666666666666
0.2063333333333334
0.06360000000000003
0.06200000000000003
0.07133333333333332
0.072
0.072
0.072
0.072
0.24186666666666662
0.08506666666666667
0.072
0.072
0.072
0.1373333333333333
0.18960000000000002
0.072
0.072
0.072
0.072
0.072
0.11119999999999998
0.2157333333333333
0.072
0.072
0.072
0.072
0.072
0.072
0.2549333333333333
0.072
0.072
0.07426666666666666
0.3052
0.23359999999999997
0.072
0.072
0.072
0.16346666666666668
0.1634666666666667
0.072
0.072
0.072
0.16346666666666668
0.1634666666666667
0.072
0.072
0.072
0.072
0.23566666666666666
1.8568000000000002
0.2549333333333333
0.072
0.072
0.072
0.072
0.6064666666666668
0.42739999999999995
0.5509999999999999
0.30679999999999996
0.7848
0.21813333333333337
0.20266666666666666
0.12426666666666672
0.072
0.072
0.072
0.072
0.16346666666666668
0.1634666666666667
0.072
0.072
0.072
0.072
0.072
0.33333333333333337
0.40466666666666673
0.5946666666666666
0.6890000000000002
0.6262666666666665
1.9017333333333333
1.7221333333333333
0.8264000000000004
0.6756666666666667
0.6569333333333333
1.1651999999999998
3.0466
1.3256
1.0429333333333335
0.8450000000000002
0.6788
1.0492
3.205
0.7276
0.9965333333333333
