0.038
0.03933333333333333
0.04800000000000001
0.04800000000000001
0.061000000000000006
0.2429999999999999
0.126
0.04800000000000001
0.04800000000000001
0.04800000000000001
0.04733333333333334
0.08866666666666667
0.05666666666666667
0.10999999999999996
0.19666666666666666
0.1793333333333333
0.5747333333333333
0.21699999999999994
0.04800000000000001
0.04800000000000001
0.04800000000000001
0.04800000000000001
0.22933333333333333
0.16199999999999998
0.23266666666666666
0.2860000000000001
0.17266666666666663
0.17600000000000002
0.32500000000000007
0.24846666666666672
0.3483333333333332
0.11779999999999999
0.297
0.2190000000000001
1.5913333333333337
0.9001333333333335
0.10600000000000004
0.18400000000000002
0.2429999999999999
0.06100000000000002
0.2706666666666667
1.7310000000000008
0.38300000000000023
0.05160000000000001
0.22700000000000006
0.1708000000000001
0.05500000000000002
0.05500000000000002
0.05500000000000002
0.25
1.1554000000000002
1.316
0.30240000000000006
0.8008
0.2852
0.7374666666666666
2.772
2.8061333333333334
3.0196666666666663
2.6462
0.44299999999999995
0.3464
0.3449333333333333
0.3218666666666667
0.45099999999999985
0.2616000000000001
0.2770000000000001
0.28740000000000004
0.20700000000000002
0.17513333333333334
0.11433333333333333
0.40566666666666673
0.2328666666666667
0.11499999999999999
0.09933333333333334
0.04800000000000001
0.072
0.2475999999999999
0.19799999999999998
0.10966666666666668
0.10126666666666666
0.09433333333333332
0.04800000000000001
0.04800000000000001
0.05719999999999999
0.27299999999999996
0.3440000000000001
0.26153333333333334
0.3302000000000001
0.41913333333333347
0.32686666666666664
0.31633333333333336
0.126
0.04800000000000001
0.04800000000000001
0.12466666666666668
