0.05899999999999997
0.06033333333333331
0.1819333333333333
0.10126666666666663
0.06899999999999998
0.06899999999999998
0.1819333333333333
0.10126666666666663
0.06899999999999998
0.06899999999999998
0.06899999999999998
0.06899999999999998
0.18999999999999997
0.09319999999999996
0.06899999999999998
0.06899999999999998
0.06899999999999998
0.1577333333333333
0.12546666666666664
0.06899999999999998
0.06899999999999998
0.06899999999999998
0.09319999999999998
0.18999999999999997
0.06899999999999998
0.06899999999999998
0.19826666666666665
0.2826666666666666
0.06899999999999998
0.06899999999999998
0.06899999999999998
0.06899999999999998
0.06899999999999998
0.15273333333333333
0.20759999999999995
2.3915999999999995
0.8344666666666665
0.39073333333333327
0.39599999999999996
0.404
0.39599999999999996
0.3992666666666666
0.26739999999999997
0.21899999999999997
0.21899999999999997
0.20406666666666665
0.32993333333333325
0.2352666666666666
0.31046666666666667
0.2774
0.7371333333333331
0.28926666666666667
0.2730000000000001
0.2730000000000001
0.6922
0.35840000000000016
0.3404
0.36419999999999997
0.18500000000000003
0.6602000000000001
0.2414666666666667
0.18040000000000006
0.10226666666666667
0.38060000000000016
0.24726666666666666
0.3406666666666666
0.3422666666666666
0.5174666666666667
0.4051333333333333
0.4846666666666666
0.5623333333333336
0.5946
0.5807333333333334
0.47446666666666665
0.4687333333333333
0.49773333333333325
0.8174666666666667
0.5173333333333332
0.584
0.5650666666666667
1.0648666666666669
0.5933999999999998
0.5574666666666668
1.1052000000000002
0.7180000000000002
0.6477333333333335
0.5476666666666666
0.5266666666666667
0.9095333333333333
0.5713999999999999
0.16579999999999998
0.06899999999999998
0.06899999999999998
0.16579999999999998
0.11739999999999996
0.06766666666666664
