0.06899999999999998
0.05899999999999997
0.05899999999999997
0.06899999999999998
0.06899999999999998
0.06899999999999998
0.06899999999999998
0.06899999999999998
0.06899999999999998
0.06899999999999998
0.06899999999999998
0.06899999999999998
0.06899999999999998
0.06899999999999998
0.06899999999999998
0.06899999999999998
0.06899999999999998
0.06899999999999998
0.06899999999999998
0.06899999999999998
0.06899999999999998
0.06899999999999998
0.06899999999999998
0.06899999999999998
0.06899999999999998
0.06899999999999998
0.06899999999999998
0.06899999999999998
0.11766666666666666
0.3122666666666667
0.3929999999999999
0.5285333333333333
0.31166666666666665
1.2266666666666666
2.8206000000000007
1.951333333333333
0.14299999999999996
0.06899999999999998
0.06899999999999998
0.06899999999999998
0.06899999999999998
0.06899999999999998
0.06899999999999998
0.06899999999999998
0.06899999999999998
0.06899999999999998
0.06899999999999998
0.06899999999999998
0.06899999999999998
0.06899999999999998
0.06899999999999998
0.06899999999999998
0.06899999999999998
0.06899999999999998
0.06899999999999998
0.06899999999999998
0.06899999999999998
0.06899999999999998
0.06899999999999998
0.06899999999999998
0.06899999999999998
0.06899999999999998
0.06899999999999998
0.06899999999999998
0.06899999999999998
0.06899999999999998
0.06899999999999998
0.06899999999999998
0.06899999999999998
0.06899999999999998
0.06899999999999998
0.097
0.10833333333333334
0.11999999999999995
0.1945333333333333
0.1793333333333333
0.25400000000000006
0.3498
0.4387333333333333
0.505
0.505
0.5561999999999999
0.6354000000000001
0.7412000000000002
0.8424666666666666
1.0063333333333335
1.1230000000000002
0.38513333333333327
0.06899999999999998
0.06899999999999998
0.06899999999999998
0.06899999999999998
0.06899999999999998
0.06899999999999998
0.06899999999999998
0.06899999999999998
