0.06299999999999997
0.06833333333333332
0.07299999999999998
0.09153333333333331
0.30293333333333333
0.15866666666666665
0.07299999999999998
0.15653333333333333
0.3098666666666666
0.1917333333333334
0.21200000000000008
0.0915333333333333
0.07299999999999998
0.12260000000000001
0.3034666666666666
0.20426666666666662
0.21200000000000008
0.1193333333333333
0.07299999999999998
0.07299999999999998
0.29999999999999993
0.38299999999999995
0.13266666666666663
0.07299999999999998
0.1286
0.20273333333333338
0.07299999999999998
0.29386666666666666
0.37920000000000004
0.5013333333333333
0.21619999999999998
0.25633333333333336
0.1173333333333333
0.34326666666666666
0.22279999999999991
0.10606666666666667
0.18873333333333336
0.2531333333333333
0.3162
0.25893333333333324
0.27413333333333334
0.30933333333333335
0.36086666666666656
0.33540000000000003
2.4949999999999997
2.4924000000000004
0.5078000000000001
0.26466666666666666
0.6336666666666668
0.22813333333333324
0.07299999999999998
0.07299999999999998
0.07299999999999998
0.30806666666666666
0.2585333333333332
0.6652666666666668
0.11606666666666664
0.08966666666666669
3.7466
3.3664
1.1286666666666665
0.49426666666666674
0.49160000000000004
0.547
0.5981333333333334
0.5257333333333334
0.5080666666666668
0.6936666666666668
0.6215333333333333
0.7408666666666667
0.7168666666666667
0.9044
1.0643333333333334
0.42146666666666666
0.2781333333333333
0.1556666666666667
0.07299999999999998
0.22813333333333324
0.18039999999999998
0.10079999999999999
0.21200000000000008
0.16593333333333335
0.27866666666666656
0.20426666666666662
0.07299999999999998
0.22053333333333333
0.25960000000000005
0.07299999999999998
0.15653333333333333
0.34293333333333337
0.13086666666666666
0.09153333333333331
0.2239333333333334
0.2797999999999999
0.14459999999999998
0.06766666666666664
