0.24393333333333336
0.2571333333333334
0.06166666666666664
0.06299999999999997
0.06299999999999997
0.06299999999999997
0.06299999999999997
0.06299999999999997
0.06299999999999997
0.06299999999999997
0.06299999999999997
0.06299999999999997
0.06299999999999997
0.06299999999999997
0.06299999999999997
0.06299999999999997
0.06299999999999997
0.06299999999999997
0.06299999999999997
0.06299999999999997
0.06299999999999997
0.06299999999999997
0.06299999999999997
0.06299999999999997
0.06299999999999997
0.5743333333333331
0.13766666666666666
0.22166666666666657
2.546533333333334
0.3914666666666666
1.2480666666666664
2.595999999999999
0.7693333333333334
1.2419999999999998
0.8513333333333332
1.1216666666666664
0.7696
2.1228666666666665
1.4602666666666664
0.21219999999999997
0.06299999999999997
0.06299999999999997
0.06299999999999997
0.06299999999999997
0.06299999999999997
0.06166666666666664
0.06099999999999997
0.06573333333333332
0.06299999999999997
0.06299999999999997
0.06299999999999997
0.06299999999999997
0.06299999999999997
0.06299999999999997
0.06299999999999997
0.06299999999999997
0.06299999999999997
0.06299999999999997
0.06299999999999997
0.06299999999999997
0.06299999999999997
0.06299999999999997
0.06299999999999997
0.06299999999999997
0.9773333333333334
1.3277333333333337
0.6443333333333335
0.246
0.22486666666666666
0.292
0.9479333333333334
1.6033333333333333
1.222266666666667
0.6783333333333335
0.8124666666666667
1.1002000000000003
1.5954
1.6163333333333332
0.6302666666666669
0.6424000000000001
0.64
0.6048000000000001
0.48500000000000004
0.49466666666666653
0.528
0.5358666666666667
0.6156666666666664
0.5257333333333333
0.483
0.8785333333333333
0.06299999999999997
0.06299999999999997
0.06299999999999997
0.06299999999999997
0.06299999999999997
0.06299999999999997
