0.076
0.076
0.126
0.07539999999999997
0.06366666666666664
0.07299999999999998
0.07299999999999998
0.07299999999999998
0.07299999999999998
0.07299999999999998
0.07299999999999998
0.07299999999999998
0.07299999999999998
0.07299999999999998
0.07299999999999998
0.07299999999999998
0.07299999999999998
0.07299999999999998
0.07299999999999998
0.07299999999999998
0.07299999999999998
0.07299999999999998
0.07299999999999998
0.07299999999999998
0.07299999999999998
0.07299999999999998
0.07299999999999998
0.07299999999999998
0.07299999999999998
0.07299999999999998
3.0822000000000007
3.2222666666666675
1.2042000000000002
3.726000000000001
1.9891333333333334
3.667333333333334
0.19173333333333334
0.07299999999999998
0.07299999999999998
2.2070000000000003
0.07299999999999998
0.07299999999999998
0.07299999999999998
0.07299999999999998
0.07299999999999998
0.07299999999999998
0.07299999999999998
0.07299999999999998
0.07299999999999998
0.07299999999999998
0.07299999999999998
0.07299999999999998
0.07299999999999998
0.07299999999999998
1.769
1.7731999999999999
3.1319999999999997
0.19233333333333338
0.19200000000000003
0.17899999999999996
0.7311333333333334
4.4656666666666665
1.8955333333333335
0.5196666666666666
0.6553333333333333
0.6073333333333333
0.5348666666666667
3.484933333333333
2.601933333333334
3.7892666666666677
3.576733333333333
0.9911333333333335
3.904533333333334
1.6951333333333334
1.3364000000000003
2.191866666666667
2.4972666666666665
1.2432
0.4464000000000001
0.47966666666666674
0.5275333333333333
0.9786000000000001
4.131733333333333
0.9293333333333332
0.11079999999999997
0.07299999999999998
0.07299999999999998
0.07299999999999998
0.07299999999999998
0.07299999999999998
0.07299999999999998
0.07299999999999998
0.07299999999999998
0.07299999999999998
1.0376666666666665
1.1766666666666665
