0.06600000000000003
0.06400000000000003
0.072
0.074
0.27746666666666664
0.25173333333333336
0.074
0.074
0.0984
0.25700000000000006
0.13500000000000006
0.074
0.11159999999999998
0.14919999999999994
0.074
0.074
0.28933333333333333
0.23986666666666662
0.074
0.074
0.074
0.25700000000000006
0.17193333333333335
0.168
0.08026666666666667
0.074
0.1604
0.33219999999999994
0.11060000000000003
0.074
0.1304
0.13040000000000002
0.23260000000000008
0.1838
0.074
0.074
0.074
0.31406666666666666
0.2151333333333333
0.074
0.074
0.074
0.26526666666666665
0.26393333333333335
0.074
0.074
0.15513333333333332
0.30086666666666667
0.14720000000000003
0.074
0.168
0.09280000000000001
0.074
0.25140000000000007
0.27780000000000005
0.074
0.074
0.11059999999999999
0.31339999999999996
0.17919999999999991
0.074
0.074
0.15940000000000004
0.29460000000000003
0.14919999999999994
0.074
0.074
0.074
0.9343333333333333
2.2801999999999993
2.0649333333333337
1.1514
0.9544666666666667
1.0223333333333333
0.168
0.09280000000000001
2.3628000000000013
0.39606666666666673
0.41153333333333336
0.4176666666666667
0.43493333333333334
0.46780000000000005
0.25700000000000006
0.11060000000000003
0.15546666666666667
0.3106666666666667
0.5248666666666665
0.4855333333333333
0.3066666666666666
0.3553999999999998
0.4126666666666667
0.26360000000000006
0.17159999999999995
0.074
0.074
0.074
