0.06200000000000003
0.06666666666666664
0.072
0.072
0.072
0.072
0.072
0.072
0.072
0.072
0.072
0.072
0.072
0.072
0.17340000000000003
0.11100000000000004
0.072
0.072
0.12660000000000002
0.15780000000000002
0.072
0.072
0.07133333333333337
0.18479999999999996
0.32693333333333335
2.129866666666667
0.4200000000000001
0.16000000000000006
0.072
0.072
0.072
0.072
0.072
0.072
0.072
0.072
0.072
0.08759999999999998
0.18900000000000003
0.0798
0.072
0.08759999999999998
0.18900000000000003
0.0798
0.072
0.072
0.15000000000000002
0.13440000000000002
0.072
0.072
0.1032
0.18120000000000003
0.072
0.072
0.072
0.15000000000000002
0.13440000000000002
0.072
0.072
0.072
0.16560000000000002
0.11880000000000004
0.072
0.0798
0.18900000000000003
0.0876
0.072
0.072
0.0798
0.18900000000000003
0.0876
0.072
0.072
0.072
0.072
0.14220000000000002
0.6748666666666666
0.21680000000000005
0.36006666666666665
0.5734666666666667
0.8160000000000001
0.7555999999999999
1.1253333333333333
0.5675333333333331
0.6372666666666668
0.43606666666666655
0.394
0.5442666666666668
0.6020000000000001
0.5182666666666668
0.37199999999999994
0.6214000000000001
0.11100000000000004
0.072
0.11866666666666666
0.1286666666666667
