0.0
0.0
0.0
0.0
0.0
0.0
0.0
0.0
0.0
0.0
0.0
0.0
0.0
0.0
0.0
0.0
0.0
0.0
0.0
0.0
0.0
0.0
0.0
0.0
0.0
0.0
0.0
0.0
0.0
0.0
0.0
0.0
0.0
0.0
0.0
0.0
0.0
0.0
0.0
0.0
0.0
0.0
0.0
0.0
0.0
0.0
0.0
0.0
0.0
0.0
0.0
0.0
0.0
0.0
0.0
0.0
0.0
0.0
0.0
0.0
3.221929618000011E-16
2.192800372E-9
1.578032E-7
9.44354E-7
3.3306399999999998E-6
7.69812E-6
1.24702E-5
2.53882E-5
4.47058E-5
6.864040000000001E-5
1.2237400000000002E-4
1.3168E-4
1.5659199999999997E-4
2.75288E-4
3.3699999999999995E-4
3.7054400000000005E-4
4.2710200000000006E-4
5.07048E-4
5.40192E-4
5.6871E-4
5.95672E-4
4.49582E-4
3.49534E-4
3.3996000000000005E-4
4.0632799999999996E-4
3.01008E-4
2.5334399999999997E-4
2.3149799999999998E-4
2.7232799999999996E-4
5.23572E-4
8.0094E-4
7.700999999999999E-4
7.5361E-4
7.5773E-4
7.6325E-4
7.17682E-4
5.8795E-4
7.059919999999999E-4
7.215959999999999E-4
8.41458E-4
7.39162E-4
6.92556E-4
6.68946E-4
4.8439999999999996E-4
4.08558E-4
6.2859E-4
7.292379999999999E-4
6.800280000000001E-4
5.38036E-4
5.559960000000001E-4
6.39334E-4
4.9593E-4
3.2841E-4
3.24202E-4
3.0946999999999995E-4
2.75962E-4
2.42098E-4
1.7460200000000002E-4
1.46252E-4
1.48964E-4
1.68478E-4
2.15656E-4
2.92772E-4
3.5120599999999996E-4
3.20268E-4
3.4058600000000004E-4
6.63894E-4
8.5728E-4
8.61688E-4
6.97174E-4
7.72922E-4
8.855979999999999E-4
8.67814E-4
7.143719999999999E-4
8.69E-4
8.506960000000001E-4
7.840280000000002E-4
6.9724E-4
5.37424E-4
3.5067000000000003E-4
3.20196E-4
2.83E-4
2.83322E-4
4.01028E-4
5.565479999999999E-4
8.98666E-4
7.237839999999999E-4
4.0209200000000005E-4
4.889599999999999E-4
5.91412E-4
0.001043038
0.0010810479999999998
9.85504E-4
0.00107004
0.001021036
7.962299999999999E-4
8.471700000000001E-4
7.868720000000001E-4
6.909800000000001E-4
8.882899999999999E-4
0.0010209
8.2508E-4
5.895080000000001E-4
5.1369E-4
7.69798E-4
8.99218E-4
9.11434E-4
5.289680000000001E-4
5.10638E-4
9.49448E-4
6.474479999999999E-4
5.69576E-4
8.50772E-4
9.081439999999999E-4
6.55924E-4
4.7614599999999994E-4
9.65364E-4
0.00107314
0.00107916
0.0010764200000000002
9.962880000000001E-4
6.873340000000001E-4
5.913119999999999E-4
6.38446E-4
6.15088E-4
5.539879999999999E-4
4.5718000000000006E-4
4.9527E-4
2.96964E-4
1.5606399999999997E-4
1.65738E-4
1.6294999999999998E-4
1.49872E-4
1.328E-4
1.3414999999999998E-4
1.55678E-4
1.5281399999999998E-4
1.51948E-4
1.112918E-4
9.871280000000001E-5
1.077882E-4
1.30298E-4
1.75626E-4
1.91524E-4
1.7286599999999998E-4
1.6008800000000002E-4
1.75412E-4
1.9221800000000002E-4
2.3241199999999998E-4
2.62586E-4
1.7732000000000002E-4
1.53976E-4
1.4838200000000002E-4
1.23872E-4
1.13592E-4
1.1694000000000002E-4
1.084952E-4
8.2397E-5
8.247079999999999E-5
7.775359999999999E-5
8.2159E-5
1.0416639999999999E-4
1.07486E-4
1.0608599999999999E-4
1.13462E-4
1.1257540000000001E-4
1.0746559999999998E-4
8.862260000000001E-5
6.0278799999999996E-5
7.20096E-5
8.460959999999999E-5
1.0008340000000001E-4
1.05306E-4
1.043024E-4
7.96964E-5
1.95522E-4
1.48414E-4
2.2701E-4
1.96766E-4
1.5815E-4
9.258399999999999E-5
6.27636E-5
6.715899999999998E-5
4.40088E-5
1.9797E-5
5.68414E-6
6.522076000000001E-7
7.46543802198E-9
1.4534000120874E-19
0.0
0.0
0.0
0.0
0.0
0.0
0.0
0.0
0.0
0.0
0.0
0.0
0.0
0.0
0.0
0.0
0.0
0.0
0.0
0.0
0.0
0.0
0.0
0.0
0.0
0.0
0.0
0.0
0.0
0.0
0.0
0.0
0.0
0.0
0.0
0.0
0.0
0.0
0.0
