0.0
0.0
0.0
0.0
0.0
0.0
0.0
0.0
0.0
0.0
0.0
0.0
0.0
0.0
0.0
0.0
0.0
0.0
0.0
0.0
0.0
0.0
0.0
0.0
0.0
0.0
0.0
0.0
0.0
0.0
0.0
0.0
0.0
0.0
0.0
0.0
0.0
0.0
0.0
0.0
0.0
0.0
0.0
0.0
0.0
0.0
0.0
0.0
0.0
0.0
0.0
0.0
0.0
0.0
0.0
0.0
0.0
0.0
0.0
0.0
3.31152036000001E-16
2.5863610900000003E-9
2.51531E-7
3.13696E-6
1.1386479999999999E-5
1.63504E-5
2.56704E-5
7.71916E-5
1.119576E-4
1.6837200000000002E-4
2.1584399999999998E-4
2.91764E-4
3.1123800000000003E-4
3.44318E-4
3.4154599999999997E-4
3.3615E-4
3.8539199999999997E-4
4.0279E-4
3.87514E-4
3.54352E-4
3.96718E-4
5.77848E-4
4.9919E-4
3.0199400000000004E-4
4.3815999999999994E-4
5.887379999999999E-4
6.17666E-4
6.628179999999999E-4
4.716959999999999E-4
4.67988E-4
4.4839600000000005E-4
6.427240000000001E-4
6.65668E-4
8.43464E-4
8.578139999999999E-4
8.70982E-4
8.8258E-4
8.6852E-4
7.305259999999999E-4
9.1437E-4
9.240460000000001E-4
9.014560000000001E-4
7.12094E-4
8.442120000000001E-4
9.415920000000001E-4
9.66586E-4
9.75208E-4
9.82602E-4
9.89406E-4
6.82992E-4
7.456920000000001E-4
7.84292E-4
5.432799999999999E-4
4.0373E-4
5.63716E-4
7.72376E-4
7.221300000000001E-4
6.88278E-4
9.1095E-4
8.11912E-4
4.0845000000000003E-4
3.55164E-4
3.71226E-4
2.51122E-4
1.53736E-4
1.5850199999999998E-4
1.7184400000000002E-4
1.68006E-4
2.0085000000000003E-4
2.2083800000000003E-4
1.9973399999999997E-4
2.82854E-4
2.59468E-4
2.6653999999999995E-4
3.21756E-4
4.8674799999999996E-4
4.98538E-4
4.92698E-4
5.3304E-4
5.40392E-4
7.088259999999999E-4
7.67224E-4
9.7392E-4
0.0011077
0.0011086399999999997
0.0011094199999999999
0.0011101400000000001
6.197700000000001E-4
4.6672599999999994E-4
3.57964E-4
4.7815E-4
4.0039000000000003E-4
1.97992E-4
1.9577399999999999E-4
1.97978E-4
2.0017E-4
2.44588E-4
2.2450199999999999E-4
2.91048E-4
5.7073E-4
5.392999999999999E-4
6.32074E-4
6.714919999999999E-4
6.8419E-4
9.600660000000001E-4
6.58436E-4
5.03138E-4
4.1656E-4
3.08148E-4
2.7473799999999996E-4
2.4578999999999996E-4
2.91384E-4
3.06196E-4
3.3616600000000005E-4
9.73858E-4
0.00108716
0.0010848
0.0010818
0.00107916
0.0010764200000000002
0.0010735200000000001
0.0010705000000000003
0.0010673800000000002
0.0010640799999999998
0.00106068
0.00105708
8.13388E-4
4.2187400000000003E-4
6.877719999999999E-4
5.3276E-4
3.9360999999999997E-4
4.90834E-4
4.7838000000000004E-4
4.7611800000000004E-4
9.1063E-4
4.93336E-4
4.08296E-4
3.81784E-4
3.2786800000000004E-4
5.903519999999999E-4
6.69896E-4
8.7507E-4
8.08808E-4
5.73014E-4
4.50124E-4
6.437540000000001E-4
7.988540000000001E-4
7.764520000000001E-4
3.75234E-4
3.0605599999999997E-4
2.84786E-4
2.1239599999999998E-4
2.1112000000000003E-4
2.6476E-4
3.10192E-4
4.5077599999999995E-4
5.737000000000001E-4
4.02748E-4
2.1892800000000002E-4
2.84326E-4
3.3474199999999996E-4
4.16744E-4
3.5022000000000005E-4
4.32522E-4
2.91734E-4
2.6736E-4
2.7102E-4
3.07586E-4
5.4279E-4
5.5266E-4
4.7310399999999996E-4
2.78936E-4
2.02996E-4
2.6145E-4
2.3592600000000002E-4
2.51894E-4
2.7199200000000003E-4
1.62822E-4
1.28636E-4
1.069448E-4
5.988E-5
3.49574E-5
2.28302E-5
1.21044E-5
5.027119999999999E-6
1.2188740000000002E-6
1.130922E-7
1.2070548220799999E-9
8.214800068319999E-20
0.0
0.0
0.0
0.0
0.0
0.0
0.0
0.0
0.0
0.0
0.0
0.0
0.0
0.0
0.0
0.0
0.0
0.0
0.0
0.0
0.0
0.0
0.0
0.0
0.0
0.0
0.0
0.0
0.0
0.0
0.0
0.0
0.0
0.0
0.0
0.0
0.0
0.0
0.0
