0.0
0.0
0.0
0.0
0.0
0.0
0.0
0.0
0.0
0.0
0.0
0.0
0.0
0.0
0.0
0.0
0.0
0.0
0.0
0.0
0.0
0.0
0.0
0.0
0.0
0.0
0.0
0.0
0.0
0.0
0.0
0.0
0.0
0.0
0.0
0.0
0.0
0.0
0.0
0.0
0.0
0.0
0.0
0.0
0.0
0.0
0.0
0.0
0.0
0.0
0.0
0.0
0.0
0.0
0.0
0.0
0.0
0.0
0.0
0.0
4.3853573940000127E-16
5.95487242E-9
5.740428E-7
5.3283E-6
1.9105199999999998E-5
3.71264E-5
3.5484999999999997E-5
3.6327E-5
4.5042199999999994E-5
9.74796E-5
1.56684E-4
1.69004E-4
1.050592E-4
1.123572E-4
9.86816E-5
2.920014E-4
4.2022199999999993E-4
2.91218E-4
2.0509600000000002E-4
1.88768E-4
1.9551600000000002E-4
2.31046E-4
4.87582E-4
6.72514E-4
6.35326E-4
7.000180000000001E-4
7.27424E-4
7.22956E-4
7.55124E-4
7.8531E-4
8.0094E-4
8.15814E-4
8.29974E-4
8.43464E-4
8.578139999999999E-4
8.70982E-4
8.8258E-4
8.936619999999999E-4
9.0425E-4
9.1437E-4
9.240460000000001E-4
8.8466E-4
7.970980000000001E-4
7.33926E-4
7.72804E-4
8.00332E-4
7.74342E-4
9.256219999999999E-4
8.5502E-4
7.169219999999999E-4
5.31116E-4
5.242539999999999E-4
6.5315E-4
7.500819999999999E-4
2.43852E-4
3.70944E-4
5.773040000000001E-4
3.9077000000000003E-4
3.9911999999999993E-4
4.2166800000000004E-4
4.25426E-4
4.7139999999999997E-4
4.921659999999999E-4
5.13E-4
6.46998E-4
6.06114E-4
8.31388E-4
9.757499999999998E-4
9.52368E-4
8.68204E-4
6.51278E-4
5.61388E-4
7.5666E-4
8.935660000000002E-4
0.00105498
0.0010414999999999999
0.0010234
9.633900000000001E-4
0.0010815
0.0011027799999999998
0.00110412
0.001019208
7.74664E-4
4.20948E-4
5.099620000000001E-4
3.7943199999999997E-4
4.3740400000000007E-4
5.642700000000001E-4
9.02344E-4
4.5578800000000005E-4
5.13736E-4
5.20508E-4
4.93868E-4
4.2046200000000003E-4
3.47024E-4
3.00256E-4
2.9795799999999997E-4
2.73404E-4
2.75508E-4
2.5094E-4
3.3733800000000007E-4
4.213880000000001E-4
4.56514E-4
6.332620000000001E-4
4.7562000000000006E-4
3.9327E-4
0.00110336
0.001102
9.79412E-4
0.00109894
5.57474E-4
4.7981000000000006E-4
4.7459199999999997E-4
4.1259799999999997E-4
4.4228599999999996E-4
4.10958E-4
8.177680000000002E-4
9.909559999999999E-4
9.733840000000001E-4
9.15006E-4
7.10676E-4
5.78122E-4
4.86732E-4
4.7033199999999995E-4
7.593020000000001E-4
8.77374E-4
8.74278E-4
8.79432E-4
7.69486E-4
4.7652599999999996E-4
4.55764E-4
7.36176E-4
8.725800000000001E-4
8.25416E-4
8.252820000000001E-4
7.72516E-4
7.47982E-4
6.03706E-4
5.74274E-4
4.81578E-4
5.527820000000001E-4
7.873680000000001E-4
8.262E-4
8.34854E-4
8.570399999999999E-4
5.28878E-4
7.0933E-4
6.76426E-4
7.15656E-4
4.6734199999999993E-4
3.7964E-4
3.20202E-4
3.55968E-4
3.50796E-4
7.557359999999999E-4
8.35076E-4
8.217159999999999E-4
8.077020000000001E-4
7.9299E-4
7.775359999999999E-4
7.612879999999999E-4
6.5074E-4
3.9539800000000004E-4
3.04386E-4
5.112220000000001E-4
5.76468E-4
5.2631E-4
5.45278E-4
5.13594E-4
5.01614E-4
4.950099999999999E-4
4.2339200000000003E-4
3.6784999999999997E-4
3.8160600000000005E-4
2.455432E-4
8.27182E-5
8.052999999999999E-5
7.5139E-5
7.657860000000001E-5
6.16704E-5
4.7791800000000005E-5
4.31588E-5
3.1633199999999994E-5
2.8883400000000002E-5
1.9797E-5
5.68414E-6
6.522076000000001E-7
8.067726443400001E-9
6.319200052554E-19
0.0
0.0
0.0
0.0
0.0
0.0
0.0
0.0
0.0
0.0
0.0
0.0
0.0
0.0
0.0
0.0
0.0
0.0
0.0
0.0
0.0
0.0
0.0
0.0
0.0
0.0
0.0
0.0
0.0
0.0
0.0
0.0
0.0
0.0
0.0
0.0
0.0
0.0
0.0
