0.0
0.0
0.0
0.0
0.0
0.0
0.0
0.0
0.0
0.0
0.0
0.0
0.0
0.0
0.0
0.0
0.0
0.0
0.0
0.0
0.0
0.0
0.0
0.0
0.0
0.0
0.0
0.0
0.0
0.0
0.0
0.0
0.0
0.0
0.0
0.0
0.0
0.0
0.0
0.0
0.0
0.0
0.0
0.0
0.0
0.0
0.0
0.0
0.0
0.0
0.0
0.0
0.0
0.0
0.0
0.0
0.0
0.0
0.0
0.0
3.3115141880000077E-16
2.20667091E-9
5.427210000000001E-7
5.3283E-6
1.9105199999999998E-5
4.31226E-5
7.55604E-5
6.05706E-5
7.12026E-5
8.3126E-5
8.87072E-5
1.046162E-4
1.3271E-4
2.8128E-4
3.8363800000000006E-4
3.21142E-4
3.18448E-4
4.41156E-4
4.13766E-4
5.6871E-4
5.896499999999999E-4
3.9645399999999997E-4
5.551239999999999E-4
6.72514E-4
6.93886E-4
7.14142E-4
7.22978E-4
7.5157E-4
7.6887E-4
7.8531E-4
7.189339999999998E-4
6.68946E-4
4.79816E-4
4.3033800000000005E-4
4.56102E-4
4.4072599999999995E-4
3.95328E-4
6.02828E-4
6.49348E-4
8.39558E-4
7.79676E-4
8.607180000000001E-4
7.93306E-4
5.895080000000001E-4
7.152780000000001E-4
7.1139E-4
6.492280000000001E-4
4.8131399999999994E-4
4.9679E-4
5.078839999999999E-4
5.23148E-4
4.0528600000000004E-4
4.09656E-4
3.99668E-4
4.20038E-4
3.54274E-4
3.89084E-4
4.15744E-4
8.37934E-4
8.68548E-4
9.141159999999999E-4
7.71524E-4
8.61282E-4
7.91728E-4
5.35888E-4
4.24072E-4
3.99534E-4
6.50618E-4
5.57084E-4
3.7022E-4
2.6051199999999996E-4
2.8291000000000004E-4
8.613239999999999E-4
8.782800000000001E-4
5.40624E-4
5.43744E-4
6.6986E-4
9.32596E-4
8.083160000000001E-4
6.04382E-4
9.517680000000001E-4
9.153140000000001E-4
8.98662E-4
7.998160000000001E-4
6.806679999999999E-4
5.43622E-4
4.6848199999999994E-4
5.087259999999999E-4
4.6673E-4
4.2688E-4
6.382779999999999E-4
7.16256E-4
0.001038886
0.0011123
0.00111224
0.00111206
0.00111176
0.0011113999999999998
0.0011109
0.00111036
0.00110968
0.00110892
0.00110806
9.809180000000001E-4
5.464280000000001E-4
4.13162E-4
5.91372E-4
7.184759999999999E-4
0.0010938999999999999
0.00109234
0.00109722
0.0010954600000000001
9.995260000000001E-4
8.81946E-4
8.08374E-4
8.10984E-4
8.136360000000001E-4
2.14202E-4
1.9856800000000001E-4
1.9376E-4
2.34034E-4
2.39798E-4
2.96714E-4
3.7245E-4
3.37302E-4
3.04442E-4
2.97042E-4
4.0492600000000006E-4
8.88422E-4
9.30206E-4
6.42124E-4
8.9102E-4
8.97262E-4
4.6380000000000005E-4
3.72044E-4
5.599959999999999E-4
4.2036199999999997E-4
4.13766E-4
4.1734200000000007E-4
3.92816E-4
5.17376E-4
6.356559999999999E-4
6.736159999999999E-4
9.001580000000001E-4
7.562420000000001E-4
6.00788E-4
6.40136E-4
7.930420000000001E-4
5.292980000000001E-4
4.7628799999999995E-4
4.924360000000001E-4
5.22104E-4
5.09466E-4
4.4022999999999995E-4
5.645100000000001E-4
4.31078E-4
2.90888E-4
6.41984E-4
7.9299E-4
7.775359999999999E-4
6.96394E-4
4.1371400000000003E-4
3.18738E-4
2.17874E-4
2.5104E-4
1.68282E-4
1.1256999999999999E-4
1.0820180000000002E-4
1.1339939999999999E-4
1.0595399999999998E-4
9.965379999999999E-5
9.216160000000002E-5
7.95688E-5
8.211640000000001E-5
6.8351E-5
4.87322E-5
4.45424E-5
3.62408E-5
3.2284400000000006E-5
2.61006E-5
1.86624E-5
1.130712E-5
5.58922E-6
2.7154000000000003E-6
1.0143039999999999E-6
3.2171E-7
3.752138E-8
4.036224466000001E-10
4.423400042042E-20
0.0
0.0
0.0
0.0
0.0
0.0
0.0
0.0
0.0
0.0
0.0
0.0
0.0
0.0
0.0
0.0
0.0
0.0
0.0
0.0
0.0
0.0
0.0
0.0
0.0
0.0
0.0
0.0
0.0
0.0
0.0
0.0
0.0
0.0
0.0
0.0
0.0
0.0
0.0
