0.0
0.0
0.0
0.0
0.0
0.0
0.0
0.0
0.0
0.0
0.0
0.0
0.0
0.0
0.0
0.0
0.0
0.0
0.0
0.0
0.0
0.0
0.0
0.0
0.0
0.0
0.0
0.0
0.0
0.0
0.0
0.0
0.0
0.0
0.0
0.0
0.0
0.0
0.0
0.0
0.0
0.0
0.0
0.0
0.0
0.0
0.0
0.0
0.0
0.0
0.0
0.0
0.0
0.0
0.0
0.0
0.0
0.0
0.0
0.0
1.9689509820000058E-16
1.357137438E-9
1.1744440000000001E-7
1.1264679999999999E-6
4.567740000000001E-6
1.004782E-5
2.47316E-5
9.11098E-5
8.10322E-5
8.493540000000001E-5
1.2939400000000002E-4
1.89812E-4
1.9674000000000002E-4
3.0034800000000003E-4
3.1972999999999995E-4
4.4448200000000006E-4
4.7815E-4
4.090379999999999E-4
2.8468E-4
3.3544E-4
4.56344E-4
4.3896200000000004E-4
3.9102600000000005E-4
3.1015600000000007E-4
3.57448E-4
4.48378E-4
2.6851E-4
2.71946E-4
2.2901399999999999E-4
2.1830200000000003E-4
2.53346E-4
5.97698E-4
6.9875E-4
5.91636E-4
4.7853800000000003E-4
4.93102E-4
3.10382E-4
2.93134E-4
3.9453200000000006E-4
5.74644E-4
8.669000000000001E-4
9.33312E-4
9.383940000000001E-4
8.594020000000001E-4
7.32344E-4
7.19244E-4
8.9738E-4
9.82602E-4
9.89406E-4
9.959320000000002E-4
0.001002186
0.00100818
7.864499999999998E-4
5.3833E-4
4.38518E-4
4.34646E-4
5.50478E-4
8.06602E-4
8.273499999999999E-4
8.077199999999999E-4
8.825720000000001E-4
9.02534E-4
8.4645E-4
8.577680000000001E-4
8.904520000000001E-4
9.8309E-4
8.677440000000002E-4
8.702180000000001E-4
8.61718E-4
7.837E-4
8.68436E-4
0.001000928
0.00108148
0.00105524
0.00106814
0.00105904
0.0010739020000000003
9.985940000000002E-4
0.0011013
0.0011027799999999998
0.00108868
6.87498E-4
4.626099999999999E-4
3.89918E-4
3.92462E-4
3.9717600000000006E-4
3.66352E-4
4.53192E-4
7.13452E-4
9.9384E-4
0.001043036
0.0011122
9.16544E-4
4.56056E-4
3.24776E-4
2.62444E-4
2.4236600000000002E-4
3.26748E-4
2.9328199999999996E-4
2.82032E-4
2.5744600000000004E-4
2.59486E-4
3.90008E-4
5.336179999999999E-4
5.77356E-4
5.87694E-4
5.16382E-4
5.44388E-4
6.51466E-4
8.395980000000001E-4
9.3052E-4
8.45682E-4
9.38218E-4
9.299999999999999E-4
7.40954E-4
3.0657799999999995E-4
2.7770999999999997E-4
2.7261E-4
2.67626E-4
3.9816E-4
8.823899999999999E-4
9.95644E-4
9.049939999999999E-4
9.023420000000001E-4
6.173460000000001E-4
5.56058E-4
4.61384E-4
4.1350599999999995E-4
3.74214E-4
3.8493999999999996E-4
5.177399999999999E-4
9.81818E-4
8.583180000000001E-4
6.599799999999999E-4
6.2811E-4
6.187179999999999E-4
7.176519999999999E-4
9.9952E-4
9.755839999999998E-4
6.18052E-4
4.5470399999999995E-4
5.211020000000001E-4
5.8848E-4
9.11642E-4
8.871800000000001E-4
8.043400000000001E-4
3.0238E-4
2.9571999999999997E-4
3.09312E-4
2.9516199999999996E-4
7.986639999999999E-4
4.0398199999999994E-4
4.0946000000000005E-4
7.25892E-4
7.643999999999999E-4
4.6460200000000005E-4
3.3686999999999996E-4
4.88784E-4
5.876820000000001E-4
5.45848E-4
6.09506E-4
4.1694599999999996E-4
3.55956E-4
2.97096E-4
2.0580400000000002E-4
1.28388E-4
1.6742799999999998E-4
1.74762E-4
1.8060000000000003E-4
1.8496E-4
1.17728E-4
1.21394E-4
1.13014E-4
1.0504819999999999E-4
1.0636599999999999E-4
8.43618E-5
6.7064E-5
4.87466E-5
3.2250000000000005E-5
3.0302600000000004E-5
2.4984399999999997E-5
1.9531799999999998E-5
1.48012E-5
1.07313E-5
5.1963E-6
2.76478E-6
5.698588E-7
5.6215235102E-9
4.9922000415180005E-19
0.0
0.0
0.0
0.0
0.0
0.0
0.0
0.0
0.0
0.0
0.0
0.0
0.0
0.0
0.0
0.0
0.0
0.0
0.0
0.0
0.0
0.0
0.0
0.0
0.0
0.0
0.0
0.0
0.0
0.0
0.0
0.0
0.0
0.0
0.0
0.0
0.0
0.0
0.0
