0.0
0.0
0.0
0.0
0.0
0.0
0.0
0.0
0.0
0.0
0.0
0.0
0.0
0.0
0.0
0.0
0.0
0.0
0.0
0.0
0.0
0.0
0.0
0.0
0.0
0.0
0.0
0.0
0.0
0.0
0.0
0.0
0.0
0.0
0.0
0.0
0.0
0.0
0.0
0.0
0.0
0.0
0.0
0.0
0.0
0.0
0.0
0.0
0.0
0.0
0.0
0.0
0.0
0.0
0.0
0.0
0.0
0.0
0.0
0.0
5.548794428000016E-16
4.844604252E-9
4.715584E-7
4.33716E-6
1.7460920000000002E-5
4.31226E-5
7.55604E-5
1.137248E-4
1.55184E-4
1.98084E-4
2.4281799999999998E-4
2.91764E-4
3.3252199999999997E-4
3.6352600000000003E-4
4.0898000000000003E-4
4.4448200000000006E-4
4.0196199999999996E-4
4.6720400000000004E-4
5.14686E-4
5.6871E-4
4.66164E-4
4.1867399999999996E-4
5.77414E-4
4.23324E-4
5.32966E-4
6.58534E-4
7.026339999999999E-4
7.5157E-4
6.642220000000001E-4
5.44536E-4
3.32884E-4
3.5724E-4
3.83774E-4
4.31564E-4
3.84478E-4
4.68516E-4
4.25326E-4
4.0039199999999996E-4
3.8526200000000004E-4
4.20558E-4
3.7694E-4
4.3329200000000005E-4
8.03048E-4
9.50664E-4
9.58794E-4
7.30296E-4
4.2895799999999995E-4
5.242339999999999E-4
2.53254E-4
3.8250999999999997E-4
3.3463E-4
3.38866E-4
5.67844E-4
5.64662E-4
3.2997E-4
2.5742800000000003E-4
2.6697999999999994E-4
4.532660000000001E-4
4.785299999999999E-4
5.496959999999999E-4
7.814720000000001E-4
8.6871E-4
6.3855E-4
8.59916E-4
8.30606E-4
9.124560000000001E-4
0.001074
0.00107698
0.00107982
0.0010479200000000001
0.0010812
0.0010618000000000001
7.73964E-4
3.75664E-4
2.1230999999999998E-4
2.1925999999999998E-4
1.9765E-4
1.69362E-4
1.71808E-4
1.6762399999999998E-4
1.78872E-4
3.8256600000000004E-4
5.06856E-4
5.11786E-4
9.33494E-4
0.00106284
0.00109682
8.84158E-4
8.37892E-4
9.093459999999999E-4
9.47408E-4
9.32022E-4
9.076520000000001E-4
7.964279999999998E-4
8.208300000000001E-4
0.001074256
0.00111176
0.0011113999999999998
0.001064252
9.94852E-4
9.698740000000001E-4
9.337080000000001E-4
3.6566599999999995E-4
4.22916E-4
4.4019E-4
5.39114E-4
4.76636E-4
5.46596E-4
5.19446E-4
4.4616400000000003E-4
3.75246E-4
6.003460000000001E-4
9.36052E-4
0.0010915
0.0010894
0.00108716
0.0010848
0.001045048
9.00026E-4
7.879479999999999E-4
4.7026200000000005E-4
3.9182E-4
4.8244399999999995E-4
9.44918E-4
9.10096E-4
7.6313E-4
9.373620000000001E-4
0.00104948
8.92896E-4
5.450960000000001E-4
6.588360000000001E-4
6.93006E-4
6.138739999999999E-4
4.515139999999999E-4
4.0659400000000003E-4
3.720599999999999E-4
3.3579E-4
3.578E-4
3.3379600000000003E-4
3.21834E-4
2.9012E-4
3.1891000000000005E-4
6.4842E-4
6.779100000000001E-4
7.36986E-4
5.78622E-4
3.5087400000000004E-4
3.40148E-4
4.6633000000000004E-4
6.37496E-4
7.109700000000001E-4
8.45748E-4
8.72498E-4
8.599860000000001E-4
8.4782E-4
8.35076E-4
8.217159999999999E-4
8.077020000000001E-4
7.89842E-4
7.775359999999999E-4
6.86818E-4
6.371119999999999E-4
3.59114E-4
3.3366E-4
5.643040000000001E-4
5.744E-4
5.51116E-4
5.08188E-4
5.11264E-4
4.65772E-4
3.71376E-4
3.83242E-4
4.6285200000000003E-4
4.4126600000000005E-4
4.0624799999999995E-4
3.1712799999999996E-4
1.9847199999999997E-4
2.7638E-4
2.34736E-4
1.9798999999999997E-4
1.5551800000000002E-4
1.1439660000000002E-4
7.643299999999999E-5
4.12242E-5
1.604082E-5
5.20066E-6
5.967256E-7
6.312774243600002E-9
5.244800043619999E-19
0.0
0.0
0.0
0.0
0.0
0.0
0.0
0.0
0.0
0.0
0.0
0.0
0.0
0.0
0.0
0.0
0.0
0.0
0.0
0.0
0.0
0.0
0.0
0.0
0.0
0.0
0.0
0.0
0.0
0.0
0.0
0.0
0.0
0.0
0.0
0.0
0.0
0.0
0.0
