0.0
0.0
0.0
0.0
0.0
0.0
0.0
0.0
0.0
0.0
0.0
0.0
0.0
0.0
0.0
0.0
0.0
0.0
0.0
0.0
0.0
0.0
0.0
0.0
0.0
0.0
0.0
0.0
0.0
0.0
0.0
0.0
0.0
0.0
0.0
0.0
0.0
0.0
0.0
0.0
0.0
0.0
0.0
0.0
0.0
0.0
0.0
0.0
0.0
0.0
0.0
0.0
0.0
0.0
0.0
0.0
0.0
0.0
0.0
0.0
1.2529601200000035E-16
8.33813552E-10
8.77014E-8
8.70882E-7
3.64352E-6
9.4334E-6
1.9162600000000002E-5
2.8284399999999996E-5
3.84688E-5
9.381339999999999E-5
1.78326E-4
1.96918E-4
2.9989999999999997E-4
3.5109E-4
1.33236E-4
1.1899599999999998E-4
1.0599100000000001E-4
1.2038999999999999E-4
1.4168200000000002E-4
1.69544E-4
1.94284E-4
2.3753400000000002E-4
1.6957000000000002E-4
1.7489000000000003E-4
1.9568599999999998E-4
1.9858800000000003E-4
2.1854600000000002E-4
2.3591200000000001E-4
2.52266E-4
2.0414E-4
2.26034E-4
2.7900400000000007E-4
2.2739600000000002E-4
2.2088800000000003E-4
3.30008E-4
3.9526400000000004E-4
3.44316E-4
4.5773200000000003E-4
5.13526E-4
4.7355E-4
3.80686E-4
3.63926E-4
3.4296200000000004E-4
3.4420399999999997E-4
4.1035199999999995E-4
4.8166400000000003E-4
6.61096E-4
4.5797E-4
6.3335E-4
8.88394E-4
7.213479999999999E-4
5.424439999999999E-4
5.048300000000001E-4
4.03716E-4
4.69436E-4
5.37438E-4
3.2073599999999996E-4
2.88936E-4
4.2642400000000006E-4
5.874319999999999E-4
8.340980000000001E-4
9.21598E-4
6.129659999999999E-4
5.27798E-4
3.33096E-4
3.0416000000000004E-4
3.6301199999999996E-4
7.152300000000001E-4
6.196960000000001E-4
4.3085599999999997E-4
3.95124E-4
3.61228E-4
5.88664E-4
4.5441E-4
4.7059600000000005E-4
4.1439E-4
4.52398E-4
4.66308E-4
5.15408E-4
3.3525E-4
3.4889799999999994E-4
3.8691599999999995E-4
5.00266E-4
9.50458E-4
0.0011086399999999997
0.00102067
0.0011101400000000001
0.00109742
0.00111128
0.0011094400000000002
0.0010341600000000001
9.9433E-4
0.0011123
0.001043344
6.76254E-4
2.46874E-4
2.4236600000000002E-4
2.2228E-4
1.8219200000000002E-4
1.93198E-4
2.06398E-4
2.19568E-4
6.29346E-4
9.100320000000001E-4
0.001059606
9.4338E-4
0.00107248
9.67554E-4
4.887019999999999E-4
3.56056E-4
3.40138E-4
4.95112E-4
7.5453E-4
7.74962E-4
9.325159999999999E-4
9.54522E-4
0.0010284
0.00106664
0.00107916
0.0010183520000000001
8.5664E-4
7.36606E-4
6.255199999999999E-4
4.72518E-4
3.3518999999999997E-4
3.4246E-4
4.2343599999999996E-4
5.43548E-4
6.75164E-4
8.46822E-4
8.618839999999999E-4
6.643100000000001E-4
7.020940000000001E-4
4.47506E-4
4.227400000000001E-4
4.570039999999999E-4
7.65944E-4
8.435160000000001E-4
9.079820000000001E-4
7.107639999999999E-4
7.37056E-4
8.41918E-4
8.45506E-4
5.826200000000001E-4
4.65186E-4
7.07954E-4
5.640560000000001E-4
3.5865999999999996E-4
3.623899999999999E-4
4.4533400000000003E-4
7.10736E-4
7.4505E-4
6.92846E-4
7.738420000000001E-4
7.13862E-4
7.646E-4
6.51452E-4
4.24918E-4
4.1716599999999996E-4
4.7843399999999997E-4
4.4905600000000003E-4
3.7843800000000004E-4
2.68826E-4
2.58872E-4
2.6244600000000006E-4
2.052E-4
1.7014E-4
1.6740800000000002E-4
1.46408E-4
1.38688E-4
1.14652E-4
9.729380000000001E-5
1.0699699999999999E-4
1.41028E-4
3.4658599999999996E-4
3.69414E-4
3.22884E-4
2.82356E-4
2.4055000000000002E-4
1.9798999999999997E-4
1.4980400000000002E-4
8.12666E-5
1.92254E-5
7.25232E-6
3.0926199999999995E-6
7.389320000000001E-7
8.729579999999999E-8
1.48348028848E-9
2.2118000178682E-19
0.0
0.0
0.0
0.0
0.0
0.0
0.0
0.0
0.0
0.0
0.0
0.0
0.0
0.0
0.0
0.0
0.0
0.0
0.0
0.0
0.0
0.0
0.0
0.0
0.0
0.0
0.0
0.0
0.0
0.0
0.0
0.0
0.0
0.0
0.0
0.0
0.0
0.0
0.0
