0.0
0.0
0.0
0.0
0.0
0.0
0.0
0.0
0.0
0.0
0.0
0.0
0.0
0.0
0.0
0.0
0.0
0.0
0.0
0.0
0.0
0.0
0.0
0.0
0.0
0.0
0.0
0.0
0.0
0.0
0.0
0.0
0.0
0.0
0.0
0.0
0.0
0.0
0.0
0.0
0.0
0.0
0.0
0.0
0.0
0.0
0.0
0.0
0.0
0.0
0.0
0.0
0.0
0.0
0.0
0.0
0.0
0.0
0.0
0.0
3.40104690000002E-16
2.011942724E-9
1.982438E-7
1.4568160000000002E-6
5.6301000000000005E-6
1.3428599999999999E-5
2.25174E-5
3.4509200000000005E-5
4.97778E-5
6.2629E-5
7.77646E-5
1.12524E-4
1.3494E-4
1.067576E-4
1.147328E-4
1.37178E-4
1.75278E-4
2.23668E-4
2.3121399999999999E-4
2.5569800000000006E-4
1.77998E-4
1.2916000000000002E-4
1.28114E-4
1.4804E-4
1.48412E-4
1.1719199999999999E-4
1.5557399999999998E-4
1.9097800000000001E-4
1.8912E-4
1.86912E-4
1.69798E-4
2.2687799999999996E-4
2.8567800000000004E-4
3.0190400000000003E-4
2.95038E-4
2.4904800000000003E-4
3.4433600000000005E-4
4.0393E-4
4.75866E-4
5.08262E-4
6.528719999999999E-4
9.314519999999999E-4
9.42176E-4
9.50664E-4
9.58794E-4
9.66586E-4
9.75208E-4
9.82602E-4
9.89406E-4
9.36062E-4
8.09702E-4
9.095300000000001E-4
8.859819999999999E-4
8.034660000000001E-4
9.059259999999999E-4
9.76322E-4
8.834479999999999E-4
8.31582E-4
8.462000000000001E-4
6.585479999999999E-4
3.66454E-4
4.4394E-4
6.19568E-4
0.0010642
0.0010676600000000002
0.0010709
0.001074
9.326480000000001E-4
8.356759999999999E-4
5.7171E-4
6.96872E-4
5.91832E-4
7.58776E-4
6.16096E-4
9.498919999999999E-4
8.837099999999999E-4
8.366679999999999E-4
9.348720000000001E-4
0.0011013
0.00108954
8.589919999999999E-4
5.15146E-4
4.316E-4
3.8326800000000003E-4
3.3702000000000005E-4
3.9496599999999996E-4
7.749199999999999E-4
9.907779999999999E-4
0.00105792
0.00104276
9.6075E-4
6.895559999999999E-4
8.475940000000001E-4
9.94424E-4
0.00111224
9.296780000000001E-4
9.00538E-4
8.846699999999999E-4
8.865160000000001E-4
0.00111036
8.899579999999999E-4
9.33712E-4
8.643100000000001E-4
6.709140000000001E-4
7.520799999999999E-4
6.804879999999999E-4
6.509879999999999E-4
5.24552E-4
5.10644E-4
4.6818200000000004E-4
3.37952E-4
3.57112E-4
3.95868E-4
3.3838E-4
3.2029199999999996E-4
2.6744400000000004E-4
2.43E-4
2.3799800000000003E-4
2.1584200000000002E-4
2.9275800000000006E-4
3.4566199999999994E-4
3.1905000000000003E-4
3.07408E-4
2.1708600000000002E-4
2.39676E-4
2.91746E-4
2.9706E-4
3.2111600000000003E-4
2.5506799999999995E-4
2.6423600000000005E-4
2.65196E-4
2.7639000000000006E-4
2.38194E-4
2.04308E-4
2.2359199999999997E-4
2.8709000000000004E-4
3.15698E-4
2.6188599999999997E-4
2.1858799999999997E-4
1.79668E-4
1.9793800000000001E-4
1.90574E-4
1.8143E-4
1.91506E-4
2.0515999999999997E-4
2.0718400000000001E-4
2.2207200000000002E-4
2.5325200000000003E-4
4.24334E-4
4.1137199999999996E-4
2.36416E-4
2.8654600000000004E-4
3.1927400000000003E-4
4.03992E-4
5.6797E-4
4.87894E-4
4.6011E-4
4.7163000000000006E-4
4.3784799999999996E-4
4.7098800000000004E-4
7.013899999999999E-4
7.44194E-4
7.262E-4
7.07238E-4
6.839299999999999E-4
5.20212E-4
2.93494E-4
3.41086E-4
3.69172E-4
3.7126000000000005E-4
4.8202799999999996E-4
5.0591E-4
4.4401200000000003E-4
2.9493E-4
3.25376E-4
3.39394E-4
2.65046E-4
1.2088200000000003E-4
7.45184E-5
6.80574E-5
5.50372E-5
3.4053999999999996E-5
2.23876E-5
1.246094E-5
5.4796200000000006E-6
1.69292E-6
2.686968E-7
2.37631817744E-9
1.9589400141894003E-19
0.0
0.0
0.0
0.0
0.0
0.0
0.0
0.0
0.0
0.0
0.0
0.0
0.0
0.0
0.0
0.0
0.0
0.0
0.0
0.0
0.0
0.0
0.0
0.0
0.0
0.0
0.0
0.0
0.0
0.0
0.0
0.0
0.0
0.0
0.0
0.0
0.0
0.0
0.0
