0.0
0.0
0.0
0.0
0.0
0.0
0.0
0.0
0.0
0.0
0.0
0.0
0.0
0.0
0.0
0.0
0.0
0.0
0.0
0.0
0.0
0.0
0.0
0.0
0.0
0.0
0.0
0.0
0.0
0.0
0.0
0.0
0.0
0.0
0.0
0.0
0.0
0.0
0.0
0.0
0.0
0.0
0.0
0.0
0.0
0.0
0.0
0.0
0.0
0.0
0.0
0.0
0.0
0.0
0.0
0.0
0.0
0.0
0.0
0.0
0.0
0.0
0.0
0.0
0.0
0.0
0.0
0.0
0.0
0.0
0.0
0.0
0.0
0.0
0.0
0.0
0.0
0.0
0.0
0.0
0.0
0.0
0.0
0.0
0.0
0.0
0.0
0.0
0.0
0.0
0.0
0.0
0.0
0.0
0.0
7.050999999999999E-23
6.71359910289E-6
0.00141521
0.01359416
0.0302788
0.0692748
0.124078
0.17634
0.190272
0.19575
0.20656600000000003
0.317672
0.405446
0.362696
0.46989000000000003
0.416948
0.558148
0.546386
0.454468
0.468304
0.601444
0.67286
0.73839
0.777152
0.7370620000000001
0.6447939999999999
0.691402
0.65716
0.757672
0.539694
0.660154
0.62496
0.7356499999999999
0.8918419999999999
0.899286
0.9068379999999999
0.9127099999999999
0.9180299999999999
0.9228259999999999
0.9271099999999999
0.9309
0.9342159999999999
0.937064
0.9394560000000001
0.941406
0.912738
0.8194279999999999
0.7727820000000001
0.697312
0.525178
0.7456720000000001
0.43555599999999994
0.419752
0.373794
0.429016
0.386562
0.374026
0.365078
0.381462
0.44188600000000006
0.25502600000000003
0.23163399999999998
0.219134
0.19598999999999997
0.21897000000000003
0.20810399999999998
0.21282399999999999
0.20865
0.184022
0.171516
0.161866
0.176664
0.17504
0.14973199999999998
0.17193199999999997
0.135444
0.122906
0.149708
0.151176
0.16715200000000002
0.15378399999999998
0.118124
0.10763
0.1914612
0.24318999999999996
0.20265999999999998
0.145594
0.166236
0.20554999999999998
0.21300599999999997
0.154518
0.0965264
0.04894659999999999
0.01487686
8.040453999999999E-4
6.515247084836399E-7
0.0
0.0
0.0
0.0
0.0
0.0
0.0
0.0
0.0
0.0
0.0
0.0
0.0
0.0
0.0
0.0
0.0
0.0
0.0
0.0
0.0
0.0
0.0
0.0
0.0
0.0
0.0
0.0
0.0
0.0
0.0
0.0
0.0
0.0
0.0
0.0
0.0
0.0
0.0
0.0
0.0
0.0
0.0
0.0
0.0
0.0
0.0
0.0
0.0
0.0
0.0
0.0
0.0
0.0
0.0
0.0
0.0
0.0
0.0
0.0
0.0
0.0
0.0
0.0
0.0
0.0
0.0
0.0
0.0
0.0
0.0
0.0
0.0
0.0
0.0
0.0
0.0
0.0
0.0
0.0
0.0
0.0
0.0
0.0
0.0
0.0
0.0
0.0
0.0
0.0
0.0
0.0
0.0
0.0
0.0
0.0
0.0
