0.0
0.0
0.0
0.0
0.0
0.0
0.0
0.0
0.0
0.0
0.0
0.0
0.0
0.0
0.0
0.0
0.0
0.0
0.0
0.0
0.0
0.0
0.0
0.0
0.0
0.0
0.0
0.0
0.0
0.0
0.0
0.0
0.0
0.0
0.0
0.0
0.0
0.0
0.0
0.0
0.0
0.0
0.0
0.0
0.0
0.0
0.0
0.0
0.0
0.0
0.0
0.0
0.0
0.0
0.0
0.0
0.0
0.0
0.0
0.0
0.0
0.0
0.0
0.0
0.0
0.0
0.0
0.0
0.0
0.0
0.0
0.0
0.0
0.0
0.0
0.0
0.0
0.0
0.0
0.0
0.0
0.0
0.0
0.0
0.0
0.0
0.0
0.0
0.0
0.0
0.0
0.0
0.0
0.0
0.0
6.5562E-23
6.687641875281999E-6
8.58312E-4
0.00859998
0.023552
0.0415126
0.0673774
0.0825192
0.13673039999999997
0.235722
0.277246
0.182546
0.261002
0.262116
0.322764
0.490442
0.46596200000000004
0.483366
0.29466000000000003
0.20165799999999998
0.23266599999999998
0.28633000000000003
0.453684
0.48463599999999996
0.445642
0.33731
0.21839599999999998
0.42052000000000006
0.598742
0.6438379999999999
0.776574
0.7423059999999999
0.740944
0.8918419999999999
0.451278
0.593412
0.821458
0.9180299999999999
0.9228259999999999
0.9271099999999999
0.9309
0.9342159999999999
0.937064
0.516606
0.29372000000000004
0.35078
0.473896
0.355218
0.381724
0.353274
0.379436
0.444994
0.51003
0.8978020000000001
0.818786
0.76936
0.86527
0.8765560000000001
0.272804
0.27125
0.293262
0.28774400000000006
0.237092
0.27082999999999996
0.21898
0.222122
0.22146
0.27363400000000004
0.288646
0.352844
0.33028
0.31974800000000003
0.24284
0.23005
0.199216
0.1706
0.28258799999999995
0.280302
0.425518
0.266312
0.14662800000000004
0.23035199999999997
0.19335
0.14968399999999998
0.17785
0.15473399999999998
0.162044
0.09070139999999999
0.04287
0.0331114
0.027388000000000003
0.0172596
0.0069507
0.002214732
1.3668726000000002E-4
1.2378794151123602E-7
0.0
0.0
0.0
0.0
0.0
0.0
0.0
0.0
0.0
0.0
0.0
0.0
0.0
0.0
0.0
0.0
0.0
0.0
0.0
0.0
0.0
0.0
0.0
0.0
0.0
0.0
0.0
0.0
0.0
0.0
0.0
0.0
0.0
0.0
0.0
0.0
0.0
0.0
0.0
0.0
0.0
0.0
0.0
0.0
0.0
0.0
0.0
0.0
0.0
0.0
0.0
0.0
0.0
0.0
0.0
0.0
0.0
0.0
0.0
0.0
0.0
0.0
0.0
0.0
0.0
0.0
0.0
0.0
0.0
0.0
0.0
0.0
0.0
0.0
0.0
0.0
0.0
0.0
0.0
0.0
0.0
0.0
0.0
0.0
0.0
0.0
0.0
0.0
0.0
0.0
0.0
0.0
0.0
0.0
0.0
0.0
0.0
