0.0
0.0
0.0
0.0
0.0
0.0
0.0
0.0
0.0
0.0
0.0
0.0
0.0
0.0
0.0
0.0
0.0
0.0
0.0
0.0
0.0
0.0
0.0
0.0
0.0
0.0
0.0
0.0
0.0
0.0
0.0
0.0
0.0
0.0
0.0
0.0
0.0
0.0
0.0
0.0
0.0
0.0
0.0
0.0
0.0
0.0
0.0
0.0
0.0
0.0
0.0
0.0
0.0
0.0
0.0
0.0
0.0
0.0
0.0
0.0
0.0
0.0
0.0
0.0
0.0
0.0
0.0
0.0
0.0
0.0
0.0
0.0
0.0
0.0
0.0
0.0
0.0
0.0
0.0
0.0
0.0
0.0
0.0
0.0
0.0
0.0
0.0
0.0
0.0
0.0
0.0
0.0
0.0
0.0
0.0
1.00198E-22
1.117539814362E-5
0.001684304
0.00982014
0.052900800000000005
0.1027792
0.157064
0.16416399999999998
0.26027199999999995
0.31488400000000005
0.20634800000000003
0.161686
0.203526
0.25490399999999996
0.22005000000000002
0.165568
0.150608
0.173278
0.194754
0.33534200000000003
0.6278140000000001
0.476192
0.513246
0.55913
0.350566
0.35523
0.29549600000000004
0.800454
0.821726
0.6371239999999999
0.7398239999999999
0.41673799999999994
0.573158
0.806368
0.794718
0.38801599999999997
0.425334
0.45168200000000003
0.448494
0.459908
0.43932200000000005
0.36813
0.38417599999999996
0.40396400000000005
0.39540000000000003
0.514868
0.5664079999999999
0.38922599999999996
0.45164799999999994
0.725428
0.894814
0.757938
0.773652
0.7531760000000001
0.818674
0.526722
0.682952
0.5153220000000001
0.42028600000000005
0.322588
0.311456
0.387236
0.301832
0.299282
0.370892
0.311374
0.31985399999999997
0.5368979999999999
0.4661620000000001
0.5589599999999999
0.534512
0.67452
0.5633079999999999
0.237804
0.22478800000000004
0.235128
0.425966
0.45473800000000003
0.390964
0.31661799999999996
0.311112
0.33330800000000005
0.38038200000000005
0.38922599999999996
0.286268
0.260446
0.181036
0.15617399999999998
0.17901799999999998
0.11921
0.08894660000000001
0.0763808
0.0466574
0.01151424
7.554874E-4
6.2588646444978E-7
0.0
0.0
0.0
0.0
0.0
0.0
0.0
0.0
0.0
0.0
0.0
0.0
0.0
0.0
0.0
0.0
0.0
0.0
0.0
0.0
0.0
0.0
0.0
0.0
0.0
0.0
0.0
0.0
0.0
0.0
0.0
0.0
0.0
0.0
0.0
0.0
0.0
0.0
0.0
0.0
0.0
0.0
0.0
0.0
0.0
0.0
0.0
0.0
0.0
0.0
0.0
0.0
0.0
0.0
0.0
0.0
0.0
0.0
0.0
0.0
0.0
0.0
0.0
0.0
0.0
0.0
0.0
0.0
0.0
0.0
0.0
0.0
0.0
0.0
0.0
0.0
0.0
0.0
0.0
0.0
0.0
0.0
0.0
0.0
0.0
0.0
0.0
0.0
0.0
0.0
0.0
0.0
0.0
0.0
0.0
0.0
0.0
