0.0
0.0
0.0
0.0
0.0
0.0
0.0
0.0
0.0
0.0
0.0
0.0
0.0
0.0
0.0
0.0
0.0
0.0
0.0
0.0
0.0
0.0
0.0
0.0
0.0
0.0
0.0
0.0
0.0
0.0
0.0
0.0
0.0
0.0
0.0
0.0
0.0
0.0
0.0
0.0
0.0
0.0
0.0
0.0
0.0
0.0
0.0
0.0
0.0
0.0
0.0
0.0
0.0
0.0
0.0
0.0
0.0
0.0
0.0
0.0
0.0
0.0
0.0
0.0
0.0
0.0
0.0
0.0
0.0
0.0
0.0
0.0
0.0
0.0
0.0
0.0
0.0
0.0
0.0
0.0
0.0
0.0
0.0
0.0
0.0
0.0
0.0
0.0
0.0
0.0
0.0
0.0
0.0
0.0
0.0
6.185E-24
8.548018973260001E-7
1.809892E-4
0.0017454960000000002
0.006646260000000001
0.014088
0.0259062
0.0371798
0.0495166
0.0541466
0.06841440000000001
0.07657720000000001
0.0997344
0.09530680000000001
0.0874876
0.08221540000000001
0.06168419999999999
0.037370400000000005
0.0282076
0.0347704
0.048756
0.047242799999999995
0.06207239999999999
0.0808304
0.07768299999999999
0.079191
0.114976
0.0933786
0.0964212
0.0873406
0.10051760000000001
0.11554800000000001
0.129058
0.10880179999999999
0.115096
0.1106436
0.14238199999999998
0.15056599999999998
0.1772
0.15389
0.20480799999999996
0.218614
0.19301999999999997
0.184134
0.17321
0.164072
0.183148
0.20406399999999997
0.21354
0.190808
0.15102
0.14329799999999998
0.14305600000000002
0.13335999999999998
0.138626
0.13073600000000002
0.11350400000000001
0.11861000000000002
0.10875399999999999
0.108118
0.12024399999999999
0.09952540000000001
0.10058580000000002
0.09442740000000001
0.12889
0.13993799999999998
0.136656
0.12825999999999999
0.128306
0.139834
0.145516
0.175052
0.181266
0.160594
0.15539999999999998
0.173428
0.20881600000000003
0.2686
0.25293200000000005
0.308126
0.277956
0.23853200000000002
0.302258
0.315616
0.29288600000000004
0.27213
0.21512200000000004
0.22048800000000002
0.23149999999999998
0.21300599999999997
0.14979199999999998
0.0722052
0.021495000000000004
0.0045674800000000005
2.2485791999999998E-4
2.21955054154762E-7
0.0
0.0
0.0
0.0
0.0
0.0
0.0
0.0
0.0
0.0
0.0
0.0
0.0
0.0
0.0
0.0
0.0
0.0
0.0
0.0
0.0
0.0
0.0
0.0
0.0
0.0
0.0
0.0
0.0
0.0
0.0
0.0
0.0
0.0
0.0
0.0
0.0
0.0
0.0
0.0
0.0
0.0
0.0
0.0
0.0
0.0
0.0
0.0
0.0
0.0
0.0
0.0
0.0
0.0
0.0
0.0
0.0
0.0
0.0
0.0
0.0
0.0
0.0
0.0
0.0
0.0
0.0
0.0
0.0
0.0
0.0
0.0
0.0
0.0
0.0
0.0
0.0
0.0
0.0
0.0
0.0
0.0
0.0
0.0
0.0
0.0
0.0
0.0
0.0
0.0
0.0
0.0
0.0
0.0
0.0
0.0
0.0
