0.0
0.0
0.0
0.0
0.0
0.0
0.0
0.0
0.0
0.0
0.0
0.0
0.0
0.0
0.0
0.0
0.0
0.0
0.0
0.0
0.0
0.0
0.0
0.0
0.0
0.0
0.0
0.0
0.0
0.0
0.0
0.0
0.0
0.0
0.0
0.0
0.0
0.0
0.0
0.0
0.0
0.0
0.0
0.0
0.0
0.0
0.0
0.0
0.0
0.0
0.0
0.0
0.0
0.0
0.0
0.0
0.0
0.0
0.0
0.0
0.0
0.0
0.0
0.0
0.0
0.0
0.0
0.0
0.0
0.0
0.0
0.0
0.0
0.0
0.0
0.0
0.0
0.0
0.0
0.0
0.0
0.0
0.0
0.0
0.0
0.0
0.0
0.0
0.0
0.0
0.0
0.0
0.0
0.0
0.0
1.1999E-22
1.159483313056E-5
0.0015852379999999999
0.01588154
0.0527576
0.09428700000000001
0.137442
0.17976
0.22913
0.241704
0.27471
0.27053
0.28190800000000005
0.16010399999999997
0.15080999999999997
0.198622
0.257232
0.30015200000000003
0.515668
0.54903
0.27111799999999997
0.278874
0.254162
0.284406
0.317304
0.44469000000000003
0.290018
0.190148
0.20801999999999995
0.22259800000000002
0.23048800000000003
0.24688400000000002
0.242226
0.19440200000000002
0.196074
0.19226
0.19896200000000003
0.19645600000000002
0.20118199999999997
0.183558
0.158244
0.15320799999999998
0.163054
0.180368
0.144974
0.152758
0.16615
0.17571799999999999
0.236214
0.268266
0.23785599999999998
0.292242
0.521284
0.790808
0.8523720000000001
0.8628
0.9304220000000001
0.9265699999999999
0.8830260000000001
0.72036
0.328132
0.188208
0.192188
0.17997000000000002
0.18890400000000002
0.215116
0.39243799999999995
0.5996859999999999
0.83741
0.8324219999999999
0.81759
0.7776080000000001
0.37209600000000004
0.41831199999999996
0.32598400000000005
0.333976
0.42433999999999994
0.436766
0.45208999999999994
0.538142
0.46279799999999993
0.305852
0.34236600000000006
0.32565000000000005
0.28002000000000005
0.160882
0.19487999999999997
0.161256
0.11782200000000001
0.0807244
0.05966819999999999
0.03649960000000001
0.0220354
0.0089512
5.759078E-4
6.2545670848364E-7
0.0
0.0
0.0
0.0
0.0
0.0
0.0
0.0
0.0
0.0
0.0
0.0
0.0
0.0
0.0
0.0
0.0
0.0
0.0
0.0
0.0
0.0
0.0
0.0
0.0
0.0
0.0
0.0
0.0
0.0
0.0
0.0
0.0
0.0
0.0
0.0
0.0
0.0
0.0
0.0
0.0
0.0
0.0
0.0
0.0
0.0
0.0
0.0
0.0
0.0
0.0
0.0
0.0
0.0
0.0
0.0
0.0
0.0
0.0
0.0
0.0
0.0
0.0
0.0
0.0
0.0
0.0
0.0
0.0
0.0
0.0
0.0
0.0
0.0
0.0
0.0
0.0
0.0
0.0
0.0
0.0
0.0
0.0
0.0
0.0
0.0
0.0
0.0
0.0
0.0
0.0
0.0
0.0
0.0
0.0
0.0
0.0
