0.0
0.0
0.0
0.0
0.0
0.0
0.0
0.0
0.0
0.0
0.0
0.0
0.0
0.0
0.0
0.0
0.0
0.0
0.0
0.0
0.0
0.0
0.0
0.0
0.0
0.0
0.0
0.0
0.0
0.0
0.0
0.0
0.0
0.0
0.0
0.0
0.0
0.0
0.0
0.0
0.0
0.0
0.0
0.0
0.0
0.0
0.0
0.0
0.0
0.0
0.0
0.0
0.0
0.0
0.0
0.0
0.0
0.0
0.0
0.0
0.0
0.0
0.0
0.0
0.0
0.0
0.0
0.0
0.0
0.0
0.0
0.0
0.0
0.0
0.0
0.0
0.0
0.0
0.0
0.0
0.0
0.0
0.0
0.0
0.0
0.0
0.0
0.0
0.0
0.0
0.0
0.0
0.0
0.0
0.0
4.4532E-23
4.988266022152E-6
0.0012202405999999998
0.0108917
0.032268200000000004
0.046699599999999994
0.09413160000000001
0.126446
0.138918
0.1681
0.10729600000000002
0.09905080000000001
0.12730919999999998
0.132078
0.151656
0.12681599999999998
0.12483999999999999
0.130558
0.16001
0.19612999999999997
0.20234199999999997
0.3113
0.30275
0.556698
0.607456
0.7431519999999999
0.8212679999999999
0.8338619999999999
0.616942
0.7383400000000001
0.753652
0.7406940000000001
0.733702
0.679404
0.701478
0.7199899999999999
0.5493140000000001
0.5379320000000001
0.5075200000000001
0.574762
0.303384
0.20551399999999997
0.189282
0.127758
0.122384
0.0980592
0.073633
0.07179879999999998
0.0661408
0.06800999999999999
0.0887224
0.0848446
0.07529620000000001
0.0619888
0.05058520000000001
0.0560278
0.0372226
0.035204400000000004
0.053451000000000005
0.05864499999999999
0.07650539999999999
0.12301259999999999
0.127542
0.154986
0.22252
0.409056
0.482486
0.6467620000000001
0.36174000000000006
0.22810999999999998
0.22721799999999998
0.22654999999999997
0.20490599999999998
0.23921399999999998
0.27294
0.399854
0.6423920000000001
0.5160880000000001
0.37484599999999996
0.32635000000000003
0.47300200000000003
0.453948
0.45902200000000004
0.266176
0.46684800000000004
0.423222
0.37591600000000003
0.285958
0.14408179999999998
0.14693
0.127614
0.0915406
0.04741720000000001
0.012843879999999998
6.953804E-4
6.306630222756801E-7
0.0
0.0
0.0
0.0
0.0
0.0
0.0
0.0
0.0
0.0
0.0
0.0
0.0
0.0
0.0
0.0
0.0
0.0
0.0
0.0
0.0
0.0
0.0
0.0
0.0
0.0
0.0
0.0
0.0
0.0
0.0
0.0
0.0
0.0
0.0
0.0
0.0
0.0
0.0
0.0
0.0
0.0
0.0
0.0
0.0
0.0
0.0
0.0
0.0
0.0
0.0
0.0
0.0
0.0
0.0
0.0
0.0
0.0
0.0
0.0
0.0
0.0
0.0
0.0
0.0
0.0
0.0
0.0
0.0
0.0
0.0
0.0
0.0
0.0
0.0
0.0
0.0
0.0
0.0
0.0
0.0
0.0
0.0
0.0
0.0
0.0
0.0
0.0
0.0
0.0
0.0
0.0
0.0
0.0
0.0
0.0
0.0
