0.0
0.0
0.0
0.0
0.0
0.0
0.0
0.0
0.0
0.0
0.0
0.0
0.0
0.0
0.0
0.0
0.0
0.0
0.0
0.0
0.0
0.0
0.0
0.0
0.0
0.0
0.0
0.0
0.0
0.0
0.0
0.0
0.0
0.0
0.0
0.0
0.0
0.0
0.0
0.0
0.0
0.0
0.0
0.0
0.0
0.0
0.0
0.0
0.0
0.0
0.0
0.0
0.0
0.0
0.0
0.0
0.0
0.0
0.0
0.0
0.0
0.0
0.0
0.0
0.0
0.0
0.0
0.0
0.0
0.0
0.0
0.0
0.0
0.0
0.0
0.0
0.0
0.0
0.0
0.0
0.0
0.0
0.0
0.0
0.0
0.0
0.0
0.0
0.0
0.0
0.0
0.0
0.0
0.0
0.0
4.4532E-23
5.318896824911999E-6
6.409391999999999E-4
0.0070499000000000004
0.0283392
0.0751926
0.13867400000000002
0.21465
0.263612
0.30018
0.380404
0.432714
0.47809
0.499408
0.554242
0.5730040000000001
0.5233979999999999
0.43559400000000004
0.303366
0.330384
0.568156
0.573916
0.47285000000000005
0.455452
0.525108
0.56694
0.4381399999999999
0.36523399999999995
0.556838
0.415848
0.376038
0.409748
0.41719999999999996
0.372746
0.38860400000000006
0.4098879999999999
0.61168
0.7270939999999999
0.849098
0.8436119999999999
0.7726919999999999
0.810876
0.7796160000000001
0.76096
0.8171160000000001
0.4713839999999999
0.262446
0.6273120000000001
0.740776
0.6536500000000001
0.6342960000000001
0.67874
0.75103
0.8395760000000001
0.936704
0.666812
0.642028
0.391048
0.34470599999999996
0.35554
0.30422200000000005
0.24254799999999999
0.18862399999999999
0.162138
0.15891000000000002
0.167872
0.19030999999999998
0.23429799999999998
0.26336
0.34592
0.42220399999999997
0.375716
0.380068
0.39354
0.378764
0.470632
0.507522
0.56972
0.509958
0.30129
0.39383199999999996
0.391184
0.36673999999999995
0.204746
0.156632
0.112594
0.112002
0.165578
0.12292719999999999
0.079949
0.054700399999999996
0.07749980000000001
0.038063
0.0116799
6.242784000000001E-4
6.0502993048364E-7
0.0
0.0
0.0
0.0
0.0
0.0
0.0
0.0
0.0
0.0
0.0
0.0
0.0
0.0
0.0
0.0
0.0
0.0
0.0
0.0
0.0
0.0
0.0
0.0
0.0
0.0
0.0
0.0
0.0
0.0
0.0
0.0
0.0
0.0
0.0
0.0
0.0
0.0
0.0
0.0
0.0
0.0
0.0
0.0
0.0
0.0
0.0
0.0
0.0
0.0
0.0
0.0
0.0
0.0
0.0
0.0
0.0
0.0
0.0
0.0
0.0
0.0
0.0
0.0
0.0
0.0
0.0
0.0
0.0
0.0
0.0
0.0
0.0
0.0
0.0
0.0
0.0
0.0
0.0
0.0
0.0
0.0
0.0
0.0
0.0
0.0
0.0
0.0
0.0
0.0
0.0
0.0
0.0
0.0
0.0
0.0
0.0
