0.053
0.053
0.053
0.053
0.147
0.147
0.147
0.147
0.147
0.137
0.157
0.197
0.083
0.083
0.083
0.083
0.083
0.083
0.083
0.083
0.083
0.083
0.083
0.083
0.083
0.083
0.083
0.083
0.083
0.156
0.156
0.096
0.096
0.096
0.196
0.196
0.196
0.256
0.116
0.066
0.066
0.066
0.19
0.19
0.25
0.25
0.25
0.25
0.29
0.29
0.35
0.35
0.35
0.35
0.35
0.37
0.31
0.31
0.31
0.31
0.33
0.33
0.33
0.33
0.33
0.33
0.33
0.33
0.33
0.33
0.45
0.45
0.41
0.41
0.41
0.41
0.41
0.39
0.402
0.402
0.402
0.402
0.402
0.402
0.502
0.502
0.502
0.502
0.562
0.537
0.589
0.649
0.649
0.649
0.589
0.489
0.489
0.489
0.489
0.489
0.489
0.489
0.489
0.489
0.549
0.629
0.529
0.629
0.517
0.517
0.517
0.517
0.517
0.517
0.457
0.457
0.457
0.569
0.569
0.569
0.609
0.609
0.609
0.609
0.909
0.609
0.909
0.949
0.889
0.889
0.949
0.889
0.849
0.549
0.549
0.549
0.509
0.569
0.569
0.569
0.569
0.569
0.729
0.729
0.729
0.729
0.729
0.769
0.769
0.769
0.769
0.769
0.789
0.849
0.849
0.789
0.789
0.749
0.749
0.749
0.629
0.629
0.629
0.569
0.569
0.569
0.569
0.569
0.569
0.569
0.529
0.529
0.529
0.529
0.529
0.529
0.529
0.529
0.529
0.529
0.529
0.529
0.529
0.542
0.542
0.542
0.542
0.542
0.542
0.542
0.602
0.602
0.79
0.79
0.79
0.79
0.79
0.79
0.79
0.49
0.49
0.49
0.49
0.49
0.49
0.49
0.43
0.43
0.45
0.45
0.45
0.53
0.53
0.53
0.53
0.57
0.57
0.57
2.477
2.377
2.377
0.47
0.47
0.47
0.47
0.47
0.47
0.49
0.49
0.49
0.49
0.43
0.43
0.43
0.43
0.43
0.43
0.43
0.47
0.53
0.47
0.47
0.47
0.457
0.457
0.457
0.457
0.397
0.397
0.397
0.397
0.397
0.397
0.397
0.397
0.457
0.457
0.397
0.397
0.397
0.397
0.451
0.451
0.451
0.451
0.451
0.451
0.511
0.511
0.451
0.451
0.451
0.451
0.451
0.451
0.451
0.511
0.511
0.511
0.511
0.511
0.511
0.511
0.511
0.511
0.511
0.511
0.511
0.511
0.491
0.591
0.591
0.591
0.591
0.591
0.591
0.591
0.591
0.531
0.531
0.531
0.531
0.531
0.531
0.831
0.831
0.831
0.831
0.831
0.731
0.731
0.731
0.431
0.431
0.491
0.431
0.431
0.431
0.431
0.431
0.471
0.471
0.471
0.471
0.371
0.371
0.371
0.331
0.331
0.331
0.331
0.331
0.331
0.331
0.331
0.331
0.331
0.331
0.331
0.331
0.331
0.331
2.114
2.114
2.114
0.207
0.207
0.207
0.207
0.207
0.207
0.173
0.173
0.173
0.173
0.267
0.267
0.367
0.367
0.273
0.273
0.633
0.573
0.273
0.273
0.213
0.213
0.213
0.213
0.213
0.313
0.373
0.413
0.473
0.473
0.473
0.373
0.333
0.333
0.273
0.273
2.16
2.16
2.16
0.213
0.213
0.244
0.244
0.244
0.244
0.304
0.304
0.244
0.244
0.244
0.264
0.358
0.358
0.358
0.358
0.358
0.358
0.264
0.244
0.244
0.244
0.344
0.344
0.644
0.664
0.364
0.404
0.404
0.404
0.404
0.404
0.464
0.464
0.804
0.838
0.838
0.878
0.578
0.538
0.538
0.538
0.55
0.578
0.538
0.538
0.538
0.404
0.404
0.404
0.477
0.477
0.477
0.477
0.489
0.489
0.429
0.369
0.409
0.469
0.509
0.509
0.509
0.509
0.509
0.509
0.509
0.509
0.643
0.643
0.549
0.609
0.609
0.609
0.549
0.518
0.518
0.518
0.642
0.642
0.642
0.736
0.736
0.736
0.724
0.724
0.724
0.724
0.684
0.684
0.684
0.684
0.684
0.684
0.764
0.764
0.764
0.764
0.764
0.764
0.764
0.764
0.764
0.764
0.764
0.744
0.744
0.764
0.764
0.824
0.811
0.811
0.811
0.811
0.811
0.751
0.751
0.751
0.751
0.751
0.751
0.751
0.811
0.751
0.751
0.751
0.751
0.751
0.751
0.751
0.751
0.771
0.771
0.771
0.771
0.771
0.771
0.771
0.751
0.751
0.751
0.751
0.657
0.657
0.657
0.657
0.617
0.657
0.657
0.657
0.657
0.657
0.657
0.657
0.617
0.617
0.617
0.617
0.617
0.617
0.617
0.617
0.59
0.59
0.63
0.63
2.497
2.497
2.537
0.59
0.59
0.59
0.59
0.59
0.59
0.53
0.53
0.43
0.43
0.43
0.43
0.41
0.41
0.41
0.41
0.41
0.41
0.41
0.41
0.31
2.217
2.217
2.217
0.31
0.31
0.31
0.054
0.054
0.054
0.054
0.054
0.054
0.054
0.054
0.054
0.054
0.054
0.054
0.054
0.054
0.054
0.054
0.054
0.054
0.054
0.054
0.054
0.054
0.054
0.054
0.054
0.054
0.054
0.054
0.054
0.054
0.054
0.054
0.054
0.054
0.054
0.054
0.054
0.054
0.054
0.054
0.054
0.054
0.054
0.054
0.054
0.054
0.054
0.054
0.054
0.054
0.054
0.054
0.054
0.054
0.054
0.054
0.054
0.054
0.054
0.054
0.054
0.054
0.054
0.054
0.054
0.054
0.054
0.054
0.054
0.054
0.054
0.054
0.054
0.054
0.054
0.054
0.054
0.054
0.054
0.054
0.054
0.054
0.054
0.054
0.054
0.054
0.054
0.054
0.054
0.054
0.054
0.054
0.054
0.054
0.054
0.054
0.054
0.054
0.054
0.054
0.054
0.054
0.054
0.054
0.054
0.054
0.054
0.054
0.054
0.054
0.054
0.054
0.054
0.054
0.054
0.054
0.054
0.054
0.054
0.054
0.054
0.054
0.054
0.054
0.054
0.054
0.054
0.054
0.054
0.054
0.054
0.054
0.054
0.054
0.054
0.054
0.054
0.054
0.054
0.054
0.054
0.054
0.054
0.054
0.054
0.054
0.054
0.054
0.054
0.054
0.054
0.054
0.054
0.054
0.054
0.054
0.054
0.054
0.054
0.054
0.054
0.054
0.054
0.054
0.054
0.054
0.054
0.054
0.054
0.054
0.054
0.054
0.054
0.054
0.054
0.054
0.054
0.054
0.054
0.054
0.054
0.054
0.054
0.054
0.054
0.054
0.054
0.054
0.054
0.054
0.054
0.054
0.054
0.054
0.054
0.054
0.054
0.054
0.054
0.054
0.054
0.054
0.054
0.054
0.054
0.054
0.054
0.054
0.054
0.054
0.054
0.054
0.054
0.054
0.054
0.054
0.054
0.054
0.054
0.054
0.054
0.054
0.054
0.054
0.054
0.054
0.054
0.054
0.054
0.054
0.054
0.054
0.054
0.054
0.054
0.054
0.054
0.054
0.054
0.054
0.054
0.054
0.054
0.054
0.054
0.054
0.054
0.054
0.054
0.054
0.054
0.054
0.054
0.054
0.054
0.054
0.054
0.054
0.054
0.054
0.054
0.054
0.054
0.054
0.054
0.054
0.054
0.054
0.054
0.054
0.054
0.054
0.054
0.054
0.054
0.054
0.054
0.054
0.054
0.054
0.054
0.054
0.054
0.054
0.054
0.054
0.054
0.054
0.054
0.054
0.054
0.054
0.054
0.054
0.054
0.054
0.054
0.054
0.054
0.054
0.054
0.054
0.054
0.054
0.054
0.054
0.054
0.054
0.054
0.054
0.054
0.054
0.054
0.054
0.054
0.054
0.054
0.054
0.054
0.054
0.054
0.054
0.054
0.054
0.054
0.054
0.054
0.054
0.054
0.054
0.054
0.054
0.054
0.054
0.054
0.054
0.054
0.054
0.054
0.054
0.054
0.054
0.054
0.054
0.054
0.054
0.054
0.054
0.054
0.054
0.054
0.054
0.054
0.054
0.054
0.054
0.054
0.054
0.054
0.054
0.054
0.054
0.054
0.054
0.054
0.054
0.054
0.054
0.054
0.054
0.054
0.054
0.054
0.054
0.054
0.054
0.054
0.054
0.054
0.054
0.19
0.19
0.19
0.25
0.25
0.25
0.25
0.25
0.25
0.25
0.25
0.25
0.25
0.25
0.55
0.55
0.25
0.25
0.25
0.25
0.25
0.25
0.25
0.25
0.25
0.25
0.237
0.237
0.237
0.237
0.237
0.237
0.397
0.409
0.469
0.469
0.509
0.449
0.449
0.449
0.449
0.449
0.449
1.786
1.786
1.786
1.726
1.726
1.786
1.906
1.866
1.866
1.926
1.926
2.02
2.02
2.02
2.06
2.02
2.02
2
2
2
2
2
2
2.06
2.02
2.02
1.96
2
2
2
2
2
2
2
2.06
2.06
2
2
1.988
1.988
2.388
2.428
2.448
2.428
2.428
2.428
2.428
2.428
2.56
2.56
2.62
2.62
2.6
2.62
2.32
2.32
2.32
2.3
2.26
2.26
0.823
0.823
0.923
0.923
1.223
0.923
0.923
0.883
0.823
0.823
0.863
0.823
0.803
0.803
0.683
0.683
0.683
0.783
0.683
0.643
0.603
0.603
0.603
0.603
0.603
0.491
0.491
0.431
0.491
0.491
0.491
0.491
0.491
0.511
0.511
0.511
0.451
0.451
0.551
0.551
0.551
1.638
1.638
1.638
0.551
2.358
2.324
2.264
0.357
0.357
0.357
0.297
0.297
0.297
0.317
0.317
0.357
0.317
0.317
0.317
0.317
0.329
0.317
0.317
0.368
0.308
0.308
0.308
0.308
0.308
0.308
0.308
0.408
0.308
0.288
0.388
0.428
0.428
0.428
0.304
0.63
0.63
0.63
0.69
0.264
0.264
0.276
0.276
0.276
0.376
0.376
0.376
0.376
0.364
0.464
0.458
0.458
0.758
0.758
0.658
2.565
2.565
2.565
0.658
2.865
2.865
2.865
0.958
1.07
1.07
1.07
1.11
1.11
1.11
1.11
10.543
10.543
10.243
0.81
0.75
0.75
2.657
2.657
2.657
0.75
1.05
1.05
1.05
1.05
1.05
1.05
1.05
1.05
1.01
1.07
1.07
1.09
1.059
1.059
1.059
1.059
1.119
0.987
0.987
0.987
0.987
1.187
1.187
1.167
0.867
0.867
0.867
0.867
0.887
0.927
0.927
0.947
0.947
0.947
0.927
0.927
0.927
0.827
0.827
0.827
0.827
0.727
0.787
0.907
0.847
0.847
0.847
0.847
0.847
0.847
0.847
0.847
0.887
0.887
0.887
0.887
0.987
0.887
0.787
0.899
0.899
0.899
0.899
0.899
0.899
0.899
0.899
0.899
0.899
0.899
0.839
0.719
0.699
0.699
0.759
0.759
0.759
0.759
0.819
0.819
0.759
0.759
0.779
0.779
0.759
0.819
0.819
0.879
0.879
0.879
0.879
0.879
0.879
0.879
0.879
0.879
0.879
0.879
0.879
0.879
0.879
0.879
0.879
0.879
0.879
1.059
1.059
1.059
1.059
1.059
1.059
1.059
1.059
0.999
0.999
1.012
1.012
1.012
1.012
1.012
1.012
1.012
1.012
1.012
1.012
1.012
1.012
1.012
1.012
1.012
1.112
1.172
1.212
1.212
1.152
1.152
1.152
1.152
1.152
1.452
1.472
1.472
1.378
1.202
1.202
1.242
1.242
1.122
1.022
1.022
1.022
1.082
1.082
1.082
1.082
1.082
1.082
1.082
1.082
1.082
1.082
1.113
1.113
1.073
1.013
0.953
0.953
0.953
1.013
1.113
1.173
1.113
1.113
0.813
0.813
0.92
0.92
0.92
0.76
0.76
0.772
0.772
0.772
0.66
0.62
0.946
0.946
0.826
0.826
0.5
0.68
0.7
0.9
0.9
0.9
0.9
0.86
0.86
0.76
0.8
0.8
0.8
0.84
0.84
0.9
0.9
0.9
0.9
0.9
0.86
0.9
0.994
0.994
0.994
1.094
1.034
1.034
0.934
0.934
0.934
2.841
2.841
2.841
0.934
0.934
0.934
0.947
0.947
0.947
0.927
0.927
1.027
1.027
1.139
0.936
0.936
0.936
0.936
0.936
0.836
0.776
0.776
0.776
0.776
0.776
0.676
0.676
0.676
0.676
0.676
0.622
0.722
