0.058
0.22
0.22
0.16
0.16
0.16
0.16
0.195
0.195
0.195
0.195
0.255
0.255
0.255
0.267
0.267
0.267
0.267
0.355
0.255
0.255
0.365
0.385
0.385
0.445
0.395
0.455
0.515
0.455
0.5
0.5
0.5
0.44
0.616
0.616
0.664
0.664
0.664
0.764
0.764
0.764
0.864
0.864
0.816
0.816
0.784
0.784
0.784
0.724
0.844
0.784
0.784
0.724
0.689
0.689
0.789
0.801
0.801
0.801
0.813
0.813
10.58
12.127
12.159
2.392
0.637
0.637
0.637
0.637
0.637
0.537
0.537
0.735
0.735
0.735
0.735
0.735
0.795
0.795
0.735
0.268
0.268
0.268
0.268
0.268
0.268
0.268
0.268
0.268
0.268
0.268
0.268
0.268
0.268
0.07
0.07
0.07
0.07
0.07
0.07
0.07
0.07
0.07
0.07
0.07
0.07
0.07
0.07
0.07
0.07
0.07
0.07
0.07
0.07
0.07
0.07
0.07
0.07
0.07
0.07
0.07
0.07
0.07
0.07
0.07
0.07
0.07
0.07
0.07
0.07
0.07
0.07
0.07
0.07
0.07
0.07
0.07
0.07
0.07
0.07
0.07
0.07
0.07
0.07
0.07
0.07
0.07
0.07
0.07
0.07
0.07
0.268
0.268
0.268
0.268
0.268
0.268
0.268
0.268
0.268
0.268
0.268
0.268
0.268
0.268
0.268
0.268
0.268
0.268
0.268
0.268
0.268
0.268
0.07
0.07
0.07
0.07
0.07
0.07
0.07
0.07
0.07
0.07
0.07
0.07
0.07
0.07
0.07
0.07
0.07
0.07
0.07
0.07
0.07
0.07
0.07
0.07
0.07
0.07
0.07
0.07
0.07
0.07
0.07
0.07
0.07
0.07
0.07
0.07
0.07
0.07
0.07
0.07
0.07
0.07
0.07
0.07
0.07
0.07
0.07
0.07
0.07
0.07
0.07
0.07
0.07
0.07
0.07
0.07
0.07
0.07
0.07
0.07
0.07
0.07
0.07
0.07
0.07
0.07
0.07
0.07
0.07
0.07
0.07
0.07
0.07
0.07
0.07
0.07
0.07
0.07
0.07
0.07
0.07
0.07
0.07
0.07
0.07
0.07
0.07
0.07
0.07
0.07
0.07
0.07
0.07
0.07
0.07
0.07
0.07
0.07
0.07
0.07
0.07
0.07
0.07
0.07
0.07
0.07
0.07
0.07
0.07
0.07
0.07
0.07
0.07
0.07
0.268
0.268
0.268
0.268
0.268
0.268
0.268
0.268
0.268
0.268
0.268
0.268
0.268
0.268
0.268
0.268
0.268
0.268
0.268
0.268
0.268
0.268
0.07
0.07
0.07
0.07
0.07
0.07
0.07
0.07
0.07
0.07
0.07
0.07
0.07
0.07
0.07
0.07
0.07
0.07
0.07
0.07
0.07
0.07
0.07
0.07
0.07
0.07
0.07
0.07
0.07
0.07
0.07
0.07
0.07
0.07
0.07
0.07
0.07
0.07
0.07
0.07
0.07
0.07
0.07
0.07
0.07
0.07
0.268
0.268
0.268
0.268
0.268
0.516
0.516
0.414
0.414
0.414
0.414
0.414
0.414
0.514
0.564
0.564
0.564
0.514
0.514
0.514
0.514
0.514
0.451
0.451
0.451
0.07
0.07
0.07
0.07
0.07
0.07
0.07
0.07
0.07
0.07
0.07
0.07
0.07
0.07
0.07
0.07
0.07
0.07
0.07
0.07
0.07
0.07
0.07
0.07
0.07
0.07
0.07
0.07
0.07
0.07
0.07
0.07
0.07
0.07
0.07
0.07
0.07
0.07
0.07
0.07
0.07
0.07
0.07
0.07
0.07
0.268
0.268
0.268
0.268
0.268
0.268
0.268
0.268
0.268
0.268
0.268
0.268
0.268
0.268
0.268
0.268
0.268
0.268
0.268
0.268
0.268
0.268
0.07
0.07
0.07
0.07
0.07
0.07
0.07
0.07
0.07
0.07
0.07
0.07
0.07
0.07
0.07
0.07
0.07
0.07
0.07
0.07
0.07
0.07
0.07
0.07
0.07
0.07
0.07
0.07
0.07
0.07
0.07
0.07
0.07
0.216
0.216
0.216
0.316
0.316
0.376
0.276
0.276
0.336
0.376
0.376
0.574
0.526
0.526
0.526
0.526
0.526
0.526
0.526
0.41
0.41
0.47
0.47
0.52
0.47
0.47
0.47
0.47
0.53
0.53
0.64
0.59
0.53
0.332
0.382
0.322
0.29
0.29
0.29
0.23
0.23
0.23
0.27
0.27
0.258
0.318
0.318
0.353
0.318
0.318
0.318
0.318
0.318
0.318
0.318
0.318
0.378
0.378
0.378
0.378
0.438
0.438
0.438
0.438
0.438
0.49
0.39
0.33
0.34
0.39
0.39
0.29
0.29
0.25
0.25
0.25
2.04
2.06
2.12
0.425
0.425
0.405
0.405
0.405
0.405
0.405
0.405
0.405
0.405
0.405
0.405
0.447
0.435
0.435
0.375
0.375
0.483
0.483
0.483
0.543
0.543
0.543
0.543
0.543
0.543
0.543
0.543
0.543
0.553
0.553
0.518
0.518
0.518
0.458
0.458
0.558
0.558
0.558
2.313
2.217
2.217
0.522
0.522
0.51
0.51
0.45
0.683
0.683
0.683
0.683
0.648
0.598
0.598
0.57
0.57
0.57
0.642
0.642
0.642
0.642
0.642
0.642
0.642
0.642
4.38
4.38
4.32
2.565
2.367
2.367
2.367
2.367
2.367
2.367
2.367
2.367
2.367
2.367
2.367
2.367
2.367
2.367
2.367
2.367
2.367
0.396
0.396
0.396
0.396
0.396
0.396
0.396
0.396
0.384
0.384
0.384
0.384
0.282
0.282
0.282
0.282
0.272
0.272
0.272
0.272
0.272
0.272
0.272
0.272
0.272
0.272
0.272
0.307
0.307
0.307
0.307
0.207
0.521
0.521
0.521
0.521
0.207
0.207
0.405
0.405
0.405
0.373
0.373
0.373
0.373
0.373
0.373
0.373
0.373
0.373
0.373
0.373
0.373
0.373
0.373
0.373
0.373
0.489
0.489
0.489
0.291
0.291
0.291
0.468
0.433
0.256
0.256
0.256
0.256
0.256
0.256
0.316
0.316
0.316
0.316
0.316
0.493
0.493
0.316
0.316
0.326
0.326
0.326
0.386
0.27
0.21
0.21
0.21
0.21
0.387
0.387
0.21
0.26
0.26
0.26
0.26
0.26
0.2
0.2
0.2
0.2
0.2
0.449
0.449
0.767
0.827
0.767
0.767
0.787
0.32
0.518
0.518
0.518
0.518
0.518
0.518
0.732
0.732
0.767
0.767
0.513
0.513
0.513
0.673
0.538
0.573
0.573
0.685
0.685
0.685
0.685
0.685
0.487
0.487
0.587
0.587
0.527
0.547
0.667
0.667
0.617
0.617
0.617
0.677
0.577
0.577
0.577
0.577
0.577
0.517
0.517
0.517
0.492
0.532
0.532
0.592
0.532
0.482
0.482
0.482
0.482
0.482
0.382
0.382
0.347
0.497
0.497
0.447
0.447
0.347
0.347
0.347
0.327
0.327
0.327
0.327
0.327
0.327
0.327
0.327
0.327
0.295
0.295
0.283
0.283
0.481
0.481
0.481
0.421
0.421
0.421
0.421
0.421
0.421
0.421
0.421
0.421
0.421
2.176
2.176
2.176
0.421
0.421
0.421
0.421
0.421
0.421
0.223
0.223
0.223
0.223
0.223
0.223
0.208
0.208
0.255
0.255
0.243
0.243
0.243
0.243
0.243
0.183
0.183
0.183
0.183
0.183
0.233
0.233
0.273
0.373
0.335
0.335
0.395
0.335
0.335
0.335
0.385
0.505
0.505
0.445
0.445
0.445
0.457
0.457
0.457
0.457
0.457
0.517
0.477
0.457
0.467
0.492
0.69
0.69
0.71
0.71
0.71
0.79
0.73
0.83
0.83
0.83
0.89
0.89
0.79
0.79
0.79
0.778
0.778
0.778
0.778
0.813
0.813
0.813
0.615
0.715
0.715
0.755
0.705
0.765
0.807
0.667
0.567
0.567
0.567
0.567
0.567
0.465
0.465
0.525
0.525
0.525
0.525
0.625
0.657
0.557
0.557
0.557
0.557
0.557
0.569
0.557
0.617
0.629
0.629
0.629
0.629
0.569
0.569
0.569
0.569
0.569
0.569
0.569
2.324
2.384
2.384
0.689
0.689
0.887
0.887
0.787
0.727
0.717
0.717
0.717
0.717
0.717
0.752
0.752
0.682
0.682
0.622
0.622
0.622
0.622
0.622
0.622
0.622
0.622
0.622
0.484
0.484
0.484
0.484
0.484
0.484
0.424
0.424
0.472
0.472
0.412
0.412
0.412
0.412
0.352
0.392
0.539
0.574
0.574
0.574
0.674
0.674
0.674
0.614
0.614
0.614
0.582
0.482
0.502
0.502
0.502
0.502
0.502
0.502
0.442
0.442
0.442
0.442
0.442
0.442
0.502
0.562
0.502
0.602
0.602
0.634
0.634
0.634
0.634
0.694
0.694
0.754
0.754
0.754
0.706
0.716
0.716
2.471
2.471
2.471
0.776
0.764
0.804
0.804
0.769
0.769
0.769
0.709
0.709
0.609
0.609
0.669
0.669
0.771
0.669
0.669
0.609
0.807
0.907
0.907
0.807
0.787
0.787
0.787
0.787
0.787
0.787
0.787
0.787
0.787
0.787
0.787
0.889
0.949
0.889
0.889
0.889
0.889
0.889
0.751
0.751
0.751
2.506
2.546
2.546
0.791
0.791
0.791
0.851
0.851
0.851
0.911
0.911
0.911
0.851
0.851
0.791
0.791
0.759
0.759
0.759
0.749
0.809
0.749
0.689
0.689
0.589
0.589
0.787
0.787
0.727
0.727
0.727
0.727
0.727
0.727
0.727
0.727
0.727
0.762
0.762
0.762
0.762
0.922
0.982
0.947
0.935
0.935
0.827
0.827
0.827
0.827
0.827
0.839
0.977
0.989
0.989
0.977
1.037
1.037
0.977
1.009
1.081
1.081
1.141
1.141
1.041
1.041
1.049
1.049
1.049
1.049
1.109
1.059
1.059
1.119
0.901
0.841
0.841
0.841
0.841
0.781
0.716
0.716
0.716
0.728
0.888
0.888
0.888
0.888
0.888
0.888
1.008
1.043
1.043
1.043
0.993
0.958
0.958
0.946
0.946
0.946
0.946
0.804
0.804
0.804
0.804
0.744
0.744
0.744
0.744
0.744
0.744
0.744
0.744
0.744
0.744
0.894
0.894
0.794
0.854
2.621
2.621
2.681
1.15
1.15
1.25
1.254
1.254
1.254
1.094
1.082
1.062
1.05
1.134
1.134
1.134
1.134
1.134
1.178
1.166
1.166
1.201
1.201
1.201
1.201
1.191
1.191
1.131
1.131
1.096
1.168
1.168
1.208
1.168
1.168
1.168
1.168
1.203
1.163
1.263
1.243
1.148
1.148
1.148
1.148
1.346
1.23
1.23
1.332
1.332
1.392
1.392
1.392
1.392
1.372
1.372
1.272
1.272
1.212
1.2
1.2
1.14
1.14
1.04
1.04
1
1
0.802
0.752
0.752
0.787
0.787
0.822
0.834
0.799
0.859
0.934
0.934
0.874
0.874
0.914
0.874
0.874
0.934
0.874
0.884
0.884
0.884
0.884
0.884
0.884
0.912
0.892
0.952
0.952
0.805
0.763
0.703
0.703
0.703
0.643
0.643
0.643
0.643
0.643
0.643
0.643
0.703
0.703
0.703
0.763
0.763
0.703
0.703
0.803
0.803
0.823
0.755
0.735
0.735
0.627
0.627
0.627
0.527
0.512
0.512
0.512
0.512
0.73
0.73
0.73
0.73
0.73
0.73
0.73
0.73
0.73
0.838
0.838
0.838
0.838
0.838
0.788
0.788
0.788
0.788
0.788
0.788
0.848
0.848
0.65
0.65
0.65
0.65
0.638
0.638
0.698
0.698
0.788
0.68
0.68
0.58
0.68
0.68
0.68
0.48
0.492
0.58
0.58
0.688
0.668
0.668
0.608
0.608
0.608
0.608
0.608
0.608
0.608
0.668
0.67
0.67
0.67
0.67
0.67
0.67
0.77
0.77
0.705
0.717
0.685
0.625
0.59
0.578
0.578
0.578
0.578
0.613
0.713
0.713
0.713
0.763
0.861
0.861
0.826
0.826
0.826
0.926
0.926
0.826
0.826
0.826
0.826
0.826
0.826
0.826
0.826
0.886
0.886
0.886
0.898
0.898
0.898
0.958
0.7
0.7
0.7
0.735
0.735
0.735
0.695
0.685
