0.053
0.053
0.053
0.053
0.053
0.053
0.053
0.053
0.053
0.053
0.053
0.053
0.053
0.053
0.053
0.053
0.053
0.053
0.053
0.053
0.063
0.063
0.063
0.063
0.063
0.063
0.063
0.063
0.063
0.063
0.063
0.063
0.063
0.063
0.063
0.063
0.063
0.063
0.063
0.063
0.063
0.063
0.063
0.063
0.063
0.063
0.063
0.063
0.063
0.063
0.063
0.063
0.063
0.063
0.063
0.063
0.063
0.063
0.063
0.063
0.063
0.063
0.063
0.063
0.063
0.063
0.063
0.063
0.063
0.063
0.063
0.063
0.063
0.063
0.063
0.063
0.063
0.063
0.063
0.063
0.063
0.063
0.063
0.063
0.063
0.063
0.063
0.063
0.063
0.063
0.063
0.063
0.063
0.063
0.063
0.063
0.063
0.063
0.063
0.063
0.063
0.063
0.063
0.063
0.063
0.063
0.272
0.272
0.272
0.272
0.272
0.272
0.272
0.272
0.272
0.272
0.272
0.272
0.272
0.272
0.272
0.272
0.272
0.272
0.272
0.272
0.272
0.272
0.063
0.063
0.063
0.063
0.063
0.063
0.063
0.063
0.063
0.063
0.063
0.063
0.063
0.063
0.063
0.063
0.063
0.063
0.063
0.063
0.063
0.063
0.063
0.063
0.063
0.063
0.063
0.063
0.063
0.063
0.063
0.063
0.063
0.063
0.063
0.063
0.063
0.063
0.063
0.063
0.063
0.063
0.063
0.063
0.063
0.063
0.063
0.063
0.063
0.063
0.063
0.063
0.063
0.063
0.063
0.063
0.063
0.063
0.063
0.063
0.063
0.063
0.063
0.063
0.272
0.272
0.272
0.272
0.272
0.272
0.272
0.272
0.272
0.272
0.272
0.272
0.272
0.272
0.272
0.272
0.272
0.272
0.272
0.272
0.272
0.272
0.063
0.063
0.063
0.063
0.063
0.063
0.063
0.063
0.063
0.063
0.063
0.063
0.063
0.063
0.063
0.063
0.063
0.063
0.063
0.063
0.063
0.063
0.063
0.063
0.063
0.063
0.063
0.063
0.063
0.063
0.063
0.063
0.063
0.063
0.063
0.063
0.063
0.063
0.063
0.063
0.063
0.063
0.063
0.063
0.063
0.272
0.272
0.272
0.272
0.272
0.272
0.272
0.272
0.272
0.272
0.272
0.272
0.272
0.272
0.272
0.272
0.272
0.272
0.272
0.272
0.272
0.272
0.063
0.063
0.063
0.063
0.063
0.063
0.063
0.063
0.063
0.063
0.063
0.063
0.063
0.063
0.063
0.063
0.063
0.063
0.063
0.063
0.063
0.063
0.063
0.063
0.063
0.063
0.063
0.063
0.063
0.063
0.063
0.063
0.063
0.063
0.063
0.063
0.063
0.063
0.063
0.063
0.063
0.063
0.063
0.063
0.063
0.063
0.063
0.063
0.063
0.063
0.063
0.063
0.063
0.063
0.063
0.063
0.063
0.063
0.063
0.063
0.063
0.063
0.063
0.063
0.063
0.063
0.063
0.063
0.063
0.063
0.063
0.063
0.063
0.063
0.063
0.063
0.063
0.272
0.272
0.272
0.272
0.272
0.272
0.272
0.272
0.272
0.272
0.272
0.272
0.272
0.272
0.272
0.272
0.272
0.272
0.272
0.272
0.272
0.272
0.063
0.063
0.063
0.063
0.063
0.063
0.063
0.063
0.063
0.063
0.063
0.063
0.063
0.063
0.063
0.063
0.063
0.063
0.063
0.063
0.063
0.063
0.063
0.063
0.063
0.063
0.063
0.063
0.063
0.063
0.063
0.063
0.063
0.063
0.063
0.063
0.063
0.063
0.063
0.063
0.063
0.063
0.063
0.063
0.063
0.063
0.063
0.063
0.063
0.063
0.063
0.063
0.063
0.063
0.063
0.063
0.063
0.063
0.063
0.063
0.063
0.063
0.063
0.063
0.063
0.063
0.063
0.063
0.063
0.063
0.063
0.063
0.063
0.063
0.063
0.063
0.063
0.063
0.063
0.063
0.063
0.063
0.063
0.063
0.063
0.063
0.063
0.063
0.063
0.063
0.063
0.063
0.063
0.063
0.063
0.063
0.063
0.063
0.063
0.063
0.061
0.061
0.061
1.888
1.888
2.097
2.097
2.137
2.137
2.097
2.097
2.262
2.157
2.157
2.097
2.097
2.097
2.097
2.097
2.097
2.097
2.097
2.097
0.27
0.27
0.37
0.37
0.161
0.161
0.161
0.161
0.061
0.061
0.061
0.061
0.061
0.061
0.061
0.061
0.061
0.061
0.061
0.061
0.061
0.061
0.061
0.061
0.061
0.061
0.061
0.061
0.121
0.132
0.072
0.072
0.072
0.072
0.072
0.072
0.072
1.979
1.979
1.979
0.184
0.184
0.244
0.244
0.244
0.244
0.244
0.244
0.244
0.244
0.244
0.244
0.273
0.273
0.273
0.273
2.1
2.309
2.349
2.309
2.249
2.269
2.249
2.249
2.249
2.249
2.249
2.249
2.249
2.249
2.321
2.321
2.321
2.321
2.321
2.321
0.382
0.382
2.365
2.156
2.156
2.156
2.156
2.156
2.156
2.156
2.156
2.156
2.312
2.312
2.312
2.312
2.312
2.312
2.312
2.312
2.312
2.312
2.312
0.329
0.329
0.329
0.318
0.318
0.318
0.318
0.318
0.318
0.318
0.318
0.329
0.329
0.329
0.329
0.329
0.329
0.441
0.441
0.441
0.441
0.441
0.441
0.441
0.441
0.441
0.412
0.412
0.412
0.621
0.621
0.621
0.621
0.621
0.621
0.621
0.621
2.416
2.416
2.416
0.621
0.621
0.621
0.621
0.621
0.621
0.621
0.621
0.621
0.621
0.65
0.441
0.441
0.441
0.441
0.441
0.441
0.441
0.441
0.441
0.441
0.441
0.441
0.618
0.618
0.441
0.441
0.441
0.441
0.441
0.441
0.441
0.441
0.441
0.441
0.441
0.618
0.618
0.546
0.546
0.546
0.546
0.546
0.546
0.535
0.535
0.535
0.535
0.535
0.712
0.712
0.535
0.535
0.535
0.535
0.744
0.744
0.744
0.744
0.744
0.744
0.744
0.921
0.921
1.299
1.239
1.239
1.239
1.239
0.672
0.672
0.56
0.56
0.56
0.56
0.56
0.56
0.351
0.463
0.523
0.523
0.523
0.523
0.494
0.523
0.523
0.523
0.563
0.523
0.523
0.535
0.535
0.706
0.646
0.586
0.586
0.586
0.586
0.586
0.586
0.586
0.574
0.463
0.463
0.463
0.463
0.463
0.463
0.463
0.463
0.463
0.463
0.463
0.463
0.463
0.463
0.463
0.463
0.523
0.523
0.523
0.523
0.623
0.623
0.511
0.511
0.406
0.406
0.406
0.763
0.763
0.823
0.823
0.446
0.486
0.486
0.486
0.486
0.486
0.497
0.497
0.497
0.437
0.437
0.337
0.337
0.337
0.337
0.337
0.337
0.337
0.337
0.409
0.469
0.469
0.469
0.469
0.44
0.44
0.44
2.534
2.534
2.423
2.452
2.452
2.452
2.452
2.452
2.452
2.452
2.452
2.452
2.452
2.452
2.557
2.557
2.512
2.512
2.512
2.512
2.512
0.529
0.738
0.738
0.738
0.738
0.738
0.738
0.738
0.738
0.698
0.698
0.698
0.698
0.698
0.698
0.698
0.698
0.698
0.698
0.698
0.698
0.698
0.698
0.489
0.489
0.489
0.489
0.489
0.489
0.489
0.489
0.478
0.478
0.478
0.478
0.478
0.478
0.478
0.418
0.418
0.418
0.418
0.418
0.418
0.358
0.358
0.358
0.358
0.358
0.358
0.369
0.369
0.369
0.369
0.369
0.48
0.369
0.369
0.369
0.48
0.48
0.48
0.48
0.697
0.697
0.52
0.48
0.48
0.324
0.324
0.533
0.533
0.533
0.533
0.689
0.689
0.886
0.946
0.769
0.769
0.769
0.769
0.769
0.769
0.769
0.809
0.809
0.809
0.809
0.986
0.986
0.809
0.6
0.6
0.6
0.6
0.6
0.6
0.6
0.56
0.56
0.56
0.737
0.626
1.024
1.024
1.024
1.024
1.024
0.457
2.357
2.357
2.357
0.562
0.562
0.562
0.562
0.063
0.063
0.063
0.063
0.063
0.063
0.063
0.063
0.063
0.063
0.063
0.063
0.063
0.063
0.063
0.063
0.063
0.063
0.063
0.063
0.257
0.257
0.257
0.257
0.257
0.257
0.246
0.358
0.358
0.358
0.358
0.329
0.329
0.646
0.646
0.646
0.646
0.389
0.389
0.449
0.489
0.489
0.489
0.489
0.489
0.489
0.589
0.649
0.694
0.805
0.611
0.611
0.5
0.52
0.52
0.5
0.5
0.5
0.5
0.5
0.5
0.5
0.5
0.5
0.5
0.5
0.5
0.5
0.5
0.5
0.611
0.611
0.611
0.82
0.82
0.88
0.88
0.82
0.82
0.832
0.832
0.832
0.832
0.832
0.832
0.772
0.772
0.772
0.772
0.772
0.772
0.772
0.772
0.772
0.772
0.623
0.623
0.623
0.623
0.623
0.563
0.563
0.563
0.563
0.563
0.563
0.563
0.563
0.623
0.623
0.623
0.623
0.623
0.663
0.663
0.663
0.663
0.663
0.663
0.663
0.663
0.603
0.603
0.592
0.592
0.592
0.592
0.652
0.652
0.652
0.592
0.592
0.552
0.552
0.552
0.552
0.552
0.552
0.552
0.552
0.552
0.657
0.926
0.821
0.821
0.821
0.821
0.821
0.861
0.821
0.821
0.821
0.709
0.709
0.709
0.709
0.709
0.709
0.709
0.709
0.709
0.709
0.709
0.72
0.511
0.511
0.511
0.511
0.511
0.511
0.511
0.511
0.511
0.511
0.623
0.623
0.623
0.511
0.411
0.411
0.411
0.411
0.411
0.411
0.411
0.411
0.471
0.471
0.411
0.411
0.411
0.411
0.411
0.471
0.471
0.471
0.431
0.451
0.431
0.46
0.46
0.46
0.46
0.46
0.46
0.46
0.46
0.46
0.605
0.605
0.605
0.605
0.605
0.605
0.605
0.605
0.605
0.605
0.605
0.605
0.605
0.605
0.605
0.605
0.605
0.605
0.5
0.769
0.769
0.769
0.769
0.874
0.874
0.874
0.814
0.814
0.803
0.803
0.803
0.803
0.803
1.015
0.915
0.915
0.915
0.875
0.875
0.875
0.875
0.666
0.666
0.666
0.666
0.666
0.726
0.726
0.726
0.726
0.726
0.726
0.786
0.786
0.726
0.726
0.726
0.726
0.786
0.786
0.786
0.786
0.786
0.786
0.757
0.726
0.621
0.621
0.621
0.505
0.505
0.505
0.505
0.505
0.505
0.505
0.505
0.505
0.405
0.561
0.621
0.621
0.621
0.621
0.621
0.621
0.621
0.621
0.621
0.621
0.621
0.621
0.621
0.681
0.632
0.632
0.521
0.521
0.521
0.626
0.626
0.626
0.521
0.521
0.521
0.561
0.666
0.626
0.626
0.686
0.895
0.835
0.835
0.835
0.835
0.843
0.903
2.638
2.618
2.618
0.823
0.823
0.823
0.823
0.823
0.823
0.711
0.711
0.823
0.823
0.823
0.823
0.614
0.614
0.614
0.614
0.614
0.614
0.585
0.696
0.696
0.696
0.696
0.696
0.696
0.696
0.696
0.696
0.696
0.696
0.696
0.696
0.696
0.585
0.585
0.585
0.585
0.585
0.585
0.645
0.645
0.597
0.597
0.597
0.597
0.597
0.597
0.586
0.586
0.586
0.586
0.586
0.586
0.586
0.586
0.586
0.586
0.586
0.586
0.586
0.795
0.795
0.795
0.795
0.69
0.69
0.69
0.69
0.741
0.741
0.741
0.852
0.852
0.912
0.912
0.852
0.852
0.852
0.852
0.852
0.852
0.852
0.643
0.643
0.643
0.663
0.663
0.603
0.603
0.603
0.563
0.452
0.452
0.452
0.452
0.452
0.481
0.481
0.481
0.481
0.481
0.481
0.481
0.592
0.592
0.632
0.632
0.632
0.592
0.697
0.677
0.677
0.677
0.677
0.677
0.677
0.677
0.677
0.566
0.566
0.566
0.506
0.506
0.494
0.494
0.494
0.494
0.494
0.494
0.534
0.743
0.703
0.703
0.703
0.703
0.814
0.814
0.814
0.814
0.814
0.814
0.863
0.863
0.863
0.863
0.803
0.803
0.803
0.803
0.803
0.803
0.803
0.594
0.482
0.482
0.542
0.542
0.542
0.482
0.482
0.482
0.553
0.543
0.543
0.543
0.543
0.543
0.543
0.655
0.626
0.726
0.726
