0.058
0.058
0.058
0.058
0.058
0.058
0.058
0.058
0.058
0.058
0.058
0.058
0.058
0.058
0.058
0.058
0.058
0.058
0.068
0.068
0.068
0.068
0.068
0.068
0.068
0.068
0.068
0.068
0.068
0.068
0.068
0.068
0.068
0.068
0.068
0.068
0.068
0.068
0.068
0.068
0.068
0.068
0.068
0.068
0.201
0.201
0.201
0.201
0.201
0.201
0.201
0.201
0.201
0.201
0.201
0.201
0.201
0.201
0.201
0.201
0.201
0.201
0.068
0.068
0.068
0.068
0.068
0.263
0.263
0.263
0.263
0.263
0.263
0.263
0.263
0.263
0.263
0.263
0.263
0.263
0.263
0.263
0.263
0.263
0.263
0.263
0.263
0.263
0.263
0.068
0.068
0.068
0.068
0.068
0.068
0.068
0.068
0.068
0.068
0.068
0.068
0.068
0.068
0.068
0.068
0.068
0.068
0.068
0.068
0.068
0.068
0.068
0.068
0.068
0.068
0.068
0.068
0.201
0.201
0.201
0.201
0.201
0.201
0.201
0.201
0.201
0.201
0.201
0.201
0.201
0.201
0.201
0.201
0.396
0.396
0.263
0.263
0.263
0.263
0.263
0.263
0.263
0.263
0.263
0.263
0.263
0.263
0.263
0.263
0.263
0.263
0.263
0.263
0.263
0.263
0.068
0.068
0.068
0.068
0.068
0.068
0.068
0.068
0.068
0.068
0.068
0.068
0.068
0.068
0.068
0.068
0.068
0.068
0.068
0.068
0.068
0.068
0.068
0.068
0.068
0.068
0.068
0.068
0.068
0.068
0.068
0.068
0.068
0.068
0.068
0.068
0.068
0.068
0.201
0.201
0.201
0.201
0.201
0.201
0.201
0.201
0.201
0.201
0.201
0.201
0.201
0.396
0.396
0.396
0.396
0.396
0.263
0.263
0.263
0.263
0.263
0.263
0.263
0.263
0.263
0.263
0.263
0.263
0.263
0.263
0.263
0.263
0.263
0.068
0.068
0.068
0.068
0.068
0.068
0.068
0.068
0.068
0.068
0.068
0.068
0.068
0.068
0.068
0.068
0.068
0.068
0.068
0.068
0.068
0.201
0.201
0.201
0.201
0.201
0.201
0.201
0.201
0.201
0.201
0.201
0.201
0.201
0.201
0.201
0.201
0.201
0.201
0.068
0.068
0.068
0.068
0.068
0.068
0.068
0.068
0.068
0.068
0.068
0.263
0.263
0.263
0.263
0.263
0.263
0.263
0.263
0.263
0.263
0.263
0.263
0.263
0.263
0.263
0.263
0.263
0.263
0.263
0.263
0.263
0.263
0.068
0.068
0.068
0.068
0.068
0.068
0.068
0.068
0.068
0.068
0.068
0.068
0.068
0.068
0.068
0.068
0.068
0.068
0.068
0.068
0.068
0.068
0.068
0.201
0.201
0.201
0.201
0.201
0.201
0.201
0.201
0.201
0.201
0.201
0.201
0.201
0.201
0.201
0.201
0.201
0.201
0.068
0.068
0.068
0.068
0.068
0.068
0.068
0.068
0.068
0.068
0.068
0.068
0.068
0.068
0.068
0.068
0.068
0.068
0.068
0.068
0.068
0.068
0.068
0.068
0.068
0.068
0.068
0.068
0.068
0.068
0.068
0.068
0.263
0.263
0.263
0.263
0.263
0.263
0.263
0.263
0.263
0.263
0.263
0.263
0.263
0.263
0.263
0.263
0.263
0.263
0.263
0.263
0.263
0.263
0.068
0.068
0.068
0.068
0.068
0.068
0.068
0.068
0.068
0.068
0.068
0.068
0.068
0.068
0.068
0.068
0.068
0.068
0.068
0.068
0.068
0.068
0.068
0.068
0.068
1.135
1.135
1.135
0.066
0.066
0.066
0.066
0.066
0.066
0.066
0.066
0.066
0.126
0.126
0.196
0.138
0.138
1.302
1.302
1.302
1.302
1.302
1.302
1.302
1.497
1.497
1.497
1.497
1.497
1.497
1.497
1.497
1.497
1.497
1.497
1.497
1.497
1.497
1.497
1.497
1.497
1.497
1.537
1.587
1.587
1.587
1.392
1.392
1.392
1.342
1.342
1.342
1.342
3.334
3.334
3.334
1.342
1.475
1.475
1.475
1.475
1.475
1.475
1.475
1.475
1.475
1.475
1.475
1.475
1.475
1.475
1.475
1.475
1.475
1.523
1.39
1.499
0.275
0.275
0.275
0.275
0.315
0.315
0.315
0.315
0.315
0.315
0.275
0.275
0.275
0.275
0.275
0.275
0.166
0.186
0.244
0.244
0.186
0.186
0.186
0.186
0.186
0.186
0.186
0.236
0.236
0.236
0.236
0.236
11.745
11.745
11.745
0.236
0.196
0.196
0.196
0.196
0.196
0.391
0.371
0.371
0.371
0.371
0.371
0.371
0.371
0.371
0.371
0.371
0.371
0.371
0.371
0.431
0.431
0.431
0.431
0.431
0.431
0.431
0.431
0.236
0.186
0.319
0.319
0.319
0.379
0.319
0.319
0.331
0.331
0.331
0.331
0.331
0.331
0.331
0.331
0.331
0.331
0.331
0.331
0.198
0.198
0.198
0.198
0.198
0.198
0.198
0.198
0.198
0.198
0.138
0.138
0.138
0.138
0.138
0.138
0.138
0.138
0.138
0.138
0.138
0.138
0.138
0.138
0.138
0.333
0.333
0.333
0.333
0.333
0.333
0.333
0.333
0.333
0.333
0.333
0.452
0.452
0.452
0.698
0.698
0.698
0.698
0.698
0.698
0.698
0.698
0.503
0.491
0.491
0.491
0.491
0.491
0.491
0.491
0.491
0.491
0.358
0.358
0.358
0.358
0.358
0.358
0.358
0.358
0.358
0.358
0.358
0.358
0.298
0.298
0.298
0.298
0.298
0.298
0.298
0.298
0.298
0.298
0.298
0.298
0.298
0.298
0.298
0.298
0.298
0.298
0.298
0.298
0.298
0.298
0.298
0.298
0.298
0.298
0.298
0.298
0.298
0.298
0.298
0.298
0.493
0.493
0.493
0.493
0.493
0.493
0.493
0.493
0.493
0.263
0.263
0.263
0.263
0.263
0.263
0.263
0.263
0.263
0.263
0.263
0.263
0.263
0.068
0.068
0.068
0.068
0.068
0.068
0.068
0.068
0.068
0.068
0.201
0.201
0.201
0.201
0.201
0.201
0.201
0.201
0.201
0.201
0.201
0.201
0.201
0.201
0.201
0.201
0.201
0.201
0.068
0.068
0.068
0.068
0.068
0.068
0.068
0.068
0.068
0.068
0.068
0.068
0.068
0.068
0.068
0.068
0.068
0.263
0.263
0.263
0.263
0.263
0.263
0.263
0.263
0.263
0.263
0.263
0.263
0.263
0.263
0.263
0.263
0.263
0.263
0.263
0.263
0.263
0.263
0.068
0.068
0.068
0.068
0.068
0.068
0.068
0.068
0.068
0.068
0.068
0.068
0.068
0.068
0.068
0.068
0.068
0.068
0.068
0.068
0.068
0.068
0.068
0.068
0.068
0.068
0.068
0.068
0.068
0.068
0.068
0.068
0.068
0.068
0.068
0.068
0.068
0.068
0.068
0.068
0.068
0.068
0.068
0.068
0.201
0.201
0.201
0.201
0.396
0.396
0.396
0.396
0.396
0.396
0.396
0.396
0.396
0.396
0.396
0.396
0.396
0.396
0.263
0.263
0.263
0.263
0.263
0.263
0.263
0.263
0.068
0.068
0.068
0.068
0.068
0.068
0.068
0.068
0.068
0.068
0.068
0.068
0.068
0.068
0.068
0.068
0.068
0.068
0.068
0.068
0.068
0.068
0.068
0.068
0.068
0.068
0.068
0.068
0.068
0.068
0.068
0.068
0.068
0.068
0.068
0.068
0.068
0.068
0.068
0.068
0.068
0.068
0.068
0.068
0.068
0.068
0.068
0.068
0.068
0.068
0.068
0.068
0.068
0.068
0.068
0.068
0.068
0.263
0.263
0.263
0.263
0.263
0.263
0.263
0.263
0.263
0.263
0.263
0.263
0.263
0.263
0.263
0.263
0.263
0.263
0.263
0.263
0.263
0.263
0.068
0.068
0.068
0.068
0.068
0.068
0.068
0.068
0.068
0.068
0.068
0.068
0.068
0.068
0.068
0.068
0.068
0.068
0.068
0.068
0.068
0.068
0.068
0.068
0.068
0.068
0.068
0.068
0.068
0.068
0.068
0.068
0.068
0.068
0.068
0.068
0.068
0.068
0.068
0.068
0.068
0.068
0.068
0.068
0.068
0.068
0.068
0.068
0.068
0.068
0.068
0.068
0.068
0.068
0.068
0.068
0.263
0.263
0.263
0.263
0.263
0.263
0.263
0.263
0.263
0.263
0.263
0.263
0.263
0.263
0.263
0.263
0.263
0.263
0.263
0.263
0.263
0.263
0.068
0.068
0.068
0.068
0.068
0.201
0.201
0.201
0.201
0.201
0.201
0.201
0.201
0.201
0.201
0.201
0.201
0.201
0.201
0.201
0.201
0.201
0.201
0.068
0.068
0.068
0.068
0.068
0.068
0.068
0.068
0.068
0.068
0.068
0.068
0.068
0.068
0.068
0.068
0.068
0.068
0.068
0.068
0.068
0.068
0.068
0.068
0.068
0.068
0.068
0.068
0.068
0.068
0.068
0.068
0.068
0.068
0.068
0.068
0.068
0.068
0.068
0.068
0.068
0.068
0.068
0.068
0.068
0.068
0.068
0.068
0.068
0.068
0.068
0.068
0.201
0.201
0.201
0.396
0.396
0.396
0.396
0.396
0.396
0.396
0.396
0.396
0.396
0.396
0.396
0.396
0.396
0.396
0.263
0.263
0.263
0.263
0.263
0.263
0.263
0.068
0.068
0.068
0.358
0.358
0.358
0.358
0.398
0.338
0.338
0.338
0.338
0.338
0.338
0.298
0.298
0.298
0.298
0.298
0.298
0.298
0.298
0.298
0.298
0.338
0.338
0.338
0.338
0.338
0.298
0.298
0.298
0.298
0.298
1.477
1.477
1.477
0.408
0.468
0.468
0.468
0.468
0.468
0.468
0.468
0.418
0.418
0.418
0.418
0.418
0.418
0.418
0.418
0.418
0.418
0.478
0.418
2.46
2.46
2.347
0.488
0.488
0.488
0.816
0.816
0.816
0.816
0.816
0.816
0.703
0.703
0.703
0.752
0.752
0.752
0.752
0.752
0.752
0.619
0.619
0.619
0.559
0.559
0.672
0.672
0.477
0.368
0.368
0.368
0.36
0.36
0.36
0.36
0.36
0.41
0.41
0.469
0.469
0.469
0.419
0.479
0.479
0.479
0.479
0.479
0.479
0.479
0.479
0.479
0.479
0.479
0.479
0.479
0.479
0.479
0.479
0.479
0.479
0.479
0.479
0.529
0.589
0.539
0.589
0.589
0.589
0.6
0.6
0.6
0.6
0.6
0.6
0.6
0.6
0.733
0.733
0.673
0.673
0.673
0.673
0.868
0.868
0.868
0.868
0.868
0.868
0.868
0.868
0.868
0.856
0.856
0.856
0.723
0.673
0.733
0.733
0.733
0.733
0.733
0.733
0.733
0.753
0.558
0.558
0.558
0.558
0.558
0.558
0.558
0.558
0.558
0.558
0.558
0.558
0.558
0.558
0.558
0.558
0.558
0.558
0.618
0.668
0.555
0.555
0.555
0.668
0.668
0.668
0.668
0.668
0.668
0.608
0.608
0.608
0.608
0.588
0.588
0.588
0.588
0.517
0.517
0.517
0.65
0.65
0.65
0.65
0.65
0.65
0.65
0.65
0.65
0.65
0.65
0.541
0.541
0.541
0.541
0.541
0.541
0.541
0.408
0.408
0.408
0.408
0.517
0.517
0.517
0.517
0.517
0.398
0.398
0.398
0.398
0.398
0.398
0.418
0.418
0.418
0.418
0.418
0.418
0.418
0.418
0.418
0.418
0.418
0.418
0.418
0.418
0.418
0.418
0.418
0.537
0.537
0.537
0.537
0.537
0.577
10.054
10.054
10.054
0.537
0.537
0.537
0.537
0.537
0.537
0.537
0.537
0.537
0.537
0.537
0.537
0.537
0.537
0.732
0.732
0.732
0.732
0.732
0.732
0.732
0.732
0.732
0.732
0.732
0.732
0.732
0.732
0.865
0.865
0.865
0.865
0.865
0.865
0.865
0.865
0.67
0.681
0.681
0.681
0.681
0.681
0.681
0.568
0.568
0.628
0.495
0.495
0.495
0.495
0.495
0.495
0.495
0.495
0.495
0.495
0.495
0.535
0.475
0.395
0.395
0.395
0.068
0.068
0.068
0.068
0.068
0.068
0.068
0.068
0.058
0.058
0.058
0.058
0.058
0.058
0.058
0.058
0.058
0.058
0.058
0.058
