0.067
0.067
0.188
0.248
0.238
0.338
0.338
0.428
0.428
0.428
0.328
0.328
0.328
0.474
0.474
0.474
0.489
0.368
0.368
0.368
0.468
0.468
0.468
0.468
0.528
0.528
0.749
0.749
0.701
0.701
0.701
0.701
0.749
0.603
0.613
0.553
0.553
0.673
0.613
0.613
0.29
0.29
0.29
0.29
0.29
0.29
0.29
0.29
0.069
0.069
0.069
0.069
0.069
0.069
0.069
0.069
0.069
0.069
0.069
0.069
0.069
0.069
0.069
0.069
0.069
0.069
0.069
0.069
0.069
0.069
0.069
0.069
0.069
0.069
0.069
0.069
0.069
0.069
0.069
0.069
0.069
0.069
0.069
0.069
0.069
0.069
0.069
0.069
0.069
0.069
0.069
0.069
0.069
0.069
0.069
0.069
0.069
0.069
0.069
0.069
0.069
0.069
0.069
0.069
0.069
0.069
0.069
0.069
0.069
0.069
0.069
0.069
0.069
0.069
0.069
0.069
0.069
0.069
0.069
0.069
0.069
0.069
0.069
0.069
0.069
0.069
0.069
0.069
0.069
0.069
0.069
0.069
0.069
0.069
0.069
0.069
0.069
0.069
0.069
0.29
0.29
0.29
0.29
0.29
0.29
0.29
0.29
0.29
0.29
0.29
0.29
0.29
0.29
0.29
0.29
0.29
0.29
0.29
0.29
0.29
0.29
0.069
0.069
0.069
0.069
0.069
0.069
0.069
0.069
0.069
0.069
0.069
0.069
0.069
0.069
0.069
0.069
0.215
0.215
0.215
0.215
0.215
0.215
0.215
0.215
0.215
0.215
0.215
0.215
0.215
0.215
0.215
0.215
0.215
0.215
0.215
0.215
0.069
0.069
0.069
0.069
0.069
0.069
0.069
0.069
0.069
0.069
0.069
0.069
0.069
0.069
0.069
0.069
0.069
0.069
0.069
0.29
0.29
0.29
0.29
0.29
0.29
0.29
0.29
0.29
0.29
0.29
0.29
0.29
0.29
0.29
0.29
0.29
0.29
0.29
0.29
0.29
0.29
0.069
0.069
0.069
0.069
0.069
0.069
0.069
0.069
0.069
0.069
0.069
0.215
0.215
0.215
0.215
0.215
0.215
0.215
0.215
0.215
0.215
0.215
0.215
0.215
0.215
0.215
0.215
0.215
0.215
0.215
0.215
0.069
0.069
0.069
0.069
0.069
0.069
0.069
0.069
0.069
0.069
0.069
0.069
0.069
0.29
0.29
0.29
0.29
0.29
0.29
0.29
0.29
0.29
0.29
0.29
0.29
0.29
0.29
0.29
0.29
0.29
0.29
0.29
0.29
0.29
0.29
0.069
0.069
0.069
0.069
0.069
0.069
0.069
0.069
0.069
0.069
0.069
0.215
0.215
0.215
0.215
0.215
0.215
0.215
0.215
0.215
0.215
0.215
0.215
0.215
0.215
0.215
0.215
0.215
0.215
0.215
0.215
0.069
0.069
0.069
0.069
0.069
0.069
0.069
0.069
0.069
0.069
0.069
0.069
0.069
0.069
0.069
0.069
0.069
0.069
0.069
0.29
0.29
0.29
0.29
0.29
0.29
0.29
0.29
0.29
0.29
0.29
0.29
0.29
0.29
0.29
0.29
0.29
0.29
0.29
0.29
0.29
0.29
0.069
0.069
0.069
0.069
0.069
0.069
0.069
0.069
0.069
0.069
0.069
0.069
0.069
0.069
0.069
0.069
0.069
0.069
0.069
0.069
0.069
0.069
0.069
0.069
0.069
0.069
0.069
0.069
0.069
0.069
0.069
0.069
0.069
0.069
0.069
0.069
0.069
0.069
0.069
0.069
0.069
0.069
0.069
0.069
0.069
0.069
0.069
0.069
0.069
0.069
0.215
0.215
0.215
0.215
0.215
0.215
0.215
0.215
0.215
0.215
0.215
0.215
0.215
0.215
0.228
0.228
0.228
0.368
0.468
0.468
0.322
0.342
0.342
0.222
0.222
0.082
0.082
0.082
0.082
0.082
0.182
0.082
0.082
0.082
0.082
0.082
0.117
0.117
0.267
0.267
0.327
0.387
0.387
0.387
0.387
0.387
0.387
0.387
0.387
0.447
0.387
0.387
0.387
0.427
0.487
0.447
0.447
0.507
0.668
0.668
3.421
3.271
3.271
3.256
3.256
3.256
3.256
3.316
3.316
3.281
3.281
3.281
3.221
3.256
3.316
3.388
0.503
0.543
0.603
0.603
0.382
0.402
0.402
0.402
0.508
0.548
0.648
0.648
0.648
0.588
0.533
0.545
0.545
0.545
0.545
0.545
8.306
8.306
8.352
0.591
0.591
0.591
0.591
0.691
0.651
0.551
0.551
0.551
0.551
0.751
0.751
0.751
0.751
0.766
0.766
0.766
0.766
0.666
0.52
0.854
0.854
0.854
0.854
0.854
0.909
0.909
0.409
0.409
0.309
0.53
0.59
0.65
0.65
0.65
0.55
0.55
0.65
0.65
0.65
0.71
0.55
0.579
0.579
0.579
0.579
0.619
0.619
0.619
0.619
0.559
0.559
0.298
0.298
0.298
0.298
0.298
0.298
0.298
0.298
0.298
0.298
2.16
2.16
2.16
0.298
0.298
0.298
0.298
0.496
0.446
0.446
0.346
0.346
0.346
0.346
0.346
0.346
0.346
0.346
0.286
0.286
0.286
0.286
0.286
0.286
0.286
0.271
0.271
0.271
0.271
0.271
0.477
0.417
0.417
0.457
0.457
0.402
0.402
0.402
0.402
0.402
0.402
0.402
0.402
0.402
0.402
0.623
0.623
0.623
0.623
0.623
0.623
0.623
0.623
0.29
0.29
0.29
0.29
0.29
0.29
0.29
0.29
0.29
0.29
0.29
0.29
0.29
0.29
0.069
0.069
0.069
0.069
0.069
0.069
0.069
0.069
0.069
0.069
0.069
0.069
0.069
0.069
0.069
0.069
0.069
0.069
0.069
0.069
0.069
0.069
0.069
0.069
0.069
0.069
0.069
0.069
0.069
0.069
0.069
0.069
0.069
0.069
0.069
0.069
0.215
0.215
0.215
0.215
0.215
0.215
0.215
0.215
0.215
0.215
0.215
0.215
0.215
0.215
0.215
0.215
0.215
0.215
0.215
0.215
0.069
0.069
0.069
0.069
0.069
0.069
0.069
0.069
0.069
0.069
0.069
0.069
0.069
0.069
0.069
0.069
0.069
0.069
0.069
0.069
0.29
0.29
0.29
0.29
0.29
0.29
0.29
0.29
0.29
0.29
0.29
0.29
0.29
0.29
0.29
0.29
0.29
0.29
0.29
0.29
0.29
0.29
0.215
0.215
0.215
0.215
0.215
0.215
0.215
0.215
0.215
0.215
0.215
0.215
0.215
0.215
0.215
0.215
0.215
0.215
0.215
0.215
0.069
0.069
0.069
0.069
0.069
0.069
0.069
0.069
0.069
0.069
0.069
0.069
0.069
0.069
0.069
0.069
0.069
0.069
0.069
0.069
0.069
0.069
0.069
0.069
0.069
0.069
0.069
0.069
0.069
0.069
0.069
0.069
0.069
0.069
0.069
0.069
0.069
0.069
0.29
0.29
0.29
0.29
0.29
0.29
0.29
0.29
0.29
0.29
0.288
0.288
0.288
0.288
0.288
0.288
0.288
0.288
0.288
0.288
0.288
0.288
0.213
0.213
0.213
0.213
0.262
0.262
0.262
0.262
0.262
0.262
0.262
0.262
0.262
0.262
0.262
0.262
0.262
0.262
0.262
0.262
0.116
0.116
0.116
0.116
0.116
0.116
0.116
0.116
0.128
0.128
0.128
0.128
0.128
0.128
0.128
0.128
0.128
0.128
0.128
0.265
0.32
0.32
0.32
0.38
0.38
0.38
0.38
0.38
0.38
0.32
0.36
0.36
0.36
0.36
0.42
0.42
0.42
0.42
0.48
0.48
0.48
0.48
0.54
0.54
0.466
1.066
1.126
1.226
0.069
0.069
0.069
0.069
0.069
0.069
0.069
0.069
0.215
0.215
0.215
0.215
0.215
0.436
0.436
0.436
0.436
0.436
0.436
0.436
0.436
0.436
0.436
0.436
0.436
0.436
0.436
0.436
0.29
0.29
0.29
0.29
0.29
0.29
0.29
0.069
0.069
0.069
0.069
0.069
0.204
0.264
0.259
0.259
0.359
0.359
3.172
3.292
3.292
3.132
3.161
3.321
3.531
3.691
3.481
3.381
3.381
3.381
3.381
3.441
3.381
3.381
0.668
0.608
0.548
0.608
0.608
0.608
0.714
0.714
0.714
0.774
0.774
0.92
0.86
0.92
0.92
0.92
0.92
0.86
0.86
0.86
0.875
0.875
0.875
0.798
0.898
0.898
0.948
0.948
0.948
0.888
0.888
0.742
0.742
0.742
0.592
0.592
0.592
0.692
0.873
0.933
0.933
0.933
0.933
0.945
0.933
0.933
0.933
0.933
0.933
0.933
0.933
0.933
0.933
1.033
1.183
1.304
1.304
1.304
1.304
1.204
0.983
0.954
0.954
1.554
1.554
1.554
1.494
1.494
1.494
1.344
1.344
1.344
1.344
1.298
1.298
1.298
1.298
1.177
1.327
1.237
1.408
1.408
1.408
1.408
1.408
1.408
1.554
1.454
1.554
1.494
1.494
1.494
1.494
1.479
1.419
1.419
1.419
1.419
1.419
1.491
1.491
1.431
1.431
1.431
1.431
1.281
1.135
1.135
1.195
1.255
1.255
1.464
1.464
1.464
1.464
1.464
1.464
1.464
1.464
1.464
3.326
3.226
3.226
1.364
1.364
1.364
1.464
1.464
1.524
1.524
1.524
1.524
1.464
1.229
1.229
3.982
4.042
4.042
3.982
4.082
4.036
4.036
4.186
4.246
4.246
4.443
4.412
4.427
4.427
4.487
4.487
1.674
1.674
1.674
1.572
1.572
1.572
1.572
1.572
1.572
1.572
1.584
1.584
1.549
1.368
1.368
1.428
1.316
1.453
1.453
1.338
1.398
1.398
1.398
1.398
1.438
1.438
1.438
1.438
1.438
1.584
1.584
1.805
1.86
1.86
1.86
1.86
1.8
1.86
1.86
1.86
1.86
1.955
1.955
2.015
2.015
2.015
1.955
2.015
1.955
1.795
1.795
1.735
1.735
1.514
1.514
1.514
1.514
1.514
1.514
1.574
1.514
1.514
1.474
1.474
1.474
1.474
1.474
1.439
1.41
1.495
1.495
1.495
1.435
1.579
1.639
1.654
1.714
1.654
1.654
1.654
1.154
1.154
1.114
1.114
1.054
1.054
1.054
1.054
0.994
0.934
1.034
0.994
0.994
0.994
0.934
0.934
0.994
0.994
0.994
0.994
0.994
0.994
0.994
1.494
1.494
1.494
1.054
1.054
1.089
1.189
1.189
1.189
1.189
1.189
1.189
1.189
1.189
1.289
1.289
1.289
1.289
1.289
1.41
1.41
1.322
1.322
1.322
1.443
1.443
1.443
1.443
1.325
1.265
1.23
1.23
1.73
1.73
1.73
1.742
1.742
1.742
1.742
1.742
1.842
1.621
1.621
1.621
1.621
1.621
1.121
2.166
2.166
2.166
2.166
2.166
2.18
2.18
2.18
2.08
2.08
2.392
2.392
2.392
2.392
2.492
2.492
2.492
2.492
10.253
10.253
10.228
2.467
2.467
2.467
2.467
2.467
2.467
2.367
2.367
2.367
2.221
2.221
2.25
2.25
2.31
2.25
2.25
2.25
2.25
2.25
2.25
2.25
2.25
2.25
2.129
2.129
2.229
2.229
2.229
2.45
2.45
2.45
2.438
2.45
2.51
2.51
2.51
2.51
2.51
2.51
1.465
1.405
1.405
1.299
1.299
1.225
1.125
0.975
0.975
0.975
0.975
0.739
0.739
0.679
0.679
0.679
0.679
0.679
0.679
0.679
0.679
0.679
0.679
0.739
0.739
0.699
1.199
1.259
1.122
1.122
0.622
0.562
0.668
0.668
0.668
0.668
0.668
0.818
0.818
0.818
0.818
0.657
0.657
0.657
0.657
0.628
0.688
0.688
0.688
0.734
0.734
1.001
1.001
1.001
1.061
1.101
1.041
1.541
1.541
1.541
1.541
1.541
1.541
1.541
1.541
1.641
1.641
1.129
1.362
1.35
1.35
1.204
1.204
1.104
1.104
1.044
1.044
1.044
1.073
1.073
1.073
1.085
1.085
1.085
1.033
1.033
1.033
1.533
1.548
1.548
1.327
1.327
1.327
1.327
1.327
1.327
1.327
1.327
1.487
1.487
1.487
1.487
1.487
1.487
1.427
1.487
1.487
1.487
1.487
1.487
1.487
1.387
1.387
1.387
1.387
1.387
1.327
