0.059
0.119
0.119
0.304
0.364
0.424
0.424
0.304
0.364
0.364
0.364
0.397
0.272
0.272
0.272
0.272
0.272
0.282
0.282
0.282
0.222
0.222
0.222
0.222
0.222
0.222
0.603
0.603
0.663
0.603
0.222
0.222
0.417
0.357
0.357
0.357
0.357
0.357
0.357
0.357
0.357
0.357
0.357
0.357
0.397
0.397
0.397
0.397
0.457
0.457
0.457
0.457
0.457
0.457
0.262
0.262
0.262
0.262
0.262
0.262
0.071
0.071
0.071
0.071
0.071
0.071
0.071
0.071
0.071
0.071
0.071
0.071
0.235
0.235
0.235
0.235
0.235
0.235
0.235
0.235
0.235
0.235
0.235
0.235
0.235
0.235
0.235
0.235
0.235
0.235
0.235
0.235
0.071
0.071
0.071
0.071
0.071
0.071
0.071
0.071
0.071
0.071
0.071
0.071
0.071
0.071
0.071
0.071
0.071
0.071
0.071
0.071
0.071
0.071
0.071
0.071
0.071
0.071
0.071
0.071
0.071
0.071
0.071
0.071
0.071
0.071
0.071
0.071
0.071
0.071
0.071
0.071
0.071
0.071
0.071
0.071
0.071
0.071
0.071
0.071
0.071
0.071
0.235
0.235
0.235
0.235
0.235
0.43
0.43
0.43
0.43
0.43
0.43
0.43
0.43
0.43
0.43
0.43
0.43
0.43
0.43
0.43
0.266
0.266
0.266
0.266
0.266
0.266
0.266
0.071
0.071
0.071
0.071
0.071
0.071
0.071
0.071
0.071
0.071
0.071
0.071
0.071
0.071
0.071
0.071
0.071
0.071
0.071
0.071
0.071
0.071
0.071
0.071
0.071
0.071
0.071
0.071
0.071
0.071
0.071
0.071
0.071
0.071
0.071
0.235
0.235
0.235
0.235
0.235
0.235
0.235
0.235
0.235
0.235
0.235
0.235
0.235
0.235
0.235
0.235
0.235
0.235
0.235
0.235
0.071
0.071
0.071
0.071
0.071
0.071
0.071
0.071
0.071
0.071
0.071
0.071
0.071
0.071
0.071
0.071
0.071
0.071
0.071
0.071
0.071
0.071
0.071
0.071
0.071
0.071
0.071
0.071
0.071
0.071
0.071
0.071
0.071
0.071
0.071
0.071
0.071
0.071
0.071
0.071
0.071
0.071
0.071
0.071
0.071
0.071
0.071
0.071
0.071
0.071
0.071
0.071
0.071
0.266
0.266
0.266
0.43
0.43
0.43
0.43
0.43
0.43
0.43
0.43
0.43
0.43
0.43
0.43
0.43
0.43
0.43
0.43
0.43
0.43
0.43
0.235
0.071
0.071
0.071
0.071
0.071
0.071
0.071
0.071
0.071
0.071
0.102
0.102
0.102
0.102
0.102
0.102
0.102
0.102
0.102
0.162
0.162
0.222
0.222
0.174
0.174
0.174
0.186
0.186
0.186
0.246
0.246
0.246
0.246
0.286
0.253
0.253
0.253
0.253
0.313
0.313
0.813
0.813
0.741
0.741
0.741
0.741
0.741
0.741
2.835
2.835
2.977
0.883
0.895
0.895
0.895
0.895
0.895
0.895
0.895
0.895
0.895
0.895
0.895
0.895
0.895
0.895
0.883
0.823
0.783
0.843
0.903
0.843
0.783
0.843
0.843
0.903
0.403
0.403
0.403
0.463
0.403
0.403
0.403
0.391
0.391
0.555
0.555
0.555
0.495
0.435
0.435
0.435
0.444
0.435
0.435
0.435
0.435
0.435
0.435
0.495
0.69
0.69
0.69
0.69
0.69
0.526
2.62
2.62
2.629
0.535
0.535
0.475
0.475
0.475
0.475
0.487
0.487
0.475
0.475
0.535
0.535
0.535
0.34
0.271
0.271
0.271
0.271
0.271
9.355
9.355
9.355
0.271
0.366
0.271
0.311
0.311
0.311
0.323
0.323
0.323
0.323
0.323
0.323
0.383
0.383
0.383
0.383
0.323
0.335
0.335
0.335
0.395
0.395
0.395
0.395
0.395
0.335
0.375
0.375
0.435
0.435
0.435
0.435
0.435
0.375
0.375
0.363
0.437
0.537
0.537
0.537
0.477
0.477
0.477
0.672
0.672
0.672
0.672
0.672
0.732
0.732
0.632
1.662
1.662
1.662
0.692
0.692
0.632
0.632
0.572
0.572
0.572
0.572
0.572
0.572
0.572
0.386
0.374
0.374
0.374
0.071
0.071
0.071
0.071
0.071
0.071
0.071
0.071
0.071
0.071
0.071
0.071
0.071
0.071
0.071
0.071
0.071
0.071
0.071
0.071
0.071
0.071
0.071
0.235
0.235
0.235
0.235
0.235
0.235
0.235
0.235
0.235
0.235
0.235
0.235
0.235
0.235
0.235
0.235
0.235
0.235
0.235
0.235
0.071
0.071
0.071
0.071
0.071
0.071
0.071
0.071
0.071
0.071
0.071
0.071
0.071
0.071
0.071
0.071
0.071
0.071
0.071
0.071
0.071
0.071
0.071
0.071
0.071
0.071
0.266
0.266
0.266
0.266
0.266
0.266
0.266
0.266
0.266
0.266
0.266
0.266
0.266
0.266
0.266
0.266
0.266
0.43
0.43
0.43
0.43
0.43
0.235
0.235
0.235
0.235
0.235
0.235
0.235
0.235
0.235
0.235
0.235
0.235
0.235
0.235
0.235
0.071
0.071
0.071
0.071
0.071
0.071
0.071
0.071
0.071
0.071
0.071
0.071
0.071
0.071
0.071
0.071
0.071
0.071
0.071
0.071
0.071
0.071
0.071
0.071
0.071
0.071
0.071
0.071
0.071
0.071
0.071
0.071
0.071
0.071
0.071
0.071
0.266
0.266
0.266
0.266
0.266
0.266
0.266
0.266
0.266
0.266
0.266
0.266
0.266
0.266
0.266
0.266
0.266
0.266
0.266
0.266
0.266
0.266
0.071
0.071
0.071
0.071
0.071
0.071
0.071
0.071
0.071
0.071
0.071
0.071
0.071
0.071
0.071
0.071
0.071
0.071
0.071
0.071
0.071
0.071
0.235
0.235
0.235
0.235
0.235
0.235
0.235
0.235
0.235
0.235
0.235
0.235
0.235
0.235
0.235
0.235
0.235
0.235
0.235
0.235
0.071
0.071
0.071
0.071
0.071
0.071
0.071
0.071
0.071
0.071
0.071
0.071
0.071
0.071
0.071
0.071
0.071
0.071
0.071
0.071
0.071
0.071
0.071
0.071
0.071
0.071
0.071
0.071
0.071
0.071
0.071
0.071
0.071
0.071
0.071
0.071
0.071
0.071
0.071
0.071
0.071
0.071
0.071
0.071
0.235
0.43
0.43
0.43
0.43
0.43
0.43
0.43
0.43
0.43
0.43
0.43
0.43
0.43
0.43
0.43
0.43
0.43
0.43
0.43
0.266
0.266
0.266
0.071
0.071
0.071
0.071
0.071
0.071
0.071
0.071
0.071
0.071
0.071
0.071
0.071
0.071
0.071
0.071
0.071
0.071
0.071
0.071
0.071
0.071
0.071
0.071
0.071
0.071
0.071
0.071
0.071
0.071
0.071
0.071
0.071
0.071
0.071
0.071
0.071
0.071
0.071
0.071
0.071
0.071
0.071
0.071
0.071
0.071
0.071
0.071
0.071
0.071
0.071
0.071
0.071
0.071
0.071
0.071
0.071
0.071
0.071
0.071
0.071
0.071
0.071
0.071
0.071
0.071
0.071
0.071
0.071
0.071
0.071
0.071
0.266
0.266
0.266
0.266
0.266
0.266
0.266
0.266
0.266
0.266
0.266
0.266
0.266
0.266
0.266
0.266
0.266
0.266
0.266
0.266
0.266
0.266
0.071
0.071
0.071
0.071
0.071
0.071
0.071
0.071
0.071
0.071
0.071
0.071
0.071
0.071
0.071
0.071
0.071
0.071
0.071
0.071
0.071
0.071
0.071
0.071
0.071
0.071
0.071
0.071
0.071
0.071
0.071
0.071
0.235
0.235
0.235
0.235
0.235
0.235
0.235
0.235
0.235
0.235
0.235
0.235
0.235
0.235
0.235
0.235
0.235
0.235
0.235
0.235
0.071
0.071
0.071
0.071
0.071
0.071
0.071
0.071
0.071
0.071
0.071
0.071
0.071
0.071
0.071
0.071
0.266
0.266
0.266
0.266
0.266
0.266
0.266
0.266
0.266
0.266
0.266
0.266
0.266
0.266
0.266
0.266
0.266
0.266
0.266
0.266
0.266
0.266
0.071
0.071
0.071
0.071
0.071
0.071
0.071
0.071
0.071
0.071
0.235
0.235
0.235
0.235
0.235
0.235
0.235
0.235
0.235
0.235
0.235
0.235
0.235
0.235
0.235
0.235
0.235
0.235
0.235
0.235
0.071
0.071
0.071
0.225
0.225
0.225
0.225
0.225
0.225
0.225
0.225
0.225
0.225
0.225
0.225
0.42
0.42
0.42
0.42
0.42
0.42
0.42
0.42
0.42
0.48
0.54
0.54
0.54
0.6
0.6
0.66
0.66
0.573
0.573
0.573
0.573
0.573
0.378
0.378
0.378
0.438
0.438
0.438
0.424
0.424
0.424
0.484
0.424
0.424
0.424
0.484
0.484
0.484
0.424
0.424
0.424
0.433
0.433
0.433
0.433
1.806
1.806
1.806
1.806
1.806
1.806
1.806
1.806
1.806
1.806
1.806
1.806
1.806
1.806
1.806
1.806
1.806
1.806
1.806
1.806
1.806
1.806
1.846
1.846
2.353
2.353
2.353
2.413
1.992
1.992
0.679
0.679
0.619
0.619
0.679
0.679
0.619
0.619
0.619
0.619
0.619
0.619
0.619
0.619
0.619
0.586
0.781
0.781
0.945
0.945
0.945
0.945
0.885
0.885
0.885
0.885
0.885
0.885
0.885
0.885
0.885
0.885
0.885
0.885
0.885
0.885
0.885
0.885
0.526
0.586
0.577
0.577
0.577
0.577
0.61
0.61
0.61
0.61
0.61
0.55
0.55
0.49
0.49
0.49
0.55
0.604
0.544
0.544
0.544
0.544
0.544
0.544
0.544
0.402
0.402
0.402
0.402
0.402
0.402
0.402
0.402
0.402
0.502
0.617
0.557
0.557
0.557
0.457
0.457
0.457
0.457
0.457
0.457
0.457
0.457
0.457
0.457
0.402
0.402
0.402
0.402
0.402
0.462
0.843
0.843
0.843
0.843
0.462
0.462
0.462
0.462
0.462
0.462
0.462
0.462
0.462
0.462
0.462
0.462
0.626
0.626
0.626
0.626
0.626
0.626
0.626
0.626
0.593
0.593
0.593
0.593
0.788
0.788
0.788
0.788
0.788
0.788
0.788
0.774
0.61
0.61
0.61
0.61
0.619
0.619
0.61
0.61
0.61
0.61
0.61
0.61
0.61
0.61
0.355
0.355
0.355
0.355
0.388
0.4
0.4
0.4
0.4
0.4
0.4
0.4
0.4
0.4
0.4
0.4
0.4
0.4
0.388
0.388
0.488
0.488
0.488
0.488
0.488
0.488
0.488
0.488
0.488
0.488
0.488
0.488
0.488
0.388
0.512
0.572
0.572
0.572
0.572
0.512
0.521
0.535
0.535
0.526
0.526
0.466
0.466
0.466
0.478
0.478
0.478
0.478
0.478
0.538
0.374
0.374
0.494
0.689
0.689
0.629
0.617
0.617
0.557
0.557
0.557
0.617
0.617
0.617
0.617
0.617
0.617
0.617
0.617
0.557
0.557
0.557
0.557
0.584
0.584
0.389
0.422
0.422
0.422
0.422
0.422
0.362
0.362
0.482
0.422
0.422
0.422
0.422
0.422
0.422
0.422
0.422
0.482
0.482
0.482
0.482
0.482
0.482
0.482
0.482
0.482
0.482
0.482
0.646
0.586
0.586
0.646
0.646
0.646
0.686
0.672
0.632
0.641
0.641
0.641
0.641
0.641
0.681
0.681
0.741
0.741
1.041
1.041
0.877
0.877
0.877
0.877
0.877
0.877
0.877
0.817
0.817
0.877
0.817
0.817
0.817
0.817
0.817
0.817
0.817
0.817
0.777
0.777
0.972
0.972
0.972
0.972
0.972
0.672
0.639
0.639
0.639
0.639
0.672
0.672
0.672
0.672
0.672
0.672
0.672
0.552
0.552
0.552
0.543
0.555
0.36
0.357
0.357
2.451
2.442
2.442
0.348
0.348
0.348
0.348
0.348
0.348
0.348
0.288
0.288
0.288
0.288
0.288
0.288
0.288
0.452
0.452
0.452
0.512
0.512
0.512
0.452
0.452
0.452
0.512
0.512
0.512
0.452
0.452
0.452
0.452
0.452
0.452
0.442
0.442
0.278
0.338
0.338
0.338
0.533
0.533
0.533
0.533
2.627
2.627
2.627
