0.075
0.075
0.075
0.075
0.075
0.075
0.075
0.075
0.075
0.075
0.075
0.075
0.075
0.075
0.065
0.065
0.065
0.065
0.065
0.065
0.065
0.065
0.065
0.065
0.065
0.065
0.065
0.065
0.246
0.246
0.246
0.246
0.246
0.246
0.246
0.246
0.246
0.246
0.246
0.246
0.246
0.246
0.246
0.246
0.256
0.256
0.256
0.256
0.256
0.256
0.075
0.075
0.075
0.075
0.075
0.075
0.075
0.075
0.075
0.075
0.075
0.075
0.075
0.075
0.075
0.075
0.075
0.075
0.075
0.075
0.075
0.075
0.075
0.075
0.075
0.075
0.075
0.075
0.075
0.075
0.075
0.075
0.075
0.075
0.075
0.075
0.075
0.075
0.075
0.075
0.075
0.075
0.075
0.075
0.075
0.075
0.075
0.075
0.075
0.075
0.075
0.075
0.075
0.075
0.075
0.075
0.075
0.075
0.075
0.075
0.075
0.075
0.075
0.075
0.075
0.075
0.256
0.256
0.256
0.256
0.256
0.256
0.256
0.256
0.256
0.256
0.256
0.256
0.256
0.256
0.256
0.256
0.256
0.256
0.256
0.256
0.256
0.256
0.075
0.075
0.075
0.075
0.075
0.075
0.075
0.075
0.075
0.075
0.075
0.075
0.075
0.075
0.075
0.075
0.075
0.075
0.075
0.075
0.075
0.075
0.075
0.075
0.075
0.075
0.075
0.075
0.075
0.075
0.075
0.075
0.075
0.075
0.075
0.075
0.075
0.075
0.075
0.075
0.075
0.075
0.075
0.075
0.075
0.075
0.075
0.075
0.075
0.075
0.075
0.075
0.075
0.075
0.075
0.075
0.075
0.256
0.256
0.256
0.256
0.256
0.256
0.256
0.256
0.256
0.256
0.256
0.256
0.256
0.256
0.256
0.256
0.256
0.256
0.256
0.256
0.256
0.256
0.075
0.075
0.075
0.075
0.075
0.075
0.075
0.075
0.075
0.075
0.075
0.075
0.075
0.075
0.075
0.075
0.075
0.075
0.075
0.075
0.075
0.075
0.075
0.075
0.075
0.075
0.075
0.075
0.075
0.075
0.075
0.075
0.075
0.075
0.075
0.075
0.075
0.075
0.075
0.075
0.075
0.075
0.075
0.075
0.075
0.075
0.075
0.075
0.075
0.075
0.075
0.256
0.256
0.256
0.256
0.256
0.256
0.256
0.256
0.256
0.256
0.256
0.256
0.256
0.256
0.256
0.256
0.256
0.256
0.256
0.256
0.256
0.256
0.075
0.075
0.075
0.075
0.075
0.075
0.075
0.075
0.075
0.075
0.075
0.075
0.075
0.075
0.075
0.075
0.075
0.075
0.075
0.075
0.075
0.075
0.075
0.075
0.075
0.075
0.075
0.075
0.075
0.075
0.075
0.075
0.075
0.075
0.075
0.075
0.075
0.075
0.075
0.075
0.075
0.075
0.075
0.075
0.075
0.256
0.256
0.256
0.256
0.256
0.256
0.256
0.256
0.256
0.256
0.256
0.256
0.256
0.256
0.256
0.256
0.256
0.256
0.256
0.256
0.256
0.256
0.075
0.075
0.075
0.075
0.075
0.075
0.075
0.075
0.075
0.075
0.075
0.075
0.075
0.075
0.075
0.075
0.075
0.075
0.075
0.075
0.075
0.075
0.075
0.075
0.075
0.075
0.075
0.075
0.075
0.075
0.075
0.075
0.075
0.075
0.075
0.075
0.075
0.075
0.075
0.075
0.075
0.075
0.075
0.075
0.075
0.075
0.075
0.075
0.075
0.075
0.075
0.256
0.256
0.256
0.256
0.256
0.256
0.256
0.256
0.256
0.256
0.256
0.256
0.256
0.256
0.256
0.256
0.256
0.256
0.256
0.256
0.256
0.256
0.075
0.075
0.075
0.075
0.075
0.075
0.075
0.075
0.075
0.075
0.075
0.075
0.075
0.075
0.075
0.075
0.075
0.075
0.075
0.075
0.073
0.073
0.073
0.093
0.093
0.093
0.143
0.163
0.163
0.203
0.143
0.143
0.243
0.303
0.303
0.303
0.303
0.363
0.363
0.363
0.303
0.283
0.238
0.238
0.238
0.238
0.238
0.238
0.238
0.238
0.238
0.238
0.238
0.298
0.298
0.298
0.298
0.398
0.398
0.358
0.298
0.298
0.298
0.298
0.298
0.298
0.298
0.298
0.298
0.298
0.298
0.298
0.358
0.298
0.338
0.338
0.338
0.338
0.298
0.298
0.338
0.338
2.723
2.723
2.723
0.338
0.298
0.298
0.298
0.298
0.298
0.298
0.298
0.479
0.479
0.479
0.479
0.479
0.479
0.479
0.479
0.479
0.464
0.464
0.464
0.539
0.539
0.539
0.539
0.464
0.464
0.47
0.47
0.47
0.47
0.289
0.289
0.289
0.289
0.289
0.289
0.289
0.289
0.289
0.279
0.279
0.279
0.279
0.279
0.279
0.279
0.279
0.279
0.279
0.279
0.279
0.279
0.279
0.279
0.279
0.279
0.279
0.279
0.279
0.279
0.279
0.279
0.279
0.279
0.279
0.279
0.279
0.279
0.279
0.279
0.279
0.279
0.279
0.279
0.279
0.279
0.279
0.279
0.279
0.279
0.279
0.279
0.279
0.279
0.279
0.279
0.279
0.279
0.279
0.279
0.339
0.339
0.339
0.339
0.339
0.354
0.294
0.294
0.294
0.288
0.288
0.288
0.288
0.288
0.422
0.288
0.288
0.288
0.288
0.288
0.288
0.288
0.288
0.288
0.288
0.328
0.509
0.469
0.469
0.469
0.842
0.842
0.842
0.842
0.469
0.469
0.469
0.469
0.469
0.469
0.469
0.469
0.469
0.469
0.469
0.469
0.469
0.469
0.288
0.288
0.288
0.288
0.322
0.322
0.322
0.322
0.322
0.322
0.322
0.394
0.394
0.394
0.294
0.294
0.294
0.279
0.279
2.262
2.222
2.222
2.222
2.222
2.222
2.222
2.222
2.222
2.222
2.222
2.222
2.222
2.222
2.162
2.162
2.162
2.162
2.162
2.162
2.162
0.179
0.179
0.179
0.179
0.36
0.36
0.36
0.36
0.36
0.36
0.36
0.36
0.36
0.36
0.36
0.36
0.36
0.36
0.476
0.476
0.476
0.36
0.36
0.36
0.36
0.36
0.179
0.179
0.179
0.179
0.179
0.179
0.179
0.194
0.194
0.254
0.254
0.22
2.383
2.383
2.458
2.458
2.498
2.498
2.498
2.498
2.498
4.883
4.883
4.883
2.498
2.498
2.498
2.498
2.498
2.508
2.508
2.508
2.508
2.508
2.508
2.508
2.498
2.675
2.675
0.335
0.27
0.26
0.26
0.335
0.335
0.335
2.72
2.76
2.76
0.375
0.552
0.512
0.435
0.495
0.495
0.495
0.495
0.651
0.651
0.651
0.711
0.711
0.651
0.828
0.828
0.711
0.892
0.877
0.837
0.857
0.957
0.857
0.817
0.817
0.817
0.757
0.874
0.874
1.192
1.192
1.192
1.192
1.192
0.625
0.625
0.625
0.625
0.625
0.444
0.404
0.404
0.444
0.444
0.444
0.444
0.444
0.444
0.456
0.416
0.416
0.416
0.416
0.416
0.416
0.404
0.404
0.344
0.344
0.344
0.344
0.344
0.344
0.344
0.344
0.344
0.344
0.344
0.344
0.344
0.378
0.378
0.378
0.262
0.262
0.262
0.262
0.262
0.262
0.262
0.262
0.262
0.262
0.262
0.262
0.262
0.443
0.443
0.443
0.443
0.443
0.455
0.455
0.455
0.495
0.495
0.495
0.495
0.495
0.495
0.495
0.495
0.495
0.495
0.535
0.535
0.535
0.535
0.354
0.354
0.354
0.314
0.314
0.314
0.314
0.314
0.314
0.314
0.314
0.314
0.314
0.314
0.314
0.314
0.314
0.314
0.314
0.314
0.314
0.314
0.314
0.314
0.314
0.314
0.329
0.329
0.329
0.389
0.489
0.589
0.489
0.489
0.489
0.443
0.443
0.443
0.443
0.443
0.443
0.443
0.443
0.443
0.443
0.453
0.443
0.443
0.624
0.624
0.624
0.624
0.824
0.624
0.624
0.664
0.664
0.736
0.736
0.736
0.736
0.736
0.736
0.705
0.605
0.645
0.645
0.605
0.585
0.585
0.464
0.464
0.404
0.404
0.404
0.404
0.404
0.404
0.404
0.404
0.344
0.344
0.344
0.384
0.424
0.424
0.509
0.46
0.46
0.46
0.46
0.46
0.52
0.52
0.46
0.46
0.46
0.46
0.46
0.458
0.458
0.458
0.558
0.458
0.458
0.473
0.485
0.445
0.433
0.433
0.393
0.393
0.383
0.443
0.443
0.443
0.443
0.443
0.443
0.443
2.828
2.828
2.828
0.443
0.577
0.577
0.577
0.517
0.517
0.557
0.617
0.821
0.781
1.951
2.026
1.951
1.901
1.961
1.961
1.827
1.827
1.902
1.902
1.902
1.902
1.842
1.842
1.942
1.942
1.942
1.942
1.942
1.942
1.942
1.942
1.761
1.955
1.955
1.955
1.955
1.955
1.955
1.955
0.891
0.891
0.876
0.876
0.876
0.876
0.876
0.876
0.916
0.916
0.856
0.856
0.856
0.856
0.856
1.813
1.813
1.813
0.856
0.856
0.756
0.756
0.756
0.756
0.756
0.85
0.85
0.656
0.656
0.656
0.656
0.656
0.656
0.772
0.772
0.672
0.853
0.853
0.873
0.873
0.873
0.873
0.873
0.973
0.853
0.853
0.853
0.853
0.793
0.793
0.793
0.793
0.793
0.853
0.853
0.853
0.953
0.968
0.787
0.787
0.787
0.787
0.787
0.671
0.671
0.671
0.671
0.671
0.671
0.671
0.671
0.671
1.044
1.044
1.044
1.044
0.611
0.611
0.611
0.611
0.611
0.611
0.611
0.611
0.611
0.611
0.611
0.611
0.611
0.611
0.611
0.611
0.551
0.551
0.611
0.511
0.571
0.571
0.637
0.637
0.637
0.637
0.637
0.637
0.637
0.637
0.637
0.577
0.758
0.758
0.758
0.758
0.758
0.698
0.698
0.698
0.698
0.683
0.743
0.668
0.668
0.743
0.743
0.743
0.643
0.508
0.508
0.508
0.508
0.574
0.367
0.367
0.367
0.367
0.367
0.427
0.427
0.427
0.427
0.527
0.527
0.527
0.427
0.427
0.427
0.427
0.427
0.436
0.436
0.57
0.57
0.561
0.561
0.561
0.561
0.636
0.596
0.596
0.616
0.616
0.616
0.616
0.616
0.616
0.616
0.616
0.691
0.691
0.691
0.691
0.691
0.691
0.7
0.7
0.7
0.7
0.7
0.665
0.655
0.655
0.635
0.675
0.675
0.715
0.615
0.731
0.912
0.872
0.812
0.812
0.812
0.832
0.832
0.832
0.832
0.832
0.832
0.792
0.792
0.792
0.852
0.852
0.852
0.684
0.684
0.684
0.684
0.82
0.639
0.639
0.639
0.739
0.739
0.727
0.727
0.727
0.727
0.737
0.809
0.809
0.809
0.809
0.809
0.869
0.869
0.769
0.794
0.794
0.794
0.963
0.951
0.951
0.951
0.951
0.931
0.931
1.031
1.031
1.031
1.021
1.061
1.061
1.061
1.061
0.961
0.961
0.901
0.901
0.901
1.017
1.077
1.077
1.077
1.077
1.077
1.077
0.977
0.977
0.977
0.989
0.989
1.054
0.954
0.954
0.954
0.954
0.954
0.773
0.629
0.689
0.689
0.677
0.677
0.677
0.617
0.611
0.611
0.621
0.621
0.661
0.587
0.587
0.587
0.406
0.396
0.396
0.396
0.396
0.456
0.456
0.456
0.462
0.562
0.562
0.562
0.562
0.562
0.562
0.602
0.602
0.602
0.602
0.602
0.602
0.602
0.602
0.602
0.542
0.542
0.642
0.642
0.737
0.737
0.737
0.737
0.737
0.737
0.771
0.771
0.771
0.771
0.871
0.871
0.871
0.871
3.256
3.256
3.256
0.696
0.696
0.696
0.696
0.696
0.656
0.656
0.656
0.656
0.616
0.777
0.777
0.777
3.162
3.002
3.002
0.617
0.617
0.617
0.617
0.733
0.733
0.733
0.733
0.733
0.833
0.833
0.833
0.833
0.845
0.845
0.845
0.652
0.652
0.652
0.652
0.546
0.546
0.546
0.546
0.546
0.606
0.606
0.616
0.656
0.646
0.646
0.646
0.646
1.019
1.019
1.019
1.019
0.075
0.075
0.075
0.075
0.075
0.075
0.075
0.075
0.075
0.075
0.075
0.075
0.075
0.075
0.075
0.075
0.075
0.075
0.075
0.075
