0.169
0.169
0.169
0.235
0.235
0.235
0.285
0.285
0.385
0.385
0.285
0.285
0.285
0.285
0.285
0.285
0.285
0.285
0.285
0.285
0.285
0.285
0.285
0.285
0.285
0.285
0.285
0.285
0.285
0.285
0.285
0.285
0.285
0.285
0.285
0.325
0.335
0.344
0.344
0.284
0.071
0.071
0.071
0.071
0.071
0.071
0.071
0.071
0.071
0.071
0.071
0.071
0.071
0.071
0.071
0.071
0.071
0.071
0.071
0.071
0.071
0.071
0.071
0.071
0.071
0.071
0.071
0.071
0.071
0.071
0.071
0.071
0.071
0.071
0.071
0.071
0.071
0.071
0.071
0.071
0.071
0.071
0.071
0.071
0.071
0.071
0.071
0.071
0.071
0.071
0.071
0.071
0.071
0.071
0.071
0.071
0.071
0.071
0.071
0.071
0.071
0.071
0.071
0.071
0.071
0.071
0.071
0.071
0.071
0.071
0.071
0.071
0.071
0.071
0.071
0.071
0.071
0.071
0.071
0.071
0.071
0.071
0.071
0.071
0.071
0.071
0.071
0.071
0.071
0.071
0.071
0.071
0.071
0.071
0.071
0.071
0.071
0.071
0.071
0.071
0.071
0.071
0.071
0.071
0.071
0.071
0.071
0.071
0.071
0.071
0.071
0.071
0.071
0.071
0.071
0.071
0.071
0.071
0.071
0.071
0.071
0.071
0.071
0.071
0.071
0.071
0.071
0.071
0.071
0.071
0.071
0.071
0.071
0.071
0.071
0.071
0.071
0.071
0.071
0.071
0.071
0.071
0.071
0.071
0.071
0.071
0.071
0.071
0.071
0.071
0.071
0.071
0.071
0.071
0.071
0.071
0.071
0.071
0.071
0.071
0.071
0.071
0.071
0.071
0.071
0.071
0.071
0.071
0.071
0.071
0.071
0.071
0.071
0.071
0.071
0.071
0.071
0.071
0.071
0.071
0.071
0.071
0.071
0.071
0.071
0.071
0.071
0.071
0.071
0.071
0.071
0.071
0.071
0.071
0.071
0.071
0.071
0.071
0.071
0.071
0.071
0.071
0.071
0.071
0.071
0.071
0.071
0.071
0.071
0.071
0.071
0.071
0.071
0.071
0.071
0.071
0.071
0.071
0.071
0.071
0.071
0.071
0.071
0.071
0.071
0.071
0.071
0.071
0.071
0.071
0.071
0.071
0.071
0.071
0.071
0.071
0.071
0.071
0.071
0.071
0.071
0.071
0.071
0.071
0.071
0.071
0.071
0.071
0.071
0.071
0.071
0.071
0.071
0.071
0.071
0.071
0.071
0.071
0.071
0.071
0.071
0.071
0.071
0.071
0.071
0.071
0.071
0.071
0.071
0.071
0.071
0.071
0.071
0.071
0.071
0.071
0.071
0.071
0.071
0.071
0.071
0.071
0.071
0.071
0.071
0.071
0.071
0.071
0.071
0.071
0.071
0.071
0.071
0.071
0.071
0.071
0.071
0.071
0.071
0.071
0.071
0.071
0.071
0.071
0.071
0.071
0.071
0.071
0.071
0.071
0.071
0.071
0.071
0.071
0.071
0.071
0.071
0.071
0.071
0.071
0.071
0.071
0.071
0.071
0.071
0.071
0.071
0.071
0.071
0.071
0.071
0.071
0.071
0.071
0.071
0.071
0.071
0.071
0.071
0.071
0.071
0.071
0.071
0.071
0.071
0.071
0.071
0.071
0.071
0.071
0.071
0.071
0.071
0.071
0.071
0.071
0.071
0.071
0.071
0.071
0.071
0.071
0.071
0.071
0.071
0.071
0.071
0.071
0.071
0.071
0.071
0.071
0.071
0.071
0.071
0.071
0.071
0.071
0.071
0.071
0.101
0.101
0.101
0.161
0.101
0.101
0.161
0.161
0.101
0.261
0.261
0.261
0.101
0.112
0.121
0.121
0.212
0.212
0.272
0.272
0.212
0.212
0.272
0.326
0.326
0.292
0.272
0.272
0.272
0.352
0.292
0.292
0.292
0.272
0.272
0.312
0.32
0.32
0.28
0.28
0.28
2.39
2.29
2.29
2.29
2.29
2.29
2.29
2.29
2.29
2.31
2.31
2.31
2.37
2.37
2.37
2.37
2.37
2.43
2.43
2.37
2.404
2.404
2.404
2.404
2.404
2.404
2.404
2.404
2.404
2.404
2.404
2.404
2.393
2.393
2.373
2.373
2.477
2.477
2.477
2.477
2.477
2.477
2.477
2.548
2.548
2.477
2.477
2.477
2.537
2.537
2.537
2.537
2.537
2.537
2.477
2.477
2.477
2.477
2.477
2.477
0.333
0.233
0.233
0.233
0.244
0.244
0.244
0.244
0.244
0.244
0.244
0.244
0.244
0.184
0.184
0.184
0.244
0.184
0.184
0.204
0.204
0.204
0.204
0.204
1.204
1.195
1.195
0.244
0.344
0.344
0.344
0.344
0.344
0.344
0.344
0.378
0.274
0.274
0.334
0.334
0.334
0.334
0.334
0.334
0.334
0.314
0.314
0.314
0.314
0.314
0.274
0.274
0.274
0.274
0.274
0.274
0.274
0.274
0.274
0.274
0.274
0.274
0.274
0.274
0.263
0.263
0.263
0.263
0.163
0.163
0.163
0.163
0.163
0.163
0.163
0.163
0.163
0.263
0.263
0.263
0.263
0.163
0.163
0.163
0.163
0.163
0.163
0.163
0.163
0.163
0.163
0.163
0.163
0.163
0.163
0.163
0.163
0.163
0.163
0.163
0.103
0.103
0.103
0.103
0.103
0.103
0.103
0.103
0.103
0.103
0.103
0.103
0.103
0.103
0.103
2.318
2.318
2.318
0.103
0.103
0.103
0.103
2.213
2.213
2.213
2.213
2.213
2.213
2.213
4.01
4.01
4.01
4.114
4.114
4.114
4.114
4.08
4.08
4.091
4.091
4.091
4.091
4.091
4.091
4.091
4.091
4.091
4.091
4.091
2.294
2.294
2.413
2.294
2.294
2.294
2.294
2.294
2.294
2.294
2.294
2.294
2.294
2.294
2.294
2.294
2.294
2.294
2.294
2.366
2.38
2.38
2.38
2.38
2.38
2.38
2.38
4.363
4.363
4.363
4.363
4.363
4.363
2.253
2.253
2.253
2.253
2.253
2.253
2.253
2.253
2.253
2.253
2.149
2.149
2.149
2.149
2.149
0.166
0.155
0.155
0.195
0.195
0.255
0.195
0.195
0.195
0.195
0.204
0.204
0.204
0.204
0.204
0.204
0.204
0.295
0.295
0.195
0.195
0.195
0.195
0.195
0.195
0.195
0.195
0.195
0.195
0.155
0.155
0.255
0.255
0.255
0.255
0.255
0.255
0.255
0.255
0.255
0.255
0.255
0.255
0.255
0.255
0.241
0.241
0.241
0.241
0.241
0.241
0.241
0.241
0.241
0.241
0.241
0.281
0.281
0.252
0.252
0.266
0.266
0.266
0.443
0.443
0.266
0.326
0.326
0.266
0.266
0.266
0.266
0.266
0.346
0.306
0.306
0.483
0.483
0.306
0.306
0.306
0.306
0.306
0.306
0.306
0.306
0.306
0.306
0.366
0.543
0.483
0.306
0.426
0.426
0.486
0.426
0.326
0.326
0.326
0.326
0.326
0.326
0.503
0.503
0.821
0.821
0.821
0.821
0.821
0.254
0.254
0.194
0.194
0.194
0.194
0.194
0.194
0.194
0.268
0.268
0.268
0.268
0.328
0.268
0.268
0.268
0.268
0.268
0.268
0.268
0.268
0.268
0.268
0.254
0.254
0.214
0.214
0.214
0.214
0.214
0.223
0.223
0.223
0.223
0.223
0.223
0.223
0.223
0.223
0.223
0.223
0.223
0.223
0.223
0.223
0.223
0.223
0.223
0.223
0.223
0.334
0.334
0.334
0.334
0.334
0.334
0.334
0.334
0.334
0.334
0.468
0.468
0.448
0.508
0.508
0.508
0.508
0.448
0.448
0.448
0.448
0.448
0.448
0.448
0.448
0.448
0.448
0.448
0.448
0.448
0.482
0.482
0.482
0.482
0.482
0.482
0.382
0.542
0.562
0.502
0.502
0.502
0.502
0.502
0.502
2.717
2.657
2.657
0.442
0.442
0.442
0.442
0.442
0.502
0.502
0.402
0.402
0.462
0.462
0.462
0.402
0.402
0.402
0.342
0.342
0.342
0.342
0.331
0.331
0.331
0.331
0.331
0.331
0.231
0.231
0.231
0.291
0.291
0.251
0.251
0.251
0.351
0.383
0.483
0.443
0.409
0.409
0.349
0.409
0.369
0.369
0.369
0.369
0.369
0.369
0.369
0.369
0.469
0.583
0.583
0.583
0.583
0.583
0.583
0.643
0.643
0.663
0.603
0.603
0.603
0.643
0.503
0.503
0.603
0.603
0.583
0.583
0.702
0.702
0.702
0.762
0.662
0.702
0.702
0.702
0.702
0.702
0.702
0.702
0.702
0.702
0.602
0.602
0.602
0.602
0.502
0.502
0.642
0.642
0.642
0.702
0.702
0.702
0.642
0.642
2.857
2.857
2.857
0.642
0.642
0.642
0.642
0.642
0.642
0.642
0.61
9.139
9.139
9.139
0.57
0.57
0.57
0.61
0.61
0.59
0.59
0.59
0.59
0.59
0.59
0.59
0.687
0.687
0.687
0.787
0.687
0.787
0.847
0.847
0.918
0.918
0.918
0.918
0.858
0.818
0.938
0.938
0.853
0.853
3.135
3.135
3.195
5.234
5.248
5.248
5.248
5.248
5.228
5.228
5.168
5.168
5.168
5.168
5.068
5.068
5.068
5.068
5.068
5.068
7.283
7.283
7.283
5.068
5.079
5.139
5.139
2.977
2.977
2.977
2.977
3.009
3.009
3.009
3.009
3.009
2.989
2.989
2.989
2.989
3.029
2.989
3.029
3.029
3.029
3.029
3.219
3.159
3.15
3.15
3.15
3.15
3.15
3.11
3.11
3.11
3.11
3.11
3.11
3.11
3.11
3.11
3.11
1
1
3.282
3.282
3.163
3.163
3.163
3.163
3.103
3.103
2.952
2.952
3.012
3.012
3.018
2.998
2.998
2.964
2.964
2.964
2.998
2.987
2.953
2.953
2.953
2.953
2.953
2.953
2.953
0.611
0.611
0.631
0.631
0.631
0.631
0.665
0.679
0.79
0.79
0.79
0.83
0.798
0.758
0.877
0.977
0.977
0.977
0.977
0.943
0.943
0.943
0.817
0.849
0.849
0.749
0.749
0.689
2.904
2.904
2.904
0.655
0.695
0.695
0.695
0.695
0.695
0.655
0.666
0.666
0.666
0.766
0.666
0.666
0.666
0.666
0.666
0.666
0.766
0.766
0.806
0.806
0.806
0.806
0.806
0.866
0.866
0.866
0.866
0.866
0.866
0.866
0.875
0.875
0.935
0.935
0.875
0.875
0.875
0.875
0.875
0.775
0.775
0.775
0.775
0.875
0.875
0.935
0.935
0.935
0.955
0.955
0.895
0.886
0.886
0.886
0.886
0.886
0.957
0.957
0.957
0.957
0.957
0.957
0.857
0.857
0.825
0.825
0.914
3.029
3.029
3.029
0.814
0.828
0.828
0.82
0.829
0.829
0.829
0.698
0.698
0.698
0.698
0.698
0.758
0.698
0.698
0.698
0.598
0.598
0.598
0.598
0.598
0.598
0.638
0.638
0.638
0.649
0.649
0.709
0.709
0.709
0.709
0.675
0.675
0.666
0.666
0.666
0.666
0.666
0.666
0.766
0.766
0.766
2.981
2.981
2.981
0.766
0.766
0.866
0.806
0.906
0.906
0.906
0.906
0.866
0.866
0.866
0.766
0.766
0.687
0.687
0.687
0.687
0.687
0.647
0.647
0.707
0.707
0.707
0.647
0.547
0.547
0.547
0.547
0.547
0.533
0.533
0.501
0.533
0.533
0.071
0.071
0.071
0.071
0.071
0.071
0.071
0.071
0.071
0.071
0.071
0.071
0.071
0.071
0.071
0.071
0.071
0.071
0.071
0.071
0.071
0.071
0.071
0.071
0.071
0.071
0.071
0.071
0.071
0.071
0.071
0.071
0.071
0.071
0.071
0.071
0.071
0.071
0.071
0.071
0.071
0.071
0.071
0.071
0.071
0.071
0.071
0.071
0.071
0.071
0.071
0.071
0.071
0.071
0.071
0.071
0.071
0.071
0.071
0.071
0.071
0.071
0.071
0.071
0.071
0.071
0.071
0.071
0.071
0.071
0.071
0.071
0.071
0.071
0.071
0.071
0.071
0.071
0.071
0.071
0.071
0.071
0.071
0.071
0.071
0.071
0.071
0.071
0.071
0.071
0.071
0.071
0.071
0.071
0.071
0.071
0.071
0.071
0.071
0.071
