0.06
0.06
0.06
0.06
0.06
0.06
0.06
0.06
0.06
0.06
0.06
0.06
0.06
0.06
0.06
0.06
0.06
0.06
0.06
0.06
0.06
0.06
0.06
0.06
0.06
0.06
0.06
0.06
0.07
0.07
0.07
0.07
0.07
0.07
0.07
0.07
0.07
0.07
0.07
0.07
0.07
0.07
0.07
0.07
0.07
0.07
0.07
0.07
0.07
0.07
0.07
0.07
0.07
0.07
0.07
0.07
0.07
0.07
0.07
0.07
0.07
0.07
0.07
0.07
0.07
0.07
0.07
0.07
0.07
0.07
0.07
0.07
0.22
0.22
0.22
0.22
0.22
0.22
0.22
0.22
0.22
0.22
0.22
0.22
0.22
0.22
0.22
0.22
0.22
0.22
0.22
0.22
0.07
0.07
0.07
0.07
0.07
0.07
0.07
0.07
0.07
0.07
0.07
0.07
0.07
0.07
0.07
0.07
0.07
0.07
0.07
0.07
0.07
0.07
0.07
0.07
0.07
0.07
0.07
0.07
0.07
0.07
0.07
0.07
0.07
0.07
0.07
0.07
0.07
0.07
0.07
0.07
0.07
0.07
0.07
0.07
0.22
0.22
0.22
0.22
0.22
0.22
0.22
0.22
0.22
0.22
0.22
0.22
0.22
0.22
0.22
0.22
0.22
0.22
0.22
0.22
0.07
0.07
0.07
0.07
0.07
0.07
0.07
0.07
0.07
0.07
0.07
0.07
0.07
0.07
0.07
0.07
0.07
0.07
0.07
0.07
0.07
0.07
0.07
0.07
0.07
0.07
0.07
0.07
0.07
0.07
0.07
0.07
0.07
0.07
0.07
0.07
0.07
0.07
0.07
0.07
0.07
0.07
0.07
0.07
0.07
0.07
0.07
0.07
0.07
0.07
0.07
0.07
0.07
0.07
0.07
0.07
0.07
0.07
0.07
0.22
0.22
0.22
0.22
0.22
0.22
0.22
0.22
0.22
0.22
0.22
0.22
0.22
0.22
0.22
0.22
0.22
0.22
0.22
0.22
0.07
0.07
0.07
0.07
0.07
0.07
0.07
0.07
0.07
0.07
0.07
0.07
0.07
0.07
0.07
0.07
0.07
0.07
0.07
0.07
0.07
0.07
0.07
0.07
0.07
0.07
0.07
0.07
0.07
0.07
0.07
0.07
0.07
0.07
0.07
0.07
0.07
0.07
0.07
0.07
0.07
0.07
0.07
0.07
0.07
0.07
0.07
0.07
0.07
0.07
0.07
0.07
0.07
0.22
0.22
0.22
0.22
0.22
0.22
0.22
0.22
0.22
0.22
0.22
0.22
0.22
0.22
0.22
0.22
0.22
0.22
0.22
0.22
0.07
0.07
0.07
0.07
0.07
0.07
0.07
0.07
0.07
0.07
0.07
0.07
0.07
0.07
0.07
0.07
0.07
0.07
0.07
0.07
0.07
0.07
0.07
0.07
0.07
0.07
0.07
0.07
0.07
0.07
0.07
0.07
0.069
0.069
0.069
0.069
0.069
0.069
0.069
0.069
0.139
0.139
0.139
0.139
0.139
0.139
0.139
0.139
0.139
0.139
0.199
0.199
0.199
0.199
0.199
0.199
0.199
0.199
0.199
0.199
0.199
0.199
0.199
0.199
9.812
9.862
9.862
0.249
0.349
0.279
0.429
0.429
0.429
0.429
0.429
0.429
0.429
0.429
0.429
0.429
0.429
0.369
0.369
0.269
0.269
0.269
0.269
0.269
0.269
0.269
0.119
0.189
0.189
0.189
0.189
0.119
0.119
0.119
0.119
0.119
0.119
0.119
0.119
0.119
0.119
0.119
0.119
0.119
0.119
0.119
0.069
0.069
0.069
0.069
0.069
0.069
0.069
0.069
0.069
9.682
9.682
9.682
0.129
0.129
0.129
0.129
0.129
0.129
0.431
0.431
0.431
0.431
0.129
0.129
0.129
0.129
0.129
0.129
0.129
0.129
0.129
0.129
0.069
0.069
0.069
0.069
0.069
0.069
0.069
0.069
0.069
0.069
0.069
0.236
0.236
0.236
0.236
1.844
1.844
1.844
1.844
1.844
1.744
1.744
1.744
1.744
1.744
1.744
1.744
1.744
1.744
1.744
1.677
1.777
1.777
1.777
1.777
1.777
1.777
1.777
1.777
1.777
1.777
1.777
0.169
0.319
0.369
0.369
0.369
0.269
0.269
0.269
0.315
0.315
0.315
0.315
0.275
2.672
2.732
2.732
0.335
0.335
0.335
0.335
0.335
0.245
0.245
0.245
0.245
0.245
0.245
0.245
0.245
0.245
0.245
0.245
0.345
0.285
0.285
0.285
0.285
0.285
0.285
0.285
0.285
0.285
0.285
0.285
0.285
0.285
0.285
0.235
0.235
0.235
0.235
0.235
0.235
0.235
0.235
0.235
0.135
0.135
0.135
0.135
0.135
0.135
0.135
0.135
0.135
0.135
0.135
0.135
0.263
0.263
2.66
2.66
2.66
0.263
0.263
0.263
0.263
0.263
0.263
0.263
0.263
0.263
0.263
0.263
0.263
0.263
0.263
0.263
0.263
0.263
0.413
0.413
0.413
0.413
0.413
0.413
0.413
0.413
0.413
0.353
0.353
0.353
0.353
0.353
0.353
0.353
0.353
0.353
0.353
0.353
0.203
0.203
0.203
0.203
0.203
0.203
0.203
0.197
0.197
0.197
0.197
0.197
0.197
0.197
0.197
0.197
0.197
0.197
0.197
0.197
0.197
0.197
0.197
0.197
0.197
0.197
0.197
0.197
0.197
0.197
0.197
0.197
0.197
0.197
0.197
0.197
0.197
0.197
0.197
0.197
0.197
0.209
0.209
0.209
0.209
0.209
0.209
0.209
0.209
0.209
0.209
0.359
0.359
0.359
0.359
0.359
0.359
0.359
0.359
0.359
0.359
0.359
0.359
0.359
0.359
0.359
0.359
0.359
0.359
0.231
0.268
0.118
0.118
0.118
0.118
0.118
0.118
0.118
0.118
0.118
0.118
0.118
0.118
0.118
0.118
0.118
0.118
0.118
0.118
0.118
0.118
0.118
0.118
0.118
0.118
0.118
0.118
0.118
0.118
0.118
0.118
0.106
0.106
0.106
0.106
0.106
0.106
0.106
0.106
0.106
0.124
0.124
2.23
2.23
2.23
2.23
2.23
2.29
2.29
2.29
2.29
2.29
2.29
2.29
2.29
2.29
2.29
2.29
2.29
2.29
2.29
2.29
0.244
0.244
0.244
0.244
0.244
0.244
0.244
0.244
0.244
0.244
0.244
2.544
2.544
2.544
0.147
0.207
0.147
0.147
0.147
0.087
0.087
0.087
0.093
0.093
0.093
0.093
2.199
2.199
2.199
2.199
2.199
2.199
2.199
2.199
2.193
2.193
2.193
2.193
2.253
2.253
2.253
2.253
2.381
2.481
2.481
2.481
0.375
0.375
0.375
0.375
0.375
0.357
0.424
0.464
0.464
0.464
0.614
0.614
0.554
0.554
0.554
0.554
0.554
0.554
0.614
0.554
0.614
0.614
0.614
0.654
0.614
0.614
0.614
0.614
0.547
0.547
0.397
0.397
0.397
0.397
0.397
0.397
0.699
0.699
0.639
0.639
0.337
0.337
0.337
0.337
0.337
2.734
2.734
2.734
0.337
0.337
0.337
0.437
0.309
0.309
0.309
0.309
0.309
0.309
0.309
0.437
0.437
0.397
0.397
0.437
0.437
0.437
0.437
0.437
0.437
0.437
0.587
0.587
0.587
0.587
0.459
0.459
0.459
0.459
0.359
0.359
0.359
0.359
0.359
0.359
0.359
0.359
0.359
2.756
2.756
2.756
0.209
0.209
0.209
0.209
0.209
0.209
0.209
2.606
2.606
2.606
0.209
0.209
0.209
0.309
0.309
0.309
0.309
0.309
0.309
0.309
0.309
0.309
0.327
0.327
0.327
0.327
0.327
0.327
0.327
0.327
0.327
0.327
0.327
0.327
0.327
0.327
0.327
0.327
0.327
0.327
0.327
0.399
0.399
0.399
0.399
0.399
0.439
0.439
0.439
2.422
2.382
2.382
2.382
2.382
2.382
2.382
2.442
2.382
2.382
2.382
2.382
2.382
2.382
2.382
2.382
2.382
2.382
2.382
2.382
2.449
0.466
0.466
0.466
0.486
0.546
0.596
0.596
0.596
0.596
0.596
0.596
0.596
0.546
0.546
0.692
0.692
0.692
0.82
0.82
0.857
0.857
0.869
0.929
0.869
0.909
0.891
0.891
0.891
0.851
0.891
0.831
0.849
0.849
0.849
0.849
0.861
0.861
0.854
0.854
0.854
0.854
0.854
0.794
0.794
0.794
0.794
0.666
0.666
0.666
0.666
0.566
0.566
0.566
0.566
0.566
0.566
0.566
0.566
0.566
0.566
0.566
0.566
0.566
1.045
1.045
0.868
0.868
0.566
0.566
0.566
0.566
0.566
0.566
0.566
0.566
0.566
0.743
0.743
0.566
0.566
0.566
0.626
0.626
0.626
0.626
0.626
0.716
0.716
0.756
0.933
0.933
0.744
0.744
0.744
0.744
0.732
0.732
0.772
2.073
2.073
2.073
2.073
2.21
2.27
2.57
2.57
2.42
2.42
2.48
1.913
1.913
1.913
1.913
1.913
1.853
4.25
4.268
4.268
1.871
1.871
1.871
1.871
1.871
1.871
1.871
1.871
1.871
1.871
0.57
0.61
0.61
0.61
0.68
0.62
0.62
0.56
0.56
0.56
0.56
0.49
0.49
0.49
0.49
1.312
1.312
1.312
0.49
0.49
0.49
0.49
0.49
0.39
0.39
0.39
0.45
0.45
0.45
0.51
0.51
0.51
0.51
0.66
0.66
0.62
0.62
0.583
0.583
0.583
0.583
0.583
0.583
0.583
0.583
0.583
0.623
0.623
0.623
0.623
0.623
0.623
0.623
0.473
0.473
0.473
0.473
0.479
0.639
0.639
0.639
0.621
0.621
0.621
0.621
0.561
0.561
0.561
0.561
0.561
0.561
0.521
0.521
0.521
0.521
0.521
0.521
0.539
0.539
0.539
0.539
0.539
0.479
0.479
0.479
0.479
0.479
0.491
0.491
0.479
0.479
0.479
0.479
0.539
0.539
0.539
0.499
0.499
0.566
0.566
0.566
0.566
0.566
0.566
0.566
0.566
0.566
0.566
0.649
0.649
0.686
0.686
0.686
0.686
0.686
0.686
0.686
0.686
0.686
0.686
0.686
0.686
0.586
0.586
0.646
0.586
0.586
0.586
0.436
0.436
0.436
0.442
0.442
0.442
0.442
0.442
0.502
0.502
0.502
0.502
0.442
0.482
0.482
0.488
0.488
0.488
0.488
0.488
0.488
0.488
0.488
0.488
0.488
0.488
0.482
0.482
0.482
0.482
0.47
0.47
0.47
0.47
0.47
0.47
0.47
0.598
0.598
0.598
0.598
0.598
0.598
0.598
0.658
0.658
0.658
0.658
0.658
0.708
0.708
0.708
0.708
0.708
0.758
0.681
0.641
0.641
0.495
0.495
0.495
0.495
0.495
0.495
0.495
0.565
0.565
0.715
0.715
0.775
0.715
0.715
0.715
0.715
0.715
0.715
0.645
0.645
0.645
0.645
0.645
0.645
0.645
0.645
0.645
0.745
0.745
0.595
0.495
0.535
0.535
0.535
0.595
0.595
0.595
0.477
0.489
0.489
0.489
0.489
0.489
0.489
0.489
0.489
0.489
0.489
0.489
0.507
0.379
0.507
2.904
2.904
2.904
0.507
0.507
0.507
0.507
0.507
0.507
0.507
0.507
0.507
0.507
0.507
0.507
0.544
0.544
0.544
0.484
0.584
0.644
0.794
0.794
0.794
0.666
0.606
0.646
0.646
0.646
0.646
0.646
0.686
0.686
0.686
0.686
0.686
0.686
0.832
0.832
0.832
0.832
0.582
0.582
0.582
0.07
0.07
0.07
0.07
0.07
0.07
0.07
0.07
0.07
0.07
0.07
0.07
0.07
0.07
0.07
0.07
0.07
0.07
0.07
0.07
0.07
0.07
0.07
0.07
0.07
0.07
0.07
0.07
0.07
0.07
0.07
0.07
0.07
0.07
0.07
0.07
0.07
0.07
0.07
0.07
0.07
0.07
0.07
0.07
0.07
0.22
0.22
0.22
0.22
0.22
0.22
0.22
0.22
0.22
0.22
0.22
0.22
0.22
0.22
0.22
0.22
0.22
0.22
0.22
0.22
0.07
0.07
0.07
0.07
0.07
0.07
0.07
0.07
0.07
0.07
0.07
0.07
0.07
0.07
0.07
0.07
0.07
0.07
0.07
0.07
0.07
0.07
0.07
0.06
0.06
