0.053
0.153
0.215
0.315
0.315
0.315
0.315
0.315
0.315
0.315
0.315
0.407
0.407
0.507
0.567
0.467
0.467
0.477
0.357
0.357
0.357
0.357
0.357
0.357
0.357
0.357
0.357
0.357
0.357
0.357
0.357
0.357
0.417
0.437
0.497
0.497
0.497
0.497
0.497
0.382
0.572
0.726
0.826
0.826
0.826
0.826
0.826
0.826
0.826
0.826
0.826
0.826
1.028
1.028
1.028
1.028
1.028
0.928
0.928
0.928
0.267
0.267
0.267
0.267
0.267
0.267
0.267
0.267
0.267
0.267
0.267
0.267
0.267
0.267
0.182
0.182
0.182
0.182
0.182
0.182
0.182
0.182
0.182
0.182
0.182
0.182
0.182
0.182
0.182
0.182
0.182
0.182
0.065
0.065
0.065
0.065
0.065
0.065
0.065
0.065
0.065
0.065
0.065
0.065
0.065
0.065
0.065
0.065
0.065
0.065
0.065
0.065
0.065
0.065
0.065
0.065
0.065
0.065
0.065
0.065
0.065
0.065
0.065
0.065
0.065
0.065
0.065
0.065
0.065
0.065
0.065
0.065
0.065
0.065
0.065
0.065
0.065
0.065
0.065
0.065
0.065
0.065
0.065
0.065
0.065
0.065
0.065
0.065
0.065
0.065
0.065
0.065
0.065
0.065
0.065
0.065
0.065
0.065
0.065
0.065
0.065
0.065
0.065
0.065
0.065
0.065
0.065
0.065
0.065
0.065
0.065
0.065
0.065
0.065
0.065
0.065
0.065
0.065
0.065
0.065
0.065
0.065
0.065
0.065
0.065
0.065
0.065
0.065
0.065
0.065
0.065
0.065
0.065
0.065
0.065
0.065
0.065
0.065
0.065
0.065
0.065
0.267
0.267
0.267
0.267
0.267
0.267
0.267
0.267
0.267
0.267
0.267
0.267
0.267
0.267
0.267
0.267
0.267
0.267
0.267
0.267
0.267
0.267
0.065
0.065
0.065
0.065
0.065
0.065
0.065
0.065
0.065
0.065
0.065
0.065
0.065
0.065
0.065
0.065
0.065
0.065
0.065
0.065
0.065
0.065
0.065
0.065
0.065
0.065
0.065
0.065
0.065
0.065
0.065
0.065
0.065
0.065
0.065
0.065
0.065
0.065
0.065
0.065
0.065
0.065
0.065
0.065
0.065
0.065
0.065
0.065
0.065
0.065
0.065
0.065
0.065
0.065
0.065
0.267
0.267
0.267
0.267
0.267
0.267
0.267
0.267
0.267
0.267
0.267
0.267
0.423
0.423
0.423
0.583
0.583
0.7
0.76
0.76
0.7
0.7
0.498
0.498
0.498
0.498
0.498
0.486
0.486
0.546
0.546
0.546
0.182
0.182
0.182
0.065
0.065
0.065
0.065
0.065
0.065
0.065
0.065
0.065
0.065
0.065
0.065
0.065
0.065
0.065
0.065
0.065
0.065
0.065
0.065
0.065
0.065
0.065
0.065
0.065
0.065
0.065
0.065
0.065
0.065
0.065
0.065
0.065
0.065
0.065
0.065
0.065
0.065
0.065
0.065
0.065
0.065
0.065
0.065
0.065
0.065
0.065
0.065
0.267
0.267
0.267
0.267
0.267
0.267
0.267
0.267
0.267
0.267
0.267
0.267
0.267
0.267
0.267
0.267
0.267
0.267
0.267
0.411
0.411
0.411
0.229
0.297
0.297
0.297
0.332
0.332
0.332
0.332
0.437
0.437
0.332
0.392
0.357
0.357
0.243
0.243
0.243
0.243
0.465
0.565
0.465
0.465
0.505
0.405
0.26
0.32
0.32
0.32
0.32
0.32
0.332
0.432
0.432
0.412
0.412
0.352
0.255
0.275
0.275
0.275
0.275
0.275
0.275
0.375
0.375
0.415
0.415
0.515
0.515
0.515
0.415
0.415
0.565
0.565
0.565
0.565
0.605
0.605
0.585
0.645
0.645
0.645
0.645
0.645
0.645
0.645
0.705
0.81
0.81
0.81
0.81
0.75
8.792
8.792
8.687
0.585
8.592
8.709
8.709
0.662
0.662
0.662
0.562
0.562
0.562
0.462
0.462
0.462
0.462
0.462
0.45
0.45
0.45
3.285
3.285
3.168
3.168
3.228
3.228
3.228
3.228
3.228
3.263
3.525
3.505
3.505
3.505
3.505
3.525
3.525
3.525
3.465
3.465
0.63
0.63
0.63
0.65
0.65
0.65
0.65
0.65
0.65
0.65
0.65
0.75
0.448
0.448
0.428
0.428
0.428
0.428
0.428
0.428
0.428
0.428
0.428
0.428
0.428
0.528
0.528
0.528
0.528
0.528
0.528
0.468
0.468
0.468
0.468
0.388
0.388
0.388
0.388
0.408
0.408
0.408
0.408
0.388
0.388
0.388
0.388
0.388
0.388
0.388
0.388
0.388
0.388
3.223
3.223
3.223
3.223
3.223
3.223
3.283
3.283
3.283
3.283
3.602
3.602
3.602
3.582
3.582
3.582
3.582
3.582
3.582
3.582
0.747
0.747
0.767
0.767
0.767
0.767
0.747
0.747
0.63
0.63
0.63
0.63
0.333
0.333
0.333
0.333
0.333
0.333
0.333
0.333
0.333
0.333
0.333
0.333
0.333
0.333
3.168
3.168
3.168
3.168
3.168
3.168
3.168
3.274
3.274
3.274
3.274
3.274
3.274
3.274
3.274
3.274
3.274
3.274
3.274
3.274
0.439
0.439
0.439
0.439
0.439
0.439
0.439
0.439
0.439
0.439
0.439
0.439
0.379
3.214
3.214
3.214
3.214
3.214
3.214
3.214
3.214
3.214
3.214
3.214
3.214
3.214
3.214
3.416
3.416
3.416
3.416
3.416
3.416
0.581
0.581
0.581
0.581
0.581
0.581
0.548
0.548
0.548
0.548
0.548
0.548
0.548
0.548
0.548
0.548
0.346
0.24
0.24
0.24
0.24
0.24
0.24
0.24
0.123
0.123
0.123
0.123
0.123
0.123
0.123
0.123
0.123
0.063
0.063
2
2
2
0.063
0.063
0.063
0.123
0.123
0.123
0.063
0.063
0.063
0.063
0.063
0.063
0.063
0.063
0.063
0.063
0.063
0.063
0.169
0.169
0.169
0.169
0.169
0.169
0.169
0.169
0.063
0.063
0.063
0.063
0.265
0.265
0.265
0.265
0.265
0.265
0.265
0.265
0.265
0.265
2.202
2.202
2.319
0.382
0.382
0.382
0.382
0.382
0.382
0.382
0.382
0.382
0.18
0.28
0.28
0.28
0.386
0.386
0.386
0.386
0.163
0.163
0.163
0.163
0.163
0.163
0.163
0.163
0.163
0.163
0.163
0.163
0.163
0.163
0.163
0.163
0.163
0.163
0.163
0.268
0.268
0.268
0.163
0.163
0.163
0.163
0.163
0.163
0.163
0.163
0.163
0.163
0.163
0.163
0.163
0.163
0.163
0.263
0.263
0.465
0.465
0.59
0.59
0.65
0.65
0.682
0.682
0.682
0.682
0.682
0.722
0.722
0.722
0.702
0.702
0.662
0.662
0.662
0.662
0.662
0.662
0.46
0.46
0.46
0.46
0.46
0.46
0.46
0.46
0.46
0.46
0.46
0.46
0.46
0.46
0.46
0.46
0.46
0.46
0.46
0.46
0.46
0.46
0.46
0.46
0.46
0.46
0.46
0.46
0.4
0.4
0.4
0.4
0.4
0.4
0.529
0.529
0.529
0.529
0.529
0.529
0.424
0.424
0.424
0.424
0.424
0.424
0.424
0.726
0.726
0.726
0.726
0.726
0.609
0.609
3.444
3.444
3.444
3.412
3.412
3.412
3.412
3.412
3.412
3.412
3.412
3.412
3.412
3.412
3.412
3.21
3.21
3.21
3.21
3.21
0.375
0.375
0.375
0.375
0.375
0.375
0.375
0.375
0.375
0.375
0.375
0.48
0.38
0.44
0.44
0.44
0.44
0.44
0.5
0.64
0.6
0.6
0.6
0.85
0.85
0.85
0.85
0.85
0.79
1.007
1.007
0.907
0.907
0.895
0.795
0.795
0.795
0.795
0.755
0.897
0.897
0.957
1.003
1.003
1.003
1.023
0.963
3.681
3.581
3.581
3.641
3.641
3.491
3.526
3.491
3.491
3.491
3.523
3.523
3.523
3.613
3.411
3.411
3.511
3.546
3.611
3.611
0.776
0.816
1.036
0.916
0.916
0.916
0.916
0.876
0.876
0.776
0.816
0.836
0.796
0.796
0.796
0.796
0.796
0.856
0.916
0.856
0.868
0.868
0.868
0.928
1.028
1.028
1.088
1.028
1.028
1.088
1.028
1.028
1.028
1.028
1.028
1.028
1.028
1.259
1.259
1.259
1.259
1.259
1.259
1.259
1.259
1.259
1.259
1.159
1.159
1.159
1.159
1.159
1.261
1.261
1.261
1.144
1.244
1.244
1.244
1.244
1.244
1.244
1.284
1.252
1.212
1.212
1.212
1.272
1.172
1.172
1.172
1.172
1.172
1.112
0.91
2.907
2.907
2.907
1.07
1.07
1.13
1.01
0.91
0.856
0.796
0.796
0.796
0.796
0.796
0.751
0.751
0.851
0.851
0.839
0.839
0.839
0.839
0.859
0.944
0.944
0.839
0.839
0.839
0.739
0.739
2.929
2.929
5.764
5.704
5.704
5.704
5.704
5.704
7.679
7.679
7.779
7.893
7.793
7.733
7.853
7.933
5.755
5.755
5.795
5.795
5.795
5.795
3.065
3.065
3.065
3.065
3.065
5.333
5.228
5.228
5.228
5.228
5.228
5.228
5.228
3.22
3.22
3.22
3.26
3.16
3.12
3.12
3.12
0.942
0.942
0.942
0.942
1.002
3.127
3.127
3.127
3.127
3.127
3.05
3.05
3.05
3.05
3.05
2.9
2.872
2.872
2.872
2.872
3.012
3.012
3.012
3.012
3.012
3.012
3.012
3.012
3.112
3.012
3
3
0.875
0.895
0.855
0.96
0.96
0.96
1.11
1.102
1.102
1.102
1.102
1.142
1.102
1.304
1.304
1.304
1.421
1.421
1.421
1.421
1.421
1.421
1.421
1.421
1.271
1.371
1.371
1.371
1.371
1.371
1.371
1.371
1.371
1.271
1.154
0.952
0.952
0.952
0.952
0.952
0.952
0.952
0.952
0.952
0.952
0.952
0.952
0.892
0.892
0.952
0.964
0.964
0.964
0.964
0.964
0.964
1.114
1.082
1.117
1.117
1.117
1.082
1.122
1.122
1.122
1.122
1.122
1.122
1.122
1.122
1.122
1.142
1.142
1.142
1.142
1.142
1.142
1.142
1.142
1.142
1.13
1.332
1.332
1.367
1.367
1.229
1.229
3.343
3.343
3.343
1.466
1.366
1.266
1.266
1.266
1.206
1.206
1.206
1.206
1.206
1.206
1.306
1.246
1.044
1.194
1.137
1.137
1.137
1.137
1.237
1.075
1.075
1.175
1.175
1.175
1.175
1.175
1.135
1.135
1.285
1.285
1.245
9.102
9.102
9.002
0.995
1.145
0.995
1.095
1.095
0.995
0.995
0.895
0.895
0.895
0.895
0.895
0.895
0.895
0.895
0.895
0.895
0.895
0.86
0.96
0.96
0.98
1.02
1.12
1.06
1.177
1.177
1.177
1.339
1.339
1.189
1.129
1.259
1.247
1.247
1.449
1.449
1.449
1.449
1.449
1.389
1.389
1.389
1.272
1.272
1.292
1.292
1.292
1.142
1.142
1.142
1.142
1.082
1.062
1.162
1.372
1.392
0.93
0.93
0.93
0.93
0.99
0.99
0.93
0.93
0.962
0.962
0.065
0.065
0.065
0.065
0.065
0.065
0.065
0.065
0.065
0.065
0.065
0.065
0.065
0.065
0.065
0.065
0.065
0.182
0.182
0.182
0.182
0.182
0.182
0.182
0.182
0.182
0.182
0.182
0.182
0.182
0.182
0.182
0.182
0.182
0.182
0.065
0.065
0.065
0.065
0.065
0.065
0.065
0.065
0.065
0.065
0.065
0.065
0.065
0.065
0.065
0.065
0.065
0.065
0.065
0.065
0.065
0.065
0.065
0.065
0.065
0.065
0.065
0.065
0.065
0.065
0.065
0.065
0.267
0.267
0.267
0.267
0.267
0.267
0.267
0.267
0.267
0.267
0.267
0.267
0.267
0.267
0.267
0.267
0.267
0.267
0.384
0.384
0.384
0.384
0.182
0.182
0.182
0.182
0.182
0.182
0.182
0.182
0.182
0.182
0.182
0.182
0.182
0.182
0.065
0.065
0.065
0.065
0.055
0.055
0.055
0.055
0.055
0.055
0.055
0.055
0.055
0.055
0.055
0.055
0.055
