0.065
0.065
0.055
0.055
0.055
0.055
0.055
0.055
0.055
0.055
0.055
0.055
0.055
0.155
0.268
0.268
0.168
0.168
0.168
0.278
0.278
0.363
0.303
0.253
0.253
0.253
0.253
0.253
0.263
0.423
0.423
0.631
0.471
0.471
0.471
0.471
0.483
0.483
0.483
0.483
0.423
0.423
0.423
0.423
0.423
0.483
0.543
0.483
0.483
0.483
0.483
0.495
0.495
0.655
3.761
3.761
3.761
3.881
3.821
3.703
3.703
3.763
3.763
3.763
3.763
3.763
3.763
3.763
3.763
3.763
3.691
3.691
3.691
3.691
0.645
0.645
0.945
0.885
0.885
0.885
0.885
0.885
0.885
0.885
0.885
0.885
0.885
0.737
0.737
0.737
0.067
0.067
0.067
0.067
0.067
0.067
0.067
0.067
0.067
0.067
0.067
0.067
0.067
0.067
0.067
0.067
0.067
0.067
0.067
0.067
0.067
0.067
0.067
0.067
0.067
0.067
0.067
0.067
0.067
0.067
0.067
0.067
0.067
0.067
0.067
0.067
0.067
0.067
0.067
0.067
0.067
0.067
0.067
0.067
0.067
0.067
0.067
0.067
0.067
0.067
0.067
0.166
0.166
0.166
0.166
0.166
0.166
0.166
0.166
0.166
0.166
0.166
0.166
0.166
0.166
0.166
0.166
0.166
0.166
0.067
0.067
0.067
0.067
0.067
0.067
0.067
0.067
0.067
0.067
0.067
0.067
0.067
0.067
0.067
0.067
0.067
0.067
0.067
0.067
0.067
0.067
0.067
0.067
0.067
0.067
0.067
0.067
0.067
0.067
0.067
0.067
0.067
0.067
0.067
0.067
0.067
0.067
0.067
0.067
0.067
0.067
0.067
0.067
0.067
0.067
0.067
0.067
0.067
0.067
0.067
0.067
0.067
0.067
0.067
0.067
0.067
0.067
0.067
0.067
0.067
0.067
0.067
0.067
0.067
0.067
0.067
0.067
0.067
0.067
0.067
0.067
0.067
0.067
0.067
0.067
0.067
0.067
0.067
0.067
0.067
0.067
0.067
0.067
0.067
0.067
0.067
0.067
0.067
0.067
0.067
0.067
0.067
0.067
0.067
0.067
0.067
0.067
0.067
0.067
0.067
0.067
0.067
0.067
0.067
0.067
0.067
0.067
0.067
0.067
0.067
0.067
0.067
0.067
0.067
0.067
0.067
0.067
0.067
0.067
0.067
0.067
0.067
0.067
0.067
0.067
0.067
0.067
0.067
0.067
0.067
0.067
0.067
0.067
0.067
0.067
0.067
0.067
0.067
0.067
0.067
0.067
0.067
0.067
0.067
0.067
0.067
0.067
0.067
0.067
0.067
0.067
0.067
0.067
0.067
0.067
0.067
0.067
0.067
0.067
0.067
0.067
0.067
0.067
0.067
0.067
0.067
0.067
0.067
0.067
0.067
0.067
0.067
0.067
0.067
0.067
0.067
0.067
0.067
0.067
0.067
0.067
0.067
0.067
0.067
0.067
0.067
0.067
0.067
0.067
0.067
0.067
0.067
0.067
0.067
0.067
0.067
0.067
0.067
0.067
0.067
0.067
0.067
0.067
0.067
0.067
0.067
0.067
0.067
0.067
0.067
0.067
0.067
0.067
0.067
0.067
0.067
0.067
0.067
0.067
0.067
0.067
0.067
0.067
0.067
0.067
0.067
0.067
0.067
0.067
0.067
0.065
0.065
0.065
0.065
0.065
0.065
0.065
0.065
0.065
0.065
0.065
0.065
0.065
0.065
0.065
0.065
0.125
3.171
3.411
3.411
3.411
3.411
3.171
3.171
3.491
3.491
3.491
3.491
3.491
3.491
3.491
3.491
3.491
3.491
3.491
3.491
3.491
0.455
0.455
0.455
0.515
0.495
0.495
0.495
0.555
0.495
0.495
0.495
0.495
0.495
0.507
0.507
0.507
0.507
0.507
0.447
0.507
0.507
0.507
0.606
0.606
0.606
0.606
0.606
0.606
0.594
0.594
0.606
0.606
0.594
0.594
0.594
0.594
0.594
0.606
0.606
0.606
0.607
0.607
0.547
0.547
1.7
1.7
1.64
0.547
0.547
0.547
0.36
0.36
0.26
0.332
0.352
0.352
0.352
0.352
0.392
0.392
0.442
0.502
0.449
0.657
0.585
0.585
0.885
0.885
0.905
0.905
0.905
0.905
0.845
0.945
0.945
0.905
0.845
0.845
0.845
0.945
0.845
0.845
0.845
0.845
0.845
0.857
0.785
0.785
0.905
0.905
0.905
0.81
0.81
0.81
0.81
0.81
0.81
0.81
0.81
0.81
0.81
0.81
9.318
9.318
9.318
0.909
0.921
0.941
0.941
0.941
0.941
0.941
0.941
0.941
0.941
0.941
0.941
0.921
0.921
0.921
0.822
0.822
0.822
0.822
0.822
0.882
0.982
0.982
0.982
0.982
0.982
0.982
0.982
0.982
0.982
0.97
0.97
0.97
1.042
1.042
0.982
0.982
0.982
1.008
1.008
1.008
2.891
2.891
2.891
2.591
2.591
2.591
2.591
2.591
2.591
2.591
2.591
2.591
2.591
2.531
2.531
2.531
2.531
2.531
2.531
2.531
2.531
0.548
0.548
3.594
3.594
3.594
5.744
5.744
5.744
5.744
5.744
5.744
5.744
5.744
5.744
5.744
5.744
5.744
5.744
5.744
5.744
5.744
5.744
2.698
2.698
2.698
0.548
0.548
0.548
0.548
0.548
0.548
0.548
0.548
0.548
0.548
0.548
0.548
0.548
0.548
0.548
0.548
0.548
0.548
0.548
0.548
0.647
0.647
0.647
0.647
0.621
0.561
0.561
0.561
0.561
0.561
0.541
0.541
0.541
0.541
0.541
0.541
0.541
0.541
0.619
0.619
0.442
0.382
0.382
0.382
0.382
0.382
0.382
0.382
0.269
0.269
0.269
0.446
0.446
0.269
0.269
0.269
0.269
0.257
0.257
0.257
0.257
0.197
0.197
0.197
0.374
0.374
0.197
0.345
0.345
0.345
0.345
0.345
0.345
0.197
0.211
0.211
0.211
0.388
0.487
0.805
0.805
0.805
0.805
0.805
2.737
2.737
2.737
2.737
2.737
2.737
2.737
2.665
2.665
2.665
2.665
2.665
2.566
2.566
2.566
2.566
2.566
2.566
2.566
2.566
2.566
2.566
2.566
2.566
2.566
2.566
2.566
2.566
2.566
2.566
2.566
2.566
2.566
2.566
2.566
2.566
2.566
2.566
2.566
2.566
2.566
2.566
2.566
2.566
2.566
2.566
2.566
2.566
2.566
2.566
2.566
2.566
2.665
2.665
2.665
2.665
2.665
2.665
2.665
2.665
0.166
0.166
0.166
0.166
0.166
0.166
0.166
0.166
0.166
0.166
0.067
0.067
0.067
0.067
0.067
0.067
0.067
0.067
0.067
0.067
0.067
0.067
0.067
0.067
0.067
0.067
0.067
0.067
0.067
0.067
0.067
0.067
0.067
0.067
0.067
0.067
0.067
0.079
0.079
0.139
0.139
0.139
0.139
0.199
0.199
0.199
0.199
0.259
0.259
0.259
0.199
0.199
0.199
0.199
0.199
0.199
0.199
0.199
0.199
0.199
0.199
0.199
0.199
0.199
0.199
0.259
0.259
0.259
0.259
0.259
0.259
0.199
0.199
0.199
0.199
0.199
0.199
0.298
0.298
0.298
0.298
0.298
0.318
3.364
3.364
3.364
3.364
3.284
3.284
3.284
3.284
3.284
3.284
3.27
3.21
3.111
3.111
3.111
3.111
3.111
3.111
3.111
5.691
2.645
2.645
2.645
2.645
2.758
2.758
2.758
2.758
2.758
2.87
2.858
2.858
2.858
2.858
5.008
5.008
5.02
5.02
5.02
5.02
5.02
5.02
5.06
8.106
8.106
8.106
8.106
8.106
8.166
8.166
8.166
8.226
8.214
8.186
6.036
6.024
6.024
6.024
6.024
6.084
6.084
6.084
6.124
3.078
3.078
6.196
6.196
6.196
6.196
6.196
6.196
6.295
6.295
6.295
6.235
6.235
6.235
6.255
6.255
3.615
3.502
3.502
3.502
3.502
3.47
0.424
0.424
0.45
0.75
0.671
0.671
0.685
0.685
0.665
0.665
0.665
0.565
0.625
0.81
0.81
0.81
0.75
0.75
0.75
0.75
0.738
0.738
0.758
0.718
0.418
0.418
0.43
0.43
0.43
0.43
0.43
0.43
0.43
0.43
0.41
0.47
0.51
0.41
0.41
0.067
0.067
0.067
0.067
0.067
0.067
0.067
0.067
0.067
0.067
0.067
0.067
0.067
0.067
0.067
0.067
0.067
0.067
0.067
0.067
0.067
0.067
0.067
0.067
0.067
0.067
0.067
0.067
0.067
0.067
0.067
0.067
0.067
0.067
0.067
0.067
0.067
0.067
0.067
0.067
0.067
0.067
0.067
0.067
0.067
0.067
0.067
0.067
0.067
0.067
0.067
0.067
0.067
0.067
0.067
0.067
0.067
0.067
0.067
0.067
0.067
0.067
0.067
0.067
0.067
0.067
0.067
0.067
0.067
0.166
0.377
0.377
3.423
3.723
3.723
3.723
3.723
3.723
3.783
3.855
3.742
3.742
3.702
3.702
3.762
5.818
5.818
5.719
3.663
3.603
3.651
3.651
0.605
0.605
0.605
0.605
0.605
0.545
0.645
0.645
0.545
0.545
0.605
0.605
0.605
0.645
0.619
0.679
0.679
0.679
0.715
0.715
0.655
0.655
0.655
0.669
0.669
0.369
0.389
0.401
0.381
0.381
0.381
0.381
0.421
0.474
0.434
0.434
0.434
0.434
0.434
0.434
0.434
5.536
15.288
15.288
13.232
4.883
4.883
4.883
4.918
4.918
4.958
5.071
5.071
5.071
5.071
5.071
5.071
5.071
5.011
5.011
5.011
1.965
1.965
1.915
1.927
1.915
1.963
1.983
2.043
2.043
2.043
2.063
2.716
2.676
2.656
0.66
0.62
0.62
0.62
0.62
0.58
0.88
0.94
0.94
0.94
0.94
0.94
0.94
0.792
0.792
0.792
0.792
0.792
0.792
0.804
0.804
0.79
0.778
0.778
0.778
0.778
0.938
0.638
0.65
0.65
0.65
0.664
0.664
0.664
0.764
0.764
0.764
0.764
0.764
0.764
0.664
0.984
0.984
0.836
0.935
9.344
9.344
9.344
0.935
0.822
0.97
3.026
5.772
5.772
3.716
3.656
3.756
3.756
3.696
3.696
3.696
3.809
3.71
3.71
3.71
3.71
3.71
3.71
3.71
3.71
3.71
3.71
0.664
3.736
4.036
4.036
3.736
3.736
4.021
4.021
6.749
6.749
6.404
8.46
8.76
8.46
6.404
6.416
6.416
6.416
6.416
6.356
6.356
3.31
3.25
3.25
3.25
3.25
3.25
3.25
3.25
3.25
3.238
3.238
3.224
3.164
3.164
3.164
3.164
3.164
3.164
3.164
3.164
3.164
3.164
3.164
3.164
3.224
3.164
3.176
3.178
3.178
3.178
3.178
3.178
3.238
3.238
3.238
3.238
3.238
3.405
3.257
3.257
3.277
3.277
3.277
3.277
3.297
3.237
3.237
0.657
0.657
0.657
0.657
0.77
0.71
0.744
0.744
0.651
0.651
0.779
0.779
0.888
0.888
0.888
0.888
0.888
0.888
0.888
0.888
0.9
0.96
1.133
2.154
2.142
2.142
0.989
0.989
0.989
1.001
0.902
0.902
0.754
0.754
0.754
0.754
0.754
0.754
0.754
0.754
0.742
0.742
0.742
0.442
0.742
0.682
0.382
0.382
0.322
0.382
0.382
0.382
0.382
2.484
2.484
2.484
0.516
0.836
0.836
0.836
0.896
0.656
0.668
0.656
0.656
0.668
0.668
0.707
0.713
0.713
3.759
3.819
3.809
3.809
3.809
3.821
4.101
4.101
4.101
4.101
4.061
4.061
4.061
4.061
4.061
4.01
4.01
3.998
3.998
3.998
0.952
0.952
0.952
0.952
0.952
0.964
0.952
0.952
0.952
0.952
0.952
0.952
0.952
0.952
0.952
0.952
1.012
1.012
0.952
0.964
0.964
0.964
0.964
0.964
0.904
0.904
0.904
0.964
0.964
0.964
0.964
1.012
0.912
0.912
0.852
0.852
0.872
0.872
0.872
0.872
0.552
0.552
0.552
0.612
0.612
0.552
0.552
0.492
0.542
0.542
0.492
0.466
0.406
0.766
0.778
0.778
0.718
0.686
0.686
0.686
0.686
0.686
0.686
0.067
0.067
0.067
0.067
0.067
0.067
0.067
0.067
0.057
0.057
