0.075
0.075
0.075
0.075
0.075
0.075
0.075
0.075
0.075
0.065
0.065
0.065
0.065
0.065
0.065
0.065
0.065
0.065
0.065
0.065
0.065
0.065
0.065
0.065
0.065
0.065
0.065
0.065
0.065
0.065
0.065
0.233
0.233
0.233
0.328
0.328
0.328
0.328
0.328
0.338
0.338
0.338
0.338
0.338
0.338
0.338
0.338
0.338
0.338
0.338
0.338
0.338
0.243
0.075
0.075
0.075
0.075
0.075
0.075
0.075
0.075
0.075
0.075
0.075
0.075
0.075
0.075
0.075
0.075
0.075
0.075
0.075
0.075
0.075
0.075
0.075
0.075
0.075
0.075
0.075
0.075
0.075
0.075
0.075
0.075
0.075
0.075
0.075
0.075
0.075
0.075
0.075
0.075
0.075
0.075
0.075
0.075
0.075
0.075
0.075
0.075
0.075
0.075
0.243
0.243
0.243
0.243
0.243
0.243
0.243
0.243
0.243
0.243
0.243
0.243
0.243
0.243
0.243
0.243
0.243
0.243
0.243
0.243
0.243
0.243
0.075
0.075
0.075
0.075
0.075
0.075
0.075
0.075
0.075
0.075
0.075
0.075
0.075
0.075
0.075
0.075
0.075
0.075
0.075
0.075
0.17
0.17
0.17
0.17
0.17
0.17
0.17
0.17
0.17
0.17
0.17
0.17
0.17
0.17
0.17
0.17
0.17
0.17
0.075
0.075
0.075
0.075
0.075
0.075
0.075
0.075
0.075
0.075
0.075
0.075
0.075
0.075
0.075
0.075
0.075
0.075
0.075
0.075
0.075
0.075
0.075
0.075
0.075
0.075
0.075
0.075
0.075
0.075
0.075
0.075
0.075
0.075
0.075
0.075
0.075
0.075
0.075
0.075
0.075
0.075
0.075
0.075
0.075
0.243
0.243
0.243
0.243
0.243
0.243
0.243
0.243
0.243
0.243
0.243
0.243
0.243
0.243
0.243
0.243
0.243
0.243
0.243
0.243
0.243
0.243
0.075
0.075
0.075
0.075
0.075
0.075
0.075
0.075
0.075
0.075
0.075
0.075
0.075
0.075
0.075
0.075
0.075
0.075
0.075
0.075
0.075
0.075
0.075
0.075
0.075
0.075
0.075
0.075
0.075
0.075
0.075
0.075
0.075
0.075
0.075
0.075
0.075
0.075
0.075
0.17
0.17
0.17
0.17
0.17
0.17
0.17
0.17
0.17
0.17
0.17
0.17
0.17
0.17
0.17
0.17
0.17
0.17
0.075
0.075
0.075
0.075
0.075
0.075
0.075
0.075
0.075
0.075
0.075
0.075
0.075
0.075
0.075
0.243
0.243
0.243
0.243
0.243
0.243
0.243
0.243
0.243
0.243
0.243
0.243
0.243
0.243
0.243
0.243
0.243
0.243
0.243
0.243
0.243
0.243
0.075
0.075
0.075
0.075
0.075
0.075
0.075
0.075
0.075
0.075
0.075
0.075
0.075
0.075
0.075
0.075
0.075
0.075
0.075
0.075
0.075
0.075
0.075
0.075
0.075
0.075
0.075
0.075
0.075
0.075
0.075
0.075
0.075
0.075
0.075
0.075
0.075
0.075
0.075
0.075
0.075
0.075
0.075
0.075
0.075
0.075
0.075
0.075
0.075
0.17
0.17
0.17
0.17
0.17
0.17
0.17
0.17
0.17
0.17
0.17
0.17
0.17
0.17
0.17
0.17
0.17
0.17
0.075
0.075
0.075
0.075
0.243
0.243
0.243
0.243
0.243
0.241
0.241
0.241
0.36
0.36
0.432
0.432
0.432
0.432
0.432
0.444
0.444
0.744
0.744
0.744
0.744
0.625
0.157
0.157
0.257
0.257
0.157
0.257
0.257
0.257
0.317
0.185
0.28
0.28
0.28
0.28
0.268
0.328
0.328
0.328
0.747
0.747
0.76
0.72
0.341
0.341
0.341
0.301
1.261
1.261
1.166
0.106
0.106
0.106
0.086
0.086
0.086
0.086
0.098
0.098
0.098
0.098
0.098
0.098
0.138
0.138
0.138
0.198
0.186
0.258
0.258
0.186
0.186
0.186
0.186
0.186
0.186
0.186
0.186
0.186
0.146
0.146
0.186
9.823
9.783
9.843
0.206
0.206
0.206
0.206
0.206
0.306
0.306
0.306
0.306
0.306
0.306
0.418
0.39
0.29
0.458
10.135
10.182
10.11
0.473
0.473
0.473
0.526
0.526
0.526
0.598
0.598
0.598
0.598
0.598
0.598
0.546
0.546
0.546
0.546
0.546
0.534
0.366
0.366
0.466
0.466
0.366
0.366
0.266
0.266
0.398
0.398
2.048
2.048
2.048
0.398
0.398
0.398
0.398
0.698
0.698
0.77
0.73
0.73
0.73
0.73
0.73
0.73
0.73
0.73
0.77
0.77
0.77
0.77
0.77
0.77
0.77
0.73
0.835
0.835
0.835
0.835
0.895
0.73
0.77
0.77
0.865
0.965
1.344
1.344
1.344
1.284
0.905
0.905
0.605
0.833
0.833
0.833
0.833
0.846
0.846
0.846
0.858
0.858
0.763
0.763
0.763
0.763
0.763
0.763
0.763
0.763
0.763
0.763
0.763
0.763
0.763
0.595
0.595
0.655
0.655
0.595
0.595
0.635
0.635
0.635
0.635
0.635
0.635
0.635
0.635
0.635
0.635
0.635
0.635
0.635
0.635
0.635
0.635
0.635
0.635
0.635
0.635
0.635
0.635
0.635
0.623
0.583
0.583
0.638
0.638
0.638
0.638
0.638
0.638
0.638
0.638
0.638
0.638
0.625
0.625
0.625
0.625
0.625
0.625
0.625
0.625
0.53
0.53
0.51
0.438
0.606
0.606
0.606
0.606
0.618
0.618
0.618
0.618
0.618
0.558
0.558
0.558
0.558
0.558
0.558
0.558
0.558
0.558
0.558
0.558
0.558
0.558
0.39
0.39
0.39
0.277
0.277
0.277
0.277
0.277
0.277
0.277
0.277
0.277
0.372
0.372
0.372
0.372
0.372
0.372
0.372
0.372
0.372
0.372
0.372
0.372
0.372
0.372
0.372
0.372
0.372
0.372
0.277
0.277
0.277
0.277
0.277
0.277
0.39
0.509
0.509
0.509
0.509
0.509
0.509
0.509
0.509
0.509
0.509
0.449
0.449
0.449
0.449
0.449
0.449
0.449
0.449
0.437
0.437
0.437
0.437
0.437
0.437
0.437
0.437
0.437
0.437
0.437
0.437
0.437
0.437
0.437
0.437
0.437
0.437
0.437
0.437
0.437
0.437
0.437
0.437
0.437
0.318
0.318
0.486
0.486
0.486
0.546
0.486
0.486
0.486
0.486
0.486
0.546
0.641
0.713
0.713
0.713
0.713
0.681
0.681
0.681
0.681
0.681
0.681
0.681
0.513
0.513
0.526
0.526
0.526
0.486
0.391
0.391
0.391
0.391
0.51
0.51
0.51
0.51
0.51
0.57
0.57
0.51
0.51
0.51
0.51
0.51
0.51
0.51
0.51
0.51
0.51
0.51
0.51
0.51
0.51
0.51
0.51
0.51
0.51
0.51
0.55
0.55
0.55
0.55
0.437
0.437
0.509
0.437
0.437
0.437
0.437
0.397
0.397
0.397
0.397
0.397
0.397
0.265
0.265
0.265
0.265
0.265
0.265
0.265
0.265
0.265
0.252
0.252
0.252
0.252
0.252
0.252
0.252
0.252
0.252
0.252
0.42
0.42
0.42
0.42
0.515
0.515
0.515
0.396
0.396
0.396
0.396
0.396
0.396
0.396
0.396
0.396
0.396
0.396
0.396
0.396
0.396
0.396
0.133
0.133
0.133
0.133
0.133
0.133
0.133
0.183
0.343
0.415
0.315
0.265
0.193
0.293
0.365
0.365
0.305
2.215
2.215
2.347
2.325
2.325
2.325
2.325
2.325
2.325
2.337
2.285
2.285
2.235
2.614
2.614
2.554
2.554
2.175
2.175
2.335
2.454
2.454
2.514
2.514
2.681
2.681
2.681
0.771
0.699
0.699
0.699
0.599
0.48
0.48
0.48
0.48
0.48
0.52
0.52
0.46
0.51
0.51
0.437
0.437
0.605
0.605
0.605
0.617
0.617
0.996
0.996
0.996
1.015
0.636
0.624
0.624
0.664
0.664
0.664
0.704
0.836
0.836
0.836
0.836
0.764
0.824
0.656
0.656
0.756
0.716
0.716
0.716
0.716
0.856
0.868
0.828
0.728
0.728
0.763
0.688
0.688
0.688
0.688
0.688
0.688
0.688
0.688
0.688
0.688
0.668
0.568
0.568
0.581
0.541
0.541
0.541
0.541
0.841
0.841
0.876
0.876
0.876
0.876
0.876
0.876
0.876
0.876
0.864
0.959
0.959
0.959
0.852
0.817
0.817
0.817
0.917
0.917
0.677
0.677
0.677
0.677
0.737
0.737
0.837
0.877
0.837
0.742
0.742
0.842
0.914
0.914
0.914
0.914
0.822
0.822
0.822
0.822
2.805
4.527
4.527
4.407
2.925
2.925
3.025
3.025
4.935
4.935
4.935
4.935
4.935
4.935
4.935
4.922
4.822
4.822
4.782
4.782
4.782
2.899
2.899
2.899
2.899
2.999
2.831
2.831
2.926
2.858
2.798
2.898
2.898
2.898
2.898
0.888
0.888
0.888
0.888
0.888
0.938
0.838
0.838
0.838
0.838
0.838
0.743
0.671
0.671
0.671
0.671
0.671
0.671
0.671
0.621
0.681
0.681
0.681
0.621
0.621
0.621
0.521
0.521
0.521
0.521
0.521
0.521
0.521
0.521
0.581
0.581
0.581
0.881
0.616
0.616
0.616
0.616
0.581
0.581
0.581
0.681
0.781
0.94
0.84
1.017
1.017
0.728
0.728
0.968
0.896
0.896
1.196
1.268
1.196
1.196
1.246
1.419
1.433
1.433
1.256
1.196
1.196
1.164
1.224
1.105
1.045
0.985
0.985
0.985
0.985
1.066
1.066
0.889
0.889
0.889
0.889
0.889
2.539
2.599
2.599
0.949
0.949
0.961
1.138
1.138
1.516
1.516
1.456
1.456
1.456
0.889
0.817
0.817
0.817
0.817
0.93
0.93
0.93
1.002
1.002
1.002
1.002
0.99
0.95
0.985
0.997
0.997
0.997
0.697
0.697
0.769
0.769
0.637
0.637
0.637
0.649
0.637
0.637
0.637
0.637
0.637
0.637
0.542
0.542
0.542
0.41
0.651
0.623
0.923
0.923
0.923
1.123
0.823
0.751
0.751
0.651
0.651
0.77
0.77
0.77
0.77
0.77
0.77
0.77
0.77
0.77
0.842
0.842
0.674
0.674
0.602
0.602
0.602
0.602
0.602
0.59
0.59
0.59
0.59
0.59
0.59
0.59
0.59
0.59
0.59
0.59
0.59
0.59
0.682
0.682
0.722
0.722
0.734
0.734
0.734
0.901
0.901
0.901
0.901
0.901
0.951
0.901
0.901
0.841
0.841
0.841
0.828
0.828
0.828
0.828
0.828
0.928
0.928
0.833
0.833
0.833
0.965
0.965
1.015
1.015
1.015
1.028
1.028
1.028
1.028
1.028
1.088
1.088
1.088
1.216
1.256
1.256
1.256
1.256
1.356
1.356
1.306
1.294
1.294
1.394
1.394
1.394
1.394
1.322
1.322
2.72
2.72
2.68
2.68
2.68
2.68
2.572
2.572
2.872
2.867
2.567
2.567
2.507
2.567
2.667
2.607
2.462
2.462
2.462
2.462
2.374
2.374
2.374
2.474
2.474
2.414
2.581
2.621
2.621
2.621
10.86
10.973
10.973
1.336
1.236
1.596
1.583
1.511
1.392
1.392
1.392
1.392
1.392
1.492
1.397
1.397
1.41
1.21
1.21
1.21
1.21
1.21
1.26
1.16
1.1
1.1
1.2
1.1
1
1
1.022
1.401
1.101
1.101
1.101
0.89
0.89
0.89
0.89
0.89
0.89
0.855
0.855
0.855
0.855
0.955
0.855
0.855
0.855
0.855
0.855
0.855
0.855
0.855
0.855
0.855
0.815
0.647
0.647
0.587
0.547
0.547
0.547
0.547
0.547
0.535
0.535
0.635
0.635
0.635
0.575
0.575
0.625
0.625
0.625
0.625
0.612
0.612
0.612
0.612
0.652
0.612
0.656
0.596
0.641
0.641
0.641
0.641
0.641
0.641
0.641
0.701
0.721
0.721
0.661
0.601
0.601
0.601
0.601
0.601
0.701
0.661
0.534
0.534
0.434
0.434
0.434
0.434
0.434
0.434
0.594
0.594
0.594
0.862
0.862
0.862
0.762
0.762
0.702
0.702
0.702
0.702
0.742
0.742
0.702
