0.06
0.06
0.06
0.06
0.06
0.06
0.06
0.06
0.06
0.06
0.06
0.06
0.06
0.06
0.06
0.06
0.06
0.06
0.06
0.06
0.06
0.06
0.06
0.06
0.06
0.06
0.06
0.07
0.07
0.07
0.07
0.07
0.07
0.07
0.07
0.07
0.07
0.07
0.07
0.163
0.163
0.163
0.163
0.163
0.163
0.163
0.163
0.163
0.163
0.163
0.163
0.163
0.163
0.163
0.163
0.163
0.163
0.07
0.07
0.07
0.07
0.257
0.257
0.257
0.257
0.257
0.257
0.257
0.257
0.257
0.257
0.257
0.257
0.257
0.257
0.257
0.257
0.257
0.257
0.257
0.257
0.257
0.257
0.07
0.07
0.07
0.07
0.07
0.07
0.07
0.07
0.07
0.07
0.07
0.07
0.07
0.07
0.07
0.07
0.07
0.07
0.07
0.07
0.07
0.07
0.07
0.07
0.07
0.07
0.07
0.07
0.07
0.07
0.07
0.07
0.07
0.07
0.07
0.07
0.07
0.07
0.163
0.163
0.163
0.163
0.163
0.163
0.163
0.163
0.163
0.163
0.163
0.163
0.163
0.163
0.163
0.163
0.163
0.163
0.07
0.07
0.07
0.07
0.07
0.07
0.07
0.257
0.257
0.257
0.257
0.257
0.257
0.257
0.257
0.257
0.257
0.257
0.257
0.257
0.257
0.257
0.257
0.257
0.257
0.257
0.257
0.257
0.257
0.07
0.07
0.07
0.07
0.07
0.07
0.07
0.07
0.07
0.07
0.07
0.07
0.07
0.07
0.07
0.07
0.07
0.07
0.07
0.07
0.07
0.07
0.07
0.07
0.07
0.07
0.07
0.07
0.07
0.07
0.07
0.07
0.07
0.07
0.07
0.07
0.07
0.07
0.07
0.07
0.07
0.07
0.07
0.07
0.07
0.07
0.07
0.07
0.07
0.07
0.07
0.07
0.07
0.07
0.07
0.257
0.257
0.257
0.257
0.257
0.257
0.257
0.257
0.257
0.257
0.257
0.257
0.257
0.257
0.257
0.257
0.257
0.257
0.257
0.257
0.257
0.35
0.163
0.163
0.163
0.163
0.163
0.163
0.163
0.163
0.163
0.163
0.163
0.163
0.163
0.163
0.163
0.163
0.163
0.07
0.07
0.07
0.07
0.07
0.07
0.07
0.07
0.07
0.07
0.07
0.07
0.07
0.07
0.07
0.07
0.07
0.07
0.07
0.07
0.07
0.07
0.07
0.07
0.07
0.07
0.07
0.07
0.07
0.07
0.07
0.07
0.07
0.07
0.07
0.07
0.07
0.07
0.07
0.07
0.07
0.07
0.07
0.07
0.07
0.07
0.07
0.07
0.07
0.07
0.07
0.07
0.07
0.07
0.07
0.07
0.07
0.07
0.07
0.07
0.07
0.07
0.07
0.07
0.07
0.07
0.07
0.07
0.07
0.07
0.07
0.07
0.07
0.07
0.07
0.07
0.07
0.07
0.07
0.07
0.07
0.07
0.07
0.07
0.07
0.07
0.07
0.07
0.07
0.07
0.07
0.07
0.07
0.07
0.07
0.07
0.07
0.07
0.07
0.07
0.07
0.07
0.07
0.07
0.07
0.163
0.163
0.163
0.163
0.35
0.35
0.35
0.35
0.35
0.35
0.35
0.35
0.35
0.35
0.35
0.35
0.35
0.35
0.257
0.257
0.257
0.257
0.257
0.257
0.257
0.257
0.07
0.07
0.07
0.07
0.07
0.07
0.07
0.068
0.068
0.068
0.068
0.068
0.068
0.068
0.068
0.068
0.068
0.074
0.114
0.114
0.114
0.114
0.114
0.108
0.108
0.108
0.108
0.108
0.108
0.108
0.108
0.108
0.108
0.108
0.108
0.108
0.108
0.108
0.108
0.108
0.068
0.068
0.068
0.068
0.068
0.068
0.068
0.068
0.138
0.138
0.138
0.138
0.231
0.231
0.231
0.291
0.231
0.291
0.291
0.291
0.297
0.291
0.291
0.291
0.291
0.291
10.475
10.475
10.475
0.291
0.198
0.385
0.385
0.315
0.315
0.315
0.315
0.315
0.315
0.315
0.315
0.315
0.315
0.315
0.315
0.315
0.315
0.315
0.315
0.315
0.315
0.315
0.315
0.128
0.128
0.128
0.128
0.128
0.128
0.128
0.128
0.128
0.128
0.128
0.128
0.128
0.14
0.128
0.128
0.168
0.168
0.168
0.168
0.168
0.168
0.168
0.168
0.168
0.168
0.168
0.168
0.208
0.208
0.208
0.208
0.208
0.208
0.208
0.168
0.168
0.228
0.228
0.228
0.228
0.234
0.234
0.174
0.174
0.174
0.174
0.174
0.261
0.261
0.261
0.261
0.448
0.448
0.448
0.448
0.448
0.388
0.388
0.388
0.388
0.388
0.388
0.388
0.388
0.4
0.307
0.307
0.307
0.307
0.307
0.397
0.409
0.409
0.222
0.222
0.222
0.21
0.21
0.21
0.21
0.21
0.21
0.21
0.07
0.07
0.07
0.07
0.07
0.07
0.07
0.07
0.07
0.07
0.07
0.07
0.07
0.07
0.07
0.07
0.07
0.07
0.07
0.07
0.163
0.163
0.163
0.163
0.163
0.163
0.163
0.163
0.163
0.163
0.163
0.163
0.163
0.163
0.163
0.163
0.163
0.163
0.07
0.07
0.07
0.07
0.07
0.07
0.07
0.07
0.07
0.07
0.07
0.07
0.07
0.257
0.257
0.257
0.257
0.257
0.257
0.257
0.257
0.257
0.257
0.257
0.257
0.257
0.257
0.257
0.257
0.257
0.257
0.257
0.257
0.257
0.257
0.07
0.07
0.07
0.07
0.07
0.07
0.07
0.07
0.07
0.07
0.07
0.07
0.07
0.07
0.07
0.07
0.163
0.163
0.163
0.163
0.163
0.163
0.163
0.163
0.163
0.163
0.163
0.163
0.163
0.163
0.163
0.163
0.163
0.163
0.07
0.07
0.07
0.07
0.07
0.07
0.07
0.07
0.07
0.07
0.07
0.07
0.07
0.07
0.07
0.07
0.07
0.07
0.07
0.07
0.07
0.07
0.07
0.07
0.07
0.07
0.07
0.257
0.257
0.257
0.257
0.257
0.257
0.257
0.257
0.257
0.257
0.257
0.257
0.257
0.257
0.257
0.257
0.357
0.357
0.357
0.357
0.357
0.357
0.17
0.17
0.17
0.17
0.17
0.17
0.17
0.17
0.17
0.17
0.263
0.263
0.263
0.263
0.263
0.263
0.263
0.263
0.263
0.263
0.263
0.263
0.263
0.263
0.263
0.263
0.263
0.263
0.17
0.17
0.17
0.17
0.17
0.17
0.17
0.158
0.158
2.377
2.377
2.377
0.158
0.158
0.158
0.158
0.158
0.158
0.158
0.158
0.158
0.345
0.345
0.36
0.36
0.36
0.36
0.36
0.36
0.36
0.36
0.36
0.36
0.36
0.36
0.36
0.36
0.36
0.36
0.36
0.36
0.36
0.36
0.173
0.173
0.173
0.173
0.173
0.173
0.173
0.173
0.173
0.213
0.219
0.179
0.173
0.07
0.07
0.07
0.07
0.07
0.07
0.07
0.07
0.07
0.07
0.07
0.07
0.07
0.07
0.07
0.07
0.07
0.07
0.07
0.07
0.07
0.07
0.07
0.07
0.07
0.07
0.07
0.07
0.07
0.07
0.07
0.07
0.163
0.163
0.163
0.163
0.163
0.163
0.163
0.163
0.163
0.163
0.163
0.163
0.163
0.163
0.163
0.163
0.163
0.163
0.07
0.07
0.07
0.07
0.07
0.07
0.07
0.07
0.07
0.07
0.07
0.07
0.07
0.07
0.07
0.07
0.07
0.07
0.07
0.07
0.257
0.257
0.257
0.257
0.257
0.257
0.257
0.257
0.257
0.257
0.257
0.257
0.257
0.257
0.257
0.257
0.257
0.257
0.257
0.35
0.35
0.35
0.163
0.163
0.163
0.163
0.163
0.163
0.163
0.163
0.163
0.163
0.163
0.163
0.163
0.163
0.163
0.07
0.07
0.07
0.07
0.07
0.07
0.07
0.07
0.07
0.07
0.07
0.07
0.07
0.07
0.07
0.07
0.07
0.07
0.07
0.07
0.07
0.07
0.07
0.173
0.173
0.173
0.173
0.173
0.173
0.173
0.173
0.173
0.173
0.173
0.173
0.173
0.173
0.173
0.173
0.173
0.173
0.173
0.173
0.173
0.173
0.173
0.173
0.173
0.173
0.173
0.179
0.366
0.366
0.436
0.436
0.366
0.406
0.406
0.366
0.366
0.366
0.366
0.366
0.351
0.444
0.444
0.444
0.444
0.444
0.444
0.444
0.444
0.444
0.317
0.317
0.317
0.317
0.317
0.311
0.311
0.311
0.361
0.218
0.218
0.218
0.218
0.224
0.224
0.239
0.279
0.279
2.498
2.498
2.498
0.239
0.239
0.239
0.239
0.239
0.279
0.279
0.279
0.279
0.279
0.279
0.279
0.279
0.239
0.239
0.251
0.251
0.251
0.251
0.251
0.301
0.301
0.301
0.301
0.301
0.434
0.474
0.474
0.474
0.661
0.661
0.621
0.76
0.76
0.76
0.76
0.8
0.8
0.8
0.87
0.77
0.77
0.81
0.717
0.777
0.808
0.808
0.808
0.808
0.808
0.808
0.621
0.621
0.621
0.621
0.621
0.621
0.621
0.621
0.621
0.621
0.621
0.571
0.531
0.461
0.461
0.461
0.446
0.307
0.307
0.313
0.313
0.313
0.313
0.328
0.328
0.328
0.328
0.328
0.328
0.328
0.328
0.328
0.328
0.328
0.328
0.328
0.328
0.328
0.328
0.328
0.328
0.328
0.328
0.328
0.328
0.328
0.276
0.276
0.276
0.276
0.276
0.276
0.276
0.276
0.276
0.276
0.276
0.216
0.216
0.256
0.256
0.256
0.256
0.256
0.256
0.256
0.443
0.482
0.482
0.513
0.513
0.652
0.652
0.652
0.582
0.492
0.492
0.492
0.492
0.48
0.48
0.573
0.573
0.573
0.573
0.573
0.573
0.573
0.398
0.398
0.398
0.398
0.398
0.398
0.398
0.398
0.383
0.383
0.468
0.375
0.236
0.248
0.248
0.248
0.248
0.248
0.208
0.126
0.126
0.126
0.126
0.126
0.126
0.126
0.126
0.126
0.126
0.126
0.126
0.126
0.126
0.132
0.126
0.126
0.126
0.126
0.126
0.126
0.176
0.176
0.176
0.176
0.236
0.423
0.423
0.423
0.423
0.423
0.443
0.443
0.443
0.483
0.452
0.452
0.452
0.452
0.512
0.472
0.412
0.443
0.443
0.443
0.443
0.443
0.489
0.296
0.296
0.296
0.256
0.439
0.445
0.427
0.427
0.427
0.439
0.439
0.439
0.479
0.491
0.541
0.501
0.486
0.486
0.486
0.486
0.486
0.486
0.393
0.393
0.393
0.433
0.363
0.363
0.363
0.363
0.363
0.363
0.363
0.363
0.433
0.421
0.421
0.421
0.421
0.421
0.421
0.421
0.421
0.421
0.421
0.421
0.421
0.421
0.421
0.421
0.481
0.481
0.441
0.441
0.441
0.441
0.396
0.396
0.396
0.436
0.529
0.529
0.529
0.529
0.716
0.716
2.735
2.704
2.704
2.704
2.704
2.704
2.704
2.692
2.652
2.652
2.692
2.692
2.599
2.599
2.599
2.599
0.51
0.541
0.541
0.541
0.354
0.354
0.354
0.354
0.414
0.414
0.354
0.354
0.354
0.354
0.354
0.354
0.354
0.354
0.354
0.354
0.354
0.354
0.354
0.354
0.354
0.354
0.354
0.354
0.354
0.314
0.332
0.332
0.332
0.332
0.332
0.332
0.332
0.332
0.332
0.332
0.332
0.332
0.332
0.332
0.332
0.332
0.332
0.317
0.357
0.297
0.297
0.257
0.257
0.257
0.257
0.257
0.257
0.257
0.257
0.257
0.257
0.257
0.257
0.257
0.257
0.257
0.257
0.257
0.257
0.257
0.257
0.257
0.257
0.07
0.07
0.163
0.163
0.163
0.163
0.163
0.163
0.163
0.163
0.163
0.163
0.163
0.163
0.163
0.163
0.163
0.163
0.163
0.163
0.07
0.07
0.07
0.07
0.07
0.07
0.07
0.07
0.07
0.07
0.07
0.07
0.07
0.07
0.07
0.07
0.07
0.07
0.07
0.07
0.07
0.07
0.07
0.07
0.07
0.07
0.07
0.07
0.07
0.07
0.07
0.07
0.07
0.07
0.07
0.07
0.07
0.07
0.07
0.07
0.07
0.07
0.07
0.07
0.07
0.06
0.06
0.06
