0.063
0.063
0.063
0.063
0.11
0.063
0.063
0.063
0.075
0.075
0.075
0.075
0.075
0.075
0.11
0.075
0.075
0.175
0.175
0.175
0.175
0.175
0.175
0.175
0.175
0.163
0.163
0.356
0.356
1.394
1.304
1.304
0.366
0.366
8.544
8.544
8.544
0.366
0.366
0.366
0.366
0.366
0.366
0.466
0.466
0.501
0.501
0.501
0.501
0.308
0.308
0.208
0.234
0.234
0.234
0.244
0.244
0.244
0.244
0.244
0.244
0.244
0.244
0.244
0.244
0.244
0.244
0.244
0.304
0.244
0.244
0.256
0.256
0.256
0.256
0.244
0.204
0.239
2.469
2.469
2.469
0.239
0.239
0.239
0.239
0.239
0.239
0.239
0.248
0.248
0.075
0.075
0.075
0.075
0.075
0.075
0.075
0.075
0.268
0.268
0.268
0.268
0.268
0.268
0.268
0.268
0.268
0.268
0.268
0.268
0.268
0.268
0.268
0.268
0.268
0.268
0.268
0.268
0.268
0.268
0.075
0.075
0.075
0.075
0.075
0.075
0.075
0.075
0.075
0.075
0.075
0.075
0.075
0.075
0.075
0.075
0.075
0.075
0.075
0.075
0.075
0.075
0.075
0.075
0.075
0.075
0.075
0.075
0.075
0.075
0.075
0.075
0.075
0.075
0.075
0.075
0.075
0.075
0.075
0.075
0.075
0.075
0.075
0.075
0.075
0.075
0.075
0.075
0.075
0.075
0.268
0.268
0.268
0.268
0.268
0.268
0.268
0.268
0.268
0.268
0.268
0.268
0.268
0.268
0.268
0.268
0.268
0.268
0.268
0.268
0.268
0.268
0.075
0.075
0.075
0.075
0.075
0.075
0.075
0.075
0.075
0.075
0.075
0.075
0.075
0.075
0.075
0.075
0.075
0.075
0.075
0.075
0.075
0.075
0.075
0.075
0.075
0.075
0.075
0.075
0.075
0.075
0.075
0.075
0.075
0.075
0.075
0.075
0.075
0.075
0.075
0.075
0.075
0.075
0.075
0.075
0.075
0.075
0.075
0.075
0.075
0.075
0.075
0.075
0.075
0.075
0.075
0.075
0.075
0.075
0.075
0.075
0.075
0.075
0.075
0.075
0.268
0.268
0.268
0.268
0.268
0.268
0.268
0.268
0.268
0.268
0.268
0.268
0.268
0.268
0.268
0.268
0.268
0.268
0.268
0.268
0.268
0.268
0.075
0.075
0.075
0.075
0.075
0.075
0.075
0.075
0.075
0.075
0.075
0.075
0.075
0.075
0.075
0.075
0.075
0.075
0.075
0.075
0.075
0.075
0.075
0.075
0.075
0.075
0.075
0.075
0.075
0.075
0.075
0.075
0.075
0.075
0.075
0.075
0.075
0.075
0.075
0.075
0.075
0.075
0.075
0.075
0.075
0.075
0.075
0.075
0.075
0.075
0.268
0.268
0.268
0.268
0.268
0.268
0.268
0.268
0.268
0.268
0.268
0.268
0.302
0.302
0.302
0.33
0.33
0.302
0.302
0.362
0.362
0.362
0.169
0.169
0.169
8.347
8.347
8.347
0.169
0.169
0.169
0.169
0.169
0.109
0.109
0.109
2.343
2.343
2.343
2.343
2.343
2.343
2.343
2.343
2.343
2.343
2.343
2.317
2.317
2.352
2.342
2.342
2.342
2.342
2.342
2.342
2.342
2.342
2.417
2.342
2.342
2.342
2.342
0.208
0.243
0.243
0.243
0.278
0.243
0.208
0.318
0.218
0.218
0.218
0.218
0.318
0.453
0.646
0.586
0.586
0.586
0.586
0.586
0.646
0.646
0.646
0.646
0.646
0.646
0.646
0.655
0.655
0.655
0.686
0.686
10.019
9.969
9.969
1.841
1.708
1.771
1.721
1.721
1.721
1.721
1.696
1.724
1.759
1.731
1.806
1.806
1.806
1.806
1.806
1.806
1.806
1.806
1.906
1.906
1.906
1.906
1.806
1.806
1.818
1.818
1.806
1.806
1.806
1.806
1.806
1.784
1.784
1.784
1.784
1.784
1.684
1.684
1.744
1.744
1.744
1.716
1.716
1.716
1.716
1.716
1.744
1.744
1.744
1.669
1.681
1.621
1.621
1.586
1.586
1.586
0.403
0.403
0.403
0.403
0.403
0.403
0.403
0.403
0.343
0.343
0.443
0.453
0.465
0.465
0.465
0.465
0.465
0.64
0.64
0.628
0.628
0.628
0.64
0.64
0.833
0.833
0.758
0.723
0.663
0.663
0.663
0.663
0.663
0.663
0.663
1.834
1.834
1.834
1.834
1.834
1.834
1.869
1.734
1.734
1.734
1.734
1.541
1.541
1.541
1.541
1.541
1.541
1.541
1.541
1.553
1.553
1.553
1.553
1.553
1.553
1.587
1.587
1.587
1.587
1.622
1.61
1.61
1.61
1.61
1.61
1.61
1.645
1.645
1.645
1.645
3.779
3.779
3.779
3.779
3.779
3.779
3.779
3.779
3.779
3.779
3.779
3.779
0.075
0.075
0.075
0.075
0.075
0.075
0.075
0.075
0.075
0.075
0.075
0.075
0.075
0.268
0.268
0.268
0.268
0.268
0.268
0.268
0.268
0.268
0.268
0.268
0.268
0.268
0.268
0.268
0.268
0.268
0.268
0.268
0.268
0.268
0.268
0.075
0.075
0.075
0.075
0.075
0.075
0.075
0.075
0.075
0.075
0.075
0.075
0.075
0.075
0.075
0.075
0.075
0.075
0.075
0.075
0.075
0.075
0.075
0.075
0.075
0.075
0.075
0.075
0.075
0.075
0.075
0.075
0.075
0.075
0.075
0.075
0.075
0.075
0.075
0.075
0.075
0.075
0.075
0.075
0.075
0.075
0.268
0.268
0.268
0.268
0.268
0.268
0.268
0.268
0.268
3.752
3.752
3.752
3.752
3.718
3.718
3.718
3.718
2.535
2.535
2.535
2.535
2.535
2.342
2.342
0.208
0.208
0.208
0.208
0.208
0.208
0.208
0.208
0.208
0.208
0.208
0.208
0.208
0.208
0.208
0.208
0.208
0.208
0.208
0.208
0.208
0.208
0.208
0.208
0.208
0.208
0.208
0.208
0.208
0.208
0.208
0.208
0.208
0.208
0.208
0.208
0.208
0.208
0.208
0.208
0.208
0.268
0.268
0.268
0.268
2.642
2.654
2.582
2.582
2.657
2.81
2.844
2.844
2.844
2.844
2.854
2.854
2.854
2.866
2.866
2.866
0.492
0.492
0.492
0.48
0.48
0.48
0.48
0.445
0.48
0.445
0.445
0.252
0.252
0.252
0.252
0.312
0.312
0.324
0.324
0.312
0.312
0.313
0.413
0.413
0.425
0.425
0.425
0.425
0.425
0.425
0.425
0.442
0.442
0.442
0.382
0.382
0.382
0.482
0.382
0.382
0.382
1.32
1.32
1.343
0.405
0.405
0.405
0.405
0.405
0.405
0.405
0.405
0.405
0.405
0.405
0.405
0.405
0.405
0.32
0.32
0.32
0.32
0.32
0.32
1.258
1.258
1.258
0.31
0.275
0.275
0.275
0.468
0.468
0.503
0.503
0.503
0.503
0.503
0.635
0.635
0.635
0.635
0.635
0.635
0.77
0.77
0.77
0.77
0.77
0.77
0.77
0.753
0.753
0.56
0.56
0.56
0.56
0.428
0.428
0.428
0.428
0.428
0.428
0.428
0.328
0.328
0.328
0.328
0.328
0.328
0.328
0.328
0.328
0.328
0.328
0.328
0.328
0.328
0.328
0.328
0.328
0.345
0.477
0.442
0.442
0.442
0.442
0.442
0.442
0.442
0.407
0.407
0.407
0.407
0.407
0.407
0.407
0.6
0.6
0.6
0.6
0.635
0.635
0.635
0.6
0.673
0.673
0.673
0.673
0.673
0.708
0.708
0.708
0.708
0.268
0.268
0.268
0.268
0.268
0.075
0.075
0.075
0.075
0.075
0.075
0.075
0.075
0.075
0.075
0.075
0.075
0.075
0.075
0.075
0.075
0.075
0.075
0.075
0.075
0.075
0.075
0.075
0.075
0.075
0.075
0.075
0.075
0.075
0.075
0.075
0.075
0.075
0.075
0.075
0.075
0.075
0.075
0.075
0.075
0.075
0.075
0.075
0.075
0.075
0.075
0.075
0.075
0.075
0.075
0.075
0.075
0.075
0.075
0.075
0.075
0.075
0.075
0.075
0.075
0.075
0.075
0.075
0.075
0.075
0.075
0.075
0.075
0.075
0.075
0.075
0.075
0.075
0.075
0.075
0.075
0.075
0.075
0.075
0.075
0.075
0.268
0.268
0.268
0.268
0.268
0.268
0.268
0.268
0.268
0.268
0.268
0.268
0.268
0.268
0.268
0.268
0.268
0.268
0.268
0.268
0.268
0.268
0.075
0.075
0.075
0.075
0.075
0.075
0.075
0.075
0.075
0.075
0.075
0.075
0.075
0.075
0.075
0.075
0.075
0.075
0.075
0.075
0.075
0.075
0.075
0.075
0.075
0.075
0.075
0.075
0.075
0.075
0.075
0.075
0.075
0.075
0.075
0.075
0.075
0.075
0.075
0.075
0.075
0.075
0.075
0.075
0.075
0.075
0.075
0.075
0.075
0.075
0.075
0.075
0.383
0.383
0.383
0.383
0.383
0.383
0.433
0.433
0.433
0.593
0.568
0.568
0.518
0.518
0.568
0.568
0.568
0.568
0.568
0.603
0.628
0.578
0.628
0.649
0.649
0.649
0.649
0.632
0.632
0.632
0.632
0.632
0.632
0.632
0.632
0.632
0.632
0.632
0.632
0.632
0.632
0.632
4.028
4.028
5.038
2.808
2.758
1.76
1.76
1.751
1.725
1.725
3.708
3.743
3.743
3.743
3.743
3.936
3.936
3.936
3.927
3.944
3.944
3.944
3.918
3.918
3.918
3.918
3.918
3.918
4.044
4.044
2.878
0.795
0.695
0.695
0.695
0.695
0.705
0.512
0.512
0.612
0.712
0.712
0.712
0.712
0.712
0.712
0.712
0.712
0.712
0.712
0.712
0.712
0.712
0.787
0.787
0.787
0.787
0.712
0.712
0.712
0.712
0.712
0.74
0.74
0.74
0.74
0.74
0.74
0.7
0.7
0.7
0.712
0.712
0.712
0.712
0.712
0.672
0.672
0.672
0.555
0.555
0.555
0.543
0.543
0.543
0.543
1.809
1.809
1.809
1.809
1.853
1.881
1.846
1.846
2.023
2.023
1.846
1.837
1.837
1.837
1.837
1.861
1.861
1.861
1.861
1.861
1.861
2.138
2.064
1.877
1.877
1.817
1.817
1.838
1.838
1.838
0.672
0.672
0.865
0.853
1.03
1.03
0.853
0.853
0.853
0.853
0.853
0.853
0.853
0.853
0.853
0.853
0.853
1.03
1.03
1.383
1.383
1.383
1.383
1.383
0.623
0.623
0.623
0.623
0.658
0.658
0.658
0.658
8.801
8.701
8.701
0.523
0.523
0.523
0.598
0.598
0.698
0.698
0.698
0.598
0.598
0.598
0.563
0.598
0.598
0.466
0.466
0.466
0.478
0.466
0.466
0.466
0.476
0.476
0.476
0.476
0.476
0.476
0.493
0.493
0.493
0.479
0.479
0.404
0.404
0.404
0.404
0.404
0.269
0.257
0.257
0.33
0.33
0.33
0.33
0.33
0.33
0.33
0.33
0.33
0.655
0.655
0.655
0.655
0.655
0.715
0.715
0.715
0.681
0.681
0.681
0.681
0.549
0.514
0.514
0.614
0.614
0.614
0.614
0.614
0.614
0.614
0.421
0.421
0.433
0.433
0.433
0.421
0.421
0.421
0.421
0.421
0.421
0.393
0.393
0.393
0.393
0.393
0.276
0.388
0.288
0.276
0.276
0.276
0.276
0.366
0.366
0.366
0.366
0.338
0.338
0.265
0.265
0.265
0.293
0.293
0.258
0.258
0.258
0.258
0.258
0.258
0.258
0.258
0.258
0.258
0.358
0.358
0.358
0.358
0.393
0.393
0.358
0.358
0.37
0.37
0.563
0.563
0.563
0.563
0.563
0.537
0.537
0.597
0.597
0.632
0.632
0.632
0.632
0.632
0.632
0.632
0.667
0.667
0.667
0.667
0.667
0.655
0.462
0.594
0.594
0.594
2.824
2.812
2.812
0.582
0.482
0.482
0.482
0.482
0.482
0.482
0.482
0.447
0.447
0.447
0.447
0.547
0.547
0.547
0.447
0.447
0.402
0.437
0.437
0.437
0.437
0.437
0.437
0.437
0.437
0.402
0.402
0.402
0.402
0.402
0.402
0.402
0.502
0.689
0.689
0.689
0.689
0.689
0.689
0.689
0.689
0.689
