0.05753333333333334
0.10359999999999998
0.2258
0.33706666666666674
0.43460000000000004
0.6076666666666667
0.9033333333333331
0.8442000000000002
0.5294666666666665
0.7687999999999999
0.830133333333333
0.6968000000000001
0.5206666666666668
1.0537999999999998
2.8223999999999996
1.9260666666666673
0.9499333333333335
0.569333333333333
0.4083333333333334
0.4837333333333334
0.6136666666666667
0.9040666666666667
0.6393333333333333
0.45866666666666667
0.41566666666666663
0.3279333333333333
0.3358
0.8394
0.5902666666666666
0.7995333333333334
2.7725999999999997
0.7443333333333335
0.8742666666666669
0.8448000000000001
0.09073333333333332
0.05100000000000002
0.05100000000000002
0.1900666666666667
0.11059999999999996
0.1373333333333333
0.29766666666666663
0.2754666666666666
0.31519999999999987
0.19600000000000004
0.35633333333333345
0.307
0.19600000000000004
0.3052666666666665
0.36099999999999993
0.6133333333333333
0.6103333333333333
1.0093999999999999
0.6906666666666665
1.0504
0.12499999999999999
0.23599999999999988
0.06333333333333335
0.0808
0.20000000000000004
0.08320000000000002
0.23599999999999988
0.12499999999999996
0.1702
0.13046666666666662
0.11133333333333333
0.2304000000000001
0.2122666666666667
0.6675333333333333
0.9181333333333334
0.8010000000000002
0.5242666666666667
0.5748666666666666
0.8695333333333333
0.7540666666666666
0.7016666666666667
0.7005333333333333
0.7278
0.8452000000000001
0.7195333333333334
0.5772666666666665
0.6403333333333333
0.764
0.7390000000000001
0.9333333333333331
1.0616666666666663
0.8448666666666668
0.9224666666666667
0.8593999999999998
0.8378
0.8809999999999999
0.45820000000000005
0.14986666666666668
0.3596
0.554
0.5996
0.48799999999999993
