0.05400000000000002
0.06333333333333337
0.06400000000000003
0.06400000000000003
0.10973333333333332
0.13586666666666666
0.06400000000000003
0.06400000000000003
0.13586666666666666
0.10973333333333338
0.06400000000000003
0.06400000000000003
0.06400000000000003
0.09013333333333334
0.15546666666666667
0.06400000000000003
0.06400000000000003
0.06400000000000003
0.07053333333333335
0.16199999999999998
0.0770666666666667
0.06400000000000003
0.06400000000000003
0.06400000000000003
0.06400000000000003
0.06400000000000003
0.06400000000000003
0.14239999999999997
0.1358666666666667
0.07906666666666666
0.12413333333333333
0.3619333333333332
0.34439999999999993
0.6343333333333334
2.1573333333333333
3.9177333333333335
0.8048
0.8669333333333334
0.06400000000000003
0.06400000000000003
0.12933333333333333
0.1162666666666667
0.06400000000000003
0.06400000000000003
0.06400000000000003
0.06400000000000003
0.06400000000000003
0.06693333333333334
0.11013333333333335
1.7097333333333335
0.19246666666666665
2.1746666666666665
2.5009333333333332
0.12933333333333333
0.1162666666666667
0.06400000000000003
0.06400000000000003
0.1489333333333333
0.0966666666666667
0.06400000000000003
0.06400000000000003
0.06400000000000003
0.06400000000000003
0.5389333333333334
2.2894000000000005
3.3229333333333333
0.1162666666666667
0.06400000000000003
0.25806666666666667
0.6454666666666665
1.7249333333333332
2.157866666666666
2.764866666666667
4.910200000000001
5.389333333333335
3.6648
2.6657333333333337
3.371266666666666
3.6678
2.2353999999999994
0.7268666666666668
3.0711999999999993
2.7996
2.7303333333333337
2.9069999999999996
0.7786666666666667
0.7917333333333334
2.298666666666667
3.6660666666666666
2.203533333333333
2.5426
3.969
1.438733333333333
0.8108000000000002
1.0139333333333336
1.0833333333333333
