0.045000000000000005
0.12113333333333334
0.1902
0.05500000000000002
0.05500000000000002
0.05500000000000002
0.05500000000000002
0.159
0.15900000000000009
0.05500000000000002
0.05500000000000002
0.05500000000000002
0.05500000000000002
0.19019999999999998
0.12779999999999997
0.05500000000000002
0.05500000000000002
0.05500000000000002
0.13820000000000002
0.17980000000000004
0.05500000000000002
0.05500000000000002
0.05500000000000002
0.05500000000000002
0.05500000000000002
0.10700000000000001
0.21099999999999997
0.05500000000000002
0.09566666666666666
0.3261333333333333
0.43220000000000003
0.19540000000000005
0.24433333333333332
0.293
3.147
0.6929999999999997
0.19966666666666671
0.27219999999999994
0.2640000000000001
0.22000000000000008
0.20666666666666672
0.24000000000000007
0.11699999999999997
0.06339999999999998
1.3561333333333332
1.2648
0.11539999999999996
0.05300000000000002
0.057000000000000016
0.15940000000000004
0.16740000000000002
0.05993333333333335
0.05500000000000002
0.13820000000000002
0.17980000000000004
0.05500000000000002
0.05500000000000002
0.05500000000000002
0.05500000000000002
0.06540000000000001
0.21099999999999997
0.09659999999999998
0.05500000000000002
0.05500000000000002
0.05500000000000002
0.1798
0.1382
0.05500000000000002
0.05500000000000002
0.159
0.15900000000000009
0.05500000000000002
0.05500000000000002
0.159
0.15900000000000009
0.05500000000000002
0.05500000000000002
0.05500000000000002
0.13820000000000002
0.17980000000000004
0.05500000000000002
0.05500000000000002
0.05500000000000002
0.1486
0.2991333333333334
0.2176666666666667
0.13500000000000004
0.2828666666666667
0.46773333333333333
1.8980000000000001
0.30999999999999994
2.709466666666666
0.5164000000000001
0.5505333333333334
0.24893333333333334
0.3290666666666667
