0.3219333333333333
0.3796666666666668
0.5473999999999999
0.9137333333333335
0.26133333333333325
0.18199999999999997
0.08059999999999996
0.06499999999999997
0.06499999999999997
0.06499999999999997
0.06499999999999997
0.06499999999999997
0.06499999999999997
0.18619999999999998
0.2400666666666666
0.06499999999999997
0.06499999999999997
0.06499999999999997
0.15926666666666664
0.4926666666666667
0.38506666666666683
0.06499999999999997
0.06499999999999997
0.06499999999999997
0.2535333333333333
0.3122666666666667
0.37173333333333325
0.35979999999999995
0.37366666666666665
0.6183333333333331
3.9227999999999996
1.2167999999999999
3.3992
0.8134000000000001
0.45466666666666683
0.4333333333333334
1.5219999999999996
3.317266666666667
0.6107333333333334
1.2779999999999998
3.2598666666666674
0.805
3.2543999999999986
1.1347999999999998
0.3058000000000002
0.47839999999999994
0.07806666666666665
0.16633333333333333
0.7069999999999997
0.29080000000000006
0.16299999999999998
0.18399999999999997
0.47686666666666677
0.6402666666666669
0.46
0.44000000000000017
0.4845333333333334
2.3284
2.5347999999999997
0.41233333333333344
0.8135333333333332
1.2628666666666666
3.5245333333333337
1.4160000000000001
0.8856000000000002
1.1090000000000004
1.2174
1.2234666666666667
1.3566
0.8384666666666668
4.899266666666667
5.4218
4.283266666666666
2.3816666666666664
2.9764
1.4118000000000002
1.3596666666666664
1.1543333333333332
0.9596000000000002
1.117
1.2081333333333333
1.6800666666666664
1.1529333333333336
2.7070666666666665
0.9069999999999998
1.2252000000000003
1.3001333333333334
1.0369333333333333
0.06499999999999997
0.16639999999999996
0.10399999999999995
0.06499999999999997
0.17273333333333332
0.2925333333333333
0.16639999999999996
0.05633333333333335
