0.07099999999999998
0.06499999999999997
0.2954666666666667
0.20893333333333342
0.07499999999999998
0.07499999999999998
0.09739999999999999
0.2429999999999999
0.13099999999999995
0.10666666666666665
0.15733333333333333
0.07499999999999998
0.07499999999999998
0.09739999999999999
0.2429999999999999
0.13099999999999995
0.07499999999999998
0.08133333333333331
0.16999999999999996
0.08766666666666664
0.22059999999999994
0.17580000000000004
0.07499999999999998
0.07499999999999998
0.08766666666666664
0.16999999999999996
0.20853333333333335
0.4813333333333333
0.2706
0.5593333333333333
0.12679999999999997
1.4677333333333331
0.9204666666666661
2.4581333333333335
0.4526666666666666
0.8592000000000001
0.7626666666666665
0.9597333333333331
0.8109333333333333
0.6867333333333333
0.6349999999999999
0.6284666666666666
0.6081333333333332
0.5828000000000001
0.4494666666666666
0.3403333333333333
0.3352
0.489
0.43940000000000007
0.4211333333333333
0.5648666666666666
0.5759333333333333
0.5021333333333332
0.5153333333333332
0.44086666666666674
0.2598
0.3878
0.32586666666666664
0.5247333333333334
2.3850000000000002
1.8754000000000004
0.5072666666666668
0.7659333333333332
0.7647999999999999
0.6783333333333331
0.7623333333333332
0.8215333333333332
0.8371999999999996
4.180733333333334
3.663533333333334
1.5413333333333339
0.6789333333333334
0.5763333333333331
0.7714
1.2282666666666666
1.2865999999999997
1.1127999999999998
0.9405333333333331
0.6364000000000001
0.7675333333333333
0.7108000000000001
0.6022666666666666
0.8390666666666665
0.8864000000000001
1.1343333333333334
1.7966666666666664
2.592866666666667
4.0203999999999995
1.3984
1.137733333333333
0.8756666666666669
0.704066666666667
0.6048666666666667
0.6537999999999999
0.5359333333333333
0.7257333333333335
