0.060000000000000026
0.06133333333333336
0.07000000000000003
0.07000000000000003
0.10000000000000002
0.22000000000000008
0.09000000000000005
0.07000000000000003
0.07000000000000003
0.21000000000000005
0.13000000000000003
0.07000000000000003
0.07000000000000003
0.07000000000000003
0.17
0.16999999999999996
0.07000000000000003
0.07000000000000003
0.07000000000000003
0.19000000000000003
0.14999999999999997
0.07000000000000003
0.06966666666666667
0.13300000000000003
2.1282666666666668
0.39766666666666667
0.22433333333333336
0.11233333333333333
2.0116000000000005
0.20953333333333335
0.11353333333333332
1.7773333333333334
1.4720666666666666
0.7924000000000002
0.2696666666666667
0.2816666666666667
0.1883333333333332
0.6997333333333333
0.2929999999999999
0.37699999999999984
0.22060000000000005
0.19700000000000004
0.19860000000000003
0.279
0.3122666666666667
0.11799999999999994
0.11639999999999998
0.962
2.1535999999999995
0.6950666666666668
0.8046
2.2803333333333335
0.46253333333333335
0.5917333333333333
0.44953333333333323
0.8166666666666662
0.4731333333333332
0.8583999999999999
0.7017333333333331
0.3186
0.34619999999999995
1.867866666666667
1.7544666666666668
0.6557999999999999
0.8716666666666666
0.7888000000000002
0.6298666666666666
0.6298666666666667
0.7150666666666666
1.9587333333333334
2.3592
0.8442000000000001
0.6317333333333335
0.561
0.5723333333333335
0.5844666666666668
0.513
0.5184666666666666
0.6330666666666667
0.5837333333333334
0.4755999999999999
0.4816
0.5923999999999999
0.6153999999999998
0.6703333333333332
0.6163333333333334
0.4891333333333332
0.9863999999999997
0.6295333333333335
0.6988000000000002
0.07000000000000003
0.07000000000000003
0.07000000000000003
0.22000000000000008
0.12000000000000005
0.0686666666666667
