0.31333333333333335
0.5263333333333332
0.5214666666666666
0.11319999999999995
0.06899999999999998
0.06899999999999998
0.06899999999999998
0.06899999999999998
0.06899999999999998
0.23106666666666667
0.23106666666666664
0.09820000000000001
0.21499999999999997
0.08846666666666664
0.2016
0.26053333333333334
0.1274
0.20526666666666665
0.1132
0.29
0.1279333333333333
0.21499999999999997
0.11766666666666663
0.1574
0.29
0.0837333333333333
0.06899999999999998
0.06899999999999998
0.15660000000000002
0.2860666666666667
0.115
0.38166666666666677
2.1895333333333338
1.790933333333334
2.1206666666666667
0.6453333333333333
0.7132666666666668
0.6078
0.4371333333333334
0.7129333333333334
0.303
0.3988666666666667
0.4825333333333334
0.20159999999999997
0.06899999999999998
0.06899999999999998
0.21499999999999997
0.11766666666666663
0.14266666666666666
0.29
0.22499999999999998
0.13713333333333333
0.06899999999999998
0.06899999999999998
0.28933333333333333
0.26106666666666667
0.23280000000000003
0.12400000000000005
0.33553333333333335
0.5949333333333333
0.1666
0.41653333333333337
0.20933333333333332
3.1598
1.0586666666666669
0.8916666666666668
0.8015333333333332
1.0313333333333332
1.3279333333333334
1.3592666666666664
1.4632000000000003
1.357733333333333
1.8190666666666668
3.774666666666667
2.1729999999999996
1.411933333333333
1.7655999999999996
1.802733333333333
1.4889333333333334
1.3787333333333331
0.9886666666666666
1.2123333333333335
1.3552
1.6219999999999999
2.0451333333333332
4.0192
2.273533333333333
2.3475333333333324
1.4261333333333335
0.7270000000000002
0.7970666666666666
0.8224666666666667
1.467
1.074466666666667
1.412866666666667
1.439
