0.07826666666666666
1.0264
3.5309333333333326
0.5587999999999997
0.5163333333333333
0.1584666666666667
0.07499999999999998
0.07499999999999998
0.1603333333333333
0.22433333333333325
0.20366666666666663
0.12646666666666664
0.07499999999999998
0.07499999999999998
0.08566666666666664
0.27359999999999995
0.28053333333333336
0.07499999999999998
0.2986666666666666
0.09179999999999998
2.397066666666666
1.8843999999999999
3.548333333333334
0.3962666666666667
0.3965333333333334
3.2799333333333327
3.2299333333333338
1.7044666666666666
0.47780000000000006
0.40746666666666653
0.4509999999999999
0.322
0.5164666666666664
0.9290666666666668
4.144066666666666
1.6384000000000003
3.0466666666666673
1.3854666666666662
0.11359999999999998
0.21653333333333336
0.07499999999999998
0.07499999999999998
0.1283333333333333
0.2864666666666666
0.22500000000000006
0.07499999999999998
0.07499999999999998
0.2136666666666666
0.171
0.12646666666666667
0.20366666666666672
0.11766666666666664
0.2349999999999999
0.10699999999999997
0.07499999999999998
0.07499999999999998
0.14966666666666661
0.2349999999999999
0.13933333333333334
0.19080000000000005
0.07499999999999998
0.1603333333333333
2.2671333333333332
1.3508
0.07499999999999998
0.07499999999999998
0.07499999999999998
0.9423333333333332
1.6791999999999996
1.174866666666667
0.7992000000000002
0.5703999999999999
0.6106666666666668
3.4636666666666667
4.595266666666666
1.8006666666666662
2.7389999999999994
3.130866666666667
0.9069999999999998
1.5069333333333332
3.9583333333333344
3.792533333333334
2.4492
0.7570666666666669
0.8699999999999998
0.7636666666666668
0.6196666666666668
2.735933333333333
2.8922666666666665
0.8796666666666666
0.47419999999999995
0.8893333333333333
0.5408000000000001
0.7614666666666666
0.9088
0.8059999999999999
