0.053666666666666675
0.05100000000000002
0.05833333333333332
0.06099999999999997
0.06099999999999997
0.1980666666666667
0.32433333333333336
0.13499999999999995
0.06099999999999997
0.06099999999999997
0.06099999999999997
0.18500000000000003
0.08579999999999995
0.17939999999999995
0.2682
0.11060000000000002
0.1602
0.06099999999999997
0.2682
0.2786
0.11059999999999998
0.06099999999999997
0.06099999999999997
0.13540000000000002
0.13540000000000002
0.06099999999999997
0.10539999999999997
0.283
3.3182
1.6707333333333338
0.4387333333333333
1.0061333333333333
3.089866666666666
1.7666666666666673
2.2236
2.9280000000000004
3.5679999999999996
1.5989333333333338
3.271399999999999
3.397
2.9698666666666664
1.7923999999999995
0.15966666666666668
0.17939999999999995
0.2682
0.06099999999999997
0.06099999999999997
0.11060000000000002
0.36740000000000006
0.17939999999999995
0.109
0.22120000000000004
3.2522666666666664
2.7302666666666666
1.9525333333333337
3.8236666666666657
1.9496666666666664
2.6908666666666665
0.7348666666666667
0.38799999999999996
0.13540000000000002
0.2335333333333333
2.0224
4.179399999999999
2.8705333333333334
3.5121999999999995
0.9361999999999999
2.3977333333333335
3.3332666666666664
1.533466666666666
1.0360666666666665
2.3256
0.06099999999999997
0.283
2.8014
0.9216666666666667
1.1406
3.9386666666666668
1.7458
0.8577333333333335
0.9009333333333334
1.6543333333333334
1.0334666666666665
0.9017333333333334
0.9048
3.3626666666666676
3.023000000000001
1.2402666666666669
3.309933333333333
3.263466666666667
3.354266666666667
3.6710666666666683
0.25339999999999996
2.778466666666666
3.446933333333334
3.602266666666666
