0.06566666666666664
0.06433333333333331
0.06899999999999998
0.06899999999999998
0.14100000000000001
0.16799999999999998
0.2759999999999999
0.12419999999999996
0.11220000000000002
0.1554
0.06899999999999998
0.06899999999999998
0.14100000000000001
0.237
0.26219999999999993
0.06899999999999998
0.14100000000000001
0.1266
0.06899999999999998
0.06899999999999998
0.20699999999999996
0.30260000000000004
0.5908
0.6046666666666668
0.4669333333333333
0.4951333333333333
0.6984666666666665
0.7394666666666667
0.7882
0.7002666666666666
1.1311333333333333
0.37373333333333325
0.2759999999999999
0.09659999999999996
0.2112
0.4642666666666667
0.7266666666666666
0.5416
0.09780000000000001
0.1698
0.06899999999999998
0.26219999999999993
0.17939999999999998
0.08339999999999999
0.17700000000000002
0.07619999999999998
0.1242
0.2759999999999999
0.11039999999999997
0.06899999999999998
0.06899999999999998
0.1104
0.2759999999999999
0.1602
0.1626
0.06899999999999998
0.17939999999999998
0.26219999999999993
0.06899999999999998
0.06899999999999998
0.06899999999999998
0.18119999999999997
0.36239999999999994
0.09659999999999996
0.06899999999999998
0.06899999999999998
0.22413333333333335
0.4046666666666666
0.7404
0.6587333333333335
0.6060666666666666
0.5821333333333333
0.6680666666666666
1.3551333333333333
0.7167333333333333
0.9398
1.1055333333333333
1.1606000000000003
1.1473333333333333
1.0524666666666664
1.1048
1.2013333333333336
1.1442666666666665
2.4444666666666666
2.9864666666666664
0.8899333333333335
1.0581333333333334
1.0728666666666669
1.0378
1.059
0.8750666666666669
1.0033333333333334
1.0158666666666667
0.9346666666666669
0.6998666666666665
0.7555999999999999
