0.08966666666666666
0.19779999999999998
0.14233333333333334
0.4600666666666667
0.8148666666666667
0.5197999999999999
0.37066666666666664
0.3873333333333333
0.23006666666666667
0.4206666666666666
0.7768666666666666
0.34653333333333336
0.36226666666666674
0.43960000000000016
2.799866666666667
1.3111333333333335
0.7230666666666666
0.7136666666666668
0.7307333333333332
0.6300666666666667
0.5952666666666667
1.4426666666666668
2.9357333333333337
2.3840666666666666
2.9481999999999995
3.034800000000001
1.6061999999999999
1.4666000000000003
0.38100000000000006
0.7032
0.5251333333333333
0.5221333333333334
0.5979333333333334
0.48260000000000003
0.19700000000000004
0.08033333333333333
0.072
0.19300000000000003
0.22120000000000004
0.11366666666666672
0.072
0.072
0.14700000000000005
0.2120666666666667
0.16880000000000003
0.072
0.072
0.072
0.1698666666666667
0.2776666666666667
0.08033333333333333
0.072
0.072
0.072
0.13653333333333337
0.16100000000000003
0.19700000000000004
0.10533333333333336
0.072
0.072
0.2346666666666667
0.22120000000000004
0.072
0.072
0.072
0.2763333333333334
0.17953333333333338
0.072
0.072
0.072
0.08866666666666666
0.33266666666666667
0.5990666666666666
0.5041999999999999
0.46940000000000004
0.6114666666666666
0.17013333333333336
0.16073333333333337
0.072
0.1886666666666667
0.21073333333333336
0.1284666666666667
0.072
0.072
0.24433333333333335
0.3700666666666666
0.5449999999999998
0.32886666666666664
0.2473333333333333
0.2926666666666666
0.574
0.6609333333333332
0.5665333333333333
0.5826666666666667
0.6839999999999998
0.6431333333333332
