0.06299999999999997
0.06433333333333331
0.08293333333333332
0.37106666666666677
0.21593333333333337
0.15539999999999995
0.11419999999999995
0.18226666666666666
0.1624
0.07299999999999998
0.22206666666666672
0.17620000000000002
0.19513333333333333
0.2632
0.0829333333333333
0.07986666666666666
0.17600000000000002
0.10659999999999997
0.31373333333333336
0.3114
0.1485333333333333
0.07299999999999998
0.07299999999999998
0.20213333333333333
0.41113333333333324
0.3489333333333333
0.36233333333333345
0.41473333333333334
0.5525333333333333
0.4256666666666665
0.5467333333333334
0.5524666666666666
0.5951333333333334
0.8553999999999999
0.1532666666666667
0.24500000000000008
0.1624
0.2784000000000001
0.10046666666666663
0.17620000000000005
0.2358000000000001
0.17600000000000002
0.07986666666666666
0.07299999999999998
0.18766666666666673
0.3289333333333333
0.2769333333333333
0.07299999999999998
0.07299999999999998
0.15539999999999995
0.1539333333333333
0.222
2.4361333333333333
0.18506666666666668
0.4696
0.2239333333333334
0.07299999999999998
0.10733333333333331
0.23106666666666661
0.24500000000000008
0.4779333333333334
0.3488
1.0110666666666666
2.3544
0.7879333333333333
0.8187333333333331
0.8098666666666665
2.0488666666666666
2.8112666666666675
1.059533333333333
1.0012666666666667
1.1607333333333332
0.8999333333333334
0.6696666666666665
0.8302000000000002
1.0652
3.1655333333333333
1.1287333333333334
0.7742
1.3270666666666668
0.8803333333333332
1.3377333333333332
0.8224666666666668
1.3604
1.0121333333333333
0.8448000000000001
0.6145333333333334
0.44186666666666663
0.5950000000000001
0.999466666666667
0.8062000000000001
1.0462
0.6867333333333332
1.2534666666666667
1.2418000000000002
1.4318666666666668
