0.058000000000000024
0.06600000000000003
0.0768666666666667
0.20100000000000004
0.1897333333333333
0.24999999999999994
0.06800000000000003
0.09460000000000003
0.227
0.26299999999999996
0.13300000000000003
0.06800000000000003
0.08573333333333337
0.253
0.27186666666666665
0.10700000000000004
0.12120000000000003
0.17440000000000003
0.15899999999999997
0.26299999999999996
0.06800000000000003
0.1300666666666667
0.16553333333333337
0.06800000000000003
0.09400000000000001
0.26299999999999996
0.13300000000000003
0.06800000000000003
0.2964666666666666
1.2247999999999999
1.5116666666666667
1.7933333333333337
1.4782000000000002
0.44693333333333357
0.2135333333333333
2.5437999999999987
0.383
0.3475333333333334
0.28666666666666674
0.15799999999999995
0.26800000000000007
0.5838666666666668
0.42006666666666653
0.314
0.298
0.4150000000000001
0.23699999999999996
0.1300666666666667
0.16553333333333337
0.09400000000000001
0.26299999999999996
0.13300000000000003
0.06800000000000003
0.06800000000000003
0.2565333333333333
0.3250666666666666
0.06800000000000003
0.06800000000000003
0.06800000000000003
0.107
0.26299999999999996
0.12000000000000005
0.06800000000000003
0.06800000000000003
0.06800000000000003
0.26299999999999996
0.18560000000000001
0.20100000000000004
0.06800000000000003
0.06800000000000003
0.06800000000000003
0.20393333333333333
0.3516666666666666
0.2833333333333334
0.31133333333333335
0.6004666666666668
0.5648000000000001
0.9352
0.6194666666666666
0.4167333333333333
0.47900000000000004
0.5721333333333332
0.7801333333333335
0.7515999999999999
0.5579999999999999
0.6194000000000002
0.6012666666666668
0.5507333333333335
0.4423333333333333
0.4259333333333334
2.4430666666666663
0.6409999999999999
0.7988000000000001
0.5879999999999999
0.33399999999999985
0.060000000000000026
