0.05600000000000002
0.06533333333333337
0.2053333333333334
0.20533333333333334
0.06600000000000003
0.06600000000000003
0.19826666666666667
0.30200000000000016
0.14200000000000002
0.06600000000000003
0.06600000000000003
0.1396
0.15799999999999995
0.06600000000000003
0.2053333333333334
0.20533333333333334
0.06600000000000003
0.06600000000000003
0.06600000000000003
0.2581333333333334
0.2928000000000001
0.09133333333333339
0.06600000000000003
0.0936
0.21666666666666673
0.2560000000000001
0.14200000000000002
0.112
0.6875333333333333
2.127933333333333
0.2278666666666667
0.4070000000000001
0.7295333333333336
0.24066666666666656
0.3216
0.3823333333333334
0.3699999999999999
0.5316666666666666
0.5104666666666666
0.2291999999999999
0.14833333333333332
0.1502
0.3436666666666666
0.4431333333333335
0.16473333333333334
0.15880000000000002
0.14046666666666666
0.46060000000000006
1.8765999999999998
1.9760666666666666
0.7625333333333333
0.3957333333333333
0.8919333333333336
0.9073999999999999
0.5266000000000001
0.4749999999999999
0.41819999999999996
0.06600000000000003
0.06600000000000003
0.06600000000000003
0.06600000000000003
0.2674666666666667
0.3088
0.06600000000000003
0.17153333333333334
0.34826666666666667
0.9501333333333335
0.6702000000000001
0.4639333333333333
0.3590666666666666
0.45686666666666664
0.48446666666666666
0.5741999999999999
0.4418666666666667
0.5814666666666667
0.5004666666666666
0.5594
1.0493333333333335
1.2939999999999998
0.7813333333333331
0.9624666666666667
0.42193333333333327
0.37753333333333344
0.7666666666666665
1.2925333333333333
0.8337999999999999
0.7684666666666667
0.5244000000000001
0.6322
0.5422666666666666
0.5299333333333335
1.129
0.10280000000000003
0.06600000000000003
0.06600000000000003
0.196
