0.060000000000000026
0.06200000000000003
0.10720000000000002
0.1444
0.2445333333333334
0.1697333333333333
0.07000000000000003
0.07000000000000003
0.1568
0.14466666666666672
0.25700000000000006
0.10740000000000004
0.07000000000000003
0.07000000000000003
0.09493333333333336
0.25700000000000006
0.20053333333333329
0.11340000000000003
0.07000000000000003
0.07000000000000003
0.07000000000000003
0.07000000000000003
0.07000000000000003
0.07000000000000003
0.16946666666666668
0.31899999999999995
0.10673333333333337
0.09440000000000003
0.1026666666666667
0.14500000000000002
2.328266666666666
0.3196666666666667
0.20280000000000004
0.1501333333333333
0.1946666666666667
0.24893333333333334
0.38460000000000005
0.2643333333333333
0.07000000000000003
0.132
0.11960000000000003
0.18220000000000003
0.23206666666666673
0.07620000000000003
0.16299999999999998
0.08240000000000004
0.0824666666666667
0.25700000000000006
0.24479999999999996
0.2567999999999999
0.48746666666666655
0.3712666666666667
0.36000000000000004
0.20406666666666667
0.07000000000000003
0.07000000000000003
0.15059999999999998
0.10100000000000003
0.13233333333333336
0.2632000000000001
0.18793333333333326
0.08240000000000004
0.10433333333333336
0.17300000000000001
0.2781333333333334
0.4118
0.2799333333333333
0.7068000000000002
0.2702
0.6359999999999999
0.7616666666666667
0.5470666666666666
0.32259999999999994
0.3210666666666666
0.26266666666666677
0.481
0.4968666666666666
0.30753333333333344
0.12639999999999996
0.24566666666666667
0.4525333333333332
0.40246666666666664
0.45246666666666646
0.3986
0.43099999999999994
1.5559333333333334
1.7744666666666669
0.36200000000000004
0.3425333333333333
0.32799999999999996
0.25700000000000006
0.19446666666666662
0.1444
0.07000000000000003
0.07000000000000003
0.06800000000000003
