0.07533333333333332
0.15513333333333337
0.25766666666666677
0.076
0.076
0.076
0.17786666666666665
0.2542666666666666
0.076
0.076
0.076
0.2415333333333333
0.1906
0.076
0.076
0.1651333333333333
0.26699999999999996
0.076
0.076
0.076
0.076
0.076
0.15239999999999998
0.26699999999999996
0.15573333333333336
0.28966666666666663
2.968333333333334
0.9928
2.8311999999999995
2.855933333333333
2.589133333333334
0.509
0.6516666666666667
0.6857333333333334
0.7223333333333333
1.21
2.6347333333333327
0.6802666666666667
2.842466666666667
3.0959999999999996
3.330799999999999
3.678599999999998
1.3118666666666674
0.19319999999999996
0.34006666666666674
0.26699999999999996
0.08873333333333334
0.076
0.076
0.076
0.076
0.076
0.07933333333333333
0.15666666666666665
0.3002666666666667
0.3731333333333333
2.588199999999999
0.8789999999999994
0.30966666666666665
0.45499999999999996
0.43866666666666654
0.4646666666666668
0.5246666666666667
0.7183333333333335
1.7368000000000003
2.8472666666666666
2.8910000000000005
2.8186000000000004
2.0289333333333337
0.4515333333333333
0.4669999999999999
0.5662666666666667
0.614
0.6996000000000001
0.8349333333333335
1.0182666666666667
1.5021999999999998
1.1118
0.9768000000000001
0.8758666666666666
1.318
0.9929999999999999
0.7300666666666668
0.6558666666666666
0.5514666666666667
0.7033333333333334
0.9983333333333331
1.0214666666666667
0.9433333333333332
0.98
1.0212666666666665
2.8779333333333335
0.9575999999999999
0.8972666666666664
1.216533333333333
1.1917333333333338
