0.06800000000000003
0.058666666666666686
0.059333333333333356
0.09466666666666669
0.2679999999999999
0.23879999999999998
0.1532
0.06800000000000003
0.2013333333333333
0.22799999999999995
0.06800000000000003
0.21
0.11533333333333337
0.06800000000000003
0.06800000000000003
0.29426666666666673
0.32439999999999997
0.06800000000000003
0.06800000000000003
0.0774666666666667
0.21
0.18586666666666668
0.2679999999999999
0.08133333333333338
0.09600000000000002
0.48979999999999996
0.4880000000000001
0.7415333333333334
0.9135333333333334
0.3550666666666666
0.46839999999999987
0.594
0.48073333333333346
0.5304666666666666
0.6476000000000001
0.6130666666666664
0.6098666666666667
0.6284000000000002
0.5893333333333332
0.38000000000000006
1.1026
2.9554666666666662
2.9684
3.3514
4.789933333333333
1.9389333333333327
0.7838
0.3609333333333333
0.6181333333333333
0.5965333333333335
0.6983333333333335
0.21826666666666666
0.218
0.928266666666667
0.5646
0.7525333333333334
0.4335333333333333
0.8654666666666664
0.5638000000000001
0.6330000000000001
0.38193333333333324
0.38433333333333325
0.37166666666666676
0.755
0.8248666666666666
0.6123333333333334
0.5341333333333333
0.5112666666666665
0.38060000000000005
0.3347333333333333
0.39719999999999994
0.6383333333333333
0.7154000000000001
0.5420666666666667
0.4284
0.36966666666666675
0.8836
0.7632666666666666
1.2190666666666665
2.4230666666666663
0.5670000000000001
0.8035333333333334
1.0202666666666669
0.9376
2.6075999999999993
1.2679333333333331
1.0592666666666666
1.0183333333333333
1.1019333333333337
0.8999333333333333
0.7308666666666667
0.7120666666666666
0.7205333333333332
0.652
0.06800000000000003
0.21
