0.067
0.23900000000000002
0.367
0.18699999999999997
0.227
0.227
0.227
0.12560000000000002
0.05800000000000001
0.05800000000000001
0.064
0.068
0.068
0.068
0.068
0.068
0.068
0.068
0.068
0.068
0.068
0.068
0.068
0.068
0.068
0.068
0.068
0.068
0.1082
0.269
0.269
0.269
0.269
0.1082
0.068
0.068
0.068
0.068
0.068
0.068
0.068
0.068
0.068
0.068
0.1484
0.269
0.269
0.269
0.269
0.068
0.068
0.068
0.068
0.068
0.068
0.0668
0.166
0.28600000000000003
0.266
1.2144000000000001
0.166
0.166
0.166
0.166
0.24620000000000003
0.367
0.45359999999999995
0.4779999999999999
0.49000000000000005
0.3892
0.397
0.404
0.417
0.497
0.537
0.481
0.557
1.5253999999999999
0.457
0.457
0.457
0.458
0.6468
0.627
0.603
0.547
0.5266
0.406
0.366
0.366
6.7432
0.466
1.5024000000000002
0.406
0.3016
0.315
0.347
0.43500000000000005
0.475
0.5349999999999999
0.47140000000000004
0.6160000000000001
0.6960000000000001
0.756
0.724
0.5549999999999999
0.6066
0.6664
0.716
0.5808
0.42299999999999993
0.38520000000000004
0.41900000000000004
0.318
0.3052
0.298
0.3728
0.434
0.554
0.6908000000000001
0.618
0.4756
0.35600000000000004
0.30500000000000005
2.3614
4.4538
0.209
0.209
0.209
0.209
0.209
0.189
0.31
0.31
0.32660000000000006
0.328
0.1954
0.11500000000000002
0.11500000000000002
0.11500000000000002
0.11500000000000002
0.215
0.203
1.2234000000000003
0.365
0.5150000000000001
0.095
0.095
0.1982
0.1532
0.066
0.066
0.066
0.066
0.0704
0.2378
0.278
0.278
0.278
0.1976
0.077
0.077
0.186
0.215
0.215
0.215
0.215
0.215
0.215
0.2062
0.2112
0.417
0.417
0.417
0.417
0.2964
0.21600000000000003
0.2044
0.187
0.3106
0.387
0.387
0.41979999999999995
0.4149999999999999
0.4952
0.636
0.624
0.6679999999999999
0.736
0.5752
0.5349999999999999
0.583
0.6122
0.5780000000000001
0.504
0.41900000000000004
0.351
0.3976
1.5114
0.572
0.602
0.7892
0.782
2.8408
5.0847999999999995
0.9364000000000001
0.8652
0.842
0.5609999999999999
0.5882
0.61
0.61
0.599
0.5318
0.4774
0.375
0.37940000000000007
0.615
0.655
1.6674
0.707
0.6264000000000001
0.9783999999999999
2.828
2.86
2.8996
0.624
0.624
0.68
0.596
0.5640000000000001
0.6152
0.6316
0.6759999999999999
0.8043999999999999
0.985
0.9650000000000001
0.8450000000000001
0.8715999999999999
0.783
0.7718
7.0312
0.7224
0.766
0.766
0.7756000000000001
0.6859999999999999
0.6234
0.7846
0.807
0.747
0.8398
0.8444
0.707
0.671
0.585
0.6859999999999999
0.6981999999999999
0.7647999999999999
0.7608
0.663
0.6282000000000001
0.7694000000000001
0.8664
0.7969999999999999
0.697
0.859
0.5489999999999999
0.4046
0.373
0.413
0.37299999999999994
0.301
0.426
0.40199999999999997
0.5052000000000001
0.7477999999999999
0.7879999999999999
0.6968
0.6449999999999999
0.5246
0.32039999999999996
0.37500000000000006
0.23499999999999996
0.199
0.184
0.184
0.1936
