0.07099999999999998
0.10620000000000002
0.218
0.254
0.07099999999999998
0.07099999999999998
0.07099999999999998
0.23686666666666661
0.2863333333333332
0.07099999999999998
0.07099999999999998
0.07099999999999998
0.07099999999999998
0.09566666666666664
0.2781333333333334
0.3707333333333332
0.13199999999999998
0.07099999999999998
0.07099999999999998
0.07099999999999998
0.2800666666666666
0.24313333333333334
0.09000000000000001
0.11533333333333336
0.14853333333333335
0.19933333333333333
1.8247333333333333
2.4963333333333333
2.3016666666666667
2.0774000000000004
0.3255999999999999
0.5280666666666666
0.3707333333333333
0.13933333333333334
0.12113333333333334
0.13366666666666666
0.07099999999999998
0.2296
0.20173333333333332
0.3222666666666667
2.2062
0.36000000000000004
0.9286666666666666
0.3996666666666667
2.093133333333333
2.6338000000000004
0.32139999999999996
0.3164
0.40373333333333344
0.4822
0.7474000000000002
0.2958
0.594
0.42266666666666663
0.34100000000000014
0.2707333333333334
0.40273333333333344
0.48840000000000006
0.7939333333333336
0.20900000000000005
0.7766666666666667
0.4884
0.41713333333333324
0.6416000000000001
0.7832000000000001
0.5482
0.07099999999999998
0.07099999999999998
0.19959999999999997
0.32359999999999994
0.07099999999999998
0.07099999999999998
0.07099999999999998
0.07099999999999998
0.07099999999999998
0.07099999999999998
0.31073333333333325
0.21246666666666672
0.07099999999999998
0.07099999999999998
0.11979999999999998
0.2978666666666666
0.1765333333333334
0.07099999999999998
0.07099999999999998
0.07099999999999998
0.3044666666666666
0.21873333333333336
0.3812
0.39986666666666665
0.3858666666666667
0.48186666666666667
0.08319999999999997
0.0835333333333333
0.165
0.07726666666666664
