0.07
0.07
0.06
0.06
0.06
0.06
0.06
0.06
0.06
0.06
0.06
0.06
0.06
0.06
0.06
0.06
0.06
0.06
0.06
0.06
0.06
0.06
0.06
0.06
0.06
0.06
0.06
0.06
0.06
0.06
0.06
0.06
0.07
0.07
0.07
0.07
0.07
0.07
0.07
0.07
0.07
0.07
0.07
0.07
0.07
0.07
0.07
0.07
0.07
0.07
0.07
0.07
0.07
0.07
0.07
0.07
0.07
0.07
0.07
0.07
0.07
0.07
0.07
0.07
0.07
0.07
0.07
0.07
0.07
0.07
0.07
0.07
0.207
0.207
0.207
0.207
0.207
0.207
0.207
0.207
0.207
0.207
0.207
0.207
0.207
0.207
0.207
0.207
0.207
0.207
0.207
0.207
0.07
0.07
0.07
0.07
0.07
0.07
0.07
0.07
0.07
0.07
0.07
0.07
0.07
0.07
0.07
0.07
0.07
0.07
0.07
0.07
0.07
0.07
0.07
0.07
0.07
0.07
0.07
0.07
0.07
0.07
0.07
0.07
0.07
0.07
0.07
0.07
0.07
0.07
0.07
0.07
0.07
0.07
0.07
0.07
0.207
0.207
0.207
0.207
0.207
0.207
0.207
0.207
0.207
0.207
0.207
0.207
0.207
0.207
0.207
0.207
0.207
0.207
0.207
0.207
0.07
0.07
0.07
0.07
0.07
0.07
0.07
0.07
0.07
0.07
0.07
0.07
0.07
0.07
0.07
0.07
0.07
0.07
0.07
0.07
0.07
0.07
0.07
0.07
0.07
0.07
0.07
0.07
0.07
0.07
0.07
0.07
0.07
0.07
0.07
0.07
0.07
0.07
0.07
0.07
0.07
0.07
0.07
0.07
0.07
0.07
0.07
0.07
0.07
0.07
0.07
0.07
0.07
0.07
0.07
0.07
0.07
0.07
0.07
0.07
0.207
0.207
0.207
0.207
0.207
0.207
0.207
0.207
0.207
0.207
0.207
0.207
0.207
0.207
0.207
0.207
0.207
0.207
0.207
0.207
0.07
0.07
0.07
0.07
0.07
0.07
0.07
0.07
0.07
0.07
0.07
0.07
0.07
0.07
0.07
0.07
0.07
0.07
0.07
0.07
0.07
0.07
0.07
0.07
0.07
0.07
0.07
0.07
0.07
0.07
0.07
0.07
0.07
0.07
0.07
0.07
0.07
0.07
0.07
0.07
0.07
0.07
0.07
0.07
0.07
0.07
0.07
0.07
0.07
0.07
0.207
0.207
0.207
0.207
0.207
0.207
0.207
0.207
0.207
0.207
0.207
0.207
0.207
0.207
0.207
0.207
0.207
0.207
0.207
0.207
0.07
0.07
0.07
0.07
0.07
0.07
0.07
0.07
0.07
0.07
0.07
0.07
0.07
0.07
0.07
0.07
0.07
0.07
0.07
0.07
0.07
0.07
0.07
0.07
0.07
0.07
0.07
0.07
0.07
0.07
0.07
0.07
0.07
0.07
0.07
0.07
0.07
0.07
0.07
0.07
0.07
0.07
0.07
0.07
0.07
0.07
0.07
0.07
0.07
0.07
0.07
0.07
0.07
0.07
0.07
0.07
0.07
0.07
0.207
0.207
0.207
0.207
0.207
0.207
0.207
0.207
0.207
0.207
0.207
0.207
0.207
0.207
0.207
0.207
0.207
0.207
0.207
0.207
0.07
0.07
0.07
0.07
0.07
0.07
0.07
0.07
0.07
0.07
0.07
0.07
0.07
0.07
0.07
0.07
0.07
0.07
0.07
0.07
0.07
0.07
0.07
0.07
0.07
0.07
0.07
0.07
0.07
0.07
0.07
0.07
0.07
0.07
0.07
0.07
0.07
0.07
0.07
0.07
0.07
0.07
0.07
0.07
0.07
0.07
0.07
0.07
0.07
0.07
0.07
0.07
0.07
0.07
0.07
0.07
0.07
0.07
0.07
0.07
0.07
0.07
0.207
0.207
0.207
0.207
0.207
0.207
0.207
0.207
0.207
0.207
0.207
0.207
0.207
0.207
0.207
0.207
0.207
0.207
0.207
0.207
0.07
0.07
0.07
0.07
0.07
0.07
0.07
0.07
0.07
0.07
0.07
0.07
0.07
0.07
0.07
0.07
0.07
0.07
0.07
0.07
0.07
0.07
0.07
0.07
0.069
0.069
0.069
0.069
0.069
0.069
0.069
0.078
0.229
0.229
0.229
0.229
0.229
0.229
0.229
0.229
0.069
0.081
0.081
0.081
0.116
0.116
0.116
0.116
0.116
0.116
0.176
0.176
0.176
0.276
0.375
0.375
0.375
0.452
0.452
0.452
0.452
0.512
0.547
0.5
0.5
0.5
0.5
0.6
0.6
0.6
0.6
0.6
0.6
0.6
0.6
0.62
0.68
0.543
0.543
0.543
0.543
0.483
0.483
0.483
0.483
0.483
0.463
0.623
0.623
0.623
0.643
0.643
0.723
0.723
0.723
0.723
0.723
0.723
0.723
0.723
0.723
0.939
0.939
0.839
0.939
0.939
0.939
0.939
0.939
0.964
2.97
2.97
2.97
2.97
2.97
2.97
2.97
2.97
2.97
2.97
2.97
2.97
2.97
2.957
2.857
2.957
3.037
3.097
3.185
3.125
3.195
3.16
3.04
2.98
2.98
2.98
2.98
0.858
1.972
1.872
1.872
0.758
0.771
0.799
0.799
0.799
0.799
0.799
0.799
0.799
0.78
0.917
1.281
1.281
1.281
1.281
0.917
0.917
0.917
0.917
0.917
0.917
0.917
0.917
0.917
0.917
0.917
0.917
0.917
0.857
0.857
0.72
0.72
0.72
0.72
0.72
0.72
0.72
0.72
0.72
0.72
0.72
0.72
0.72
0.72
0.72
0.72
0.72
0.72
0.72
0.72
0.72
0.72
0.72
0.72
0.72
0.72
0.72
0.72
0.66
0.66
0.56
2.928
2.928
2.928
2.928
2.564
2.564
2.564
2.564
2.564
2.564
2.564
2.564
2.564
2.564
2.536
2.536
2.536
2.536
2.536
2.673
0.656
0.656
0.656
0.656
0.656
0.684
0.684
0.684
0.684
0.684
0.684
0.684
0.684
0.684
0.684
0.684
0.684
0.684
0.684
0.547
0.547
0.547
0.547
0.547
0.547
0.547
0.547
0.547
0.547
0.547
0.547
0.607
0.642
0.642
0.754
0.694
0.706
0.706
0.806
0.806
0.806
0.806
0.806
0.806
0.806
0.926
0.886
0.786
0.786
0.67
0.67
0.83
0.902
0.902
1.002
1.002
1.002
0.802
0.802
0.802
2.949
3.049
3.089
3.089
3.089
3.089
3.089
3.089
3.149
3.149
3.149
3.209
3.261
3.378
3.318
3.318
3.218
3.218
3.178
3.178
3.138
1.167
1.107
1.011
1.011
2.933
2.933
3.049
3.049
3.049
3.124
3.124
3.124
2.836
2.836
2.836
2.896
2.896
2.936
2.956
2.956
2.936
2.936
2.936
2.936
0.919
0.919
0.939
0.839
0.967
0.907
0.907
0.916
0.976
1.067
1.067
1.067
1.067
1.067
1.067
1.067
1.067
1.067
1.007
0.927
3.544
3.544
3.564
3.564
3.532
3.532
3.567
3.433
3.624
3.636
3.496
3.496
3.546
3.546
3.596
3.596
3.606
3.606
3.97
4.147
1.53
1.353
0.909
0.909
0.909
0.909
0.897
0.797
0.797
0.797
0.797
0.797
1.034
1.034
0.857
0.857
0.857
0.857
0.797
0.797
0.797
0.797
0.737
0.871
0.871
1.085
1.098
0.921
0.981
0.981
0.981
0.981
0.981
0.981
0.871
0.871
0.871
0.871
1.048
1.048
1.366
1.366
1.366
1.466
1.466
0.762
0.762
0.702
0.722
0.722
0.722
0.782
0.782
0.842
0.782
0.782
0.782
0.754
0.754
0.754
0.754
0.754
0.742
0.742
0.754
0.814
0.814
0.814
0.754
0.814
0.842
0.842
0.802
0.742
0.682
0.682
0.682
0.682
0.682
0.682
0.782
0.782
0.882
0.782
0.832
0.832
0.819
0.769
0.869
0.857
0.857
0.857
0.857
0.857
0.897
0.897
0.897
1.034
1.034
1.034
1.034
1.034
0.994
0.994
1.094
1.094
1.094
1.094
1.094
1.094
1.094
1.094
1.154
1.154
1.154
1.154
1.054
0.917
0.917
0.917
0.917
0.917
0.917
0.917
1.017
1.077
0.917
0.917
0.917
0.817
0.817
0.817
0.817
0.809
0.797
0.797
0.797
0.797
0.897
0.817
0.797
0.797
0.797
0.769
0.709
0.709
0.709
0.769
0.769
0.709
0.709
0.721
0.721
0.605
0.605
0.705
0.705
0.705
0.705
0.805
0.805
0.805
0.805
0.717
0.854
0.854
0.854
0.854
0.854
0.942
0.942
0.942
0.942
0.942
0.942
0.93
0.93
0.93
0.83
0.83
0.83
0.83
0.83
0.77
0.633
0.573
0.573
3.19
3.29
3.34
3.34
3.34
3.29
3.35
3.35
3.35
3.35
3.35
3.35
3.31
3.25
3.25
3.25
3.31
3.31
3.31
3.25
0.633
0.693
0.693
0.713
0.713
0.713
0.773
0.773
0.738
2.85
2.79
2.89
0.718
0.683
0.683
0.683
0.623
0.739
0.639
0.639
0.639
0.639
0.639
0.639
0.639
0.639
0.689
0.749
0.749
0.749
0.809
0.789
0.789
0.689
0.689
0.661
0.661
0.601
0.661
0.661
0.601
0.651
0.651
0.698
0.686
0.686
0.721
0.721
0.681
0.581
0.593
0.593
0.593
0.593
0.593
0.593
0.633
0.693
0.633
0.733
0.758
0.658
0.658
0.658
0.658
0.658
0.658
0.658
0.758
0.825
0.725
0.685
0.685
0.685
0.685
0.685
0.82
2.932
2.832
2.832
0.708
3.325
3.325
3.375
3.345
3.345
3.345
3.345
3.379
3.342
3.292
3.292
3.32
3.28
3.18
3.278
3.278
3.278
3.278
3.108
3.168
0.551
0.551
0.551
0.651
0.651
0.611
0.651
0.591
0.691
0.691
0.591
0.491
0.491
0.491
0.491
0.357
0.357
0.357
0.357
0.344
0.344
0.344
0.344
0.284
0.284
0.296
0.356
0.284
0.384
0.384
0.384
0.469
0.517
0.517
0.517
0.517
0.517
0.477
0.377
0.377
0.377
0.513
0.525
0.525
0.553
0.553
0.553
0.64
0.7
0.8
0.7
0.7
0.7
0.7
0.8
0.9
0.96
0.844
0.844
0.756
0.756
3.313
3.353
3.353
3.325
3.325
3.285
3.148
3.148
3.088
3.204
3.204
3.204
3.264
3.264
3.264
3.264
3.264
3.264
3.204
3.204
2.699
2.699
2.699
0.587
0.587
0.821
0.821
0.861
0.961
3.598
3.598
3.598
3.598
3.598
3.598
3.598
3.598
3.598
3.498
3.458
3.458
3.458
3.486
3.546
3.526
3.466
3.35
3.35
3.37
0.673
0.789
0.789
0.849
0.849
0.849
0.849
0.889
0.889
0.829
0.829
0.829
0.829
0.889
0.889
0.889
0.901
0.901
0.901
1.001
0.841
0.841
0.829
0.829
0.829
0.829
0.829
0.889
0.889
3.001
3.061
3.061
3.566
3.566
3.626
3.686
3.786
3.726
3.714
3.714
3.714
3.714
3.714
3.714
3.714
3.714
3.714
3.714
3.764
3.764
3.777
3.777
1.16
1.16
1.12
1.12
1.16
1.22
1.22
1.22
1.232
1.232
1.172
1.172
1.272
1.272
1.244
1.244
1.244
1.244
1.244
1.244
1.244
1.144
1.144
1.144
1.144
1.144
1.144
3.848
3.848
3.848
3.848
3.918
3.918
3.918
3.918
3.818
3.878
3.878
3.878
3.878
3.878
3.878
3.878
3.828
3.828
3.793
3.773
1.019
1.019
3.083
3.083
3.123
1.011
1.011
1.011
1.011
1.039
1.039
1.026
1.026
1.026
1.026
1.026
1.026
1.026
1.026
1.39
1.45
1.45
1.35
0.986
0.986
0.986
0.926
0.926
0.926
0.926
0.926
0.926
0.926
0.926
0.914
1.014
1.014
1.014
1.026
1.026
0.07
0.07
0.207
0.207
0.207
0.207
0.207
0.207
0.207
0.207
0.207
0.207
0.207
0.207
0.207
0.207
0.207
0.207
0.207
0.207
0.207
0.207
0.07
0.07
0.07
0.07
0.07
0.07
0.07
0.07
0.07
0.07
0.07
0.07
0.07
0.07
0.07
0.07
0.07
0.07
0.07
0.07
0.07
0.07
0.07
0.07
0.07
0.07
0.07
0.07
