0.04800000000000001
0.2429333333333334
0.058000000000000024
0.058000000000000024
0.058000000000000024
0.058000000000000024
0.058000000000000024
0.058000000000000024
0.07173333333333336
0.2365333333333334
0.058000000000000024
0.058000000000000024
0.058000000000000024
0.058000000000000024
0.08546666666666668
0.22280000000000003
0.058000000000000024
0.058000000000000024
0.058000000000000024
0.058000000000000024
0.2365333333333334
0.07173333333333337
0.058000000000000024
0.058000000000000024
0.07173333333333336
0.2365333333333334
0.058000000000000024
0.058000000000000024
0.058000000000000024
0.058000000000000024
0.4434666666666667
0.16666666666666657
0.15853333333333333
0.3316
0.4508666666666666
0.7612
0.5035333333333333
0.3563333333333333
0.27666666666666667
0.6260666666666668
0.3093333333333333
0.3745333333333332
0.4470666666666666
0.3479999999999999
0.45840000000000003
0.4064
0.39386666666666675
0.3856000000000001
0.3112666666666667
0.3470000000000001
0.30700000000000005
0.3619333333333333
0.6197333333333331
2.4313333333333333
1.135066666666667
0.346
0.5114666666666666
2.4969333333333337
0.7035999999999999
0.5846
0.8788666666666667
0.9423333333333334
0.3949333333333333
0.4353333333333333
0.4032
1.5536
2.6374666666666675
0.9244666666666664
0.7890666666666666
0.7106666666666664
0.8061999999999999
0.8174000000000003
0.9470666666666666
1.0736666666666668
1.0427333333333335
1.0339333333333331
1.100333333333333
1.0246
0.6833333333333333
0.20626666666666657
0.058000000000000024
0.11293333333333334
0.1953333333333333
0.058000000000000024
0.058000000000000024
0.058000000000000024
0.11293333333333334
0.1953333333333333
0.058000000000000024
0.058000000000000024
0.35379999999999995
0.650733333333333
0.058000000000000024
0.11293333333333334
0.1953333333333333
0.05600000000000002
