0.056
0.056
0.056
0.056
0.056
0.056
0.056
0.056
0.056
0.056
0.056
0.056
0.056
0.056
0.056
0.056
0.056
0.056
0.056
0.056
0.056
0.046
0.046
0.046
0.046
0.046
0.046
0.046
0.046
0.046
0.046
0.046
0.046
0.046
0.056
0.056
0.056
0.056
0.056
0.056
0.056
0.056
0.056
0.056
0.056
0.056
0.056
0.056
0.056
0.056
0.056
0.056
0.056
0.056
0.056
0.056
0.056
0.056
0.056
0.056
0.056
0.056
0.056
0.056
0.056
0.056
0.056
0.056
0.056
0.056
0.056
0.056
0.056
0.056
0.056
0.056
0.056
0.056
0.056
0.056
0.056
0.056
0.056
0.056
0.056
0.056
0.056
0.056
0.056
0.056
0.056
0.056
0.056
0.056
0.056
0.056
0.056
0.056
0.056
0.056
0.056
0.056
0.056
0.056
0.056
0.056
0.056
0.056
0.056
0.056
0.056
0.056
0.056
0.056
0.056
0.056
0.056
0.056
0.056
0.056
0.056
0.056
0.056
0.056
0.056
0.056
0.056
0.056
0.056
0.056
0.056
0.056
0.056
0.056
0.056
0.056
0.056
0.056
0.056
0.056
0.056
0.056
0.056
0.056
0.056
0.056
0.056
0.056
0.056
0.056
0.056
0.056
0.056
0.056
0.056
0.056
0.056
0.056
0.056
0.056
0.056
0.056
0.056
0.056
0.056
0.056
0.056
0.056
0.056
0.056
0.056
0.056
0.056
0.056
0.056
0.056
0.056
0.056
0.056
0.056
0.056
0.056
0.056
0.056
0.056
0.056
0.056
0.056
0.056
0.056
0.056
0.056
0.056
0.056
0.056
0.056
0.056
0.056
0.056
0.056
0.056
0.056
0.056
0.056
0.056
0.056
0.056
0.056
0.056
0.056
0.056
0.056
0.056
0.056
0.056
0.056
0.056
0.056
0.056
0.056
0.056
0.056
0.056
0.056
0.056
0.056
0.056
0.056
0.056
0.056
0.056
0.056
0.056
0.056
0.056
0.056
0.056
0.056
0.056
0.056
0.056
0.056
0.056
0.056
0.056
0.056
0.056
0.056
0.056
0.056
0.056
0.056
0.056
0.056
0.056
0.056
0.056
0.056
0.056
0.056
0.056
0.056
0.056
0.056
0.056
0.056
0.056
0.056
0.056
0.056
0.056
0.056
0.056
0.056
0.056
0.056
0.056
0.056
0.056
0.056
0.056
0.056
0.056
0.056
0.056
0.056
0.056
0.056
0.056
0.056
0.056
0.056
0.056
0.056
0.056
0.056
0.056
0.056
0.056
0.056
0.056
0.056
0.056
0.056
0.056
0.056
0.056
0.056
0.056
0.056
0.056
0.056
0.056
0.056
0.056
0.056
0.056
0.056
0.056
0.056
0.056
0.056
0.056
0.056
0.056
0.056
0.056
0.056
0.056
0.056
0.056
0.056
0.056
0.056
0.056
0.056
0.056
0.056
0.056
0.056
0.056
0.056
0.056
0.056
0.056
0.056
0.056
0.056
0.056
0.056
0.056
0.056
0.056
0.056
0.056
0.056
0.056
0.056
0.056
0.056
0.056
0.056
0.056
0.056
0.056
0.056
0.056
0.056
0.056
0.056
0.056
0.056
0.056
0.056
0.056
0.056
0.056
0.056
0.056
0.056
0.056
0.056
0.056
0.056
0.056
0.056
0.056
0.056
0.056
0.056
0.056
0.056
0.056
0.056
0.056
0.056
0.056
0.056
0.056
0.056
0.056
0.056
0.056
0.056
0.056
0.056
0.056
0.056
0.056
0.056
0.056
0.056
0.056
0.056
0.056
0.056
0.056
0.056
0.056
0.056
0.054
0.114
0.054
0.074
0.054
0.054
0.054
0.054
0.114
2.032
2.032
2.032
0.114
0.114
0.114
0.114
0.114
0.114
0.114
0.174
0.114
0.214
0.127
0.127
0.127
0.127
0.127
0.251
0.291
0.291
0.291
0.291
0.291
0.291
0.271
0.271
0.271
0.271
0.291
0.231
0.231
0.231
0.231
0.291
0.291
0.291
0.341
0.351
0.351
0.291
0.291
0.291
0.291
0.291
0.291
0.291
0.291
0.291
0.291
0.291
0.291
0.341
0.341
0.341
0.341
0.341
0.341
0.341
0.301
0.301
0.301
0.301
0.301
0.301
0.301
0.301
0.301
0.177
0.177
0.177
0.177
0.177
0.164
0.164
0.264
0.264
0.264
0.324
0.324
0.324
0.324
0.324
0.324
0.324
0.264
0.264
0.264
0.264
0.324
0.324
0.324
0.324
0.324
0.324
0.324
0.324
0.324
0.324
0.264
0.264
0.264
0.264
0.264
0.264
0.264
0.264
0.324
0.324
0.324
0.324
0.324
0.324
0.324
0.324
0.384
0.384
0.384
0.384
0.384
0.344
0.344
0.344
0.344
0.344
0.344
0.344
0.344
0.344
0.344
0.344
0.344
0.344
0.344
0.344
0.344
0.344
0.344
9.098
9.218
9.218
0.464
0.464
0.464
0.464
0.464
0.464
0.464
0.464
0.464
0.464
0.464
0.464
0.464
0.464
0.464
0.464
0.464
0.464
0.464
0.464
0.464
0.464
0.464
0.588
0.588
0.588
0.588
0.588
0.588
0.588
0.588
0.588
0.588
0.528
0.528
0.528
0.528
0.528
0.528
0.528
0.528
0.528
0.528
0.568
0.528
0.528
0.528
0.528
0.508
0.653
0.774
0.774
0.774
0.774
0.774
0.774
0.774
0.774
0.774
0.774
0.774
0.774
0.714
0.714
0.714
0.714
0.714
0.714
0.714
0.714
0.714
0.714
0.593
0.593
0.593
0.593
0.593
0.593
0.714
0.714
0.714
0.714
0.714
0.714
0.594
0.594
0.594
0.594
0.473
0.473
0.473
0.473
0.473
0.473
0.473
0.473
0.533
0.533
0.533
0.533
0.533
0.533
0.533
0.533
0.673
0.673
0.673
0.673
0.673
0.673
0.673
0.673
0.673
0.673
0.673
0.673
0.673
0.673
0.673
0.673
0.613
0.613
0.613
0.613
0.613
0.613
0.613
0.613
0.563
0.563
0.563
0.563
0.563
0.635
0.635
0.635
0.635
9.389
9.389
9.389
0.635
2.618
2.618
2.618
2.618
2.618
2.618
2.618
2.618
2.618
2.618
2.618
2.618
2.618
2.618
2.618
2.618
2.618
2.618
2.618
2.618
2.618
0.635
0.635
0.635
0.635
0.635
0.635
0.535
0.535
0.535
0.535
0.535
0.535
0.535
0.39
0.39
0.39
0.39
0.39
0.39
0.39
0.39
0.39
0.39
0.39
0.39
0.39
0.39
0.39
0.39
0.39
0.39
0.39
0.39
0.39
0.39
0.39
0.39
0.39
0.39
0.39
0.39
0.39
0.39
0.39
0.39
0.39
0.45
0.45
0.45
0.45
0.45
0.45
0.45
0.39
0.39
0.39
0.39
0.39
0.39
0.39
0.39
0.39
0.45
0.567
0.567
0.39
0.39
0.39
0.39
0.39
0.39
0.39
0.39
0.39
0.39
0.39
0.567
0.567
0.39
0.39
0.39
0.39
0.39
0.39
0.39
0.39
0.39
0.39
0.39
0.567
0.567
0.39
0.39
0.39
0.39
0.39
0.39
0.39
0.128
0.128
0.128
0.128
0.305
0.305
0.623
0.623
0.623
0.623
0.623
0.056
0.056
0.056
0.056
0.056
0.056
0.056
0.056
0.056
0.056
0.056
0.056
0.056
0.056
0.056
0.056
0.056
0.056
0.056
0.056
0.056
0.056
0.056
0.056
0.056
0.056
0.056
0.056
0.056
0.056
0.056
0.056
0.056
0.056
0.056
0.056
0.056
0.056
0.056
0.056
0.056
0.056
0.056
0.056
0.056
0.056
0.056
0.056
0.056
0.056
0.056
0.056
0.056
0.056
0.056
0.056
0.056
0.056
0.056
0.056
0.056
0.056
0.056
0.056
0.056
0.056
0.056
0.056
0.056
0.056
0.056
0.056
0.056
0.056
0.056
0.056
0.056
0.056
0.056
0.056
0.056
0.056
0.056
0.056
0.056
0.056
0.056
0.056
0.056
0.056
0.056
0.056
0.056
0.056
0.056
0.056
0.056
0.056
0.056
0.056
0.056
0.056
0.056
0.056
0.056
0.056
0.056
0.056
0.056
0.056
0.056
0.056
0.056
0.056
0.056
0.056
0.056
0.056
0.056
0.056
0.056
0.056
0.056
0.056
0.056
0.056
0.056
0.056
0.056
0.056
0.056
0.056
0.056
0.056
0.056
0.056
0.056
0.056
0.056
0.056
0.056
0.056
0.056
0.056
0.056
0.056
0.056
0.056
0.056
0.056
0.056
0.056
0.056
0.056
0.056
0.056
0.056
0.056
0.056
0.318
0.318
0.318
0.318
0.318
0.338
0.338
0.338
0.338
0.398
0.438
0.378
0.559
0.559
0.559
0.559
0.559
0.559
0.599
0.639
0.639
0.599
0.599
0.599
0.599
0.599
0.599
0.659
0.599
0.599
0.599
0.599
0.599
0.599
0.599
0.659
0.659
0.599
0.599
0.599
0.599
0.599
0.699
0.699
0.699
0.699
0.699
0.639
0.518
0.518
0.578
0.578
0.638
0.638
0.638
0.753
0.813
0.873
0.813
0.813
0.813
0.813
2.815
2.715
4.633
4.633
4.633
2.715
2.715
2.715
2.836
2.836
2.836
2.836
2.836
2.836
2.776
2.776
0.653
0.593
0.593
0.593
0.593
0.593
0.593
0.593
0.593
0.653
0.653
0.653
0.653
0.653
0.653
0.409
0.349
0.349
0.302
0.302
0.302
0.302
0.302
0.302
0.302
0.302
0.302
0.302
0.302
0.342
0.342
0.462
0.462
0.462
0.462
0.462
0.462
0.462
0.607
0.612
0.612
0.612
0.733
0.733
0.733
0.733
0.733
0.733
0.793
0.793
0.793
0.848
0.848
0.948
0.948
0.848
0.848
0.788
0.788
0.788
0.788
0.788
0.788
0.788
0.788
0.788
0.648
0.648
0.648
0.848
0.848
0.788
0.828
0.837
0.837
0.828
0.828
0.888
0.935
0.935
0.935
0.888
0.888
0.888
0.888
0.848
0.848
0.728
0.748
0.848
0.788
0.788
0.788
0.688
0.688
0.688
0.628
0.728
0.728
0.728
0.728
0.628
0.668
0.668
0.752
0.752
0.852
0.852
0.752
0.752
0.607
0.667
0.627
0.503
0.543
0.543
0.543
0.543
0.543
0.543
0.543
0.503
0.603
0.603
0.603
0.603
0.482
0.482
0.482
0.482
0.522
0.522
0.522
0.582
2.545
2.545
2.545
2.545
2.545
2.545
2.545
2.532
2.532
2.472
2.559
2.559
2.559
2.559
2.472
2.472
2.532
2.532
2.532
2.532
2.742
2.742
2.742
2.742
2.742
2.802
2.923
0.96
1
1.06
1
1.06
1.06
1.06
1
1
1
1
1
1
1
1
1
1
1.325
1.325
1.145
1.145
1.145
1.085
0.964
0.964
0.964
0.964
0.964
0.814
0.814
0.814
0.814
0.794
0.794
0.794
0.754
0.754
0.754
0.754
0.754
0.754
0.754
0.754
0.754
0.754
0.654
0.623
0.623
0.663
0.663
0.763
0.823
0.823
0.823
0.823
0.823
0.754
0.754
0.874
0.874
0.874
0.874
0.874
0.834
0.774
0.774
0.714
0.714
0.714
0.714
0.754
0.654
0.654
0.594
0.594
0.594
0.594
0.594
0.594
0.594
0.594
0.429
0.429
0.429
0.489
0.489
0.489
0.489
0.429
0.429
0.516
0.516
0.516
0.661
0.574
0.614
0.614
0.574
0.574
0.587
0.587
0.547
0.547
0.547
0.547
0.556
0.556
0.556
0.616
0.616
0.616
9.37
9.37
9.37
0.531
0.531
0.522
0.522
0.522
0.522
0.522
0.522
0.467
0.467
0.467
0.467
0.467
0.591
0.591
0.591
0.591
0.056
0.056
0.056
0.056
0.056
0.056
0.056
0.056
0.056
0.056
0.056
0.056
0.056
0.056
0.056
0.056
0.056
0.056
0.056
0.056
0.056
0.056
0.056
0.056
0.056
0.056
0.056
0.056
0.056
0.056
0.056
0.056
0.056
0.056
0.056
0.056
0.056
0.056
0.056
0.056
0.056
0.056
0.056
0.056
0.056
0.056
0.056
0.056
0.056
0.056
0.056
0.056
0.056
0.056
0.056
0.056
0.056
0.056
0.056
0.056
0.056
0.056
0.056
0.056
0.056
0.056
0.056
0.056
0.056
0.056
