0.05300000000000001
0.2628666666666667
0.06099999999999997
0.1492
0.3156
0.2140666666666667
0.06099999999999997
0.23460000000000003
0.24113333333333334
0.18699999999999997
0.06099999999999997
0.11566666666666667
0.3477333333333334
0.38020000000000004
0.09879999999999996
0.06099999999999997
0.06099999999999997
0.24260000000000004
0.5255333333333332
0.11326666666666663
0.06099999999999997
0.07193333333333332
0.22500000000000006
0.14253333333333332
0.25
0.28500000000000003
0.08993333333333328
0.06099999999999997
0.06099999999999997
0.06099999999999997
0.16226666666666667
0.31346666666666667
0.21000000000000005
0.176
1.8842
0.37466666666666676
0.48426666666666673
0.3654666666666668
0.36793333333333345
2.3806000000000007
1.6078666666666663
0.5778000000000001
2.1943333333333332
1.2613333333333339
0.39486666666666664
0.9713333333333333
0.3006000000000001
0.5007999999999998
0.5155333333333335
0.5000666666666667
0.47933333333333317
0.4406666666666666
0.34093333333333325
0.41680000000000006
0.22680000000000003
0.6176
0.35373333333333334
0.3806
0.19959999999999997
0.06099999999999997
0.06099999999999997
0.15293333333333334
0.4235999999999999
0.16273333333333334
0.20313333333333336
0.06099999999999997
0.2252666666666667
0.35126666666666667
0.19553333333333336
0.17033333333333334
0.06099999999999997
0.22013333333333338
0.2556
0.3509999999999999
0.11566666666666663
0.06099999999999997
0.26353333333333334
0.11566666666666667
0.22500000000000006
0.06099999999999997
0.18699999999999997
0.3568666666666668
0.11886666666666663
0.06099999999999997
0.17033333333333336
0.2585333333333334
0.3802
0.1333333333333333
0.06099999999999997
0.06099999999999997
0.30226666666666674
0.37346666666666656
0.20566666666666666
0.06099999999999997
0.17033333333333336
0.28373333333333334
