1.457733333333333
2.5585333333333327
0.07433333333333332
0.07499999999999998
0.15099999999999997
0.24899999999999997
0.2703999999999999
0.23599999999999988
0.09646666666666663
0.16366666666666665
0.3043333333333333
0.17020000000000007
0.23986666666666664
0.23879999999999998
0.19739999999999996
0.25179999999999997
0.07499999999999998
0.1573333333333333
0.2519333333333333
0.3756
0.143
0.13199999999999998
0.19639999999999994
0.26606666666666656
0.27899999999999997
0.1294
0.07499999999999998
0.07499999999999998
0.08133333333333331
0.3152666666666667
1.6101333333333334
2.523866666666667
1.8608666666666664
2.4324
3.0730666666666666
2.880133333333334
2.8974000000000006
0.8977333333333332
0.2613333333333332
0.09646666666666663
0.28346666666666664
0.2797333333333334
0.20379999999999995
0.1608666666666667
0.07499999999999998
0.2562666666666667
0.3069333333333334
0.11793333333333332
0.23599999999999988
0.0857333333333333
0.1022
0.27899999999999997
0.19419999999999998
0.33100000000000007
0.09646666666666663
0.21099999999999997
0.2382
0.1716
0.19306666666666666
0.09399999999999999
0.16999999999999996
0.07499999999999998
0.07499999999999998
0.1716
0.3562666666666666
0.21100000000000002
0.07499999999999998
0.09966666666666667
0.6297333333333331
0.44599999999999984
3.2280666666666673
4.534333333333334
0.5588000000000002
0.5909999999999999
0.8712666666666667
0.6244000000000001
0.3399999999999999
0.4306666666666668
0.5196000000000002
1.2502
0.8450666666666665
0.7444000000000003
0.8863333333333334
0.8823333333333333
0.8484666666666667
0.8510000000000001
0.9461999999999999
0.8727333333333331
0.8629999999999999
1.3546
3.4517333333333324
0.9642000000000001
0.5940666666666669
0.533
0.514
0.6078666666666666
