0.069
0.069
0.069
0.069
0.069
0.069
0.069
0.069
0.059
0.059
0.059
0.059
0.059
0.059
0.059
0.059
0.059
0.059
0.059
0.059
0.059
0.059
0.059
0.059
0.059
0.059
0.059
0.059
0.059
0.059
0.059
0.059
0.059
0.059
0.059
0.059
0.059
0.059
0.249
0.249
0.249
0.249
0.249
0.249
0.249
0.249
0.249
0.249
0.249
0.249
0.249
0.249
0.249
0.249
0.249
0.249
0.249
0.249
0.249
0.249
0.069
0.069
0.069
0.069
0.069
0.069
0.069
0.069
0.069
0.069
0.069
0.069
0.069
0.069
0.069
0.069
0.069
0.177
0.177
0.177
0.177
0.177
0.177
0.177
0.177
0.177
0.177
0.177
0.177
0.177
0.177
0.177
0.177
0.177
0.177
0.069
0.069
0.069
0.069
0.069
0.069
0.069
0.069
0.069
0.069
0.069
0.069
0.069
0.069
0.069
0.069
0.069
0.069
0.069
0.069
0.069
0.069
0.069
0.249
0.249
0.249
0.249
0.249
0.249
0.249
0.249
0.249
0.249
0.249
0.249
0.249
0.249
0.249
0.249
0.249
0.249
0.249
0.249
0.249
0.249
0.069
0.069
0.069
0.069
0.069
0.069
0.069
0.069
0.069
0.069
0.069
0.069
0.069
0.069
0.069
0.069
0.069
0.069
0.069
0.069
0.069
0.069
0.069
0.069
0.069
0.069
0.069
0.069
0.069
0.069
0.069
0.069
0.069
0.069
0.069
0.069
0.069
0.069
0.069
0.069
0.069
0.069
0.069
0.069
0.069
0.249
0.249
0.249
0.249
0.249
0.249
0.249
0.249
0.249
0.249
0.249
0.249
0.249
0.357
0.357
0.357
0.357
0.357
0.357
0.357
0.357
0.357
0.177
0.177
0.177
0.177
0.177
0.177
0.177
0.177
0.177
0.069
0.069
0.069
0.069
0.069
0.069
0.069
0.069
0.069
0.069
0.069
0.069
0.069
0.069
0.069
0.069
0.069
0.069
0.069
0.069
0.069
0.069
0.069
0.069
0.069
0.069
0.069
0.069
0.069
0.069
0.069
0.069
0.069
0.069
0.069
0.069
0.069
0.069
0.069
0.249
0.249
0.249
0.249
0.249
0.249
0.249
0.249
0.249
0.249
0.249
0.249
0.249
0.249
0.249
0.249
0.249
0.249
0.249
0.249
0.249
0.249
0.069
0.069
0.069
0.069
0.069
0.069
0.069
0.069
0.069
0.069
0.069
0.069
0.069
0.069
0.069
0.069
0.069
0.069
0.069
0.069
0.069
0.069
0.069
0.069
0.069
0.069
0.069
0.069
0.069
0.069
0.069
0.069
0.069
0.069
0.069
0.069
0.069
0.069
0.069
0.069
0.069
0.069
0.069
0.069
0.177
0.177
0.177
0.177
0.177
0.177
0.177
0.177
0.177
0.177
0.177
0.177
0.177
0.177
0.177
0.177
0.177
0.177
0.249
0.249
0.249
0.249
0.249
0.249
0.249
0.249
0.249
0.249
0.249
0.249
0.249
0.249
0.249
0.249
0.249
0.249
0.249
0.249
0.249
0.249
0.069
0.069
0.069
0.069
0.069
0.069
0.069
0.069
0.069
0.069
0.069
0.069
0.069
0.069
0.069
0.069
0.069
0.069
0.069
0.069
0.069
0.069
0.069
0.069
0.069
0.069
0.069
0.069
0.069
0.069
0.069
0.069
0.069
0.069
0.069
0.069
0.069
0.069
0.069
0.069
0.069
0.069
0.069
0.069
0.069
0.069
0.069
0.069
0.069
0.069
0.069
0.069
0.069
0.069
0.069
0.069
0.069
0.069
0.069
0.069
0.069
0.249
0.249
0.249
0.249
0.249
0.249
0.249
0.249
0.249
0.249
0.249
0.249
0.249
0.249
0.249
0.249
0.249
0.249
0.249
0.249
0.249
0.249
0.069
0.177
0.177
0.177
0.177
0.177
0.177
0.177
0.177
0.177
0.177
0.177
0.177
0.177
0.177
0.177
0.177
0.177
0.177
0.069
0.069
0.069
0.069
0.069
0.069
0.069
0.069
0.069
0.069
0.069
0.069
0.069
0.069
0.069
0.069
0.069
0.069
0.069
0.069
0.069
0.069
0.069
0.069
0.069
0.069
0.069
0.067
0.067
0.247
0.347
0.347
0.387
0.387
0.387
0.387
0.387
0.387
0.387
0.387
0.387
0.387
0.387
0.387
0.387
0.387
0.387
0.387
0.387
0.447
0.347
0.107
0.107
0.107
0.107
0.107
0.107
0.107
0.107
0.107
0.107
0.107
0.107
0.107
0.107
0.107
0.067
0.107
0.107
0.107
0.107
0.207
0.321
3.051
3.051
3.051
3.051
3.051
3.051
3.051
3.051
3.051
3.051
3.051
3.051
13.226
13.226
0.069
0.069
0.069
0.069
0.069
0.069
0.069
0.069
0.069
0.069
0.069
0.069
0.069
0.069
0.069
0.069
0.069
0.069
0.069
0.069
0.177
0.177
0.177
0.177
0.177
0.177
0.177
0.177
0.177
0.177
0.177
0.177
0.177
0.177
0.177
0.177
0.177
0.177
0.069
0.069
0.249
0.249
0.249
0.249
0.249
0.249
0.249
0.249
0.249
0.249
13.206
3.031
0.361
2.422
2.422
2.422
2.422
2.422
2.422
2.422
2.422
2.422
2.242
2.242
2.242
2.242
2.242
2.242
2.242
2.342
2.342
2.342
2.342
2.342
2.342
2.342
2.342
2.342
2.342
2.342
0.281
0.167
0.067
0.067
0.067
0.067
0.067
0.067
0.067
0.067
0.067
0.067
0.067
0.067
0.067
0.067
0.067
0.067
0.067
0.067
0.069
0.069
0.069
0.069
0.069
0.069
0.069
0.069
0.069
0.069
0.069
0.069
0.249
0.249
0.249
0.249
0.249
0.249
0.249
0.249
0.249
0.249
0.249
0.249
0.249
0.249
0.249
0.249
0.249
0.249
0.249
0.249
0.249
0.249
0.069
0.069
0.069
0.069
0.069
0.069
0.069
0.069
0.069
0.069
0.069
0.069
0.069
0.069
0.069
0.069
0.069
0.069
0.069
0.069
0.069
0.069
0.069
0.069
0.069
0.069
0.069
0.069
0.069
0.069
0.069
0.069
0.069
0.069
0.069
0.069
0.069
0.069
0.069
0.069
0.069
0.177
0.177
0.177
0.177
0.177
0.175
0.175
0.175
0.355
0.355
0.355
0.355
0.355
0.355
0.355
0.355
0.355
0.355
0.247
0.247
0.247
0.247
0.247
0.247
0.247
0.247
0.247
0.247
0.247
0.247
0.067
0.067
0.067
0.067
0.067
0.067
0.067
0.067
0.067
0.067
0.067
1.085
1.085
1.085
1.085
1.085
1.085
1.085
1.145
1.085
3.185
3.185
3.185
1.085
1.085
1.085
1.085
1.085
1.085
1.085
1.114
1.114
1.114
1.114
1.114
1.114
3.214
3.214
3.214
1.128
1.128
0.218
0.218
0.218
0.218
0.218
0.218
0.218
0.317
0.317
0.317
0.317
0.317
0.317
0.317
0.317
0.317
0.317
0.317
0.209
0.209
0.209
0.209
0.209
0.389
0.389
0.389
0.389
0.389
0.389
0.389
0.389
0.389
0.389
0.389
0.389
0.389
0.389
0.389
0.389
0.389
0.389
0.389
2.489
2.489
2.603
0.323
0.323
0.323
0.323
0.323
0.323
0.323
0.323
0.323
0.323
0.323
0.323
0.323
0.309
0.21
0.21
0.21
0.181
0.181
0.181
0.181
0.181
0.181
0.181
0.181
0.181
0.181
0.181
0.181
0.181
0.181
0.181
0.181
0.181
0.181
0.181
0.181
0.181
0.181
0.289
0.289
0.289
0.289
0.289
0.289
0.289
0.289
0.303
0.303
0.303
0.303
0.303
0.303
0.303
0.303
0.303
0.303
0.195
0.195
0.195
0.255
0.255
0.255
0.255
0.255
0.255
0.255
0.255
0.255
0.255
0.255
0.255
0.255
0.255
0.435
0.435
0.495
0.495
0.435
0.435
0.495
0.535
0.574
0.574
0.574
0.594
0.534
0.534
2.634
2.634
2.734
0.669
0.669
0.669
0.669
0.669
0.489
2.589
2.589
2.697
0.597
0.597
0.597
0.597
0.597
0.657
0.657
0.643
0.643
0.643
0.643
0.643
0.643
0.643
2.743
2.743
2.643
0.535
0.635
0.435
0.435
0.435
0.435
0.435
0.435
0.435
0.495
0.495
0.595
0.069
0.069
0.069
0.069
0.069
0.069
0.069
0.069
0.069
0.069
0.069
0.069
0.069
0.069
0.069
0.069
0.069
0.069
0.069
0.069
0.069
0.249
0.249
0.249
0.249
0.249
0.249
0.249
0.249
0.249
0.249
0.249
0.249
0.249
0.249
0.249
0.249
0.249
0.249
0.249
0.249
0.249
0.249
0.069
0.069
0.069
0.069
0.069
0.069
0.069
0.069
0.069
0.069
0.069
0.069
0.069
0.069
0.069
0.069
0.069
0.069
0.069
0.069
0.069
0.069
0.069
0.069
0.069
0.069
0.069
0.069
0.069
0.069
0.069
0.069
0.069
0.069
0.069
0.069
0.069
0.069
0.177
0.177
0.177
0.177
0.177
0.177
0.177
0.177
0.177
0.177
0.177
0.177
0.177
0.177
0.177
0.177
0.177
0.177
0.069
0.249
0.249
0.249
0.249
0.249
0.249
0.249
0.249
0.249
0.249
0.249
0.249
0.249
0.249
0.249
0.249
0.249
0.249
0.249
0.249
0.249
0.249
0.069
0.069
0.069
0.069
0.069
0.069
0.069
0.069
0.069
0.069
0.069
0.069
0.069
0.069
0.069
0.069
0.069
0.069
0.28
0.38
0.38
0.415
0.415
0.415
0.415
0.415
0.455
0.42
0.42
0.38
0.38
0.38
0.38
0.38
0.38
0.28
0.166
0.166
0.166
0.166
0.166
0.166
0.166
0.166
0.166
0.166
0.166
0.166
0.166
0.166
0.166
0.166
0.166
0.166
0.166
0.166
0.166
0.166
0.166
0.166
0.166
0.206
0.166
0.166
0.166
0.166
0.166
0.366
0.366
0.266
0.347
0.347
0.347
0.347
0.347
0.347
0.347
0.347
0.347
0.347
0.357
0.357
0.357
0.357
0.357
0.357
0.357
0.357
0.357
0.465
0.465
0.365
0.22
0.22
0.22
0.28
0.28
0.28
0.22
0.22
0.28
0.28
0.28
0.28
0.28
0.28
0.28
0.172
0.172
0.232
0.232
0.232
0.232
0.292
0.392
0.392
0.452
0.452
0.566
0.666
0.606
0.606
0.606
0.606
0.706
0.706
0.606
0.606
0.546
0.546
0.606
0.606
0.486
0.486
0.486
0.486
0.486
0.426
0.426
0.426
0.391
0.391
0.391
0.391
0.391
0.391
0.391
0.391
0.391
0.571
0.571
0.571
0.571
0.561
0.561
0.561
0.561
0.561
0.561
0.621
0.561
0.661
0.721
0.721
0.721
0.621
0.681
0.79
0.79
0.691
0.691
0.511
0.451
0.451
0.451
0.451
0.451
0.451
0.559
0.559
0.559
0.559
0.459
0.559
0.588
0.588
0.588
0.628
0.628
0.628
0.628
0.628
0.628
0.628
0.688
0.688
0.58
0.58
0.58
0.615
0.615
0.615
0.615
0.515
0.614
0.614
0.614
0.514
0.514
0.514
0.514
0.514
0.514
0.514
0.514
0.514
0.514
0.514
0.514
0.479
0.479
0.479
0.479
0.38
0.38
0.38
0.38
0.38
0.069
0.069
0.069
0.069
0.069
0.249
0.249
0.249
0.249
0.249
0.249
0.249
0.249
0.249
0.249
0.249
0.249
0.249
0.249
0.249
0.249
0.357
0.357
0.357
0.357
0.357
0.357
0.177
0.177
0.177
0.177
0.177
0.177
0.177
0.177
0.177
0.177
0.177
0.177
0.069
0.069
0.069
0.069
0.069
0.069
0.069
0.069
0.069
0.069
0.069
0.069
0.069
0.069
0.069
0.069
0.069
0.069
0.069
0.069
0.069
0.069
0.069
0.069
0.069
0.069
0.069
0.069
0.069
0.069
0.069
0.069
0.069
0.069
0.069
0.069
0.069
0.069
0.069
0.069
0.069
0.069
0.069
0.069
0.069
0.069
0.069
0.069
0.069
0.069
0.069
0.069
0.069
0.069
0.069
0.069
0.069
0.069
0.069
0.069
0.069
0.069
0.069
0.069
0.069
0.069
0.069
0.069
0.069
0.069
0.069
0.069
0.069
0.069
0.177
0.177
0.177
0.177
0.177
0.177
0.177
