2.532466666666666
1.1089999999999995
0.06899999999999998
0.06899999999999998
0.20899999999999996
0.12899999999999998
0.06899999999999998
0.06899999999999998
0.06899999999999998
0.06899999999999998
0.099
0.21899999999999997
0.08899999999999997
0.06899999999999998
0.06899999999999998
0.11900000000000001
0.21899999999999997
0.06899999999999998
0.06899999999999998
0.06899999999999998
0.06899999999999998
0.07899999999999999
0.21899999999999997
0.10899999999999997
0.06899999999999998
0.06899999999999998
0.8421999999999997
0.3584666666666666
0.24233333333333335
0.25700000000000006
0.27193333333333336
0.6153333333333334
0.5177333333333334
0.22866666666666663
0.06899999999999998
0.06899999999999998
0.13900000000000004
0.19899999999999998
0.06899999999999998
0.06899999999999998
0.089
0.21899999999999997
0.09899999999999996
0.06899999999999998
0.06899999999999998
0.06899999999999998
0.16440000000000005
2.1443333333333334
2.4814000000000007
0.254
0.06899999999999998
0.06899999999999998
0.06899999999999998
0.06899999999999998
0.06899999999999998
0.06899999999999998
0.06899999999999998
0.06899999999999998
0.06899999999999998
0.06899999999999998
0.06899999999999998
0.204
0.8098666666666666
0.2524666666666667
0.06899999999999998
0.06899999999999998
0.189
0.149
0.06899999999999998
0.06899999999999998
0.26999999999999996
0.7744
0.3121333333333333
0.288
0.23600000000000007
0.36400000000000005
0.3706666666666667
0.396
0.3476
0.34279999999999994
0.356
0.5431999999999999
0.4622666666666666
0.4651999999999998
0.38799999999999996
0.4004666666666666
0.8424666666666666
0.5614
1.5636666666666665
3.4888
2.6500000000000004
2.2159999999999997
0.30653333333333327
0.33673333333333333
0.3223333333333334
0.2220666666666667
