0.062
0.06
0.052000000000000005
0.052000000000000005
0.052000000000000005
0.052000000000000005
0.1258
0.177
0.185
0.185
0.062
0.062
0.18439999999999998
0.215
0.215
0.215
0.0926
0.11120000000000001
0.185
0.185
0.185
0.0866
0.062
0.062
0.062
0.062
0.062
0.062
0.062
0.062
0.11120000000000001
0.185
0.185
0.185
0.0866
0.1232
0.215
0.215
0.215
0.15380000000000002
0.062
0.062
0.062
0.062
0.062
0.062
0.062
0.062
0.1358
0.338
0.338
0.338
0.215
0.062
0.062
0.062
0.062
0.062
0.062
0.062
0.11120000000000001
0.185
0.185
0.185
0.1172
0.215
0.21400000000000002
0.21400000000000002
0.20739999999999997
0.45820000000000005
0.8554
0.266
0.445
0.497
0.529
0.35680000000000006
0.201
0.201
0.2088
0.21400000000000002
0.21400000000000002
0.246
0.21400000000000002
0.198
0.256
0.4084
0.9456
1.5324000000000002
0.8016
0.5421999999999999
0.4640000000000001
0.592
0.672
0.7360000000000001
0.7074
0.8109999999999999
0.776
0.9349999999999999
1.055
1.115
1.0909999999999997
1.055
1.055
1.2012
1.2995999999999999
1.5888000000000002
0.613
0.4192
0.3606
0.7013999999999999
0.825
0.777
0.7344
0.58
0.572
0.272
0.3704
0.395
0.185
0.16040000000000001
0.062
0.18439999999999998
0.215
0.215
0.215
0.0926
0.062
0.062
0.062
0.1358
0.185
0.185
0.185
0.062
0.062
0.062
0.062
0.062
0.062
0.18439999999999998
0.215
0.215
0.215
0.0926
0.062
0.062
0.185
0.185
0.185
0.1358
0.062
0.1232
0.215
0.215
0.215
0.15380000000000002
0.062
0.1358
0.185
0.185
0.185
0.062
0.062
0.09259999999999999
0.215
0.215
0.215
0.18439999999999998
0.062
0.185
0.335
1.1294
0.683
0.199
1.3905999999999998
0.199
0.22960000000000003
0.4144
0.42400000000000004
0.42400000000000004
0.25820000000000004
0.185
0.185
0.185
0.062
0.062
0.062
0.062
0.062
0.062
0.062
0.062
0.0866
0.185
0.185
0.185
0.11120000000000001
0.062
0.062
0.062
0.062
0.062
0.3162
0.5752
1.1522000000000001
1.5904
0.9269999999999999
0.8498000000000001
0.758
0.6656
0.581
0.5399999999999999
0.364
0.41200000000000003
0.316
0.316
0.3256
0.7684
1.361
0.512
0.6616
0.9890000000000001
2.5439999999999996
2.586
2.626
2.1517999999999997
0.511
0.7146
2.1658
0.6608
0.5900000000000001
0.6380000000000001
0.6694000000000001
0.5692
0.7514
0.792
0.8400000000000001
0.817
0.7772
0.724
0.483
0.41100000000000003
0.4902
1.197
0.434
0.5332
0.43520000000000003
0.45199999999999996
0.5953999999999999
0.714
0.6539999999999999
0.602
0.39780000000000004
0.313
0.7922
1.2843999999999998
0.499
0.3236
0.28959999999999997
0.538
0.2896000000000001
0.11019999999999999
0.101
0.101
0.11300000000000002
0.43
0.733
0.664
0.9262
1.0364
0.9158000000000002
0.923
0.929
0.9186
0.906
0.59
0.6272
0.869
1.3122
1.9703999999999997
1.012
1.0796000000000001
1.117
0.9359999999999999
0.944
0.892
0.607
0.581
