0.08399999999999999
0.271
0.47940000000000005
0.648
0.656
0.6542
0.39459999999999995
0.368
0.4064
0.404
0.5
0.56
0.528
0.4
0.278
0.501
0.592
0.62
0.668
0.519
0.302
0.32599999999999996
0.434
0.5402000000000001
0.583
0.5750000000000001
0.475
0.41899999999999993
0.41100000000000003
0.45499999999999996
0.42060000000000003
0.5122
0.544
0.5800000000000001
0.8066000000000001
0.7294
0.6039999999999999
0.692
0.5519999999999999
0.4619999999999999
0.4276000000000001
0.4652
0.515
0.523
1.8548000000000002
0.563
0.5589999999999999
0.593
0.605
0.7090000000000001
1.1636
1.7291999999999998
1.0202
0.915
1.02
0.9549999999999998
0.5248
0.656
0.7280000000000001
0.693
0.693
0.573
0.445
0.33899999999999997
0.33099999999999996
0.5548
0.6112
0.703
0.703
0.703
0.9178000000000001
0.8219999999999998
0.8219999999999998
0.8780000000000001
0.7
1.8927999999999998
0.637
0.637
0.737
0.761
0.777
1.5006
0.909
0.925
1.5777999999999999
1.038
0.95
0.8884000000000001
0.9476000000000001
0.8219999999999998
0.6619999999999999
0.678
0.71
0.6954
0.545
0.637
0.637
0.633
0.709
0.673
1.9888000000000001
0.729
0.721
0.773
0.178
0.277
0.3382
0.43
0.43
0.225
0.1638
0.072
0.072
0.072
0.192
0.192
0.192
0.144
0.13319999999999999
0.38899999999999996
0.43
0.43
0.36880000000000007
0.195
0.072
0.072
0.072
0.072
0.072
0.072
0.13319999999999999
0.225
0.225
0.225
0.1638
0.072
0.072
0.072
0.154
0.277
0.277
0.277
0.277
0.072
0.072
0.072
0.072
0.1026
0.225
0.225
0.225
0.1944
0.072
0.277
0.42000000000000004
0.42000000000000004
0.277
0.22599999999999998
0.192
0.192
0.192
0.072
0.1026
0.225
0.225
0.225
0.1944
0.11299999999999999
0.277
0.32500000000000007
0.397
0.397
0.23299999999999996
0.096
0.072
0.072
0.072
0.072
0.1944
0.225
0.225
0.225
0.1026
0.072
0.072
0.072
0.072
0.11299999999999999
0.277
0.277
0.277
0.49540000000000006
0.386
0.345
0.321
0.1026
0.072
0.072
0.38
0.48199999999999993
0.594
0.7508
0.7614
0.771
0.6910000000000002
0.561
0.426
0.49460000000000004
0.731
0.747
0.747
0.671
0.072
0.072
0.072
0.072
0.277
0.277
0.277
0.277
0.15399999999999997
0.072
0.2486
0.32419999999999993
0.349
0.4554
0.545
0.369
0.28180000000000005
0.25660000000000005
0.40800000000000003
0.6599999999999999
0.75
0.7824
0.76
0.6058
0.522
0.518
0.49399999999999994
0.48339999999999994
0.4878
0.511
0.483
0.4875999999999999
0.598
0.7425999999999999
0.8039999999999999
0.8400000000000001
0.9640000000000001
1.0882
1.0832000000000002
0.833
1.5292000000000001
1.1106
0.6128
1.0266
1.4572
0.608
0.656
0.68
0.6304000000000001
0.7158
0.785
0.759
0.6679999999999999
0.7573999999999999
0.8230000000000001
2.1508000000000003
0.859
0.643
0.534
0.5660000000000001
0.634
0.618
0.518
0.46799999999999997
0.072
0.168
0.192
0.192
0.16799999999999998
0.195
0.277
0.3382
0.43
0.389
0.225
0.15580000000000002
