0.061
0.061
0.061
0.061
0.061
0.061
0.061
0.061
0.061
0.061
0.061
0.061
0.061
0.061
0.061
0.061
0.061
0.061
0.061
0.061
0.071
0.071
0.071
0.24
0.24
0.24
0.24
0.24
0.24
0.24
0.24
0.24
0.24
0.24
0.24
0.24
0.24
0.071
0.071
0.071
0.071
0.071
0.071
0.071
0.071
0.071
0.071
0.071
0.071
0.071
0.071
0.071
0.071
0.071
0.071
0.071
0.071
0.071
0.071
0.071
0.071
0.071
0.071
0.071
0.071
0.071
0.071
0.071
0.071
0.071
0.071
0.071
0.071
0.071
0.071
0.071
0.071
0.071
0.071
0.071
0.071
0.071
0.071
0.071
0.071
0.071
0.071
0.071
0.071
0.071
0.071
0.071
0.071
0.071
0.071
0.24
0.24
0.24
0.24
0.24
0.24
0.24
0.24
0.24
0.24
0.24
0.24
0.24
0.24
0.071
0.071
0.071
0.071
0.071
0.071
0.071
0.071
0.071
0.071
0.071
0.071
0.071
0.071
0.071
0.071
0.071
0.071
0.071
0.071
0.071
0.071
0.071
0.071
0.071
0.071
0.071
0.071
0.071
0.071
0.071
0.071
0.071
0.071
0.071
0.071
0.071
0.071
0.071
0.071
0.071
0.071
0.071
0.071
0.071
0.071
0.071
0.071
0.071
0.071
0.071
0.071
0.071
0.071
0.071
0.071
0.071
0.071
0.071
0.071
0.24
0.24
0.24
0.24
0.24
0.24
0.24
0.24
0.24
0.24
0.24
0.24
0.24
0.24
0.071
0.071
0.071
0.071
0.071
0.071
0.071
0.071
0.071
0.071
0.071
0.071
0.071
0.071
0.071
0.071
0.071
0.071
0.071
0.071
0.071
0.071
0.071
0.071
0.071
0.071
0.071
0.071
0.071
0.071
0.071
0.071
0.071
0.071
0.071
0.071
0.071
0.071
0.071
0.071
0.071
0.071
0.071
0.071
0.071
0.071
0.071
0.071
0.071
0.071
0.071
0.071
0.071
0.071
0.071
0.071
0.071
0.071
0.071
0.071
0.071
0.071
0.071
0.071
0.071
0.071
0.071
0.071
0.071
0.071
0.24
0.24
0.24
0.24
0.24
0.24
0.24
0.24
0.24
0.24
0.24
0.24
0.24
0.24
0.071
0.071
0.071
0.071
0.071
0.071
0.071
0.071
0.071
0.071
0.071
0.071
0.071
0.071
0.071
0.071
0.071
0.071
0.071
0.071
0.071
0.071
0.071
0.071
0.071
0.071
0.071
0.071
0.071
0.071
0.071
0.071
0.071
0.071
0.071
0.071
0.071
0.071
0.071
0.071
0.071
0.071
0.071
0.071
0.071
0.071
0.071
0.071
0.071
0.071
0.071
0.071
0.071
0.071
0.071
0.071
0.071
0.071
0.071
0.071
0.24
0.24
0.24
0.24
0.24
0.24
0.24
0.24
0.24
0.24
0.24
0.24
0.24
0.24
0.071
0.071
0.071
0.071
0.071
0.071
0.071
0.071
0.071
0.071
0.071
0.071
0.071
0.071
0.071
0.071
0.071
0.071
0.071
0.071
0.071
0.071
0.071
0.071
0.071
0.071
0.071
0.071
0.071
0.071
0.071
0.071
0.071
0.071
0.071
0.071
0.071
0.071
0.071
0.071
0.071
0.071
0.071
0.071
0.071
0.071
0.071
0.071
0.071
0.071
0.071
0.071
0.071
0.071
0.071
0.071
0.071
0.071
0.24
0.24
0.24
0.24
0.24
0.24
0.24
0.24
0.24
0.24
0.24
0.238
0.238
0.298
0.129
0.069
0.069
0.069
0.069
0.069
0.069
0.069
0.169
0.169
0.169
0.169
0.169
0.274
0.274
0.274
0.274
0.274
0.274
0.274
0.274
0.274
0.274
0.174
0.174
0.174
0.174
0.174
0.174
0.174
0.174
0.174
0.234
0.269
0.289
0.269
0.269
0.269
0.269
0.269
0.269
0.269
0.269
0.269
0.269
0.269
0.269
0.269
0.309
0.309
0.309
0.309
0.309
0.309
0.309
0.309
0.309
0.309
0.309
0.309
0.309
0.309
0.309
0.309
0.249
0.249
0.249
0.249
0.418
0.418
0.418
0.418
0.418
0.418
0.418
0.418
0.418
0.418
0.418
0.418
0.418
0.578
0.309
0.309
0.309
0.309
0.309
0.249
0.309
0.309
0.274
0.214
0.274
0.274
0.274
0.274
0.274
0.274
0.274
0.234
0.234
0.234
0.234
0.234
0.274
0.274
0.274
0.274
0.274
0.274
0.274
0.274
0.274
0.274
0.274
0.274
0.274
0.294
0.394
0.394
0.394
0.394
0.294
0.294
0.294
0.294
0.294
0.294
0.294
0.294
0.294
0.294
0.294
0.294
0.294
0.294
0.294
0.411
0.411
0.411
0.411
0.306
0.306
0.306
0.306
0.306
0.306
0.306
0.206
0.206
0.206
0.206
0.206
0.206
0.206
0.206
0.206
0.206
0.206
0.206
0.206
0.206
0.206
0.206
0.206
0.206
0.206
0.206
0.206
0.206
0.206
0.206
0.218
0.218
0.218
0.218
0.218
0.218
0.218
0.218
0.218
0.218
0.218
0.218
0.218
0.218
0.218
0.218
0.218
0.218
0.218
0.218
0.218
0.218
0.249
0.418
0.49
0.49
0.49
0.49
0.49
0.49
0.49
0.49
2.473
4.441
4.441
4.324
4.324
4.155
4.155
4.155
4.155
4.155
4.155
4.155
4.155
4.155
4.155
4.155
4.155
4.155
4.155
4.155
4.155
2.172
2.172
2.172
2.172
2.172
2.172
2.172
0.204
0.204
0.204
0.204
0.204
0.204
0.204
0.204
0.204
0.204
0.204
0.204
0.204
0.192
0.192
0.316
0.316
0.316
0.316
0.316
0.316
0.316
0.316
0.316
0.316
0.316
0.316
0.316
0.316
0.651
2.805
2.805
2.805
0.316
0.316
0.285
0.285
0.285
0.285
0.285
0.285
0.285
0.285
0.285
0.285
0.285
0.285
0.285
0.285
0.285
0.285
0.285
0.285
0.285
0.285
0.285
0.462
0.462
0.285
0.285
0.285
0.285
0.285
0.285
0.454
0.454
0.454
0.454
0.454
0.631
0.631
0.454
0.454
0.454
0.454
0.454
0.454
0.454
0.285
0.285
0.285
0.285
0.462
0.462
2.439
2.439
2.451
0.297
0.297
0.297
0.297
0.297
0.297
0.297
0.297
0.474
0.474
0.792
0.792
0.792
0.792
0.792
0.225
0.225
0.225
0.225
0.225
0.225
0.225
0.225
0.225
0.225
0.225
0.225
0.225
0.225
0.225
0.225
0.225
0.225
0.225
2.379
2.379
2.379
0.225
0.225
0.225
0.225
0.225
0.205
0.205
0.205
0.205
0.205
0.205
0.24
0.24
0.24
0.24
0.24
0.24
0.24
0.24
0.24
0.24
0.24
0.24
0.24
0.24
0.071
0.071
0.071
0.071
0.071
0.071
0.071
0.071
0.071
0.071
0.071
0.071
0.071
0.071
0.071
0.071
0.071
0.071
0.071
0.071
0.071
0.071
0.071
0.071
0.071
0.071
0.071
0.071
0.071
0.071
0.071
0.071
0.071
0.071
0.071
0.071
0.071
0.071
0.071
0.071
0.071
0.071
0.071
0.071
0.071
0.071
0.071
0.071
0.071
0.071
0.071
0.071
0.071
0.071
0.071
0.071
0.071
0.071
0.071
0.071
0.24
0.24
0.24
0.24
0.24
0.24
0.24
0.24
0.24
0.24
0.24
0.24
0.24
0.24
0.071
0.071
0.071
0.071
0.071
0.071
0.071
0.071
0.071
0.071
0.071
0.071
0.071
0.071
0.071
0.071
0.071
0.071
0.071
0.071
0.071
0.071
0.071
0.071
0.071
0.071
0.071
0.071
0.071
0.071
0.071
0.071
0.071
0.071
0.071
0.071
0.071
0.071
0.071
0.071
0.071
0.071
0.205
0.205
0.31
0.35
0.35
0.35
0.35
0.305
0.305
0.265
0.382
0.322
0.322
0.322
0.322
0.322
0.322
0.362
0.382
0.382
0.362
0.322
0.491
0.491
0.479
0.479
0.479
0.479
0.479
0.479
0.479
0.479
0.51
0.51
0.51
0.51
0.341
0.341
0.441
0.441
0.441
0.441
0.441
0.441
0.441
0.441
0.441
0.441
0.453
0.453
0.453
0.558
0.558
0.558
0.558
0.558
0.618
0.618
0.618
0.558
0.558
0.558
0.558
0.453
0.453
0.453
0.453
0.453
0.453
0.453
0.453
0.493
0.493
0.393
0.393
0.465
0.465
0.465
0.485
0.565
0.565
0.525
0.505
2.488
2.488
2.488
2.488
2.588
2.588
2.588
2.588
2.593
2.593
2.653
2.822
2.822
2.822
2.762
2.762
2.742
2.742
2.742
2.742
2.742
0.794
0.863
0.894
0.894
0.725
0.725
0.725
0.725
0.725
0.725
0.725
0.725
0.725
0.69
0.69
0.59
0.61
0.598
0.598
0.598
0.598
0.598
0.598
0.598
0.598
0.598
0.598
0.598
0.598
0.598
0.598
0.578
0.638
0.578
0.578
0.578
0.578
0.578
0.578
0.461
0.461
0.461
0.461
0.461
0.461
0.508
0.508
0.528
0.528
0.528
0.528
0.528
0.528
0.528
0.508
0.508
0.508
0.508
0.488
0.488
0.488
0.488
0.488
0.685
0.665
0.648
0.648
0.648
0.648
0.817
0.817
0.817
0.817
0.817
0.817
0.786
0.939
0.939
0.762
0.762
0.762
0.762
0.662
0.458
0.458
0.575
0.575
0.575
0.575
0.752
0.752
0.575
0.575
0.575
0.575
0.575
0.575
0.575
0.575
0.575
0.575
0.575
0.752
0.692
1.01
1.01
1.01
1.01
1.01
0.443
0.443
0.443
0.443
0.443
0.443
0.443
0.443
0.443
0.431
0.431
0.431
0.431
0.431
0.431
0.431
0.431
0.431
0.531
0.531
0.551
0.551
0.551
0.551
0.531
0.531
0.531
0.531
0.531
0.531
0.531
0.531
0.531
0.431
0.331
0.331
0.5
0.5
0.5
0.5
0.5
0.5
0.418
0.418
0.418
0.418
0.418
0.313
0.313
0.313
0.144
0.144
0.144
0.144
0.144
0.144
0.195
0.195
0.195
0.34
0.235
0.235
0.195
0.175
0.175
0.175
0.175
0.175
0.175
0.175
0.175
0.175
0.235
0.235
0.235
0.235
0.195
0.195
0.195
0.195
0.195
0.195
0.195
0.195
0.195
0.195
0.195
0.195
0.195
0.295
0.295
0.355
0.415
0.415
0.415
0.415
0.415
0.415
0.415
0.415
0.415
0.415
0.415
0.415
0.415
0.455
0.415
0.415
0.415
0.532
0.532
0.532
0.512
0.512
0.681
0.681
0.681
0.681
0.681
0.681
0.681
0.681
0.621
0.621
0.621
0.621
0.621
0.621
0.452
0.361
0.361
0.381
0.381
0.381
0.381
0.381
0.381
0.441
0.501
0.441
0.565
0.565
0.565
0.565
0.565
0.565
0.565
0.565
0.565
0.525
0.49
2.644
2.644
2.644
0.49
0.49
0.49
0.49
0.49
0.502
0.502
0.502
0.522
0.462
0.462
0.462
0.462
0.462
0.442
0.442
0.473
0.473
0.356
0.356
0.256
0.256
0.256
0.256
0.256
0.256
0.256
0.256
0.256
0.256
0.256
0.356
0.356
0.356
0.356
0.356
0.356
0.356
0.356
0.356
0.356
0.356
0.336
0.336
0.336
0.336
2.49
2.49
2.49
0.336
0.336
0.336
0.336
0.336
0.336
0.505
0.505
0.505
0.505
0.505
0.505
0.505
0.505
0.505
0.405
0.405
0.405
0.405
0.405
0.236
0.236
0.236
0.236
0.271
0.271
0.271
0.271
0.271
0.259
0.259
0.259
0.259
0.259
0.259
0.259
0.259
0.259
0.259
0.259
0.228
0.228
0.259
0.224
0.224
0.224
0.224
0.224
0.284
0.284
0.284
0.284
0.336
0.336
0.336
0.296
0.331
0.331
0.431
0.431
0.331
0.331
0.331
0.431
0.431
0.431
0.431
0.431
0.396
0.396
0.396
0.396
0.396
0.396
0.396
0.396
0.396
0.396
0.396
0.416
0.416
0.416
0.416
0.565
0.465
0.425
0.425
0.425
0.425
0.425
0.425
0.405
0.405
0.405
0.405
0.405
0.405
0.236
0.236
0.236
0.236
0.236
0.236
0.236
0.226
0.226
0.226
0.226
0.226
0.226
0.226
0.326
0.326
0.326
