0.065
0.065
0.061
0.05500000000000001
0.05500000000000001
0.05500000000000001
0.05500000000000001
0.05500000000000001
0.05900000000000001
0.065
0.065
0.065
0.065
0.065
0.065
0.065
0.065
0.065
0.065
0.065
0.065
0.065
0.065
0.065
0.065
0.065
0.065
0.065
0.065
0.065
0.065
0.065
0.065
0.065
0.065
0.065
0.065
0.065
0.065
0.065
0.065
0.065
0.065
0.065
0.065
0.065
0.065
0.065
0.065
0.065
0.065
0.065
0.065
0.065
0.065
0.065
0.065
0.065
0.065
0.065
0.065
0.065
0.065
0.065
0.065
0.065
0.065
0.065
0.065
0.065
0.065
0.065
0.065
0.065
0.065
0.065
0.065
0.065
0.065
0.065
0.065
0.065
0.065
0.065
0.065
0.065
0.065
0.065
0.063
0.063
0.45899999999999996
0.9150000000000003
0.065
0.065
0.065
0.065
0.065
0.065
0.07899999999999999
0.07899999999999999
0.063
0.07899999999999999
0.10300000000000001
0.10300000000000001
0.10300000000000001
0.095
0.065
0.065
0.065
0.065
0.12300000000000003
0.163
0.18939999999999996
0.196
0.196
0.156
0.13199999999999998
0.472
0.8480000000000001
0.096
0.096
0.096
0.096
0.096
0.096
0.118
0.1018
0.094
0.094
0.1012
0.1012
0.094
0.0988
0.1004
0.10700000000000001
0.10700000000000001
0.10700000000000001
1.235
0.10700000000000001
0.10700000000000001
0.10700000000000001
0.10700000000000001
0.10700000000000001
0.10700000000000001
0.096
0.096
0.096
0.08940000000000001
0.063
0.063
0.063
0.063
0.06960000000000001
0.074
0.074
0.074
0.065
0.065
0.065
0.065
0.065
0.065
0.065
0.065
0.065
0.065
0.065
0.065
0.065
0.065
0.065
0.065
0.065
0.065
0.065
0.065
0.065
0.065
0.065
0.065
0.065
0.065
0.065
0.065
0.065
0.065
0.065
0.065
0.065
0.065
0.065
0.065
0.065
0.065
0.065
0.065
0.065
0.065
0.065
0.065
0.065
0.065
0.065
0.065
0.065
0.065
0.1732
0.11400000000000002
0.11400000000000002
0.11400000000000002
0.11400000000000002
0.11400000000000002
0.13799999999999998
0.146
0.082
0.2974
0.5207999999999999
0.187
0.307
0.33499999999999996
0.34299999999999997
0.327
0.311
0.306
0.2344
0.30899999999999994
0.289
0.21459999999999999
0.28500000000000003
0.309
0.28900000000000003
0.3722
0.30900000000000005
0.4892
0.496
0.4789999999999999
0.49560000000000004
0.4246
0.35019999999999996
1.4974
0.327
0.34700000000000003
0.42699999999999994
0.42699999999999994
0.43360000000000004
0.398
1.514
0.438
0.446
0.49879999999999997
0.429
0.429
0.429
0.429
0.449
0.429
0.46900000000000003
0.429
0.369
0.31880000000000003
0.302
0.28519999999999995
0.065
0.065
0.065
0.065
0.065
0.065
0.065
0.065
0.065
0.065
0.065
0.065
0.065
0.065
0.065
0.065
0.065
0.065
0.065
0.065
0.065
0.065
0.065
0.065
0.065
0.065
