0.06699999999999998
0.06833333333333332
0.07699999999999999
0.07699999999999999
0.14980000000000002
0.23300000000000007
0.07699999999999999
0.07699999999999999
0.07699999999999999
0.07699999999999999
0.07699999999999999
0.07699999999999999
0.08739999999999999
0.23300000000000007
0.1394
0.07699999999999999
0.07699999999999999
0.09780000000000001
0.23300000000000007
0.12899999999999998
0.07699999999999999
0.07699999999999999
0.2406
0.38953333333333345
0.37159999999999993
0.3202
1.2209999999999999
3.834800000000001
3.423333333333334
5.764799999999998
1.5916666666666672
1.8837333333333335
1.7289999999999996
0.5982666666666666
0.568
0.7265999999999998
0.9969999999999999
2.1320000000000006
2.8400666666666665
3.324333333333333
0.42519999999999997
0.29
0.1726
0.1726
0.2558000000000001
0.4447999999999998
0.07699999999999999
0.07699999999999999
0.07699999999999999
0.09780000000000001
0.23300000000000007
0.12899999999999998
0.07699999999999999
0.07699999999999999
0.07699999999999999
0.07699999999999999
0.07699999999999999
0.1082
0.23300000000000007
0.11859999999999998
0.07699999999999999
0.07699999999999999
0.11860000000000001
0.23300000000000007
0.10819999999999998
0.07699999999999999
0.07699999999999999
0.19140000000000007
0.19140000000000004
0.07699999999999999
0.07699999999999999
0.07699999999999999
0.09780000000000001
0.23300000000000007
0.12899999999999998
0.07699999999999999
0.07699999999999999
0.07699999999999999
0.07699999999999999
0.07699999999999999
0.19140000000000007
0.19140000000000004
0.07699999999999999
0.07699999999999999
0.07699999999999999
0.21220000000000006
0.1706
0.07699999999999999
0.07699999999999999
0.07699999999999999
0.07699999999999999
0.07699999999999999
0.09780000000000001
0.23300000000000007
0.12899999999999998
0.07566666666666665
