0.06566666666666664
0.20500000000000007
0.12259999999999997
0.12246666666666667
0.2640000000000001
0.10959999999999996
0.07099999999999998
0.07099999999999998
0.18619999999999998
0.20886666666666673
0.2640000000000001
0.10959999999999996
0.07099999999999998
0.07099999999999998
0.24379999999999993
0.09979999999999996
0.07099999999999998
0.07099999999999998
0.21559999999999999
0.41106666666666675
0.07099999999999998
0.07099999999999998
0.07099999999999998
0.09673333333333332
0.2640000000000001
0.3369333333333333
0.15700000000000003
0.43119999999999997
0.2234
2.481866666666667
2.6368
0.16726666666666676
0.07099999999999998
0.07099999999999998
0.12859999999999996
0.21500000000000002
0.2562666666666667
1.1990000000000003
1.9582666666666666
1.5970000000000004
0.6200666666666667
0.19806666666666664
0.3888
0.07859999999999999
1.3327999999999998
1.8914666666666664
0.4656000000000001
0.14299999999999996
0.14299999999999996
0.14299999999999996
0.38320000000000004
0.2710666666666666
0.4858
0.10879999999999997
0.13533333333333336
0.2640000000000001
0.0967333333333333
0.07099999999999998
0.14299999999999996
0.20060000000000006
0.1482
0.2640000000000001
0.08386666666666663
0.08539999999999998
0.2582
0.21253333333333338
0.21253333333333344
0.07099999999999998
0.15739999999999998
0.1990666666666667
0.5818000000000001
0.3394666666666667
2.901133333333335
0.261
0.3582000000000001
0.6807333333333335
0.6221333333333333
0.4993333333333334
0.5188
0.4696666666666666
0.6532
0.8889333333333332
0.5572666666666666
0.5806666666666668
0.7310666666666666
0.8293333333333334
0.9440666666666667
0.49413333333333326
0.4597333333333334
0.5104000000000002
0.5642666666666666
0.5676000000000002
0.5801333333333335
0.4050000000000001
0.4129999999999999
0.6123333333333335
