0.07
0.07
0.07
0.07
0.07
0.07
0.07
0.07
0.07
0.07
0.07
0.07
0.06
0.06
0.06
0.06
0.06
0.06
0.06
0.06
0.06
0.06
0.06
0.06
0.06
0.06
0.06
0.06
0.06
0.06
0.06
0.06
0.06
0.06
0.06
0.06
0.06
0.06
0.06
0.06
0.06
0.06
0.07
0.07
0.07
0.07
0.07
0.07
0.07
0.07
0.07
0.07
0.07
0.07
0.07
0.07
0.07
0.07
0.07
0.07
0.07
0.07
0.07
0.07
0.07
0.07
0.07
0.07
0.07
0.07
0.07
0.07
0.07
0.07
0.07
0.07
0.07
0.07
0.07
0.07
0.07
0.07
0.07
0.07
0.07
0.07
0.07
0.07
0.07
0.07
0.07
0.07
0.07
0.07
0.07
0.07
0.07
0.07
0.07
0.07
0.07
0.07
0.07
0.07
0.07
0.07
0.07
0.07
0.07
0.07
0.07
0.07
0.07
0.07
0.07
0.07
0.07
0.07
0.07
0.07
0.07
0.07
0.07
0.07
0.07
0.07
0.07
0.07
0.07
0.07
0.07
0.07
0.07
0.07
0.07
0.07
0.252
0.252
0.252
0.252
0.252
0.252
0.252
0.252
0.252
0.252
0.252
0.252
0.252
0.252
0.07
0.07
0.07
0.07
0.07
0.07
0.07
0.07
0.07
0.07
0.07
0.07
0.07
0.07
0.07
0.07
0.07
0.07
0.07
0.07
0.07
0.07
0.07
0.07
0.07
0.07
0.07
0.07
0.07
0.07
0.07
0.07
0.07
0.07
0.07
0.07
0.07
0.07
0.07
0.07
0.07
0.07
0.07
0.07
0.07
0.07
0.07
0.07
0.07
0.07
0.07
0.07
0.07
0.07
0.07
0.07
0.07
0.07
0.07
0.07
0.07
0.07
0.07
0.07
0.07
0.07
0.07
0.07
0.07
0.252
0.252
0.252
0.252
0.252
0.252
0.252
0.252
0.252
0.252
0.252
0.252
0.252
0.252
0.07
0.07
0.07
0.07
0.07
0.07
0.07
0.07
0.07
0.07
0.07
0.07
0.07
0.07
0.07
0.07
0.07
0.07
0.07
0.07
0.07
0.07
0.07
0.07
0.07
0.07
0.07
0.07
0.07
0.07
0.07
0.07
0.07
0.07
0.07
0.07
0.07
0.07
0.07
0.07
0.07
0.07
0.07
0.07
0.07
0.07
0.07
0.07
0.07
0.07
0.07
0.07
0.07
0.07
0.07
0.07
0.07
0.07
0.07
0.07
0.252
0.252
0.252
0.252
0.252
0.252
0.252
0.252
0.252
0.252
0.252
0.252
0.252
0.252
0.07
0.07
0.07
0.07
0.07
0.07
0.07
0.07
0.07
0.07
0.07
0.07
0.07
0.07
0.07
0.07
0.07
0.07
0.07
0.07
0.07
0.07
0.07
0.07
0.07
0.07
0.07
0.07
0.07
0.07
0.07
0.07
0.07
0.07
0.07
0.07
0.07
0.07
0.07
0.07
0.07
0.07
0.07
0.07
0.07
0.07
0.07
0.07
0.07
0.07
0.07
0.07
0.07
0.07
0.07
0.07
0.07
0.07
0.07
0.07
0.07
0.07
0.07
0.07
0.07
0.07
0.07
0.07
0.07
0.07
0.07
0.07
0.07
0.07
0.07
0.07
0.07
0.07
0.07
0.252
0.252
0.252
0.252
0.252
0.252
0.252
0.252
0.252
0.252
0.252
0.252
0.252
0.252
0.07
0.07
0.07
0.07
0.07
0.07
0.07
0.07
0.07
0.07
0.07
0.07
0.07
0.07
0.07
0.07
0.07
0.07
0.07
0.07
0.07
0.07
0.07
0.07
0.07
0.07
0.07
0.07
0.07
0.07
0.07
0.07
0.07
0.07
0.07
0.07
0.07
0.07
0.07
0.07
0.07
0.07
0.07
0.07
0.07
0.07
0.07
0.07
0.07
0.07
0.07
0.07
0.07
0.07
0.07
0.07
0.07
0.07
0.07
0.07
0.07
0.07
0.252
0.252
0.252
0.252
0.252
0.252
0.252
0.252
0.252
0.252
0.252
0.252
0.252
0.252
0.07
0.07
0.07
0.07
0.128
0.068
0.068
0.088
0.088
0.088
0.088
0.088
0.088
0.088
0.148
0.208
0.208
0.188
0.188
0.188
0.188
0.128
0.08
0.08
0.08
0.08
0.08
0.08
0.082
0.094
0.08
0.068
0.068
0.068
0.068
0.103
0.103
0.103
0.103
0.103
0.103
0.103
0.103
0.103
0.115
0.115
0.175
0.175
0.189
0.129
0.175
0.305
0.245
0.245
0.245
0.245
0.245
0.245
0.245
0.245
0.245
0.245
0.245
0.245
0.245
0.233
0.233
0.415
0.415
0.415
0.415
0.415
0.415
0.415
0.415
0.415
0.415
0.415
0.415
0.415
0.415
0.233
0.233
2.315
2.315
2.315
0.233
0.233
0.233
0.233
0.233
0.233
0.233
0.233
0.07
0.07
0.07
0.07
0.07
0.07
0.07
0.07
0.07
0.07
0.07
0.07
0.07
0.07
0.07
0.07
0.07
0.07
0.07
0.07
0.07
0.07
0.07
0.07
0.07
0.07
0.07
0.07
0.07
0.07
0.07
0.07
0.07
0.07
0.07
0.07
0.07
0.07
0.07
0.07
0.07
0.07
0.07
0.07
0.252
0.252
0.252
0.252
0.252
0.252
0.252
0.252
0.252
0.252
0.252
0.252
0.252
0.252
0.07
0.07
0.07
0.07
0.07
0.07
0.07
0.07
0.07
0.07
0.07
0.07
0.07
0.07
0.07
0.07
0.07
0.07
0.07
0.07
0.07
0.07
0.07
0.07
0.07
0.07
0.07
0.07
0.07
0.07
0.07
0.07
0.07
0.07
0.07
0.07
0.07
0.07
0.07
0.07
0.07
0.07
0.07
0.07
0.07
0.07
0.07
0.07
0.07
0.07
0.07
0.07
0.07
0.07
0.07
0.07
0.07
0.07
0.07
0.07
0.252
0.252
0.252
0.252
0.252
0.252
0.252
0.252
0.252
0.252
0.252
0.252
0.252
0.252
0.07
0.07
0.07
0.07
0.07
0.07
0.07
0.07
0.07
0.07
0.07
0.07
0.07
0.07
0.07
0.07
0.07
0.07
0.07
0.07
0.07
0.07
0.07
0.07
0.07
0.07
0.07
0.07
0.07
0.07
0.07
0.07
0.07
0.07
0.07
0.07
0.07
0.07
0.07
0.07
0.07
0.07
0.07
0.07
0.07
0.07
0.07
0.07
0.07
0.07
0.07
0.07
0.07
0.07
0.07
0.07
0.07
0.07
0.07
0.07
0.07
0.07
0.07
0.07
0.07
0.252
0.252
0.252
0.252
0.252
0.252
0.252
0.252
0.252
0.252
0.252
0.252
0.252
0.252
0.07
0.07
0.07
0.07
0.07
0.07
0.07
0.07
0.07
0.07
0.07
0.07
0.07
0.07
0.07
0.07
0.07
0.07
0.07
0.07
0.07
0.07
0.07
0.07
0.07
0.07
0.07
0.07
0.07
0.07
0.07
0.07
0.07
0.07
0.07
0.07
0.07
0.07
0.07
0.07
0.07
0.07
0.07
0.07
0.07
0.07
0.07
0.07
0.07
0.07
0.07
0.07
0.07
0.07
0.07
0.07
0.07
0.07
0.07
0.07
0.07
0.07
0.07
0.07
0.07
0.07
0.07
0.07
0.252
0.252
0.252
0.252
0.252
0.252
0.252
0.252
0.252
0.252
0.252
0.252
0.252
0.252
0.07
0.07
0.07
0.07
0.07
0.07
0.07
0.07
0.07
0.07
0.07
0.07
0.07
0.07
0.07
0.07
0.07
0.07
0.07
0.07
0.07
0.07
0.07
0.07
0.07
0.07
0.07
0.07
0.07
0.07
0.07
0.07
0.07
0.07
0.07
0.07
0.07
0.07
0.07
0.07
0.07
0.07
0.07
0.07
0.07
0.07
0.07
0.07
0.07
0.07
0.07
0.07
0.07
0.07
0.07
0.07
0.07
0.07
0.07
0.07
0.07
0.07
0.07
0.07
0.07
0.07
0.07
0.07
0.252
0.252
0.252
0.252
0.252
0.252
0.252
0.252
0.252
0.252
0.252
0.252
0.252
0.252
0.07
0.07
0.07
0.07
0.07
0.07
0.07
0.07
0.07
0.07
0.07
0.07
0.07
0.07
0.07
0.07
0.07
0.07
0.07
0.07
0.07
0.07
0.07
0.07
0.07
0.07
0.07
0.07
0.07
0.07
0.07
0.07
0.07
0.07
0.07
0.07
0.07
0.07
0.07
0.07
0.07
0.07
0.07
0.07
0.07
0.07
0.07
0.07
0.07
0.07
0.07
0.07
0.07
0.07
0.07
0.391
0.391
0.403
0.303
0.291
0.291
0.291
0.291
0.291
0.291
0.291
0.291
0.346
0.346
0.406
0.406
0.406
0.406
0.406
0.406
0.406
0.406
0.466
0.466
0.431
0.431
0.531
0.406
0.406
0.406
0.406
0.406
0.406
0.406
0.466
0.466
0.466
0.466
0.466
0.466
0.466
0.598
0.538
0.538
0.538
0.538
0.538
0.538
0.598
0.78
0.83
0.89
0.89
0.89
0.89
0.83
0.83
0.78
0.78
0.78
0.76
0.76
0.76
0.578
0.458
0.365
0.365
0.233
0.233
0.293
0.233
0.233
0.233
0.233
0.233
0.233
0.233
0.233
0.233
0.326
0.34
0.326
0.426
0.426
0.426
0.426
0.486
0.486
0.486
0.486
0.861
0.768
0.768
0.768
0.438
0.438
0.438
0.438
0.438
2.721
2.721
2.721
2.735
2.735
2.735
2.721
2.686
2.686
2.686
2.911
2.911
2.911
2.911
2.911
2.911
0.628
0.628
0.628
0.628
0.628
1.817
1.817
1.817
0.628
0.628
0.628
0.628
0.628
0.81
0.81
0.798
0.798
0.798
0.798
0.858
0.906
0.906
0.871
0.871
0.871
0.871
0.871
0.689
0.689
0.689
0.689
0.689
0.689
0.689
0.689
0.701
1.001
1.001
0.701
0.701
0.701
0.701
0.801
0.669
0.669
0.669
0.669
0.669
0.636
0.636
0.716
0.756
0.768
0.768
0.768
0.768
0.768
1.068
1.106
0.806
0.794
0.909
0.909
0.894
0.894
0.894
0.894
0.894
0.894
0.894
0.906
0.906
0.906
0.906
0.906
0.906
0.906
0.906
0.906
0.906
1.038
1.066
1.126
1.066
1.006
0.913
0.913
0.853
0.818
0.818
0.818
0.818
0.818
0.805
0.805
0.805
0.805
0.987
1.047
1.047
1.047
1.047
1.047
1.047
0.987
0.987
0.947
0.947
0.815
0.815
0.815
0.633
0.633
0.633
0.633
0.668
0.668
0.668
0.618
0.678
0.618
0.518
0.53
0.542
0.542
0.427
2.71
2.803
2.803
2.815
2.815
2.815
2.815
2.815
2.815
2.815
2.815
3.008
2.908
2.835
2.947
2.935
0.622
0.582
0.582
0.582
0.582
0.582
0.582
0.522
0.522
0.522
0.522
0.522
0.522
0.522
0.522
0.522
0.462
0.462
0.39
0.39
0.39
0.39
0.45
0.45
0.58
0.673
0.673
0.673
0.673
0.673
0.673
0.773
0.773
0.773
0.773
0.673
0.673
0.673
0.673
0.673
0.623
0.623
0.905
0.905
0.905
0.905
0.905
0.905
0.905
0.905
0.905
0.905
0.905
0.919
0.919
0.919
0.737
0.677
0.644
0.644
0.644
0.632
0.974
0.974
0.974
0.974
0.632
0.632
0.652
0.652
0.652
0.712
0.712
0.619
0.619
0.619
0.619
0.619
0.712
0.712
0.712
0.652
0.652
0.612
0.612
0.612
0.612
0.612
0.612
0.612
0.684
0.684
0.684
0.672
0.672
0.672
0.672
0.705
0.705
0.705
0.705
0.745
0.845
0.845
0.785
0.785
0.785
0.653
0.653
0.653
0.653
0.653
0.653
0.653
0.653
0.593
0.593
0.593
0.593
0.593
0.653
0.785
0.785
0.07
0.07
0.07
0.07
0.07
0.07
0.07
0.07
0.07
0.07
0.07
0.07
0.07
0.07
0.07
0.07
0.07
0.07
0.07
0.07
0.07
0.07
0.07
0.07
0.07
0.07
0.07
0.07
0.07
0.07
0.07
0.07
0.07
0.07
0.07
0.07
0.07
0.07
0.07
0.07
0.07
0.252
0.252
0.252
0.252
0.252
0.252
0.252
0.252
0.252
0.252
0.252
0.252
0.252
0.252
0.07
0.07
0.07
0.07
0.07
