0.068
0.068
0.066
0.05800000000000001
0.05800000000000001
0.05800000000000001
0.05800000000000001
0.05800000000000001
0.06000000000000001
0.068
0.068
0.068
0.068
0.068
0.1496
0.17
0.17
0.1496
0.068
0.16999999999999998
0.238
0.238
0.238
0.20400000000000001
0.068
0.068
0.068
0.068
0.068
0.0884
0.17
0.17
0.17
0.10880000000000001
0.068
0.068
0.238
0.238
0.238
0.238
0.13600000000000004
0.068
0.068
0.17
0.17
0.17
0.12920000000000004
0.068
0.068
0.068
0.13599999999999998
0.238
0.238
0.238
0.238
0.12920000000000004
0.17
0.17
0.17
0.068
0.068
0.068
0.068
0.068
0.238
0.238
0.238
0.238
0.13600000000000004
0.068
0.10880000000000001
0.17
0.17
0.17
0.0884
0.068
0.068
0.068
0.16999999999999998
0.238
0.238
0.238
0.20400000000000001
0.068
0.091
0.067
0.0874
0.169
0.20500000000000002
0.229
0.1678
0.45919999999999994
0.594
0.644
0.9219999999999999
2.534
2.3497999999999997
2.739
1.035
0.287
0.3242
0.38799999999999996
0.43600000000000005
0.4504
0.44800000000000006
0.43200000000000005
0.43200000000000005
0.638
0.6358
0.627
0.5514
0.3168
0.17
0.17
0.213
0.13140000000000002
0.11100000000000002
0.08859999999999998
0.1156
0.26680000000000004
0.362
0.4640000000000001
0.4640000000000001
0.4640000000000001
1.8164000000000002
1.7109999999999999
1.6618
1.6986
1.6170000000000002
1.6170000000000002
1.6170000000000002
1.6301999999999999
1.6309999999999998
1.593
1.539
1.539
0.36760000000000004
0.3814
2.0482
2.4866
2.507
1.2890000000000001
0.3886
0.205
1.017
2.235
2.235
1.8488
0.238
0.298
0.31120000000000003
0.34
0.34
0.34
0.238
0.238
0.2994
0.365
0.5170000000000001
0.535
0.535
0.40800000000000003
0.30700000000000005
0.205
0.238
0.3396
0.365
0.365
0.4058
0.46699999999999997
0.46699999999999997
0.5418
0.5454
1.8712
0.7909999999999999
0.755
0.766
0.7340000000000001
0.6152
0.49939999999999996
0.485
0.485
0.5126
0.623
0.5082
0.37679999999999997
0.502
0.49559999999999993
0.8956
2.4004
2.38
2.4159999999999995
2.5420000000000003
0.567
0.579
0.603
0.511
0.41899999999999993
0.465
0.649
0.6646
1.4098000000000002
0.31
0.17400000000000002
0.14
0.21080000000000002
0.414
0.414
0.4848
0.5244
0.6948000000000001
0.6288
0.5694
0.7577999999999999
1.0056
0.552
0.7154
0.8426
0.741
0.6881999999999999
0.595
0.517
0.509
0.5730000000000001
0.649
0.649
0.617
0.609
0.6085999999999999
0.745
0.7558
0.672
0.6048000000000001
0.672
0.6900000000000001
0.718
0.7268
0.8228
0.884
1.068
1.108
1.1964000000000001
0.238
0.238
0.238
0.13600000000000004
0.068
0.068
0.068
0.068
0.068
0.068
0.068
0.10880000000000001
0.20400000000000001
0.34
0.762
0.6762
0.7089999999999999
0.583
0.5214000000000001
0.499
0.42299999999999993
0.5314
0.609
0.621
0.621
0.6234
0.609
0.7448
0.784
0.7879999999999999
0.755
0.629
0.561
0.7908
0.8764
0.764
0.599
0.5025999999999999
0.506
0.3434
0.719
1.193
0.319
0.345
0.369
0.30100000000000005
