0.056666666666666685
0.05400000000000002
0.06133333333333336
0.06400000000000003
0.06400000000000003
0.06400000000000003
0.2553333333333334
0.06400000000000003
0.06400000000000003
0.06400000000000003
0.06400000000000003
0.0776666666666667
0.24166666666666675
0.06400000000000003
0.06400000000000003
0.06400000000000003
0.06400000000000003
0.18700000000000003
0.13233333333333339
0.06400000000000003
0.06400000000000003
0.06400000000000003
0.06400000000000003
0.06400000000000003
0.08593333333333336
0.15359999999999996
0.13260000000000002
0.2643333333333333
0.17439999999999994
0.49300000000000005
0.16919999999999996
1.2402666666666664
1.6513999999999995
0.5592666666666667
0.38639999999999997
2.186
1.1861999999999997
1.2505333333333333
2.3489999999999998
0.24399999999999988
0.24399999999999988
0.4379999999999999
0.24399999999999988
0.2675999999999999
0.3750666666666666
0.4674
0.33919999999999995
0.1959999999999999
1.8425333333333334
1.4734666666666667
0.4516666666666667
0.282
0.23333333333333336
0.15960000000000005
0.33966666666666673
0.4079333333333333
0.313
0.28493333333333337
0.3862000000000002
0.4238
0.5646000000000001
0.5956666666666665
0.38300000000000006
0.3359333333333333
0.06400000000000003
0.18833333333333332
0.3922
0.22279999999999994
0.34619999999999995
0.35026666666666656
0.3479999999999999
0.42733333333333345
0.5715333333333333
0.22940000000000002
0.2041333333333333
0.42899999999999994
0.5263333333333332
0.6437999999999998
0.3802666666666666
0.36966666666666664
0.39326666666666665
0.6716000000000001
0.6445333333333336
0.4169333333333333
0.3581333333333333
0.7940000000000002
0.8881333333333334
0.25006666666666677
0.13326666666666673
0.1556666666666667
0.15106666666666663
0.1608
0.26000000000000006
0.8088000000000001
0.06400000000000003
0.06400000000000003
