0.058000000000000024
0.0666666666666667
0.06800000000000003
0.13100000000000003
0.26619999999999994
0.19519999999999998
0.06800000000000003
0.06800000000000003
0.06800000000000003
0.10580000000000005
0.2808
0.20579999999999998
0.06800000000000003
0.06800000000000003
0.16880000000000003
0.14360000000000006
0.06800000000000003
0.06800000000000003
0.07860000000000003
0.22699999999999995
0.11040000000000004
0.19400000000000003
0.11840000000000005
0.06800000000000003
0.06800000000000003
0.06800000000000003
0.21920000000000003
0.09320000000000005
0.2064
0.31026666666666675
0.32899999999999996
0.5861333333333333
0.6790666666666668
1.41
1.7818666666666665
1.9112666666666671
2.0807333333333338
2.1546000000000003
0.15260000000000007
0.14000000000000007
0.2884
0.20360000000000006
0.2896
0.2376000000000001
0.2296
2.3289999999999997
2.6306000000000003
2.5796
2.7308
0.5677999999999997
0.18206666666666668
0.3265999999999999
0.25806666666666667
0.06800000000000003
0.12793333333333334
0.3694666666666667
0.512
0.9257333333333333
0.9772666666666664
0.9509333333333333
0.8634666666666669
0.25560000000000005
0.06800000000000003
0.06800000000000003
0.06800000000000003
0.06800000000000003
0.10580000000000005
0.22780000000000006
0.22699999999999995
0.09980000000000006
0.06800000000000003
0.22066666666666665
0.36100000000000004
0.16340000000000005
0.06800000000000003
0.06800000000000003
0.06800000000000003
0.2444000000000001
0.15280000000000002
0.19519999999999998
0.06800000000000003
0.06800000000000003
0.16880000000000003
0.2072
0.21639999999999998
0.06800000000000003
0.06800000000000003
0.15620000000000003
0.15620000000000006
0.06800000000000003
0.7932666666666665
0.5201333333333333
1.0756666666666665
0.9635333333333335
0.6414000000000001
0.20773333333333338
