0.063
0.063
0.063
0.063
0.063
0.063
0.063
0.063
0.063
0.063
0.063
0.063
0.063
0.063
0.063
0.063
0.063
0.063
0.063
0.063
0.063
0.063
0.063
0.063
0.063
0.063
0.073
0.073
0.073
0.073
0.073
0.073
0.073
0.073
0.073
0.073
0.073
0.073
0.073
0.073
0.073
0.073
0.073
0.073
0.073
0.233
0.233
0.233
0.233
0.233
0.233
0.233
0.233
0.233
0.233
0.233
0.233
0.233
0.233
0.233
0.233
0.233
0.233
0.233
0.233
0.073
0.073
0.073
0.073
0.073
0.073
0.073
0.073
0.073
0.073
0.073
0.073
0.073
0.073
0.073
0.073
0.073
0.073
0.073
0.073
0.073
0.073
0.073
0.073
0.073
0.073
0.073
0.073
0.264
0.264
0.463
0.463
0.463
0.463
0.463
0.463
0.463
0.463
0.463
0.463
0.463
0.463
0.463
0.463
0.424
0.424
0.424
0.424
0.424
0.424
0.233
0.233
0.233
0.233
0.233
0.233
0.233
0.233
0.233
0.233
0.233
0.233
0.233
0.233
0.073
0.073
0.073
0.073
0.073
0.073
0.073
0.073
0.073
0.073
0.073
0.073
0.073
0.073
0.073
0.073
0.073
0.073
0.073
0.073
0.073
0.073
0.073
0.073
0.073
0.073
0.073
0.073
0.073
0.073
0.073
0.073
0.073
0.073
0.073
0.073
0.073
0.073
0.073
0.073
0.073
0.073
0.073
0.073
0.073
0.272
0.272
0.272
0.463
0.463
0.463
0.463
0.463
0.623
0.623
0.623
0.623
0.623
0.623
0.424
0.424
0.424
0.424
0.424
0.424
0.424
0.424
0.424
0.424
0.424
0.233
0.233
0.233
0.073
0.073
0.073
0.073
0.073
0.073
0.073
0.073
0.073
0.073
0.073
0.073
0.073
0.073
0.073
0.073
0.073
0.073
0.073
0.073
0.073
0.073
0.073
0.073
0.073
0.073
0.073
0.073
0.073
0.073
0.073
0.073
0.073
0.073
0.073
0.073
0.073
0.073
0.073
0.073
0.073
0.073
0.073
0.264
0.463
0.463
0.463
0.623
0.623
0.623
0.623
0.623
0.623
0.623
0.623
0.623
0.623
0.623
0.424
0.424
0.424
0.424
0.424
0.424
0.424
0.233
0.233
0.073
0.073
0.073
0.073
0.073
0.073
0.073
0.073
0.073
0.073
0.073
0.073
0.073
0.073
0.073
0.073
0.073
0.073
0.073
0.073
0.073
0.073
0.073
0.073
0.073
0.073
0.073
0.073
0.073
0.073
0.073
0.073
0.073
0.073
0.073
0.073
0.073
0.073
0.073
0.073
0.073
0.073
0.073
0.073
0.073
0.073
0.073
0.073
0.073
0.073
0.073
0.073
0.073
0.073
0.073
0.073
0.073
0.073
0.073
0.073
0.073
0.264
0.264
0.264
0.264
0.264
0.264
0.264
0.264
0.264
0.264
0.264
0.264
0.264
0.264
0.264
0.264
0.264
0.463
0.463
0.463
0.463
0.463
0.272
0.272
0.272
0.272
0.272
0.272
0.272
0.272
0.272
0.073
0.073
0.073
0.073
0.073
0.073
0.073
0.073
0.073
0.073
0.073
0.073
0.073
0.073
0.073
0.073
0.073
0.073
0.073
0.073
0.233
0.233
0.233
0.233
0.233
0.233
0.233
0.233
0.233
0.233
0.233
0.233
0.233
0.233
0.233
0.233
0.233
0.233
0.233
0.233
0.073
0.073
0.073
0.073
0.073
0.264
0.264
0.264
0.264
0.264
0.264
0.264
0.264
0.264
0.264
0.264
0.264
0.264
0.264
0.264
0.264
0.264
0.264
0.264
0.264
0.264
0.264
0.073
0.073
0.073
0.073
0.073
0.073
0.073
0.073
0.073
0.073
0.073
0.073
0.073
0.073
0.073
0.073
0.073
0.073
0.073
0.073
0.073
0.073
0.073
0.073
0.073
0.233
0.233
0.233
0.233
0.233
0.233
0.233
0.233
0.233
0.233
0.233
0.233
0.233
0.233
0.233
0.233
0.233
0.233
0.432
0.432
0.272
0.272
0.272
0.272
0.272
0.272
0.272
0.27
0.29
0.29
0.29
0.29
0.091
0.091
0.091
0.091
0.091
0.091
0.091
0.071
0.071
0.071
0.131
0.071
0.071
0.071
0.071
0.262
0.262
1.333
1.333
1.333
0.294
0.294
0.294
0.294
0.294
0.294
0.294
0.294
0.294
0.294
0.294
0.294
0.354
0.354
0.354
0.354
0.354
0.163
0.103
0.103
0.103
0.103
0.103
0.103
0.103
0.643
0.643
0.643
0.643
0.323
0.335
0.335
0.435
0.375
0.375
0.375
0.375
0.574
0.574
0.574
0.574
0.574
0.574
0.574
0.574
0.414
0.414
0.414
0.414
0.414
0.354
0.155
0.135
0.135
0.135
0.135
0.135
0.123
0.111
0.111
0.111
0.111
0.111
0.111
0.111
0.111
0.431
0.463
0.463
0.463
0.143
0.143
0.143
0.143
0.143
0.143
0.143
0.143
0.143
0.143
0.143
0.143
0.143
0.143
0.334
0.334
0.334
0.334
0.334
0.334
0.334
0.334
0.334
0.334
0.334
0.334
0.334
0.334
0.334
0.334
0.334
0.334
0.334
0.334
0.334
0.334
0.143
0.143
0.264
0.143
0.143
0.143
0.143
0.143
0.143
0.143
0.143
0.143
0.143
0.342
0.342
0.342
0.342
0.342
0.342
0.342
0.342
0.502
0.502
0.502
0.502
0.502
0.502
0.303
0.303
0.303
0.303
0.303
0.303
0.303
0.271
0.271
0.271
0.271
0.271
0.271
0.271
0.111
0.111
0.111
0.143
0.143
0.143
0.143
0.143
0.143
0.143
0.143
0.143
0.143
0.143
0.143
0.143
0.266
0.266
0.266
0.266
0.266
0.266
0.266
0.266
0.266
0.266
0.266
0.266
0.266
0.266
0.266
0.278
0.35
0.35
0.35
0.462
0.653
0.774
0.774
0.774
2.757
2.757
2.757
2.757
2.757
2.757
2.636
2.796
2.796
2.796
2.796
2.796
2.796
2.995
2.995
2.995
2.995
2.995
2.804
2.804
2.804
0.821
0.821
0.781
0.781
0.781
0.781
0.422
0.422
0.422
0.422
0.422
0.422
0.422
0.422
0.422
0.39
0.39
0.39
0.39
0.39
0.39
0.39
0.39
0.39
0.403
0.403
0.403
0.403
0.403
0.291
0.279
0.279
0.279
0.279
0.279
0.279
0.279
0.279
0.279
0.279
0.279
0.279
0.279
0.279
0.279
0.279
0.279
0.279
0.279
0.279
0.279
0.279
0.279
0.279
0.279
0.279
0.279
0.279
0.279
0.279
0.279
0.47
0.47
0.647
0.647
0.47
0.47
0.47
0.669
0.669
0.669
0.669
0.669
0.669
0.669
0.669
0.846
0.846
0.669
0.669
0.669
0.829
0.63
0.439
0.439
0.439
0.439
0.439
0.439
0.616
0.616
0.439
0.439
0.439
0.439
0.439
0.439
0.426
0.426
0.426
0.426
0.266
0.443
0.443
0.761
0.761
0.761
0.64
0.64
0.073
0.073
0.073
0.073
0.073
0.073
0.073
0.073
0.073
0.073
0.073
0.073
0.073
0.073
0.073
0.073
0.073
0.073
0.073
0.073
0.073
0.073
0.073
0.073
0.073
0.264
0.264
0.264
0.264
0.264
0.264
0.264
0.264
0.264
0.264
0.264
0.264
0.264
0.264
0.264
0.264
0.264
0.264
0.463
0.463
0.463
0.463
0.272
0.272
0.272
0.272
0.272
0.272
0.272
0.272
0.272
0.272
0.073
0.073
0.073
0.073
0.073
0.073
0.073
0.073
0.073
0.073
0.073
0.073
0.073
0.073
0.233
0.233
0.233
0.233
0.233
0.233
0.233
0.233
0.233
0.233
0.233
0.233
0.233
0.233
0.233
0.233
0.233
0.233
0.233
0.233
0.073
0.073
0.073
0.073
0.073
0.073
0.073
0.073
0.073
0.073
0.073
0.073
0.073
0.073
0.073
0.073
0.073
0.073
0.073
0.073
0.073
0.073
0.073
0.073
0.073
0.073
0.073
0.073
0.073
0.073
0.073
0.073
0.073
0.264
0.264
0.264
0.264
0.264
0.264
0.264
0.264
0.264
0.264
0.264
0.264
0.264
0.264
0.463
0.463
0.463
0.463
0.463
0.463
0.463
0.463
0.272
0.272
0.272
0.272
0.272
0.272
0.073
0.073
0.073
0.073
0.073
0.073
0.073
0.073
0.073
0.233
0.233
0.233
0.233
0.233
0.233
0.233
0.233
0.233
0.233
0.233
0.233
0.233
0.233
0.233
0.233
0.233
0.233
0.233
0.233
0.073
0.073
0.073
0.073
0.073
0.073
0.073
0.073
0.073
0.073
0.264
0.264
0.264
0.264
0.264
0.264
0.264
0.264
0.264
0.264
0.264
0.264
0.264
0.264
0.264
0.264
0.264
0.264
0.264
0.463
0.463
0.463
0.272
0.272
0.272
0.272
0.272
0.272
0.272
0.272
0.272
0.272
0.272
0.073
0.073
0.073
0.073
0.294
0.294
0.294
0.354
0.474
0.486
0.486
0.486
0.486
0.486
0.486
0.486
0.486
0.486
0.426
0.486
0.486
0.526
0.526
0.538
0.538
0.526
0.526
0.526
0.526
0.526
0.626
0.686
0.646
0.797
0.697
0.697
0.697
0.697
0.957
0.957
0.957
0.957
1.017
1.077
1.017
1.017
0.917
0.857
0.857
0.857
0.857
0.75
0.75
0.81
0.81
0.619
0.619
0.731
0.631
0.571
0.571
0.571
0.571
0.571
0.571
0.71
0.71
0.71
0.71
0.71
0.71
0.71
0.63
0.63
0.63
0.63
0.63
0.63
0.63
0.431
0.431
0.431
0.491
0.491
0.491
0.491
0.511
0.451
0.451
0.451
0.451
0.451
0.451
0.511
0.611
0.551
0.551
0.611
0.671
0.611
0.802
0.742
0.742
0.742
0.742
0.742
0.742
0.742
0.742
0.802
0.802
0.942
0.942
0.942
0.942
0.942
0.942
0.942
0.942
0.942
0.842
0.842
0.651
0.651
0.618
0.631
0.631
0.712
0.712
0.712
0.672
0.512
3.301
3.301
3.301
3.301
3.301
3.341
3.341
3.401
3.401
3.341
3.381
3.381
3.341
3.401
3.401
3.401
0.612
0.6
0.52
0.719
0.596
0.596
0.596
0.596
0.536
0.536
0.536
0.536
0.536
0.536
0.536
0.657
0.657
0.458
0.458
0.458
0.518
0.518
0.518
0.518
0.518
0.518
0.518
0.518
0.518
0.397
0.397
0.397
0.397
0.457
0.588
0.588
0.708
0.708
0.808
0.727
0.727
0.727
0.727
0.687
0.687
0.747
0.747
0.747
0.747
0.747
0.734
0.734
0.734
0.754
0.754
0.875
0.684
0.684
0.524
0.524
0.524
0.524
0.524
0.676
0.636
0.636
0.536
0.536
0.536
0.536
0.596
0.596
0.596
0.596
0.596
0.564
0.443
0.443
0.443
0.443
0.443
0.443
0.443
0.443
0.443
0.443
0.642
0.642
0.642
0.642
0.655
0.695
0.695
0.695
0.695
0.695
0.695
0.675
0.635
0.635
0.627
0.627
0.627
0.787
0.739
0.739
0.739
0.739
0.739
0.679
0.679
0.679
0.679
0.679
0.619
0.619
0.619
0.619
0.619
0.74
0.74
0.74
0.609
0.449
0.449
0.449
0.073
0.073
0.073
0.073
0.073
0.073
0.073
0.073
0.073
0.073
0.073
0.073
0.073
0.073
0.073
0.073
0.073
0.073
0.073
0.073
0.073
0.073
0.073
0.073
0.073
0.073
0.073
0.073
0.073
0.073
0.073
0.073
0.073
0.073
0.073
0.073
0.073
0.073
0.073
0.073
0.073
0.073
0.073
0.073
0.073
0.073
0.073
0.073
0.073
0.272
0.272
0.272
0.272
0.272
0.272
0.272
0.272
0.272
0.272
0.272
0.432
0.432
0.432
0.233
0.233
0.233
0.233
0.233
0.233
0.233
0.233
0.233
0.233
0.233
0.233
0.233
0.233
0.233
0.233
0.233
0.073
0.073
0.073
0.073
0.073
0.073
0.073
0.073
0.073
0.073
0.073
0.073
0.073
0.073
0.073
0.073
0.073
0.073
0.073
0.073
0.073
0.073
0.073
0.073
0.073
0.073
0.073
0.073
0.073
0.073
0.073
0.073
0.073
0.073
0.073
0.073
0.254
0.254
0.254
0.453
