0.157
0.147
0.147
0.147
0.147
0.147
0.207
0.262
0.262
0.242
0.049
0.049
0.049
0.049
0.049
0.049
0.049
0.049
0.049
0.049
0.049
0.049
0.049
0.049
0.049
0.049
0.049
0.049
0.049
0.049
0.049
0.059
0.059
0.059
0.059
0.059
0.059
0.059
0.059
0.059
0.059
0.059
0.059
0.059
0.059
0.059
0.059
0.059
0.059
0.059
0.059
0.059
0.059
0.059
0.059
0.059
0.059
0.059
0.059
0.059
0.059
0.059
0.059
0.059
0.059
0.059
0.059
0.059
0.059
0.059
0.059
0.059
0.059
0.059
0.059
0.059
0.254
0.254
0.254
0.254
0.254
0.254
0.254
0.254
0.254
0.254
0.254
0.254
0.254
0.254
0.254
0.254
0.254
0.254
0.254
0.254
0.254
0.254
0.059
0.059
0.059
0.059
0.059
0.059
0.059
0.059
0.059
0.059
0.059
0.059
0.059
0.059
0.059
0.059
0.059
0.059
0.059
0.059
0.059
0.059
0.059
0.059
0.059
0.059
0.059
0.059
0.059
0.059
0.059
0.059
0.059
0.059
0.059
0.059
0.059
0.059
0.059
0.059
0.059
0.059
0.059
0.059
0.059
0.059
0.059
0.059
0.059
0.059
0.059
0.059
0.059
0.059
0.059
0.059
0.059
0.254
0.254
0.254
0.254
0.254
0.254
0.254
0.254
0.254
0.254
0.254
0.254
0.254
0.254
0.254
0.254
0.254
0.254
0.254
0.254
0.254
0.254
0.059
0.059
0.059
0.059
0.059
0.059
0.059
0.059
0.059
0.059
0.059
0.059
0.059
0.059
0.059
0.059
0.059
0.059
0.059
0.059
0.059
0.059
0.059
0.059
0.059
0.059
0.059
0.059
0.059
0.059
0.059
0.059
0.059
0.059
0.059
0.059
0.059
0.059
0.059
0.059
0.059
0.059
0.059
0.059
0.059
0.059
0.059
0.059
0.059
0.059
0.059
0.059
0.059
0.059
0.059
0.059
0.059
0.059
0.059
0.059
0.059
0.059
0.059
0.059
0.059
0.059
0.059
0.254
0.254
0.254
0.254
0.254
0.254
0.254
0.254
0.254
0.254
0.254
0.254
0.254
0.254
0.254
0.254
0.254
0.254
0.254
0.254
0.254
0.254
0.059
0.059
0.059
0.059
0.059
0.059
0.059
0.059
0.059
0.059
0.059
0.059
0.059
0.059
0.059
0.059
0.059
0.059
0.059
0.059
0.059
0.059
0.059
0.059
0.059
0.059
0.059
0.059
0.059
0.059
0.059
0.059
0.059
0.059
0.059
0.059
0.059
0.059
0.059
0.059
0.059
0.059
0.059
0.059
0.059
0.059
0.059
0.059
0.059
0.059
0.059
0.059
0.059
0.059
0.057
0.057
0.057
0.157
0.157
0.186
0.157
0.157
0.157
0.197
0.197
0.257
0.257
0.257
0.257
0.257
0.257
0.257
0.452
0.452
0.452
0.452
0.452
0.452
0.452
0.512
0.512
0.512
0.452
0.392
0.392
0.392
0.392
0.392
0.392
0.392
0.392
2.34
2.34
2.34
0.197
0.197
0.197
0.197
0.197
0.257
0.257
0.226
0.226
0.286
0.286
0.286
0.351
0.291
0.291
0.291
0.291
0.291
0.291
0.291
0.291
0.291
0.197
0.197
0.197
0.197
0.297
0.297
0.297
0.297
0.197
0.197
0.197
0.197
0.197
0.197
0.257
0.197
0.209
0.209
0.209
0.209
0.209
0.309
0.309
0.309
0.209
0.209
0.209
0.209
0.209
0.269
0.269
0.269
0.209
0.209
0.209
0.269
0.264
0.264
0.264
0.264
0.324
0.324
0.324
0.519
0.579
0.579
0.579
0.519
0.519
0.459
0.559
0.559
0.759
0.759
0.759
0.659
2.507
5.075
5.115
3.217
3.177
3.177
3.322
3.293
3.293
3.098
3.098
3.038
3.038
2.998
3.098
3.098
3.048
0.5
0.529
1.909
1.897
1.897
1.797
1.797
2.874
2.874
2.774
1.857
1.857
1.857
1.857
1.857
1.857
1.857
1.857
1.857
1.857
1.917
1.977
1.977
1.917
1.857
1.791
1.791
1.831
1.831
1.881
1.771
1.771
0.391
0.391
0.391
2.391
2.391
2.391
2.391
2.391
2.391
2.391
2.362
2.362
2.362
2.362
2.422
2.451
2.451
2.451
2.551
2.551
2.451
2.451
2.451
0.451
0.417
0.437
0.437
0.437
0.417
0.417
0.417
0.417
2.965
2.965
2.965
2.936
2.84
2.84
2.84
2.84
2.84
2.9
2.9
2.96
2.96
2.994
2.994
2.994
0.386
0.42
0.46
0.52
0.549
0.561
0.532
0.532
0.472
0.472
0.472
0.462
0.462
0.422
0.522
0.582
0.522
0.522
0.522
0.522
0.462
0.462
0.462
0.462
0.462
0.462
0.462
0.402
0.368
0.368
0.563
0.563
0.563
0.563
0.563
0.635
0.635
0.635
0.635
0.635
0.635
0.635
0.635
2.618
2.618
2.618
2.618
2.618
2.618
2.618
2.618
2.618
2.423
2.423
2.363
2.363
2.363
2.308
2.308
2.308
2.368
2.308
2.308
2.308
0.325
0.325
0.325
0.375
0.375
0.325
0.325
0.325
0.325
0.325
0.291
0.291
0.291
0.291
0.291
0.291
0.291
0.291
0.356
0.356
0.356
0.356
0.356
0.356
0.291
0.291
0.291
0.291
0.291
0.291
0.291
0.291
0.291
0.291
0.291
0.291
0.291
0.291
0.291
0.486
0.486
0.486
0.486
0.486
0.486
0.486
0.486
0.486
0.486
0.486
0.486
0.486
0.486
0.486
0.486
0.486
0.486
0.486
0.486
0.486
0.486
0.291
0.391
0.568
0.568
0.291
0.291
0.291
0.291
0.291
0.291
0.291
0.291
0.291
0.291
0.291
0.468
0.468
0.291
0.291
1.208
1.208
1.208
0.291
0.291
0.291
0.291
0.291
0.291
0.468
0.468
0.291
0.291
0.291
0.291
0.279
0.279
0.279
0.279
0.279
0.279
0.279
0.456
0.456
0.774
0.774
0.774
0.774
0.774
0.207
0.207
0.207
0.207
0.402
0.402
0.402
0.402
0.402
0.402
0.402
0.402
0.402
0.402
0.402
0.402
0.402
2.35
2.35
2.35
0.402
0.402
0.402
0.402
0.402
0.402
0.207
0.207
0.207
0.207
0.207
0.207
0.207
0.207
0.207
0.207
0.207
0.207
0.207
0.207
0.207
0.207
0.207
0.207
0.207
0.207
0.207
0.207
0.207
0.207
0.207
0.207
0.207
0.207
0.207
0.207
0.207
0.207
0.207
0.207
0.207
0.207
0.207
0.207
0.207
0.207
0.207
0.207
0.207
0.207
0.207
0.157
0.157
0.157
0.157
0.157
0.157
0.191
0.191
0.191
0.191
0.231
0.231
0.231
0.231
0.231
0.231
0.231
0.231
0.231
0.231
0.231
0.231
0.231
0.231
0.231
0.131
0.131
0.131
0.131
0.144
0.144
0.144
0.339
0.339
0.339
0.339
0.339
0.339
0.339
0.339
0.339
0.339
0.339
0.339
0.339
0.339
0.339
0.339
0.339
0.339
0.339
0.299
0.299
0.299
0.104
0.104
0.104
0.104
0.104
0.104
0.104
0.104
0.104
0.104
0.104
0.104
0.104
0.104
0.104
0.104
0.104
0.104
0.104
0.104
0.104
0.104
0.104
0.104
0.104
0.07
0.07
0.07
0.07
0.07
0.07
0.07
0.07
2.699
2.699
2.686
2.686
2.686
2.686
2.686
2.686
2.686
2.686
2.686
2.686
2.686
3.741
3.741
3.741
2.824
2.824
2.824
2.824
2.824
2.824
2.824
2.824
2.824
2.824
2.824
2.824
2.864
2.864
2.924
3.04
3.04
3.04
3.04
3.069
3.129
3.129
3.129
3.129
3.129
3.129
3.264
3.264
3.264
3.364
3.424
3.424
3.424
3.464
3.404
3.454
3.466
3.466
3.466
3.466
3.466
3.566
3.566
3.566
0.837
0.837
0.837
0.787
0.592
0.592
0.692
0.692
0.692
0.692
0.692
0.712
0.712
0.812
0.656
0.656
0.656
0.716
0.932
0.892
0.892
0.932
0.892
0.892
0.832
0.872
0.872
0.772
0.772
0.772
0.772
0.732
1.649
1.589
1.589
0.672
0.672
0.672
3.125
3.145
3.145
3.125
3.125
3.125
3.125
3.125
3.125
3.125
3.125
3.125
3.125
3.125
3.125
3.125
3.32
3.32
5.368
5.368
5.368
3.454
3.454
3.442
3.342
3.342
3.342
0.889
0.889
0.939
0.939
0.939
0.939
0.879
0.919
0.979
0.979
0.979
0.784
0.784
0.784
0.944
0.844
0.844
0.844
0.706
0.771
0.771
0.771
0.771
0.771
0.771
0.771
0.771
0.771
0.771
0.771
0.771
0.656
0.656
0.656
0.656
0.656
0.656
0.656
0.656
0.656
0.656
0.656
0.656
0.656
0.665
0.665
0.715
0.815
0.806
0.806
0.646
0.646
0.596
0.596
0.596
0.601
0.601
0.601
0.651
0.651
0.651
0.751
0.651
0.651
0.651
0.651
0.651
0.577
0.517
0.637
0.617
0.58
0.58
0.53
0.725
0.725
0.775
0.775
0.775
0.775
0.775
0.775
0.775
0.795
0.679
0.679
0.779
0.679
0.679
0.659
0.923
0.923
0.923
0.923
0.923
0.963
0.853
0.862
0.862
0.874
0.874
0.9
0.95
0.95
0.95
0.95
0.95
2.898
2.898
2.898
0.95
0.95
0.95
0.95
0.95
0.95
0.85
0.91
0.91
0.91
0.939
0.927
0.927
0.987
1.047
0.962
0.902
0.962
0.962
0.962
0.962
0.949
0.949
0.949
1.009
1.009
1.009
1.009
1.021
1.021
1.021
1.021
1.021
0.961
0.981
0.981
1.061
1.978
1.978
1.862
0.857
0.807
0.707
0.587
0.587
0.587
0.587
0.462
0.462
0.562
0.562
3.01
3.01
3.205
3.205
3.205
3.305
3.305
3.305
3.305
3.355
3.355
3.355
3.355
3.355
3.355
3.205
0.548
0.548
0.548
0.548
0.708
0.668
0.728
0.866
0.771
0.771
0.771
0.811
0.811
0.771
0.784
0.784
0.924
0.924
0.964
0.964
0.964
0.964
0.864
0.864
0.864
0.804
0.804
0.804
9.624
9.624
9.612
0.554
0.654
0.654
0.654
0.654
0.714
0.714
0.714
0.714
0.714
0.714
0.614
0.614
0.614
0.614
0.714
0.708
0.824
0.824
0.824
0.824
0.824
0.824
2.772
2.772
2.772
0.884
0.944
0.944
1.142
1.142
1.142
1.142
1.162
1.062
1.062
1.092
1.092
1.092
1.092
1.042
1.042
0.922
0.909
0.909
0.909
0.849
0.909
0.921
0.933
0.873
0.861
1.011
1.076
1.076
1.076
1.016
1.016
1.016
1.101
1.016
1.016
1.016
2.964
2.666
2.726
0.778
0.618
0.59
0.59
0.578
0.578
0.578
0.833
0.793
0.793
0.781
0.781
0.781
0.781
0.781
0.781
0.821
0.841
0.841
0.841
0.901
1.001
1.101
1.067
1.067
1.067
1.067
1.038
1.038
0.843
0.783
0.783
0.783
0.783
0.783
0.783
0.783
0.783
0.783
0.783
0.783
0.783
0.763
0.763
0.763
0.763
0.763
0.763
0.763
0.763
0.823
0.823
0.923
0.923
0.923
0.863
0.813
0.813
0.813
0.813
0.813
0.813
0.813
0.853
0.853
0.803
2.01
2.022
2.022
2.022
2.072
2.072
2.101
2.101
2.036
2.036
2.136
2.124
2.124
2.164
2.064
2.064
2.064
2.064
2.064
2.035
2.035
1.995
1.995
1.995
1.995
2.015
2.025
2.074
2.134
2.134
2.134
2.194
1.999
1.999
1.999
1.999
1.999
1.999
1.999
1.939
1.939
1.939
1.939
2.004
2.004
2.004
2.004
1.987
1.987
1.975
2.035
2.055
2.055
2.055
2.055
2.055
2.055
2.005
2.005
1.94
0.733
0.713
0.653
0.653
0.653
0.653
0.593
0.593
0.593
0.593
0.593
0.653
0.733
0.673
0.673
0.673
0.773
0.773
0.773
0.059
0.059
0.059
0.059
0.059
0.059
0.059
0.059
0.059
0.059
0.059
0.059
0.059
0.059
0.059
0.059
0.059
0.059
0.059
0.059
0.059
0.059
0.059
0.059
0.059
0.059
0.059
0.059
0.059
0.059
