0.06333333333333337
0.1633333333333333
0.08933333333333336
0.06600000000000003
0.06600000000000003
0.06600000000000003
0.28219999999999995
0.29140000000000005
0.06600000000000003
0.06600000000000003
0.06600000000000003
0.2730000000000001
0.16259999999999997
0.17333333333333337
0.0966666666666667
0.06600000000000003
0.21780000000000008
0.27913333333333334
0.14266666666666666
0.06600000000000003
0.06600000000000003
0.18713333333333335
0.3070000000000001
0.17813333333333337
0.1826666666666667
0.3001333333333333
0.7032666666666663
0.45733333333333337
0.7921333333333332
0.9462666666666667
0.6764666666666665
0.6982666666666666
0.5026666666666665
0.3659333333333333
0.21780000000000002
0.06600000000000003
0.06600000000000003
0.10740000000000004
0.2730000000000001
0.2208666666666667
0.10433333333333338
0.06600000000000003
0.06600000000000003
0.06600000000000003
0.2730000000000001
0.16259999999999997
0.06600000000000003
0.06600000000000003
0.09666666666666669
0.17333333333333334
0.08200000000000003
0.11159999999999996
0.14740000000000003
0.27473333333333333
1.5872
0.06400000000000003
0.09466666666666669
0.19640000000000005
0.23179999999999995
0.3006666666666667
0.07980000000000004
0.06600000000000003
0.06600000000000003
0.08900000000000002
0.3742
0.17639999999999997
0.06600000000000003
0.0736666666666667
0.18100000000000002
0.08133333333333338
0.13400000000000004
0.3440666666666667
0.5251333333333333
0.46353333333333335
0.344
0.21666666666666676
0.4532
0.5295333333333333
0.5871333333333334
0.7458666666666666
0.9305333333333332
0.8460666666666667
0.9032666666666668
0.7427333333333335
0.6984
0.8241333333333334
0.6708666666666668
0.7120000000000001
0.6711333333333334
1.0055999999999998
0.7054666666666667
0.7886666666666664
0.9184666666666667
0.9658666666666667
0.8366000000000001
0.9833999999999998
