0.05400000000000002
0.1942666666666667
0.19893333333333338
0.14100000000000001
0.11300000000000003
0.06400000000000003
0.06400000000000003
0.06400000000000003
0.06400000000000003
0.09200000000000003
0.162
0.23573333333333343
0.16213333333333335
0.06400000000000003
0.06400000000000003
0.06400000000000003
0.06400000000000003
0.07626666666666669
0.2480000000000001
0.16560000000000002
0.162
0.06400000000000003
0.06400000000000003
0.06400000000000003
0.06400000000000003
0.06400000000000003
0.1376
0.3109999999999999
0.1392666666666667
0.06400000000000003
0.06400000000000003
0.10600000000000002
0.18480000000000002
0.2480000000000001
0.1130666666666667
0.06400000000000003
0.4868
0.18999999999999997
0.06400000000000003
0.17606666666666668
0.31100000000000005
0.10080000000000004
0.06400000000000003
0.09200000000000003
0.17426666666666665
0.2480000000000001
0.13760000000000003
0.06400000000000003
0.06400000000000003
0.134
0.12000000000000004
0.2480000000000001
0.14986666666666668
0.06400000000000003
0.06400000000000003
0.12533333333333335
0.3249999999999999
0.13753333333333337
0.06400000000000003
0.06400000000000003
0.19706666666666664
0.2900000000000001
0.10080000000000004
0.15999999999999998
0.33399999999999996
0.5086666666666666
0.2913333333333334
0.17506666666666668
0.2480000000000001
0.10080000000000004
0.06400000000000003
0.06400000000000003
0.06400000000000003
0.16666666666666666
0.6241333333333333
0.4428666666666667
0.8066666666666669
0.6248666666666665
0.5578000000000001
0.5
0.4573333333333333
0.7573333333333334
0.8980666666666669
0.7476
0.8836666666666668
1.3244666666666667
1.3330666666666666
0.4793333333333332
0.06400000000000003
0.06400000000000003
0.09900000000000002
0.155
0.06400000000000003
0.06400000000000003
0.12533333333333335
0.24266666666666664
