0.06899999999999998
0.06099999999999997
0.06299999999999997
0.07099999999999998
0.07666666666666665
0.156
0.20233333333333328
0.24433333333333332
0.07099999999999998
0.07099999999999998
0.07099999999999998
0.2576666666666666
0.17766666666666672
0.07099999999999998
0.07099999999999998
0.07099999999999998
0.27099999999999996
0.1643333333333334
0.07099999999999998
0.13899999999999996
0.10499999999999998
0.07099999999999998
0.27099999999999996
0.1643333333333334
0.12199999999999997
0.12199999999999997
0.08433333333333332
0.27099999999999996
0.17366666666666666
0.15033333333333332
0.1532
0.17633333333333334
0.23000000000000007
0.3703333333333333
0.12199999999999997
0.16199999999999998
0.27099999999999996
0.12433333333333331
0.07099999999999998
0.07099999999999998
0.07666666666666665
0.156
0.08233333333333331
0.07099999999999998
0.24433333333333326
0.19100000000000003
0.07466666666666666
0.07679999999999998
0.084
0.18686666666666665
0.331
0.1673333333333333
0.13000000000000003
0.6173999999999998
0.07099999999999998
0.2043333333333333
0.23099999999999998
0.07099999999999998
0.082
0.15866666666666665
1.1643333333333337
2.8723333333333345
0.23099999999999998
0.07099999999999998
0.07099999999999998
0.13899999999999996
0.10499999999999998
0.07099999999999998
0.07099999999999998
0.07099999999999998
0.23099999999999996
0.2156666666666667
0.21693333333333334
0.19266666666666665
0.18000000000000005
1.800066666666667
1.3912666666666664
0.5976000000000001
0.4763333333333334
0.46566666666666656
0.8688
0.6796
0.6203333333333333
0.8869333333333332
2.2950666666666666
0.5296666666666665
0.5526666666666668
0.6665333333333334
0.8580000000000001
0.6776
0.7403333333333333
0.8368666666666668
1.0957999999999999
0.7283333333333336
0.7413333333333334
0.3209999999999999
