0.06133333333333336
0.05400000000000002
0.056666666666666685
0.06400000000000003
0.20179999999999998
0.20220000000000007
0.2560000000000001
0.08960000000000005
0.08520000000000003
0.22299999999999995
0.18540000000000004
0.2560000000000001
0.06400000000000003
0.20179999999999998
0.13820000000000002
0.2432000000000001
0.16640000000000002
0.06400000000000003
0.06400000000000003
0.08960000000000003
0.30900000000000005
0.2869999999999999
0.06400000000000003
0.06400000000000003
0.06400000000000003
0.06400000000000003
0.2998
0.3090000000000001
0.07680000000000003
0.06400000000000003
0.06400000000000003
0.11520000000000001
0.4044
0.16600000000000004
0.06400000000000003
0.06400000000000003
0.18059999999999998
0.3386000000000001
0.16640000000000002
0.06400000000000003
0.10640000000000002
0.22299999999999995
0.21540000000000006
0.20480000000000007
0.07460000000000003
0.22299999999999995
0.13200000000000003
0.2560000000000001
0.12800000000000003
0.11700000000000002
0.22299999999999995
0.06400000000000003
0.06200000000000003
0.06200000000000003
0.18153333333333332
0.9713999999999995
0.12800000000000003
0.06400000000000003
0.11700000000000002
1.6576666666666668
1.130866666666667
0.6146
0.4330666666666666
0.4128
0.4786
0.45999999999999985
0.4654666666666667
0.36466666666666653
0.24106666666666673
0.40013333333333334
1.3294666666666672
0.5489333333333334
0.31106666666666666
0.3305333333333333
0.6121999999999999
0.4499333333333334
0.28500000000000003
0.34706666666666663
0.5546666666666665
0.3468
0.5273333333333334
0.8168666666666666
0.6817999999999997
0.645
0.47700000000000015
0.4119333333333334
0.46906666666666663
1.0712000000000002
0.4992000000000001
0.4266666666666667
0.5976666666666667
0.4869333333333333
0.26793333333333336
0.20480000000000007
0.22600000000000003
0.22299999999999995
