0.061
0.061
0.061
0.069
0.071
0.071
0.071
0.071
0.071
0.071
0.1262
0.163
0.163
0.163
0.071
0.071
0.071
0.071
0.071
0.071
0.182
0.256
0.256
0.348
0.311
0.163
0.12619999999999998
0.071
0.071
0.071
0.071
0.071
0.071
0.145
0.256
0.31120000000000003
0.348
0.348
0.163
0.071
0.071
0.071
0.071
0.071
0.071
0.071
0.071
0.071
0.1446
0.163
0.163
0.1446
0.071
0.071
0.071
0.071
0.071
0.071
0.071
0.256
0.256
0.256
0.256
0.14499999999999996
0.071
0.071
0.138
0.15
0.10600000000000001
0.209
3.3579999999999997
3.35
3.428
3.521
0.425
0.425
0.4518
0.346
0.418
0.49000000000000005
0.34840000000000004
0.3556
2.8127999999999997
3.478
3.5020000000000002
4.5052
0.9271999999999998
0.326
0.31
0.318
0.4396
0.402
0.514
0.584
0.8710000000000001
0.707
1.7521999999999998
0.695
0.51
0.508
0.8809999999999999
0.7889999999999999
1.8818000000000001
2.2378
2.317
2.293
0.7921999999999999
0.3174
0.375
0.33899999999999997
0.28500000000000003
0.255
1.1048
0.7123999999999999
0.36
0.36
0.261
0.175
0.175
0.175
0.267
0.267
0.267
0.23020000000000002
1.4254000000000002
3.3010000000000006
3.3010000000000006
3.3010000000000006
2.2356
1.2784
2.656
2.656
2.5450000000000004
2.471
2.471
0.8798
0.5738000000000001
0.302
0.302
0.302
0.2468
0.21000000000000002
0.21000000000000002
0.284
1.4522
0.395
0.395
0.395
0.2284
0.362
0.395
0.367
0.31179999999999997
0.275
0.275
0.275
0.275
0.275
0.275
0.275
0.34900000000000003
2.9008000000000003
3.4859999999999998
3.4859999999999998
3.4859999999999998
0.8001999999999999
0.175
0.175
0.2734
0.375
1.5546
0.531
0.531
0.555
0.5838000000000001
0.559
0.547
0.479
0.477
0.5075999999999999
0.517
0.5778000000000001
0.693
0.953
1.191
2.5970000000000004
3.6719999999999997
3.696
3.696
1.8764000000000003
0.598
0.6843999999999999
0.7350000000000001
0.769
0.721
0.636
0.471
0.5429999999999999
0.45899999999999996
0.5429999999999999
0.623
0.5414
0.596
0.618
0.578
0.4988
0.535
3.1588
3.85
3.85
3.85
1.2381999999999997
0.539
0.531
0.675
0.44700000000000006
0.45899999999999996
0.491
0.519
0.519
0.557
0.581
0.5700000000000001
2.0494
3.8739999999999997
3.7980000000000005
3.8284
2.6515999999999997
0.5736000000000001
0.7794000000000001
1.1166
0.335
0.311
0.6274
0.9798000000000002
0.357
0.365
0.34400000000000003
0.4636
0.5429999999999999
0.594
0.5736
0.5312
0.683
0.552
0.552
0.552
0.54
0.45600000000000007
0.492
0.45599999999999996
0.43200000000000005
0.46799999999999997
0.6996
0.6668000000000001
0.682
0.6816000000000001
0.514
1.0135999999999998
0.375
0.375
0.42300000000000004
0.44299999999999995
0.45899999999999996
0.071
0.071
0.145
0.256
0.256
0.256
0.256
0.071
0.1078
0.163
0.163
0.163
0.08940000000000001
0.071
0.071
0.071
0.145
0.256
0.256
0.256
0.2744
0.155
0.153
0.153
