0.06833333333333332
0.06499999999999997
0.07166666666666664
0.07499999999999998
0.07499999999999998
0.13766666666666663
0.26299999999999996
0.10006666666666662
0.07499999999999998
0.07499999999999998
0.1878
0.2379333333333333
0.07499999999999998
0.07499999999999998
0.07499999999999998
0.07499999999999998
0.07499999999999998
0.07499999999999998
0.17526666666666663
0.2504666666666666
0.07499999999999998
0.07499999999999998
0.07499999999999998
0.07499999999999998
0.13766666666666663
0.26299999999999996
0.10006666666666662
0.07499999999999998
0.07499999999999998
0.2003333333333333
0.2254
0.07499999999999998
0.07499999999999998
0.07499999999999998
0.5424000000000001
2.1383333333333336
0.7643333333333332
0.3100000000000001
0.14699999999999996
0.14699999999999996
0.17059999999999995
0.17059999999999995
0.19566666666666663
0.48519999999999996
0.13766666666666663
0.07499999999999998
0.07499999999999998
0.11259999999999998
0.26299999999999996
0.1251333333333333
0.07499999999999998
0.07499999999999998
0.2003333333333333
0.5960666666666665
0.11999999999999995
0.11500000000000003
0.10953333333333333
0.4278666666666666
0.3085333333333333
2.6437999999999997
3.1446
0.7447333333333332
3.197333333333333
3.1979999999999995
3.4062666666666677
3.140666666666668
0.48206666666666675
0.9201333333333335
0.07499999999999998
0.21286666666666662
0.21286666666666668
0.9123333333333331
1.375666666666667
1.4929999999999999
1.9447333333333332
0.5232666666666667
0.5854000000000001
0.702
0.6500000000000001
0.27200000000000013
0.17526666666666663
0.2504666666666666
0.07499999999999998
0.07499999999999998
0.07499999999999998
0.2504666666666666
0.17526666666666674
0.07499999999999998
0.21333333333333335
3.9993333333333334
2.0531333333333324
0.3467333333333334
0.07499999999999998
0.07499999999999998
0.07499999999999998
0.12513333333333332
