0.18773333333333334
0.3900666666666666
0.2445333333333334
0.07000000000000003
0.07000000000000003
0.07000000000000003
0.1746666666666667
0.3848666666666667
0.10740000000000004
0.07000000000000003
0.07000000000000003
0.1887333333333333
0.32093333333333335
0.15726666666666664
0.07000000000000003
0.12480000000000002
0.19786666666666664
0.20713333333333342
0.23146666666666665
0.1423333333333333
0.19000000000000003
0.28506666666666675
0.1946666666666667
0.21960000000000005
0.26133333333333336
0.148
0.1464
0.37573333333333336
0.5421333333333334
0.5335333333333333
0.5523333333333333
0.6592000000000001
0.6824
0.44773333333333326
0.5843333333333334
0.5205999999999998
0.48573333333333324
1.0281333333333333
0.46946666666666664
0.47499999999999987
0.37453333333333333
0.7840666666666665
0.5250000000000001
0.37540000000000007
0.27499999999999997
0.3217333333333333
0.24793333333333328
0.1018666666666667
0.09600000000000002
0.28359999999999996
0.2732666666666667
0.3108
0.4222666666666666
0.3218666666666667
0.4615333333333333
0.3158
0.36746666666666666
0.6246666666666667
0.1490666666666667
0.2163333333333334
0.6195999999999999
0.4696666666666667
0.3655333333333334
0.291
0.3909333333333333
0.5866666666666667
0.5675333333333333
0.6564666666666665
0.8432666666666666
0.6237333333333335
0.7064
2.609
1.0559333333333334
0.5982666666666666
0.17046666666666663
0.07000000000000003
0.07000000000000003
0.11566666666666668
0.3566000000000001
0.4563333333333334
0.9538666666666665
1.3679333333333334
0.7032666666666667
0.4642000000000001
0.6741333333333331
0.5586666666666666
0.42286666666666667
0.8801333333333333
0.7690666666666668
0.44333333333333325
0.11566666666666671
0.07000000000000003
0.07000000000000003
0.07000000000000003
0.18133333333333337
0.3933333333333334
