0.05600000000000001
0.05600000000000001
0.05600000000000001
0.05600000000000001
0.05600000000000001
0.06000000000000001
0.066
0.066
0.066
0.1356
0.182
0.182
0.182
0.066
0.296
0.296
0.25
0.066
0.066
0.066
0.066
0.066
0.066
0.066
0.11240000000000001
0.182
0.182
0.182
0.0892
0.066
0.066
0.158
0.296
0.296
0.158
0.066
0.066
0.066
0.066
0.066
0.066
0.066
0.066
0.066
0.066
0.11240000000000001
0.182
0.182
0.182
0.0892
0.066
0.066
0.066
0.296
0.296
0.25
0.066
0.066
0.066
0.066
0.066
0.066
0.066
0.066
0.066
0.066
0.066
0.066
0.066
0.066
0.066
0.066
1.3916
2.1934
0.296
0.3192
0.22799999999999998
0.182
0.182
0.11240000000000001
0.066
0.066
0.132
0.124
0.124
0.7878000000000001
2.7312
0.184
1.5648
2.3238
0.33240000000000003
0.33
0.2676
0.22600000000000003
0.272
0.45600000000000007
0.4888
0.43200000000000005
2.8091999999999997
0.7278
2.8912
1.693
2.121
2.121
2.121
1.7244
0.138
0.138
0.138
0.22999999999999998
0.366
0.366
0.32080000000000003
0.252
0.25680000000000003
0.2408
0.148
0.268
0.36879999999999996
0.3004
3.617
2.874
0.8118000000000001
0.21879999999999997
0.148
0.4016
2.7494
2.0778000000000003
0.192
0.076
0.076
0.076
0.076
0.13399999999999998
1.5366
2.2003999999999997
0.213
0.209
0.2162
0.8959999999999999
0.33180000000000004
1.9434
2.6184000000000003
0.48699999999999993
0.1588
0.066
0.066
0.066
0.066
0.066
0.066
0.066
0.066
0.066
0.182
0.182
0.182
0.13560000000000003
0.066
0.066
0.066
0.066
0.066
0.066
0.066
0.066
0.1588
0.182
0.31999999999999995
0.3888
0.296
0.11200000000000002
0.066
0.066
0.066
0.066
0.066
0.066
0.066
0.066
0.066
0.066
0.158
0.296
0.296
0.158
0.11240000000000001
0.182
0.182
0.182
0.0892
0.066
1.5606000000000002
2.2843999999999998
2.9122
0.8967999999999998
0.323
0.31339999999999996
0.305
0.39460000000000006
1.9218
2.6184
0.7789999999999999
2.7028000000000008
1.0552
0.6967999999999999
0.7056000000000001
0.768
0.6247999999999999
0.55
0.39960000000000007
0.35
3.6369999999999996
0.314
0.33399999999999996
0.374
0.314
3.0228
1.0728
1.3334
3.4472
0.6292000000000001
0.458
0.49160000000000004
1.233
0.63
0.638
0.614
0.6668000000000001
0.6699999999999999
0.7004
0.806
0.746
4.063000000000001
0.9154
0.8870000000000001
0.8182
4.0268
0.7014000000000001
0.7198
2.0166
0.7362
2.6694
2.1119999999999997
0.9800000000000001
0.944
0.8880000000000001
0.8032000000000001
0.8658000000000001
0.889
1.8574000000000002
1.5341999999999998
0.296
0.11200000000000002
0.066
0.066
0.1356
0.182
0.182
0.182
0.066
0.066
0.066
0.066
0.066
0.20400000000000001
0.296
0.296
0.11200000000000002
0.066
0.24900000000000003
0.24980000000000002
3.596
2.9322000000000004
0.066
0.066
0.066
0.066
0.066
0.066
0.182
0.22799999999999998
0.41200000000000003
0.36560000000000004
0.20400000000000001
0.066
0.066
0.062
