0.2050666666666667
0.09653333333333337
0.05706666666666669
0.06200000000000003
0.06800000000000003
0.06800000000000003
0.06800000000000003
0.21399999999999997
0.24319999999999997
0.06800000000000003
0.06800000000000003
0.08260000000000002
0.287
0.15560000000000002
0.06800000000000003
0.06800000000000003
0.12639999999999998
0.287
0.11180000000000005
0.06800000000000003
0.06800000000000003
0.24319999999999994
0.214
0.06800000000000003
0.06800000000000003
0.06800000000000003
0.08260000000000002
0.287
0.3878666666666666
2.4159333333333346
0.7647999999999999
0.07573333333333337
0.17019999999999996
0.3002666666666666
0.06600000000000003
0.4193333333333333
0.5899333333333333
0.6247333333333333
1.229133333333333
0.7686000000000001
0.578
0.578
2.5229333333333344
0.6020000000000001
2.241999999999999
1.5494666666666663
0.2401999999999999
0.14599999999999996
0.16433333333333333
0.3680666666666667
0.386
0.18159999999999998
0.3370000000000001
0.109
0.3509999999999999
0.21160000000000007
0.4569333333333334
2.382933333333333
0.958866666666666
0.5867999999999999
0.6210666666666665
0.7149999999999999
0.5527333333333332
0.6332000000000001
0.8647999999999997
0.6866000000000003
0.3730666666666667
0.4153333333333333
0.48539999999999994
0.73
2.5407999999999995
2.2082
0.6617333333333335
1.3548000000000002
3.366333333333334
0.7796666666666667
0.8015333333333333
0.9215333333333334
0.6662666666666667
0.6306666666666666
1.1031333333333333
0.7607333333333333
3.332666666666667
2.839800000000001
0.8831999999999998
0.49133333333333334
1.0113333333333334
1.2276666666666667
1.0952000000000004
0.7748666666666665
0.7623333333333334
1.2588666666666668
0.7457333333333332
0.3823333333333333
0.5209333333333332
0.43666666666666665
