0.048
0.048
0.048
0.048
0.048
0.048
0.048
0.048
0.048
0.048
0.048
0.048
0.048
0.048
0.048
0.048
0.254
0.254
0.254
0.254
0.254
0.254
0.254
0.254
0.254
0.254
0.264
0.264
0.264
0.264
0.058
0.058
0.058
0.058
0.058
0.058
0.058
0.058
0.058
0.058
0.058
0.058
0.058
0.058
0.058
0.058
0.058
0.058
0.058
0.058
0.058
0.058
0.058
0.058
0.058
0.058
0.058
0.058
0.058
0.058
0.058
0.058
0.058
0.058
0.058
0.058
0.058
0.058
0.058
0.058
0.058
0.058
0.058
0.058
0.058
0.058
0.058
0.058
0.058
0.058
0.058
0.058
0.058
0.058
0.058
0.058
0.058
0.058
0.058
0.058
0.058
0.058
0.058
0.058
0.058
0.058
0.058
0.058
0.058
0.058
0.058
0.058
0.058
0.058
0.058
0.058
0.058
0.058
0.058
0.058
0.058
0.058
0.058
0.058
0.058
0.058
0.058
0.058
0.058
0.058
0.058
0.058
0.058
0.058
0.058
0.058
0.058
0.058
0.058
0.058
0.058
0.058
0.058
0.058
0.264
0.264
0.264
0.264
0.264
0.264
0.264
0.264
0.264
0.264
0.264
0.264
0.264
0.264
0.058
0.058
0.058
0.058
0.058
0.058
0.058
0.058
0.058
0.058
0.058
0.058
0.058
0.058
0.058
0.058
0.058
0.058
0.058
0.058
0.058
0.058
0.058
0.058
0.058
0.058
0.058
0.058
0.058
0.058
0.058
0.058
0.058
0.058
0.058
0.058
0.058
0.058
0.058
0.058
0.058
0.058
0.058
0.058
0.058
0.058
0.058
0.058
0.058
0.058
0.058
0.058
0.058
0.058
0.058
0.058
0.058
0.058
0.058
0.058
0.058
0.058
0.058
0.058
0.058
0.058
0.058
0.058
0.058
0.058
0.058
0.058
0.058
0.058
0.058
0.264
0.264
0.264
0.264
0.264
0.264
0.264
0.264
0.264
0.264
0.264
0.264
0.264
0.264
0.058
0.058
0.058
0.058
0.058
0.058
0.058
0.058
0.058
0.058
0.058
0.058
0.058
0.058
0.058
0.058
0.058
0.058
0.058
0.058
0.058
0.058
0.058
0.058
0.058
0.058
0.058
0.058
0.058
0.058
0.058
0.058
0.058
0.058
0.058
0.058
0.058
0.058
0.058
0.058
0.058
0.058
0.058
0.058
0.058
0.058
0.058
0.058
0.058
0.058
0.058
0.058
0.058
0.058
0.058
0.058
0.058
0.058
0.058
0.058
0.058
0.058
0.058
0.058
0.058
0.264
0.264
0.264
0.264
0.264
0.264
0.264
0.264
0.264
0.264
0.264
0.264
0.264
0.264
0.058
0.058
0.058
0.058
0.058
0.058
0.058
0.058
0.058
0.058
0.058
0.058
0.058
0.058
0.058
0.058
0.058
0.058
0.058
0.058
0.058
0.058
0.058
0.058
0.058
0.058
0.058
0.058
0.058
0.058
0.058
0.058
0.058
0.058
0.058
0.058
0.058
0.058
0.058
0.058
0.058
0.058
0.058
0.058
0.058
0.058
0.058
0.058
0.058
0.058
0.058
0.058
0.058
0.058
0.058
0.058
0.058
0.058
0.264
0.264
0.264
0.264
0.264
0.264
0.264
0.264
0.264
0.264
0.264
0.264
0.264
0.264
0.058
0.058
0.058
0.058
0.058
0.058
0.058
0.058
0.058
0.058
0.058
0.058
0.058
0.058
0.058
0.058
0.058
0.058
0.058
0.058
0.058
0.058
0.058
0.058
0.058
0.058
0.058
0.058
0.058
0.058
0.058
0.058
0.058
0.058
0.058
0.058
0.058
0.058
0.058
0.058
0.058
0.058
0.058
0.058
0.058
0.058
0.058
0.058
0.058
0.058
0.058
0.058
0.058
0.058
0.058
0.058
0.058
0.058
0.058
0.058
0.058
0.058
0.262
0.354
0.354
0.354
0.354
0.354
0.354
0.514
0.514
0.574
0.574
0.574
0.574
0.574
0.368
0.368
0.368
0.368
0.408
0.408
0.058
0.058
0.058
0.058
0.058
0.058
0.058
0.058
0.058
0.058
0.056
0.056
0.056
0.056
0.096
0.096
0.105
0.105
0.156
0.156
0.196
0.296
0.296
0.296
0.356
0.356
0.356
0.256
0.316
0.316
0.316
0.316
0.316
0.416
0.385
0.385
0.325
0.325
0.325
0.265
0.265
0.265
0.265
0.24
0.685
0.685
0.685
0.645
0.292
0.292
0.292
0.583
0.523
0.523
0.523
0.598
0.598
0.864
0.764
0.824
0.838
0.838
0.838
0.798
0.763
0.763
0.763
0.763
0.703
0.703
0.703
0.497
0.497
0.497
0.497
0.497
0.497
0.497
0.497
0.497
0.497
0.477
0.385
0.509
0.509
0.509
0.434
0.434
0.434
0.434
0.31
0.31
0.31
0.31
0.31
0.31
0.31
0.31
0.31
0.31
0.31
0.31
0.31
0.31
0.31
0.31
0.31
0.31
0.31
0.31
0.21
0.21
0.21
0.21
0.21
0.21
0.21
0.21
0.21
0.21
0.196
0.236
0.236
2.243
2.243
2.243
0.236
0.236
0.236
0.236
0.236
0.236
0.236
0.236
0.336
0.336
0.336
0.336
0.336
0.336
0.336
0.336
0.336
0.336
0.336
0.336
0.336
0.336
0.336
0.336
0.336
0.336
0.336
0.336
0.336
0.336
0.336
0.542
0.542
0.502
0.502
0.502
0.502
0.502
0.502
0.502
0.502
0.502
0.502
0.502
0.502
0.296
0.296
0.296
0.296
0.296
0.296
0.356
0.356
0.356
0.356
0.356
0.356
0.356
0.356
0.356
0.356
0.356
0.356
0.356
0.384
0.384
0.384
0.384
0.384
0.384
0.508
0.508
0.508
0.508
0.508
0.508
0.508
0.508
0.508
0.508
0.508
0.508
0.508
0.508
0.508
0.408
0.408
0.408
0.284
0.284
0.284
0.344
0.344
0.284
0.284
0.284
0.284
0.284
0.284
0.284
0.284
0.49
0.49
0.49
0.49
0.49
0.49
0.49
0.49
0.49
0.49
0.55
0.55
0.55
0.55
0.344
0.335
0.275
0.275
0.275
0.275
0.275
0.275
0.275
0.275
0.275
0.275
0.275
0.275
0.335
0.335
0.335
0.335
0.335
0.335
0.335
0.335
0.307
0.307
0.307
0.367
0.367
0.367
0.367
0.367
0.367
0.367
0.367
0.367
0.367
0.307
0.307
0.307
0.307
0.307
0.307
0.307
0.307
0.307
0.307
0.307
0.307
0.307
0.307
0.307
0.307
0.307
0.307
0.307
0.307
0.307
0.307
0.307
0.307
0.307
0.307
0.307
0.307
0.307
0.307
0.513
0.513
0.513
0.513
0.513
0.513
0.513
0.513
0.513
0.513
0.585
0.585
0.585
0.585
0.379
0.379
0.379
0.379
2.362
2.362
2.362
2.362
2.362
2.362
2.362
2.362
2.492
2.492
2.492
2.492
2.492
2.492
2.492
2.492
2.492
2.492
2.492
2.492
2.492
0.509
0.509
0.509
0.509
0.509
0.509
0.378
0.378
0.378
0.378
0.378
0.378
0.378
0.378
0.378
0.378
0.378
0.318
0.318
0.318
0.318
0.318
0.318
0.318
0.318
0.318
0.318
0.318
0.318
0.318
0.318
0.524
0.524
0.524
0.584
0.644
0.684
0.784
0.784
0.712
0.724
0.712
0.772
9.655
9.715
9.509
0.64
0.64
0.74
0.74
0.74
0.74
0.749
0.689
0.689
0.764
0.764
0.764
0.764
0.764
0.764
0.764
0.689
0.806
0.806
0.629
0.569
0.569
0.569
0.569
0.569
0.569
0.569
0.569
0.569
0.569
0.746
0.746
0.569
0.569
0.569
0.569
0.569
0.509
0.509
0.509
0.569
0.569
0.569
0.746
0.746
0.569
0.644
0.644
0.644
0.644
0.569
0.569
2.576
2.616
2.616
0.609
0.992
0.992
1.282
1.182
1.108
1.108
1.096
0.529
0.529
0.529
0.561
0.501
0.501
0.536
0.33
0.33
0.33
0.33
0.33
0.33
0.33
0.45
0.45
0.45
0.462
0.422
0.422
0.422
0.422
0.422
0.442
0.442
0.442
0.442
0.442
0.442
0.442
0.43
0.43
0.43
0.43
0.43
0.442
0.442
0.442
0.442
0.382
0.382
0.442
0.407
0.407
0.407
0.407
0.407
0.407
0.398
0.338
0.338
0.47
0.47
0.547
0.671
0.659
0.659
0.719
0.595
2.578
2.578
2.638
2.673
2.673
2.687
2.687
2.687
2.627
2.627
2.627
2.719
2.719
2.719
2.719
2.728
2.728
2.899
2.899
2.899
2.974
0.991
0.991
0.916
0.916
0.856
0.856
1.209
1.209
1.221
1.221
0.662
0.702
0.777
0.777
0.777
0.777
0.812
0.812
0.812
0.852
0.792
0.792
0.792
0.757
0.757
0.757
0.757
0.757
0.757
0.845
0.785
0.785
0.785
0.785
0.785
0.648
0.648
0.648
0.648
0.648
0.648
0.648
0.713
0.713
0.799
0.759
0.759
0.859
0.89
0.89
0.83
0.83
0.83
0.83
0.83
0.77
0.77
0.77
0.77
0.77
0.695
0.73
0.83
1.007
0.862
0.685
0.745
0.745
0.745
0.745
0.745
0.71
0.928
0.928
0.928
0.928
1.105
1.105
0.928
0.928
0.928
0.928
0.928
0.928
0.988
0.976
0.77
0.805
0.805
1.042
1.042
0.865
0.865
0.965
0.965
0.965
0.965
0.965
1.03
1.03
1.03
1.03
1.179
1.179
1.497
1.575
1.475
1.475
1.475
0.908
0.908
0.936
0.936
0.936
0.936
0.936
0.976
0.936
0.936
0.936
0.936
1.096
1.096
1.096
1.096
1.096
1.096
0.972
0.963
0.963
0.963
0.963
0.963
1.003
1.003
1.14
1.04
1.04
1.04
1.04
1.04
1.04
1.049
1.049
1.049
1.049
1.049
1.255
1.255
1.255
1.255
1.32
1.26
1.195
1.195
1.135
1.135
1.135
0.926
0.926
1.001
0.795
0.795
0.855
0.855
0.841
0.841
0.841
0.841
0.711
0.711
0.711
0.711
0.711
0.711
0.711
0.574
0.574
0.574
0.514
0.514
0.514
0.514
0.514
0.486
0.486
0.058
0.058
0.058
0.058
0.058
0.058
0.058
0.058
0.058
0.058
0.058
0.058
0.058
0.058
0.058
0.058
0.058
0.058
0.058
0.058
0.058
0.058
0.058
0.058
0.058
0.058
0.058
0.058
0.058
0.058
0.058
0.058
0.058
0.058
0.058
0.058
0.264
0.264
0.264
0.264
0.264
0.264
0.264
0.264
0.264
0.264
0.264
0.264
0.264
0.264
0.058
0.058
0.058
0.058
0.058
0.058
0.058
0.058
0.058
0.058
0.058
0.058
0.058
0.058
0.058
0.058
0.058
0.058
0.058
0.058
0.058
0.058
0.058
0.058
0.058
0.058
0.058
0.058
0.058
0.058
0.058
0.058
0.058
0.058
0.058
0.058
0.058
0.058
0.058
0.058
0.058
0.058
0.058
0.058
0.058
0.058
0.058
0.058
0.058
0.058
0.058
0.058
0.058
0.058
0.058
0.058
0.058
0.058
0.058
0.058
0.058
0.264
0.264
0.264
0.264
0.264
0.264
0.264
0.264
0.264
0.264
0.264
0.264
0.264
0.264
0.058
0.058
0.058
0.058
0.058
0.058
0.058
0.058
0.058
0.058
0.058
0.058
0.058
0.058
0.058
0.058
0.058
0.058
0.058
0.058
0.058
0.058
0.058
0.058
0.058
0.058
0.058
0.058
0.058
0.058
0.058
0.058
0.058
0.058
0.058
0.187
0.187
0.187
0.247
0.187
0.187
0.187
0.187
0.187
0.187
0.215
0.215
0.215
0.315
2.417
2.317
2.222
0.379
0.379
0.379
0.379
0.379
0.379
0.379
0.379
0.379
0.379
0.419
0.419
0.594
0.058
0.058
0.058
0.058
0.058
0.058
0.058
0.058
0.058
0.058
0.058
0.058
0.058
0.058
0.058
0.058
0.058
0.058
0.058
0.058
0.058
0.058
0.058
0.058
0.058
0.058
0.264
0.264
0.264
0.264
0.264
0.264
0.264
0.264
0.264
0.264
0.264
0.264
0.264
0.264
0.058
0.058
0.058
0.058
0.058
0.058
0.058
0.058
0.058
0.058
0.058
0.058
0.058
0.058
0.058
0.058
0.048
0.048
0.048
0.058
