0.064
0.064
0.064
0.066
0.074
0.074
0.074
0.1488
0.261
0.261
0.261
0.261
0.074
0.158
0.179
0.179
0.15799999999999997
0.074
0.11040000000000001
0.256
0.256
0.18319999999999997
0.074
0.074
0.074
0.074
0.34500000000000003
0.366
0.366
0.34500000000000003
0.1488
0.074
0.074
0.14679999999999999
0.256
0.256
0.14679999999999999
0.095
0.179
0.179
0.179
0.11599999999999999
0.074
0.074
0.074
0.074
0.074
0.074
0.256
0.256
0.21960000000000002
0.179
0.179
0.179
0.13699999999999996
0.074
0.1862
0.261
0.261
0.261
0.22360000000000002
0.095
0.179
0.179
0.3246
0.298
0.256
0.074
0.074
0.074
0.074
0.074
0.074
0.074
0.074
0.074
0.074
0.074
0.21960000000000002
0.256
0.33999999999999997
0.179
0.179
0.15799999999999997
0.261
0.261
0.261
0.261
0.1488
0.074
0.074
0.074
0.14679999999999999
0.256
0.256
0.14679999999999999
0.072
0.133
0.309
0.409
0.507
0.516
0.5115999999999999
0.651
0.639
0.707
0.6242
0.512
0.512
0.512
0.512
0.46799999999999997
0.41200000000000003
0.44799999999999995
0.43899999999999995
0.319
0.298
1.4478
0.396
0.41600000000000004
0.4464
0.351
0.351
0.351
0.27619999999999995
0.9904
0.179
0.179
0.15799999999999997
0.074
0.074
0.074
0.074
0.1842
0.44299999999999995
0.44299999999999995
0.3338
0.261
0.11140000000000001
0.158
0.179
0.179
0.15799999999999997
0.074
0.074
0.074
0.074
0.074
0.074
0.258
0.44299999999999995
0.44299999999999995
0.2974
0.261
0.074
0.074
0.074
0.158
0.179
0.179
0.15799999999999997
0.074
0.074
0.074
0.256
0.256
0.2944
0.261
0.261
0.261
0.366
0.179
0.179
0.13699999999999996
0.074
0.074
0.074
0.074
0.11040000000000001
0.2934
0.44299999999999995
0.3702
0.261
0.324
0.2164
0.179
2.1109999999999998
2.074
2.024
2.108
2.168
0.263
0.201
0.383
0.6145999999999999
0.6556
0.5
0.5866
0.5462
0.49400000000000005
1.6692
1.8079999999999998
1.9600000000000002
1.9929999999999999
2.1010000000000004
2.0786000000000002
0.179
0.11599999999999999
0.074
0.074
0.074
0.22360000000000002
0.6487999999999999
0.53
0.506
0.4391999999999999
0.5308
0.612
0.5894
0.659
0.601
0.7206
0.761
0.7432
0.654
0.7268
0.836
0.8522000000000001
1.0506
1.0340000000000003
1.082
1.01
1.0552
1.0322
1.0375999999999999
0.986
0.9410000000000001
0.8590000000000002
0.8870000000000001
1.027
1.061
1.0050000000000001
4.99
0.868
0.9218
4.1808
4.2042
4.191999999999999
4.1129999999999995
4.556399999999999
3.906
3.968600000000001
3.779
1.2486000000000002
0.636
2.4737999999999998
3.711
3.6942
3.687
3.8206
3.9178000000000006
3.9074
3.9494
1.9517999999999998
0.7310000000000001
1.4120000000000001
2.174
0.634
0.6739999999999999
0.7822000000000001
0.261
0.261
0.261
0.22360000000000002
0.074
0.074
0.074
0.074
0.095
0.179
0.361
0.361
0.2616
0.11139999999999999
0.261
0.259
0.251
0.251
