0.06
0.06
0.12
0.155
0.155
0.155
0.155
0.155
0.155
0.155
0.155
0.255
0.255
0.255
0.283
0.283
0.283
0.283
0.383
0.255
0.35
0.29
0.29
0.29
0.29
0.3
0.16
0.16
0.16
0.16
0.072
0.072
0.072
0.072
0.072
0.072
0.072
0.072
0.072
0.072
0.072
0.072
0.072
0.072
0.072
0.072
0.072
0.072
0.072
0.072
0.072
0.072
0.072
0.072
0.072
0.072
0.072
0.072
0.072
0.072
0.072
0.072
0.072
0.072
0.072
0.072
0.072
0.072
0.072
0.072
0.072
0.072
0.072
0.072
0.072
0.072
0.072
0.072
0.072
0.072
0.072
0.072
0.072
0.072
0.072
0.072
0.072
0.072
0.072
0.072
0.072
0.072
0.072
0.072
0.072
0.072
0.072
0.072
0.072
0.072
0.072
0.072
0.072
0.072
0.072
0.25
0.25
0.25
0.25
0.25
0.25
0.25
0.25
0.25
0.25
0.25
0.25
0.25
0.25
0.25
0.25
0.25
0.25
0.25
0.25
0.25
0.25
0.072
0.072
0.072
0.072
0.072
0.072
0.072
0.072
0.072
0.072
0.072
0.072
0.072
0.072
0.072
0.072
0.072
0.072
0.072
0.072
0.072
0.072
0.072
0.072
0.072
0.072
0.072
0.072
0.072
0.072
0.072
0.072
0.072
0.072
0.072
0.072
0.072
0.072
0.072
0.072
0.072
0.072
0.072
0.072
0.072
0.072
0.072
0.072
0.072
0.072
0.072
0.072
0.072
0.072
0.072
0.072
0.072
0.072
0.072
0.072
0.072
0.072
0.072
0.072
0.072
0.072
0.072
0.072
0.072
0.072
0.072
0.072
0.072
0.25
0.25
0.25
0.25
0.25
0.25
0.25
0.25
0.25
0.25
0.25
0.25
0.25
0.25
0.25
0.25
0.25
0.25
0.25
0.25
0.25
0.25
0.072
0.072
0.072
0.072
0.072
0.072
0.072
0.072
0.072
0.072
0.072
0.072
0.072
0.072
0.072
0.072
0.072
0.072
0.072
0.072
0.072
0.072
0.072
0.072
0.072
0.072
0.072
0.072
0.072
0.072
0.072
0.072
0.072
0.072
0.072
0.072
0.072
0.072
0.072
0.072
0.072
0.072
0.072
0.072
0.072
0.072
0.072
0.072
0.072
0.072
0.072
0.072
0.072
0.072
0.072
0.072
0.072
0.072
0.072
0.072
0.072
0.072
0.25
0.25
0.25
0.25
0.25
0.25
0.25
0.25
0.25
0.25
0.25
0.25
0.25
0.25
0.25
0.25
0.25
0.25
0.25
0.25
0.25
0.25
0.072
0.072
0.072
0.072
0.072
0.072
0.072
0.072
0.072
0.072
0.072
0.072
0.072
0.072
0.072
0.072
0.072
0.072
0.072
0.072
0.072
0.072
0.072
0.072
0.072
0.072
0.072
0.072
0.072
0.072
0.072
0.072
0.072
0.072
0.072
0.072
0.072
0.072
0.072
0.072
0.072
0.072
0.072
0.072
0.072
0.072
0.072
0.072
0.072
0.072
0.072
0.072
0.072
0.072
0.072
0.072
0.072
0.072
0.072
0.072
0.25
0.25
0.25
0.25
0.25
0.25
0.25
0.25
0.25
0.25
0.25
0.25
0.25
0.25
0.25
0.25
0.25
0.25
0.25
0.25
0.25
0.25
0.072
0.072
0.072
0.072
0.072
0.072
0.072
0.072
0.072
0.072
0.072
0.072
0.072
0.072
0.072
0.072
0.072
0.072
0.072
0.072
0.072
0.072
0.072
0.072
0.072
0.072
0.072
0.072
0.072
0.072
0.072
0.072
0.072
0.072
0.072
0.072
0.072
0.072
0.072
0.072
0.072
0.072
0.072
0.072
0.072
0.072
0.072
0.072
0.072
0.072
0.072
0.072
0.072
0.072
0.072
0.072
0.072
0.072
0.072
0.072
0.072
0.072
0.072
0.072
0.072
0.072
0.072
0.072
0.072
0.072
0.072
0.072
0.072
0.072
0.072
0.072
0.072
0.072
0.072
0.072
0.072
0.072
0.072
0.072
0.072
0.072
0.072
0.072
0.072
0.072
0.072
0.072
0.072
0.072
0.072
0.072
0.072
0.072
0.072
0.072
0.072
0.072
0.072
0.072
0.072
0.072
0.072
0.072
0.072
0.072
0.072
0.072
0.072
0.072
0.072
0.072
0.072
0.072
0.072
0.072
0.072
0.072
0.085
0.085
0.085
0.085
0.105
0.105
0.105
0.343
0.343
0.343
0.343
0.343
0.343
0.343
0.343
0.343
0.443
0.443
0.443
0.463
0.463
0.363
0.363
0.398
0.398
0.438
0.438
0.438
0.438
0.26
0.32
0.32
0.3
0.3
0.3
0.3
0.3
0.3
0.3
0.3
0.3
0.3
0.3
0.3
2.293
2.293
2.293
0.3
0.3
0.3
0.3
0.3
0.28
0.28
0.28
0.28
0.28
0.22
0.22
0.22
0.22
0.22
0.32
0.205
0.265
0.265
0.265
0.265
0.265
0.265
0.265
0.265
0.265
0.265
0.205
0.205
0.205
0.145
0.145
0.145
0.145
0.145
0.11
0.11
0.11
0.11
0.11
0.11
0.11
0.17
0.17
0.17
0.11
0.15
0.19
0.15
0.15
0.15
0.21
0.21
0.21
0.21
0.21
0.21
0.388
0.388
0.388
0.388
0.403
0.403
0.403
0.403
0.403
0.403
0.403
0.363
0.363
0.363
0.263
0.263
0.263
0.263
0.263
0.263
0.263
0.263
0.085
0.085
0.085
0.085
0.085
0.085
0.085
0.085
0.085
0.085
0.085
0.085
0.085
0.085
0.085
0.085
0.085
0.085
0.085
0.085
0.085
0.085
0.085
0.085
0.085
0.085
0.085
0.085
0.085
0.085
0.085
0.085
0.085
0.085
0.085
0.085
0.085
0.085
0.085
0.085
0.085
0.085
0.085
0.085
0.085
0.085
0.085
0.085
0.085
0.085
0.085
0.085
0.085
0.085
0.085
0.07
0.07
0.07
0.248
0.248
0.248
0.248
0.248
0.248
0.248
0.248
0.248
0.248
0.248
0.248
0.248
0.376
0.376
0.376
0.376
0.376
0.376
0.376
0.376
0.376
0.07
0.07
0.07
0.07
0.07
0.07
0.07
0.07
0.07
0.07
0.07
0.07
0.07
0.07
0.07
0.07
0.07
0.07
0.07
0.07
0.07
0.07
0.07
0.07
0.072
0.072
0.072
0.072
0.072
0.072
0.072
0.072
0.072
0.072
0.072
0.072
0.072
0.072
0.072
0.072
0.072
0.072
0.072
0.072
0.072
0.072
0.072
0.072
0.072
0.072
0.072
0.072
0.072
0.072
0.072
0.072
0.072
0.072
0.072
0.072
0.072
0.072
0.072
0.072
0.072
0.072
0.072
0.072
0.25
0.25
0.25
0.25
0.25
0.25
0.25
0.25
0.25
0.25
0.25
0.25
0.25
0.25
0.25
0.25
0.25
0.25
0.25
0.25
0.25
0.25
0.072
0.072
0.072
0.072
0.072
0.072
0.072
0.072
0.072
0.072
0.072
0.072
0.072
0.072
0.072
0.072
0.072
0.072
0.072
0.072
0.072
0.072
0.072
0.072
0.072
0.072
0.072
0.072
0.072
0.072
0.072
0.072
0.072
0.072
0.072
0.072
0.072
0.072
0.072
0.072
0.072
0.072
0.072
0.072
0.072
0.072
0.072
0.072
0.072
0.25
0.25
0.25
0.25
0.25
0.25
0.25
0.25
0.25
0.25
0.25
0.25
0.25
0.25
0.25
0.25
0.25
0.25
0.25
0.25
0.25
0.25
0.072
0.072
0.072
0.072
0.072
0.072
0.072
0.072
0.072
0.072
0.072
0.072
0.072
0.072
0.072
0.072
0.072
0.072
0.072
0.072
0.072
0.072
0.072
0.072
0.072
0.072
0.072
0.072
0.072
0.072
0.072
0.072
0.072
0.072
0.072
0.072
0.072
0.072
0.072
0.072
0.072
0.072
0.072
0.072
0.072
0.072
0.072
0.072
0.072
0.25
0.25
0.25
0.25
0.25
0.25
0.25
0.25
0.25
0.25
0.25
0.25
0.25
0.25
0.25
0.25
0.25
0.25
0.25
0.25
0.25
0.25
0.072
0.072
0.072
0.072
0.072
0.072
0.072
0.072
0.072
0.072
0.072
0.072
0.072
0.072
0.072
0.072
0.072
0.072
0.072
0.072
0.072
0.072
0.072
0.072
0.072
0.072
0.072
0.072
0.072
0.072
0.072
0.072
0.072
0.072
0.072
0.072
0.072
0.072
0.072
0.072
0.072
0.072
0.072
0.072
0.072
0.072
0.072
0.072
0.072
0.072
0.072
0.25
0.288
0.288
0.288
0.387
0.407
0.407
0.407
0.407
0.407
0.407
0.407
0.442
0.502
0.442
0.442
0.407
0.407
0.447
0.447
0.407
0.447
0.269
0.269
0.269
0.269
0.269
0.244
0.244
0.244
0.244
0.244
0.244
0.244
0.284
0.324
0.324
0.324
0.371
0.371
0.371
0.331
0.331
0.331
0.331
2.548
2.548
2.648
2.608
2.608
2.608
2.608
2.643
2.683
2.683
2.683
2.764
2.764
2.764
2.764
2.764
0.547
0.448
0.448
0.448
0.413
0.473
0.473
0.647
0.647
0.635
0.635
0.635
0.635
0.694
0.694
0.634
0.634
0.634
0.694
0.694
0.729
0.729
0.729
0.729
0.69
0.57
0.57
0.57
0.61
0.61
0.51
0.51
0.57
0.57
0.535
0.535
0.535
0.535
0.535
0.52
0.698
0.698
0.733
0.733
0.733
0.733
0.793
0.793
0.733
0.733
0.25
0.25
0.25
0.25
0.25
0.25
0.25
0.25
0.25
0.25
0.25
0.25
0.072
0.072
0.072
0.072
0.072
0.072
0.072
0.072
0.072
0.072
0.072
0.072
0.072
0.072
0.072
0.072
0.072
0.072
0.072
0.072
0.072
0.072
0.072
0.072
0.072
0.072
0.072
0.072
0.072
0.072
0.072
0.072
0.072
0.072
0.072
0.072
0.072
0.072
0.072
0.072
0.072
0.072
0.072
0.072
0.072
0.072
0.072
0.072
0.072
0.072
0.072
0.072
0.072
0.072
0.072
0.25
0.25
0.25
0.25
0.25
0.25
0.25
0.25
0.25
0.25
0.25
0.25
0.25
0.25
0.25
0.25
0.25
0.25
0.25
0.25
0.25
0.25
0.072
0.072
0.072
0.072
0.072
0.072
0.072
0.072
0.072
0.072
0.072
0.072
0.072
0.072
0.072
0.072
0.072
0.072
0.072
0.072
0.072
0.072
0.072
0.072
0.072
0.072
0.072
0.072
0.072
0.072
0.072
0.072
0.072
0.072
0.072
0.072
0.072
0.072
0.072
0.072
0.072
0.072
0.072
0.072
0.072
0.072
0.072
0.072
0.072
0.072
0.072
0.072
0.072
0.072
0.072
0.072
0.25
0.25
0.25
0.25
0.25
0.25
0.25
0.25
0.25
0.25
0.25
0.25
0.25
0.25
0.25
0.25
0.25
0.25
0.25
0.25
0.25
0.25
0.072
0.072
0.072
0.072
0.072
0.072
0.072
0.072
0.072
0.072
0.072
0.072
0.072
0.072
0.072
0.072
0.072
0.072
0.072
0.072
0.072
0.072
0.072
0.072
0.072
0.072
0.072
0.072
0.072
0.072
0.072
0.072
0.072
0.072
0.072
0.072
0.072
0.072
0.072
0.072
0.072
0.072
0.072
0.072
0.072
0.072
0.072
0.072
0.072
0.072
0.072
0.072
0.072
0.072
0.072
0.072
0.072
0.072
0.072
0.072
0.072
0.25
0.25
0.25
0.25
0.25
0.25
0.25
0.25
0.25
0.25
0.25
0.25
0.25
0.25
0.25
0.25
0.25
0.25
0.25
0.25
0.25
0.25
0.072
0.072
0.072
0.072
0.072
0.072
0.072
0.072
0.072
0.072
0.072
0.072
0.072
0.072
0.072
0.072
0.072
0.072
0.072
0.072
0.072
0.072
0.072
0.072
0.072
0.072
0.072
0.072
0.072
0.072
0.072
0.072
0.072
0.072
0.072
0.072
0.072
0.072
0.072
0.072
0.072
0.072
0.072
0.072
0.072
0.072
0.072
0.072
0.072
0.072
0.072
0.072
0.072
0.072
0.072
0.072
0.072
0.072
0.072
0.072
0.072
0.072
0.072
0.072
0.072
0.072
0.072
0.072
0.072
0.072
0.072
0.072
0.072
0.072
0.072
0.062
0.062
0.062
0.062
0.062
