0.08073333333333335
0.05600000000000002
0.06200000000000003
0.06600000000000003
0.06600000000000003
0.23300000000000007
0.12166666666666671
0.21939999999999993
0.17219999999999988
0.06600000000000003
0.14393333333333336
0.21073333333333336
0.1132
0.2429999999999999
0.10140000000000003
0.06600000000000003
0.06600000000000003
0.06600000000000003
0.2218666666666667
0.13280000000000006
0.18399999999999997
0.2075999999999999
0.06600000000000003
0.06600000000000003
0.14393333333333336
0.24613333333333337
0.2429999999999999
0.11320000000000004
0.06600000000000003
0.2023333333333333
0.14393333333333336
0.2579333333333334
0.2429999999999999
0.10140000000000003
0.06600000000000003
0.16620000000000001
0.3418666666666668
0.17219999999999988
0.06600000000000003
0.06600000000000003
0.23300000000000007
0.12166666666666671
0.06600000000000003
0.18399999999999997
0.2075999999999999
0.06600000000000003
0.06600000000000003
0.06600000000000003
0.23300000000000007
0.1570666666666667
0.2429999999999999
0.11320000000000004
0.06600000000000003
0.13280000000000003
0.35166666666666674
0.1957999999999999
0.06600000000000003
0.06600000000000003
0.21073333333333338
0.14393333333333336
0.19579999999999995
0.1957999999999999
0.06600000000000003
0.06600000000000003
0.06600000000000003
0.06600000000000003
0.06600000000000003
0.2926666666666667
0.3098
0.07780000000000004
0.06600000000000003
0.06600000000000003
0.1348
0.4100000000000001
0.1354666666666667
0.06600000000000003
0.06600000000000003
0.1132
0.33940000000000003
0.349
0.1493333333333334
0.08033333333333334
0.29966666666666664
0.5261333333333332
0.322
0.393
0.4746666666666666
0.4539333333333333
0.4417333333333333
0.49426666666666663
0.07713333333333336
0.23300000000000007
0.11053333333333337
0.17219999999999996
0.2193999999999999
0.06600000000000003
