0.056
0.056
0.056
0.046
0.046
0.046
0.046
0.046
0.046
0.046
0.046
0.046
0.046
0.046
0.046
0.046
0.046
0.046
0.046
0.046
0.046
0.046
0.046
0.046
0.046
0.046
0.046
0.046
0.046
0.046
0.046
0.046
0.046
0.056
0.056
0.056
0.056
0.056
0.056
0.056
0.056
0.056
0.056
0.056
0.056
0.056
0.056
0.056
0.056
0.056
0.264
0.264
0.264
0.264
0.264
0.264
0.264
0.264
0.264
0.264
0.264
0.264
0.264
0.264
0.264
0.264
0.264
0.264
0.264
0.264
0.264
0.264
0.056
0.056
0.056
0.056
0.056
0.056
0.056
0.056
0.056
0.056
0.056
0.056
0.056
0.056
0.056
0.056
0.056
0.056
0.056
0.056
0.056
0.056
0.056
0.056
0.056
0.056
0.056
0.056
0.056
0.056
0.056
0.056
0.056
0.056
0.056
0.056
0.056
0.056
0.056
0.056
0.056
0.056
0.056
0.056
0.056
0.056
0.056
0.056
0.056
0.056
0.264
0.264
0.264
0.264
0.264
0.264
0.264
0.264
0.264
0.264
0.264
0.264
0.264
0.264
0.264
0.264
0.264
0.264
0.264
0.264
0.264
0.264
0.056
0.056
0.207
0.207
0.207
0.207
0.207
0.207
0.207
0.207
0.207
0.207
0.207
0.207
0.207
0.207
0.207
0.207
0.207
0.207
0.207
0.207
0.056
0.056
0.056
0.056
0.056
0.056
0.056
0.056
0.056
0.056
0.056
0.056
0.056
0.056
0.056
0.056
0.056
0.056
0.056
0.056
0.056
0.056
0.056
0.056
0.056
0.056
0.056
0.056
0.056
0.056
0.056
0.056
0.056
0.056
0.056
0.056
0.264
0.264
0.264
0.264
0.264
0.264
0.264
0.264
0.264
0.264
0.264
0.264
0.264
0.264
0.264
0.264
0.264
0.264
0.264
0.264
0.264
0.264
0.056
0.056
0.056
0.056
0.056
0.056
0.207
0.207
0.207
0.207
0.207
0.207
0.207
0.207
0.207
0.207
0.207
0.207
0.207
0.207
0.207
0.207
0.207
0.207
0.207
0.207
0.056
0.056
0.056
0.056
0.056
0.056
0.056
0.056
0.056
0.056
0.056
0.056
0.056
0.056
0.056
0.056
0.056
0.056
0.056
0.056
0.056
0.056
0.056
0.056
0.056
0.056
0.056
0.056
0.056
0.056
0.056
0.056
0.056
0.264
0.264
0.264
0.264
0.264
0.264
0.264
0.264
0.264
0.264
0.264
0.264
0.264
0.264
0.264
0.264
0.264
0.264
0.264
0.264
0.264
0.264
0.056
0.056
0.056
0.056
0.056
0.056
0.056
0.056
0.056
0.056
0.056
0.207
0.207
0.207
0.207
0.207
0.207
0.207
0.207
0.207
0.207
0.207
0.207
0.207
0.207
0.207
0.207
0.207
0.207
0.207
0.207
0.056
0.056
0.056
0.056
0.056
0.056
0.056
0.056
0.056
0.056
0.056
0.056
0.056
0.264
0.264
0.264
0.264
0.264
0.264
0.264
0.264
0.264
0.264
0.264
0.264
0.264
0.264
0.264
0.264
0.264
0.264
0.264
0.264
0.264
0.264
0.056
0.056
0.056
0.056
0.056
0.056
0.056
0.056
0.056
0.056
0.056
0.056
0.056
0.056
0.056
0.207
0.207
0.207
0.207
0.207
0.207
0.207
0.207
0.207
0.207
0.207
0.207
0.207
0.207
0.207
0.207
0.207
0.207
0.207
0.207
0.056
0.056
0.056
0.056
0.056
0.056
0.056
0.056
0.056
0.056
0.056
0.056
0.056
0.056
0.056
0.056
0.056
0.056
0.056
0.056
0.056
0.056
0.056
0.056
0.056
0.056
0.056
0.056
0.056
0.056
0.056
0.264
0.264
0.264
0.262
0.262
0.265
0.265
0.262
0.262
0.262
0.262
0.262
0.262
0.262
0.262
0.262
0.322
0.422
0.422
0.322
0.473
0.473
0.205
0.207
0.207
0.207
0.207
0.207
0.207
0.207
0.207
0.207
0.207
0.207
0.207
0.207
0.207
0.207
0.207
0.207
0.056
0.056
0.056
0.056
0.056
0.056
0.056
0.056
0.056
0.056
0.056
0.056
0.056
0.054
0.054
0.104
0.104
0.104
0.104
0.104
0.104
0.104
0.204
0.259
0.259
0.259
2.065
2.065
4.638
2.832
2.832
2.832
2.832
2.832
2.832
2.832
2.832
2.832
2.892
2.777
2.777
2.777
2.928
3.028
2.928
2.928
2.928
2.928
0.355
0.455
0.455
0.455
0.663
0.663
0.663
0.663
0.663
0.663
0.663
0.663
0.663
0.663
0.612
0.612
0.512
0.512
0.512
0.512
0.512
0.512
0.512
0.512
0.512
0.512
0.344
0.404
0.404
0.404
0.404
0.404
0.404
0.354
0.354
0.354
0.354
0.354
0.354
0.354
0.354
0.354
0.354
0.294
0.294
0.294
0.294
0.294
0.294
0.294
0.294
0.294
0.294
0.294
0.294
0.294
0.294
0.294
0.294
0.445
0.445
0.445
0.445
0.445
0.445
0.445
0.445
0.445
0.445
0.445
0.445
0.477
0.477
0.437
0.437
0.437
0.437
0.437
0.437
0.286
2.092
2.215
2.423
0.62
0.62
0.62
0.62
0.62
0.62
3.193
3.193
3.243
3.243
3.243
3.243
3.243
3.243
3.243
3.243
3.243
3.243
3.243
3.243
3.243
3.035
3.035
3.035
3.035
3.035
0.462
0.462
0.462
0.462
0.462
0.462
0.462
0.462
0.462
0.462
0.462
0.462
0.462
0.462
0.459
0.459
0.459
0.459
0.459
0.459
0.459
0.459
0.459
0.459
0.459
0.459
0.459
0.459
0.459
0.459
0.459
0.459
0.459
0.459
0.459
0.775
0.775
0.775
0.552
0.204
0.204
0.204
0.204
0.264
0.264
0.264
0.264
0.264
0.264
0.264
0.472
0.472
0.472
0.472
0.472
0.472
0.472
0.472
0.472
0.472
0.472
0.472
0.472
0.472
0.472
0.472
0.472
0.472
0.472
0.472
0.472
0.472
0.264
0.264
0.264
0.164
0.164
0.164
0.287
2.093
2.093
2.093
0.287
0.287
0.287
0.287
0.287
0.287
2.86
2.86
2.86
2.86
2.86
2.86
2.86
2.86
2.86
4.666
4.666
4.666
2.86
2.86
2.86
2.737
2.737
2.737
2.737
2.737
0.164
0.164
0.164
0.164
0.164
0.164
0.164
0.164
0.164
0.164
0.164
0.164
0.164
0.315
0.315
0.315
0.315
0.315
0.315
0.33
0.33
0.27
0.27
0.27
0.27
0.22
0.22
0.22
0.22
0.32
0.32
0.32
0.32
0.169
0.169
0.169
0.169
0.169
0.169
0.169
0.069
0.069
0.069
0.069
0.069
0.069
0.069
0.069
0.069
0.069
0.069
0.069
0.069
0.069
0.069
0.069
0.069
0.069
0.069
0.069
0.069
0.069
0.069
0.069
0.069
0.069
0.069
0.069
0.069
0.069
0.069
0.069
0.141
0.141
0.141
0.141
0.141
0.141
0.141
0.126
2.109
2.109
2.109
2.109
2.109
2.109
2.109
2.109
2.109
2.109
2.209
2.209
2.109
4.682
4.682
4.682
4.682
4.682
4.682
4.682
4.682
3.199
3.407
3.407
3.407
3.407
3.407
3.407
4.399
4.399
4.399
3.407
3.407
0.834
0.834
0.834
0.834
0.834
0.834
0.834
0.834
0.334
0.334
0.334
0.126
0.126
0.277
0.277
0.277
0.277
0.277
0.277
0.277
0.277
0.277
0.277
0.277
0.277
2.85
2.987
2.987
2.987
2.987
2.987
3.076
3.076
2.925
2.985
2.985
2.985
2.985
2.985
2.985
3.135
3.135
3.135
3.135
3.135
0.662
0.562
0.512
0.512
0.512
0.512
0.689
0.689
0.612
0.672
0.612
0.612
0.612
0.612
0.823
0.823
0.823
0.823
0.723
1.06
1.057
0.93
0.93
0.93
0.93
0.93
0.93
1.33
1.33
1.23
1.23
1.23
1.407
1.407
1.18
1.18
0.975
0.915
0.915
0.915
0.915
0.915
0.915
0.915
0.915
1.192
1.103
1.421
1.421
1.321
1.321
1.321
0.854
0.977
0.977
1.077
1.077
1.077
1.077
1.077
1.177
1.227
1.227
1.227
1.178
1.178
1.178
1.178
1.178
1.178
1.178
1.338
1.278
1.228
1.128
1.128
1.128
1.128
1.183
1.183
1.183
1.283
1.333
1.343
1.092
1.092
1.252
1.252
1.252
1.252
1.252
1.252
1.152
1.152
1.092
1.092
1.252
1.352
1.352
1.352
1.252
1.252
1.252
1.284
1.284
1.344
1.344
1.344
1.184
1.184
1.334
1.542
1.392
1.492
1.542
1.542
1.442
1.332
1.332
1.332
1.332
1.332
1.272
1.272
1.272
1.272
1.332
1.482
1.482
1.487
1.487
1.587
1.487
1.279
1.403
1.403
1.358
1.358
1.358
1.358
1.236
1.236
1.181
1.181
1.121
1.221
1.221
1.221
1.371
1.371
1.371
1.371
1.371
1.371
1.371
1.371
1.371
1.371
1.371
1.371
1.22
1.37
1.37
1.32
1.355
1.205
1.205
1.205
1.245
1.245
1.345
1.357
1.317
1.317
1.317
1.377
1.405
1.305
1.365
1.265
1.265
1.205
1.205
1.413
1.413
1.413
1.413
1.413
1.563
1.503
1.503
1.503
1.503
1.503
1.503
1.503
1.403
1.403
1.463
1.563
1.463
1.463
1.463
1.463
1.354
1.346
1.346
1.446
1.446
1.446
1.446
1.449
1.489
1.489
1.489
1.489
1.489
1.489
1.489
1.389
1.389
1.389
1.389
1.389
1.389
1.489
1.549
1.549
1.489
1.937
1.937
4.41
4.41
4.062
4.062
4.062
4.062
4.002
3.962
3.962
3.772
3.772
3.772
3.772
3.895
3.735
3.735
3.685
3.685
3.685
3.836
1.263
1.263
1.295
1.455
1.555
1.555
1.679
1.679
1.679
1.679
1.679
1.639
1.639
1.401
1.609
1.609
1.609
1.609
1.609
1.558
1.558
1.558
1.558
1.655
1.678
1.728
1.228
1.228
1.228
1.228
1.091
1.031
1.031
1.031
0.931
0.931
0.723
0.723
0.723
0.738
0.738
0.738
0.888
0.888
0.838
0.838
0.838
0.838
0.841
0.691
0.691
0.691
0.691
0.691
0.691
0.691
0.691
0.746
0.746
0.746
0.746
0.623
0.623
0.563
0.563
0.563
0.563
0.563
0.563
0.563
0.563
0.508
0.508
0.505
0.505
0.473
0.473
0.473
0.473
0.473
0.605
0.605
0.605
0.608
0.655
0.863
0.863
0.763
1.137
1.237
1.287
1.387
1.387
3.193
3.193
3.193
1.387
1.237
1.237
1.222
1.222
1.222
1.222
1.162
1.162
1.162
1.162
0.954
0.803
0.803
0.703
0.703
0.706
0.703
0.653
0.713
0.813
0.713
0.613
0.628
0.628
0.628
0.631
0.631
0.643
0.643
0.643
0.693
0.593
0.693
0.593
3.116
3.113
3.163
3.113
3.073
3.173
3.501
3.501
3.561
3.561
3.153
3.213
3.213
3.213
3.213
3.313
3.463
3.463
3.463
3.403
0.83
0.83
0.798
0.798
0.798
0.798
0.798
0.798
0.675
0.675
0.675
0.675
0.735
0.735
0.735
0.912
0.872
0.812
1.02
1.02
1.171
1.171
1.171
1.171
1.171
1.203
1.253
1.253
1.248
1.248
1.248
1.348
1.248
1.148
1.321
1.321
1.321
1.321
1.381
1.381
1.022
1.022
1.022
1.022
3.595
3.471
3.471
3.511
3.511
3.511
3.511
3.511
3.611
3.711
3.711
3.566
3.566
3.566
3.569
3.569
3.566
3.566
3.566
3.443
0.858
0.861
0.861
0.885
0.885
0.885
0.885
0.825
0.925
0.925
0.925
0.925
0.925
0.925
0.925
0.925
0.925
0.925
0.985
1.136
1.136
1.136
1.076
1.076
1.076
1.076
3.649
3.649
3.649
3.549
3.449
12.342
12.402
12.61
4.033
3.685
3.685
3.685
3.685
3.534
3.634
3.654
3.554
3.554
3.554
3.534
1.061
0.937
0.937
0.994
0.994
0.919
1.019
0.954
0.954
0.746
0.746
0.746
0.781
0.681
0.741
0.741
0.741
0.741
0.741
0.741
0.741
0.721
0.721
0.681
0.681
0.681
0.681
0.681
