1.0566666666666666
0.32033333333333336
1.4926666666666664
0.5830000000000001
0.17066666666666663
0.2713999999999999
0.23306666666666667
0.07099999999999998
0.07099999999999998
0.21486666666666665
0.3303333333333332
0.1299333333333333
0.07099999999999998
0.07099999999999998
0.2637333333333333
0.3403999999999999
0.07099999999999998
0.07099999999999998
0.14766666666666664
0.1323333333333333
0.07099999999999998
0.11519999999999998
0.2919999999999999
0.22959999999999997
0.4918666666666667
0.593
1.0143999999999997
0.21246666666666666
0.3916666666666666
0.07099999999999998
0.07099999999999998
0.07099999999999998
0.10046666666666665
0.2919999999999999
0.15233333333333332
0.18599999999999997
0.0863333333333333
0.07099999999999998
0.26433333333333336
0.33979999999999994
0.07099999999999998
0.07099999999999998
0.07099999999999998
0.0857333333333333
0.361
0.22840000000000005
0.07099999999999998
0.07099999999999998
0.18886666666666665
0.39226666666666665
0.09399999999999996
0.07099999999999998
1.2487333333333335
2.987000000000001
1.4558666666666664
1.713866666666667
0.6135333333333334
0.4577333333333333
0.09399999999999999
0.18599999999999997
0.07099999999999998
0.2772666666666666
0.18886666666666674
0.07099999999999998
0.07099999999999998
0.2846666666666667
1.8721999999999999
3.3308666666666666
1.5607333333333335
1.6548000000000003
3.478800000000001
1.8857333333333335
2.3166666666666673
1.8449333333333329
0.15939999999999996
0.361
0.15473333333333333
0.18666666666666668
1.302666666666667
2.6674
3.4611999999999994
0.4692
0.39066666666666666
0.8692666666666667
3.930533333333334
0.711333333333333
2.0598666666666667
2.5041333333333338
0.23139999999999994
0.36399999999999993
0.1577333333333333
0.258
0.21319999999999995
0.3876
0.4017333333333333
0.1758
