0.056
0.056
0.056
0.056
0.056
0.056
0.056
0.056
0.056
0.056
0.056
0.056
0.056
0.056
0.056
0.056
0.056
0.056
0.056
0.056
0.056
0.066
0.066
0.066
0.066
0.066
0.066
0.066
0.066
0.066
0.066
0.066
0.066
0.066
0.066
0.066
0.066
0.066
0.066
0.066
0.066
0.066
0.066
0.066
0.066
0.066
0.066
0.066
0.066
0.066
0.066
0.066
0.066
0.066
0.066
0.066
0.066
0.066
0.066
0.066
0.066
0.066
0.066
0.066
0.066
0.066
0.066
0.066
0.066
0.066
0.066
0.066
0.066
0.066
0.066
0.066
0.066
0.066
0.066
0.066
0.066
0.066
0.066
0.066
0.066
0.066
0.066
0.066
0.066
0.066
0.066
0.066
0.066
0.066
0.066
0.066
0.066
0.066
0.066
0.066
0.066
0.066
0.066
0.066
0.066
0.066
0.066
0.066
0.066
0.066
0.066
0.066
0.066
0.066
0.066
0.066
0.066
0.066
0.066
0.066
0.066
0.066
0.066
0.066
0.066
0.066
0.066
0.066
0.066
0.066
0.066
0.066
0.066
0.066
0.066
0.066
0.066
0.066
0.066
0.066
0.066
0.066
0.066
0.066
0.066
0.066
0.066
0.066
0.066
0.066
0.066
0.066
0.066
0.066
0.066
0.066
0.066
0.066
0.066
0.066
0.066
0.066
0.066
0.066
0.066
0.066
0.066
0.066
0.066
0.066
0.066
0.066
0.066
0.066
0.066
0.066
0.066
0.066
0.066
0.066
0.066
0.066
0.066
0.066
0.066
0.066
0.066
0.066
0.066
0.066
0.066
0.066
0.066
0.066
0.066
0.066
0.066
0.066
0.066
0.066
0.066
0.066
0.066
0.066
0.066
0.066
0.066
0.066
0.066
0.066
0.066
0.066
0.066
0.066
0.066
0.066
0.066
0.066
0.066
0.066
0.066
0.066
0.066
0.066
0.066
0.066
0.066
0.066
0.066
0.066
0.066
0.066
0.066
0.066
0.066
0.066
0.066
0.066
0.066
0.066
0.066
0.066
0.066
0.066
0.066
0.066
0.066
0.066
0.066
0.066
0.066
0.066
0.066
0.066
0.066
0.066
0.066
0.066
0.066
0.066
0.066
0.066
0.066
0.066
0.066
0.066
0.066
0.066
0.066
0.066
0.066
0.066
0.066
0.066
0.066
0.066
0.066
0.066
0.066
0.066
0.066
0.066
0.066
0.066
0.066
0.066
0.066
0.066
0.066
0.066
0.066
0.066
0.066
0.066
0.066
0.066
0.066
0.066
0.066
0.066
0.066
0.066
0.066
0.066
0.066
0.066
0.066
0.066
0.066
0.066
0.066
0.066
0.066
0.066
0.066
0.066
0.066
0.066
0.066
0.066
0.066
0.066
0.066
0.066
0.066
0.066
0.066
0.066
0.066
0.066
0.066
0.066
0.066
0.066
0.066
0.066
0.066
0.066
0.066
0.066
0.066
0.066
0.066
0.066
0.066
0.066
0.066
0.066
0.066
0.066
0.066
0.066
0.066
0.066
0.066
0.066
0.066
0.066
0.066
0.066
0.066
0.066
0.066
0.066
0.066
0.066
0.066
0.066
0.066
0.066
0.066
0.066
0.066
0.066
0.066
0.066
0.066
0.066
0.066
0.066
0.066
0.066
0.066
0.066
0.066
0.066
0.066
0.066
0.066
0.066
0.066
0.066
0.066
0.066
0.066
0.066
0.066
0.066
0.066
0.066
0.066
0.066
0.066
0.066
0.066
0.066
0.066
0.066
0.066
0.066
0.066
0.066
0.066
0.066
0.066
0.066
0.066
0.066
0.066
0.066
0.064
0.064
0.064
0.064
0.064
0.064
0.064
0.064
0.064
0.064
0.064
0.064
0.064
0.064
0.064
0.064
0.064
0.064
0.064
0.064
0.124
0.124
0.124
0.124
0.124
0.164
0.176
0.136
0.136
0.136
0.136
0.136
0.136
0.136
0.136
0.136
0.136
0.171
0.171
0.111
0.111
0.111
0.111
0.111
0.111
0.12
0.12
0.12
0.18
0.12
0.12
0.12
0.12
0.12
0.215
0.215
0.215
0.215
0.215
0.215
0.255
0.27
0.27
0.247
0.247
0.247
0.247
0.247
0.247
0.247
0.207
0.147
2.425
2.425
2.425
0.147
0.147
0.207
0.207
0.207
0.207
0.207
0.207
0.207
0.207
0.207
0.207
0.267
0.267
0.267
0.066
0.066
0.066
0.066
0.066
0.066
0.066
0.066
0.066
0.066
0.066
0.066
0.066
0.066
0.066
0.066
0.066
0.066
0.066
0.066
0.066
0.066
0.066
0.066
0.066
0.066
0.066
0.066
0.066
0.066
0.066
0.066
0.066
0.066
0.066
0.066
0.066
0.066
0.066
0.066
0.114
0.114
0.114
0.114
0.114
0.114
0.114
0.114
0.114
0.114
0.114
0.269
0.269
0.234
0.234
0.234
0.234
0.234
0.234
0.234
0.234
0.234
0.234
0.234
2.987
2.987
2.987
3.936
3.936
3.936
2.987
2.972
2.912
2.912
2.912
2.912
2.912
2.877
2.877
2.877
2.877
2.877
2.877
2.877
0.184
0.184
0.184
0.184
0.184
0.184
0.184
0.184
0.184
0.184
0.184
0.184
0.184
0.184
0.184
0.124
0.124
0.124
0.124
0.124
0.124
0.124
0.124
0.124
0.124
0.124
0.124
0.124
0.124
0.124
0.124
0.064
0.064
0.064
0.064
0.064
0.064
0.064
0.064
0.064
0.064
0.064
0.064
0.064
0.064
0.064
0.206
0.206
0.206
0.206
0.206
0.206
0.206
0.206
0.206
0.206
0.206
0.206
0.206
0.206
0.206
0.206
0.206
0.206
0.206
0.206
0.206
0.206
0.206
0.206
0.206
0.206
2.484
2.484
2.484
0.206
0.206
0.206
0.206
0.206
0.206
0.206
0.206
0.206
0.206
0.206
0.206
0.206
0.334
0.334
0.334
0.334
0.334
0.334
0.334
0.334
0.066
0.066
0.066
0.066
0.066
0.066
0.066
0.066
0.066
0.066
0.066
0.066
0.066
0.066
0.066
0.066
0.066
0.066
0.066
0.066
0.066
0.066
0.066
0.066
0.066
0.066
0.066
0.066
0.066
0.066
0.066
0.066
0.066
0.066
0.066
0.066
0.066
0.066
0.066
0.066
0.066
0.066
0.066
0.066
0.066
0.066
0.066
0.066
0.066
0.066
0.066
0.066
0.066
0.066
0.066
0.066
0.066
0.066
0.066
0.066
0.066
0.066
0.066
0.066
0.066
0.066
0.066
0.066
0.066
0.066
0.066
0.066
0.066
0.066
0.066
0.066
0.066
0.066
0.066
0.066
0.066
0.066
0.066
0.066
0.066
0.066
0.066
0.066
0.066
0.066
0.066
0.066
0.066
0.066
0.066
0.066
0.066
0.066
0.066
0.066
0.066
0.066
0.066
0.066
0.066
0.066
0.066
0.066
0.066
0.066
0.066
0.066
0.066
0.066
0.066
0.066
0.066
0.066
0.066
0.066
0.066
0.066
0.066
0.066
0.066
0.066
0.066
0.066
0.066
0.066
0.066
0.066
0.066
0.066
0.066
0.066
0.066
0.066
0.066
0.066
0.066
0.066
0.066
0.066
0.066
0.066
0.066
0.066
0.066
0.066
0.066
0.066
0.066
0.066
0.066
0.066
0.066
0.066
0.066
0.066
0.066
0.066
0.066
0.066
0.066
0.066
0.066
0.066
0.066
0.066
0.066
0.066
0.066
0.066
0.066
0.066
0.066
0.066
0.066
0.066
0.066
0.066
0.066
0.066
0.066
0.066
0.066
0.066
0.066
0.066
0.066
0.066
0.066
0.066
0.066
0.066
0.066
0.066
0.066
0.066
0.066
0.066
0.066
0.066
0.066
0.066
0.066
0.066
0.066
0.066
0.066
0.066
0.066
0.066
0.066
0.066
0.066
0.066
0.066
0.066
0.066
0.066
0.066
0.066
0.066
0.066
0.066
0.066
0.066
0.066
0.066
0.066
0.066
0.066
0.066
0.066
0.066
0.066
0.066
0.066
0.066
0.066
0.066
0.066
0.066
0.066
0.066
0.066
0.066
0.066
0.066
0.066
0.066
0.066
0.066
0.066
0.066
0.066
0.066
0.066
0.066
0.066
0.066
0.066
0.066
0.066
0.066
0.066
0.066
0.066
0.066
0.066
0.066
0.066
0.066
0.066
0.066
0.066
0.066
0.066
0.066
0.066
0.066
0.066
0.066
0.066
0.066
0.066
0.066
0.066
0.066
0.066
0.066
0.066
0.066
0.066
0.066
0.066
0.066
0.066
0.066
0.066
0.066
0.066
0.066
0.066
0.066
0.066
0.066
0.066
0.066
0.066
0.066
0.066
0.066
0.066
0.066
0.066
0.066
0.066
0.066
0.066
0.066
0.066
0.066
0.066
0.066
0.066
0.066
0.066
0.066
0.066
0.066
0.066
0.066
0.066
0.066
0.066
0.066
0.066
0.334
0.334
0.334
0.369
0.369
0.429
0.429
0.429
0.429
0.545
0.561
0.561
0.561
0.561
0.561
0.561
0.561
0.561
0.596
0.596
0.596
0.596
0.561
0.561
0.561
0.501
0.561
0.561
0.561
0.561
0.561
0.561
0.561
0.561
0.621
0.561
0.561
0.561
3.314
3.186
3.186
3.186
3.221
3.221
3.221
3.165
3.165
3.105
3.105
3.105
3.01
3.01
3.01
3.01
3.01
3.01
3.01
3.01
0.257
0.317
0.066
0.066
0.066
0.066
0.066
0.066
0.066
0.066
0.066
0.066
0.066
0.066
0.066
0.066
0.066
0.066
0.066
0.066
0.066
0.066
0.066
0.066
0.066
0.066
0.066
0.066
0.066
0.066
0.066
0.066
0.066
0.066
0.066
0.066
0.066
0.066
0.066
0.066
0.066
0.066
0.066
0.066
0.066
0.066
0.066
0.066
0.066
0.066
0.066
0.066
0.066
0.066
0.066
0.066
0.066
0.066
0.066
0.066
0.066
0.066
0.066
0.066
0.066
0.066
0.066
0.066
0.066
0.066
0.066
0.066
0.066
0.066
0.066
0.066
0.066
0.066
0.066
0.066
0.066
0.066
0.066
0.066
0.066
0.066
0.066
0.066
0.066
0.066
0.066
0.066
0.066
0.066
0.066
0.066
0.066
0.066
0.066
0.066
0.066
0.066
0.066
0.066
0.066
0.066
0.066
0.066
0.066
0.066
0.066
0.066
0.066
0.066
0.066
0.066
0.066
0.066
0.066
0.066
0.066
0.066
0.066
0.066
0.066
0.066
0.066
0.066
0.066
0.066
0.066
0.066
0.066
0.066
0.066
0.066
0.066
0.066
0.066
0.066
0.066
0.066
0.066
0.066
0.066
0.066
0.066
0.066
0.066
0.066
0.066
0.066
0.257
0.257
0.257
0.317
0.385
0.385
0.501
0.501
0.501
0.501
0.501
0.501
0.501
0.501
0.501
0.501
0.466
0.466
0.466
0.338
0.338
0.526
0.526
0.485
0.485
0.485
0.501
0.501
0.501
0.501
0.501
0.501
0.501
0.501
0.561
0.501
0.501
0.501
0.536
0.536
0.536
0.536
0.536
0.501
0.501
0.501
0.501
0.501
0.501
0.501
0.501
0.501
0.501
0.501
0.501
0.501
0.501
0.501
0.501
0.501
0.57
0.63
0.63
0.665
0.665
0.665
0.63
0.63
0.665
3.358
3.358
3.358
3.358
3.358
3.358
3.358
3.358
3.358
3.358
3.358
3.358
3.358
3.418
3.418
3.418
3.418
3.418
3.29
3.29
0.537
0.537
0.361
0.361
0.361
0.361
0.361
0.326
0.386
0.326
0.31
0.31
0.31
0.31
0.31
0.31
0.31
0.31
0.31
0.31
0.31
0.31
0.31
0.37
0.37
0.37
0.37
0.37
0.37
0.386
0.386
0.386
0.386
0.386
0.377
0.342
0.342
0.342
0.382
0.382
0.377
0.377
0.377
0.437
0.437
0.437
0.402
0.402
0.402
0.402
0.402
0.402
0.402
0.53
0.53
0.59
0.59
0.59
0.59
0.59
0.59
0.066
0.066
0.066
0.066
0.066
0.066
0.066
0.066
0.066
0.066
0.066
0.066
0.066
0.066
0.066
0.066
0.066
0.066
0.066
0.066
0.066
0.066
0.066
0.066
0.066
0.066
0.066
0.066
0.066
0.066
0.066
0.066
0.066
0.066
0.066
0.066
0.066
0.066
0.066
0.066
0.066
0.056
0.056
0.056
0.056
0.056
0.056
0.056
0.056
0.056
