0.064
0.064
0.064
0.064
0.066
0.074
0.074
0.074
0.074
0.074
0.074
0.074
0.074
0.0944
0.176
0.176
0.176
0.11479999999999999
0.074
0.074
0.074
0.074
0.074
0.074
0.074
0.074
0.1352
0.176
0.176
0.176
0.074
0.074
0.074
0.074
0.074
0.074
0.074
0.074
0.074
0.074
0.074
0.074
0.074
0.074
0.074
0.074
0.074
0.074
0.074
0.074
0.074
0.074
0.074
0.074
0.074
0.074
0.074
0.074
0.074
0.074
0.074
0.074
0.074
0.074
0.074
0.074
0.074
0.074
0.074
0.0944
0.176
0.176
0.176
0.11479999999999999
0.074
0.074
0.074
0.074
0.074
0.074
0.074
0.074
0.074
0.074
0.074
0.074
0.074
0.074
0.2052
0.274
0.6396
0.354
0.288
0.44399999999999995
0.3999999999999999
0.352
0.3744
0.434
0.497
0.5274
0.5958
0.567
0.539
0.539
0.417
0.337
0.355
0.4
0.352
0.457
2.1302
3.7434
0.357
0.357
0.357
0.31379999999999997
0.306
1.5276
1.8359999999999999
1.7544
1.734
0.5004000000000001
0.192
0.6048
2.472
2.436
2.436
2.5176000000000003
2.538
0.6467999999999999
0.884
0.46040000000000003
0.072
0.072
0.072
0.072
0.1416
0.1648
0.072
0.09259999999999999
0.2644
0.29
0.22820000000000001
0.1666
0.074
0.074
0.085
0.085
0.085
0.085
0.085
0.1778
0.201
0.201
0.2952
0.29
0.176
0.1352
0.074
0.074
0.074
0.074
0.074
0.074
0.074
0.074
0.074
0.074
0.074
0.074
0.074
0.074
0.074
0.074
0.074
0.074
0.074
0.074
0.074
0.074
1.012
0.7895999999999999
0.49400000000000005
0.5304
0.7664
1.1216000000000002
2.904
2.824
2.854
2.9579999999999997
3.0300000000000002
1.2278
0.074
0.074
0.3442
0.5392
0.328
0.332
0.33999999999999997
0.376
0.3484
0.458
0.522
0.573
0.5678000000000001
0.635
0.6507999999999999
0.591
0.5569999999999999
0.5932000000000001
0.6359999999999999
0.8560000000000001
1.3168
2.2209999999999996
2.23
2.2041999999999997
1.4802
0.6681999999999999
0.8309999999999998
0.7550000000000001
0.743
1.0719999999999998
1.038
0.8880000000000001
1.0648
1.0882
1.262
1.575
1.0654
1.1008
0.9850000000000001
0.7779999999999999
0.8150000000000001
0.961
0.9730000000000001
0.9490000000000001
0.9410000000000001
1.0714
1.091
1.067
1.1430000000000002
1.147
1.0054000000000003
0.907
1.0382000000000002
1.084
1.137
1.159
1.028
1.0503999999999998
1.0442
1.098
1.0228000000000002
1.078
1.086
0.8300000000000001
0.8459999999999999
0.7458
0.765
1.6064
1.1199999999999999
0.7283999999999999
0.57
0.725
0.176
0.176
0.176
0.074
0.074
0.074
0.074
0.074
0.074
0.074
0.074
0.074
0.1352
0.176
0.176
0.176
0.074
0.074
0.074
0.074
0.074
0.074
0.072
0.0844
