0.07033333333333332
0.06499999999999997
0.06966666666666664
0.07499999999999998
0.20699999999999993
0.207
0.07499999999999998
0.07499999999999998
0.11099999999999997
0.25499999999999995
0.12299999999999997
0.07499999999999998
0.07499999999999998
0.07499999999999998
0.13499999999999995
0.25499999999999995
0.09899999999999996
0.07499999999999998
0.07499999999999998
0.07499999999999998
0.07499999999999998
0.07499999999999998
0.17099999999999996
0.24299999999999994
0.07499999999999998
0.07499999999999998
0.07499999999999998
0.15966666666666668
0.7293333333333333
0.15799999999999997
0.2930666666666667
0.40266666666666656
0.5533333333333333
0.2776
0.07499999999999998
0.07499999999999998
0.07499999999999998
0.07499999999999998
0.07499999999999998
0.24299999999999994
0.4866000000000002
0.21293333333333334
0.0828
0.09866666666666664
0.254
0.13400000000000004
0.074
0.074
0.1444
0.266
0.11000000000000003
0.08600000000000001
0.07499999999999998
0.07499999999999998
0.07499999999999998
0.07499999999999998
0.19499999999999995
0.21899999999999997
0.07499999999999998
0.07499999999999998
0.08699999999999998
0.25499999999999995
0.147
0.07499999999999998
0.08733333333333333
0.1873333333333333
0.3948666666666666
0.3790000000000001
0.303
0.3228
0.43606666666666666
0.3933333333333335
0.49766666666666665
0.272
0.07499999999999998
0.14820000000000003
0.6330000000000001
0.4616
0.6360666666666668
0.5646000000000001
0.48499999999999993
0.4991333333333335
0.5359999999999999
0.46786666666666654
0.32233333333333325
0.6787333333333333
0.6343333333333333
0.6996666666666665
0.6776666666666668
0.7916666666666665
0.7616666666666667
0.9821999999999999
0.8549999999999999
0.6230666666666667
0.6815333333333334
0.5827333333333333
