0.058
0.058
0.048
0.048
0.048
0.048
0.048
0.048
0.048
0.048
0.048
0.048
0.048
0.048
0.048
0.048
0.048
0.048
0.048
0.048
0.048
0.048
0.048
0.048
0.048
0.048
0.048
0.048
0.048
0.048
0.048
0.048
0.058
0.058
0.058
0.058
0.058
0.058
0.058
0.058
0.058
0.058
0.058
0.058
0.058
0.058
0.058
0.058
0.058
0.058
0.058
0.058
0.058
0.058
0.058
0.058
0.058
0.058
0.058
0.058
0.058
0.058
0.058
0.058
0.058
0.058
0.058
0.058
0.058
0.058
0.058
0.058
0.058
0.058
0.058
0.058
0.058
0.058
0.058
0.058
0.058
0.058
0.058
0.058
0.058
0.058
0.058
0.058
0.058
0.058
0.058
0.058
0.058
0.058
0.058
0.058
0.058
0.058
0.058
0.058
0.058
0.058
0.058
0.058
0.176
0.176
0.176
0.176
0.176
0.176
0.176
0.176
0.176
0.176
0.176
0.176
0.176
0.176
0.176
0.176
0.176
0.176
0.058
0.058
0.058
0.058
0.058
0.058
0.058
0.058
0.058
0.058
0.058
0.058
0.058
0.058
0.058
0.058
0.058
0.058
0.058
0.058
0.058
0.058
0.058
0.058
0.058
0.058
0.058
0.058
0.058
0.058
0.058
0.058
0.058
0.058
0.058
0.058
0.058
0.058
0.058
0.058
0.058
0.058
0.058
0.058
0.058
0.058
0.058
0.058
0.058
0.058
0.058
0.058
0.058
0.058
0.058
0.058
0.058
0.058
0.058
0.058
0.058
0.176
0.176
0.176
0.176
0.176
0.176
0.176
0.176
0.176
0.176
0.176
0.176
0.176
0.176
0.176
0.176
0.176
0.176
0.058
0.058
0.058
0.058
0.058
0.058
0.058
0.058
0.058
0.058
0.058
0.058
0.058
0.058
0.058
0.058
0.058
0.058
0.058
0.058
0.058
0.058
0.058
0.058
0.058
0.058
0.058
0.058
0.058
0.058
0.058
0.058
0.058
0.058
0.058
0.058
0.058
0.058
0.058
0.058
0.058
0.058
0.058
0.058
0.058
0.058
0.058
0.058
0.058
0.058
0.058
0.058
0.058
0.058
0.058
0.058
0.058
0.058
0.058
0.058
0.058
0.058
0.058
0.058
0.058
0.058
0.058
0.058
0.176
0.176
0.176
0.176
0.176
0.176
0.176
0.176
0.176
0.176
0.176
0.176
0.176
0.176
0.176
0.176
0.176
0.176
0.058
0.058
0.058
0.058
0.058
0.058
0.058
0.058
0.058
0.058
0.058
0.058
0.058
0.058
0.058
0.058
0.058
0.058
0.058
0.058
0.058
0.058
0.058
0.058
0.058
0.058
0.058
0.058
0.058
0.058
0.058
0.058
0.058
0.058
0.058
0.058
0.058
0.058
0.058
0.058
0.058
0.058
0.058
0.058
0.058
0.058
0.058
0.058
0.058
0.058
0.058
0.176
0.176
0.176
0.176
0.176
0.176
0.176
0.176
0.176
0.176
0.176
0.176
0.176
0.176
0.176
0.176
0.176
0.176
0.058
0.058
0.058
0.058
0.058
0.058
0.058
0.058
0.058
0.058
0.058
0.058
0.058
0.058
0.058
0.058
0.058
0.058
0.058
0.058
0.058
0.058
0.058
0.058
0.058
0.058
0.058
0.058
0.058
0.058
0.058
0.058
0.058
0.058
0.058
0.058
0.058
0.058
0.058
0.058
0.058
0.058
0.058
0.058
0.058
0.058
0.058
0.058
0.058
0.058
0.058
0.058
0.058
0.058
0.057
0.057
0.057
0.152
0.152
0.152
0.252
0.252
0.252
0.252
0.252
0.287
0.307
0.465
0.465
0.465
0.465
0.465
0.465
0.405
1.446
1.446
1.411
0.5
0.6
0.5
0.5
0.5
0.5
0.5
0.465
0.39
0.39
0.39
0.39
0.39
0.39
0.37
0.405
0.523
0.563
0.563
0.598
0.638
0.638
0.638
0.638
0.638
0.638
0.738
2.537
2.437
2.497
0.663
0.841
0.841
0.806
0.688
0.608
0.608
0.548
0.583
0.608
0.608
0.488
0.763
0.763
0.723
0.723
0.373
0.373
0.373
0.373
0.373
0.393
0.373
0.373
0.373
0.433
0.433
0.453
0.493
0.533
0.513
0.513
0.513
0.473
0.473
0.413
2.247
2.247
2.327
0.668
0.668
0.668
0.68
0.68
0.7
0.68
0.58
0.58
0.58
0.58
0.58
0.58
0.58
0.665
0.665
0.665
0.665
0.665
0.535
0.485
0.585
0.585
0.585
0.565
0.565
0.505
0.43
0.43
0.548
0.608
0.573
0.573
0.513
0.525
0.505
0.485
0.485
0.505
0.505
2.399
2.339
2.339
0.505
0.505
0.54
0.54
0.54
0.54
0.655
0.655
0.655
0.715
0.715
0.715
0.68
0.68
0.68
0.68
0.522
0.522
0.522
0.522
0.522
0.522
0.522
0.522
0.522
0.522
0.522
0.522
0.522
0.522
0.64
0.64
0.64
0.64
0.64
0.64
0.64
0.64
0.64
0.64
0.64
0.54
0.54
0.54
0.54
0.54
0.54
0.54
0.422
0.422
0.422
0.41
0.41
0.41
0.41
0.058
0.058
0.058
0.058
0.058
0.058
0.058
0.058
0.058
0.058
0.058
0.058
0.058
0.058
0.058
0.058
0.058
0.058
0.058
0.058
0.058
0.058
0.058
0.058
0.058
0.058
0.058
0.058
0.058
0.058
0.058
0.058
0.058
0.058
0.058
0.058
0.058
0.058
0.058
0.058
0.058
0.058
0.058
0.058
0.058
0.058
0.058
0.058
0.058
0.058
0.058
0.176
0.176
0.176
0.176
0.176
0.176
0.176
0.176
0.176
0.176
0.176
0.176
0.176
0.176
0.176
0.176
0.176
0.176
0.058
0.058
0.058
0.058
0.058
0.058
0.058
0.058
0.058
0.058
0.058
0.058
0.058
0.058
0.058
0.058
0.058
0.058
0.058
0.058
0.058
0.058
0.058
0.058
0.058
0.058
0.058
0.058
0.058
0.058
0.058
0.058
0.058
0.058
0.058
0.058
0.058
0.058
0.058
0.058
0.058
0.058
0.058
0.058
0.058
0.058
0.058
0.058
0.058
0.058
0.058
0.058
0.058
0.058
0.058
0.058
0.058
0.058
0.058
0.058
0.058
0.058
0.058
0.058
0.058
0.058
0.058
0.058
0.058
0.058
0.058
0.058
0.058
0.058
0.058
0.058
0.058
0.058
0.058
0.058
0.058
0.058
0.176
0.176
0.176
0.176
0.176
0.176
0.176
0.176
0.176
0.176
0.176
0.176
0.176
0.176
0.176
0.176
0.176
0.176
0.058
0.058
0.058
0.058
0.058
0.058
0.058
0.058
0.058
0.058
0.058
0.058
0.058
0.058
0.058
0.058
0.058
0.058
0.058
0.058
0.058
0.058
0.058
0.058
0.058
0.058
0.058
0.058
0.058
0.058
0.058
0.058
0.058
0.058
0.058
0.058
0.176
0.176
0.176
0.176
0.176
0.176
0.176
0.176
0.176
0.176
0.176
0.176
0.176
0.176
0.176
0.176
0.176
0.176
0.058
0.058
0.058
0.058
0.058
0.058
0.058
0.058
0.058
0.058
0.058
0.058
0.058
0.058
0.058
0.058
0.058
0.058
0.058
0.058
0.058
0.058
0.058
0.058
0.058
0.058
0.058
0.058
0.058
0.058
0.058
0.058
0.058
0.058
0.058
0.058
0.058
0.058
0.058
0.058
0.058
0.058
0.058
0.058
0.058
0.058
0.058
0.058
0.058
0.058
0.058
0.058
0.058
0.058
0.058
0.058
0.058
0.176
0.176
0.176
0.176
0.176
0.176
0.176
0.176
0.176
0.176
0.176
0.176
0.176
0.176
0.176
0.176
0.176
0.176
0.058
0.058
0.058
0.058
0.058
0.058
0.058
0.058
0.058
0.058
0.058
0.058
0.058
0.058
0.058
0.058
0.058
0.058
0.058
0.058
0.058
0.058
0.058
0.058
0.058
0.058
0.058
0.058
0.058
0.058
0.058
0.058
0.058
0.058
0.058
0.058
0.058
0.058
0.058
0.058
0.058
0.058
0.058
0.058
0.058
0.058
0.058
0.058
0.058
0.058
0.058
0.058
0.058
0.058
0.058
0.058
0.058
0.058
0.058
0.058
0.058
0.058
0.058
0.058
0.058
0.058
0.058
0.058
0.058
0.058
0.058
0.058
0.058
0.058
0.058
0.058
0.058
0.058
0.058
0.058
0.058
0.058
0.058
0.058
0.058
0.058
0.058
0.058
0.058
0.058
0.176
0.176
0.176
0.176
0.176
0.176
0.176
0.176
0.176
0.176
0.176
0.176
0.176
0.176
0.176
0.176
0.176
0.176
0.058
0.058
0.058
0.058
0.058
0.058
0.058
0.058
0.058
0.058
0.058
0.058
0.058
0.058
0.058
0.058
0.058
0.058
0.058
0.058
0.058
0.058
0.058
0.058
0.058
0.058
0.058
0.058
0.058
0.058
0.058
0.058
0.058
0.058
0.058
0.058
0.058
0.058
0.058
0.058
0.058
0.058
0.176
0.176
0.176
0.176
0.176
0.176
0.176
0.176
0.176
0.176
0.176
0.176
0.176
0.176
0.176
0.176
0.176
0.176
0.058
0.058
0.058
0.058
0.058
0.058
0.058
0.058
0.058
0.058
0.058
0.058
0.058
0.058
0.058
0.058
0.058
0.058
0.058
0.058
0.058
0.058
0.058
0.058
0.215
0.215
0.215
0.215
0.255
0.255
0.255
0.255
0.255
0.373
0.373
0.373
0.373
0.393
0.393
0.393
0.393
0.373
0.373
0.373
0.373
0.373
0.393
0.393
0.393
0.393
0.448
0.483
0.365
0.365
0.365
0.365
0.405
0.365
0.365
0.365
0.365
0.365
0.425
0.544
0.564
0.564
0.564
0.564
0.564
0.599
0.699
0.679
0.797
0.797
0.942
0.962
0.962
0.962
0.962
0.962
0.962
0.962
0.967
0.967
0.907
0.907
0.907
0.927
0.927
0.927
0.749
0.789
0.789
0.789
0.749
0.761
0.761
0.741
0.741
0.759
0.759
1.129
1.129
1.129
1.229
0.844
0.844
0.824
0.836
0.836
0.836
0.836
0.836
0.836
0.836
0.836
0.836
0.836
0.921
0.961
1.021
1.021
1.021
1.009
1.009
0.864
0.904
0.764
0.882
0.882
0.822
0.922
0.922
0.922
0.922
0.922
0.837
0.837
0.719
0.837
0.837
0.837
0.877
1.017
0.917
0.917
0.799
0.641
0.676
0.701
0.701
0.641
0.653
0.653
0.653
0.601
0.521
0.521
0.521
0.521
0.521
0.403
0.403
0.403
0.403
0.488
0.403
0.403
0.403
0.403
0.391
0.391
0.431
0.431
0.431
0.431
0.431
0.431
0.551
0.551
0.551
0.551
0.551
0.551
0.551
0.551
0.551
0.551
0.432
0.372
0.457
0.457
0.372
0.372
0.372
0.472
0.532
0.532
0.882
0.882
0.882
0.894
0.544
0.544
0.544
0.564
0.564
0.709
0.709
0.689
0.729
0.932
0.972
0.972
0.972
1.097
0.997
0.991
0.991
0.971
0.971
0.971
1.089
1.089
1.109
1.109
1.109
1.109
1.109
1.194
1.229
1.229
1.329
1.329
1.329
1.329
1.329
1.329
1.329
1.329
1.211
1.241
1.241
1.241
0.058
0.058
0.058
0.058
0.058
0.058
0.058
0.058
0.058
0.058
0.058
0.058
0.058
0.058
0.058
0.058
0.058
0.058
0.058
0.058
0.058
0.058
0.058
0.058
0.058
0.058
0.058
0.058
0.058
0.058
0.058
0.058
0.058
0.058
0.058
0.058
0.058
0.058
0.058
0.058
0.058
0.058
0.058
0.058
0.058
0.058
0.058
0.058
0.058
0.058
0.058
0.058
0.058
0.058
0.058
0.058
0.058
0.058
0.058
0.058
0.058
0.058
0.058
0.058
0.058
0.058
0.058
0.058
0.058
0.058
0.058
0.058
0.058
0.058
0.058
0.058
0.058
0.058
0.058
0.058
0.058
0.058
0.058
0.058
0.058
0.058
0.058
0.058
0.058
0.058
0.058
0.058
0.058
0.058
0.058
0.058
0.058
0.058
0.058
0.058
0.058
0.058
0.058
0.058
0.058
0.058
0.058
0.058
0.058
0.058
0.058
0.058
0.058
0.058
0.058
0.058
0.058
0.058
0.058
0.176
0.176
0.176
0.176
0.176
0.176
0.176
0.176
0.176
0.176
0.176
