0.073
0.073
0.073
0.133
2.065
2.065
2.125
0.238
0.183
0.178
0.123
0.183
0.183
0.183
0.198
0.198
0.198
0.27
0.27
0.33
0.39
0.378
0.378
0.378
0.378
0.378
0.378
0.378
0.378
0.378
0.378
0.571
0.571
0.571
0.581
0.521
0.521
0.521
0.621
0.681
0.681
0.681
0.681
0.681
0.797
0.797
0.797
0.937
0.837
0.584
0.584
0.544
0.584
0.584
0.604
0.604
0.669
0.694
0.609
0.549
0.075
0.075
0.075
0.075
0.075
0.075
0.075
0.075
0.28
0.28
0.28
0.28
0.28
0.28
0.28
0.28
0.28
0.28
0.28
0.28
0.28
0.28
0.28
0.28
0.28
0.28
0.28
0.28
0.28
0.28
0.075
0.075
0.075
0.075
0.075
0.075
0.075
0.075
0.075
0.075
0.075
0.075
0.075
0.075
0.075
0.075
0.075
0.075
0.075
0.075
0.075
0.075
0.075
0.075
0.075
0.075
0.075
0.075
0.075
0.075
0.075
0.075
0.075
0.075
0.075
0.075
0.075
0.075
0.075
0.075
0.075
0.075
0.075
0.075
0.075
0.075
0.075
0.075
0.075
0.075
0.168
0.168
0.168
0.168
0.168
0.168
0.168
0.168
0.168
0.168
0.168
0.168
0.168
0.168
0.168
0.168
0.168
0.168
0.075
0.075
0.075
0.075
0.075
0.075
0.075
0.075
0.075
0.075
0.075
0.075
0.075
0.28
0.28
0.28
0.28
0.28
0.28
0.28
0.28
0.28
0.28
0.28
0.28
0.28
0.28
0.28
0.28
0.28
0.28
0.28
0.28
0.28
0.28
0.075
0.075
0.075
0.075
0.075
0.075
0.075
0.075
0.168
0.168
0.168
0.168
0.168
0.168
0.168
0.168
0.168
0.168
0.168
0.168
0.168
0.168
0.168
0.168
0.168
0.168
0.075
0.075
0.075
0.075
0.075
0.075
0.075
0.075
0.075
0.075
0.075
0.075
0.075
0.075
0.075
0.075
0.075
0.075
0.075
0.075
0.075
0.075
0.075
0.075
0.075
0.075
0.075
0.075
0.075
0.075
0.075
0.075
0.075
0.075
0.075
0.075
0.075
0.075
0.075
0.075
0.075
0.075
0.075
0.075
0.075
0.075
0.075
0.075
0.075
0.075
0.075
0.075
0.075
0.075
0.075
0.075
0.075
0.075
0.075
0.075
0.075
0.075
0.075
0.075
0.075
0.075
0.075
0.075
0.075
0.075
0.075
0.28
0.28
0.28
0.28
0.28
0.28
0.28
0.28
0.28
0.28
0.28
0.28
0.28
0.28
0.28
0.28
0.28
0.28
0.28
0.28
0.28
0.28
0.075
0.075
0.075
0.075
0.075
0.075
0.075
0.075
0.075
0.075
0.075
0.075
0.075
0.075
0.075
0.075
0.075
0.075
0.075
0.075
0.075
0.075
0.075
0.075
0.075
0.075
0.075
0.075
0.075
0.075
0.075
0.075
0.075
0.075
0.168
0.168
0.168
0.168
0.168
0.168
0.168
0.168
0.168
0.168
0.168
0.168
0.168
0.168
0.297
0.297
0.181
0.181
0.088
0.088
0.088
0.088
0.088
0.088
0.088
0.088
0.143
0.183
0.333
0.333
0.333
0.393
0.393
0.393
0.393
0.393
0.393
0.393
0.393
0.393
0.393
0.378
0.378
0.378
0.438
0.438
0.438
0.438
0.438
0.438
0.233
0.233
0.233
0.293
0.233
0.358
0.358
0.358
0.358
0.358
0.358
0.422
0.422
0.367
0.427
0.427
0.427
0.427
0.427
0.427
0.362
0.362
0.362
0.362
0.362
0.353
0.353
0.353
0.382
0.382
0.382
0.382
0.382
0.322
0.322
0.394
0.394
0.394
0.427
0.427
0.398
0.398
0.398
2.381
2.381
2.381
2.381
2.381
2.381
2.381
2.381
2.381
2.441
2.441
2.441
2.381
2.288
2.337
2.337
2.337
2.337
2.397
2.397
2.542
0.559
0.559
3.274
3.274
3.274
3.274
3.274
3.274
3.274
3.394
3.394
3.394
3.454
3.454
3.329
3.329
3.309
3.309
0.673
0.673
0.673
0.468
0.468
0.408
0.408
0.408
0.423
0.423
0.423
0.423
0.456
0.456
0.521
0.521
0.521
0.521
0.556
0.656
0.556
0.556
0.147
0.147
0.147
0.147
0.147
0.147
0.147
0.147
0.147
0.24
0.24
0.24
0.24
0.24
0.24
0.24
0.24
0.24
0.24
0.24
0.24
0.24
0.24
0.417
0.417
0.24
0.24
0.147
0.147
0.147
0.147
0.147
0.147
0.147
0.147
0.147
0.324
0.324
0.147
0.147
0.147
0.147
0.147
0.147
0.147
0.147
0.147
0.147
0.147
0.529
0.529
0.352
0.352
0.352
0.352
0.352
0.352
0.352
0.352
0.352
0.352
0.352
0.529
0.529
0.94
0.94
0.94
0.94
0.94
0.373
0.373
0.168
0.168
0.168
0.168
0.168
0.168
0.168
0.168
0.168
0.168
0.168
0.075
0.075
0.075
0.075
0.075
0.075
0.075
0.075
0.075
0.075
0.075
0.075
0.075
0.075
0.075
0.075
0.075
0.075
0.075
0.075
0.075
0.075
0.075
0.075
0.075
0.075
0.075
0.075
0.075
0.075
0.075
0.075
0.075
0.075
0.28
0.28
0.28
0.28
0.28
0.28
0.28
0.28
0.28
0.28
0.28
0.28
0.28
0.28
0.28
0.28
0.28
0.28
0.28
0.28
0.28
0.28
0.075
0.075
0.075
0.075
0.075
0.075
0.075
0.075
0.075
0.075
0.075
0.075
0.075
0.075
0.075
0.075
0.075
0.168
0.168
0.168
0.168
0.168
0.168
0.168
0.168
0.168
0.168
0.168
0.168
0.168
0.168
0.168
0.168
0.168
0.168
0.075
0.075
0.075
0.075
0.075
0.075
0.075
0.075
0.075
0.075
0.075
0.075
0.075
0.075
0.075
0.075
0.075
0.075
0.075
0.075
0.075
0.075
0.075
0.075
0.075
0.075
0.075
0.075
0.075
0.075
0.075
0.075
0.075
0.075
0.075
0.075
0.075
0.28
0.28
0.28
0.28
0.28
0.28
0.28
0.28
0.28
0.28
0.28
0.28
0.28
0.28
0.28
0.28
0.28
0.28
0.28
0.28
0.424
0.424
0.219
0.219
0.219
0.219
0.219
0.219
0.219
0.284
0.284
0.284
0.284
0.284
0.284
0.284
0.284
0.284
0.191
0.191
0.191
0.191
0.177
0.177
0.177
0.177
0.177
0.308
0.308
0.308
0.243
0.243
0.243
0.243
0.243
0.243
2.879
2.879
2.879
2.879
2.879
2.879
2.879
2.879
2.879
3.079
2.979
2.879
2.879
2.879
2.879
2.879
0.243
0.243
0.243
0.363
0.343
0.343
0.343
0.388
0.403
0.403
0.403
0.359
0.374
0.274
0.219
0.219
0.219
0.219
0.279
0.279
0.279
0.279
0.319
0.379
0.339
0.379
0.479
0.439
0.439
0.439
0.439
0.539
0.539
0.744
0.744
0.744
0.744
0.744
0.744
0.744
0.744
0.744
0.744
0.684
0.684
0.684
0.684
0.684
0.684
0.584
0.584
2.526
2.526
2.526
0.584
0.379
0.379
0.379
0.379
0.379
0.379
0.379
0.379
0.379
0.379
0.379
0.379
0.379
0.379
0.379
0.379
0.379
0.379
0.379
0.379
0.379
0.319
0.319
0.075
0.075
0.075
0.075
0.075
0.075
0.075
0.075
0.168
0.168
0.168
0.168
0.168
0.168
0.168
0.168
0.168
0.168
0.168
0.168
0.168
0.168
0.168
0.373
0.373
0.373
0.28
0.28
0.28
0.28
0.28
0.28
0.28
0.28
0.28
0.28
0.28
0.28
0.28
0.28
0.28
0.28
0.28
0.28
0.28
0.075
0.075
0.075
0.075
0.075
0.075
0.075
0.075
0.075
0.075
0.075
0.075
0.075
0.075
0.075
0.075
0.075
0.075
0.075
0.168
0.168
0.168
0.168
0.168
0.168
0.168
0.168
0.168
0.168
0.168
0.168
0.168
0.168
0.168
0.168
0.168
0.168
0.075
0.075
0.075
0.075
0.075
0.075
0.075
0.075
0.219
0.219
0.219
0.204
0.204
0.233
0.333
0.373
0.438
0.233
0.233
0.233
0.293
0.293
0.498
0.498
0.498
0.498
0.498
0.498
0.498
0.558
0.758
0.818
0.758
0.858
0.858
0.798
0.798
0.798
0.798
0.769
0.769
0.769
0.769
0.769
0.504
0.504
0.504
0.504
0.504
0.607
0.667
0.667
1.651
1.58
1.589
0.605
0.596
0.596
0.596
0.596
0.596
0.596
0.596
0.656
0.68
0.58
0.58
0.58
0.58
0.592
0.532
0.532
0.503
2.5
2.5
2.5
0.558
0.623
0.568
0.568
0.568
0.568
0.568
0.443
0.443
0.443
0.443
0.443
0.443
0.443
0.443
0.498
0.507
0.507
0.607
0.607
0.607
0.512
0.512
0.567
0.567
0.567
0.567
0.567
0.567
0.567
0.567
0.607
0.607
0.676
0.776
0.776
0.776
0.776
0.776
0.776
0.836
0.676
0.676
0.676
0.736
0.736
0.736
1.001
1.001
1.041
1.242
1.182
1.142
1.242
1.302
1.302
1.202
1.202
1.202
0.923
0.923
0.899
0.899
0.999
0.999
1.039
1.039
0.939
0.899
0.694
0.694
0.87
0.87
0.91
0.91
0.91
0.91
0.91
0.87
0.87
0.973
0.913
0.913
0.973
2.915
2.915
2.915
0.973
0.973
0.973
0.973
0.973
0.973
1.013
1.013
1.013
1.013
0.944
1.004
1.004
1.004
1.197
1.197
1.197
1.197
1.197
1.197
1.197
1.197
1.257
1.317
1.357
1.317
1.202
3.618
3.618
3.959
3.959
4.059
3.866
3.516
3.396
3.396
3.396
3.296
3.396
3.496
3.556
3.585
3.254
0.618
0.618
0.633
0.766
0.737
0.728
0.728
0.628
0.628
0.628
0.628
0.628
0.628
0.628
0.833
0.833
0.833
0.833
0.833
3.469
3.498
3.598
3.598
3.598
3.598
3.598
3.598
3.598
3.598
3.598
3.598
3.598
3.598
3.598
3.598
0.902
0.581
0.593
0.593
0.533
0.533
0.533
0.075
0.168
0.168
0.168
0.168
0.168
0.168
0.168
0.168
0.168
0.168
0.168
0.168
0.168
0.168
0.168
0.168
0.168
0.168
0.075
0.075
0.075
0.075
0.075
0.075
0.075
0.075
0.075
0.075
0.075
0.075
0.075
0.075
0.075
0.075
0.075
0.075
0.075
0.075
0.075
0.112
0.112
0.172
0.377
0.377
0.827
0.827
0.827
0.827
0.506
0.506
0.506
0.506
0.506
0.506
0.506
0.671
0.571
0.571
0.506
0.506
0.566
0.566
0.561
0.561
0.396
0.408
0.408
0.408
0.473
0.473
0.533
0.504
0.549
0.494
0.697
0.767
0.883
0.883
0.892
0.943
0.943
0.943
0.823
1.047
1.047
1.007
0.891
0.891
0.891
0.891
0.891
0.891
0.991
0.991
0.891
0.831
0.831
0.831
0.831
0.831
0.84
0.747
0.747
0.687
0.584
0.584
0.584
0.575
0.575
0.675
0.675
0.675
0.675
0.675
0.663
0.868
0.968
0.98
0.98
1.096
1.056
1.036
1.036
0.996
0.916
1.016
1.045
0.945
0.945
0.945
0.845
0.893
0.996
0.793
0.738
0.75
0.738
0.626
0.626
0.741
0.741
0.786
0.786
0.846
0.886
0.946
0.722
0.722
0.707
0.707
0.707
0.722
0.722
0.722
0.806
0.713
0.713
0.768
0.768
0.768
0.828
0.828
0.828
0.808
0.632
0.572
0.592
0.592
0.592
0.592
0.592
0.532
0.532
0.619
0.619
0.631
0.679
0.779
0.882
0.882
0.882
0.882
0.922
0.922
0.982
0.994
0.994
0.994
0.758
0.846
0.846
0.846
0.846
0.946
0.946
0.946
0.946
0.946
1.046
1.046
0.946
0.946
0.946
0.946
0.958
0.958
0.958
0.958
0.958
0.958
0.958
0.958
0.958
0.958
1.018
1.018
1.018
1.078
1.078
1.078
1.078
1.018
1.018
1.018
1.003
1.003
1.003
1.184
1.234
0.28
0.28
0.28
0.28
0.28
0.28
0.28
0.28
0.28
0.28
0.28
0.28
0.28
0.28
0.28
0.28
0.28
0.28
0.28
0.28
