0.07
0.07
0.066
0.06
0.06
0.06
0.06
0.06
0.064
0.1456
0.259
0.259
0.259
0.259
0.07
0.07
0.07
0.07
0.07
0.07
0.07
0.07
0.07
0.07
0.07
0.07
0.07
0.07
0.1078
0.259
0.259
0.259
0.259
0.1078
0.07
0.07
0.07
0.07
0.07
0.07
0.07
0.07
0.07
0.07
0.07
0.07
0.1078
0.259
0.259
0.259
0.259
0.1078
0.07
0.07
0.07
0.07
0.07
0.07
0.07
0.07
0.2212
0.259
0.259
0.259
0.1834
0.07
0.07
0.07
0.07
0.07
0.07
0.07
0.07
0.07
0.11699999999999999
0.127
0.179
0.367
0.413
1.8193999999999995
0.76
0.558
0.536
0.488
0.33679999999999993
0.299
0.299
0.371
0.41899999999999993
0.40700000000000003
0.371
0.469
0.477
0.469
0.48279999999999995
0.5860000000000001
0.608
0.632
0.648
0.5187999999999999
0.469
0.409
0.409
0.457
0.379
0.379
0.44820000000000004
0.43
0.242
0.242
0.35540000000000005
0.473
0.46900000000000003
0.461
0.4232
0.272
0.272
0.22999999999999998
0.19680000000000003
0.189
0.189
0.189
0.189
0.189
0.378
0.7822
2.201
2.053
0.14560000000000003
0.07
0.07
0.07
0.07
0.07
0.07
0.07
0.07
0.07
0.259
0.259
0.259
0.259
0.14560000000000003
0.07
0.07
0.07
0.07
0.07
0.07
0.07
0.07
0.07
0.07
0.07
0.1456
0.259
0.259
0.259
0.259
0.07
0.07
0.07
0.07
0.07
0.07
0.07
0.07
0.07
0.07
0.1834
0.259
0.259
0.259
0.2212
0.07
0.07
0.07
0.07
0.07
0.07
0.07
0.07
0.07
0.07
1.764
1.934
0.9962000000000002
1.5515999999999999
0.33299999999999996
0.391
0.5589999999999999
0.739
0.759
0.7230000000000001
0.8046
0.8620000000000001
1.0299999999999998
1.02
0.9687999999999999
0.9398
0.7469999999999999
0.433
0.445
0.491
0.8109999999999999
0.5870000000000001
0.531
0.471
0.45099999999999996
1.3094
2.2654
1.8707999999999998
1.4169999999999998
1.637
1.629
0.8826
0.73
0.728
0.74
0.752
2.1231999999999998
3.142
3.2280000000000006
3.332
3.3240000000000003
2.8625999999999996
1.009
0.9410000000000001
0.977
0.961
0.9538
0.9788
1.148
1.2118000000000002
1.3228000000000002
1.442
1.3034000000000001
2.4086
1.166
1.218
1.272
1.2648000000000001
1.206
1.1078
1.158
1.186
1.1554000000000002
1.444
1.4592000000000003
1.437
1.3732
1.2328000000000001
1.1789999999999998
1.1910000000000003
1.225
1.197
1.0154
1.019
0.9650000000000001
0.843
0.771
0.763
0.8607999999999999
0.943
1.3592
1.7207999999999999
0.874
0.7365999999999999
0.673
0.7375999999999999
0.8460000000000001
0.906
0.922
0.9228
0.8981999999999999
0.909
0.745
0.8026
0.884
0.852
0.804
0.804
0.5589999999999999
0.711
0.07
0.07
0.07
0.07
