0.06859999999999998
0.2508
0.09359999999999999
0.20800000000000007
0.17740000000000003
0.16713333333333338
0.05200000000000002
0.156
0.2605333333333334
0.17760000000000004
0.05200000000000002
0.05200000000000002
0.10426666666666667
0.3650000000000001
0.12486666666666668
0.05200000000000002
0.05200000000000002
0.11439999999999999
0.20800000000000007
0.062400000000000025
0.05200000000000002
0.18806666666666672
0.18766666666666673
0.20800000000000007
0.062400000000000025
0.15666666666666668
0.23933333333333331
2.778666666666666
0.4472000000000002
0.6336
1.0162666666666664
3.607066666666667
0.9563333333333334
0.9260000000000002
1.2798000000000003
0.6082
0.05200000000000002
0.05200000000000002
0.13573333333333334
0.4228000000000002
0.31059999999999993
0.20160000000000006
0.7833999999999999
2.3691333333333335
0.7335999999999997
0.4278000000000001
0.25666666666666665
0.12400000000000005
0.32526666666666676
0.37686666666666674
0.19060000000000007
0.2576
0.05200000000000002
0.13573333333333334
0.18800000000000006
0.20800000000000007
0.11440000000000003
0.05200000000000002
0.20900000000000005
0.15633333333333335
0.20800000000000007
0.07280000000000003
0.5968
0.7040000000000001
4.417933333333333
2.947266666666666
2.1333333333333333
1.764
1.4574
1.3650666666666667
2.9447999999999994
1.4168
0.9278666666666667
0.9580000000000001
1.0673333333333337
2.1182000000000003
0.6368666666666667
1.502666666666667
1.6252666666666669
1.4059333333333335
0.5728000000000001
0.49206666666666654
0.8976000000000003
1.075
1.2413333333333334
1.2528000000000004
0.7648
0.8556666666666665
0.8934000000000001
1.1743333333333332
1.0758000000000003
0.9060000000000001
0.9673333333333332
1.167
1.1556666666666666
1.2327333333333335
