0.05899999999999997
0.06566666666666664
0.06899999999999998
0.14460000000000003
0.1446
0.06899999999999998
0.06899999999999998
0.10260000000000001
0.1866
0.06899999999999998
0.06899999999999998
0.06899999999999998
0.06899999999999998
0.06899999999999998
0.06899999999999998
0.18659999999999996
0.10259999999999997
0.06899999999999998
0.06899999999999998
0.11940000000000002
0.1698
0.06899999999999998
0.06899999999999998
0.06899999999999998
0.06899999999999998
0.1782
0.11099999999999997
0.06899999999999998
0.06899999999999998
0.06833333333333336
0.2613333333333333
0.5218000000000002
0.40473333333333333
0.4032666666666666
0.4976666666666667
0.3907333333333334
0.44766666666666655
0.29639999999999994
0.38786666666666664
0.4877333333333335
0.2997333333333333
0.4215999999999999
0.2895999999999999
0.24399999999999988
0.22426666666666675
0.5156000000000002
0.24959999999999993
2.1388000000000007
1.2405999999999997
0.28733333333333333
0.36406666666666665
0.5074000000000001
0.7868000000000002
1.6756
1.2526000000000004
0.5748000000000001
0.5188666666666667
0.25700000000000006
0.3547333333333334
1.3818000000000006
1.4069999999999998
0.46646666666666675
0.4526666666666667
0.34
0.34906666666666664
0.42826666666666663
0.5574
0.6996666666666667
0.38259999999999994
0.36179999999999995
0.3975333333333334
0.4307333333333333
0.3283333333333333
0.339
0.3846000000000001
0.30806666666666666
0.3549999999999999
0.351
0.46900000000000014
0.6873999999999998
1.1073999999999997
0.8427333333333333
0.8168000000000001
0.6443333333333333
0.48699999999999993
0.6683333333333332
2.4436666666666667
1.0558666666666672
1.754333333333333
0.3400000000000001
0.2888
0.22399999999999992
0.13620000000000002
0.06899999999999998
0.06899999999999998
0.08753333333333332
