0.181
0.068
0.068
0.068
0.068
0.068
0.068
0.068
0.068
0.068
0.068
0.068
0.068
0.068
0.068
0.068
0.068
0.068
0.068
0.068
0.068
0.068
0.068
0.068
0.068
0.068
0.068
0.068
0.068
0.058
0.255
0.255
0.255
0.255
0.255
0.255
0.255
0.055
0.055
0.055
0.055
0.055
0.055
0.055
0.055
0.055
0.055
0.055
0.055
0.055
0.055
0.055
0.055
0.055
0.055
0.055
0.055
0.055
0.065
0.065
0.065
0.065
0.065
0.065
0.065
0.065
0.065
0.065
0.065
0.065
0.065
0.065
0.065
0.065
0.065
0.065
0.065
0.065
0.065
0.065
0.065
0.065
0.065
0.065
0.065
0.065
0.065
0.065
0.065
0.065
0.065
0.065
0.065
0.065
0.065
0.065
0.065
0.065
0.065
0.065
0.065
0.065
0.065
0.065
0.065
0.065
0.065
0.065
0.065
0.065
0.065
0.065
0.065
0.065
0.065
0.065
0.065
0.065
0.065
0.065
0.065
0.065
0.065
0.065
0.065
0.065
0.065
0.065
0.065
0.065
0.065
0.065
0.065
0.065
0.065
0.065
0.065
0.065
0.065
0.065
0.065
0.065
0.065
0.065
0.274
0.274
0.274
0.274
0.274
0.274
0.274
0.274
0.274
0.274
0.274
0.274
0.274
0.274
0.065
0.065
0.065
0.065
0.065
0.065
0.065
0.065
0.065
0.065
0.065
0.065
0.065
0.065
0.065
0.065
0.065
0.065
0.065
0.065
0.065
0.065
0.065
0.065
0.065
0.065
0.065
0.065
0.065
0.065
0.065
0.065
0.065
0.065
0.065
0.065
0.065
0.065
0.065
0.065
0.065
0.065
0.065
0.065
0.065
0.065
0.065
0.065
0.065
0.065
0.065
0.065
0.065
0.065
0.065
0.065
0.065
0.065
0.065
0.065
0.065
0.065
0.065
0.065
0.065
0.065
0.065
0.065
0.065
0.065
0.274
0.274
0.274
0.274
0.274
0.274
0.274
0.274
0.274
0.274
0.274
0.274
0.274
0.274
0.065
0.065
0.065
0.065
0.065
0.065
0.065
0.065
0.065
0.065
0.065
0.065
0.065
0.065
0.065
0.065
0.065
0.065
0.065
0.065
0.065
0.065
0.065
0.065
0.065
0.065
0.065
0.065
0.065
0.065
0.065
0.065
0.065
0.065
0.065
0.065
0.065
0.065
0.065
0.065
0.065
0.065
0.065
0.065
0.065
0.065
0.065
0.065
0.065
0.065
0.065
0.065
0.065
0.065
0.065
0.065
0.065
0.065
0.065
0.065
0.065
0.065
0.065
0.065
0.065
0.274
0.274
0.274
0.274
0.274
0.274
0.274
0.274
0.274
0.274
0.272
0.332
0.332
0.332
0.123
0.123
0.123
0.123
0.123
0.123
0.123
0.158
0.098
0.098
0.098
0.098
0.198
0.138
0.138
0.103
0.123
0.123
0.123
0.123
0.123
0.123
0.123
0.123
0.123
0.163
0.275
0.385
0.385
0.295
0.195
0.195
0.195
0.195
0.195
0.195
0.255
0.195
0.155
0.155
0.285
0.285
0.285
0.285
0.285
0.345
0.345
0.345
0.345
0.505
0.405
0.405
0.315
0.375
0.375
0.375
0.375
0.415
0.415
0.415
0.315
0.315
0.405
0.405
0.614
0.614
0.614
0.654
0.674
0.614
0.614
0.614
0.524
0.524
0.464
0.564
0.564
0.564
0.255
0.315
0.315
0.315
0.315
0.315
0.255
0.255
0.255
0.255
0.255
0.255
0.195
0.195
0.195
0.195
0.295
0.295
0.295
0.295
0.355
0.343
0.343
0.343
0.343
0.343
0.343
0.343
0.343
0.343
0.343
0.343
0.343
0.383
0.383
0.343
0.303
0.303
0.303
0.303
0.323
0.323
0.323
0.303
0.303
0.303
0.303
0.303
0.303
0.303
0.303
0.403
0.403
0.553
0.553
0.553
0.553
0.553
0.553
0.553
0.553
0.613
0.613
0.613
0.613
0.673
0.673
0.613
0.653
0.653
0.653
0.653
0.753
0.753
0.805
0.765
0.765
0.765
0.725
0.725
0.725
0.725
0.665
0.665
0.665
0.665
0.665
0.665
0.665
0.665
3.089
3.089
3.298
0.874
0.934
0.784
0.784
0.784
0.784
0.784
0.784
0.784
0.784
0.784
0.784
0.684
0.475
0.475
0.475
0.475
0.415
0.415
0.475
0.475
0.355
0.415
0.475
0.475
0.415
0.415
0.415
0.415
0.415
0.395
0.545
0.545
0.545
0.545
0.545
0.515
0.515
0.515
0.515
0.575
0.575
0.575
0.615
0.615
0.615
0.615
0.615
0.615
0.575
0.635
0.635
0.635
0.655
0.643
0.643
0.783
0.783
0.783
0.683
0.683
0.683
0.683
0.683
0.683
0.743
0.683
0.683
0.723
0.723
0.723
0.723
0.723
0.723
0.803
0.803
0.743
0.743
0.743
0.843
0.843
0.843
0.843
0.903
0.903
0.903
0.903
0.903
0.943
0.943
1.152
1.112
1.112
1.112
0.962
0.962
0.962
0.962
0.962
1.022
1.022
1.122
0.962
0.962
0.693
0.693
0.903
0.903
0.903
0.873
0.873
0.873
0.813
0.813
0.813
0.813
0.813
0.813
0.713
0.713
0.713
0.713
0.713
0.713
0.713
0.713
0.713
0.653
0.758
0.758
0.818
0.818
0.818
0.818
0.818
0.818
0.818
0.818
0.818
0.758
0.758
0.758
0.758
0.758
0.758
0.758
0.758
0.758
0.758
0.758
0.758
0.758
3.182
3.182
3.182
0.758
0.758
0.758
0.698
0.698
0.698
0.907
0.907
0.907
0.807
0.807
0.747
0.747
0.747
0.747
0.747
0.747
0.747
0.747
0.747
0.538
0.538
0.538
0.538
2.962
2.962
2.962
0.538
0.538
0.538
0.538
0.692
0.692
0.692
0.692
0.692
0.692
0.692
0.632
0.632
0.632
0.632
0.478
0.478
0.478
0.478
0.373
0.373
0.373
0.373
0.373
0.373
0.373
0.373
0.373
0.373
0.373
0.373
0.373
0.373
0.373
0.373
0.49
0.49
0.49
0.49
0.49
0.49
0.49
0.49
0.49
0.49
0.49
0.49
0.49
0.49
0.45
0.45
0.45
0.45
0.45
0.45
0.45
0.45
0.45
0.45
0.45
0.45
0.45
0.45
0.45
0.45
0.45
0.45
0.45
0.45
0.45
0.45
0.45
0.45
0.45
0.45
0.45
0.45
0.45
0.45
0.45
0.45
0.45
0.45
0.659
0.659
0.659
0.659
0.659
0.659
0.659
0.659
0.659
0.659
0.659
0.659
0.659
0.659
0.45
0.45
0.45
0.45
0.45
0.45
0.45
0.45
0.45
0.3
0.3
0.3
0.3
0.3
0.3
0.3
0.3
0.3
0.3
0.3
0.3
0.3
0.3
0.3
0.28
0.28
0.28
0.28
0.28
0.28
0.28
0.28
0.28
0.28
0.28
0.163
0.163
0.163
0.163
0.163
0.163
0.163
0.163
0.163
0.063
0.198
0.198
0.198
0.198
0.198
0.198
0.198
0.198
0.198
0.198
0.198
0.198
0.198
0.198
2.622
2.622
2.622
0.198
0.198
0.198
0.198
0.198
0.407
0.407
0.407
0.407
0.407
0.407
0.407
0.407
0.407
0.407
0.407
0.407
0.407
0.407
0.198
0.198
0.198
0.198
0.198
0.198
2.16
2.16
2.16
2.16
2.16
2.16
2.16
2.16
2.16
2.22
2.22
2.22
2.22
2.37
2.43
2.43
2.43
2.43
2.43
2.43
0.468
0.528
0.528
0.468
0.468
0.468
0.468
0.258
0.258
0.258
0.258
0.258
0.258
0.258
0.258
0.258
0.258
0.318
0.318
0.318
0.318
0.318
0.358
0.358
0.358
0.298
0.298
0.298
0.298
0.298
0.298
0.578
0.518
0.478
0.478
0.478
0.478
0.478
0.478
0.478
0.538
0.638
0.678
0.578
0.578
0.578
0.578
0.578
0.578
0.578
0.638
0.578
0.787
0.787
0.787
1.037
1.037
0.977
0.917
0.998
0.998
0.998
0.998
0.998
0.998
0.998
0.906
0.789
0.849
0.849
0.789
0.789
0.801
0.836
0.776
0.776
0.776
0.741
0.741
0.741
0.741
0.776
0.741
0.771
0.771
0.771
0.771
0.771
0.771
0.771
0.671
0.671
0.671
0.671
0.671
0.671
0.521
0.521
0.521
0.521
0.521
0.521
0.521
0.521
0.521
0.521
0.521
0.521
0.521
0.521
0.561
0.521
0.521
0.521
0.521
0.521
0.581
0.581
0.581
0.5
0.54
0.6
0.6
0.6
0.6
0.6
0.6
0.6
0.5
0.6
0.6
0.6
0.44
0.44
0.54
0.54
0.54
0.54
0.58
0.58
0.52
0.62
0.725
0.725
0.52
0.508
0.508
0.508
0.608
0.608
0.508
0.508
0.568
0.508
0.508
0.508
0.628
0.628
0.628
0.628
0.54
0.54
0.54
0.54
0.5
0.5
0.5
0.5
0.6
0.6
0.6
0.7
0.7
0.7
0.7
0.909
0.909
0.819
0.819
0.819
0.779
0.839
0.939
0.939
0.879
0.879
0.879
0.879
0.939
0.63
0.63
0.63
0.63
0.63
0.63
0.63
0.69
0.79
0.69
0.69
0.63
0.63
0.63
0.63
0.53
0.63
0.63
0.63
0.63
0.63
0.73
0.73
0.73
0.73
0.825
0.825
0.925
0.925
0.925
0.925
0.925
0.925
0.925
0.865
0.865
1.085
1.085
1.085
1.145
1.205
1.145
1.145
1.145
1.133
1.193
1.193
1.093
1.093
1.018
1.018
0.998
0.998
0.998
0.938
0.938
0.938
0.938
1.038
1.098
1.098
1.098
1.058
1.058
1.267
1.267
1.267
1.279
1.219
1.219
1.219
1.159
1.159
1.159
1.159
1.159
1.159
1.159
0.95
0.95
0.95
0.95
1.04
1.04
1.04
1.04
0.94
0.94
0.94
1.094
1.094
1.094
1.154
1.154
1.154
1.054
0.994
1.034
1.034
1.034
1.034
0.974
0.914
0.814
0.874
0.874
0.874
0.874
1.009
1.009
1.009
0.949
0.949
0.949
0.949
0.949
0.949
0.969
0.969
0.969
0.969
0.969
0.969
0.969
0.969
0.969
0.969
0.969
0.969
0.969
0.969
0.969
0.969
0.969
0.869
0.869
0.829
0.829
0.929
0.929
0.857
0.857
0.857
0.857
0.857
0.857
1.066
1.066
0.966
0.966
0.966
0.966
0.966
1.066
1.066
1.036
1.036
1.036
1.036
1.036
0.827
0.827
0.727
0.727
0.727
0.727
0.573
0.573
0.573
0.573
0.573
0.573
0.573
0.673
0.613
0.613
0.713
0.725
0.765
0.765
0.63
0.844
0.844
0.844
0.844
0.784
0.784
0.819
0.819
0.844
0.844
0.974
0.974
0.874
0.874
0.874
0.874
0.934
0.834
0.834
0.834
0.834
0.834
0.834
0.834
0.834
0.834
0.834
0.834
0.854
0.854
0.854
0.854
0.854
2.816
2.816
2.816
2.816
2.816
2.756
3.065
3.065
3.065
3.065
2.965
2.965
2.865
5.289
5.289
5.189
5.189
5.189
5.189
2.805
0.634
0.634
0.734
0.734
0.834
0.834
0.834
0.794
0.794
0.794
0.794
0.794
0.834
0.834
0.834
0.834
0.722
0.722
0.722
0.782
0.782
0.782
0.782
0.782
0.782
0.782
0.782
0.782
0.782
0.782
0.752
0.852
0.852
0.852
0.852
0.845
0.945
0.857
0.857
0.857
0.857
0.757
0.757
0.697
0.637
0.637
0.577
0.637
0.672
0.572
0.537
0.537
0.537
1.32
1.32
1.32
1.32
1.32
1.32
1.32
1.32
1.32
1.32
1.3
1.3
1.36
1.24
1.3
1.3
1.679
1.679
1.589
1.589
1.589
1.589
1.589
1.589
1.589
1.529
1.679
1.679
1.529
1.589
0.597
0.597
0.597
0.597
0.597
0.597
0.597
3.021
3.021
3.021
0.597
0.597
0.597
0.747
0.647
0.687
0.687
0.841
0.687
0.747
0.747
0.687
0.687
0.607
0.607
0.677
0.677
0.625
0.565
0.448
0.408
0.408
0.408
0.408
2.832
2.832
2.892
0.468
0.528
0.563
0.378
0.318
0.183
0.333
0.333
0.333
0.333
0.393
0.453
0.393
0.393
0.333
0.333
0.333
0.333
0.433
