0.064
0.064
0.064
0.064
0.064
0.054
0.054
0.054
0.054
0.054
0.056
0.056
0.056
0.056
0.056
0.056
0.056
0.056
0.056
0.056
0.056
0.056
0.056
0.056
0.056
0.056
0.056
0.056
0.056
0.056
0.056
0.056
0.056
0.056
0.056
0.066
0.066
0.066
0.066
0.066
0.066
0.066
0.066
0.066
0.066
0.066
0.066
0.066
0.066
0.066
0.066
0.066
0.066
0.066
0.066
0.066
0.066
0.066
0.066
0.066
0.066
0.066
0.066
0.066
0.066
0.066
0.066
0.066
0.066
0.066
0.064
0.064
0.064
0.064
0.164
0.184
0.184
0.184
0.184
0.184
0.184
0.184
0.184
0.184
0.184
0.164
0.204
0.204
0.204
0.204
0.204
0.204
0.204
0.204
0.204
0.204
0.204
0.349
0.349
0.249
0.249
0.249
0.309
0.309
0.249
0.249
0.209
0.209
0.269
0.269
0.269
0.394
0.394
0.481
0.481
0.481
0.481
0.521
0.652
0.568
0.568
0.568
2.794
2.794
2.794
0.608
0.608
0.608
0.608
0.608
0.608
0.648
0.648
0.708
0.708
0.708
0.648
0.648
0.648
0.643
0.643
0.643
0.643
0.643
0.643
0.643
0.643
0.643
0.643
0.643
0.643
2.929
2.929
2.929
0.543
0.543
0.643
0.643
0.643
0.643
0.643
0.543
0.543
0.583
0.583
0.548
0.548
0.548
0.588
0.588
0.548
0.548
0.548
0.608
0.608
0.608
0.477
0.537
0.557
0.576
0.541
0.581
0.541
0.581
0.521
0.521
0.521
0.521
0.521
0.521
0.521
0.521
0.521
0.521
0.556
0.556
0.556
0.59
0.59
0.59
0.59
0.53
0.57
0.57
0.57
0.53
0.53
0.53
0.53
0.53
0.47
0.47
0.53
0.53
0.53
0.53
0.53
0.53
0.53
0.53
0.57
0.57
0.67
0.67
0.63
0.63
0.53
0.53
0.53
0.57
0.57
0.53
0.53
0.53
0.63
0.63
0.63
0.63
0.63
0.63
0.63
0.63
0.63
0.63
0.63
0.63
0.63
0.63
0.63
0.63
0.65
0.662
0.662
0.662
0.662
0.662
0.662
0.634
0.734
0.634
0.634
0.634
0.694
0.694
0.694
0.634
0.674
0.674
0.639
0.639
0.621
2.967
2.967
2.967
0.621
0.621
0.721
0.733
0.733
0.713
0.689
0.689
0.689
0.689
0.689
0.689
0.689
0.749
0.749
0.689
0.689
0.689
0.689
0.689
0.689
0.677
0.737
0.737
0.737
0.737
0.737
0.772
0.772
0.772
0.772
0.732
0.732
0.697
0.697
0.697
0.697
0.697
0.697
0.697
0.697
0.697
0.572
0.632
0.632
0.768
0.768
0.768
0.828
0.743
0.743
0.743
0.743
0.743
0.783
0.723
0.723
0.723
0.683
0.683
0.683
0.623
0.623
0.623
0.623
0.623
0.607
0.52
0.52
0.532
0.532
0.532
0.52
0.52
0.52
0.52
0.52
0.52
0.52
0.52
0.52
0.52
0.52
0.52
0.56
0.56
0.56
0.56
0.62
0.62
0.62
0.62
0.62
0.52
0.52
0.52
0.607
0.607
0.52
0.52
0.52
0.46
0.46
0.46
0.46
0.46
0.46
0.46
0.495
0.495
0.495
0.435
0.435
0.435
0.435
0.4
0.487
0.487
0.522
0.522
0.522
0.522
0.522
0.562
2.813
2.773
2.773
0.487
0.487
0.547
0.607
0.607
0.547
0.487
0.499
0.499
0.499
0.412
0.412
0.452
0.452
0.44
0.44
0.4
0.4
0.4
0.416
0.416
0.416
0.416
0.416
0.416
0.416
0.416
0.356
0.391
0.503
0.503
0.503
0.603
0.568
0.655
0.655
0.69
0.69
0.69
0.75
0.75
0.725
0.725
0.725
0.725
0.785
0.75
0.75
0.755
0.795
0.755
0.755
0.755
0.755
0.775
0.775
0.775
0.775
0.675
0.675
0.575
0.535
0.535
0.535
0.448
0.448
0.508
0.488
0.388
0.415
0.45
0.45
0.538
0.538
0.638
0.638
0.638
0.638
0.638
0.522
0.557
0.557
0.617
0.677
0.717
0.657
0.717
0.682
0.622
0.622
0.622
0.562
0.562
0.562
0.562
0.562
0.562
0.562
0.475
0.562
0.622
0.622
0.622
0.622
0.622
0.582
0.582
0.54
0.6
0.54
0.453
2.795
3.83
3.83
1.704
0.569
0.569
0.569
0.644
0.066
0.066
0.066
0.066
0.066
0.066
0.066
0.066
0.066
0.066
0.349
0.349
0.349
0.349
0.349
0.349
0.409
0.349
0.349
0.349
0.384
0.384
0.384
0.384
0.384
0.384
0.384
0.384
0.384
0.384
0.384
0.444
0.384
0.384
0.384
0.384
0.384
0.384
0.384
0.384
0.384
0.384
0.384
0.384
1.288
1.288
1.288
0.253
0.253
0.253
0.253
0.253
0.253
0.253
0.253
0.253
0.253
0.253
0.253
0.253
0.253
0.253
0.253
0.253
0.253
0.253
0.253
0.253
0.253
0.253
0.253
0.235
0.235
0.235
0.235
0.235
0.235
0.235
0.235
0.235
0.066
0.066
0.066
0.066
0.066
0.066
0.066
0.066
0.066
0.066
0.066
0.066
0.066
0.066
0.066
0.066
0.066
0.066
0.066
0.066
0.066
0.066
0.066
0.066
0.066
0.066
0.066
0.066
0.066
0.066
0.066
0.066
0.066
0.066
0.066
0.066
0.066
0.066
0.066
0.066
0.066
0.066
0.066
0.066
0.066
0.066
0.066
0.066
0.066
0.066
0.066
0.066
0.066
0.066
0.066
0.066
0.066
0.066
0.066
0.066
0.066
0.066
0.066
0.066
0.066
0.066
0.066
0.066
0.066
0.066
0.066
0.066
0.066
0.066
0.066
0.066
0.066
0.066
0.066
0.066
0.066
0.066
0.066
0.066
0.066
0.066
0.066
0.066
0.066
0.066
0.066
0.066
0.066
0.066
0.066
0.066
0.066
0.066
0.066
0.066
0.066
0.066
0.066
0.066
0.066
0.066
0.066
0.066
0.066
0.066
0.066
0.066
0.066
0.066
0.066
0.066
0.066
0.066
0.066
0.066
0.066
0.066
0.066
0.066
0.066
0.066
0.066
0.066
0.066
0.066
0.066
0.066
0.066
0.066
0.066
0.066
0.066
0.066
0.066
0.066
0.066
0.066
0.066
0.066
0.066
0.066
0.066
0.066
0.066
0.066
0.066
0.066
0.066
0.066
0.066
0.066
0.066
0.066
0.066
0.066
0.066
0.066
0.066
0.066
0.066
0.066
0.066
0.066
0.066
0.066
0.2
0.331
0.331
0.331
0.331
0.331
0.331
0.331
0.331
0.331
0.331
0.331
0.331
0.331
0.2
0.2
0.2
0.2
0.2
0.2
0.2
0.2
0.2
0.2
0.2
0.2
0.2
0.2
0.2
0.064
0.064
0.064
0.064
0.064
0.064
0.064
0.064
0.064
0.064
0.064
0.064
0.064
0.064
0.064
0.064
0.064
0.064
0.064
0.064
0.064
0.064
0.064
0.064
0.064
0.064
0.064
0.064
0.2
0.2
0.2
0.2
0.2
0.2
0.2
0.2
0.2
0.2
0.2
0.2
0.2
0.2
0.2
0.2
0.2
0.2
0.2
0.2
0.2
0.2
0.2
0.066
0.066
0.066
0.066
0.066
0.066
0.066
0.066
0.066
0.066
0.066
0.066
0.066
0.066
0.066
0.066
0.066
0.066
0.066
0.066
0.066
0.066
0.066
0.066
0.066
0.066
0.066
0.066
0.066
0.066
0.066
0.066
0.066
0.066
0.066
0.066
0.066
0.066
0.066
0.066
0.066
0.066
0.066
0.066
0.066
0.066
0.066
0.066
0.066
0.066
0.066
0.066
0.066
0.066
0.066
0.066
0.066
0.066
0.066
0.066
0.066
0.066
0.066
0.066
0.066
0.066
0.066
0.066
0.066
0.066
0.066
0.066
0.066
0.066
0.066
0.066
0.066
0.066
0.066
0.066
0.066
0.066
0.066
0.066
0.066
0.066
0.066
0.066
0.066
0.066
0.066
0.066
0.066
0.066
0.066
0.066
0.066
0.066
0.066
0.066
0.066
0.066
0.066
0.066
0.066
0.066
0.066
0.066
0.066
0.066
0.066
0.066
0.066
0.066
0.066
0.066
0.066
0.066
0.066
0.066
0.066
0.066
0.066
0.066
0.066
0.066
0.066
0.066
0.066
0.066
0.066
0.066
0.066
0.066
0.066
0.066
0.066
0.066
0.066
0.066
0.066
0.066
0.066
0.066
0.066
0.066
0.066
0.066
0.066
0.066
0.066
0.066
0.066
0.066
0.066
0.066
0.066
0.066
0.066
0.066
0.066
0.066
0.066
0.066
0.066
0.066
0.066
0.066
0.066
0.066
0.066
0.066
0.066
0.066
0.066
0.066
0.066
0.066
0.066
0.066
0.066
0.066
0.066
0.066
0.066
0.066
0.066
0.066
0.066
0.066
0.066
0.066
0.066
0.066
0.066
0.066
0.066
0.066
0.066
0.066
0.066
0.066
0.066
0.066
0.066
0.066
0.066
0.066
0.066
0.066
0.066
0.066
0.066
0.066
0.066
0.066
0.066
0.066
0.066
0.066
0.066
0.066
0.066
0.066
0.066
0.066
0.066
0.066
0.066
0.066
0.066
0.066
0.066
0.066
0.066
0.066
0.066
0.066
0.066
0.066
0.2
0.2
0.2
0.2
0.2
0.2
0.2
0.2
0.2
0.2
0.2
0.2
0.2
0.2
0.2
0.2
0.2
0.2
0.2
0.293
0.293
0.293
0.293
0.333
0.333
0.333
0.333
0.333
0.333
0.333
0.333
0.333
0.333
0.333
0.333
0.333
0.333
0.393
0.393
0.393
0.393
0.393
0.393
0.393
0.333
0.351
0.351
0.351
0.351
0.351
0.351
0.351
0.438
0.438
0.438
0.538
0.538
0.538
0.538
0.451
0.451
0.451
0.451
0.451
0.451
0.451
0.451
0.451
0.451
0.451
0.451
0.451
0.451
2.837
2.837
2.837
0.551
0.563
0.563
0.57
0.53
0.59
0.59
0.49
0.49
0.49
2.776
2.776
2.776
0.49
0.49
0.49
0.49
0.49
0.49
0.49
0.49
0.49
0.49
0.625
0.625
0.613
0.613
0.613
0.613
0.613
0.613
0.613
0.613
0.613
0.613
0.613
0.613
0.653
0.653
0.653
0.653
0.653
0.635
0.575
0.575
0.575
0.575
0.575
0.575
0.575
0.575
0.535
0.535
0.535
0.535
0.535
0.595
0.595
0.726
0.726
0.786
0.786
0.726
0.631
0.631
0.631
0.631
0.631
0.651
0.651
0.651
0.651
0.651
0.651
0.631
0.631
0.631
0.631
0.631
0.631
0.631
0.631
0.631
0.631
0.756
0.816
0.756
0.756
0.756
0.756
0.756
0.756
0.816
0.816
0.816
0.816
0.816
0.76
0.72
0.66
0.791
0.803
0.803
0.803
0.803
0.803
0.803
0.803
0.803
0.803
0.803
2.731
2.816
2.816
2.816
2.781
2.696
2.684
2.684
2.684
2.684
2.684
2.684
2.684
2.684
2.719
2.719
2.719
2.719
2.719
2.719
2.594
2.594
2.594
2.594
2.681
2.681
2.741
0.726
0.726
0.786
0.726
0.786
0.806
0.806
0.806
0.806
0.804
0.804
0.804
0.804
0.804
0.804
0.804
0.804
0.816
0.816
0.903
1.028
1.016
1.016
1.016
0.891
0.903
0.903
0.903
0.903
0.911
0.891
0.891
0.891
0.891
0.951
0.951
0.891
0.891
0.891
0.891
0.891
0.951
1.011
1.011
1.011
1.011
3.297
3.297
3.197
0.911
0.911
0.911
0.911
0.911
0.911
0.911
0.851
0.911
0.911
0.911
0.851
0.851
3.137
3.001
3.001
0.775
0.775
0.655
0.655
0.655
0.655
0.655
0.655
0.655
0.655
0.655
0.695
0.695
0.695
0.695
0.695
0.695
0.677
0.677
0.677
0.677
0.677
0.617
0.657
0.657
0.657
0.657
0.657
0.657
0.657
0.657
0.657
0.657
0.617
0.617
0.677
0.677
0.617
0.617
0.617
0.677
0.677
0.677
0.677
0.677
0.737
0.737
0.737
0.737
0.737
0.737
0.737
0.797
0.797
0.797
0.762
0.822
0.822
0.782
0.782
0.782
0.782
0.907
0.907
0.907
0.807
0.747
0.747
0.687
0.687
0.687
