0.05600000000000002
0.06200000000000003
0.06600000000000003
0.06600000000000003
0.06600000000000003
0.06600000000000003
0.06600000000000003
0.06600000000000003
0.06600000000000003
0.06600000000000003
0.06600000000000003
0.06600000000000003
0.06600000000000003
0.06600000000000003
0.06600000000000003
0.06600000000000003
0.06600000000000003
0.06600000000000003
0.06600000000000003
0.06600000000000003
0.06600000000000003
0.06600000000000003
0.06600000000000003
0.06600000000000003
0.06600000000000003
0.06600000000000003
0.06600000000000003
0.06600000000000003
0.06400000000000003
0.11253333333333335
0.13066666666666665
0.162
0.6768666666666666
0.21099999999999997
0.06600000000000003
0.06600000000000003
0.08200000000000003
0.19066666666666665
2.4266666666666667
1.8044666666666667
0.16000000000000003
0.10400000000000004
0.11133333333333333
0.206
0.6615999999999997
0.27426666666666666
0.06600000000000003
0.06600000000000003
0.06600000000000003
0.06600000000000003
0.06600000000000003
0.06600000000000003
0.06600000000000003
0.06600000000000003
0.06600000000000003
0.06600000000000003
0.06600000000000003
0.06600000000000003
0.06600000000000003
0.06600000000000003
0.06600000000000003
0.06600000000000003
0.06600000000000003
0.06600000000000003
0.06600000000000003
0.06600000000000003
0.06600000000000003
0.06600000000000003
0.16000000000000003
0.5294
0.5656666666666667
2.657533333333333
1.6655999999999997
0.06600000000000003
0.06600000000000003
0.06600000000000003
0.06600000000000003
0.06600000000000003
0.06600000000000003
0.06600000000000003
0.06600000000000003
0.06600000000000003
0.1422
0.4754000000000001
0.49426666666666674
0.5126666666666668
0.5446666666666667
2.6351999999999998
2.193599999999999
0.32059999999999994
0.36593333333333333
0.3933333333333333
0.3822666666666666
0.06600000000000003
0.06600000000000003
0.060000000000000026
