0.20466666666666672
0.2320000000000001
0.07159999999999998
0.06600000000000003
0.0666666666666667
0.076
0.076
0.076
0.19040000000000004
0.16960000000000003
0.076
0.076
0.11759999999999998
0.2320000000000001
0.0864
0.076
0.076
0.2320000000000001
0.12800000000000006
0.076
0.076
0.2320000000000001
0.15120000000000006
0.17133333333333328
0.3637333333333333
3.2478666666666673
2.0129999999999995
1.3048666666666666
0.5957333333333334
2.493066666666667
0.9154666666666671
2.6394
0.9076000000000001
1.0114
0.7079333333333335
0.584
0.33333333333333315
0.20080000000000006
0.15920000000000004
0.076
0.076
0.076
0.22160000000000007
0.13840000000000002
0.076
0.076
0.17426666666666665
0.10240000000000002
0.19040000000000004
0.20920000000000002
0.3406666666666667
0.373
0.36399999999999993
0.37399999999999994
0.3593333333333334
0.5521333333333333
2.749
1.9556000000000004
0.17399999999999996
0.4884
0.3312000000000001
0.3612000000000001
0.4827333333333333
0.583
0.6305333333333333
0.8889999999999999
1.1407333333333336
2.2731333333333335
1.5446
0.6768666666666666
0.9341333333333333
0.7012000000000002
0.637
0.5162666666666668
0.4668
0.462
5.5291999999999994
1.4880000000000004
0.6787333333333334
0.6590000000000001
0.6590000000000001
0.8269333333333333
1.0729333333333329
0.8221999999999999
1.0148
1.1690666666666667
1.2369333333333334
1.0732666666666666
0.9261333333333334
0.8004666666666668
1.498
1.1
1.1040000000000003
0.9493333333333333
0.5666666666666667
0.15920000000000004
