0.066
0.066
0.066
0.066
0.066
0.066
0.066
0.066
0.066
0.066
0.066
0.066
0.066
0.066
0.066
0.066
0.076
0.076
0.076
0.076
0.076
0.076
0.076
0.076
0.076
0.076
0.076
0.076
0.076
0.076
0.076
0.076
0.076
0.076
0.076
0.076
0.076
0.076
0.076
0.076
0.076
0.076
0.076
0.076
0.076
0.076
0.076
0.076
0.076
0.076
0.076
0.076
0.076
0.076
0.076
0.076
0.076
0.076
0.076
0.076
0.076
0.076
0.076
0.076
0.076
0.076
0.076
0.076
0.076
0.076
0.076
0.252
0.252
0.252
0.252
0.252
0.252
0.252
0.252
0.252
0.252
0.252
0.252
0.377
0.377
0.377
0.377
0.377
0.377
0.377
0.377
0.377
0.377
0.201
0.201
0.201
0.201
0.201
0.201
0.201
0.201
0.076
0.076
0.076
0.076
0.076
0.277
0.277
0.277
0.277
0.277
0.277
0.277
0.277
0.277
0.277
0.277
0.277
0.277
0.277
0.076
0.076
0.076
0.076
0.076
0.076
0.076
0.076
0.076
0.076
0.076
0.076
0.076
0.076
0.076
0.076
0.076
0.201
0.201
0.201
0.377
0.377
0.377
0.377
0.377
0.377
0.377
0.377
0.377
0.377
0.377
0.377
0.377
0.377
0.377
0.252
0.252
0.252
0.252
0.252
0.252
0.252
0.076
0.076
0.076
0.076
0.076
0.076
0.076
0.076
0.076
0.076
0.076
0.076
0.076
0.076
0.076
0.076
0.076
0.277
0.277
0.277
0.277
0.277
0.277
0.277
0.277
0.277
0.277
0.277
0.277
0.277
0.277
0.076
0.076
0.076
0.076
0.076
0.076
0.076
0.076
0.076
0.076
0.076
0.076
0.076
0.076
0.076
0.076
0.076
0.252
0.252
0.252
0.252
0.252
0.252
0.252
0.252
0.252
0.377
0.377
0.377
0.377
0.377
0.377
0.377
0.377
0.377
0.377
0.377
0.377
0.377
0.201
0.201
0.201
0.201
0.201
0.076
0.076
0.076
0.076
0.076
0.076
0.076
0.076
0.076
0.076
0.076
0.076
0.076
0.277
0.277
0.277
0.277
0.277
0.277
0.277
0.277
0.277
0.277
0.277
0.277
0.277
0.277
0.076
0.076
0.076
0.076
0.076
0.076
0.076
0.076
0.076
0.076
0.076
0.076
0.076
0.076
0.076
0.076
0.076
0.076
0.076
0.252
0.252
0.252
0.252
0.252
0.252
0.252
0.252
0.252
0.252
0.252
0.252
0.252
0.252
0.252
0.252
0.377
0.377
0.377
0.377
0.377
0.377
0.201
0.201
0.201
0.201
0.201
0.201
0.201
0.201
0.201
0.201
0.201
0.201
0.076
0.076
0.076
0.076
0.076
0.076
0.076
0.076
0.076
0.076
0.076
0.076
0.076
0.076
0.277
0.277
0.277
0.277
0.277
0.277
0.277
0.277
0.277
0.277
0.277
0.277
0.277
0.277
0.076
0.076
0.076
0.076
0.076
0.252
0.252
0.252
0.252
0.252
0.252
0.252
0.252
0.252
0.377
0.377
0.377
0.377
0.377
0.377
0.377
0.377
0.377
0.377
0.377
0.377
0.377
0.201
0.201
0.201
0.201
0.201
0.076
0.076
0.076
0.076
0.076
0.076
0.076
0.076
0.076
0.076
0.076
0.076
0.076
0.076
0.076
0.076
0.076
0.076
0.076
0.076
0.076
0.076
0.076
0.076
0.076
0.076
0.277
0.277
0.277
0.277
0.277
0.277
0.277
0.277
0.277
0.277
0.277
0.277
0.277
0.277
0.076
0.076
0.076
0.076
0.076
0.076
0.076
0.076
0.201
0.201
0.201
0.201
0.201
0.201
0.201
0.201
0.201
0.201
0.201
0.201
0.201
0.201
0.201
0.201
0.201
0.201
0.076
0.076
0.076
0.076
0.076
0.076
0.076
0.076
0.076
0.076
0.076
0.076
0.076
0.076
0.076
0.076
0.076
0.076
0.076
0.076
0.076
0.076
0.076
0.076
0.076
0.076
0.076
0.076
0.252
0.252
0.252
0.252
0.252
0.252
0.252
0.252
0.252
0.252
0.252
0.252
0.252
0.252
0.252
0.252
0.453
0.453
0.453
0.451
0.676
0.676
0.54
0.5
0.5
0.5
0.5
0.5
0.535
0.5
0.359
0.359
0.359
0.359
0.459
0.494
0.459
0.399
0.309
0.309
0.309
0.309
0.809
0.809
0.774
0.774
0.774
0.774
0.774
1.007
1.007
0.967
0.967
0.967
0.967
0.967
0.967
0.967
0.979
1.014
1.014
1.014
0.964
0.964
0.964
0.964
0.999
0.999
0.999
0.999
0.999
0.999
0.999
0.999
0.999
0.999
0.999
0.964
0.964
0.076
0.201
0.201
0.201
0.201
0.201
0.201
0.201
0.201
0.201
0.201
0.201
0.201
0.377
0.578
0.578
0.578
0.578
0.578
0.453
0.453
0.453
0.453
0.453
0.453
0.453
0.453
0.453
0.252
0.252
0.252
0.252
0.252
0.252
0.252
0.076
0.076
0.076
0.076
0.076
0.076
0.076
0.076
0.076
0.076
0.076
0.076
0.076
0.076
0.076
0.076
0.076
0.076
0.076
0.076
0.076
0.076
0.076
0.076
0.076
0.076
0.076
0.076
0.076
0.076
0.076
0.076
0.076
0.076
0.076
0.076
0.076
0.076
0.076
0.076
0.076
0.076
0.076
0.076
0.076
0.252
0.252
0.252
0.252
0.252
0.252
0.252
0.252
0.252
0.252
0.252
0.252
0.252
0.252
0.252
0.252
0.252
0.252
0.453
0.453
0.453
0.453
0.402
0.402
0.402
0.402
0.402
0.402
0.402
0.402
0.402
0.402
0.201
0.201
0.201
0.201
0.201
0.201
0.201
0.201
0.076
0.076
0.076
0.076
0.076
0.076
0.076
0.076
0.076
0.076
0.076
0.076
0.076
0.076
0.076
0.076
0.076
0.076
0.076
0.076
0.076
0.076
0.076
0.076
0.076
0.076
0.076
0.076
0.076
0.076
0.076
0.076
0.076
0.076
0.076
0.076
0.076
0.076
0.076
0.076
0.076
0.252
0.252
0.252
0.252
0.252
0.252
0.252
0.252
0.252
0.252
0.252
0.252
0.252
0.252
0.252
0.252
0.252
0.252
0.377
0.377
0.377
0.377
0.201
0.201
0.201
0.201
0.402
0.402
0.402
0.543
0.543
0.543
0.543
0.543
0.543
0.543
0.418
0.418
0.418
0.418
0.217
0.217
0.217
0.217
0.217
0.217
0.217
0.217
0.217
0.217
0.217
0.217
0.217
0.217
0.217
0.217
0.217
0.225
0.225
0.225
0.225
0.225
0.225
0.238
0.238
0.238
0.238
0.238
0.238
0.238
0.238
0.414
0.414
0.414
0.414
0.414
0.414
0.414
0.721
0.721
0.721
0.721
0.414
0.414
0.414
0.414
0.414
0.441
0.441
0.441
0.441
0.441
0.441
0.265
0.265
0.265
0.265
0.265
0.265
0.265
0.765
0.765
0.765
0.966
0.466
0.589
1.953
1.953
1.953
2.078
2.078
2.078
2.078
2.078
2.078
2.078
2.078
1.877
1.877
1.877
1.877
1.877
1.877
1.864
1.899
1.864
1.864
1.739
1.739
1.739
1.731
1.803
1.803
1.803
1.803
1.803
0.538
0.538
0.538
2.521
2.521
2.521
2.521
2.521
2.521
2.533
2.533
2.533
2.533
2.533
2.533
2.829
2.829
2.769
2.809
2.809
2.809
2.749
2.749
2.749
0.751
0.751
0.739
0.739
0.739
0.739
0.739
0.739
0.739
0.739
0.739
0.739
0.739
0.563
0.563
0.563
0.563
0.576
0.576
0.576
0.576
0.576
0.576
0.576
0.576
0.564
0.564
0.564
0.564
0.564
0.614
0.614
0.583
0.583
0.583
0.583
0.583
0.784
0.844
0.856
0.981
0.981
0.981
0.981
0.981
0.981
1.066
1.066
1.066
1.106
1.097
0.896
0.811
0.811
1.813
1.813
1.808
0.841
0.728
0.678
0.819
0.819
0.819
0.996
0.996
0.819
0.807
0.807
0.807
0.807
0.807
0.816
0.816
0.816
0.816
0.816
0.993
0.98
0.803
0.324
0.324
0.324
0.148
0.148
0.148
0.148
0.148
0.148
0.148
0.325
0.325
0.148
0.148
0.148
0.148
0.148
0.148
0.148
0.148
0.148
0.148
0.148
0.325
0.325
0.643
0.643
0.768
0.768
0.768
0.201
0.201
0.201
0.201
0.201
0.201
0.201
0.201
0.201
0.201
0.201
0.201
0.201
0.201
0.201
0.076
0.076
0.076
0.076
0.076
0.076
0.076
0.277
0.277
0.453
0.453
0.453
0.453
0.453
0.453
0.816
0.841
0.841
0.841
0.841
2.106
1.905
1.955
1.905
1.782
1.794
1.794
1.794
1.854
1.894
1.854
1.782
1.782
1.782
1.722
1.71
1.71
1.76
1.78
1.78
1.73
1.738
1.738
1.838
1.738
1.738
1.738
1.738
1.738
1.634
0.369
0.369
0.429
0.429
0.429
0.429
0.369
0.369
0.369
0.357
0.357
0.357
0.357
0.357
0.417
0.318
0.318
0.353
0.353
0.318
0.318
0.378
0.378
0.318
0.318
0.175
0.162
0.222
0.222
0.222
0.423
0.423
0.423
0.423
0.423
0.423
0.599
0.599
0.599
0.686
0.686
0.626
0.626
0.626
0.425
0.425
0.425
0.425
0.55
0.55
0.55
0.55
0.55
0.55
0.49
0.59
0.565
0.53
0.354
0.354
0.366
0.429
0.429
0.429
0.421
0.421
0.296
0.296
0.296
0.296
0.296
0.305
0.305
0.404
0.404
0.404
0.504
0.504
0.304
0.304
0.376
0.376
0.376
0.376
0.461
0.461
0.461
0.461
0.561
1.061
1.073
1.064
1.064
0.964
1.064
1.064
1.064
1.064
0.964
0.929
0.969
0.957
0.969
0.969
0.957
0.957
0.957
1.142
0.702
0.702
0.802
0.788
0.701
0.701
0.701
0.902
1.027
1.027
1.027
1.527
1.527
1.527
1.527
3.781
3.781
3.781
1.527
1.527
1.587
0.71
0.71
0.71
0.65
0.65
0.525
0.525
0.565
0.565
0.565
0.565
0.565
0.565
0.565
0.565
0.565
0.577
0.565
0.688
0.688
0.688
0.748
0.748
0.7
0.688
0.688
0.676
0.676
0.676
0.513
0.513
0.513
0.513
0.513
0.513
0.513
0.573
0.65
0.65
0.702
0.702
0.702
0.662
0.662
0.662
0.662
0.785
0.785
0.785
0.785
0.785
0.91
0.97
0.97
0.97
0.97
0.982
1.042
1.042
0.932
0.941
0.941
1.133
1.118
1.098
1.098
1.138
1.138
1.138
1.013
0.981
1.001
1.001
1.142
1.142
1.142
0.946
0.946
0.946
0.946
0.946
0.946
0.886
0.866
0.816
0.816
0.816
0.816
0.816
0.816
0.816
0.816
0.816
0.816
0.876
0.7
0.8
0.8
0.7
0.7
0.7
0.7
0.7
0.7
0.76
0.76
0.656
0.668
0.668
0.668
0.668
0.668
0.668
0.668
0.668
0.793
0.201
0.201
0.201
0.201
0.201
0.201
0.201
0.201
0.201
0.201
0.201
0.201
0.201
0.201
0.201
0.201
0.201
0.076
0.076
0.277
0.277
0.277
0.277
0.277
0.277
0.277
0.277
0.277
0.277
0.277
0.453
0.453
0.453
0.252
0.252
0.252
0.252
0.252
0.252
0.252
0.252
0.252
0.252
0.252
0.252
0.252
0.252
0.252
0.252
0.252
0.252
0.252
0.076
0.076
0.076
0.076
0.076
0.076
0.076
0.076
0.076
0.076
0.076
0.076
0.076
0.076
0.076
0.076
0.076
0.076
0.076
0.076
0.076
0.076
0.076
0.076
0.076
0.076
0.076
0.076
0.076
0.076
0.076
0.076
0.076
0.076
0.076
0.076
0.076
0.076
0.076
0.076
0.076
0.076
0.076
0.076
0.201
0.201
0.201
0.201
0.201
0.201
0.201
0.201
0.201
0.201
0.201
0.201
0.201
0.201
0.201
0.201
0.201
0.201
0.076
0.076
0.076
0.076
0.076
0.076
0.076
0.076
0.076
0.076
0.076
0.076
0.076
0.076
0.076
0.076
0.453
0.453
0.453
0.453
0.453
0.453
0.443
0.443
0.443
0.443
0.443
0.443
0.443
0.443
0.242
0.242
0.242
0.242
0.242
0.242
