0.051000000000000004
0.049
0.041
0.041
0.1412
0.20800000000000002
0.20800000000000002
0.21000000000000002
0.18539999999999998
0.22000000000000003
0.22000000000000003
0.22000000000000003
0.22000000000000003
0.051000000000000004
0.051000000000000004
0.051000000000000004
0.051000000000000004
0.051000000000000004
0.1512
0.21800000000000003
0.21800000000000003
0.21800000000000003
0.11780000000000002
0.051000000000000004
0.1186
0.22000000000000003
0.22000000000000003
0.22000000000000003
0.22000000000000003
0.051000000000000004
0.051000000000000004
0.051000000000000004
0.051000000000000004
0.051000000000000004
0.051000000000000004
0.051000000000000004
0.051000000000000004
0.0848
0.387
0.387
0.387
0.387
0.0848
0.051000000000000004
0.051000000000000004
0.051000000000000004
0.051000000000000004
0.051000000000000004
0.051000000000000004
0.051000000000000004
0.051000000000000004
0.051000000000000004
0.051000000000000004
0.051000000000000004
0.1524
0.22000000000000003
0.22000000000000003
0.22000000000000003
0.1862
0.21800000000000003
0.21800000000000003
0.21800000000000003
0.21800000000000003
0.051000000000000004
0.051000000000000004
0.051000000000000004
0.051000000000000004
0.051000000000000004
0.051000000000000004
0.051000000000000004
0.1524
0.22000000000000003
0.22000000000000003
0.28680000000000005
0.3532
0.21800000000000003
0.21800000000000003
0.15120000000000003
0.051000000000000004
0.051000000000000004
0.051000000000000004
0.051000000000000004
0.051000000000000004
0.051000000000000004
0.051000000000000004
0.051000000000000004
0.22000000000000003
0.22000000000000003
0.22000000000000003
0.22000000000000003
0.11860000000000001
0.051000000000000004
0.051000000000000004
0.051000000000000004
0.051000000000000004
0.051000000000000004
0.0844
0.21800000000000003
0.21800000000000003
0.21800000000000003
0.1956
0.134
0.24459999999999998
0.3094
0.26660000000000006
0.285
0.3276
0.1234
0.137
0.137
0.137
0.121
0.097
0.097
0.097
0.1318
0.155
2.2382
3.5446000000000004
2.305
2.4234
0.8860000000000001
0.291
0.291
0.291
1.4292000000000002
0.123
0.123
0.123
0.123
0.123
0.123
0.123
0.292
0.3592
0.45899999999999996
0.5298
0.3254
0.292
0.22759999999999997
0.123
0.19380000000000003
0.618
0.051000000000000004
0.051000000000000004
0.051000000000000004
0.051000000000000004
0.051000000000000004
0.1512
0.21800000000000003
0.3532
0.387
0.2868
0.22000000000000003
0.15240000000000004
0.051000000000000004
0.051000000000000004
0.051000000000000004
0.051000000000000004
0.051000000000000004
0.1512
0.21800000000000003
0.21800000000000003
0.21800000000000003
0.11780000000000002
0.051000000000000004
0.051000000000000004
0.0848
0.22000000000000003
0.22000000000000003
0.22000000000000003
0.22000000000000003
0.0848
0.051000000000000004
0.1846
0.21800000000000003
0.21800000000000003
0.21800000000000003
0.0844
0.051000000000000004
0.051000000000000004
0.0848
0.22000000000000003
0.22000000000000003
0.22000000000000003
0.22000000000000003
0.0848
0.051000000000000004
0.051000000000000004
0.1846
0.21800000000000003
0.21800000000000003
0.21800000000000003
0.0844
0.051000000000000004
0.051000000000000004
0.051000000000000004
0.051000000000000004
0.051000000000000004
0.051000000000000004
0.051000000000000004
0.051000000000000004
0.051000000000000004
0.18619999999999998
0.22000000000000003
0.22000000000000003
0.22000000000000003
0.15240000000000004
0.0518
0.083
0.354
0.366
0.38999999999999996
0.47700000000000004
0.29399999999999993
0.387
0.399
0.327
0.351
0.42840000000000006
0.5640000000000001
0.52
0.526
0.5612
0.402
1.6416
0.402
0.5494
0.21800000000000003
0.21800000000000003
0.21800000000000003
0.11780000000000002
0.4382
0.371
0.346
0.389
0.341
0.341
0.341
0.34900000000000003
0.53
0.546
0.6198
0.655
0.6024
0.7263999999999999
0.718
0.638
0.562
0.363
0.43760000000000004
0.42800000000000005
0.41200000000000003
0.3578
0.34299999999999997
0.351
0.42679999999999996
0.52
0.544
0.616
0.6998
5.3004
0.051000000000000004
0.0844
0.21800000000000003
0.21800000000000003
0.21800000000000003
0.18460000000000001
0.051000000000000004
0.051000000000000004
0.1186
0.22000000000000003
0.22000000000000003
0.22000000000000003
0.22000000000000003
0.051000000000000004
0.051000000000000004
0.051000000000000004
0.051000000000000004
0.21800000000000003
0.21800000000000003
0.21800000000000003
0.21800000000000003
0.051000000000000004
0.051000000000000004
0.051000000000000004
0.051000000000000004
0.051000000000000004
