0.053000000000000005
0.053000000000000005
0.073
0.16499999999999998
0.6398
1.1326000000000003
0.17499999999999996
0.31400000000000006
0.34199999999999997
0.476
0.476
0.476
0.5848000000000001
0.5012000000000001
0.422
0.446
0.9708
1.3756
0.33399999999999996
0.331
0.363
0.371
0.39499999999999996
0.371
0.3198
0.34219999999999995
0.491
0.491
0.549
0.557
0.293
0.293
0.277
0.21700000000000003
0.193
0.193
0.193
0.193
0.203
0.24299999999999997
0.24299999999999997
0.24299999999999997
0.22240000000000001
0.262
0.262
0.262
0.18280000000000002
0.064
0.064
0.064
0.064
0.064
0.064
0.064
0.064
0.064
0.064
0.064
0.064
0.064
0.064
0.064
0.064
0.064
0.064
0.064
0.064
0.064
0.1432
0.262
0.262
0.262
0.262
0.064
0.064
0.064
0.064
0.064
0.064
0.064
0.064
0.064
0.1036
0.262
0.262
0.262
0.261
0.1146
0.087
5.2989999999999995
0.213
0.213
0.28800000000000003
0.328
0.29000000000000004
0.2796
0.29
0.32599999999999996
0.266
0.28200000000000003
0.40140000000000003
1.3805999999999998
1.0542
0.747
0.732
0.652
0.5528000000000001
0.434
0.812
0.631
2.4716
2.995
2.998
2.8836000000000004
2.8448
1.8262
0.328
0.29200000000000004
0.268
0.268
0.2812
0.301
0.301
0.28900000000000003
0.295
0.499
0.45899999999999996
0.45899999999999996
1.9134
0.3402
1.4098000000000002
1.405
1.2945999999999998
1.267
1.267
1.2406
1.225
1.219
1.2388
1.2795999999999998
0.18280000000000002
0.262
0.262
0.262
0.22240000000000001
0.064
0.064
0.064
0.064
0.064
0.064
0.064
0.064
0.1036
0.262
0.262
0.262
0.262
0.1036
0.064
1.422
1.462
0.248
0.24900000000000003
0.24900000000000003
0.24900000000000003
0.24900000000000003
0.1938
0.1386
0.24900000000000003
0.44699999999999995
0.5494
0.575
0.542
0.41719999999999996
0.329
0.191
0.207
0.231
0.231
0.24380000000000002
0.295
1.8893999999999997
2.286
2.4074
2.569
1.4432
0.534
0.43439999999999995
0.188
0.3216
0.20800000000000002
0.21799999999999997
0.254
0.258
0.248
0.28400000000000003
0.32
0.32
0.38299999999999995
0.4654
0.5878
1.8321999999999998
1.889
1.8806
1.6030000000000002
2.0534
3.126
2.1673999999999998
2.062
2.0300000000000002
3.4875999999999996
1.9868000000000001
1.922
0.9879999999999999
1.0505999999999998
1.053
1.028
0.8470000000000001
0.8019999999999999
0.8248
1.3014
0.307
1.921
2.4086000000000003
2.3630000000000004
2.469
1.2792
0.49800000000000005
1.3923999999999999
2.3552
2.675
2.315
2.1669999999999994
2.3205999999999998
1.1821999999999997
0.5630000000000001
0.599
0.599
0.5791999999999999
0.7018000000000001
0.631
0.6818
0.591
0.591
0.7539999999999999
0.7280000000000001
1.0594
1.7346
1.4234000000000002
1.326
1.35
1.314
1.092
1.112
1.063
1.0749999999999997
1.0989999999999998
0.945
0.655
0.366
0.271
0.5374000000000001
0.759
1.047
1.113
1.1298
0.9113999999999999
0.8304
0.984
0.9359999999999999
0.8964000000000001
0.064
0.064
0.064
0.064
0.064
0.064
0.064
0.064
0.064
0.1432
0.262
0.262
0.262
0.262
0.062
0.054000000000000006
