0.1266
0.258
0.1065333333333333
0.07699999999999999
0.07699999999999999
0.07699999999999999
0.07699999999999999
0.07699999999999999
0.07699999999999999
0.10246666666666666
0.2679999999999999
0.14066666666666666
0.07699999999999999
0.07699999999999999
0.07699999999999999
0.07699999999999999
0.2679999999999999
0.16613333333333333
0.07699999999999999
0.07699999999999999
0.14066666666666666
0.2679999999999999
0.10299999999999998
0.13599999999999998
0.258
0.3274666666666668
0.3942666666666667
0.43693333333333323
1.5554
1.8582
0.3256666666666667
0.3540666666666667
0.47800000000000004
2.1736000000000004
1.1567333333333332
0.36033333333333334
1.5571333333333335
4.452
3.149
2.929466666666666
2.9230666666666663
0.5562666666666665
0.39999999999999997
0.23733333333333342
0.48506666666666665
0.7132666666666669
0.30700000000000005
0.335
0.4517333333333334
0.07699999999999999
0.22979999999999995
0.2043333333333333
0.07699999999999999
0.07699999999999999
0.12793333333333332
0.2679999999999999
0.11519999999999997
0.07699999999999999
0.155
0.22833333333333333
0.22979999999999995
0.2043333333333333
0.07699999999999999
0.07699999999999999
0.11799999999999998
0.29313333333333336
0.7724666666666666
2.4057333333333335
0.3136666666666666
2.6802
0.9103333333333334
0.5097999999999999
2.7580666666666667
2.4830666666666668
1.8156666666666663
1.0800666666666667
0.5093333333333333
0.4156
0.5256
0.6381333333333333
0.7826000000000001
0.6169999999999999
1.9607999999999999
6.001
2.197666666666667
0.7374000000000002
2.6584000000000003
0.6371333333333332
0.6581333333333335
0.7818666666666665
1.0889999999999995
2.130066666666666
3.2045333333333335
3.5145999999999997
3.1576666666666657
2.393666666666666
