0.7098
0.6122
0.5997999999999999
0.2522
0.069
0.069
0.069
0.0576
0.05
0.05
0.05
0.05
0.057999999999999996
0.06
0.06
0.06
0.06
0.06
0.06
0.06
0.2136
0.252
0.252
0.252
0.17520000000000002
0.06
0.06
0.06
0.06
0.06
0.06
0.06
0.06
0.06
0.06
0.0984
0.252
0.252
0.252
0.252
0.0984
0.06
0.06
0.06
0.06
0.06
0.06
0.06
0.06
0.06
0.06
0.2136
0.252
0.252
0.252
0.17520000000000002
0.06
0.06
0.06
0.06
0.06
0.06
0.06
0.06
0.06
0.06
0.06
0.06
0.06
0.06
0.06
0.06
0.06
0.252
0.252
0.252
0.252
0.13680000000000003
0.06
0.06
0.06
0.06
0.06
0.06
0.06
0.06
0.06
0.1752
0.252
0.252
0.252
0.2324
0.158
0.166
0.198
0.23399999999999999
0.258
0.198
0.198
0.262
0.238
0.6298
1.0696
0.298
0.49960000000000004
0.583
0.539
0.5374000000000001
0.3812
0.278
0.33
0.294
0.258
0.254
0.278
0.278
0.278
0.278
1.4534
0.278
0.2852
0.26599999999999996
0.23000000000000004
0.246
0.27
0.31720000000000004
0.362
0.398
1.1816
0.7514000000000001
0.20600000000000002
0.20600000000000002
0.20600000000000002
0.20600000000000002
0.20600000000000002
0.20600000000000002
0.32
0.323
0.335
0.335
0.33340000000000003
0.41259999999999997
0.391
0.39580000000000004
0.4640000000000001
1.5002
2.255
2.255
2.255
1.4747999999999999
0.257
0.257
0.257
0.257
0.257
0.1658
0.2582
0.335
0.3458
0.422
0.4156000000000001
0.23000000000000004
0.3008
0.15
0.17839999999999998
0.1784
0.143
0.2138
0.143
0.2198
0.7028000000000001
0.48979999999999996
0.266
0.278
0.09319999999999999
0.122
0.122
0.122
1.2922
0.10900000000000001
0.10900000000000001
0.10900000000000001
0.10900000000000001
0.10900000000000001
0.2596
0.346
0.4109999999999999
1.5863999999999998
0.3682
0.2774
0.343
0.343
0.35259999999999997
0.403
0.367
0.355
0.371
0.33100000000000007
0.322
0.322
0.3196
1.4854
0.298
0.298
0.3052
0.25
0.21000000000000002
0.27840000000000004
0.324
0.324
0.324
0.308
0.324
0.28619999999999995
0.41100000000000003
0.487
0.44699999999999995
0.5286
0.335
0.3566
0.43359999999999993
0.583
0.683
0.719
0.6746000000000001
0.6199999999999999
0.554
0.554
0.5376000000000001
0.585
0.591
0.591
0.5142
0.395
0.158
0.1328
0.125
0.14900000000000002
0.197
0.2242
0.321
0.304
0.286
0.35479999999999995
0.47400000000000003
0.49800000000000005
0.548
0.568
0.376
0.46420000000000006
0.441
0.34099999999999997
0.347
0.355
0.3054
0.24700000000000003
0.231
0.42299999999999993
0.43739999999999996
0.491
0.46699999999999997
0.44980000000000003
0.341
0.3518
0.378
0.386
0.357
0.395
0.381
0.16440000000000002
0.06
0.06
0.06
0.06
0.06
0.06
0.06
0.06
0.06
0.13679999999999998
0.252
0.252
0.252
0.252
0.06
0.06
0.06
0.06
