0.0856
0.1156
0.17319999999999997
0.17639999999999997
0.17839999999999998
0.18319999999999997
0.11320000000000001
0.11199999999999999
0.22840000000000002
0.196
0.2748
0.349
0.33499999999999996
0.279
0.327
0.367
0.3874
0.6154000000000001
0.281
0.26020000000000004
0.1884
0.1248
0.1272
0.168
0.16560000000000002
0.162
0.182
0.22200000000000003
0.162
0.2022
0.38360000000000005
0.5980000000000001
0.37499999999999994
0.32680000000000003
0.242
0.22200000000000003
1.1616
0.6930000000000002
0.21200000000000002
0.236
0.194
0.17479999999999998
0.22279999999999997
0.186
0.154
0.2624
0.4466
0.409
0.489
0.3846
0.22000000000000003
0.16
0.184
0.272
0.29600000000000004
0.32
0.3104
0.38580000000000003
0.28500000000000003
0.261
0.402
0.402
0.402
0.402
0.2722
0.295
0.295
0.2694
0.223
0.17519999999999997
0.13
3.522
1.8836000000000002
0.271
0.271
0.271
0.21820000000000003
0.136
0.1588
0.1972
0.2084
0.28600000000000003
0.32599999999999996
1.2308
2.642
2.6702
3.3091999999999997
2.807
2.823
0.44279999999999997
0.437
0.44420000000000004
0.4262
0.3926
0.383
0.395
0.34299999999999997
0.295
0.4358000000000001
0.4664
0.489
0.5658000000000001
0.5202
0.45600000000000007
0.45600000000000007
0.8824
0.361
0.373
0.33699999999999997
0.301
0.301
0.301
0.31199999999999994
0.336
0.336
0.336
1.7454
0.336
0.336
0.346
2.397
2.3474000000000004
2.472
2.472
0.4109999999999999
0.5193999999999999
2.3068
3.0268
2.557
2.6134
2.3014
0.715
0.715
0.6481999999999999
0.561
0.553
0.521
0.48460000000000003
0.43
0.43479999999999996
0.41800000000000004
0.414
0.555
2.0352
0.555
0.5622
0.4835999999999999
0.4104
0.21479999999999996
0.144
0.144
0.4128
0.4122
0.072
0.072
0.072
0.072
0.072
0.1848
0.213
0.213
0.213
0.1002
0.072
0.072
0.072
0.072
0.072
0.072
0.072
0.072
0.072
0.072
0.072
0.072
0.072
0.072
0.072
0.072
0.072
0.213
0.213
0.213
0.213
0.072
0.072
0.072
0.072
0.072
0.072
0.072
0.072
0.072
0.072
0.1848
0.213
0.213
0.213
0.3042
0.2996
0.40099999999999997
0.6634
0.389
0.40780000000000005
0.4234
0.4082
0.3902
0.8254000000000001
2.535
2.6748000000000003
2.7228000000000003
0.63
0.8371999999999999
0.45380000000000004
0.509
0.641
0.6186
0.621
0.621
0.621
2.749
2.7466
2.7009999999999996
0.9818000000000001
0.6454000000000001
0.6154
0.601
0.5818
0.637
0.6314
0.7136
0.8156000000000001
0.656
0.596
0.5434
0.5042
0.536
2.0294
0.6
0.596
0.6248
0.6880000000000001
0.7608
1.2622
0.728
5.826
0.738
0.7328
0.7314
0.6594
0.5761999999999999
0.589
1.8694
2.7326
2.707
1.8133999999999997
0.5282
0.5514
0.5398000000000001
0.682
0.682
0.64
0.6664
0.42699999999999994
0.363
0.33659999999999995
0.38180000000000003
0.3598
0.355
0.34219999999999995
0.21939999999999998
0.2768
0.22800000000000004
0.23279999999999998
0.3338
0.6080000000000001
1.5275999999999998
1.017
0.4596
0.375
0.3786
0.381
0.3614
0.3336
0.258
0.229
0.24100000000000002
0.205
