0.191
0.25
2.0667999999999997
2.518
0.179
0.11000000000000001
0.064
0.064
0.07200000000000001
0.074
0.074
0.074
0.074
0.074
0.074
0.074
0.12
0.189
0.189
0.189
0.097
0.074
0.074
0.074
0.074
0.074
0.074
0.074
0.074
0.12
0.189
0.189
0.189
0.097
0.074
0.074
0.074
0.074
0.074
0.074
0.074
0.074
0.074
0.074
0.074
0.074
0.074
0.074
0.074
0.189
0.189
0.189
0.14299999999999996
0.074
0.074
0.074
0.074
0.074
0.074
0.074
0.074
0.074
0.074
0.074
2.4210000000000003
2.4972000000000003
2.4972000000000003
1.5836000000000001
0.132
0.213
0.24900000000000003
0.2706
0.3714
0.381
0.481
0.4826
0.433
0.385
0.32499999999999996
0.30999999999999994
0.372
0.4
0.4508
6.297199999999999
0.43420000000000003
0.35619999999999996
0.38499999999999995
0.335
0.335
0.335
0.28700000000000003
0.2772
4.1588
2.2223999999999995
0.31599999999999995
0.5050000000000001
1.8417999999999999
1.0618
1.4702000000000002
0.6315999999999999
0.6960000000000001
0.683
0.671
0.7504
0.792
0.728
0.728
0.7598
0.074
0.074
0.074
0.074
0.074
0.074
0.074
0.074
0.074
0.074
0.074
0.074
0.074
0.074
0.074
0.074
0.074
0.074
0.074
0.074
0.074
0.074
0.074
0.074
0.074
0.189
0.189
0.189
0.14299999999999996
0.074
0.074
0.074
0.074
0.074
0.074
0.074
0.074
0.074
0.097
0.189
0.189
0.189
0.12
0.074
0.074
0.074
0.074
0.074
0.074
0.074
0.166
0.189
0.189
0.16599999999999998
0.074
0.074
0.074
0.074
0.074
0.074
0.074
0.074
0.074
0.12
0.189
0.189
0.189
0.097
0.074
0.074
0.074
0.074
0.074
0.074
0.074
0.074
0.074
0.074
0.074
0.074
0.074
0.166
0.189
0.189
0.16599999999999998
0.074
0.074
0.074
0.074
0.074
0.074
0.074
0.074
0.074
0.097
0.189
0.189
0.189
0.12
0.074
0.074
0.074
0.074
0.074
0.2938
0.273
0.31880000000000003
0.48699999999999993
1.7137999999999998
0.503
0.503
0.4986
0.36899999999999994
0.346
0.46399999999999997
0.3398
0.287
0.287
0.257
0.273
0.3346
0.34800000000000003
0.4208
0.44800000000000006
0.4232
0.4242
0.433
0.46499999999999997
0.533
0.6881999999999999
0.603
0.44139999999999996
0.355
0.44160000000000005
0.6239999999999999
0.45600000000000007
0.44880000000000003
0.3194
0.35059999999999997
0.47779999999999995
0.46340000000000003
0.5004000000000001
0.56
0.6422000000000001
0.6474
0.607
0.5974
0.595
0.564
0.597
1.5442
1.0752
0.6804
0.794
0.768
0.6661999999999999
0.45899999999999996
0.42300000000000004
0.387
0.43499999999999994
0.314
0.3476
0.4222
0.41500000000000004
0.5439999999999999
0.4476
0.074
0.074
0.074
0.074
0.074
0.14300000000000002
0.189
0.189
0.189
0.074
0.074
0.074
0.074
0.074
