0.072
0.072
0.072
0.09239999999999998
0.17399999999999996
0.14293333333333333
0.2240000000000001
0.072
0.072
0.09919999999999997
0.28880000000000006
0.17333333333333337
0.072
0.072
0.072
0.21093333333333333
0.2784000000000001
0.072
0.072
0.072
0.072
0.23453333333333334
0.2548000000000001
0.072
0.15059999999999998
2.0574000000000003
0.3777333333333333
0.30226666666666663
0.2406666666666667
0.22199999999999998
0.35226666666666673
0.5980000000000001
2.2671333333333337
2.473866666666666
0.8863333333333331
0.5327999999999999
2.546333333333334
1.3551333333333337
0.6860666666666667
1.4566000000000001
0.6386000000000001
0.6060000000000001
0.8737333333333331
0.6497333333333335
0.6020000000000001
0.7447999999999998
0.072
0.21760000000000002
0.2717333333333334
0.072
0.072
0.11959999999999997
0.21773333333333336
0.4126666666666666
0.21500000000000002
0.3532666666666666
0.36580000000000007
0.8893333333333335
0.28120000000000006
0.2833333333333333
0.2833333333333333
0.23666666666666666
0.4844
0.6174000000000001
0.5691333333333334
0.5470000000000002
0.4163333333333334
0.3710666666666667
0.8560666666666666
0.5937333333333332
0.4267999999999999
0.39073333333333327
0.5303333333333333
0.6804666666666667
1.1862666666666668
0.6484666666666666
0.7251999999999998
0.8363999999999998
0.8984666666666665
0.9509999999999998
0.8881333333333333
0.7513333333333334
0.8196
0.9203333333333334
1.067866666666667
1.3809333333333338
0.845
0.7979999999999998
1.0873333333333333
1.1356666666666668
0.7489333333333331
0.6493333333333333
1.0792
0.7956666666666669
0.9696666666666665
1.0781999999999994
