0.067
0.067
0.132
0.192
0.132
0.132
0.132
0.132
0.132
0.132
0.059
0.059
0.059
0.059
0.059
0.059
0.059
0.059
0.059
0.059
0.059
0.059
0.059
0.059
0.059
0.059
0.059
0.059
0.059
0.059
0.059
0.059
0.059
0.059
0.059
0.059
0.059
0.059
0.059
0.059
0.069
0.069
0.069
0.069
0.069
0.069
0.069
0.069
0.069
0.069
0.069
0.069
0.069
0.069
0.069
0.069
0.069
0.069
0.069
0.069
0.069
0.069
0.069
0.069
0.069
0.069
0.069
0.069
0.069
0.069
0.069
0.069
0.069
0.069
0.069
0.069
0.069
0.069
0.069
0.069
0.069
0.069
0.069
0.069
0.069
0.069
0.069
0.069
0.069
0.069
0.069
0.069
0.069
0.069
0.069
0.069
0.069
0.069
0.069
0.069
0.069
0.069
0.069
0.069
0.069
0.069
0.069
0.069
0.069
0.069
0.069
0.069
0.069
0.069
0.069
0.069
0.069
0.069
0.069
0.069
0.188
0.188
0.188
0.188
0.188
0.188
0.188
0.188
0.188
0.188
0.188
0.188
0.188
0.188
0.188
0.188
0.188
0.188
0.069
0.069
0.069
0.069
0.069
0.069
0.069
0.069
0.069
0.069
0.069
0.069
0.069
0.069
0.069
0.069
0.069
0.069
0.069
0.069
0.069
0.069
0.069
0.069
0.069
0.069
0.069
0.069
0.069
0.069
0.069
0.069
0.069
0.069
0.069
0.069
0.069
0.069
0.069
0.069
0.069
0.069
0.069
0.069
0.069
0.069
0.069
0.069
0.069
0.069
0.069
0.069
0.069
0.069
0.069
0.069
0.069
0.069
0.069
0.069
0.188
0.188
0.188
0.188
0.188
0.188
0.188
0.188
0.188
0.188
0.188
0.188
0.188
0.188
0.188
0.188
0.188
0.188
0.069
0.069
0.069
0.069
0.069
0.069
0.069
0.069
0.069
0.069
0.069
0.069
0.069
0.069
0.069
0.069
0.069
0.069
0.069
0.069
0.069
0.069
0.069
0.069
0.069
0.069
0.069
0.069
0.069
0.069
0.069
0.069
0.069
0.069
0.069
0.069
0.069
0.069
0.069
0.069
0.069
0.069
0.069
0.069
0.069
0.069
0.069
0.069
0.188
0.188
0.188
0.188
0.188
0.188
0.188
0.188
0.188
0.188
0.188
0.188
0.188
0.188
0.188
0.188
0.188
0.188
0.069
0.069
0.069
0.069
0.069
0.069
0.069
0.069
0.069
0.069
0.069
0.069
0.069
0.069
0.069
0.069
0.069
0.069
0.069
0.069
0.069
0.069
0.069
0.069
0.069
0.069
0.069
0.069
0.069
0.069
0.069
0.069
0.069
0.069
0.069
0.069
0.069
0.069
0.069
0.069
0.069
0.069
0.069
0.069
0.069
0.069
0.069
0.069
0.069
0.188
0.188
0.188
0.188
0.188
0.188
0.188
0.188
0.188
0.188
0.188
0.188
0.188
0.188
0.188
0.188
0.188
0.188
0.069
0.069
0.069
0.069
0.069
0.069
0.069
0.069
0.069
0.069
0.069
0.067
0.067
0.067
0.067
0.127
0.127
0.127
0.127
0.187
0.202
0.202
0.202
0.202
0.202
0.202
0.142
0.142
0.142
0.142
0.142
0.142
0.142
0.142
0.182
0.182
0.182
0.182
0.182
0.252
0.252
0.252
0.252
0.252
0.261
0.38
0.38
0.38
0.371
0.371
0.371
0.411
0.411
0.411
0.371
0.301
0.301
0.301
0.301
0.301
0.301
0.301
0.301
0.182
0.182
0.182
0.182
0.182
0.252
0.222
0.222
0.282
0.282
0.282
0.282
0.282
0.282
8.488
8.488
8.488
0.227
0.292
0.292
0.227
0.227
0.227
0.227
0.227
0.227
0.227
0.227
0.236
2.299
2.229
2.229
0.236
0.236
0.306
0.306
0.306
0.266
0.196
0.196
0.196
0.196
0.196
0.196
0.196
0.196
0.196
0.196
0.256
0.211
0.211
0.211
0.281
0.281
0.281
0.281
0.281
0.413
0.413
0.413
0.532
0.532
0.532
0.532
0.532
0.532
0.532
0.532
0.462
0.462
0.462
0.462
0.462
0.462
0.462
0.462
0.453
0.453
0.334
0.334
0.343
0.343
0.334
0.334
0.334
0.334
0.334
0.334
0.334
0.334
0.334
0.343
0.343
0.334
0.334
0.334
0.334
0.334
0.452
0.452
0.452
0.452
0.492
0.501
0.534
8.731
8.731
8.731
0.465
0.41
0.41
0.419
0.359
2.545
2.615
2.545
2.545
2.605
2.605
2.605
2.605
2.596
2.596
2.596
2.596
2.596
2.596
2.596
2.536
0.35
0.35
0.534
0.534
0.469
0.469
0.469
0.529
0.529
0.529
0.469
2.462
2.462
2.462
0.469
0.469
0.469
0.469
0.469
0.469
0.35
0.35
0.35
0.35
0.35
0.35
0.35
0.35
0.35
0.35
0.35
0.35
0.35
0.365
0.365
0.365
0.365
0.365
0.365
0.365
0.365
0.365
0.365
0.365
0.437
0.437
0.437
0.437
0.404
0.404
0.404
0.404
2.387
2.387
2.387
2.387
2.387
2.387
2.387
2.387
2.387
2.387
2.387
2.387
2.387
2.42
2.42
2.42
2.42
2.42
2.42
2.42
2.42
0.437
0.437
0.437
0.437
0.437
0.437
0.437
0.437
0.437
0.437
0.437
0.437
0.437
0.437
0.437
0.437
0.437
0.437
0.437
0.437
0.422
0.422
0.422
0.422
0.422
0.422
0.422
2.415
2.415
2.297
0.304
0.304
0.304
0.304
0.304
0.304
0.304
0.304
0.304
0.304
0.304
0.304
0.304
0.304
0.313
0.313
0.313
0.313
0.313
0.313
0.432
0.432
0.432
0.432
0.432
0.432
0.432
0.432
0.432
0.432
0.432
0.432
0.432
0.609
0.609
0.408
0.408
0.399
0.35
0.35
0.35
0.35
0.35
0.35
0.35
0.35
0.527
0.527
0.35
0.35
0.35
0.35
0.35
0.35
0.35
0.35
0.365
0.365
0.365
0.542
0.542
0.365
0.365
0.365
0.365
0.365
0.365
0.365
0.365
0.365
0.365
0.365
0.542
0.542
0.86
0.86
0.86
0.86
0.86
0.293
0.293
0.293
0.293
0.293
0.293
0.293
0.293
0.284
0.284
0.284
0.403
0.403
0.403
0.403
0.403
0.403
0.403
0.403
0.403
0.333
0.333
0.333
0.333
0.333
0.333
0.333
0.333
0.333
0.214
0.214
0.214
0.214
0.214
0.214
0.214
0.214
0.199
0.199
0.199
0.199
0.199
0.199
0.199
0.199
0.199
0.067
0.067
0.067
0.067
0.067
0.067
0.067
0.067
0.067
0.067
0.067
0.067
0.067
0.067
0.067
0.067
0.067
0.067
0.067
0.067
0.067
0.067
0.067
0.067
0.067
0.067
0.067
0.067
0.067
0.067
0.067
0.067
0.067
2.06
2.06
2.13
0.137
0.137
0.137
0.137
0.137
0.137
0.137
0.137
0.137
0.137
0.137
0.137
0.137
0.137
0.137
0.137
0.137
0.137
0.067
0.067
0.067
0.067
0.067
0.067
0.067
0.067
0.067
0.067
0.067
0.067
0.067
0.067
0.067
0.067
0.067
0.067
0.067
0.067
0.185
0.185
0.185
0.185
0.185
0.185
0.185
0.185
0.185
0.185
0.185
0.185
0.185
0.185
0.304
0.304
0.304
0.304
0.304
0.304
0.304
0.304
0.304
0.304
0.304
0.304
0.304
0.304
0.304
1.284
1.284
1.284
0.185
0.185
0.185
0.185
0.185
0.185
0.185
0.185
0.067
0.067
0.067
0.067
0.067
0.067
0.067
0.067
0.067
0.076
0.076
0.076
0.076
0.076
0.076
0.076
0.076
0.076
0.076
0.076
0.076
0.076
0.146
0.146
0.137
0.137
0.137
0.137
0.177
0.177
0.177
0.177
0.177
0.217
0.217
0.217
0.277
0.237
0.237
0.237
0.237
0.237
0.237
0.237
0.237
0.237
0.237
0.237
0.356
0.356
0.356
0.356
0.356
0.356
0.356
0.356
0.356
0.356
0.356
0.356
0.356
0.356
0.296
0.226
0.226
0.226
0.116
0.116
0.116
0.116
0.076
0.076
0.136
0.136
0.136
0.196
0.196
0.136
0.136
0.076
0.076
0.076
0.076
0.076
2.069
2.069
2.069
0.091
0.091
0.151
0.151
0.151
0.151
0.151
0.091
0.091
0.151
0.269
0.269
0.339
0.339
0.269
0.269
0.329
0.329
0.389
0.329
0.329
0.329
0.329
0.329
0.329
0.399
0.419
0.399
0.399
0.399
0.399
0.399
0.399
0.399
0.518
2.704
2.769
2.769
2.769
2.769
2.709
2.709
2.591
2.591
2.591
2.591
2.591
2.591
2.591
2.591
2.591
0.368
0.249
0.249
0.249
0.249
0.249
0.249
0.224
0.224
0.2
0.2
0.2
0.2
0.2
0.209
0.209
0.209
0.229
0.229
0.229
0.229
0.229
2.222
2.222
2.292
0.29
0.29
0.299
0.299
0.299
0.299
0.299
0.239
0.239
0.239
0.239
0.279
0.304
0.304
0.304
0.304
0.304
0.304
0.304
0.304
0.304
0.304
0.304
0.304
0.304
0.304
0.423
0.423
0.423
0.423
0.423
0.423
0.423
0.423
0.423
0.358
0.358
0.358
0.358
0.358
2.544
2.604
2.604
2.604
2.485
2.485
2.485
2.415
2.382
2.382
2.382
2.491
2.491
2.491
2.491
2.491
0.437
0.497
0.497
0.557
0.557
0.622
0.622
0.622
0.631
0.631
0.571
0.453
0.453
0.462
0.453
0.444
0.444
0.444
0.444
0.514
0.514
0.514
0.514
0.514
0.514
0.514
0.514
0.394
0.394
0.394
0.394
0.394
0.394
0.394
2.387
2.387
2.387
0.394
0.394
0.394
0.394
1.434
1.434
1.443
0.472
0.463
0.463
0.463
0.463
0.463
0.463
0.463
0.463
0.463
0.472
0.565
0.565
0.565
0.565
0.565
0.565
0.565
0.565
0.565
0.565
0.565
0.565
0.565
0.565
0.565
0.684
0.684
0.684
0.684
0.684
0.684
0.684
0.675
0.675
0.675
0.615
0.615
0.615
0.615
0.615
0.615
0.615
0.615
0.614
0.614
0.614
0.614
0.614
0.614
0.614
0.614
0.614
0.614
0.614
0.614
0.674
0.683
0.683
0.683
0.743
0.743
0.743
0.683
0.683
0.683
0.613
0.613
0.683
0.683
0.623
0.623
0.663
0.654
0.614
0.674
0.674
0.674
0.674
0.674
0.714
0.754
0.763
0.763
0.73
0.73
0.73
0.73
0.612
0.612
0.612
0.612
0.612
0.547
0.547
0.547
0.547
0.547
0.547
0.547
0.547
0.547
0.547
0.538
0.598
0.538
0.538
0.538
0.468
0.501
0.501
0.619
0.559
0.559
0.441
0.56
0.6
0.56
0.63
0.63
0.639
0.639
0.639
0.639
0.639
0.599
0.599
0.599
0.599
0.608
0.608
0.608
0.608
0.489
0.489
0.48
0.48
0.48
0.48
0.48
0.48
0.545
0.545
0.545
0.545
0.545
0.545
0.545
0.545
0.505
0.505
0.505
0.505
0.505
0.505
0.496
0.436
0.436
0.436
0.436
0.436
0.436
0.436
0.436
0.436
0.436
0.436
0.436
0.436
0.436
0.436
0.436
0.436
0.436
0.436
0.436
0.436
0.436
0.436
0.436
0.436
0.436
0.522
0.522
0.522
0.522
0.562
0.562
0.522
0.522
0.522
0.522
0.522
0.522
0.522
0.522
0.522
0.522
0.522
0.522
0.443
0.443
0.443
0.443
0.443
0.443
0.443
0.561
0.521
0.521
0.521
0.521
0.521
0.521
0.521
0.521
2.514
2.505
2.505
0.512
0.512
0.512
0.512
0.512
0.512
0.512
0.576
0.576
0.458
0.458
0.458
0.458
0.458
0.458
0.458
0.458
0.458
0.398
0.398
0.398
0.398
0.398
0.398
0.398
0.398
0.754
0.754
0.754
0.754
0.516
0.516
0.516
0.516
0.516
0.576
0.516
0.206
0.206
0.206
0.206
0.206
0.206
0.206
0.206
0.206
0.206
0.206
0.266
0.266
0.266
0.266
0.266
0.266
0.266
0.257
0.257
0.257
0.257
0.257
0.257
0.257
0.257
0.376
0.494
0.494
0.494
0.554
0.554
0.554
0.554
0.554
0.554
0.554
0.554
