0.071
0.063
0.063
0.063
0.063
0.063
0.065
0.073
0.073
0.073
0.073
0.073
0.073
0.073
0.073
0.073
0.073
0.073
0.25
0.25
0.25
0.25
0.14379999999999998
0.073
0.073
0.073
0.073
0.073
0.073
0.073
0.073
0.073
0.073
0.073
0.073
0.073
0.073
0.073
0.073
0.073
0.073
0.1792
0.25
0.25
0.25
0.21459999999999999
0.073
0.073
0.073
0.073
0.073
0.073
0.073
0.073
0.14379999999999998
0.25
0.25
0.25
0.25
0.073
0.073
0.073
0.073
0.073
0.073
0.073
0.073
0.073
0.073
0.073
0.073
0.073
0.073
0.073
0.073
0.073
0.073
0.073
0.073
0.073
0.073
0.073
0.1792
0.25
0.25
0.25
0.21459999999999999
0.073
0.073
0.073
0.073
0.073
0.073
0.073
0.073
0.073
0.073
0.25
0.25
0.25
0.25
0.14379999999999998
0.073
0.073
0.073
0.073
0.073
0.073
0.073
0.073
0.14379999999999998
0.25
0.36740000000000006
0.397
0.397
0.22000000000000003
0.22000000000000003
0.22000000000000003
0.22000000000000003
0.22000000000000003
0.22000000000000003
0.22000000000000003
0.22000000000000003
0.22000000000000003
0.24900000000000003
0.24900000000000003
0.24900000000000003
0.24900000000000003
0.14279999999999998
0.0756
0.072
0.072
0.07759999999999997
0.086
0.086
0.086
0.5247999999999999
0.9636000000000001
0.086
0.086
0.086
0.086
0.086
0.086
0.0804
0.072
1.3884
0.072
0.2136
0.24900000000000003
0.24900000000000003
0.24900000000000003
0.17819999999999997
1.4044
0.092
0.092
0.092
0.1216
0.24
0.24
0.277
0.261
0.4126
0.44800000000000006
1.9183999999999997
2.286
2.2152000000000003
2.109
0.073
0.073
0.073
0.073
0.073
0.073
0.073
0.073
0.073
0.073
0.073
0.073
0.073
0.073
0.073
0.073
0.073
0.073
0.25
0.25
0.8558
0.609
0.5168
0.43200000000000005
2.4539999999999997
3.7802
2.5702000000000003
2.6019999999999994
2.5423999999999998
1.3394
0.5556
0.7176000000000001
0.717
0.733
0.669
0.6182
0.968
1.703
1.7289999999999999
1.7450000000000003
1.749
1.7658
1.816
2.2788
2.7114
1.847
1.815
1.916
1.6422
0.969
0.9202
0.8469999999999999
0.7114
0.6422000000000001
0.527
0.5528000000000001
0.644
0.64
0.677
0.6682
0.5927999999999999
0.6264
0.768
0.768
0.768
0.768
0.6164
0.54
0.528
0.5262
0.073
0.073
0.073
0.073
0.073
0.073
0.073
0.25
0.25
0.25
0.25
0.14379999999999998
0.073
0.073
0.073
0.073
0.073
0.073
0.073
0.073
0.073
0.073
0.073
0.073
0.25
0.25
0.25
0.25
0.14379999999999998
0.073
0.073
0.073
0.073
0.073
0.073
0.073
0.073
0.073
0.10840000000000001
0.25
0.25
0.25
0.25
0.10840000000000001
0.073
0.073
0.073
0.073
0.073
0.073
