0.05800000000000001
0.13720000000000002
0.256
0.256
0.256
0.258
0.068
0.068
0.068
0.068
0.068
0.068
0.0984
0.30480000000000007
0.326
0.326
0.27440000000000003
0.068
0.068
0.266
0.266
0.266
0.266
0.14720000000000005
0.068
0.068
0.068
0.068
0.068
0.068
0.068
0.068
0.22640000000000002
0.266
0.372
0.372
0.2928
0.13160000000000002
0.068
0.068
0.068
0.068
0.1896
0.22000000000000003
0.22000000000000003
0.22000000000000003
0.09840000000000002
0.174
0.2928
0.372
0.3296
0.266
0.22640000000000002
0.068
0.068
0.068
0.068
0.0892
0.174
0.174
0.174
0.11040000000000001
0.068
0.068
0.266
0.266
0.266
0.266
0.2384
0.22000000000000003
0.22000000000000003
0.22000000000000003
0.12880000000000003
0.068
0.068
0.068
0.068
0.068
0.18680000000000002
0.30839999999999995
0.372
0.372
0.3324
0.0892
0.068
0.0984
0.22000000000000003
0.22000000000000003
0.22000000000000003
0.1896
0.068
0.068
0.10800000000000001
0.10800000000000001
0.156
0.4474
0.501
0.487
0.511
0.5893999999999999
0.501
0.5262
0.5469999999999999
0.3894
0.44000000000000006
0.4194
1.4942
0.348
0.312
0.312
0.312
0.6236
0.789
0.789
0.418
0.2872
0.068
0.068
0.068
0.068
0.068
0.068
0.068
0.0984
0.22000000000000003
0.2992
0.4816
0.4936
0.372
0.372
0.068
0.068
0.068
0.068
0.068
0.068
0.46060000000000006
0.491
0.4992
0.584
1.2466
0.63
0.5664
0.524
0.48440000000000005
0.326
0.326
0.33799999999999997
0.35000000000000003
0.326
0.326
0.326
0.326
0.326
0.3868
0.4779999999999999
0.5898
0.7933999999999999
0.49479999999999996
0.497
0.497
0.497
0.477
0.199
0.199
1.3041999999999998
0.199
0.4338
0.4946
0.363
0.363
0.2838
0.2802
0.329
0.4837999999999999
0.587
0.49139999999999995
0.28800000000000003
0.3324
0.168
0.101
0.101
0.11300000000000002
0.18380000000000002
0.17519999999999997
0.36519999999999997
0.371
0.36400000000000005
0.4856
0.44139999999999996
0.41500000000000004
0.391
0.266
0.1076
0.068
0.068
0.068
0.068
0.068
0.15919999999999998
0.22000000000000003
0.22000000000000003
0.22000000000000003
0.12880000000000003
0.068
0.068
0.068
0.068
0.068
0.1288
0.42400000000000004
0.6534
1.1084
1.4652
0.6516
0.6016
0.4264
0.485
0.509
0.509
0.509
0.509
0.068
0.266
0.42699999999999994
0.6352
0.782
0.6232000000000001
0.558
0.6436
0.581
0.6769999999999999
0.724
0.804
0.7615999999999999
0.6332
0.626
0.5582
0.8708
0.594
0.5529999999999999
0.5105999999999999
0.414
0.384
0.42299999999999993
0.46099999999999997
0.497
0.461
0.6066
0.765
0.8640000000000001
0.7096
0.7114
0.6905999999999999
0.7066000000000001
0.741
0.7362
0.7706000000000001
0.8610000000000001
0.881
0.9446
0.8654
0.835
0.8710000000000001
0.789
0.754
0.7506000000000002
0.7529999999999999
0.771
1.8561999999999999
0.8230000000000001
0.8230000000000001
0.22000000000000003
0.2624
0.174
0.174
0.174
0.0892
0.068
0.068
0.068
0.068
0.068
0.22640000000000002
0.266
0.3296
0.372
0.2908
