0.05600000000000001
0.05600000000000001
0.05600000000000001
0.05600000000000001
0.06000000000000001
0.066
0.262
0.262
0.22280000000000003
0.066
0.066
0.066
0.066
0.066
0.066
0.066
0.066
0.066
0.22360000000000002
0.263
0.263
0.263
0.1842
0.066
0.066
0.066
0.066
0.066
0.066
0.066
0.066
0.1836
0.262
0.262
0.1052
0.1842
0.263
0.263
0.263
0.22360000000000002
0.066
0.066
0.066
0.066
0.066
0.066
0.1444
0.262
0.262
0.14440000000000003
0.066
0.066
0.263
0.263
0.263
0.263
0.14480000000000004
0.066
0.066
0.066
0.066
0.066
0.066
0.1444
0.262
0.262
0.14440000000000003
0.066
0.066
0.14479999999999998
2.0572
1.2696
0.41
0.394
0.17300000000000001
0.177
0.191
0.191
0.1052
0.262
0.262
0.18360000000000004
0.065
0.11299999999999999
0.185
0.28099999999999997
0.4506
0.501
0.5149999999999999
0.497
0.4782
0.388
0.38639999999999997
0.40599999999999997
1.6317999999999997
2.393
2.2950000000000004
2.325
1.6878
0.49099999999999994
0.475
0.317
0.311
0.391
0.48599999999999993
0.67
0.335
0.335
0.335
0.1774
0.138
0.2088
0.138
0.1734
0.1734
0.334
0.4048
0.29480000000000006
0.138
0.6634
0.48979999999999996
0.263
0.263
0.1842
0.066
0.066
0.066
0.066
0.066
0.066
0.066
0.066
0.066
0.22280000000000003
0.262
0.262
0.066
0.066
0.066
0.22360000000000002
0.263
0.263
0.263
0.1842
0.066
0.066
0.066
0.066
0.066
0.22280000000000003
0.262
0.262
0.066
0.066
0.22360000000000002
0.263
0.276
1.1196
0.619
0.079
0.079
0.079
0.066
0.066
0.066
0.1052
0.262
0.262
0.18360000000000004
0.066
0.066
0.263
0.263
0.263
0.263
0.14480000000000004
0.066
0.066
0.066
0.066
0.091
0.175
0.2158
0.34099999999999997
0.4686
0.35120000000000007
0.3534
0.395
0.3162
0.21400000000000002
0.21000000000000002
0.198
0.22359999999999997
0.2508
0.33
0.33
0.358
0.374
0.066
0.066
0.34140000000000004
0.45899999999999996
0.45899999999999996
0.3414
0.14480000000000004
0.066
0.066
0.066
0.066
0.066
0.066
0.066
0.066
0.066
0.066
0.22360000000000002
0.263
0.263
0.263
0.1842
0.066
0.066
0.1052
0.262
0.262
0.18360000000000004
0.066
0.066
0.1842
0.263
0.263
0.263
0.22360000000000002
0.066
0.066
0.066
0.1052
0.262
0.262
0.18360000000000004
0.066
0.066
0.066
0.066
0.066
0.066
0.066
0.066
0.066
0.066
0.066
0.263
0.38060000000000005
0.45899999999999996
0.45899999999999996
0.18400000000000002
0.10799999999999998
0.098
0.152
0.1262
0.065
0.1834
0.309
0.32220000000000004
0.242
0.29
0.274
0.292
0.3368
0.292
0.3312
0.488
0.5
0.37960000000000005
0.262
0.31000000000000005
0.066
0.066
0.14479999999999998
0.263
0.263
0.263
0.263
0.066
0.066
0.1052
0.258
0.252
