1.0368666666666668
0.7405999999999999
0.3875333333333332
0.05300000000000002
0.05300000000000002
0.06299999999999997
0.19960000000000003
0.3049333333333334
0.2690000000000001
0.09046666666666663
0.12506666666666663
0.17826666666666668
0.19553333333333336
0.06299999999999997
0.08073333333333331
0.19600000000000004
0.08959999999999996
0.2415333333333334
0.18660000000000013
0.15166666666666667
0.1516666666666667
0.06299999999999997
0.3182
0.24246666666666675
0.06299999999999997
0.06299999999999997
0.2719333333333333
0.23366666666666663
0.29819999999999997
0.41466666666666663
0.6145333333333334
0.5236000000000001
0.4494666666666666
0.45666666666666644
0.4924666666666668
0.8609999999999999
0.5283999999999999
0.287
0.2185333333333334
0.16053333333333336
0.14540000000000003
0.2690000000000001
0.08559999999999997
0.3190666666666667
0.10793333333333328
0.22780000000000009
0.20033333333333345
0.1694
0.26646666666666674
0.06299999999999997
0.15913333333333338
0.2690000000000001
0.12506666666666663
0.28240000000000004
0.09139999999999995
0.06299999999999997
0.06299999999999997
0.2633333333333333
0.3982666666666666
0.22719999999999999
0.1553333333333333
0.18199999999999997
0.39586666666666664
0.6478666666666667
1.104466666666667
2.7494
1.4713333333333334
0.8573999999999997
0.7833333333333331
1.1178
2.919666666666666
2.3412
2.0764666666666667
1.9388666666666663
0.6756
0.7081333333333333
0.5709333333333332
0.7838666666666665
0.5505333333333334
0.45519999999999994
0.7644666666666668
0.5478666666666665
0.9472666666666668
0.6156666666666667
0.6481333333333335
0.8056666666666669
1.1698
0.7705999999999998
0.6660000000000001
0.7075999999999999
2.3832
0.15766666666666673
0.18713333333333335
0.11619999999999996
0.2690000000000001
0.15913333333333343
