0.075
0.069
0.065
0.1766
0.251
0.251
0.251
0.2198
0.075
0.075
0.075
0.075
0.075
0.075
0.075
0.075
0.075
0.075
0.075
0.075
0.261
0.261
0.261
0.261
0.14939999999999998
0.075
0.075
0.075
0.075
0.075
0.075
0.075
0.075
0.075
0.075
0.2238
0.261
0.261
0.261
0.1866
0.075
0.075
0.075
0.075
0.075
0.075
0.075
0.075
0.075
0.075
0.075
0.075
0.075
0.075
0.075
0.1494
0.261
0.261
0.261
0.261
0.075
0.075
0.075
0.075
0.075
0.075
0.075
0.075
0.075
0.075
0.075
0.2238
0.261
0.261
0.261
0.1866
0.075
0.075
0.075
0.075
0.075
0.075
0.075
0.075
0.075
0.2238
0.336
0.42000000000000004
0.524
0.4856000000000001
0.317
0.27799999999999997
0.202
0.209
0.209
0.221
0.269
0.2746
0.075
0.075
0.075
0.1122
0.261
0.261
0.261
0.261
0.11220000000000001
0.075
0.075
0.075
0.075
0.075
0.075
0.075
0.075
0.1122
0.261
0.261
0.261
0.261
0.11220000000000001
0.075
0.075
0.075
0.075
0.075
0.075
0.075
0.075
0.075
0.1494
0.261
0.261
0.261
0.261
0.075
0.075
0.075
0.075
0.075
0.075
0.075
0.075
0.1122
0.261
0.261
0.261
0.261
0.11220000000000001
0.075
0.075
0.075
0.075
0.075
0.075
0.075
0.075
0.075
0.1494
0.261
0.261
0.261
0.261
0.075
0.075
0.075
0.075
0.075
0.10200000000000001
0.10200000000000001
0.12840000000000001
0.294
0.075
0.075
0.075
0.075
0.1494
0.261
0.42699999999999994
0.45499999999999996
0.535
0.369
0.369
0.369
0.38
0.364
0.324
0.324
0.32720000000000005
0.40800000000000003
0.5412000000000001
1.002
2.33
3.242
3.3620000000000005
3.1612000000000005
2.736
2.3
0.446
0.43200000000000005
0.396
0.296
0.296
0.352
0.39919999999999994
2.61
2.65
2.7556000000000003
2.7156
2.596
1.2880000000000003
0.4406
0.44299999999999995
0.41899999999999993
0.41899999999999993
0.41899999999999993
0.42800000000000005
1.24
2.6468
3.0629999999999997
3.159
3.1670000000000003
3.027
0.9109999999999999
0.9269999999999999
0.9572
1.082
0.7689999999999999
0.8190000000000002
2.0326
0.8825999999999998
0.868
0.891
0.9199999999999999
0.917
0.9129999999999999
0.8754
0.9461999999999999
0.9339999999999999
0.9480000000000001
1.016
1.8814
4.572
2.1813999999999996
0.3652
0.28
0.25
0.46900000000000003
0.4708
0.40279999999999994
0.3566
0.4484
0.5309999999999999
1.7096
0.321
0.321
0.2684
0.264
0.3176
0.301
0.361
0.261
0.261
0.4758
0.5634
1.7215999999999998
0.586
0.49000000000000005
0.492
0.5628
0.595
0.619
0.7498
0.762
0.261
0.261
0.2238
0.075
0.075
0.075
0.075
0.075
0.075
0.075
0.075
0.075
0.075
0.1122
