0.052000000000000005
0.052000000000000005
0.052000000000000005
0.052000000000000005
0.052000000000000005
0.062
0.062
0.062
0.062
0.062
0.062
0.062
0.062
0.062
0.062
0.062
0.1964
0.23000000000000004
0.23000000000000004
0.23000000000000004
0.1628
0.062
0.062
0.062
0.062
0.062
0.062
0.062
0.062
0.1628
0.23000000000000004
0.23000000000000004
0.23000000000000004
0.1964
0.062
0.062
0.062
0.062
0.062
0.062
0.062
0.062
0.062
0.062
0.1628
0.23000000000000004
0.23000000000000004
0.23000000000000004
0.1964
0.062
0.062
0.062
0.062
0.062
0.062
0.062
0.062
0.062
0.1964
0.23000000000000004
0.23000000000000004
0.23000000000000004
0.1628
0.062
0.062
0.062
0.062
0.062
0.062
0.062
0.062
0.09559999999999999
0.23000000000000004
0.23000000000000004
0.23000000000000004
0.23000000000000004
0.0956
0.062
0.062
0.062
0.062
0.062
0.062
0.062
0.062
0.062
0.23000000000000004
0.23000000000000004
0.23000000000000004
0.23000000000000004
0.12920000000000004
0.062
0.062
0.062
0.062
0.062
0.062
0.062
0.062
0.062
0.062
0.062
0.062
0.062
0.062
0.062
0.062
0.062
0.062
0.1964
0.23000000000000004
0.23000000000000004
0.23000000000000004
0.1628
0.062
0.062
0.062
0.062
0.062
0.062
0.062
0.062
0.062
0.062
0.062
0.062
0.09559999999999999
0.23000000000000004
0.23000000000000004
0.23000000000000004
0.23000000000000004
0.0956
0.062
0.062
0.062
0.062
0.48460000000000003
0.9118000000000002
0.073
0.073
0.073
0.073
0.121
0.2002
0.301
0.301
0.301
0.301
0.1278
0.12
0.1434
0.23700000000000002
0.062
0.062
0.062
0.062
0.062
0.1964
0.23000000000000004
0.23000000000000004
0.23000000000000004
0.1628
0.062
0.062
0.062
0.062
0.062
0.062
0.062
0.062
0.062
0.062
0.062
0.062
0.062
0.062
0.062
0.062
0.062
0.062
0.09559999999999999
0.23000000000000004
0.395
0.3968
0.34819999999999995
0.2426
0.221
0.068
0.088
0.079
0.127
0.128
0.158
1.75
2.798
2.7499999999999996
2.9722
0.22599999999999998
1.3565999999999998
3.1845999999999997
3.215
3.2310000000000003
2.148
0.42000000000000004
0.396
0.348
0.3686
0.45099999999999996
0.41500000000000004
0.42300000000000004
0.46699999999999997
0.43899999999999995
0.471
0.5222
0.58
0.7338
0.773
0.9164
0.9809999999999999
0.9044000000000001
0.734
0.7172
0.7300000000000001
0.742
0.719
0.7294
0.6380000000000001
0.5586
0.584
0.534
0.51
1.6300000000000001
3.3579999999999997
3.7293999999999996
4.1792
2.3364000000000003
3.7242000000000006
4.8462000000000005
3.5739999999999994
3.4763999999999995
0.062
0.062
0.062
0.062
0.062
0.062
0.062
0.062
0.062
0.062
0.062
0.062
0.09559999999999999
0.23000000000000004
0.23000000000000004
0.23000000000000004
0.23000000000000004
0.0956
0.062
0.062
0.062
0.062
0.062
0.062
0.062
0.062
0.062
0.062
0.062
0.062
0.062
0.062
0.062
0.062
0.062
0.062
0.062
0.062
0.062
0.062
0.062
0.062
0.09559999999999999
0.23000000000000004
0.23000000000000004
0.23000000000000004
0.23000000000000004
0.0856
