0.058
0.058
0.058
0.058
0.058
0.058
0.058
0.058
0.058
0.058
0.058
0.058
0.058
0.058
0.058
0.058
0.058
0.058
0.058
0.058
0.058
0.058
0.058
0.058
0.068
0.068
0.068
0.068
0.068
0.068
0.068
0.068
0.068
0.068
0.068
0.068
0.185
0.185
0.185
0.185
0.185
0.185
0.185
0.185
0.185
0.363
0.363
0.363
0.363
0.363
0.363
0.363
0.363
0.363
0.246
0.246
0.246
0.246
0.246
0.246
0.246
0.246
0.246
0.246
0.246
0.246
0.246
0.068
0.068
0.068
0.068
0.068
0.068
0.068
0.068
0.068
0.068
0.068
0.068
0.068
0.068
0.068
0.068
0.068
0.068
0.068
0.068
0.068
0.068
0.068
0.068
0.068
0.068
0.185
0.185
0.185
0.185
0.185
0.185
0.185
0.185
0.185
0.185
0.185
0.185
0.185
0.185
0.185
0.185
0.185
0.185
0.068
0.246
0.246
0.246
0.246
0.246
0.246
0.246
0.246
0.246
0.246
0.246
0.246
0.246
0.246
0.246
0.246
0.246
0.246
0.246
0.246
0.246
0.246
0.068
0.068
0.068
0.068
0.068
0.068
0.068
0.068
0.068
0.068
0.068
0.068
0.068
0.068
0.068
0.068
0.068
0.068
0.068
0.068
0.068
0.068
0.068
0.068
0.068
0.068
0.068
0.068
0.068
0.068
0.068
0.068
0.068
0.068
0.068
0.068
0.068
0.068
0.068
0.068
0.068
0.068
0.068
0.068
0.068
0.068
0.246
0.246
0.246
0.246
0.246
0.246
0.246
0.246
0.246
0.246
0.246
0.246
0.246
0.246
0.246
0.246
0.246
0.246
0.246
0.246
0.246
0.246
0.068
0.068
0.068
0.068
0.068
0.068
0.068
0.068
0.068
0.068
0.068
0.068
0.068
0.068
0.068
0.068
0.068
0.068
0.068
0.068
0.068
0.068
0.068
0.068
0.068
0.068
0.068
0.068
0.068
0.068
0.068
0.068
0.068
0.068
0.068
0.068
0.068
0.068
0.068
0.068
0.068
0.068
0.068
0.068
0.068
0.068
0.246
0.246
0.246
0.246
0.246
0.246
0.246
0.246
0.246
0.246
0.246
0.246
0.246
0.246
0.246
0.246
0.363
0.363
0.363
0.363
0.363
0.363
0.185
0.185
0.185
0.185
0.185
0.185
0.185
0.185
0.185
0.185
0.185
0.185
0.068
0.068
0.068
0.068
0.068
0.068
0.068
0.068
0.068
0.068
0.068
0.068
0.068
0.068
0.068
0.068
0.068
0.068
0.068
0.068
0.068
0.068
0.068
0.068
0.068
0.068
0.068
0.068
0.068
0.068
0.068
0.068
0.068
0.068
0.068
0.068
0.068
0.068
0.185
0.185
0.185
0.185
0.185
0.185
0.363
0.363
0.363
0.363
0.363
0.363
0.363
0.363
0.363
0.363
0.363
0.363
0.246
0.246
0.246
0.246
0.246
0.246
0.246
0.246
0.246
0.246
0.068
0.068
0.068
0.068
0.068
0.068
0.068
0.068
0.068
0.068
0.068
0.068
0.068
0.068
0.068
0.068
0.068
0.068
0.068
0.068
0.068
0.068
0.068
0.068
0.068
0.068
0.068
0.068
0.068
0.068
0.068
0.068
0.068
0.068
0.068
0.068
0.068
0.068
0.068
0.068
0.068
0.068
0.068
0.068
0.068
0.068
0.068
0.068
0.068
0.068
0.068
0.068
0.068
0.246
0.246
0.246
0.246
0.246
0.246
0.246
0.246
0.246
0.246
0.246
0.246
0.246
0.246
0.246
0.246
0.246
0.246
0.246
0.246
0.246
0.246
0.068
0.068
0.068
0.185
0.185
0.185
0.185
0.185
0.185
0.185
0.185
0.185
0.185
0.185
0.185
0.185
0.185
0.185
0.185
0.185
0.185
0.068
0.068
0.068
0.068
0.068
0.068
0.066
0.066
0.066
0.066
0.066
0.066
0.066
0.066
0.066
0.066
0.068
0.068
0.068
0.068
0.068
0.068
0.068
0.068
0.068
0.068
0.068
0.246
0.246
0.246
0.246
0.246
0.246
0.246
0.246
0.246
0.246
0.246
0.246
0.246
0.246
0.246
0.246
0.246
0.363
0.363
0.363
0.363
0.363
0.185
0.185
0.185
0.185
0.185
0.185
0.185
0.185
0.185
0.185
0.185
0.185
0.185
0.068
0.068
0.068
0.068
0.068
0.068
0.068
0.068
0.068
0.068
0.068
0.068
0.068
0.068
0.066
0.066
0.184
0.184
0.184
0.184
0.184
0.184
0.184
0.184
0.184
0.184
0.184
0.224
0.224
0.224
0.146
0.215
0.215
0.215
0.215
0.215
0.215
0.353
0.353
0.353
0.51
0.51
0.51
0.51
0.51
0.51
0.482
0.482
0.482
0.482
0.482
0.482
0.413
0.503
0.503
0.503
0.491
0.491
0.374
0.196
0.196
0.196
0.196
0.196
0.36
0.36
0.27
0.27
0.27
0.27
0.27
0.27
0.27
0.27
0.27
0.27
0.27
0.27
0.27
0.27
0.27
0.27
0.27
0.27
0.068
0.068
0.068
0.068
0.068
0.068
0.068
0.068
0.068
0.068
0.068
0.068
0.068
0.068
0.068
0.068
0.068
0.068
0.068
0.068
0.068
0.068
0.068
0.068
0.068
0.068
0.068
0.185
0.185
0.185
0.185
0.185
0.185
0.185
0.185
0.185
0.185
0.185
0.185
0.185
0.185
0.185
0.185
0.185
0.363
0.246
0.246
0.246
0.246
0.246
0.246
0.246
0.246
0.246
0.246
0.246
0.246
0.246
0.246
0.246
0.246
0.246
0.246
0.246
0.246
0.246
0.068
0.068
0.068
0.068
0.068
0.068
0.068
0.068
0.068
0.068
0.068
0.068
0.068
0.068
0.068
0.068
0.068
0.068
0.068
0.068
0.068
0.068
0.068
0.068
0.068
0.068
0.068
0.068
0.068
0.068
0.068
0.068
0.185
0.185
0.185
0.185
0.185
0.185
0.185
0.185
0.185
0.185
0.185
0.185
0.185
0.185
0.185
0.185
0.185
0.185
0.068
0.068
0.068
0.068
0.068
0.068
0.068
0.068
0.068
0.068
0.068
0.068
0.068
0.068
0.068
0.068
0.068
0.068
0.068
0.068
0.068
0.068
0.068
0.068
0.246
0.246
0.246
0.246
0.246
0.246
0.246
0.246
0.246
0.246
0.246
0.246
0.246
0.246
0.246
0.246
0.246
0.246
0.246
0.246
0.246
0.246
0.068
0.068
0.068
0.068
0.068
0.068
0.068
0.068
0.068
0.068
0.068
0.068
0.068
0.068
0.068
0.068
0.068
0.068
0.068
0.068
0.068
0.068
0.068
0.068
0.068
0.068
0.068
0.068
0.068
0.185
0.185
0.185
0.185
0.185
0.185
0.185
0.185
0.185
0.347
0.347
0.347
0.347
0.347
0.347
0.347
0.407
0.407
0.29
0.29
0.29
0.29
0.29
0.29
0.29
0.29
0.29
0.29
0.29
0.29
0.29
0.29
0.29
0.29
0.29
0.29
0.29
0.29
0.29
0.29
0.29
0.29
0.29
0.29
0.501
0.501
0.501
0.501
0.501
0.501
0.501
0.501
0.441
0.441
0.441
0.441
0.441
0.441
0.441
0.441
0.441
0.441
0.441
0.441
0.441
0.501
0.323
0.323
0.323
0.323
0.323
0.383
0.383
0.452
0.452
0.492
0.452
0.542
0.542
0.452
0.512
0.512
0.392
0.392
0.432
0.549
0.549
0.549
0.549
0.549
0.589
0.589
0.649
0.649
0.649
0.649
0.649
0.649
0.589
0.589
0.601
0.501
0.551
0.434
0.434
0.434
0.534
0.534
0.534
0.484
0.484
0.484
0.484
0.484
0.484
0.484
0.384
0.351
0.351
0.068
0.246
0.246
0.246
0.246
0.246
0.246
0.246
0.246
0.246
0.246
0.246
0.246
0.246
0.246
0.246
0.246
0.246
0.246
0.246
0.246
0.246
0.246
0.068
0.068
0.068
0.068
0.068
0.068
0.185
0.185
0.185
0.185
0.185
0.185
0.185
0.185
0.185
0.185
0.185
0.185
0.185
0.185
0.185
0.185
0.185
0.185
0.068
0.068
0.068
0.068
0.068
0.068
0.068
0.068
0.068
0.068
0.068
0.068
0.068
0.068
0.068
0.068
0.068
0.068
0.068
0.068
0.068
0.246
0.246
0.246
0.246
0.246
0.246
0.246
0.246
0.246
0.246
0.246
0.246
0.246
0.246
0.246
0.246
0.246
0.246
0.246
0.246
0.246
0.246
0.068
0.068
0.068
0.185
0.185
0.185
0.185
0.185
0.185
0.185
0.185
0.185
0.185
0.185
0.185
0.185
0.185
0.185
0.185
0.185
0.185
0.068
0.068
0.068
0.068
0.068
0.068
0.068
0.068
0.068
0.068
0.068
0.068
0.068
0.068
0.068
0.068
0.068
0.068
0.068
0.068
0.068
0.068
0.068
0.068
0.068
0.068
0.068
0.246
0.246
0.246
0.246
0.246
0.246
0.246
0.246
0.246
0.246
0.246
0.246
0.246
0.246
0.246
0.363
0.363
0.363
0.363
0.363
0.363
0.363
0.347
0.347
0.347
0.347
0.347
0.347
0.407
0.407
0.407
0.407
0.407
0.29
0.29
0.29
0.29
0.29
0.39
0.39
0.48
0.48
0.48
0.62
0.58
0.649
0.649
0.649
0.62
0.62
0.58
0.58
0.63
0.648
0.598
0.508
0.508
0.508
0.508
0.508
0.508
0.508
0.508
0.598
0.598
0.598
0.658
0.658
0.708
0.648
0.648
0.648
0.648
0.826
0.845
0.878
0.878
0.809
0.849
0.809
0.809
0.949
0.246
0.246
0.246
0.246
0.246
0.246
0.246
0.246
0.246
0.246
0.246
0.246
0.246
0.068
0.068
0.068
0.068
0.068
0.068
0.068
0.068
0.068
0.068
0.068
0.068
0.068
0.068
0.068
0.068
0.068
0.068
0.068
0.068
0.068
0.068
0.068
0.068
0.068
0.068
0.068
0.068
0.068
0.068
0.068
0.068
0.068
0.068
0.068
0.068
0.068
0.068
0.068
0.068
0.068
0.068
0.068
0.068
0.246
0.246
0.246
0.246
0.246
0.246
0.246
0.246
0.246
0.246
0.246
0.246
0.246
0.246
0.246
0.246
0.246
0.246
0.246
0.246
0.246
0.246
0.068
0.381
0.381
0.381
0.421
0.421
0.481
0.55
0.59
0.53
0.646
0.646
0.646
0.646
0.606
0.696
0.696
0.696
0.656
0.656
0.756
0.656
0.656
0.656
0.656
0.656
0.656
0.656
0.656
0.656
0.656
0.656
0.656
0.54
0.54
0.54
0.54
0.54
0.54
0.58
0.58
0.49
0.49
0.49
0.49
0.49
0.49
0.49
0.49
0.49
0.49
0.49
0.55
0.666
0.666
0.666
0.606
0.666
0.606
0.606
0.623
0.663
0.663
0.723
0.594
0.594
0.594
0.561
0.561
0.561
0.561
0.505
0.445
0.445
0.327
0.327
0.427
0.496
0.674
0.674
0.667
0.246
0.246
0.246
0.246
0.246
0.246
0.246
0.363
0.363
0.363
0.363
0.363
0.363
0.363
0.363
0.363
0.363
0.363
0.363
0.185
0.185
0.185
0.185
0.185
0.185
0.068
0.068
0.068
0.068
0.068
0.068
0.068
0.068
0.068
0.068
0.068
0.068
0.068
0.068
0.068
0.068
0.068
0.068
0.068
0.068
0.068
0.068
0.068
0.068
0.068
0.068
0.068
0.068
0.068
0.068
0.068
0.068
0.068
0.068
0.068
0.068
0.068
0.068
0.068
0.068
0.068
0.185
0.185
0.185
0.185
0.185
0.185
0.185
0.185
0.185
0.185
0.185
0.185
0.185
0.363
0.363
0.363
0.363
0.363
0.246
0.246
0.246
0.246
0.246
0.246
0.246
0.246
0.246
0.246
0.246
0.246
0.246
0.246
0.246
0.246
0.246
0.068
0.068
0.068
0.068
0.068
0.068
0.068
0.068
0.068
0.068
0.068
0.068
0.068
0.068
0.068
0.068
0.068
0.068
0.068
0.068
0.068
0.068
0.068
0.068
0.068
0.068
0.068
0.068
0.068
0.068
0.068
0.068
0.068
0.068
0.068
0.068
0.068
0.068
0.068
0.068
0.068
0.068
0.068
0.068
0.068
0.068
0.068
0.246
0.246
0.246
0.246
0.246
0.246
0.246
0.246
0.246
0.246
0.236
0.236
