0.06266666666666669
0.05400000000000002
0.06146666666666668
0.156
0.0762666666666667
0.06400000000000003
0.06400000000000003
0.06400000000000003
0.06400000000000003
0.11919999999999997
0.11920000000000001
0.06400000000000003
0.06400000000000003
0.06400000000000003
0.06400000000000003
0.06400000000000003
0.10693333333333332
0.13146666666666668
0.06400000000000003
0.06400000000000003
0.06400000000000003
0.06400000000000003
0.11306666666666665
0.12533333333333335
0.06400000000000003
0.06266666666666669
0.10833333333333332
0.091
0.1602
0.7713333333333333
2.4993333333333334
2.050866666666667
0.06400000000000003
0.06400000000000003
0.06400000000000003
0.06400000000000003
0.06400000000000003
0.06400000000000003
0.06400000000000003
0.11919999999999997
0.11920000000000001
0.06400000000000003
0.06400000000000003
0.06400000000000003
0.06400000000000003
0.07626666666666669
0.156
0.07013333333333337
0.21
0.2044
0.18199999999999997
0.2682666666666667
0.16119999999999998
0.14279999999999995
0.5778000000000002
0.5072
0.43633333333333313
0.26493333333333335
0.10200000000000004
0.45780000000000004
0.06400000000000003
0.06400000000000003
0.06400000000000003
0.06400000000000003
0.09033333333333332
0.349
0.42186666666666667
0.4673333333333334
0.3058666666666668
0.3463333333333333
0.2699333333333334
0.8611333333333334
0.48526666666666673
0.5020666666666666
0.5612666666666667
0.6476666666666667
0.4984666666666666
0.39713333333333334
0.2977333333333334
0.4823333333333333
0.48506666666666665
0.6178666666666668
0.8441333333333335
0.5454666666666667
0.6554666666666669
0.5166666666666667
0.5053333333333333
0.49866666666666665
0.8916
0.5524666666666666
0.44000000000000017
0.41446666666666665
0.09466666666666666
0.14373333333333332
0.06400000000000003
0.06400000000000003
