0.061
0.061
0.061
0.061
0.061
0.061
0.061
0.061
0.061
0.061
0.061
0.061
0.061
0.061
0.061
0.061
0.061
0.061
0.228
0.238
0.238
0.238
0.238
0.238
0.238
0.238
0.35
0.35
0.35
0.35
0.35
0.35
0.183
0.183
0.183
0.183
0.183
0.183
0.183
0.183
0.183
0.183
0.183
0.183
0.071
0.071
0.071
0.071
0.071
0.071
0.071
0.071
0.071
0.071
0.071
0.071
0.071
0.071
0.071
0.261
0.261
0.261
0.261
0.261
0.261
0.261
0.261
0.261
0.261
0.261
0.261
0.261
0.261
0.261
0.261
0.261
0.261
0.261
0.261
0.261
0.261
0.071
0.071
0.071
0.071
0.071
0.071
0.071
0.071
0.071
0.071
0.071
0.071
0.071
0.071
0.071
0.071
0.071
0.071
0.071
0.071
0.238
0.238
0.238
0.238
0.238
0.238
0.238
0.238
0.238
0.238
0.238
0.238
0.238
0.238
0.071
0.071
0.071
0.071
0.071
0.071
0.071
0.071
0.071
0.071
0.071
0.261
0.261
0.261
0.261
0.261
0.261
0.261
0.261
0.261
0.261
0.261
0.261
0.261
0.261
0.261
0.261
0.261
0.261
0.261
0.261
0.261
0.261
0.071
0.071
0.071
0.071
0.071
0.071
0.071
0.071
0.071
0.071
0.071
0.071
0.071
0.071
0.071
0.071
0.071
0.071
0.071
0.071
0.071
0.071
0.071
0.071
0.071
0.071
0.071
0.071
0.238
0.238
0.238
0.238
0.238
0.238
0.238
0.238
0.238
0.238
0.238
0.238
0.238
0.238
0.071
0.071
0.071
0.071
0.071
0.071
0.071
0.071
0.071
0.071
0.071
0.071
0.071
0.071
0.071
0.071
0.071
0.071
0.071
0.071
0.071
0.071
0.071
0.071
0.071
0.261
0.261
0.261
0.261
0.261
0.373
0.373
0.373
0.373
0.373
0.373
0.373
0.373
0.373
0.373
0.373
0.373
0.373
0.373
0.373
0.373
0.373
0.183
0.071
0.071
0.071
0.071
0.071
0.071
0.071
0.071
0.071
0.071
0.071
0.238
0.238
0.238
0.238
0.238
0.238
0.238
0.238
0.238
0.238
0.238
0.238
0.238
0.238
0.071
0.071
0.071
0.071
0.071
0.071
0.071
0.071
0.071
0.071
0.071
0.071
0.071
0.071
0.071
0.071
0.071
0.071
0.261
0.261
0.261
0.261
0.261
0.261
0.261
0.261
0.261
0.261
0.261
0.261
0.261
0.261
0.261
0.261
0.261
0.261
0.261
0.261
0.261
0.261
0.071
0.071
0.071
0.071
0.183
0.183
0.183
0.183
0.183
0.183
0.183
0.183
0.183
0.183
0.183
0.183
0.183
0.183
0.183
0.35
0.35
0.35
0.238
0.238
0.238
0.238
0.238
0.236
0.236
0.236
0.336
0.336
0.336
0.169
0.169
0.289
3.228
3.228
3.108
3.108
3.108
3.168
3.168
3.168
3.108
3.163
3.353
3.353
3.353
3.469
3.469
3.469
3.469
3.414
3.414
3.414
0.575
0.575
0.695
0.695
0.695
0.695
0.695
0.695
0.695
0.695
0.695
3.634
3.444
3.444
3.444
3.444
3.444
3.444
3.444
3.444
3.444
3.444
3.444
3.444
3.444
3.444
3.444
3.544
3.544
3.544
3.444
0.565
0.565
0.732
0.732
0.732
0.672
0.672
0.672
0.552
0.552
0.552
0.664
0.664
0.624
0.624
0.624
0.577
0.577
0.637
0.637
0.577
0.577
0.457
0.397
0.397
0.397
0.397
0.397
0.627
0.515
0.475
0.475
0.535
0.59
0.535
0.595
0.655
0.595
0.71
0.71
0.71
0.71
0.71
0.71
0.71
0.71
0.59
0.59
0.65
0.65
0.58
0.64
0.56
3.499
3.499
3.499
3.499
3.499
3.439
3.439
3.339
3.379
3.339
3.351
3.351
3.351
3.351
3.291
3.291
3.291
3.291
3.351
3.296
0.357
0.357
0.357
0.257
0.432
0.519
0.519
0.519
0.519
0.519
0.519
0.579
0.579
0.579
0.579
0.579
0.679
0.679
0.679
0.512
0.512
0.512
0.512
0.624
0.624
0.624
0.624
0.624
11.934
11.934
11.874
0.564
0.524
0.524
0.714
0.714
0.714
0.714
0.714
0.614
0.614
0.502
0.502
2.541
2.601
2.541
0.502
0.502
0.502
0.502
0.49
0.49
0.49
0.49
0.55
0.55
0.36
0.36
0.36
0.36
0.36
0.36
0.36
0.36
0.36
0.36
0.4
0.4
0.4
0.4
0.4
0.4
0.4
0.4
0.36
0.42
0.42
0.42
0.52
0.42
0.587
0.587
0.587
0.587
0.699
0.699
0.699
0.35
0.35
0.35
0.35
0.35
0.35
0.35
0.183
0.183
0.183
0.183
0.183
0.183
0.183
0.183
0.071
0.071
0.071
0.071
0.071
0.071
0.071
0.071
0.071
0.071
0.071
0.071
0.071
0.071
0.261
0.261
0.261
0.261
0.261
0.261
0.261
0.261
0.261
0.261
0.261
0.261
0.261
0.261
0.261
0.261
0.261
0.261
0.261
0.261
0.261
0.261
0.071
0.071
0.071
0.071
0.071
0.071
0.071
0.071
0.071
0.071
0.071
0.071
0.071
0.071
0.071
0.071
0.071
0.071
0.071
0.071
0.071
0.071
0.071
0.071
0.238
0.238
0.238
0.238
0.238
0.238
0.238
0.238
0.238
0.238
0.238
0.238
0.238
0.238
0.071
0.071
0.071
0.071
0.183
0.183
0.183
0.183
0.183
0.183
0.183
0.183
0.183
0.183
0.183
0.183
0.183
0.183
0.183
0.183
0.183
0.183
0.071
0.071
0.071
0.071
0.071
0.071
0.071
0.071
0.071
0.071
0.071
0.071
0.071
0.071
0.071
0.071
0.071
0.071
0.071
0.071
0.071
0.071
0.071
0.261
0.261
0.261
0.261
0.261
0.261
0.261
0.261
0.261
0.261
0.261
0.261
0.261
0.261
0.261
0.261
0.261
0.261
0.261
0.261
0.261
0.261
0.071
0.183
0.183
0.35
0.35
0.35
0.35
0.35
0.35
0.35
0.35
0.35
0.35
0.35
0.35
0.35
0.35
0.183
0.183
0.071
0.071
0.071
0.071
0.071
0.071
0.071
0.071
0.071
0.071
0.071
0.071
0.071
0.071
0.071
0.071
0.071
0.071
0.071
0.071
0.071
0.071
0.071
0.071
0.071
0.071
0.071
0.071
0.071
0.071
0.071
0.071
0.071
0.071
0.071
0.071
0.071
0.071
0.071
0.071
0.071
0.071
0.071
0.071
0.071
0.071
0.071
0.071
0.071
0.071
0.071
0.071
0.071
0.071
0.238
0.238
0.238
0.238
0.238
0.238
0.238
0.238
0.238
0.238
0.238
0.238
0.238
0.238
0.071
0.071
0.071
0.071
0.071
0.071
0.071
0.071
0.071
0.071
0.071
0.071
0.071
0.071
0.071
0.071
0.071
0.261
0.261
0.261
0.261
0.261
0.261
0.261
0.261
0.261
0.261
0.261
0.261
0.261
0.261
0.261
0.261
0.261
0.261
0.261
0.261
0.261
0.261
0.071
0.071
0.071
0.071
0.071
0.071
0.071
0.071
0.245
0.345
0.245
0.305
0.477
0.597
0.697
0.697
0.517
0.637
0.637
0.637
0.651
0.651
0.651
0.651
0.591
0.591
0.591
0.591
0.531
0.531
2.625
2.625
2.625
0.586
3.525
3.585
3.585
3.625
3.725
3.685
3.565
3.505
3.505
3.505
3.338
3.338
3.338
3.338
3.338
3.338
3.338
3.458
3.458
3.47
0.591
0.841
0.841
0.841
0.681
0.681
0.681
0.681
0.681
0.681
0.681
0.561
0.561
0.561
0.621
0.621
0.621
0.621
0.621
0.621
0.621
0.741
0.741
0.551
0.764
0.804
0.804
0.804
2.843
2.843
2.843
0.804
0.704
0.764
0.704
0.704
0.584
0.584
0.584
0.57
0.57
0.625
3.155
3.275
3.095
3.095
3.155
3.155
3.155
3.115
3.115
3.115
3.069
3.069
3.236
3.236
3.22
3.22
3.22
3.208
3.32
3.38
3.5
3.5
3.5
3.5
3.5
3.5
3.333
3.333
3.333
3.333
3.373
3.373
3.373
3.373
3.373
3.273
3.161
3.161
3.161
3.161
3.121
3.121
2.481
2.481
2.671
2.671
2.671
2.671
2.671
2.671
2.671
2.671
2.671
2.671
2.671
2.671
2.671
2.671
2.671
2.671
0.261
0.261
0.261
0.261
0.261
0.261
0.071
0.071
0.071
0.071
0.071
0.071
0.071
0.071
0.071
0.071
0.071
0.071
0.071
0.071
0.071
0.071
0.296
0.408
0.408
0.408
0.408
0.408
0.295
0.295
0.35
0.35
0.35
0.195
0.255
0.255
0.255
0.255
0.422
0.434
0.594
0.482
0.482
0.482
0.542
0.542
0.582
0.582
0.582
0.642
0.642
0.802
0.535
0.535
0.535
0.725
0.725
0.825
0.825
0.825
0.825
0.825
0.825
0.811
1.579
1.579
1.579
0.811
0.811
0.811
2.85
2.73
2.73
0.691
0.811
0.811
0.811
0.621
0.621
0.621
0.621
0.621
0.621
0.621
0.621
0.621
0.621
0.621
0.733
0.733
0.613
0.513
0.513
0.513
0.573
0.573
1.341
1.341
1.341
0.711
0.711
0.711
0.711
0.711
0.751
0.851
0.739
0.639
0.754
0.874
0.774
0.714
0.654
0.654
0.654
3.593
3.593
3.593
3.443
3.443
3.443
3.443
3.608
3.608
3.608
3.548
3.548
3.548
3.608
3.608
3.608
3.835
3.835
3.895
3.895
0.896
0.896
0.896
0.896
0.896
0.956
0.896
0.836
0.956
0.939
0.712
0.712
0.652
0.652
0.652
0.597
0.709
0.709
0.709
0.829
0.829
0.829
0.829
0.829
0.929
0.929
0.929
0.929
0.989
0.989
0.989
0.929
0.929
1.003
0.831
0.831
0.831
0.831
0.831
0.831
0.831
0.831
0.931
0.931
0.931
0.931
0.931
0.931
0.991
0.991
0.931
0.891
0.871
0.871
0.811
1.001
1.001
3.84
3.9
3.9
3.865
3.865
3.865
3.865
3.865
3.765
3.765
3.765
3.765
3.765
3.765
3.765
3.765
3.765
3.877
3.877
3.877
0.848
0.848
3.787
3.787
3.787
3.727
3.727
3.787
3.847
4.014
4.014
3.954
3.954
3.954
3.954
3.842
3.902
3.842
3.842
3.842
3.842
3.842
0.903
0.696
0.636
0.636
0.636
11.946
12.006
11.992
0.582
0.654
0.654
0.714
0.829
0.829
3.157
3.157
3.277
3.117
3.117
3.117
3.217
3.217
3.407
3.407
3.407
3.407
3.307
3.407
3.347
3.247
0.899
0.899
1.015
1.015
1.015
0.955
0.955
0.955
0.955
0.955
0.923
0.923
0.923
0.923
0.733
0.733
0.693
0.793
0.693
0.633
0.633
0.745
0.845
0.845
0.745
0.745
0.805
0.625
0.685
0.805
0.805
0.805
0.745
0.912
3.951
3.951
3.951
3.965
3.865
3.753
3.753
3.753
3.853
3.853
3.853
3.853
3.853
3.695
3.635
3.635
3.635
3.635
3.735
3.555
0.616
0.616
0.576
0.532
0.532
0.532
0.652
0.652
0.652
0.592
0.592
0.592
0.492
0.492
0.592
0.592
0.592
0.592
0.842
0.842
0.782
2.821
2.821
2.821
0.782
0.782
0.782
0.894
0.954
1.014
1.014
3.113
3.113
3.053
1.014
1.014
1.014
1.054
1.054
1.054
0.864
0.924
0.924
0.979
0.979
0.867
0.867
0.867
0.867
0.867
0.867
0.867
0.807
0.792
0.792
0.852
0.838
0.778
0.778
0.778
0.778
0.945
3.919
3.931
3.931
3.931
3.931
3.871
5.91
5.97
6.01
3.931
3.931
15.181
0.238
0.071
0.071
0.071
0.071
0.071
0.071
0.071
0.071
0.071
0.071
0.071
0.071
0.071
0.071
0.071
0.071
0.071
0.071
0.071
0.071
0.071
0.071
0.261
0.261
0.261
0.373
0.373
0.373
0.373
0.373
0.373
0.373
0.373
0.373
0.373
0.373
0.373
0.373
0.373
0.373
0.373
0.373
0.373
0.261
0.071
0.071
0.071
0.071
0.061
0.061
0.061
0.061
0.061
0.061
0.061
0.061
0.061
0.228
0.228
