0.04
0.04
0.09
0.196
0.196
0.196
0.305
0.305
0.345
0.305
0.305
0.305
0.305
0.305
0.305
0.372
0.376
0.376
0.226
0.226
0.052
0.052
0.052
0.052
0.052
0.052
0.052
0.052
0.052
0.052
0.052
0.052
0.052
0.052
0.052
0.052
0.052
0.052
0.052
0.052
0.052
0.052
0.052
0.052
0.052
0.052
0.052
0.052
0.052
0.052
0.052
0.052
0.052
0.052
0.052
0.052
0.052
0.228
0.228
0.228
0.228
0.228
0.228
0.228
0.228
0.228
0.228
0.228
0.345
0.345
0.345
0.345
0.345
0.345
0.345
0.345
0.345
0.345
0.345
0.169
0.169
0.169
0.169
0.169
0.169
0.169
0.052
0.052
0.052
0.052
0.052
0.052
0.052
0.052
0.052
0.052
0.052
0.052
0.052
0.052
0.052
0.052
0.052
0.052
0.052
0.052
0.052
0.052
0.052
0.052
0.052
0.052
0.052
0.052
0.052
0.052
0.052
0.052
0.052
0.052
0.052
0.052
0.052
0.052
0.052
0.052
0.052
0.052
0.052
0.052
0.052
0.052
0.052
0.052
0.052
0.052
0.052
0.052
0.052
0.052
0.052
0.052
0.052
0.052
0.052
0.052
0.052
0.052
0.052
0.052
0.052
0.052
0.052
0.052
0.052
0.052
0.052
0.052
0.052
0.052
0.052
0.052
0.052
0.052
0.052
0.052
0.052
0.052
0.052
0.052
0.052
0.052
0.052
0.052
0.052
0.052
0.052
0.052
0.052
0.052
0.052
0.052
0.169
0.169
0.169
0.169
0.169
0.169
0.169
0.169
0.169
0.169
0.169
0.169
0.169
0.169
0.169
0.169
0.169
0.169
0.052
0.052
0.052
0.052
0.052
0.052
0.052
0.052
0.052
0.052
0.052
0.052
0.052
0.052
0.052
0.052
0.228
0.228
0.228
0.228
0.228
0.228
0.228
0.228
0.228
0.228
0.228
0.228
0.228
0.228
0.228
0.228
0.228
0.228
0.228
0.228
0.228
0.228
0.052
0.052
0.052
0.052
0.052
0.052
0.052
0.052
0.052
0.052
0.052
0.052
0.052
0.052
0.052
0.052
0.052
0.052
0.052
0.052
0.052
0.052
0.052
0.052
0.052
0.052
0.052
0.052
0.052
0.052
0.052
0.052
0.052
0.052
0.052
0.052
0.052
0.052
0.052
0.052
0.052
0.052
0.052
0.052
0.052
0.052
0.228
0.228
0.228
0.228
0.228
0.228
0.228
0.228
0.345
0.345
0.345
0.345
0.345
0.345
0.345
0.345
0.452
0.452
0.452
0.452
0.452
0.452
0.276
0.276
0.276
0.276
0.159
0.159
0.159
0.159
0.159
0.159
0.159
0.159
0.259
0.259
0.259
0.159
0.159
0.159
0.159
0.159
0.159
0.159
0.159
0.209
0.209
0.209
0.209
0.209
0.159
0.199
0.199
0.266
0.266
0.266
0.266
0.266
0.266
0.266
0.199
0.199
0.199
0.211
0.211
0.211
0.211
0.211
0.211
0.211
0.211
0.211
0.311
0.311
0.311
0.371
0.371
0.371
0.471
0.471
0.647
0.647
0.647
0.647
0.647
0.647
0.647
0.647
3.784
3.784
3.784
3.834
3.734
3.734
3.734
3.684
3.684
3.684
3.684
3.684
3.684
3.684
3.508
3.508
3.508
3.508
3.508
3.508
0.371
0.371
0.371
0.371
0.371
0.488
0.488
0.488
0.488
0.488
0.555
0.555
0.555
0.555
0.555
0.543
0.543
0.543
3.68
3.68
3.68
3.68
3.68
3.563
3.496
3.496
3.596
3.596
3.596
3.596
3.596
3.596
3.596
3.496
3.496
3.496
3.496
3.496
0.359
0.359
0.359
0.359
0.359
0.359
0.535
0.535
0.535
0.535
0.662
0.595
0.595
0.555
0.555
0.555
0.555
0.555
0.555
0.555
0.555
0.455
0.461
0.461
0.461
0.461
0.455
0.515
0.439
0.379
3.516
3.627
3.627
3.627
3.694
3.694
3.694
3.694
3.694
3.744
3.744
3.744
3.744
3.633
3.533
3.533
3.466
3.466
3.566
3.633
3.633
3.633
3.566
3.666
3.666
3.666
3.666
3.546
3.663
3.723
3.663
3.623
3.623
3.623
3.623
3.623
3.663
3.623
3.623
3.623
0.386
0.386
0.386
0.486
0.486
0.486
0.369
0.369
0.545
0.545
0.545
0.545
0.545
0.545
0.545
0.545
0.545
0.545
0.545
0.545
0.545
0.545
0.545
0.545
0.612
0.612
0.682
0.615
0.615
0.615
0.445
0.445
0.445
0.556
0.55
0.55
0.55
0.499
0.499
0.499
0.499
0.499
0.499
0.499
0.499
0.499
0.539
0.539
0.539
0.539
0.539
0.539
0.539
0.539
0.539
0.489
2.747
2.747
2.747
0.606
0.606
0.606
0.606
3.743
3.743
3.743
3.743
3.743
3.743
3.683
3.683
3.643
3.643
3.643
3.643
3.643
3.643
3.526
3.466
3.466
3.466
3.466
3.466
0.329
0.329
0.329
0.22
0.396
0.396
0.396
0.396
0.396
3.533
3.533
3.533
3.533
3.533
3.533
3.533
3.533
3.533
3.533
3.533
3.533
3.533
3.533
3.533
3.533
3.533
3.357
3.357
3.357
1.221
1.221
1.221
1.221
1.221
1.221
1.221
1.221
1.151
1.151
1.151
1.151
1.151
1.151
1.151
1.151
1.151
1.151
1.151
1.151
1.151
1.151
1.151
1.151
1.151
1.151
1.151
1.151
1.151
1.151
0.15
0.15
0.15
0.15
3.287
3.287
3.287
3.404
3.404
3.404
3.404
3.404
3.404
3.404
3.404
3.464
3.444
3.444
3.504
3.504
3.504
3.504
3.504
3.504
0.367
0.25
0.25
0.25
0.25
0.25
0.25
0.25
0.31
0.31
0.35
0.42
0.35
0.35
0.35
0.35
0.31
0.31
0.31
0.31
0.31
0.42
0.53
0.49
0.775
0.775
0.675
0.675
0.615
0.615
0.615
0.615
0.615
0.615
0.615
0.545
0.545
0.545
0.545
0.545
0.545
0.505
5.757
5.757
5.707
5.707
5.531
5.531
5.531
5.531
5.531
5.531
5.531
5.531
5.531
5.531
5.601
5.601
5.601
5.531
5.531
5.531
2.394
2.511
2.511
2.511
2.511
2.511
2.511
0.396
0.396
0.396
0.396
0.396
0.396
0.396
0.396
0.396
0.396
0.396
0.396
0.279
0.279
0.279
0.279
0.279
0.291
0.291
0.291
0.291
0.291
0.291
0.291
0.291
0.291
0.291
0.291
0.291
0.231
0.231
0.231
0.231
0.231
0.407
0.407
0.407
0.407
0.407
0.407
0.407
0.407
0.407
0.407
0.407
0.407
0.407
0.407
0.407
0.407
0.407
0.407
0.407
0.407
0.407
0.407
0.231
0.231
0.342
0.342
0.342
0.342
0.342
0.342
0.342
0.342
0.459
0.459
0.459
0.459
0.459
0.459
0.459
0.459
0.459
0.459
0.459
0.447
0.447
0.447
0.447
0.447
0.447
0.447
0.33
0.33
0.33
0.33
0.33
0.33
0.33
0.33
0.33
0.33
0.27
0.27
0.27
0.27
0.27
0.27
0.27
0.27
0.27
0.27
0.27
0.27
0.33
0.397
0.33
0.506
0.506
0.506
0.506
0.506
0.506
0.506
0.506
0.506
0.506
0.506
0.506
0.506
0.506
0.506
0.506
0.506
0.506
0.506
0.506
0.623
0.623
0.336
0.336
0.336
0.336
0.336
0.336
0.336
0.336
0.336
0.336
0.336
0.336
0.336
3.473
3.473
3.473
3.356
3.356
3.356
3.356
3.356
3.356
3.356
3.356
0.052
0.052
0.052
0.052
0.052
0.052
0.052
0.052
0.052
0.052
0.052
0.052
0.052
0.052
0.052
0.052
0.052
0.052
0.052
0.052
3.296
3.356
3.296
3.296
3.296
3.308
3.308
3.375
3.375
0.238
0.238
0.171
0.171
0.171
0.171
0.171
0.171
0.171
0.171
0.171
0.171
0.171
0.171
0.171
0.171
0.347
0.347
0.347
0.347
0.347
0.347
0.347
0.347
0.347
0.407
0.407
0.407
0.407
0.407
0.407
0.407
0.407
0.407
0.407
0.474
0.474
0.474
0.298
0.298
0.298
0.298
0.298
0.298
0.298
0.298
0.298
0.358
0.358
0.358
0.358
0.358
0.358
0.358
0.358
0.358
0.346
0.346
0.346
0.346
0.346
0.346
0.346
0.346
0.346
0.346
0.346
0.346
0.346
0.346
0.457
0.457
0.457
0.517
0.517
0.457
0.457
0.457
0.457
0.457
0.457
0.457
0.457
0.397
0.397
0.397
0.397
0.397
0.397
0.397
0.397
0.348
0.388
0.564
0.564
0.497
0.597
0.597
0.739
0.739
0.739
0.746
0.746
0.746
0.679
0.679
0.679
0.679
0.679
0.679
0.619
0.619
0.619
0.619
0.679
0.503
1.361
1.361
1.25
0.315
0.315
0.315
0.315
0.315
0.375
0.335
0.275
0.275
0.275
0.275
0.275
0.275
0.335
0.335
0.335
0.235
0.235
0.235
0.235
0.235
0.235
0.235
0.235
2.493
2.493
2.493
0.235
0.235
0.235
2.493
2.493
2.493
0.235
0.195
0.195
0.195
0.352
0.352
0.352
0.352
0.352
0.352
0.352
0.352
0.352
0.352
0.352
0.352
0.352
0.392
0.392
2.685
2.625
2.625
0.25
0.25
0.25
0.25
0.25
0.25
0.19
0.19
0.19
0.19
0.19
0.19
0.19
0.19
0.19
0.19
0.13
0.13
0.13
0.13
0.13
0.13
0.13
0.239
0.239
0.239
0.239
0.239
0.299
0.299
0.299
0.299
0.299
0.299
0.369
0.545
0.545
0.545
0.491
0.491
0.491
0.491
0.491
0.491
0.491
0.491
0.491
0.228
0.228
0.228
0.228
0.228
0.228
0.228
0.228
0.228
0.228
0.052
0.052
0.052
0.052
0.052
0.052
0.052
0.052
0.052
0.052
0.052
0.052
0.052
0.052
0.052
0.052
0.052
0.052
0.052
0.052
0.052
0.052
0.052
0.052
0.052
0.052
0.052
0.052
0.052
0.052
0.169
0.169
0.169
0.169
0.169
0.169
0.169
0.169
0.169
0.169
0.169
0.169
0.169
0.169
0.169
0.345
0.345
0.345
0.228
0.228
0.228
0.228
0.228
0.228
0.228
0.228
0.228
0.228
0.228
0.228
0.228
0.228
0.228
0.228
0.228
0.228
0.228
0.052
0.052
0.052
0.052
0.052
0.052
0.052
0.052
0.052
0.052
0.052
0.052
0.052
0.052
0.052
0.052
0.052
0.052
0.052
0.052
0.052
0.169
0.169
0.276
0.276
0.276
0.276
0.276
0.276
0.276
0.343
0.343
0.343
0.368
0.368
0.368
0.368
0.368
0.368
3.388
3.388
3.448
3.548
3.548
3.448
3.448
3.448
3.448
3.448
3.448
3.448
3.388
3.388
3.564
3.564
3.564
3.564
3.564
3.564
0.427
0.427
0.427
0.427
0.427
0.427
0.427
0.427
0.427
0.427
0.427
0.487
0.487
0.587
0.587
0.487
0.311
0.311
0.311
0.311
0.311
0.311
2.569
2.569
2.509
0.251
0.251
0.251
0.251
0.251
0.251
0.251
0.251
0.251
0.251
0.311
0.428
0.428
0.428
0.428
0.428
0.428
0.428
0.428
0.428
0.468
0.568
0.543
2.608
2.608
2.608
2.608
2.608
2.608
2.491
2.491
2.491
2.491
2.391
2.391
2.391
2.391
2.391
2.391
2.391
2.491
2.491
2.491
2.491
2.391
2.451
2.451
2.451
2.451
2.451
0.336
0.512
0.512
0.512
0.512
0.512
0.512
0.512
0.572
0.512
0.512
0.512
0.512
0.623
0.623
0.623
0.623
0.623
0.623
0.623
3.76
3.76
3.76
3.584
3.534
3.574
3.574
3.574
3.574
3.534
3.534
3.534
3.534
3.534
3.534
3.534
3.534
3.534
3.584
3.584
0.447
0.453
0.478
0.478
0.618
0.618
0.618
0.618
0.518
0.518
0.518
0.518
0.518
0.518
0.518
0.618
0.618
0.618
0.618
0.618
0.658
0.658
0.658
0.658
0.658
0.658
1.526
1.526
1.526
0.611
0.611
0.611
0.611
0.511
0.511
0.501
0.501
0.441
0.441
3.578
3.578
3.578
3.578
3.578
3.694
3.694
3.694
3.694
3.694
