0.062
0.062
0.062
0.062
0.062
0.062
0.062
0.062
0.062
0.062
0.062
0.062
0.062
0.062
0.062
0.062
0.062
0.062
0.062
0.062
0.062
0.062
0.062
0.062
0.062
0.062
0.062
0.062
0.062
0.072
0.072
0.072
0.072
0.072
0.072
0.072
0.072
0.072
0.072
0.278
0.278
0.278
0.278
0.278
0.278
0.278
0.278
0.278
0.278
0.278
0.278
0.278
0.278
0.278
0.278
0.278
0.278
0.278
0.278
0.278
0.278
0.072
0.072
0.072
0.072
0.072
0.072
0.072
0.072
0.072
0.072
0.072
0.072
0.072
0.072
0.072
0.072
0.072
0.072
0.072
0.072
0.072
0.072
0.072
0.072
0.072
0.072
0.072
0.072
0.072
0.072
0.072
0.072
0.072
0.072
0.072
0.072
0.072
0.072
0.072
0.072
0.072
0.072
0.072
0.072
0.072
0.072
0.072
0.072
0.072
0.072
0.072
0.072
0.072
0.072
0.072
0.072
0.072
0.072
0.072
0.072
0.072
0.072
0.072
0.072
0.072
0.072
0.072
0.072
0.072
0.072
0.072
0.072
0.278
0.278
0.278
0.278
0.278
0.278
0.278
0.278
0.278
0.278
0.278
0.278
0.278
0.278
0.278
0.278
0.278
0.278
0.278
0.278
0.278
0.278
0.072
0.072
0.072
0.072
0.072
0.072
0.072
0.072
0.072
0.072
0.072
0.072
0.072
0.072
0.072
0.072
0.072
0.072
0.072
0.072
0.072
0.072
0.072
0.072
0.072
0.072
0.072
0.072
0.072
0.072
0.072
0.072
0.072
0.072
0.072
0.072
0.072
0.072
0.072
0.072
0.072
0.072
0.072
0.072
0.072
0.072
0.072
0.072
0.072
0.072
0.072
0.072
0.072
0.072
0.072
0.072
0.278
0.278
0.278
0.278
0.278
0.278
0.278
0.278
0.278
0.278
0.278
0.278
0.278
0.278
0.278
0.278
0.278
0.278
0.278
0.278
0.278
0.278
0.072
0.072
0.072
0.072
0.072
0.072
0.072
0.072
0.072
0.072
0.072
0.072
0.072
0.072
0.072
0.072
0.072
0.072
0.072
0.072
0.072
0.072
0.072
0.072
0.072
0.072
0.072
0.072
0.072
0.072
0.072
0.072
0.072
0.072
0.072
0.072
0.072
0.072
0.072
0.072
0.072
0.072
0.072
0.072
0.072
0.072
0.072
0.072
0.072
0.072
0.072
0.072
0.072
0.072
0.072
0.072
0.072
0.072
0.072
0.072
0.072
0.072
0.072
0.072
0.072
0.072
0.072
0.072
0.072
0.072
0.072
0.072
0.072
0.072
0.072
0.072
0.072
0.072
0.072
0.072
0.072
0.072
0.072
0.278
0.278
0.278
0.278
0.278
0.278
0.278
0.278
0.278
0.278
0.278
0.278
0.278
0.278
0.278
0.278
0.278
0.278
0.278
0.278
0.278
0.278
0.072
0.072
0.072
0.072
0.072
0.072
0.072
0.072
0.072
0.072
0.072
0.072
0.072
0.072
0.072
0.072
0.072
0.072
0.072
0.072
0.072
0.072
0.072
0.072
0.072
0.072
0.072
0.072
0.072
0.072
0.072
0.072
0.072
0.072
0.072
0.072
0.072
0.072
0.072
0.072
0.072
0.072
0.072
0.072
0.072
0.072
0.072
0.072
0.072
0.072
0.072
0.072
0.072
0.072
0.072
0.072
0.072
0.072
0.072
0.072
0.072
0.072
0.072
0.072
0.072
0.072
0.072
0.072
0.072
0.072
0.072
0.072
0.072
0.072
0.072
0.072
0.072
0.072
0.072
0.072
0.278
0.278
0.278
0.278
0.278
0.278
0.278
0.278
0.278
0.278
0.278
0.278
0.311
0.311
0.311
0.311
0.311
0.311
0.311
0.411
0.446
0.506
0.3
0.32
0.32
0.355
0.355
0.32
0.32
10.645
10.705
10.705
0.325
0.265
0.367
0.367
0.367
0.467
0.467
0.527
0.527
0.527
0.527
0.562
0.527
0.467
0.467
0.467
0.467
1.453
1.453
1.453
0.467
0.467
0.476
0.546
0.546
0.546
0.581
0.546
0.546
0.641
0.641
0.641
0.641
0.706
0.706
0.706
0.706
0.671
0.671
0.671
0.671
2.56
2.56
2.56
0.706
0.706
0.706
0.671
0.662
0.868
0.868
11.248
11.248
11.248
0.868
0.808
0.808
0.817
0.817
0.808
0.808
0.808
2.697
2.697
2.697
0.808
0.808
0.808
0.808
0.738
0.738
0.737
0.737
0.746
0.826
0.891
0.761
0.761
0.896
0.796
0.771
0.771
0.771
0.771
0.771
0.771
0.736
0.736
0.748
0.748
0.748
0.748
0.543
0.543
0.543
0.603
0.603
0.603
0.543
0.543
0.543
0.543
0.543
0.543
0.534
0.534
0.534
0.534
0.534
0.534
0.534
0.534
0.534
0.534
0.534
0.534
0.534
0.534
0.772
0.772
0.772
0.772
0.772
0.772
0.772
0.772
0.772
0.672
0.637
0.637
0.637
0.637
0.637
0.637
0.637
0.637
0.637
0.637
0.637
0.637
0.431
0.431
0.431
0.466
0.466
0.466
0.466
0.466
0.454
0.454
0.354
0.354
0.354
0.354
0.354
0.354
0.354
0.354
0.354
0.354
0.294
0.294
0.294
0.259
0.259
2.148
2.148
2.148
0.259
0.259
0.259
0.259
0.259
0.259
0.259
0.259
0.259
0.259
0.259
0.259
0.072
0.072
0.072
0.072
0.072
0.072
0.072
0.072
0.072
0.072
0.072
0.072
0.072
0.072
0.072
0.072
0.278
0.278
0.278
0.278
0.278
0.278
0.278
0.278
0.278
0.278
0.278
0.278
0.278
0.278
0.278
0.278
0.278
0.278
0.278
0.278
0.278
0.278
0.072
0.072
0.072
0.072
0.072
0.072
0.072
0.072
0.072
0.072
0.072
0.072
0.072
0.072
0.072
0.072
0.072
0.072
0.072
0.072
0.072
0.072
0.072
0.072
0.072
0.072
0.072
0.072
0.072
0.072
0.072
0.072
0.072
0.072
0.072
0.072
0.072
0.072
0.072
0.072
0.072
0.072
0.072
0.072
0.072
0.072
0.072
0.278
0.278
0.278
0.278
0.278
0.278
0.278
0.278
0.278
0.278
0.278
0.278
0.278
0.278
0.278
0.278
0.278
0.278
0.278
0.278
0.278
0.278
0.072
0.072
0.072
0.072
0.072
0.072
0.072
0.072
0.072
0.072
0.072
0.072
0.072
0.072
0.072
0.072
0.072
0.072
0.072
0.072
0.072
0.072
0.072
0.072
0.072
0.072
0.072
0.072
0.072
0.072
0.072
0.072
0.072
0.072
0.072
0.072
0.072
0.072
0.072
0.072
0.072
0.072
0.072
0.204
0.204
0.204
0.204
0.204
0.204
0.204
0.204
0.204
0.204
0.204
0.172
0.378
0.378
0.378
0.378
0.378
0.378
0.378
0.378
0.378
0.378
0.378
0.378
0.378
0.378
0.378
0.378
0.378
0.378
0.378
0.378
0.378
0.378
0.172
0.289
0.289
0.289
0.289
0.289
0.289
0.289
0.289
0.289
0.289
0.289
0.289
0.289
0.289
0.289
0.289
0.289
0.349
0.349
0.349
0.289
0.289
0.289
0.289
0.289
0.289
0.289
0.289
0.289
0.289
0.289
0.289
0.289
0.289
0.289
0.289
0.289
0.289
0.289
0.289
0.289
0.289
0.289
0.289
0.289
0.495
0.495
0.495
0.515
0.515
0.515
0.515
0.515
0.515
0.587
0.567
0.567
0.567
0.507
0.507
0.507
0.507
0.507
0.507
0.507
0.507
0.507
0.301
0.301
2.19
2.225
2.49
0.601
0.541
0.541
0.541
0.529
0.529
0.529
0.529
0.529
0.529
0.654
0.654
0.654
0.594
0.594
0.492
0.492
0.492
0.492
0.492
0.504
0.504
0.599
0.599
0.599
1.585
1.585
1.605
0.619
0.719
0.759
0.642
0.437
0.417
0.522
0.762
0.762
0.762
0.762
0.762
0.762
0.762
0.762
0.762
0.762
0.762
0.822
0.787
0.787
0.847
1.088
1.088
1.088
1.188
1.088
1.088
1.088
1.088
1.088
1.028
0.968
0.968
0.968
0.968
0.968
0.968
0.968
0.968
1.028
1.028
1.028
1.028
0.922
0.922
0.922
0.922
0.922
0.922
0.922
0.922
0.91
0.91
0.91
0.91
0.91
0.875
0.875
0.84
0.84
0.84
0.84
0.94
0.94
0.072
0.072
0.072
0.072
0.072
0.072
0.072
0.072
0.072
0.072
0.21
0.21
0.27
1.256
1.265
1.556
0.57
0.64
0.72
0.72
0.66
0.66
0.669
0.709
0.649
0.649
0.649
0.649
0.649
0.649
0.349
0.379
0.439
0.439
0.474
0.474
0.474
0.509
0.534
0.68
0.615
0.615
0.615
0.606
0.606
0.606
0.606
0.615
0.615
0.615
0.615
0.615
1.013
2.962
2.902
2.902
0.615
0.615
0.675
0.675
0.64
0.434
0.374
0.374
0.434
0.434
0.399
0.399
0.399
0.499
0.499
0.539
0.539
0.539
0.539
0.539
0.574
0.514
0.514
0.514
0.514
0.514
0.574
0.779
0.719
0.719
0.719
0.819
0.719
0.614
0.46
0.46
0.46
0.47
0.575
0.505
0.577
0.577
0.637
0.637
0.637
0.637
0.637
0.646
0.646
0.646
0.586
0.651
0.607
0.607
0.607
0.507
0.577
0.577
0.577
0.577
0.577
0.577
0.577
0.577
0.577
0.577
0.634
0.689
0.589
0.589
0.589
0.554
0.554
0.554
0.554
0.554
10.934
10.994
10.934
0.694
0.694
0.754
1.02
1.08
1.02
1.02
0.98
1.012
1.012
0.952
0.887
0.922
0.922
0.922
0.805
0.805
0.805
0.805
0.805
1.01
1.01
1.022
1.022
1.022
0.072
0.072
0.072
0.072
0.072
0.072
0.072
0.072
0.072
0.072
0.254
0.354
0.354
0.254
0.254
0.254
0.254
0.254
0.254
0.242
0.302
0.302
0.302
0.419
0.519
0.536
0.436
0.396
0.396
0.396
0.396
0.396
0.516
0.491
0.456
0.556
0.556
0.556
0.396
0.396
0.396
0.396
0.461
0.461
0.461
0.461
0.496
0.561
0.631
0.561
0.561
0.461
0.461
0.461
0.401
0.401
0.401
0.401
0.401
0.401
0.436
0.401
0.401
0.284
0.717
0.717
0.785
0.785
0.387
0.593
0.593
0.613
0.613
0.613
0.613
0.648
0.708
0.743
0.743
0.708
0.708
0.708
0.603
0.568
0.623
0.623
0.588
0.588
0.62
0.62
0.52
0.314
0.314
0.314
0.294
0.294
0.294
0.294
0.282
0.342
0.342
0.342
0.342
0.342
0.342
0.342
0.342
2.231
2.36
2.36
0.471
0.354
0.354
0.354
0.389
0.506
0.506
0.506
0.506
0.506
0.506
0.441
0.441
0.346
0.346
0.346
0.346
0.311
0.311
0.311
0.311
0.371
0.406
0.406
0.371
0.371
0.682
0.682
0.782
0.747
0.747
0.747
0.756
0.791
0.791
0.791
0.896
0.896
0.896
0.896
0.896
0.936
0.876
0.811
0.851
0.871
0.811
0.811
0.605
0.605
0.596
0.564
0.599
0.599
0.564
0.596
0.491
0.491
0.491
0.356
0.356
0.356
0.356
0.465
0.565
0.565
0.72
0.72
0.74
0.64
0.6
0.588
2.477
2.477
2.417
0.528
0.528
0.528
0.493
0.493
0.493
0.493
0.493
0.433
0.433
0.445
0.375
0.366
0.471
0.424
0.334
0.334
0.346
0.346
0.381
0.346
0.346
0.358
0.358
0.358
0.446
0.381
0.381
0.381
0.381
0.381
0.381
0.551
0.611
0.646
0.072
0.072
0.072
0.072
0.072
0.072
0.072
0.072
0.072
0.072
0.072
0.072
0.072
0.072
0.072
0.072
0.072
0.072
0.072
0.072
0.072
0.072
0.072
0.278
0.278
0.278
0.278
0.278
0.278
0.278
0.278
0.278
0.278
0.278
0.278
0.278
0.278
0.278
0.278
0.278
0.278
0.278
0.278
0.278
0.278
0.072
0.072
0.072
0.072
0.072
0.072
0.072
0.072
0.072
0.072
0.072
0.072
0.072
0.072
0.072
0.231
0.231
0.231
0.24
0.24
0.24
0.3
0.24
0.24
0.24
0.072
0.072
0.072
0.072
0.072
0.072
0.072
0.072
0.072
0.062
