0.06733333333333337
0.058000000000000024
0.058666666666666686
0.17066666666666666
0.15200000000000002
0.06800000000000003
0.06800000000000003
0.06800000000000003
0.18933333333333338
0.13333333333333336
0.06800000000000003
0.06800000000000003
0.15200000000000002
0.1706666666666667
0.06800000000000003
0.06800000000000003
0.06800000000000003
0.06800000000000003
0.18933333333333338
0.13333333333333336
0.06800000000000003
0.06800000000000003
0.18000000000000005
0.14266666666666666
0.06800000000000003
0.06800000000000003
0.13799999999999998
0.23959999999999998
0.3206666666666667
0.535
0.9080666666666667
0.5726666666666668
0.6461333333333333
1.8345333333333333
0.06800000000000003
0.06800000000000003
0.6509333333333334
0.2226666666666666
0.2092
0.46739999999999987
0.06600000000000003
0.15
0.22000000000000008
0.08
0.09600000000000002
0.09600000000000002
0.082
1.8160666666666667
0.25753333333333345
0.2187333333333334
0.16073333333333328
0.5474
0.23733333333333334
0.40773333333333334
0.41953333333333326
0.2153333333333333
0.1793333333333333
0.306
0.17066666666666666
0.06800000000000003
0.06800000000000003
0.19413333333333335
0.18000000000000005
0.06800000000000003
0.12793333333333332
0.3573333333333334
1.882866666666667
1.048
0.6499999999999998
0.6419333333333334
0.7986666666666669
0.7722666666666665
1.0967333333333331
2.523933333333333
0.8000000000000004
0.44439999999999996
0.5452666666666667
0.8387333333333333
0.8292
0.6206666666666668
0.6899999999999997
0.6346666666666667
0.7697333333333333
0.6274666666666668
0.6918666666666665
1.0054666666666665
1.6685333333333332
2.9670666666666667
0.8653333333333334
0.8911333333333331
0.8618000000000002
0.8644666666666667
0.8492666666666666
0.6704666666666665
0.7696666666666666
0.8083333333333333
