0.06299999999999997
0.07099999999999998
0.07299999999999998
0.13060000000000002
0.1306
0.07299999999999998
0.07299999999999998
0.07299999999999998
0.30613333333333326
0.2293333333333333
0.07299999999999998
0.07299999999999998
0.0979333333333333
0.2599999999999999
0.13533333333333333
0.07299999999999998
0.07299999999999998
0.15620000000000003
0.10499999999999998
0.14780000000000001
0.2599999999999999
0.08546666666666664
0.07299999999999998
0.07299999999999998
0.3057999999999999
0.2296666666666666
0.07299999999999998
0.07299999999999998
0.5219333333333332
0.25473333333333337
0.35799999999999993
0.2604
0.3599333333333333
0.5777999999999999
1.3304
3.1813333333333333
3.2049333333333334
3.1628666666666674
1.9149999999999996
0.08546666666666665
0.2599999999999999
0.2374
0.09859999999999998
0.07299999999999998
0.14780000000000001
0.30479999999999996
0.15586666666666668
0.07299999999999998
0.07299999999999998
0.2225999999999999
0.22966666666666666
0.1562
0.07299999999999998
0.07299999999999998
0.07299999999999998
0.2599999999999999
0.19866666666666666
0.1498
0.07299999999999998
0.07299999999999998
0.19766666666666666
0.22259999999999994
0.07299999999999998
0.07299999999999998
0.09219999999999999
0.3559999999999999
0.2235333333333333
0.14333333333333328
0.12933333333333333
0.22679999999999997
0.07299999999999998
0.6048666666666666
0.33659999999999995
0.7802666666666666
0.9513333333333336
0.7883333333333333
0.6861999999999999
0.9855333333333329
0.7049999999999998
0.6179333333333332
0.7574666666666665
0.6969333333333333
0.6732
0.7666666666666665
0.7852000000000001
0.8246
0.9792
0.7150000000000001
0.6522666666666666
0.5950666666666666
0.5858666666666666
0.7506666666666667
0.5465999999999999
0.08579999999999997
0.07299999999999998
0.06499999999999997
