0.068
0.06
0.05800000000000001
0.05800000000000001
0.05800000000000001
0.05800000000000001
0.05800000000000001
0.066
0.068
0.33240000000000003
0.373
0.373
0.3322
0.18980000000000002
0.068
0.068
0.068
0.068
0.1904
0.272
0.272
0.10880000000000001
0.068
0.068
0.068
0.068
0.23040000000000002
0.271
0.271
0.271
0.18980000000000002
0.068
0.068
0.068
0.068
0.068
0.068
0.10880000000000001
0.17
0.17
0.21059999999999998
0.4138
0.475
0.475
0.31179999999999997
0.1086
0.068
0.068
0.068
0.068
0.068
0.068
0.068
0.068
0.068
0.10880000000000001
0.272
0.3532
0.3933999999999999
0.271
0.271
0.35259999999999997
0.17
0.17
0.1496
0.068
0.068
0.068
0.068
0.068
0.068
0.068
0.2716
0.475
0.475
0.31179999999999997
0.271
0.068
0.068
0.068
0.17
0.17
0.17
0.12920000000000004
0.068
0.068
0.30999999999999994
0.5529999999999999
0.593
0.4506
0.30779999999999996
0.17400000000000002
0.166
0.178
0.17800000000000002
0.166
0.166
0.21400000000000002
0.068
0.068
0.068
0.31260000000000004
0.475
0.4342
0.271
0.271
0.1086
0.068
0.068
0.068
0.066
0.1068
0.168
0.168
0.168
0.0864
0.11960000000000001
0.2
0.28159999999999996
0.607
0.607
0.48460000000000003
0.4438
0.38320000000000004
0.302
0.302
0.0884
0.068
0.068
0.068
0.068
0.068
0.1492
0.271
0.271
0.271
0.3934
0.272
0.272
0.10880000000000001
0.2204
0.302
0.302
0.32599999999999996
0.10880000000000001
0.068
0.068
0.1086
0.271
0.271
0.271
0.271
0.1086
0.068
0.272
0.272
0.23120000000000002
0.068
0.068
0.068
0.068
0.068
0.12920000000000004
0.17
0.21059999999999998
0.373
0.271
0.271
0.271
0.31260000000000004
0.272
0.23120000000000002
0.068
0.068
0.068
0.068
0.22400000000000003
0.308
0.5032
0.653
0.6314
0.6890000000000001
0.5062
0.4192
0.532
0.548
0.576
0.552
0.64
0.752
0.5192
0.49119999999999997
0.497
0.7370000000000001
0.7626
0.885
0.9109999999999999
0.915
0.9620000000000001
0.636
0.576
0.6904
0.7314
0.569
0.4058
0.3592
0.4176
0.438
0.438
0.41559999999999997
0.326
0.35
0.068
0.068
0.068
0.068
0.2524
0.3498
0.475
0.475
0.41419999999999996
0.17
1.3854
0.15619999999999998
0.095
0.24559999999999998
0.2292
0.4718
0.24699999999999997
0.23499999999999996
0.3762
0.508
0.524
0.516
0.6556
0.551
0.6038
1.3221999999999998
0.9454
1.7305999999999997
0.527
0.9282
1.3677999999999997
0.5630000000000001
0.923
0.7882
0.9112
0.9879999999999999
0.9541999999999999
1.0466000000000002
0.8230000000000001
0.779
0.8244
0.7816000000000001
0.7771999999999999
0.7918
0.7654
0.8710000000000001
0.8710000000000001
0.851
0.8635999999999999
1.0644
1.1252
1.1059999999999999
1.23
0.7916
0.6588
0.45600000000000007
0.40800000000000003
0.528
0.62
0.524
0.6880000000000001
0.812
0.818
0.8238
0.8469999999999999
0.7938
0.7458
0.9488
1.28
3.8229999999999995
3.5829999999999997
3.5829999999999997
1.3893999999999997
0.817
0.733
0.733
