0.18053333333333335
0.38933333333333325
0.0802
0.072
0.072
0.072
0.08486666666666665
0.26500000000000007
0.14920000000000005
0.072
0.072
0.072
0.18780000000000005
0.23926666666666677
0.072
0.072
0.09773333333333331
0.26500000000000007
0.1363333333333334
0.072
0.072
0.17493333333333336
0.25213333333333343
0.072
0.072
0.072
0.072
0.1620666666666667
0.26500000000000007
0.072
0.072
0.072
0.11166666666666665
0.3263333333333333
0.8922
1.1272666666666666
0.8871333333333333
0.975
0.9459999999999998
1.9500666666666668
1.9659333333333335
1.9384666666666666
1.992333333333334
1.4451333333333334
1.4918666666666662
0.8617333333333334
0.28859999999999997
0.44299999999999984
0.12346666666666671
0.072
0.072
0.072
0.072
0.072
0.072
0.072
0.11059999999999999
0.26500000000000007
0.12346666666666671
0.072
0.072
0.22640000000000007
0.20066666666666674
0.2126
0.3923333333333333
0.4520666666666665
0.799
0.816
1.0363999999999998
1.0606666666666666
0.5531333333333334
1.0041333333333338
0.9690666666666667
1.187
1.096466666666667
0.9568
0.9473333333333331
0.9898000000000001
0.9167333333333334
1.074733333333333
1.0243333333333335
0.9335333333333334
0.6048000000000001
0.7420666666666667
0.6059999999999998
0.22640000000000007
0.20066666666666674
0.072
0.072
0.072
0.1620666666666667
0.26500000000000007
0.072
0.072
0.072
0.26500000000000007
