0.375
0.375
0.375
0.406
0.406
0.406
0.406
0.471
0.471
0.346
0.346
0.346
0.346
0.346
0.346
0.346
0.396
0.396
0.396
0.396
0.396
0.522
0.522
0.522
0.522
0.522
0.522
0.181
0.181
0.181
0.181
0.181
0.181
0.181
0.181
0.373
0.373
0.069
0.069
0.069
0.069
0.069
0.069
0.069
0.069
0.069
0.069
0.069
0.069
0.069
0.069
0.069
0.059
0.059
0.059
0.059
0.059
0.059
0.059
0.059
0.059
0.059
0.059
0.059
0.059
0.059
0.059
0.059
0.059
0.059
0.059
0.059
0.059
0.059
0.059
0.059
0.059
0.199
0.199
0.199
0.199
0.199
0.209
0.209
0.209
0.209
0.209
0.209
0.209
0.209
0.209
0.209
0.209
0.209
0.209
0.069
0.069
0.069
0.069
0.069
0.069
0.069
0.069
0.069
0.069
0.069
0.069
0.069
0.069
0.069
0.069
0.069
0.069
0.069
0.069
0.069
0.069
0.069
0.069
0.069
0.069
0.069
0.069
0.069
0.069
0.069
0.069
0.069
0.069
0.069
0.069
0.069
0.069
0.069
0.069
0.069
0.069
0.069
0.069
0.069
0.069
0.069
0.069
0.069
0.069
0.069
0.069
0.069
0.069
0.069
0.069
0.069
0.069
0.069
0.069
0.069
0.069
0.069
0.069
0.069
0.069
0.069
0.069
0.069
0.069
0.069
0.069
0.069
0.069
0.069
0.069
0.069
0.069
0.069
0.069
0.069
0.069
0.069
0.069
0.069
0.069
0.069
0.069
0.069
0.069
0.069
0.069
0.069
0.069
0.069
0.069
0.069
0.069
0.069
0.069
0.069
0.069
0.069
0.069
0.069
0.069
0.069
0.069
0.069
0.069
0.069
0.069
0.069
0.209
0.209
0.209
0.209
0.209
0.209
0.209
0.209
0.209
0.209
0.209
0.209
0.209
0.209
0.209
0.209
0.209
0.209
0.069
0.069
0.069
0.069
0.069
0.069
0.069
0.069
0.069
0.069
0.069
0.069
0.069
0.069
0.069
0.069
0.069
0.069
0.069
0.069
0.069
0.069
0.069
0.069
0.069
0.069
0.069
0.069
0.069
0.069
0.069
0.069
0.069
0.069
0.069
0.069
0.069
0.069
0.069
0.069
0.069
0.069
0.069
0.069
0.069
0.069
0.069
0.069
0.069
0.069
0.069
0.209
0.209
0.209
0.209
0.209
0.209
0.209
0.209
0.209
0.209
0.209
0.209
0.209
0.209
0.209
0.209
0.209
0.209
0.069
0.069
0.069
0.069
0.069
0.069
0.069
0.069
0.069
0.069
0.069
0.069
0.069
0.069
0.069
0.069
0.069
0.069
0.069
0.069
0.069
0.069
0.069
0.069
0.069
0.069
0.069
0.069
0.069
0.069
0.069
0.069
0.069
0.069
0.069
0.069
0.069
0.069
0.069
0.069
0.069
0.069
0.069
0.069
0.069
0.069
0.069
0.069
0.069
0.069
0.069
0.069
0.069
0.209
0.209
0.209
0.209
0.209
0.209
0.209
0.209
0.209
0.209
0.209
0.209
0.209
0.209
0.209
0.209
0.209
0.209
0.069
0.069
0.069
0.069
0.069
0.069
0.069
0.069
0.069
0.069
0.069
0.069
0.069
0.069
0.069
0.069
0.069
0.069
0.069
0.069
0.069
0.069
0.069
0.069
0.069
0.069
0.069
0.069
0.069
0.069
0.069
0.069
0.069
0.069
0.069
0.069
0.069
0.069
0.069
0.069
0.069
0.069
0.069
0.069
0.069
0.069
0.069
0.069
0.069
0.069
0.069
0.069
0.069
0.069
0.069
0.069
0.069
0.069
0.069
0.069
0.069
0.069
0.069
0.069
0.069
0.069
0.069
0.069
0.069
0.069
0.069
0.067
0.087
0.087
0.087
0.067
0.067
0.067
0.237
0.237
0.237
0.167
0.167
0.167
0.167
0.167
0.167
0.167
0.167
0.067
0.067
0.067
0.067
0.067
0.067
0.127
1.995
2.095
2.095
0.387
0.407
0.407
0.407
0.407
0.407
0.407
0.457
0.457
0.477
0.457
10.438
10.438
10.418
0.437
0.437
0.607
0.607
0.657
0.657
0.697
0.647
0.647
0.447
0.387
0.387
0.387
0.387
0.387
0.487
0.387
0.387
0.387
0.287
0.287
0.287
0.287
0.287
0.217
0.217
0.217
0.317
0.317
0.317
0.337
0.367
0.367
0.367
1.458
1.421
1.421
0.38
0.38
0.33
0.33
0.33
0.33
0.33
0.33
0.33
0.33
0.33
0.39
0.39
0.39
0.46
0.56
0.56
0.56
0.61
0.61
0.61
0.61
2.378
2.378
2.378
10.531
10.531
10.531
0.55
0.622
0.622
0.622
0.622
0.622
0.622
0.622
0.582
2.565
2.565
2.705
2.705
2.705
2.785
2.785
2.785
2.825
2.805
2.805
2.805
2.805
2.814
2.774
2.774
2.874
2.824
2.824
2.844
2.704
0.658
0.658
0.658
0.658
0.671
0.671
0.671
0.671
0.671
0.671
0.671
0.731
0.731
0.731
0.631
0.651
0.651
0.651
0.551
0.551
0.551
0.551
0.551
0.551
0.551
1.641
1.641
1.641
1.691
1.691
1.691
1.799
1.799
1.799
1.799
1.749
1.749
1.749
1.749
1.749
1.889
1.889
1.889
1.889
1.889
1.829
1.829
1.829
1.829
1.829
1.829
1.829
1.829
1.829
1.829
0.669
0.609
0.609
0.469
0.449
0.449
0.449
0.449
0.626
0.613
0.436
0.436
0.436
0.436
0.376
2.43
2.43
2.43
2.43
2.43
2.43
2.607
2.607
2.33
2.33
2.33
2.33
2.33
2.33
2.33
2.33
2.33
2.33
2.33
2.507
0.453
0.276
0.276
0.141
0.141
0.141
0.141
0.141
0.281
0.281
0.281
0.281
0.458
0.458
0.776
0.776
0.776
0.776
0.776
0.209
0.209
0.209
0.209
0.209
0.209
0.209
0.069
0.069
0.069
0.069
0.069
0.069
0.069
0.069
0.069
0.069
0.069
0.069
0.069
0.069
0.069
0.069
0.069
0.069
0.069
0.069
0.069
0.069
0.069
0.069
0.069
0.069
0.069
0.069
0.069
0.069
0.069
0.069
0.069
0.069
0.069
0.069
0.069
0.069
0.069
0.069
0.069
0.069
0.069
0.069
0.069
0.069
0.069
0.069
0.069
0.069
0.069
0.069
0.209
0.209
0.209
0.209
0.209
0.209
0.209
0.209
0.209
0.209
0.209
0.209
0.209
0.209
0.209
0.209
0.209
0.209
0.069
0.069
0.069
0.069
0.069
0.069
0.069
0.069
0.069
0.069
0.069
0.069
0.069
0.069
0.069
0.069
0.069
0.069
0.069
0.069
0.069
0.069
0.069
0.069
0.069
0.069
0.069
0.069
0.069
0.069
0.069
0.069
0.069
0.069
0.069
0.069
0.209
0.315
0.315
2.651
2.651
2.651
2.651
2.651
2.651
2.651
2.651
2.651
2.651
2.651
2.651
2.651
2.651
2.651
2.511
2.511
2.511
2.511
2.403
2.403
2.403
2.403
2.403
2.772
2.772
2.772
2.772
2.403
2.403
2.403
2.403
2.403
2.403
2.403
2.403
2.403
2.403
2.403
2.403
2.403
2.403
2.403
2.403
2.403
2.403
2.428
2.428
2.428
2.558
2.558
2.558
2.558
2.558
2.558
2.558
2.558
2.558
2.558
2.558
0.222
0.222
0.222
0.362
0.362
0.362
0.362
0.362
0.362
0.362
0.362
0.362
0.362
0.362
0.362
0.422
0.422
0.422
0.422
0.422
0.422
0.282
0.282
0.282
0.282
0.282
0.282
0.282
0.282
0.282
0.282
0.282
0.282
0.282
0.282
0.282
0.332
0.332
0.332
0.332
0.701
0.701
0.701
0.701
0.332
0.332
0.332
0.332
0.332
0.332
0.332
0.222
0.222
0.222
0.242
0.242
0.242
0.242
0.302
0.277
0.277
0.277
0.277
0.277
0.377
0.277
0.277
0.297
0.297
0.277
0.277
0.337
0.357
0.357
0.407
0.507
0.457
0.597
0.537
0.537
0.537
0.537
0.537
0.537
0.537
0.537
0.537
0.537
0.587
0.545
0.545
0.545
0.545
0.545
0.545
0.405
0.297
0.297
0.297
0.297
0.297
0.297
0.347
0.347
0.347
0.457
0.457
0.457
0.457
0.457
0.457
0.441
0.381
0.381
0.381
0.381
0.381
0.394
0.394
0.344
0.344
0.344
0.344
0.344
0.29
0.29
0.404
0.404
0.404
0.404
0.404
0.404
0.464
0.514
0.514
0.614
0.614
0.564
0.564
0.504
0.484
0.484
0.456
0.396
0.396
0.396
0.416
0.416
0.486
0.496
2.549
2.469
2.489
2.469
2.469
2.369
2.369
2.369
2.469
2.469
2.569
2.569
2.569
2.569
2.609
2.609
2.609
2.609
2.609
2.649
2.649
0.616
0.676
0.636
0.636
0.616
0.616
0.603
0.763
0.783
0.703
0.703
0.703
0.763
0.763
0.833
0.763
0.783
0.813
0.763
1.132
1.132
1.132
1.132
0.763
0.763
0.823
0.823
1.003
0.929
0.929
0.829
0.789
0.789
0.789
0.799
0.799
0.689
0.709
0.549
0.529
0.529
0.549
0.549
0.599
0.599
0.459
0.459
0.459
0.539
0.539
0.599
0.599
0.599
0.599
0.599
0.599
0.619
0.619
0.619
0.689
0.689
0.749
0.749
0.986
0.986
0.749
2.517
2.357
2.397
0.559
0.619
0.679
0.619
0.679
0.679
0.679
0.836
0.836
0.659
0.659
0.549
0.549
0.549
0.549
0.549
0.563
0.633
0.733
0.783
0.96
1.054
0.767
0.767
0.667
0.717
0.717
0.717
0.717
0.717
0.717
0.717
0.717
0.894
0.894
1.212
1.312
1.312
1.312
1.242
0.783
0.763
0.823
0.763
0.803
0.783
0.683
0.683
0.703
0.553
0.653
0.633
0.633
0.653
0.713
0.763
0.863
0.863
0.763
0.763
0.763
0.763
0.823
0.763
0.763
0.763
0.833
0.733
0.753
0.753
0.753
0.753
0.753
0.753
0.853
0.745
0.745
0.758
0.758
0.658
0.658
0.658
0.658
0.758
0.758
0.758
0.758
0.867
0.867
0.844
0.844
0.844
0.844
0.844
0.844
0.824
0.824
0.824
0.824
0.824
0.824
0.824
0.824
0.824
0.824
0.824
0.824
0.824
0.824
0.824
0.824
0.724
0.724
0.724
0.724
0.684
0.624
0.649
0.649
0.599
0.599
0.599
0.599
0.599
0.649
0.663
0.803
0.803
0.733
0.841
0.841
0.841
0.841
0.841
0.841
0.733
0.733
0.72
0.72
0.77
0.71
0.73
0.73
0.71
0.57
0.52
0.52
0.52
0.52
0.52
0.52
0.52
0.52
0.52
0.52
0.52
0.52
0.52
0.52
0.52
0.52
0.52
0.46
0.52
0.54
0.54
0.54
0.54
0.54
0.54
0.69
0.69
0.69
0.69
0.69
0.71
0.71
0.71
0.71
0.71
0.71
0.71
0.71
0.77
0.77
0.77
0.77
0.71
0.71
0.71
0.685
0.705
0.705
0.705
0.845
0.845
0.775
0.655
0.621
0.729
0.729
0.789
0.789
0.789
0.789
0.729
0.729
0.729
0.738
0.738
0.729
0.729
0.719
0.685
0.645
0.545
0.545
0.545
0.545
0.445
0.575
0.575
0.575
0.625
0.555
0.555
0.555
0.655
0.655
0.436
0.496
0.496
0.496
0.496
0.496
0.386
0.386
0.386
0.436
0.436
0.45
0.47
0.47
0.49
0.49
0.49
0.44
0.44
0.44
0.5
0.5
0.6
0.6
0.6
0.7
0.7
0.64
0.64
0.7
0.65
0.65
0.65
0.65
0.65
0.65
0.65
0.65
0.65
0.65
0.65
0.65
0.65
0.635
0.635
0.635
0.775
0.775
0.795
0.953
0.903
0.903
0.912
0.972
1.022
1.022
1.022
1.022
1.067
0.998
0.998
0.998
0.998
0.998
0.824
0.824
0.894
0.894
0.894
0.894
0.794
0.803
0.903
0.903
0.903
0.903
0.916
0.916
0.679
0.679
0.679
0.787
0.679
0.659
0.665
0.665
0.674
0.544
0.524
0.524
0.524
0.474
0.574
0.588
0.588
0.588
0.588
0.588
0.579
0.579
0.579
0.579
0.579
0.579
0.579
0.639
0.639
0.539
0.539
0.539
0.539
0.559
