0.074
0.06999999999999999
0.064
0.064
0.064
0.064
0.064
0.068
0.074
0.074
0.074
0.074
0.074
0.074
0.074
0.074
0.074
0.074
0.173
0.23899999999999996
0.23899999999999996
0.23899999999999996
0.13999999999999996
0.074
0.074
0.074
0.074
0.074
0.074
0.074
0.074
0.074
0.173
0.23899999999999996
0.23899999999999996
0.23899999999999996
0.20420000000000002
0.181
0.181
0.181
0.074
0.074
0.074
0.074
0.074
0.074
0.074
0.32459999999999994
0.346
0.346
0.32459999999999994
0.074
0.074
0.074
0.074
0.074
0.074
0.074
0.074
0.11679999999999999
0.181
0.181
0.27999999999999997
0.2604
0.23899999999999996
0.23899999999999996
0.13999999999999996
0.074
0.074
0.074
0.074
0.15960000000000002
0.181
0.181
0.1596
0.074
0.074
0.074
0.074
0.074
0.074
0.23899999999999996
0.23899999999999996
0.23899999999999996
0.32459999999999994
0.181
0.181
0.1596
0.074
0.074
0.074
0.074
0.074
0.074
0.074
0.074
0.336
0.354
3.7956000000000003
3.813
3.6659999999999995
3.6606
2.7697999999999996
6.3237999999999985
6.1726
4.0386
3.627
0.196
0.275
0.275
0.382
0.382
0.3964
0.4112
1.5342
2.482
2.458
2.452
1.6588
0.304
0.304
0.304
0.304
0.41200000000000003
1.7955999999999999
3.8239999999999994
3.8239999999999994
3.8239999999999994
2.4752
1.1263999999999998
0.21199999999999997
0.446
0.418
0.45339999999999997
0.38739999999999997
0.146
0.21679999999999996
0.146
0.146
0.5138
0.30080000000000007
0.074
0.13999999999999999
0.23899999999999996
0.23899999999999996
0.23899999999999996
0.173
0.074
0.074
0.074
0.074
0.074
0.074
0.074
0.11679999999999999
0.181
0.181
0.181
0.09540000000000001
0.173
0.23899999999999996
0.23899999999999996
0.23899999999999996
0.13999999999999996
3.717
3.717
4.591799999999999
3.0426
0.345
0.369
0.44980000000000003
0.421
0.6042
0.7218
1.0303999999999998
2.721
2.6973999999999996
2.687
2.294
0.21200000000000002
0.146
0.146
0.146
0.146
0.146
0.146
0.146
0.146
0.1674
0.253
0.253
0.4888
0.3538
0.311
0.3818
0.146
0.1814
0.1814
0.146
0.31579999999999997
0.5276
0.074
1.844
1.9929999999999999
3.0198
2.1719999999999997
2.3398
5.801
0.3031999999999999
0.23899999999999996
0.13999999999999996
0.074
0.074
0.074
3.6781999999999995
3.6506
3.7085999999999997
0.43900000000000006
0.4486
0.53
0.518
0.518
0.5668
0.6519999999999999
3.5439999999999996
4.4032
4.322
4.277
1.4922
0.7137999999999999
0.695
0.6094
0.695
0.727
0.735
0.7868
0.738
0.782
0.806
1.0604
1.0621999999999998
0.9148
0.8544
0.5953999999999999
0.563
0.5654
0.5962
0.47000000000000003
0.5640000000000001
0.607
0.593
3.3286000000000002
4.015
3.9926000000000004
0.074
0.074
0.10699999999999998
0.23899999999999996
0.23899999999999996
0.23899999999999996
0.20600000000000002
0.074
0.074
0.074
0.074
0.074
0.074
0.074
0.074
0.074
0.074
0.20600000000000002
0.2604
0.346
0.346
0.21400000000000002
0.11679999999999999
0.074
0.074
0.074
0.074
0.074
0.074
0.074
0.074
0.27999999999999997
0.346
0.346
