0.7075999999999999
0.6776000000000001
0.26526666666666665
0.04800000000000001
0.05400000000000002
0.058000000000000024
0.2287333333333333
0.17073333333333335
0.32453333333333334
0.17866666666666656
0.08426666666666668
0.2709333333333333
0.2240000000000001
0.058000000000000024
0.19073333333333328
0.19073333333333323
0.2819999999999999
0.23920000000000005
0.058000000000000024
0.058000000000000024
0.11333333333333333
0.40786666666666677
0.2389999999999999
0.14246666666666663
0.058000000000000024
0.058000000000000024
0.30219999999999997
0.2389999999999999
0.08213333333333338
0.20186666666666672
0.188
0.18933333333333324
0.22693333333333326
0.15453333333333324
0.06360000000000002
0.28513333333333335
0.7607333333333333
0.20833333333333334
0.5903333333333334
0.6678666666666667
0.4884666666666667
1.7984
2.2088666666666663
2.212
2.0671999999999997
0.7156666666666667
0.058000000000000024
0.17619999999999997
0.26846666666666663
0.3336000000000002
0.12440000000000004
0.058000000000000024
0.08213333333333335
0.3834666666666667
0.15773333333333328
0.15760000000000002
0.17973333333333333
0.16659999999999994
0.39873333333333333
0.10226666666666667
0.2240000000000001
0.06906666666666669
0.20279999999999992
0.32313333333333333
0.1084666666666667
0.2240000000000001
0.18093333333333333
0.35513333333333325
0.5851999999999999
0.5126666666666668
0.4885333333333335
0.4214666666666667
0.3376
0.7078666666666666
0.5945333333333334
0.3674666666666667
0.32760000000000006
0.303
0.5983333333333333
0.6764666666666667
0.5639333333333333
0.3572666666666667
0.6059999999999999
1.0615999999999999
0.8369333333333332
0.6507333333333333
0.5351333333333332
1.1192666666666669
1.4861333333333333
1.3078666666666667
1.074
0.6875333333333333
0.3600666666666666
0.45686666666666664
0.3571333333333333
0.2635333333333333
