0.063
0.063
3.277
3.569
3.6390000000000002
3.559
0.075
0.075
0.075
0.075
0.075
0.075
0.075
0.075
0.075
0.075
0.075
0.075
0.075
0.075
0.075
0.18960000000000002
0.3436
0.4600000000000001
0.4600000000000001
0.3054
0.075
0.075
0.075
0.075
0.075
0.075
0.075
0.075
0.075
0.266
0.266
0.266
0.266
0.15139999999999998
0.075
0.11379999999999998
0.269
0.269
0.1914
0.075
0.075
0.075
0.075
0.075
0.075
0.075
0.075
0.1514
0.266
0.266
0.4600000000000001
0.4600000000000001
0.23020000000000002
0.075
0.075
0.075
0.075
0.075
0.075
0.075
0.075
0.075
0.075
0.075
0.1526
0.269
0.269
0.2672
0.266
0.266
0.266
0.2278
0.075
0.075
0.075
0.075
0.075
0.075
0.075
0.269
0.269
0.23020000000000002
0.075
0.18960000000000002
0.42600000000000005
0.44299999999999995
0.8794000000000001
0.4082
0.225
0.9862
0.5486000000000002
0.26
0.335
0.345
0.29699999999999993
0.381
0.611
0.515
0.4922000000000001
0.365
0.5156000000000001
0.5886000000000001
0.6214000000000001
0.608
0.7282
0.273
0.28019999999999995
0.449
0.372
0.33699999999999997
0.47300000000000003
0.483
0.5269999999999999
0.409
0.4394
0.606
0.5820000000000001
0.5646
0.577
0.46240000000000003
0.386
0.386
0.45620000000000005
0.43899999999999995
0.42299999999999993
0.44299999999999995
0.4406
0.5109999999999999
0.9014
0.968
0.9172
0.758
0.719
0.492
0.42000000000000004
0.42000000000000004
0.42000000000000004
0.29400000000000004
0.29000000000000004
0.4048
0.45299999999999996
0.462
0.5008
0.704
0.674
0.5714
0.40700000000000003
0.395
0.363
0.5986
0.787
0.719
0.671
0.6328
0.36639999999999995
0.267
0.6235999999999999
1.1042
0.355
0.383
0.363
0.379
0.5382
0.7137999999999999
0.8059999999999998
0.6692
0.661
0.4824
0.4779999999999999
0.47800000000000004
0.586
0.462
0.394
0.43
1.5838
0.442
0.7924
0.5955999999999999
0.9390000000000001
1.103
1.9924
0.921
0.8331999999999999
0.5965999999999999
0.607
0.7330000000000001
0.89
0.89
0.9099999999999999
0.906
0.8539999999999999
0.883
0.7354
0.7213999999999998
1.3226
1.8032
0.8488
0.6464000000000001
0.7054
0.805
0.7649999999999999
0.8656
1.1019999999999999
1.0
4.083799999999999
4.5493999999999994
4.797199999999999
4.0920000000000005
0.7946000000000002
0.712
0.7096
0.7649999999999999
1.0219999999999998
1.042
4.1373999999999995
6.365
6.5116
6.544
3.9677999999999995
3.3649999999999998
1.5404
0.951
0.8586
0.782
0.7526
0.7882
0.8094000000000001
4.077
4.1442
4.077799999999999
6.0648
2.964
3.15
3.1059999999999994
1.5216
1.073
0.8619999999999999
0.8379999999999999
0.858
0.7090000000000001
0.857
1.5722
2.5214
1.0741999999999998
1.2409999999999999
1.1696
1.0926
0.9356
0.9190000000000002
0.9938
0.8789999999999999
0.9286
0.8977999999999999
0.8906000000000001
0.9717999999999998
1.3350000000000002
0.8064
0.9411999999999999
0.8539999999999999
0.884
0.8690000000000001
0.9042
0.9524000000000001
1.0004
1.9242000000000001
2.6922000000000006
2.8375999999999997
3.1188000000000002
2.1068
0.9209999999999999
0.796
0.8
0.2998
0.147
0.147
0.147
0.147
0.18580000000000002
0.341
0.341
0.2614
0.20780000000000004
