0.07
0.07
0.07
0.07
0.07
0.07
0.07
0.07
0.07
0.07
0.07
0.07
0.07
0.06
0.06
0.06
0.06
0.06
0.06
0.06
0.06
0.06
0.06
0.06
0.06
0.06
0.06
0.06
0.06
0.06
0.06
0.06
0.06
0.06
0.06
0.06
0.06
0.06
0.06
0.06
0.06
0.06
0.06
0.07
0.07
0.07
0.07
0.07
0.07
0.07
0.07
0.07
0.07
0.07
0.07
0.07
0.07
0.07
0.07
0.07
0.07
0.07
0.07
0.07
0.07
0.07
0.07
0.07
0.07
0.07
0.07
0.07
0.07
0.07
0.07
0.07
0.07
0.07
0.07
0.07
0.07
0.07
0.07
0.07
0.07
0.07
0.07
0.07
0.07
0.07
0.278
0.278
0.278
0.278
0.278
0.278
0.278
0.278
0.278
0.278
0.278
0.278
0.278
0.278
0.278
0.278
0.278
0.278
0.278
0.278
0.278
0.278
0.07
0.07
0.07
0.07
0.07
0.07
0.07
0.07
0.07
0.07
0.07
0.07
0.07
0.07
0.07
0.07
0.07
0.07
0.07
0.07
0.07
0.07
0.07
0.07
0.07
0.07
0.07
0.07
0.07
0.07
0.07
0.07
0.07
0.07
0.07
0.07
0.07
0.07
0.07
0.07
0.07
0.07
0.07
0.07
0.07
0.07
0.07
0.07
0.07
0.07
0.07
0.07
0.07
0.07
0.07
0.07
0.07
0.07
0.07
0.07
0.07
0.07
0.07
0.07
0.07
0.07
0.07
0.07
0.07
0.07
0.07
0.07
0.07
0.07
0.278
0.278
0.278
0.278
0.278
0.278
0.278
0.278
0.278
0.278
0.278
0.278
0.278
0.278
0.278
0.278
0.278
0.278
0.278
0.278
0.278
0.278
0.07
0.07
0.07
0.07
0.07
0.07
0.07
0.07
0.07
0.07
0.07
0.07
0.07
0.07
0.07
0.07
0.07
0.07
0.07
0.07
0.07
0.07
0.07
0.07
0.07
0.07
0.07
0.07
0.07
0.07
0.07
0.07
0.07
0.07
0.07
0.07
0.07
0.07
0.07
0.07
0.07
0.07
0.07
0.07
0.278
0.278
0.278
0.278
0.278
0.278
0.278
0.278
0.276
0.316
0.316
0.316
0.371
0.371
0.371
0.371
0.38
0.38
0.38
0.38
0.371
0.371
0.203
0.163
0.163
0.163
0.163
0.223
0.236
0.336
0.336
0.336
0.336
0.396
0.396
0.336
0.396
0.396
0.336
0.336
0.336
0.484
0.484
0.484
0.484
0.484
0.484
0.484
0.404
0.349
0.409
0.409
0.409
0.409
0.409
0.409
0.409
0.409
0.409
0.409
0.409
0.409
0.409
0.409
0.409
0.469
0.529
0.529
0.529
0.529
0.529
0.529
0.529
0.529
0.529
0.529
0.529
0.529
0.737
0.737
0.737
0.737
0.737
0.737
0.737
0.737
0.737
0.787
0.874
0.874
0.874
0.874
0.874
0.874
0.961
0.961
0.961
0.961
0.961
0.961
0.753
0.753
3.403
3.503
5.575
5.575
5.515
3.453
3.453
3.453
3.453
3.453
3.453
3.453
3.623
3.623
3.573
3.613
3.653
3.653
3.613
3.613
0.963
0.863
0.863
0.863
0.963
0.963
1.023
0.863
0.918
0.918
0.918
0.918
1.068
1.068
0.918
0.918
0.918
0.918
0.858
0.918
0.918
0.918
0.858
0.858
0.858
0.858
0.738
0.738
0.738
0.733
0.733
0.941
0.941
0.891
0.891
0.891
0.891
0.891
0.951
0.951
0.951
0.891
0.891
0.891
0.891
0.891
0.891
0.891
0.891
0.891
0.951
0.891
0.891
0.683
0.683
0.683
0.673
0.673
0.673
0.633
0.633
0.633
0.693
0.673
0.613
0.673
0.673
0.673
0.653
0.653
0.713
0.753
0.753
0.693
0.693
0.653
0.653
0.653
0.653
0.653
0.593
0.593
0.653
0.713
0.713
0.653
0.603
3.253
3.308
3.268
3.268
3.328
3.328
3.268
3.268
3.126
3.126
3.066
3.166
3.166
3.166
3.166
3.374
3.374
3.447
3.447
3.447
0.797
0.866
0.866
0.866
0.866
0.866
0.966
0.966
0.966
0.966
0.966
0.966
0.966
0.966
0.966
1.066
0.966
0.758
0.698
0.07
0.07
0.07
0.07
0.07
0.07
0.07
0.07
0.07
0.07
0.07
0.07
0.07
0.07
0.07
0.07
0.07
0.07
0.07
0.07
0.07
0.07
0.07
0.07
0.07
0.07
0.07
0.07
0.07
0.07
0.07
0.07
0.07
0.07
0.07
0.07
0.07
0.07
0.07
0.07
0.07
0.07
0.07
0.07
0.07
0.07
0.07
0.07
0.07
0.278
0.278
0.278
0.278
0.278
0.278
0.278
0.278
0.278
0.278
0.278
0.278
0.278
0.278
0.278
0.278
0.278
0.278
0.278
0.278
0.278
0.278
0.07
0.07
0.07
0.07
0.07
0.07
0.07
0.07
0.07
0.07
0.07
0.07
0.07
0.07
0.07
0.07
0.07
0.07
0.07
0.07
0.07
0.07
0.07
0.07
0.07
0.07
0.07
0.07
0.07
0.07
0.07
0.07
0.07
0.07
0.07
0.07
0.07
0.07
0.07
0.07
0.07
0.07
0.07
0.07
0.07
0.07
0.07
0.07
0.07
0.07
0.07
0.07
0.278
0.278
0.278
0.278
0.278
0.278
0.278
0.278
0.278
0.278
0.278
0.278
0.278
0.278
0.278
0.278
0.278
0.278
0.278
0.278
0.278
0.278
0.07
0.07
0.07
0.07
0.07
0.07
0.07
0.07
0.07
0.07
0.07
0.07
0.07
0.07
0.07
0.07
0.07
0.07
0.07
0.07
0.07
0.07
0.07
0.07
0.07
0.07
0.07
0.07
0.07
0.07
0.07
0.07
0.07
0.07
0.07
0.07
0.07
0.07
0.07
0.07
0.07
0.07
0.07
0.07
0.07
0.07
0.07
0.07
0.07
0.07
0.07
0.07
0.07
0.07
0.07
0.278
0.278
0.278
0.278
0.278
0.278
0.278
0.278
0.278
0.278
0.278
0.278
0.278
0.278
0.278
0.278
0.278
0.278
0.278
0.278
0.278
0.278
0.07
0.07
0.07
0.07
0.07
0.07
0.07
0.07
0.07
0.07
0.07
0.07
0.07
0.07
0.07
0.07
0.07
0.07
0.07
0.07
0.07
0.07
0.07
0.07
0.07
0.07
0.07
0.07
0.07
0.07
0.07
0.07
0.07
0.07
0.07
0.07
0.07
0.07
0.07
0.07
0.07
0.07
0.07
0.07
0.07
0.07
0.07
0.07
0.07
0.07
0.07
0.07
0.07
0.07
0.07
0.07
0.07
0.07
0.07
0.07
0.07
0.07
0.07
0.07
0.07
0.07
0.278
0.278
0.437
0.567
0.567
0.567
0.567
0.437
0.437
0.437
0.437
0.437
0.437
0.437
0.437
0.437
0.437
0.437
0.437
0.437
0.437
0.437
0.244
0.244
2.256
2.256
2.256
2.894
2.894
2.894
2.894
2.954
2.954
2.954
2.954
2.954
2.954
2.894
2.894
2.894
2.881
2.881
2.881
2.881
2.881
2.881
2.881
0.231
0.244
0.244
0.244
0.244
0.07
0.07
0.07
0.07
0.07
0.07
0.07
0.07
0.07
0.07
0.07
0.07
0.07
0.07
0.278
0.278
0.278
0.278
0.278
0.278
0.278
0.278
0.278
0.278
0.278
0.278
0.278
0.278
0.278
0.278
0.278
0.278
0.278
0.278
0.278
0.278
0.07
0.07
0.07
0.07
0.07
0.07
0.07
0.07
0.07
0.07
0.07
0.07
0.07
0.07
0.07
0.07
0.07
0.07
0.07
0.07
0.07
0.07
0.07
0.07
0.07
0.07
0.07
0.07
0.07
0.07
0.07
0.07
0.07
0.07
0.07
0.07
0.07
0.07
0.07
0.07
0.07
0.07
0.07
0.07
0.07
0.07
0.07
0.07
0.07
0.07
0.07
0.07
0.07
0.07
0.07
0.07
0.07
0.07
0.07
0.278
0.278
0.278
0.278
0.278
0.452
0.452
0.452
0.572
0.572
0.512
0.512
0.512
0.512
0.512
0.278
0.278
0.278
0.278
0.278
0.278
0.278
0.07
0.07
0.07
0.07
0.07
0.07
0.07
0.07
0.07
0.07
0.07
0.07
0.07
0.07
0.07
0.07
0.07
0.07
0.07
0.07
0.07
0.07
0.07
0.07
0.07
0.07
0.07
0.07
0.07
0.07
0.07
0.07
0.07
0.07
0.07
0.07
0.07
0.07
0.07
0.07
0.07
0.07
0.07
0.07
0.07
0.07
0.07
0.07
0.07
0.07
0.07
0.07
0.07
0.07
0.278
0.278
0.278
0.278
0.278
0.278
0.278
0.278
0.278
0.452
0.452
0.452
0.452
0.552
0.452
0.512
0.612
0.612
0.612
0.612
0.612
0.612
0.404
0.404
0.404
0.404
0.344
0.344
0.344
0.344
0.464
0.404
0.404
0.58
0.58
0.58
0.58
0.58
0.64
0.649
0.589
0.52
0.357
0.397
0.397
0.397
0.447
0.447
0.447
3.247
3.247
3.247
3.247
3.247
3.307
3.294
3.294
3.294
3.274
3.274
3.274
3.274
3.174
3.229
3.229
3.229
3.329
3.329
3.329
0.679
0.887
0.707
0.757
0.657
0.757
0.757
0.607
0.627
1.815
1.755
1.755
1.795
1.815
1.815
1.815
1.875
1.875
1.875
1.935
2.035
2.035
2.075
1.867
1.867
1.867
1.867
1.807
1.807
1.787
1.787
1.787
1.787
1.787
1.787
1.787
1.671
1.671
1.671
1.611
1.611
1.611
1.611
1.671
1.671
1.671
1.671
1.671
1.611
1.611
1.611
1.611
1.611
1.611
1.611
1.551
1.551
1.511
1.511
1.511
1.511
1.511
1.411
1.411
1.431
1.431
1.431
1.491
1.491
0.403
0.403
0.443
0.423
0.423
0.553
0.553
0.51
0.51
3.16
3.12
3.06
3.1
3.013
5.025
4.985
4.945
3.063
3.063
3.063
3.103
3.063
3.063
3.063
3.063
3.063
3.063
3.063
3.063
0.413
0.413
0.353
0.561
0.561
0.561
0.561
0.601
0.601
0.761
0.781
0.681
0.681
0.681
0.681
0.721
0.591
0.651
0.651
0.651
0.651
0.721
0.721
3.371
3.674
3.466
3.466
3.466
3.163
3.163
3.163
3.163
3.163
3.163
3.163
3.163
3.123
3.123
3.331
3.201
3.301
3.301
3.301
0.651
0.781
0.781
0.781
0.781
0.761
0.67
0.67
0.606
0.606
0.606
0.666
0.606
0.666
0.666
0.721
0.591
0.631
0.631
0.691
0.767
0.767
0.767
0.767
0.727
0.727
0.727
3.507
3.507
3.507
3.507
3.507
3.507
3.507
3.507
3.507
3.507
3.447
3.447
3.387
3.387
3.387
3.387
3.407
3.615
3.615
3.624
0.987
0.987
1.027
1.027
1.027
1.127
1.087
1.087
1.087
1.067
1.067
1.007
1.007
1.027
1.027
0.987
0.987
0.871
0.871
0.663
0.663
0.663
0.663
0.663
0.663
0.663
0.663
0.663
0.663
2.735
2.855
2.895
0.883
0.823
0.823
0.883
0.883
0.883
0.933
0.813
0.813
0.763
0.763
0.763
0.723
0.723
0.783
0.783
0.783
0.783
0.883
1.033
1.073
0.863
0.863
0.863
0.863
0.863
0.863
0.854
0.841
0.881
0.941
0.941
1.001
1.001
1.001
1.001
0.871
0.871
0.831
0.831
0.831
0.831
0.831
0.831
0.831
0.831
0.831
0.816
0.816
0.876
0.756
0.771
0.771
0.784
0.784
0.992
0.992
0.992
0.932
0.932
0.932
0.932
1.122
1.122
1.162
1.162
2.079
2.088
2.088
1.231
1.231
1.231
1.277
1.277
1.182
1.182
1.182
0.974
0.974
0.974
1.029
1.029
1.029
1.029
1.029
1.029
1.029
1.029
1.029
1.029
1.029
1.129
1.179
1.179
1.084
1.2
1.2
1.2
1.18
1.235
1.235
1.322
1.362
1.302
1.302
1.242
1.282
1.227
1.227
1.227
1.227
1.227
1.227
1.234
1.194
1.174
1.174
1.174
1.174
1.174
1.174
1.174
1.174
1.174
1.159
1.159
3.769
3.769
3.829
3.829
3.789
3.789
3.789
3.789
3.789
3.789
3.789
3.789
3.789
3.789
