0.059
0.059
0.059
0.049
0.049
0.049
0.049
0.049
0.049
0.049
0.049
0.049
0.049
0.049
0.049
0.049
0.049
0.049
0.049
0.049
0.049
0.049
0.049
0.049
0.049
0.049
0.049
0.049
0.049
0.049
0.049
0.049
0.049
0.059
0.059
0.059
0.059
0.059
0.059
0.059
0.059
0.059
0.059
0.059
0.059
0.059
0.059
0.059
0.059
0.059
0.171
0.171
0.171
0.171
0.171
0.171
0.171
0.171
0.171
0.171
0.171
0.171
0.171
0.171
0.171
0.171
0.171
0.171
0.059
0.059
0.059
0.059
0.059
0.059
0.059
0.059
0.059
0.059
0.059
0.059
0.059
0.059
0.059
0.059
0.059
0.059
0.059
0.059
0.059
0.059
0.059
0.059
0.059
0.059
0.059
0.059
0.059
0.059
0.059
0.059
0.059
0.059
0.059
0.059
0.171
0.171
0.171
0.171
0.171
0.171
0.171
0.171
0.171
0.171
0.171
0.171
0.171
0.171
0.171
0.171
0.171
0.171
0.059
0.059
0.059
0.059
0.059
0.059
0.059
0.059
0.059
0.059
0.059
0.059
0.059
0.059
0.059
0.059
0.059
0.059
0.059
0.059
0.059
0.059
0.059
0.059
0.059
0.059
0.059
0.059
0.059
0.059
0.059
0.059
0.059
0.059
0.059
0.059
0.059
0.059
0.059
0.059
0.059
0.059
0.171
0.171
0.171
0.171
0.171
0.171
0.171
0.171
0.171
0.171
0.171
0.171
0.171
0.171
0.171
0.171
0.171
0.171
0.059
0.059
0.059
0.059
0.059
0.059
0.059
0.059
0.059
0.059
0.059
0.059
0.059
0.059
0.059
0.059
0.059
0.059
0.059
0.059
0.059
0.059
0.059
0.059
0.059
0.059
0.059
0.059
0.059
0.059
0.059
0.059
0.059
0.059
0.059
0.059
0.059
0.059
0.059
0.059
0.059
0.059
0.059
0.059
0.059
0.059
0.059
0.059
0.059
0.059
0.059
0.059
0.059
0.059
0.059
0.059
0.059
0.059
0.059
0.059
0.059
0.059
0.059
0.059
0.059
0.059
0.059
0.059
0.059
0.059
0.059
0.059
0.059
0.059
0.059
0.059
0.059
0.059
0.059
0.059
0.059
0.059
0.059
0.059
0.059
0.059
0.059
0.059
0.059
0.059
0.059
0.059
0.059
0.059
0.059
0.059
0.059
0.059
0.059
0.059
0.059
0.059
0.059
0.059
0.059
0.059
0.059
0.059
0.059
0.059
0.059
0.059
0.059
0.059
0.059
0.059
0.059
0.059
0.059
0.059
0.059
0.059
0.059
0.059
0.059
0.059
0.059
0.059
0.059
0.059
0.059
0.059
0.059
0.059
0.059
0.059
0.059
0.059
0.059
0.059
0.059
0.059
0.059
0.059
0.059
0.059
0.059
0.059
0.059
0.059
0.059
0.059
0.059
0.059
0.059
0.059
0.059
0.059
0.059
0.059
0.059
0.059
0.059
0.059
0.059
0.059
0.059
0.059
0.059
0.059
0.059
0.059
0.059
0.059
0.059
0.059
0.059
0.059
0.059
0.059
0.059
0.059
0.059
0.059
0.059
0.059
0.059
0.059
0.059
0.059
0.059
0.171
0.171
0.171
0.171
0.171
0.171
0.171
0.171
0.171
0.171
0.171
0.171
0.171
0.171
0.171
0.171
0.171
0.171
0.059
0.059
0.059
0.059
0.059
0.059
0.059
0.059
0.059
0.059
0.059
0.059
0.059
0.059
0.059
0.059
0.059
0.059
0.059
0.059
0.059
0.059
0.059
0.059
0.059
0.059
0.059
0.059
0.059
0.059
0.059
0.059
0.059
0.059
0.059
0.059
0.059
0.059
0.059
0.059
0.059
0.059
0.059
0.059
0.171
0.171
0.171
0.171
0.171
0.171
0.171
0.171
0.171
0.171
0.171
0.171
0.171
0.171
0.171
0.171
0.171
0.171
0.059
0.059
0.059
0.059
0.059
0.059
0.059
0.059
0.059
0.059
0.059
0.059
0.059
0.059
0.059
0.059
0.059
0.059
0.059
0.059
0.059
0.059
0.059
0.059
0.059
0.059
0.059
0.059
0.059
0.059
0.059
0.059
0.059
0.059
0.059
0.059
0.171
0.171
0.171
0.171
0.171
0.171
0.171
0.171
0.171
0.171
0.171
0.169
0.169
0.169
0.278
0.278
0.278
0.238
0.166
0.201
0.261
0.261
0.286
0.286
0.286
0.286
0.286
0.286
0.226
0.226
0.226
0.226
0.226
0.226
0.226
0.226
0.186
0.186
0.186
0.186
0.177
0.197
0.197
0.197
0.197
0.197
0.232
0.232
0.232
0.232
0.232
0.232
0.232
0.232
0.177
0.177
0.177
0.177
0.177
0.177
0.177
0.117
0.117
0.117
0.117
0.117
0.117
0.117
0.229
0.229
0.229
0.229
0.229
0.229
0.229
0.229
0.229
0.229
0.229
2.882
2.882
2.891
2.891
2.891
2.891
2.891
2.779
2.779
2.779
2.779
2.779
2.779
2.779
2.779
2.779
0.126
0.126
0.126
0.126
0.126
0.126
0.126
0.126
0.126
0.126
0.138
0.138
0.138
0.138
0.138
0.138
0.198
0.198
0.198
0.198
0.198
0.198
0.198
0.198
0.198
0.198
0.198
0.198
0.198
0.198
0.198
0.198
0.31
0.25
0.25
0.25
0.25
0.25
0.19
0.227
0.227
0.227
0.227
0.227
0.227
0.227
0.227
0.227
0.227
0.227
0.115
0.115
0.115
0.115
0.115
0.115
0.115
0.115
0.115
0.106
0.106
0.106
0.106
0.106
0.106
0.106
0.263
0.263
0.263
0.263
0.251
0.251
0.251
0.251
0.251
0.251
0.251
0.251
0.251
0.251
2.904
2.904
2.904
2.904
2.904
2.904
2.904
3.974
3.974
3.974
3.974
3.974
3.974
3.974
3.974
3.974
1.33
1.33
1.33
1.33
1.442
1.442
1.454
1.454
1.454
1.454
3.38
3.435
3.38
1.454
1.454
1.454
1.417
1.417
1.417
1.417
1.417
0.447
0.335
0.335
0.335
0.335
0.335
0.335
0.335
0.335
0.335
0.335
0.335
0.335
0.335
0.335
0.335
0.335
0.335
0.335
0.059
0.059
0.059
0.059
0.059
0.059
0.059
0.059
0.059
0.059
0.059
0.059
0.059
0.059
0.059
0.059
0.059
0.059
0.059
0.059
0.059
0.059
0.059
0.059
0.059
0.059
0.059
0.059
0.171
0.171
0.171
0.171
0.171
0.171
0.171
0.171
0.171
0.171
0.171
0.171
0.171
0.171
0.171
0.171
0.171
0.171
0.059
0.059
0.059
0.059
0.059
0.059
0.059
0.059
0.059
0.059
0.059
0.059
0.059
0.059
0.059
0.059
0.059
0.059
0.059
0.059
0.059
0.059
0.059
0.059
0.059
0.059
0.059
0.059
0.059
0.059
0.059
0.059
0.059
0.059
0.059
0.059
0.059
0.059
0.059
0.059
0.059
0.059
0.059
0.059
0.235
0.347
0.347
0.347
0.347
0.347
0.347
0.347
0.347
0.347
0.347
0.347
0.347
0.347
0.347
0.347
0.347
0.347
0.347
0.235
0.235
0.235
0.235
0.235
0.235
0.235
0.223
0.223
0.223
0.223
0.223
0.223
0.223
0.214
0.214
0.214
0.214
0.254
0.254
0.254
0.254
0.254
0.254
0.254
0.254
0.254
0.254
0.294
0.314
0.314
0.314
0.314
0.314
0.314
0.314
0.314
0.314
0.314
0.314
0.314
0.274
0.274
0.274
0.274
0.386
0.386
0.421
0.421
2.347
2.347
2.347
0.421
0.421
0.421
2.347
2.312
2.312
0.386
1.443
1.443
1.443
1.443
1.331
1.331
1.331
1.331
1.331
1.432
1.432
1.467
1.51
1.51
1.51
1.475
1.475
3.401
3.401
3.441
1.658
1.658
0.059
0.059
0.059
0.059
0.059
0.059
0.059
0.059
0.059
0.059
0.059
0.059
0.059
0.059
0.059
0.059
0.059
0.059
0.059
0.059
0.059
0.059
0.059
0.059
0.059
0.059
0.059
0.059
0.059
0.059
0.059
0.059
0.059
0.059
0.059
0.059
0.059
0.059
0.059
0.059
0.059
0.059
0.059
0.059
0.059
0.171
0.171
0.171
0.171
0.171
0.171
0.171
0.171
0.171
0.171
0.171
0.171
0.171
0.171
0.171
0.171
0.171
0.171
0.059
0.059
0.059
0.059
0.059
0.059
0.059
0.059
0.059
0.059
0.059
0.059
0.059
0.059
0.059
0.059
0.059
0.059
0.059
0.059
0.059
0.059
0.059
0.059
0.059
0.059
0.059
0.059
0.059
0.059
0.059
0.059
0.059
0.059
0.059
0.059
0.059
0.059
0.059
0.059
0.059
0.059
0.059
0.059
0.059
0.059
0.059
0.059
0.059
0.059
0.059
0.059
0.059
0.059
0.059
0.059
0.059
0.059
0.059
0.059
0.059
0.059
0.059
0.059
0.059
0.059
0.059
0.059
0.059
0.059
0.059
0.059
0.059
0.059
0.059
0.059
0.059
0.059
0.059
0.059
0.059
0.059
0.059
0.059
0.059
0.059
0.059
0.059
0.059
0.059
0.059
0.059
0.171
0.171
0.171
0.171
0.171
0.171
0.171
0.171
0.171
0.171
0.171
0.171
0.171
0.171
0.171
0.171
0.171
0.171
0.059
0.059
0.059
0.059
0.059
0.059
0.059
0.059
0.059
0.059
0.059
0.059
0.059
0.059
0.059
0.059
0.059
0.059
0.059
0.059
0.059
0.059
0.059
0.059
0.059
0.059
0.059
0.059
0.059
0.059
0.059
0.059
0.059
0.059
0.059
0.059
0.059
0.059
0.059
0.059
0.059
0.059
0.059
0.059
0.059
0.059
0.059
0.059
0.059
0.059
0.059
0.059
0.059
0.059
0.059
0.059
0.059
0.059
0.059
0.059
0.059
0.059
0.059
0.059
0.059
0.059
0.059
0.059
0.059
0.059
0.059
0.059
0.059
0.059
0.059
0.059
0.059
0.059
0.059
0.059
0.059
0.059
0.059
0.059
0.059
0.059
0.059
0.059
0.059
0.059
0.059
0.059
0.059
0.059
0.059
0.059
0.059
0.059
0.059
0.059
0.059
0.059
0.059
0.171
0.171
0.171
0.171
0.171
0.171
0.171
0.171
0.171
0.171
0.171
0.171
0.171
0.171
1.647
1.687
1.687
1.687
1.635
1.595
1.655
1.655
0.607
0.647
0.647
0.607
0.607
0.607
0.607
0.607
0.547
0.607
0.616
0.693
0.561
0.561
0.561
0.681
0.621
0.621
0.52
0.52
0.52
0.52
0.059
0.059
0.059
0.059
0.059
0.059
0.059
0.059
0.059
0.059
0.059
0.059
0.059
0.059
0.059
0.059
0.059
0.059
0.171
0.171
0.171
0.171
0.171
0.171
0.171
0.171
0.171
0.171
0.171
0.171
0.171
0.171
0.171
0.171
0.171
0.171
0.059
0.059
0.059
0.059
0.059
0.059
0.059
0.059
0.059
0.059
0.059
0.059
0.059
0.059
0.059
0.059
0.059
0.059
0.059
0.059
0.059
0.059
0.059
0.059
0.059
0.059
0.059
0.059
0.059
0.059
0.059
0.059
0.059
0.059
0.059
0.059
0.059
0.059
0.059
0.059
0.059
0.059
0.059
0.059
0.059
0.059
0.059
0.059
0.059
0.059
0.059
0.059
0.059
0.059
0.059
0.059
0.059
0.059
0.059
0.059
0.059
0.059
0.059
0.059
0.059
0.059
0.059
0.059
0.059
0.171
0.171
0.171
0.171
0.171
0.171
0.171
0.171
0.171
0.171
0.171
0.171
0.171
0.171
0.171
0.171
0.171
0.171
0.059
0.059
0.059
0.059
0.059
0.059
0.059
0.059
0.059
0.059
0.059
0.059
0.059
0.059
0.059
0.059
0.059
0.059
0.059
0.059
0.059
0.059
0.059
0.059
0.059
0.059
0.059
0.059
0.059
0.059
0.059
0.059
0.059
0.059
0.059
0.059
0.059
0.059
0.059
0.059
0.059
0.059
0.059
0.059
0.059
0.059
0.059
0.059
0.059
0.059
0.059
0.059
0.059
0.059
0.059
0.059
0.059
0.059
0.059
0.059
0.059
0.059
0.059
0.059
0.059
0.059
0.059
0.059
0.059
0.059
0.059
0.059
0.059
0.059
0.059
0.059
0.059
0.059
0.059
0.059
0.059
0.059
0.059
0.059
0.059
0.059
0.059
