0.05600000000000002
0.06333333333333337
0.06600000000000003
0.06600000000000003
0.06600000000000003
0.06600000000000003
0.06600000000000003
0.06600000000000003
0.06600000000000003
0.06600000000000003
0.06600000000000003
0.06600000000000003
0.06600000000000003
0.06600000000000003
0.06600000000000003
0.06600000000000003
0.06600000000000003
0.06600000000000003
0.12200000000000001
0.6750666666666665
0.24666666666666667
0.06600000000000003
0.06600000000000003
0.06600000000000003
0.06600000000000003
0.06600000000000003
0.06600000000000003
0.06600000000000003
0.06600000000000003
0.06600000000000003
0.07479999999999999
0.15986666666666666
0.15386666666666665
0.20186666666666664
0.6065999999999999
0.22900000000000006
0.16373333333333326
0.3094
2.189
0.8669999999999997
0.206
0.206
0.3811333333333334
0.18759999999999993
0.16159999999999997
0.16159999999999994
1.2973999999999999
2.565
2.565
2.565
1.5653999999999997
0.06600000000000003
0.06600000000000003
0.06600000000000003
0.06466666666666669
0.06600000000000003
0.06600000000000003
0.06600000000000003
0.06600000000000003
0.06600000000000003
0.06600000000000003
0.06600000000000003
0.06600000000000003
0.06600000000000003
0.06600000000000003
0.06600000000000003
0.06600000000000003
0.06600000000000003
0.06600000000000003
0.06600000000000003
0.08233333333333333
0.1376666666666667
0.2759999999999999
0.39200000000000007
0.4021333333333334
0.34219999999999995
0.2736
0.25333333333333324
0.3303333333333334
0.3782
0.4238
0.5586000000000001
0.28500000000000003
0.2883333333333334
0.31286666666666674
0.3151333333333334
0.4394666666666667
0.4161333333333332
0.3924666666666667
0.4076666666666667
0.414
0.6071333333333333
0.5145333333333333
0.6062
0.6590666666666666
0.5403333333333334
