0.061
0.061
0.061
0.061
0.061
0.061
0.061
0.061
0.061
0.061
0.061
0.061
0.061
0.061
0.061
0.061
0.061
0.061
0.071
0.071
0.071
0.071
0.071
0.071
0.071
0.071
0.071
0.071
0.071
0.071
0.071
0.071
0.071
0.071
0.071
0.071
0.071
0.071
0.071
0.071
0.071
0.071
0.071
0.071
0.071
0.071
0.071
0.071
0.071
0.071
0.071
0.071
0.071
0.071
0.071
0.071
0.071
0.071
0.071
0.071
0.071
0.071
0.071
0.071
0.071
0.071
0.071
0.181
0.181
0.181
0.181
0.181
0.181
0.181
0.181
0.181
0.181
0.181
0.181
0.181
0.181
0.181
0.181
0.181
0.181
0.071
0.071
0.071
0.071
0.071
0.071
0.071
0.071
0.071
0.071
0.071
0.071
0.071
0.071
0.071
0.071
0.071
0.071
0.071
0.071
0.071
0.071
0.071
0.071
0.071
0.071
0.071
0.071
0.071
0.071
0.071
0.071
0.071
0.071
0.071
0.071
0.071
0.071
0.071
0.071
0.071
0.071
0.181
0.181
0.181
0.181
0.181
0.181
0.181
0.181
0.181
0.181
0.181
0.181
0.181
0.181
0.181
0.181
0.181
0.181
0.071
0.071
0.071
0.071
0.071
0.071
0.071
0.071
0.071
0.071
0.071
0.071
0.071
0.071
0.071
0.071
0.071
0.071
0.071
0.071
0.071
0.071
0.071
0.071
0.071
0.071
0.071
0.071
0.071
0.071
0.071
0.071
0.071
0.071
0.071
0.071
0.071
0.071
0.071
0.071
0.071
0.071
0.071
0.071
0.071
0.071
0.071
0.071
0.071
0.071
0.071
0.071
0.071
0.071
0.071
0.071
0.071
0.071
0.071
0.071
0.071
0.071
0.071
0.071
0.071
0.071
0.071
0.071
0.071
0.071
0.071
0.071
0.071
0.071
0.071
0.071
0.071
0.071
0.071
0.071
0.071
0.071
0.071
0.071
0.071
0.071
0.071
0.071
0.071
0.071
0.071
0.071
0.071
0.071
0.071
0.071
0.071
0.181
0.181
0.181
0.181
0.181
0.181
0.181
0.181
0.181
0.181
0.181
0.181
0.181
0.181
0.181
0.181
0.181
0.181
0.071
0.071
0.071
0.071
0.071
0.071
0.071
0.071
0.071
0.071
0.071
0.071
0.071
0.071
0.071
0.071
0.071
0.071
0.071
0.071
0.071
0.071
0.071
0.071
0.071
0.071
0.071
0.071
0.071
0.071
0.071
0.071
0.071
0.071
0.071
0.071
0.071
0.071
0.071
0.071
0.069
0.129
0.069
0.069
0.069
0.069
0.069
0.069
0.069
0.069
0.069
0.069
0.069
0.069
0.069
0.089
0.089
0.069
0.179
0.179
0.239
0.239
0.239
0.299
0.299
0.239
0.239
0.179
0.179
0.179
0.179
0.179
0.179
0.179
0.179
0.179
0.069
0.069
0.069
0.081
0.081
0.081
0.081
0.081
0.081
0.081
0.081
0.081
0.081
0.081
0.081
0.081
0.081
0.081
0.081
0.081
0.081
0.141
0.141
0.141
0.141
0.141
0.141
0.141
0.141
0.201
0.201
0.201
0.201
0.201
0.241
0.181
0.181
0.181
0.216
0.216
0.216
9.74
9.68
9.74
0.181
0.181
0.181
0.181
0.181
0.121
0.181
0.181
0.181
0.181
0.181
0.181
0.181
0.241
0.241
0.241
0.241
0.241
0.241
0.241
0.241
0.241
0.241
0.241
0.241
0.801
0.971
0.971
0.431
0.491
0.431
0.431
0.431
0.371
0.371
0.371
0.371
0.311
0.311
0.299
0.389
0.389
0.389
0.389
0.279
0.279
0.279
0.279
0.279
0.279
0.279
0.279
0.279
0.279
0.279
0.279
0.279
0.279
0.279
0.279
0.279
0.279
0.279
0.279
0.279
0.279
0.279
0.279
0.279
0.339
0.339
0.339
0.339
0.279
0.279
0.279
0.279
0.279
0.279
0.279
0.279
0.389
0.389
0.389
0.389
0.389
0.449
0.449
0.339
0.339
0.339
0.339
0.339
0.339
0.339
0.339
0.339
0.339
0.339
0.229
0.229
0.229
0.229
0.229
0.229
0.229
0.229
0.244
0.273
0.273
0.273
0.273
0.273
0.273
0.273
0.273
0.323
2.385
2.385
2.385
0.323
0.323
0.323
0.323
0.273
0.273
0.273
0.273
0.273
0.273
0.273
0.273
0.273
0.273
0.273
0.213
0.213
0.213
0.213
0.313
0.313
0.253
0.203
0.203
0.203
0.203
0.203
0.203
0.203
0.163
0.113
0.113
0.113
0.113
0.113
0.113
0.113
0.113
0.173
0.173
0.173
0.283
0.283
0.283
0.283
0.283
9.902
9.937
9.937
0.328
0.328
0.328
0.328
0.328
0.328
0.328
0.378
0.438
0.388
0.293
0.293
0.264
0.264
0.264
0.264
0.264
0.264
0.264
0.392
0.392
0.392
0.392
0.392
0.392
0.392
0.392
0.392
0.392
0.392
0.392
0.392
0.392
0.392
0.392
0.392
0.392
0.392
0.392
0.392
0.392
0.392
0.392
0.392
0.392
0.392
0.392
0.392
0.392
0.392
0.392
0.392
0.392
0.392
0.392
0.392
0.392
0.392
0.392
0.392
0.392
0.392
0.392
0.392
0.392
0.392
0.392
0.392
0.392
0.392
0.377
0.377
0.377
0.377
0.377
0.377
0.377
0.377
0.377
0.377
0.377
0.377
0.377
0.377
0.377
0.377
0.377
0.377
0.437
0.437
0.437
0.437
0.437
0.437
0.437
0.437
0.437
0.437
0.437
0.437
0.437
0.437
0.437
0.377
0.377
0.377
0.377
0.377
0.377
0.377
0.377
0.377
0.377
0.377
0.377
0.377
0.377
0.377
0.377
0.377
0.377
0.377
0.377
0.377
0.377
0.377
0.406
0.406
0.406
0.406
0.346
0.346
0.346
0.346
0.346
0.346
0.346
0.346
0.346
0.346
0.346
0.346
0.346
0.456
0.456
0.456
0.456
0.456
0.268
0.268
0.268
0.268
0.268
0.268
0.268
0.268
0.268
0.268
0.268
0.268
0.268
0.158
0.158
0.158
0.158
0.158
0.158
0.158
0.158
0.158
0.158
0.218
0.158
0.158
0.158
0.158
0.158
0.158
0.158
0.158
0.158
0.198
0.198
0.258
0.198
0.198
0.207
0.257
0.207
0.317
0.258
0.258
0.258
0.258
0.258
0.258
0.218
0.218
0.218
0.218
0.158
0.158
0.158
0.158
0.158
0.158
0.158
0.158
0.158
0.268
0.308
2.37
2.37
2.33
0.268
0.268
0.268
0.268
0.268
0.268
0.248
0.308
0.308
0.248
0.208
0.243
0.243
0.158
0.158
0.158
0.217
0.217
0.217
0.167
0.167
0.167
0.207
0.257
0.207
0.207
0.257
0.217
0.217
0.217
0.217
0.217
0.217
0.252
0.217
0.349
0.349
0.389
0.389
0.389
0.339
0.339
0.339
0.339
0.339
0.339
0.339
0.339
0.339
0.339
0.399
0.527
0.527
0.527
0.527
0.527
0.518
0.518
0.489
0.489
0.489
2.589
2.589
2.589
2.589
2.589
2.529
2.529
2.529
2.529
2.529
2.529
2.529
2.529
2.639
2.668
2.668
2.668
2.668
2.668
2.668
2.668
2.668
2.608
2.608
2.608
2.608
2.608
0.508
0.508
0.508
0.508
0.398
0.398
0.398
0.398
0.398
0.398
0.398
0.398
0.398
0.398
0.398
0.398
0.413
0.413
0.413
0.413
0.413
0.413
0.413
0.373
0.373
0.373
2.541
2.541
2.541
2.541
2.541
2.541
2.541
2.541
2.541
2.55
2.541
2.541
2.541
2.541
2.641
2.513
0.345
0.345
0.345
0.345
0.395
0.395
2.457
2.567
3.067
1.005
1.005
1.005
1.005
1.005
1.005
1.005
1.005
1.005
0.976
1.036
0.976
0.976
0.995
0.995
0.94
0.83
0.83
0.83
0.83
0.83
0.83
0.83
0.83
0.83
0.875
0.875
0.875
0.875
0.875
0.935
0.875
0.925
0.925
0.925
0.925
0.925
0.925
0.925
0.865
0.865
0.865
0.865
0.865
0.865
0.865
0.865
0.925
0.985
1
1.108
1.108
1.048
1.048
1.057
1.158
1.158
1.03
0.98
1.035
1.095
1.035
1.035
1.035
1.035
1.07
1.198
1.163
1.163
1.163
0.663
1.163
0.663
0.553
0.553
0.553
0.553
0.553
0.613
0.613
0.613
0.613
0.613
0.613
0.613
0.613
0.599
0.599
0.599
0.539
0.589
0.589
0.589
0.589
0.589
0.589
0.589
1.089
1.089
1.089
1.089
2.03
2.09
2.09
1.149
1.149
1.149
1.149
1.209
1.289
1.229
1.234
1.249
1.129
1.129
1.129
1.149
1.149
1.149
1.149
1.149
1.149
1.109
1.109
1.109
1.149
1.259
1.271
1.271
1.271
1.271
1.271
1.271
1.271
1.271
1.271
1.221
1.221
1.201
1.201
1.221
1.221
3.321
3.321
3.151
3.096
3.096
3.096
3.156
3.028
3.057
3.057
3.057
3.185
3.185
3.185
3.245
3.245
3.245
3.185
3.185
3.185
3.185
3.185
3.185
3.185
3.125
3.057
3.057
0.957
0.957
0.957
0.942
0.942
0.992
0.992
1.052
1.052
1.102
1.102
1.102
1.052
0.892
0.892
0.892
0.892
0.892
0.892
0.892
0.882
0.882
0.882
0.942
0.965
0.965
0.965
0.333
0.333
0.333
0.333
0.333
0.333
0.333
0.333
0.333
0.333
0.333
0.333
0.333
0.333
0.373
0.373
0.373
0.373
0.323
0.323
0.323
0.823
0.763
0.763
0.763
0.823
0.832
0.803
0.803
0.803
0.945
3.007
3.007
3.007
0.945
0.995
0.995
0.995
0.995
0.905
0.905
0.905
0.905
0.777
0.768
0.768
0.797
0.797
0.857
0.907
0.907
0.907
0.917
0.917
0.917
0.917
0.917
0.917
0.977
0.977
0.489
0.489
0.489
0.429
0.469
0.469
0.429
0.489
0.489
0.429
0.429
0.438
0.438
0.438
0.438
0.548
0.548
1.048
1.108
0.608
0.599
0.599
0.599
0.687
0.687
0.587
0.587
0.587
0.587
0.587
0.587
0.587
0.587
0.477
0.477
0.417
0.417
0.376
0.376
0.376
0.376
0.376
0.376
0.362
0.353
0.353
0.318
0.272
0.212
0.212
0.307
0.307
0.207
0.267
0.267
0.267
0.267
0.267
0.267
0.238
0.238
0.238
0.238
0.738
0.778
0.718
0.718
0.718
0.778
0.778
0.778
0.718
0.718
0.778
0.778
0.643
0.683
0.311
0.3
0.3
0.3
0.3
0.3
0.222
0.237
0.237
0.187
0.237
0.237
0.237
0.46
0.46
0.56
0.46
0.56
0.692
0.692
0.692
0.692
0.657
0.666
0.666
0.666
0.826
0.886
0.886
0.886
0.886
0.826
0.826
0.826
0.826
0.826
0.801
0.801
0.801
0.801
0.801
0.861
0.861
0.847
0.847
0.847
0.847
0.847
0.859
0.859
0.859
0.859
0.859
0.859
0.859
0.823
0.823
0.823
0.923
0.863
0.763
0.763
0.763
0.803
0.863
0.713
0.713
0.698
0.658
0.658
0.658
0.658
0.658
0.658
0.629
0.629
0.569
0.639
0.689
0.634
0.674
0.634
0.584
0.634
0.663
0.663
0.663
0.663
0.723
0.723
0.723
0.723
0.723
0.723
0.723
0.723
0.723
0.723
0.723
0.723
0.723
0.723
0.723
0.723
0.723
0.723
0.723
0.723
0.723
0.723
0.723
0.773
0.773
0.833
0.833
0.833
0.833
0.773
0.773
0.773
0.773
0.773
0.773
0.773
0.773
0.773
0.773
0.773
0.759
0.649
0.649
0.649
0.649
0.649
0.649
0.709
0.649
0.634
0.634
0.654
0.654
0.668
0.668
0.683
0.683
0.623
0.623
0.663
0.663
0.663
0.663
0.663
0.663
0.663
0.663
0.663
0.663
0.634
0.634
0.694
0.634
0.634
0.634
0.634
0.634
0.634
0.634
0.744
0.694
0.694
0.694
0.694
0.694
0.694
0.694
0.694
0.694
0.694
0.694
0.694
0.756
0.756
0.706
0.706
0.766
0.071
0.071
0.071
0.071
0.071
0.071
0.071
0.071
0.061
0.061
0.061
0.061
0.061
0.061
0.061
0.061
0.061
0.061
0.061
0.061
