0.057666666666666686
0.07980000000000002
0.18633333333333335
0.06499999999999997
0.06499999999999997
0.13940000000000002
0.33353333333333335
0.17593333333333336
0.06499999999999997
0.11460000000000002
0.23353333333333337
0.2730000000000001
0.09273333333333329
0.06499999999999997
0.06499999999999997
0.10633333333333335
0.3527333333333334
0.18980000000000002
0.06499999999999997
0.06499999999999997
0.06499999999999997
0.25913333333333344
0.17593333333333336
0.06499999999999997
0.06499999999999997
0.06499999999999997
0.13940000000000002
0.13940000000000002
0.14820000000000003
0.2730000000000001
0.46246666666666664
1.5473333333333328
1.6078000000000001
1.9239333333333337
1.9876666666666667
0.4276666666666666
0.36053333333333343
0.27726666666666666
0.16299999999999998
0.3016666666666667
0.3294
0.3404666666666667
1.494
1.5385333333333333
1.5449333333333333
1.3492666666666666
0.32599999999999996
1.7144666666666666
2.871
1.986399999999999
1.3939999999999995
1.2492666666666663
0.3995333333333333
0.3267333333333334
0.18326666666666663
0.17499999999999996
0.10000000000000003
0.46413333333333334
0.3872000000000001
0.08833333333333332
0.2646666666666667
0.4593333333333333
0.6128666666666668
0.4952666666666666
0.4833333333333334
0.6947333333333333
0.5423999999999999
1.0153333333333332
0.5317333333333334
0.47546666666666665
0.9462666666666666
2.4048000000000003
1.6404666666666663
1.731866666666667
2.7073333333333336
1.0298
0.7165333333333332
2.197066666666666
0.6823333333333331
0.7616666666666666
0.6732666666666667
0.5500666666666667
0.5464666666666669
0.5692666666666668
0.6622666666666668
0.5552666666666666
0.40560000000000007
0.4886666666666668
0.5455333333333332
0.6088
0.5477333333333333
0.06499999999999997
0.1476666666666667
0.13113333333333332
0.06499999999999997
0.06499999999999997
