0.39899999999999997
0.3174
0.304
0.33519999999999994
0.356
0.356
0.34600000000000003
0.19399999999999998
0.079
0.0668
0.062
0.062
0.062
0.062
0.062
0.07
0.072
0.072
0.072
0.072
0.072
0.072
0.072
0.072
0.072
0.072
0.072
0.072
0.072
0.072
0.18960000000000002
0.268
0.268
0.11120000000000001
0.072
0.072
0.072
0.072
0.072
0.072
0.072
0.072
0.072
0.072
0.072
0.072
0.072
0.268
0.268
0.22880000000000003
0.072
0.072
0.072
0.072
0.072
0.072
0.072
0.072
0.072
0.072
0.072
0.072
0.072
0.072
0.072
0.072
0.072
0.072
0.18960000000000002
0.268
0.268
0.11120000000000001
0.072
0.072
0.072
0.072
0.072
0.072
0.072
0.072
0.072
0.072
0.072
0.072
0.072
0.072
0.072
0.072
0.072
0.072
0.268
0.268
0.22880000000000003
0.072
0.072
0.072
0.072
0.072
0.072
0.072
0.072
0.07880000000000001
0.1316
0.3832
0.4008
0.3608
0.268
0.072
0.072
0.072
0.072
0.072
0.072
0.072
0.072
0.072
0.072
0.072
0.1504
0.268
0.268
0.15039999999999998
0.072
0.072
0.072
0.072
0.072
0.072
0.072
0.072
0.072
0.072
0.072
0.1504
0.268
0.268
0.15039999999999998
0.072
0.072
0.072
0.072
0.072
0.072
0.072
0.072
0.072
0.072
0.072
0.072
0.072
0.072
0.09119999999999999
0.5438
2.303
2.303
0.9644
0.268
0.268
0.22880000000000003
0.072
0.072
0.072
0.072
0.072
0.072
0.072
0.072
0.072
0.072
0.072
0.072
1.4154
0.10400000000000001
0.3
0.3
0.26080000000000003
0.7214
0.1068
0.9436
0.6026
0.2474
0.32
0.35300000000000004
0.34400000000000003
0.392
1.6184
0.38
0.2024
0.072
0.072
0.268
0.268
0.22880000000000003
0.072
0.072
0.072
0.072
0.072
0.072
0.072
0.072
0.072
0.072
0.072
0.072
0.072
0.072
0.072
0.1504
0.268
0.268
0.15039999999999998
0.072
0.072
0.072
0.072
0.072
0.072
0.072
0.072
0.072
0.072
0.072
0.072
0.072
0.072
0.072
0.072
0.18960000000000002
0.3676
0.44279999999999997
0.3364
0.418
0.4596
0.5769999999999998
0.606
0.601
0.744
0.685
0.6380000000000001
0.7243999999999999
0.5984
0.556
0.604
2.3652
2.736
2.818
1.5042000000000002
0.8442000000000001
0.917
0.9046
0.6576
0.658
0.674
0.6950000000000001
0.6734
0.6254
0.672
0.834
0.9269999999999999
1.7345999999999997
3.146
3.1555999999999997
2.8381999999999996
1.1430000000000002
1.7292
1.1046
1.0812
1.031
1.0166
0.937
0.8550000000000001
0.743
0.6274
0.66
0.749
0.7233999999999999
0.9676
1.4566000000000001
1.8402
0.8692
6.9056000000000015
0.7349999999999999
0.715
0.7328000000000001
0.9376
1.0130000000000001
1.0390000000000001
