0.05000000000000002
0.046000000000000006
0.05200000000000001
0.05600000000000002
0.05600000000000002
0.05600000000000002
0.05600000000000002
0.05600000000000002
0.05600000000000002
0.05600000000000002
0.05600000000000002
0.05600000000000002
0.05600000000000002
0.05600000000000002
0.05600000000000002
0.05600000000000002
0.05600000000000002
0.05600000000000002
0.05600000000000002
0.05600000000000002
0.05600000000000002
0.05600000000000002
0.05600000000000002
0.05600000000000002
0.05600000000000002
0.05600000000000002
0.05600000000000002
0.05600000000000002
0.05600000000000002
0.05600000000000002
0.05600000000000002
0.05600000000000002
0.05600000000000002
0.05600000000000002
0.05600000000000002
0.05600000000000002
0.05600000000000002
0.05600000000000002
0.05600000000000002
0.05600000000000002
0.05600000000000002
0.05600000000000002
0.05600000000000002
0.05600000000000002
0.05600000000000002
0.05600000000000002
0.05600000000000002
0.05600000000000002
0.10133333333333332
0.19600000000000004
0.22893333333333335
0.234
0.234
0.24266666666666661
0.1865333333333333
0.05600000000000002
0.05600000000000002
0.05600000000000002
0.05600000000000002
0.05600000000000002
0.05600000000000002
0.05600000000000002
0.05600000000000002
0.05600000000000002
0.2536666666666667
0.40299999999999997
0.306
0.05600000000000002
0.05600000000000002
0.05600000000000002
0.05600000000000002
0.05600000000000002
0.05600000000000002
0.05600000000000002
0.05600000000000002
0.05600000000000002
0.05600000000000002
0.05600000000000002
0.05600000000000002
0.05600000000000002
0.05600000000000002
0.05600000000000002
0.05600000000000002
0.05600000000000002
0.12366666666666666
0.3693333333333333
0.3176666666666667
0.6502
0.05600000000000002
0.05600000000000002
0.05600000000000002
0.05600000000000002
0.05600000000000002
0.05600000000000002
0.05600000000000002
0.05600000000000002
