0.3353333333333333
0.34446666666666664
0.15733333333333333
0.055
0.06299999999999997
0.12060000000000001
0.13499999999999998
0.18139999999999998
0.3359333333333333
0.24713333333333323
0.18753333333333339
0.1294
0.15353333333333335
0.3852666666666668
0.13206666666666664
0.11833333333333335
0.1626000000000001
0.11340000000000001
0.14220000000000002
0.21820000000000006
0.2808666666666667
0.1294
0.06299999999999997
0.16166666666666665
0.16166666666666674
0.14046666666666668
0.26700000000000007
0.3497333333333333
0.576
0.31633333333333336
0.3112666666666667
0.49533333333333335
0.7756
0.7343333333333336
0.3141333333333334
0.34299999999999997
0.5654
0.6094
0.34660000000000013
0.28733333333333333
0.4257333333333334
2.189333333333333
1.605533333333333
0.4679333333333335
0.5402000000000001
0.5116666666666667
0.35366666666666663
0.32693333333333335
0.33973333333333333
0.6337333333333335
0.4637333333333333
0.3053333333333333
0.19300000000000003
0.19300000000000003
0.46679999999999994
1.2327333333333335
1.5956000000000004
0.8068666666666663
0.2708666666666667
0.6992666666666667
0.5373333333333332
0.5007333333333335
0.5034
0.697
0.8314000000000001
0.7355333333333334
0.5736666666666665
0.8606000000000001
0.7103333333333334
0.6544666666666666
0.5480666666666666
0.9141999999999998
0.8024666666666664
0.8727999999999999
0.4788666666666667
0.4328
0.6994666666666666
0.5752666666666664
0.07406666666666664
0.10620000000000002
0.3392666666666667
0.4377333333333335
0.25526666666666675
0.3017333333333333
0.5208666666666667
0.6432666666666668
0.6223333333333334
0.4039333333333334
0.40266666666666656
0.45453333333333334
0.329
0.5343333333333333
0.8529333333333337
0.7266000000000002
0.4359333333333334
0.18206666666666663
