0.05200000000000002
0.059333333333333356
0.06200000000000003
0.06200000000000003
0.11213333333333335
0.25
0.09960000000000005
0.06200000000000003
0.06200000000000003
0.06200000000000003
0.08706666666666668
0.25
0.1246666666666667
0.06200000000000003
0.06200000000000003
0.11213333333333335
0.25
0.09960000000000005
0.06200000000000003
0.06200000000000003
0.06200000000000003
0.2124
0.18733333333333327
0.06200000000000003
0.06200000000000003
0.06200000000000003
0.25
0.1497333333333333
0.06200000000000003
0.06200000000000003
0.06200000000000003
0.1372
0.25
0.07453333333333337
0.06200000000000003
0.06200000000000003
0.18733333333333332
0.21239999999999998
0.06200000000000003
0.06200000000000003
0.06200000000000003
0.2374666666666667
0.1622666666666666
0.06200000000000003
0.06200000000000003
0.06200000000000003
0.06200000000000003
0.11213333333333335
0.25
0.09960000000000005
0.06200000000000003
0.06200000000000003
0.06200000000000003
0.06200000000000003
0.1998666666666667
0.1998666666666666
0.06200000000000003
0.06200000000000003
0.11213333333333335
0.25
0.09960000000000005
0.06200000000000003
0.06200000000000003
0.06200000000000003
0.06200000000000003
0.06200000000000003
0.08706666666666668
0.25
0.1246666666666667
0.06200000000000003
0.06200000000000003
0.06200000000000003
0.22493333333333335
0.17479999999999993
0.06200000000000003
0.06200000000000003
0.06200000000000003
0.06200000000000003
0.06200000000000003
0.06200000000000003
0.06200000000000003
0.16226666666666667
0.23746666666666666
0.06200000000000003
0.06200000000000003
0.06200000000000003
0.22493333333333335
0.17479999999999993
0.06200000000000003
0.06200000000000003
0.06200000000000003
0.17479999999999998
0.22493333333333332
0.06200000000000003
0.06200000000000003
0.05466666666666668
