0.059
0.059
0.059
0.059
0.059
0.059
0.059
0.059
0.059
0.059
0.059
0.059
0.21
0.21
0.21
0.21
0.21
0.317
0.317
0.327
0.327
0.327
0.327
0.327
0.327
0.327
0.327
0.327
0.327
0.327
0.327
0.327
0.176
0.176
0.176
0.069
0.069
0.069
0.069
0.069
0.069
0.069
0.069
0.069
0.069
0.069
0.069
0.069
0.069
0.069
0.069
0.069
0.069
0.069
0.069
0.069
0.069
0.069
0.069
0.069
0.069
0.069
0.069
0.069
0.069
0.069
0.069
0.069
0.069
0.069
0.069
0.069
0.069
0.069
0.069
0.069
0.069
0.069
0.069
0.069
0.069
0.069
0.069
0.069
0.069
0.176
0.176
0.176
0.176
0.327
0.327
0.327
0.327
0.327
0.327
0.327
0.327
0.327
0.327
0.327
0.327
0.327
0.327
0.22
0.22
0.22
0.22
0.22
0.22
0.069
0.069
0.069
0.069
0.069
0.069
0.069
0.069
0.069
0.069
0.069
0.069
0.069
0.069
0.069
0.069
0.069
0.069
0.069
0.069
0.069
0.069
0.069
0.069
0.069
0.069
0.069
0.069
0.069
0.069
0.069
0.069
0.069
0.069
0.069
0.069
0.069
0.069
0.069
0.069
0.069
0.069
0.069
0.069
0.069
0.069
0.069
0.069
0.069
0.069
0.069
0.069
0.069
0.069
0.069
0.069
0.069
0.069
0.069
0.069
0.069
0.069
0.069
0.069
0.069
0.069
0.069
0.069
0.069
0.069
0.069
0.069
0.069
0.069
0.069
0.069
0.069
0.176
0.176
0.176
0.176
0.327
0.327
0.327
0.327
0.327
0.327
0.327
0.327
0.327
0.327
0.327
0.327
0.327
0.327
0.22
0.22
0.22
0.22
0.22
0.22
0.069
0.069
0.069
0.069
0.069
0.069
0.069
0.069
0.069
0.069
0.069
0.069
0.069
0.069
0.069
0.069
0.069
0.069
0.069
0.069
0.069
0.069
0.069
0.069
0.069
0.069
0.069
0.069
0.069
0.069
0.069
0.069
0.069
0.069
0.069
0.176
0.176
0.176
0.176
0.176
0.176
0.176
0.176
0.176
0.176
0.176
0.176
0.176
0.176
0.176
0.176
0.176
0.176
0.069
0.069
0.069
0.069
0.069
0.069
0.069
0.069
0.22
0.22
0.22
0.22
0.22
0.22
0.22
0.22
0.22
0.22
0.22
0.22
0.22
0.22
0.22
0.22
0.22
0.22
0.22
0.22
0.069
0.069
0.069
0.069
0.069
0.069
0.069
0.069
0.069
0.069
0.069
0.069
0.069
0.176
0.176
0.176
0.176
0.176
0.176
0.176
0.176
0.176
0.176
0.176
0.176
0.176
0.176
0.176
0.176
0.176
0.176
0.069
0.069
0.069
0.069
0.069
0.069
0.069
0.069
0.069
0.069
0.069
0.069
0.069
0.069
0.069
0.069
0.069
0.069
0.069
0.069
0.069
0.069
0.069
0.069
0.069
0.069
0.069
0.069
0.069
0.069
0.069
0.069
0.069
0.069
0.069
0.069
0.069
0.069
0.069
0.069
0.069
0.069
0.069
0.069
0.069
0.069
0.069
0.069
0.069
0.069
0.069
0.069
0.069
0.069
0.069
0.069
0.069
0.069
0.069
0.069
0.069
0.069
0.069
0.069
0.069
0.069
0.069
0.069
0.069
0.069
0.069
0.069
0.069
0.069
0.069
0.069
0.176
0.176
0.176
0.176
0.176
0.176
0.176
0.176
0.176
0.327
0.327
0.327
0.327
0.327
0.327
0.327
0.327
0.327
0.22
0.22
0.22
0.22
0.288
0.288
0.348
0.348
0.348
0.348
0.348
0.197
0.197
0.197
0.197
0.197
0.257
0.257
0.391
0.331
0.331
0.331
0.331
0.331
0.331
0.331
0.331
0.431
0.491
0.491
0.491
0.491
0.431
0.431
0.431
0.431
0.431
0.431
0.431
0.431
0.553
0.553
0.63
0.63
0.56
0.56
0.56
0.56
0.46
0.46
0.46
0.52
0.52
0.52
0.56
0.52
0.52
0.731
0.731
0.731
0.731
0.731
0.731
0.731
0.731
0.731
0.731
0.731
0.671
0.671
0.671
0.671
0.671
0.671
0.671
0.671
0.671
0.52
0.46
0.46
0.46
0.52
0.52
0.58
0.58
8.789
8.789
8.729
0.46
0.52
0.52
0.52
0.52
0.52
0.52
0.52
0.52
0.52
0.56
0.62
0.58
0.52
0.443
0.443
0.443
0.443
0.443
0.383
0.323
0.323
0.323
0.358
0.458
0.458
0.458
0.423
0.423
0.423
0.423
0.423
0.423
0.423
0.423
0.423
0.423
0.423
0.423
0.423
0.423
0.423
0.53
0.53
0.681
0.681
0.681
0.681
0.681
0.681
0.681
0.681
0.681
0.681
0.681
0.681
0.681
0.681
0.681
0.681
0.574
0.574
0.574
0.574
0.423
0.423
0.423
0.423
0.423
0.423
0.423
0.437
0.437
0.437
0.437
0.437
0.437
0.437
0.437
0.437
0.437
0.437
0.437
0.437
0.437
0.437
0.437
0.437
0.437
0.437
0.437
0.437
0.437
0.437
8.706
8.706
8.706
0.437
0.437
0.437
0.437
0.544
0.544
0.544
0.544
0.544
0.176
0.176
0.176
0.176
0.176
0.327
0.327
0.327
0.327
0.327
0.327
0.327
0.327
0.22
0.22
0.22
0.22
0.22
0.22
0.22
0.488
0.488
0.488
0.488
0.488
0.337
0.337
0.337
0.337
0.337
0.069
0.069
0.069
0.069
0.069
0.069
0.069
0.069
0.069
0.069
0.069
0.069
0.069
0.069
0.069
0.069
0.069
0.069
0.069
0.069
0.069
0.069
0.069
0.069
0.069
0.069
0.069
0.069
0.069
0.069
0.337
0.337
0.337
0.337
0.337
0.397
0.397
0.397
0.397
0.397
0.397
0.548
0.548
0.548
0.548
0.641
0.641
0.519
0.519
0.519
0.519
0.519
0.519
0.519
0.519
0.519
0.519
0.519
0.519
0.519
0.327
0.176
0.176
0.069
0.069
0.069
0.069
0.069
0.069
0.069
0.069
0.069
0.069
0.069
0.069
0.069
0.069
0.069
0.069
0.069
0.069
0.069
0.069
0.069
0.069
0.069
0.069
0.069
0.069
0.069
0.069
0.069
0.069
0.069
0.069
0.069
0.069
0.069
0.069
0.176
0.176
0.176
0.176
0.176
0.176
0.176
0.176
0.176
0.176
0.176
0.176
0.176
0.176
0.176
0.176
0.176
0.176
0.069
0.069
0.069
0.069
0.069
0.069
0.069
0.069
0.069
0.069
0.069
0.069
0.22
0.22
0.22
0.22
0.22
0.22
0.22
0.22
0.22
0.22
0.22
0.22
0.22
0.22
0.22
0.22
0.22
0.22
0.22
0.22
0.069
0.069
0.069
0.069
0.069
0.069
0.069
0.069
0.176
0.176
0.176
0.176
0.176
0.176
0.176
0.176
0.176
0.176
0.176
0.176
0.176
0.176
0.176
0.176
0.176
0.176
0.069
0.069
0.069
0.069
0.069
0.069
0.069
0.069
0.069
0.069
0.069
0.069
0.069
0.069
0.069
0.069
0.069
0.069
0.069
0.069
0.069
0.069
0.069
0.069
0.069
0.069
0.069
0.069
0.22
0.22
0.22
0.22
0.22
0.22
0.22
0.22
0.22
0.22
0.22
0.22
0.22
0.22
0.22
0.22
0.22
0.22
0.22
0.22
0.069
0.069
0.069
0.069
0.069
0.069
0.069
0.069
0.069
0.069
0.069
0.069
0.069
0.069
0.069
0.069
0.069
0.069
0.069
0.069
0.069
0.069
0.069
0.069
0.069
0.069
0.069
0.201
0.201
0.301
0.301
0.301
0.301
0.301
0.301
0.301
0.301
0.301
0.301
0.361
0.461
0.461
0.361
0.361
0.512
0.512
0.512
0.519
0.519
0.519
0.519
0.519
0.519
0.639
0.639
0.639
0.639
0.639
0.639
0.639
0.639
0.639
0.639
0.639
0.488
0.381
0.381
0.381
0.381
0.381
0.381
0.381
0.381
0.381
0.321
0.321
0.321
0.321
0.321
0.321
0.321
0.321
0.321
0.321
0.321
0.321
0.321
0.321
0.321
0.321
0.321
0.321
0.321
0.321
0.321
0.321
0.321
0.261
0.261
0.261
0.261
0.261
0.321
0.321
0.321
0.321
0.361
0.361
0.421
0.421
0.381
0.247
0.307
0.307
0.307
0.307
0.307
0.441
0.441
0.441
0.441
0.441
0.441
0.381
0.503
0.603
0.603
0.603
0.603
0.603
0.603
0.603
0.603
0.603
0.603
0.603
0.603
0.603
0.603
0.603
0.321
0.472
0.472
0.472
0.527
0.527
0.542
0.542
0.602
0.602
0.542
0.542
0.542
0.542
0.542
0.602
0.602
0.602
0.602
0.602
0.63
0.479
0.539
0.539
0.539
0.539
2.472
2.512
2.512
0.509
0.509
0.469
0.409
0.409
0.409
0.409
0.409
0.349
0.456
0.456
0.456
0.456
0.456
0.456
0.456
0.516
0.456
0.456
0.516
0.516
0.516
0.516
0.516
0.516
0.559
0.559
0.452
0.512
0.512
0.512
0.512
0.512
0.512
0.512
0.512
0.512
0.512
0.512
0.512
0.512
0.512
0.512
0.512
0.512
0.512
0.452
0.512
0.532
0.532
0.532
0.532
0.532
0.632
0.632
0.612
0.569
0.469
0.469
0.469
0.469
0.469
0.469
0.469
0.441
0.441
0.441
0.441
0.441
0.381
0.381
0.381
0.381
0.381
0.381
0.381
0.381
0.381
0.381
0.381
0.409
0.409
0.409
0.409
0.409
0.409
0.682
0.682
0.682
0.789
0.789
0.789
0.789
0.789
0.667
0.727
0.727
0.667
0.727
0.767
0.767
0.767
0.767
0.767
0.707
0.707
0.556
0.449
0.449
0.549
0.563
0.623
0.693
0.693
0.693
0.583
0.583
0.583
0.583
0.705
0.705
0.705
0.705
0.645
0.645
0.645
0.645
0.645
0.645
0.645
0.645
0.645
0.645
0.645
0.645
0.645
0.645
0.68
0.68
0.74
0.74
0.705
0.705
0.705
0.705
0.705
0.856
0.856
0.856
0.856
0.856
0.896
0.856
0.828
0.828
0.828
0.828
0.828
0.768
0.768
0.768
0.768
0.768
0.668
0.668
0.708
0.557
0.557
0.557
0.652
0.638
0.638
0.578
0.578
0.578
0.578
0.578
0.578
0.578
0.578
0.578
0.578
0.578
0.578
0.578
0.578
0.648
0.748
0.708
0.768
0.708
0.708
0.708
0.708
0.708
0.708
0.708
0.808
0.808
0.778
0.618
0.618
0.618
0.618
0.618
0.618
0.618
0.618
0.618
0.618
0.618
0.518
0.653
0.653
0.693
0.571
0.571
0.571
0.782
0.782
0.782
0.642
0.642
0.642
0.642
0.642
0.642
0.642
0.642
0.642
0.535
0.535
0.535
0.535
0.44
0.44
0.44
0.44
0.289
0.289
0.289
0.389
0.389
0.369
0.369
0.369
0.429
0.429
0.295
0.295
0.295
0.295
0.295
0.295
0.295
0.295
0.295
0.355
0.355
0.355
0.355
0.355
0.355
0.355
0.355
0.255
0.255
0.255
0.255
0.255
0.362
0.362
0.322
0.322
0.322
0.322
0.322
0.322
0.322
0.322
0.322
0.362
0.302
0.302
0.302
0.274
0.274
0.374
0.267
0.267
0.327
0.327
0.267
0.267
0.327
0.327
0.327
0.327
0.327
0.327
0.327
0.327
0.327
0.327
0.327
0.327
0.327
0.327
0.327
0.327
0.327
0.327
0.327
0.327
0.449
0.449
0.449
0.449
0.449
0.449
0.462
0.462
0.462
0.462
0.462
0.462
0.641
0.676
0.676
0.676
0.676
0.748
0.748
0.748
0.748
0.748
0.748
0.748
0.748
0.748
0.748
0.748
0.748
0.748
0.748
0.748
0.497
0.497
0.176
0.069
0.069
0.069
0.069
0.069
0.069
0.069
0.069
0.069
0.069
0.069
0.069
0.069
0.069
0.069
0.069
0.069
0.069
0.069
0.069
0.069
0.069
0.069
0.069
0.069
0.069
0.069
0.069
0.069
0.069
0.069
0.069
0.069
0.069
0.069
0.069
0.069
0.069
0.069
0.069
0.069
0.069
0.069
0.069
0.069
0.176
0.176
0.176
0.166
0.166
0.166
0.166
0.166
0.166
0.166
0.166
0.166
0.317
0.317
