0.061
0.061
0.061
0.061
0.061
0.061
0.061
0.061
0.061
0.061
0.061
0.061
0.061
0.061
0.061
0.061
0.061
0.061
0.061
0.061
0.061
0.061
0.061
0.061
0.061
0.071
0.071
0.071
0.071
0.071
0.071
0.071
0.071
0.071
0.071
0.071
0.071
0.071
0.071
0.071
0.071
0.071
0.071
0.071
0.071
0.071
0.071
0.071
0.071
0.071
0.071
0.071
0.071
0.071
0.071
0.071
0.071
0.071
0.071
0.071
0.071
0.071
0.071
0.071
0.071
0.071
0.071
0.071
0.071
0.071
0.071
0.071
0.071
0.071
0.071
0.071
0.071
0.071
0.071
0.071
0.071
0.071
0.071
0.071
0.071
0.071
0.071
0.071
0.071
0.071
0.071
0.071
0.071
0.071
0.071
0.071
0.071
0.071
0.071
0.071
0.071
0.071
0.071
0.071
0.071
0.071
0.071
0.071
0.071
0.071
0.071
0.071
0.071
0.169
0.169
0.169
0.169
0.169
0.169
0.169
0.169
0.169
0.169
0.169
0.169
0.169
0.169
0.169
0.169
0.169
0.169
0.071
0.071
0.071
0.071
0.071
0.071
0.071
0.071
0.071
0.071
0.071
0.071
0.071
0.071
0.071
0.071
0.071
0.071
0.071
0.071
0.071
0.071
0.071
0.071
0.071
0.071
0.071
0.071
0.071
0.071
0.071
0.071
0.071
0.071
0.071
0.071
0.071
0.071
0.071
0.071
0.071
0.071
0.071
0.071
0.169
0.169
0.169
0.169
0.169
0.169
0.169
0.169
0.169
0.169
0.169
0.169
0.169
0.169
0.169
0.169
0.169
0.169
0.071
0.071
0.071
0.071
0.071
0.071
0.071
0.071
0.071
0.071
0.071
0.071
0.071
0.071
0.071
0.071
0.071
0.071
0.071
0.071
0.071
0.071
0.071
0.071
0.071
0.071
0.071
0.071
0.071
0.071
0.071
0.071
0.071
0.071
0.071
0.071
0.071
0.169
0.169
0.169
0.169
0.169
0.169
0.169
0.169
0.169
0.169
0.169
0.169
0.169
0.169
0.169
0.169
0.169
0.169
0.071
0.071
0.071
0.071
0.071
0.071
0.071
0.071
0.071
0.071
0.071
0.071
0.071
0.071
0.071
0.071
0.071
0.071
0.071
0.071
0.071
0.071
0.071
0.071
0.071
0.071
0.071
0.071
0.071
0.071
0.071
0.071
0.071
0.071
0.071
0.071
0.071
0.071
0.071
0.071
0.071
0.071
0.071
0.169
0.169
0.169
0.169
0.169
0.169
0.169
0.169
0.169
0.169
0.169
0.169
0.169
0.169
0.169
0.169
0.169
0.169
0.071
0.071
0.071
0.071
0.071
0.071
0.071
0.071
0.071
0.071
0.071
0.071
0.071
0.071
0.071
0.071
0.071
0.071
0.071
0.071
0.071
0.071
0.071
0.071
0.071
0.071
0.071
0.071
0.071
0.071
0.071
0.071
0.071
0.071
0.071
0.071
0.071
0.071
0.169
0.169
0.169
0.169
0.169
0.169
0.169
0.169
0.169
0.169
0.169
0.169
0.169
0.169
0.169
0.169
0.169
0.169
0.071
0.071
0.071
0.071
0.071
0.069
0.069
0.169
0.169
0.169
0.169
0.169
0.169
0.169
0.234
0.234
0.234
0.234
0.229
0.229
0.204
0.204
0.204
0.304
0.364
0.364
0.364
0.424
0.485
0.425
0.425
0.365
0.365
0.365
0.365
0.365
0.365
0.365
0.265
0.325
0.39
0.355
0.295
0.295
0.23
0.23
0.328
0.328
0.328
0.228
0.228
0.288
0.288
0.288
0.288
0.288
0.288
0.288
0.288
0.348
0.408
0.408
0.408
0.347
0.249
0.249
0.189
0.189
0.189
8.845
8.845
8.845
0.189
0.189
0.189
0.189
0.129
0.141
0.141
0.141
0.129
0.229
0.329
0.329
0.389
0.389
0.389
0.484
0.484
0.484
0.484
0.484
0.484
0.484
0.484
0.484
0.524
0.524
0.536
0.536
0.601
0.701
0.701
0.701
0.799
0.799
0.799
0.699
0.699
0.799
0.787
0.787
0.848
0.788
0.747
0.747
0.807
0.707
0.707
0.707
0.707
0.647
0.549
0.549
0.549
0.549
0.549
0.549
0.549
0.502
0.502
0.502
0.502
0.502
0.462
0.462
0.462
2.25
2.19
2.19
0.562
0.562
0.562
0.602
0.602
0.071
0.071
0.071
0.071
0.071
0.071
0.071
0.071
0.071
0.071
0.071
0.071
0.071
0.071
0.071
0.071
0.071
0.071
0.071
0.071
0.071
0.071
0.071
0.071
0.071
0.071
0.071
0.071
0.071
0.071
0.071
0.071
0.071
0.071
0.071
0.071
0.071
0.071
0.071
0.071
0.071
0.071
0.071
0.071
0.071
0.071
0.071
0.071
0.071
0.071
0.071
0.071
0.071
0.071
0.071
0.071
0.071
0.071
0.071
0.071
0.071
0.071
0.071
0.071
0.071
0.071
0.071
0.071
0.071
0.071
0.071
0.071
0.071
0.071
0.071
0.071
0.071
0.071
0.071
0.071
0.071
0.169
0.169
0.169
0.169
0.169
0.169
0.169
0.169
0.169
0.169
0.169
0.169
0.169
0.169
0.169
0.169
0.169
0.169
0.071
0.071
0.071
0.071
0.071
0.071
0.071
0.071
0.071
0.071
0.071
0.071
0.071
0.071
0.071
0.071
0.071
0.071
0.071
0.071
0.071
0.071
0.071
0.071
0.071
0.071
0.071
0.071
0.071
0.071
0.071
0.071
0.071
0.071
0.071
0.071
0.071
0.071
0.071
0.071
0.071
0.071
0.071
0.071
0.071
0.071
0.071
0.071
0.071
0.071
0.071
0.071
0.071
0.071
0.071
0.071
0.071
0.071
0.071
0.071
0.071
0.071
0.071
0.071
0.071
0.071
0.071
0.169
0.169
0.169
0.169
0.169
0.169
0.169
0.169
0.169
0.169
0.169
0.169
0.169
0.169
0.169
0.169
0.169
0.169
0.071
0.071
0.071
0.071
0.071
0.071
0.071
0.071
0.071
0.071
0.071
0.071
0.071
0.071
0.071
0.071
0.071
0.071
0.071
0.071
0.071
0.071
0.071
0.071
0.071
0.071
0.071
0.071
0.071
0.071
0.071
0.071
0.071
0.071
0.071
0.071
0.071
0.071
0.071
0.071
0.071
0.071
0.071
0.071
0.071
0.071
0.071
0.071
0.071
0.071
0.071
0.071
0.071
0.071
0.071
0.071
0.071
0.071
0.071
0.071
0.071
0.071
0.071
0.071
0.071
0.071
0.071
0.071
0.071
0.071
0.071
0.169
0.169
0.169
0.169
0.169
0.169
0.169
0.169
0.169
0.169
0.169
0.169
0.169
0.169
0.169
0.169
0.169
0.169
0.071
0.071
0.071
0.071
0.071
0.071
0.071
0.071
0.071
0.071
0.071
0.071
0.071
0.071
0.071
0.071
0.071
0.071
0.071
0.071
0.071
0.071
0.071
0.071
0.071
0.071
0.071
0.071
0.071
0.071
0.071
0.071
0.071
0.071
0.071
0.071
0.071
0.169
0.169
0.169
0.169
0.169
0.169
0.169
0.169
0.169
0.169
0.169
0.169
0.169
0.169
0.169
0.169
0.169
0.169
0.071
0.071
0.071
0.071
0.071
0.071
0.071
0.071
0.071
0.071
0.071
0.071
0.277
0.342
0.342
0.277
0.277
0.284
0.284
0.284
0.384
0.424
0.436
0.456
0.468
0.468
0.503
0.468
0.468
0.468
0.468
0.448
0.448
0.448
0.448
0.448
0.448
0.448
0.436
0.436
0.436
0.436
0.436
0.396
0.396
0.384
0.284
0.311
0.311
0.311
0.311
0.311
0.311
0.311
0.311
0.311
0.298
0.298
2.187
2.187
2.187
2.187
2.187
2.222
2.187
2.187
2.199
2.199
2.251
2.251
2.251
2.351
2.451
2.511
2.471
2.471
2.471
2.471
0.642
0.642
0.682
0.682
0.682
0.682
0.67
0.67
0.67
0.71
0.71
0.71
0.703
0.703
0.703
0.603
0.603
0.503
0.503
0.503
0.503
0.443
0.443
0.503
0.503
0.503
0.503
0.503
0.596
0.596
0.596
0.696
0.696
0.696
0.696
0.696
0.696
0.696
0.696
0.696
0.696
0.731
0.704
0.716
0.716
0.681
0.779
0.779
0.779
0.779
0.779
0.819
0.819
0.779
0.779
0.779
0.779
0.779
0.779
0.779
0.779
0.779
0.779
0.779
0.681
0.681
3.019
3.019
3.019
3.026
3.026
3.026
3.026
3.061
3.061
3.049
3.049
3.049
3.114
3.049
3.049
3.089
3.196
3.156
3.176
3.116
3.116
3.176
3.023
3.023
3.023
3.023
3.023
0.685
0.685
0.745
0.745
0.745
0.638
0.626
0.626
0.626
0.566
0.506
0.506
0.506
0.506
0.486
0.516
0.516
0.546
0.546
0.566
0.566
0.531
0.471
0.471
0.471
0.471
0.471
0.551
0.551
0.551
0.511
0.511
0.511
0.511
0.511
0.511
0.511
0.511
0.451
0.451
0.451
0.463
0.563
0.563
0.463
0.463
0.463
0.463
0.463
0.456
0.496
0.496
0.496
0.496
0.496
0.496
0.496
0.496
0.496
0.496
0.496
0.496
0.496
0.536
0.536
0.536
0.536
0.536
0.536
0.536
0.536
0.634
0.694
0.694
0.694
0.694
0.729
0.729
0.729
0.729
0.729
0.729
0.629
0.524
0.524
0.794
0.794
0.794
0.794
0.696
0.723
0.723
0.783
0.783
0.783
0.771
0.771
0.731
0.731
0.731
0.791
0.791
0.804
0.764
0.764
0.764
0.836
0.836
0.936
0.936
0.936
0.936
0.948
0.948
0.888
0.888
0.888
0.848
0.948
0.983
0.883
0.883
0.883
0.883
0.883
0.883
0.748
0.748
0.76
0.76
0.76
0.76
0.76
0.76
0.76
9.416
9.416
9.416
0.76
0.82
0.82
0.82
0.82
0.82
0.82
0.92
0.92
0.92
0.908
0.848
0.848
0.748
0.648
0.588
0.648
1.669
1.769
1.769
0.748
0.748
0.748
0.748
0.795
0.708
0.715
0.715
0.775
0.775
0.775
0.775
0.875
0.875
0.875
0.875
0.887
0.875
0.875
0.936
0.915
0.903
0.863
0.863
0.763
0.763
0.763
0.763
0.803
0.803
0.803
0.803
0.873
0.873
0.873
0.873
0.833
0.833
0.833
0.933
0.933
0.933
0.833
0.833
0.833
0.733
0.733
0.733
0.733
0.733
0.76
0.76
0.76
0.76
0.76
0.86
0.86
0.76
0.772
0.772
0.772
0.784
0.784
0.784
0.784
0.772
0.772
0.76
0.76
0.76
0.76
0.825
0.825
0.825
0.765
0.825
0.825
0.825
0.825
0.818
0.818
0.978
0.878
0.818
0.818
0.818
0.818
0.818
0.818
0.818
0.818
0.818
0.818
0.753
0.758
0.856
0.791
0.791
0.791
0.761
0.761
0.721
0.661
0.661
0.661
0.661
0.661
0.661
0.721
0.721
0.756
0.756
0.756
0.698
0.638
0.598
0.598
0.598
0.598
0.298
0.298
0.298
0.298
0.236
0.336
0.336
0.336
0.336
0.336
0.336
0.336
0.336
0.336
0.336
0.336
0.396
0.396
0.396
0.408
0.408
0.496
0.496
0.496
0.436
0.436
0.336
0.236
0.276
0.276
0.236
0.236
0.236
0.336
0.366
0.366
0.336
0.336
0.436
0.436
0.383
0.383
0.383
0.383
0.41
0.47
0.568
0.568
0.568
0.568
0.568
0.568
0.568
0.568
0.717
0.717
0.656
0.656
0.656
0.596
0.596
0.661
0.673
0.673
0.575
0.575
0.575
0.575
0.575
0.563
0.563
0.563
0.563
0.575
0.575
0.575
0.575
0.575
0.55
0.598
0.598
0.498
0.498
0.498
0.458
0.458
0.471
0.511
0.511
0.483
0.483
0.483
0.483
0.483
0.071
0.071
0.071
0.071
0.071
0.071
0.169
0.169
0.169
0.169
0.169
0.169
0.169
0.169
0.169
0.169
0.169
0.169
0.169
0.169
0.169
0.169
0.169
0.169
0.071
0.071
0.071
0.071
0.071
0.071
0.071
0.071
0.071
0.071
0.071
0.071
0.071
0.071
0.071
0.071
0.071
0.071
0.071
0.071
0.071
0.071
0.071
0.071
0.071
0.071
0.071
0.071
0.071
0.071
0.071
0.061
0.061
0.061
0.061
0.061
