0.273
0.273
0.273
0.273
0.273
0.066
0.066
0.066
0.066
0.066
0.066
0.066
0.066
0.066
0.066
0.066
0.066
0.066
0.066
0.066
0.066
0.066
0.066
0.066
0.066
0.066
0.066
0.066
0.066
0.066
0.066
0.066
0.066
0.066
0.066
0.066
0.066
0.061
0.061
0.061
0.061
0.061
0.196
0.196
0.196
0.196
0.256
0.256
0.256
0.256
0.256
0.256
0.356
0.256
0.256
0.256
0.256
0.256
0.264
0.424
0.424
0.424
0.424
0.424
2.529
2.469
2.469
0.424
0.424
0.45
0.45
0.45
0.45
0.471
0.471
0.471
0.419
0.419
0.419
0.419
0.419
0.459
0.459
0.459
0.459
0.409
0.409
0.409
0.509
0.509
0.509
0.509
0.509
0.509
0.659
0.659
0.659
0.659
0.659
0.544
0.544
0.544
0.544
0.544
0.544
0.544
0.544
0.544
0.544
0.544
0.544
0.544
0.544
0.544
0.544
0.544
0.544
0.504
0.504
0.504
0.564
0.564
0.564
0.564
0.564
0.564
0.599
0.564
0.564
0.724
1.06
1.1
1.1
1.1
0.764
0.824
0.824
2.879
2.919
2.919
0.864
0.864
0.838
0.678
0.678
0.618
0.618
0.678
0.618
0.61
0.51
0.51
0.57
0.57
0.51
0.51
0.45
0.45
0.45
0.51
0.51
0.61
0.61
0.61
0.61
0.51
0.51
0.073
0.073
0.073
0.073
0.073
0.073
0.073
0.073
0.073
0.073
0.073
0.073
0.073
0.073
0.073
0.073
0.073
0.073
0.073
0.073
0.073
0.073
0.073
0.073
0.073
0.073
0.073
0.073
0.073
0.073
0.073
0.073
0.073
0.073
0.073
0.233
0.233
0.233
0.233
0.233
0.233
0.233
0.233
0.233
0.233
0.233
0.233
0.233
0.233
0.073
0.073
0.073
0.073
0.073
0.073
0.073
0.073
0.073
0.073
0.073
0.073
0.073
0.073
0.073
0.073
0.073
0.073
0.073
0.073
0.073
0.073
0.073
0.073
0.073
0.073
0.073
0.073
0.073
0.073
0.073
0.073
0.073
0.073
0.073
0.073
0.073
0.073
0.073
0.073
0.073
0.073
0.073
0.073
0.073
0.073
0.073
0.073
0.073
0.073
0.073
0.073
0.073
0.073
0.073
0.073
0.073
0.073
0.073
0.073
0.073
0.073
0.073
0.073
0.073
0.073
0.073
0.073
0.073
0.073
0.073
0.073
0.073
0.073
0.073
0.073
0.073
0.073
0.073
0.073
0.073
0.073
0.073
0.073
0.233
0.233
0.233
0.348
0.348
0.348
0.348
0.348
0.348
0.348
0.348
0.348
0.348
0.348
0.188
0.188
0.188
0.188
0.188
0.188
0.188
0.073
0.073
0.073
0.073
0.073
0.073
0.073
0.073
0.073
0.073
0.073
0.073
0.073
0.073
0.073
0.073
0.073
0.073
0.073
0.073
0.073
0.073
0.073
0.073
0.073
0.073
0.073
0.073
0.073
0.073
0.073
0.073
0.073
0.073
0.073
0.073
0.073
0.073
0.073
0.073
0.073
0.073
0.073
0.073
0.073
0.073
0.073
0.073
0.073
0.188
0.188
0.188
0.188
0.188
0.188
0.188
0.188
0.188
0.188
0.188
0.188
0.188
0.188
0.188
0.188
0.188
0.188
0.073
0.073
0.073
0.073
0.073
0.073
0.233
0.233
0.233
0.233
0.233
0.233
0.233
0.233
0.233
0.233
0.233
0.233
0.233
0.233
0.073
0.073
0.073
0.073
0.073
0.073
0.073
0.073
0.073
0.073
0.073
0.073
0.073
0.073
0.073
0.073
0.073
0.073
0.073
0.073
0.073
0.073
0.073
0.073
0.073
0.073
0.073
0.073
0.073
0.073
0.073
0.073
0.073
0.073
0.073
0.073
0.073
0.073
0.073
0.073
0.188
0.188
0.188
0.188
0.188
0.188
0.188
0.188
0.188
0.188
0.188
0.188
0.188
0.188
0.188
0.188
0.188
0.188
0.233
0.233
0.233
0.233
0.233
0.233
0.233
0.233
0.233
0.233
0.233
0.233
0.233
0.233
0.073
0.073
0.073
0.073
0.073
0.073
0.073
0.073
0.073
0.073
0.073
0.073
0.073
0.073
0.073
0.073
0.073
0.073
0.073
0.073
0.073
0.073
0.073
0.073
0.073
0.073
0.073
0.073
0.073
0.073
0.073
0.073
0.073
0.073
0.073
0.073
0.073
0.073
0.073
0.073
0.073
0.073
0.073
0.073
0.073
0.073
0.073
0.073
0.073
0.073
0.073
0.073
0.073
0.073
0.073
0.073
0.073
0.073
0.073
0.073
0.073
0.073
0.073
0.073
0.073
0.073
0.073
0.233
0.233
0.233
0.233
0.233
0.233
0.233
0.233
0.233
0.233
0.233
0.233
0.233
0.233
0.073
0.073
0.073
0.073
0.073
0.073
0.073
0.073
0.073
0.073
0.073
0.073
0.073
0.073
0.073
0.073
0.073
0.073
0.073
0.073
0.073
0.073
0.188
0.188
0.188
0.188
0.188
0.188
0.188
0.188
0.188
0.188
0.188
0.188
0.188
0.188
0.188
0.188
0.188
0.188
0.073
0.073
0.073
0.073
0.073
0.073
0.073
0.073
0.073
0.073
0.073
0.073
0.073
0.073
0.073
0.073
0.073
0.073
0.073
0.073
0.073
0.073
0.073
0.073
0.073
0.073
0.073
0.233
0.233
0.233
0.233
0.233
0.233
0.233
0.233
0.233
0.233
0.233
0.233
0.233
0.233
0.073
0.188
0.188
0.188
0.188
0.188
0.188
0.188
0.188
0.188
0.188
0.188
0.188
0.188
0.188
0.188
0.188
0.188
0.188
0.073
0.073
0.073
0.073
0.073
0.073
0.192
0.292
0.292
0.292
0.292
0.292
0.292
2.483
2.483
2.483
2.483
2.483
2.483
2.483
2.483
2.483
2.483
2.483
2.483
2.483
2.483
2.483
2.483
2.483
2.483
2.483
2.483
2.483
2.483
2.483
2.483
2.598
2.598
2.598
2.598
2.598
2.758
2.758
2.758
2.758
2.758
2.758
2.758
2.758
2.758
2.758
2.758
2.758
2.758
2.643
2.483
2.483
2.483
2.483
2.483
2.483
2.483
2.483
2.483
2.483
2.483
2.483
2.483
2.483
2.483
2.483
2.483
0.292
0.292
0.292
0.292
0.292
0.292
0.292
0.292
0.292
0.292
0.292
0.292
0.292
0.292
0.292
0.292
0.292
0.292
0.292
0.292
0.292
0.628
0.628
0.628
0.64
0.304
0.304
0.304
0.304
0.304
0.304
0.304
0.419
0.419
0.419
0.419
0.419
0.419
0.419
0.419
0.419
0.419
0.419
0.419
0.419
0.419
0.419
0.419
0.319
0.319
0.204
0.204
0.204
0.204
0.204
0.204
0.204
0.204
0.204
0.204
0.204
0.204
0.204
0.204
0.204
0.204
0.364
0.364
0.364
0.364
0.364
0.364
0.364
0.364
0.364
0.364
0.364
0.364
0.364
0.364
0.204
0.204
0.204
0.204
0.192
0.192
0.192
0.192
0.192
0.192
0.192
0.192
0.328
0.328
0.328
0.328
0.328
0.328
0.328
0.366
0.366
0.366
0.366
0.366
0.366
0.366
0.366
0.366
0.366
0.374
0.374
0.374
0.374
0.374
0.374
0.374
0.374
0.374
0.374
0.374
0.489
2.544
2.544
2.544
0.489
0.489
0.489
0.489
0.489
0.489
0.489
0.489
0.489
0.489
0.489
0.489
0.489
0.649
0.534
0.413
0.413
2.468
2.468
2.468
0.413
0.413
0.413
0.413
0.413
0.413
0.413
0.253
0.253
0.253
0.253
0.253
0.253
0.253
0.253
0.241
0.241
0.241
0.241
0.241
0.241
0.241
0.241
0.241
0.241
0.241
0.241
0.241
0.215
0.215
0.215
0.215
0.215
0.215
0.215
0.215
0.405
0.405
0.457
0.382
0.432
0.432
0.432
0.532
0.432
0.432
0.432
0.432
0.432
0.492
0.492
0.492
0.532
0.582
0.407
0.407
0.467
0.467
0.467
0.073
0.073
0.073
0.073
0.073
0.073
0.073
0.073
0.073
0.073
0.073
0.073
0.073
0.073
0.073
0.073
0.073
0.073
0.073
0.073
0.073
0.073
0.073
0.073
0.073
0.073
0.073
0.073
0.233
0.233
0.233
0.233
0.233
0.233
0.233
0.233
0.233
0.233
0.233
0.233
0.427
0.427
0.267
0.267
0.382
0.482
0.482
0.482
0.49
0.49
0.55
0.49
0.886
0.886
0.898
0.898
0.562
0.502
0.442
0.442
0.442
0.517
0.462
1.433
1.358
1.358
0.427
0.427
0.427
0.427
0.427
0.427
0.407
0.407
0.407
0.407
0.367
0.367
0.367
0.375
0.367
0.367
0.367
0.267
0.267
0.267
0.267
0.275
0.275
0.275
0.275
0.267
0.267
0.233
0.293
0.293
0.629
0.629
0.629
0.629
2.348
2.348
2.463
0.408
0.408
0.408
0.408
0.408
0.528
0.528
0.528
0.528
0.508
0.676
0.716
0.708
0.708
0.708
0.708
0.708
0.593
0.593
0.593
0.643
0.643
0.643
0.643
0.483
0.483
0.483
0.483
0.483
0.483
0.483
0.483
0.483
0.483
0.483
0.779
0.779
0.779
0.779
0.443
0.443
0.503
0.443
0.443
0.443
0.443
0.443
0.443
0.593
0.593
0.593
0.593
0.463
0.463
0.463
0.523
0.523
0.523
0.583
0.583
0.523
0.523
0.523
0.497
0.597
0.597
0.597
0.497
0.497
0.497
0.497
0.497
0.497
0.497
0.497
0.497
0.497
0.537
0.537
0.537
0.537
0.537
0.476
0.476
0.401
0.401
0.401
0.341
0.341
0.241
0.241
0.241
0.241
0.249
0.249
0.249
0.249
0.249
0.249
0.409
0.409
0.409
0.409
0.469
0.481
0.481
0.516
0.556
0.556
0.556
0.481
0.481
0.596
0.436
0.496
0.556
0.556
0.556
0.556
0.556
0.556
0.496
0.496
0.436
0.376
0.376
0.376
0.368
0.368
0.368
0.343
0.343
0.429
0.219
0.219
0.227
0.377
0.417
0.417
0.417
0.317
0.329
0.309
0.409
0.409
0.409
0.409
0.309
0.309
2.5
2.508
2.5
2.5
2.56
2.41
2.41
2.41
2.418
2.418
2.478
2.478
2.486
2.486
2.486
2.514
2.554
2.454
2.414
2.55
2.55
2.55
2.665
2.645
2.645
2.645
2.645
2.705
2.705
2.705
2.705
2.705
2.705
2.705
2.705
2.705
2.78
2.78
2.705
2.78
2.665
2.665
2.665
2.665
2.748
2.748
2.808
2.808
2.828
2.808
2.808
2.808
2.808
2.808
2.989
2.989
2.963
3.055
3.08
11.293
9.017
9.212
0.999
0.999
1.124
1.124
1.124
1.124
1.124
1.164
1.084
1.084
1.084
1.084
1.084
1.084
1.084
1.049
0.889
0.849
0.869
0.869
0.969
0.969
0.909
0.841
0.781
0.789
0.714
0.714
0.849
0.909
0.909
0.877
0.877
0.857
0.857
0.857
0.782
0.872
0.749
0.809
0.809
0.809
0.706
0.706
0.706
0.706
0.706
0.746
0.786
0.726
0.686
0.686
0.769
0.769
0.869
0.929
0.779
0.779
0.719
0.719
0.719
0.719
0.711
0.737
0.737
0.737
0.737
0.737
0.737
0.737
0.887
0.737
0.737
0.737
0.737
0.737
0.852
0.852
0.852
0.852
0.852
0.852
0.852
0.902
0.902
0.716
0.716
0.776
0.776
0.776
0.776
0.776
0.776
0.784
0.669
0.681
0.641
0.701
0.701
0.701
0.701
0.701
0.701
0.581
0.573
0.573
0.073
0.073
0.073
0.073
0.073
0.073
0.073
0.073
0.073
0.073
0.073
0.073
0.073
0.073
0.073
0.073
0.073
0.073
0.233
0.233
0.233
0.233
0.233
0.233
0.233
0.233
0.233
0.233
0.233
0.233
0.233
0.233
0.073
0.073
0.073
0.073
0.073
0.073
0.073
0.073
0.073
0.073
0.073
0.073
0.073
0.073
0.073
0.073
0.073
0.073
0.073
0.073
0.188
0.188
0.188
0.188
0.188
0.188
0.188
0.188
0.188
0.188
0.188
0.188
0.188
0.188
0.188
0.188
0.188
0.188
0.073
0.073
0.073
0.073
0.073
0.073
0.073
0.073
0.073
0.073
0.073
0.073
0.073
