0.055999999999999994
0.1044
0.11599999999999999
0.1
0.244
0.356
0.064
0.066
0.066
0.066
0.066
0.066
0.066
0.066
0.066
0.066
0.066
0.066
0.066
0.066
0.066
0.066
0.066
0.066
0.066
0.066
0.066
0.066
0.066
0.066
0.066
0.066
0.066
0.099
0.231
0.231
0.231
0.231
0.099
0.066
0.066
0.066
0.066
0.066
0.066
0.066
0.066
0.066
0.066
0.198
0.231
0.231
0.231
0.16500000000000004
0.066
0.066
0.066
0.066
0.066
0.066
0.066
0.066
0.066
0.132
0.231
0.231
0.231
0.231
0.066
0.066
0.066
0.066
0.066
0.066
0.066
0.066
0.066
0.066
0.099
0.231
0.231
0.231
0.7742
2.2774
2.174
3.0174000000000003
2.2234
2.179
0.5262
0.097
0.073
0.0712
0.064
0.252
0.308
0.449
0.48460000000000003
0.522
0.46099999999999997
0.7954
1.2134
0.39299999999999996
0.397
0.387
0.503
0.4426
0.461
0.457
0.591
0.615
1.5177999999999998
1.1414000000000002
0.7144
1.9276
2.688
2.589
3.5769999999999995
5.029
4.6158
2.4486
0.3936
0.404
0.4022
0.395
0.395
0.395
0.395
0.395
0.527
0.512
0.5
0.44000000000000006
1.9932000000000003
1.903
1.8709999999999998
1.863
0.066
0.066
0.066
0.066
0.066
0.066
0.066
0.198
0.231
0.231
0.231
0.16500000000000004
0.066
0.066
0.066
0.066
0.21400000000000002
0.21400000000000002
0.2164
0.341
0.341
0.341
2.841
2.841
2.7586000000000004
0.9569999999999999
1.4928000000000001
2.286
2.286
2.1870000000000003
1.3277999999999999
0.138
0.138
0.138
0.138
0.138
0.292
0.2664
0.26
0.33440000000000003
0.384
0.384
0.5484
0.6224000000000001
0.418
0.45339999999999997
0.5122
0.507
0.6018
0.523
0.5379999999999999
0.7218
0.5088
0.306
0.306
0.34500000000000003
0.066
0.066
0.066
0.066
0.066
0.198
0.231
0.231
0.231
0.16500000000000004
0.066
0.066
0.381
0.395
0.30500000000000005
0.357
0.3478
0.331
0.413
0.516
0.516
2.63
2.674
2.593
2.617
2.5769999999999995
1.2613999999999996
0.41899999999999993
0.475
0.3888
0.066
0.066
0.066
0.066
0.066
0.066
0.066
0.066
0.2278
0.426
0.4236
0.41200000000000003
0.43600000000000005
0.337
0.11000000000000001
1.3286000000000002
0.1592
0.198
0.2408
0.33199999999999996
0.4008
0.6258
2.1742
2.6887999999999996
2.424
2.5800000000000005
1.4891999999999999
0.8165999999999999
0.869
0.8548
0.8698
0.665
0.671
0.7975999999999999
0.7944000000000001
0.7778
0.821
0.781
1.4486
2.5008
2.457
2.4557999999999995
1.7413999999999998
0.776
0.7978
0.5346
0.457
0.8624
0.45760000000000006
0.3378
1.1802
0.7524
0.343
0.35100000000000003
0.359
0.334
0.334
0.466
0.531
0.9771999999999998
1.4394
0.593
0.5151999999999999
0.25599999999999995
0.20400000000000001
0.196
