0.06800000000000003
0.07266666666666666
0.078
0.078
0.206
0.10360000000000001
0.078
0.078
0.1548
0.15479999999999994
0.078
0.078
0.11213333333333332
0.19746666666666665
0.078
0.078
0.078
0.19746666666666665
0.11213333333333336
0.078
0.078
0.078
0.078
0.078
0.10359999999999998
0.206
0.078
0.078
0.13773333333333332
0.17186666666666664
0.1033333333333333
2.7009333333333334
0.9940666666666669
0.7138000000000001
0.18039999999999998
0.078
0.078
0.078
0.10600000000000004
0.1026666666666667
0.20400000000000007
0.10160000000000001
0.076
0.07733333333333332
0.078
0.078
0.08653333333333332
0.206
0.09506666666666667
0.078
0.078
0.078
0.17186666666666667
0.13773333333333335
0.078
0.078
0.078
0.206
0.10360000000000001
0.078
0.078
0.14626666666666666
0.16333333333333327
0.078
0.078
0.078
0.09506666666666665
0.206
0.08653333333333334
0.078
0.078
0.078
0.078
0.078
0.078
0.11213333333333332
0.19746666666666665
0.078
0.078
0.078
0.13773333333333332
0.17186666666666664
0.10266666666666667
0.1896666666666667
0.32446666666666674
2.7110000000000007
0.9713333333333334
0.5988000000000001
0.5172666666666667
0.1943999999999999
0.1548
0.15479999999999994
0.078
0.078
0.078
0.11599999999999998
