0.06400000000000003
0.06200000000000003
0.06999999999999999
0.072
0.1168
0.7137333333333333
0.6153333333333334
0.4750666666666666
0.2940666666666667
0.20733333333333331
0.18520000000000003
0.08566666666666664
0.2770000000000001
0.15400000000000005
0.072
0.072
0.072
0.072
0.072
0.072
0.072
0.22233333333333338
0.2223333333333334
0.072
0.072
0.072
0.15400000000000003
0.2770000000000001
0.08566666666666665
0.072
0.072
0.072
0.072
0.072
0.072
0.20866666666666672
0.2360000000000001
0.072
0.072
0.0706666666666667
0.15400000000000003
0.2770000000000001
0.08566666666666665
0.072
0.072
0.2360000000000001
0.20866666666666675
0.072
0.072
0.08566666666666664
0.2770000000000001
0.15400000000000005
0.072
0.072
0.072
0.19500000000000003
0.24966666666666676
0.072
0.072
0.072
0.18133333333333337
0.2633333333333334
0.072
0.072
0.072
0.2770000000000001
0.16766666666666674
0.072
0.072
0.15400000000000003
0.2770000000000001
0.08566666666666665
0.072
0.072
0.072
0.072
0.08566666666666664
0.2770000000000001
0.15400000000000005
0.072
0.072
0.072
0.07133333333333333
0.10353333333333334
0.9657333333333333
3.1743333333333323
1.6976
0.5064666666666667
0.4960000000000001
0.6345999999999999
0.5319333333333334
0.43373333333333325
0.4441333333333333
0.7066
0.5076666666666667
0.08566666666666665
