0.05600000000000002
0.06266666666666669
0.21999999999999995
0.09
0.7889333333333332
0.5117999999999999
0.45099999999999996
0.5783333333333334
0.09600000000000002
0.40173333333333333
0.1921333333333333
0.154
0.13200000000000003
0.06600000000000003
0.06600000000000003
0.2750000000000001
0.4188666666666668
0.15
0.06600000000000003
0.13233333333333336
0.30500000000000005
0.2535333333333334
0.21899999999999997
0.06600000000000003
0.0792666666666667
0.335
0.2756
0.19799999999999998
0.08800000000000005
0.06600000000000003
0.41973333333333335
0.5154666666666666
0.8698
1.1230666666666669
0.8686000000000003
1.0908666666666667
0.8735999999999998
0.9983333333333336
2.972333333333333
1.1988
1.6630666666666665
1.1808666666666667
0.6538666666666668
0.375
0.7509999999999999
0.5116666666666668
0.43206666666666665
1.0904666666666667
0.7108
0.5203333333333333
0.5997333333333332
0.3816666666666668
0.5178666666666668
0.6079333333333332
0.0906666666666667
0.629
0.26926666666666665
0.957
0.4435333333333332
0.23600000000000002
0.7076666666666664
0.5659333333333333
0.6266666666666667
2.883333333333333
1.1229333333333331
0.6353333333333333
0.6863999999999998
0.8803333333333333
1.0845333333333333
0.843
0.9052666666666667
0.9799999999999999
1.1203333333333334
1.1933333333333336
0.8347333333333337
0.7659999999999998
0.9149333333333335
0.7876666666666667
0.9520000000000003
1.0366666666666668
0.9075333333333333
0.9290000000000003
0.7061999999999998
0.8796
0.9290000000000003
0.9824666666666663
0.7841333333333333
0.8666666666666666
1.0130000000000003
1.0608666666666664
1.1636666666666666
1.0776666666666666
0.16499999999999995
0.06600000000000003
0.18600000000000003
0.33833333333333326
