0.2694666666666667
0.4735333333333333
0.4729999999999999
0.07099999999999998
0.07099999999999998
0.08199999999999998
0.23599999999999988
0.13699999999999998
0.07099999999999998
0.07099999999999998
0.07099999999999998
0.13699999999999998
0.23599999999999988
0.08199999999999998
0.07099999999999998
0.07099999999999998
0.23599999999999988
0.14800000000000002
0.07099999999999998
0.07099999999999998
0.07099999999999998
0.08199999999999998
0.23599999999999988
0.13699999999999998
0.07099999999999998
0.07099999999999998
0.09299999999999999
0.23599999999999988
0.12599999999999997
0.07099999999999998
0.07099999999999998
0.07099999999999998
0.2576666666666666
0.21399999999999994
0.07099999999999998
0.07099999999999998
0.07099999999999998
0.07099999999999998
0.2459999999999999
0.20200000000000007
0.103
0.10686666666666667
0.08233333333333333
0.08
0.10400000000000004
0.2602666666666667
0.3398666666666666
0.6135999999999999
0.129
0.06899999999999998
0.13499999999999998
0.234
0.09399999999999999
0.5536000000000002
0.07859999999999999
1.4408
2.4709333333333334
0.23799999999999988
0.14299999999999996
0.16499999999999998
0.30799999999999994
0.2451999999999999
0.16659999999999997
0.29860000000000003
0.10879999999999997
0.16999999999999998
0.21399999999999994
0.07099999999999998
0.22466666666666663
0.21600000000000003
0.19393333333333332
0.8801333333333333
0.5092666666666665
0.6358
0.45433333333333326
0.6784666666666669
0.7034000000000001
0.826
1.1230666666666667
2.8425333333333334
0.7998
0.769
0.7868
1.4201333333333332
0.9159999999999998
1.0196666666666667
0.7942
0.8753333333333335
0.07099999999999998
0.08199999999999998
0.23599999999999988
0.13699999999999998
0.07099999999999998
0.07099999999999998
0.10399999999999997
0.23599999999999988
