0.09213333333333334
0.2333333333333333
0.06533333333333337
0.06600000000000003
0.06600000000000003
0.06600000000000003
0.06600000000000003
0.06600000000000003
0.06600000000000003
0.06600000000000003
0.06600000000000003
0.18699999999999997
0.18699999999999994
0.06600000000000003
0.06600000000000003
0.06600000000000003
0.165
0.20899999999999996
0.06600000000000003
0.06600000000000003
0.06600000000000003
0.19799999999999998
0.17599999999999996
0.06600000000000003
0.06600000000000003
0.06600000000000003
0.18699999999999997
1.0942
2.4716
0.9340666666666665
0.0694
0.33633333333333326
0.4892000000000002
0.8005999999999999
0.42899999999999994
0.4535333333333333
0.9079333333333334
1.2611333333333334
2.951333333333333
4.031133333333333
0.39993333333333325
0.3949999999999999
0.43900000000000017
0.48400000000000015
1.9223999999999999
0.6650000000000005
0.06600000000000003
0.11000000000000003
0.23099999999999996
0.09900000000000005
0.11533333333333333
0.2571333333333334
1.1743333333333337
2.1855333333333333
2.0216000000000007
1.217600000000001
0.13799999999999996
0.23213333333333327
0.32613333333333333
0.5182666666666667
0.4612
0.5439333333333333
0.5895333333333334
0.319
0.06600000000000003
0.11000000000000003
0.23099999999999996
0.09900000000000005
0.36033333333333334
0.3452666666666666
0.48166666666666663
2.6323333333333325
2.1518
0.4276
0.06600000000000003
0.06600000000000003
0.11993333333333336
0.4205333333333333
0.2943333333333334
0.5619333333333335
0.3245333333333333
1.8295999999999997
2.1644000000000005
0.8468
0.7352666666666666
0.7899333333333334
1.0168666666666666
2.471199999999999
1.1050666666666664
0.618
0.6585333333333333
0.48213333333333336
0.34233333333333327
0.6580666666666666
0.8492
0.2186666666666667
