0.044
0.044
0.044
0.044
0.044
0.044
0.054000000000000006
0.054000000000000006
0.054000000000000006
0.054000000000000006
0.054000000000000006
0.0744
0.156
0.156
0.156
0.0948
0.054000000000000006
0.0962
0.265
0.265
0.265
0.265
0.0962
0.054000000000000006
0.054000000000000006
0.054000000000000006
0.054000000000000006
0.054000000000000006
0.054000000000000006
0.054000000000000006
0.054000000000000006
0.13840000000000002
0.265
0.265
0.265
0.265
0.054000000000000006
0.054000000000000006
0.054000000000000006
0.0948
0.156
0.156
0.156
0.0744
0.054000000000000006
0.054000000000000006
0.054000000000000006
0.054000000000000006
0.054000000000000006
0.054000000000000006
0.265
0.265
0.265
0.265
0.19960000000000003
0.156
0.156
0.156
0.054000000000000006
0.054000000000000006
0.054000000000000006
0.054000000000000006
0.054000000000000006
0.054000000000000006
0.054000000000000006
0.054000000000000006
0.076
0.11320000000000001
0.154
0.1678
1.4919999999999998
0.076
0.1288
0.23280000000000003
0.275
0.275
0.275
0.2306
0.05439999999999999
0.052000000000000005
0.052000000000000005
0.052000000000000005
0.052000000000000005
0.11320000000000001
0.154
0.596
1.05
0.2324
0.187
0.3896
0.526
0.53
0.53
0.40380000000000005
0.23499999999999996
0.23499999999999996
0.347
1.3297999999999999
1.421
1.3126
1.271
1.288
1.3512
0.6912
0.367
0.367
0.367
0.0962
0.054000000000000006
0.054000000000000006
0.054000000000000006
0.054000000000000006
0.054000000000000006
0.054000000000000006
0.054000000000000006
0.054000000000000006
0.265
0.265
0.3466
0.367
0.2404
0.1356
0.054000000000000006
0.054000000000000006
0.054000000000000006
0.054000000000000006
0.054000000000000006
0.054000000000000006
0.054000000000000006
0.054000000000000006
0.0744
0.156
0.156
0.156
0.0948
0.054000000000000006
0.054000000000000006
0.054000000000000006
0.1806
0.265
0.265
0.265
0.22280000000000003
0.054000000000000006
0.067
0.067
0.06960000000000001
0.1628
0.21800000000000003
0.21800000000000003
0.21800000000000003
0.21800000000000003
0.2602
0.44939999999999997
0.531
0.528
0.531
0.34900000000000003
0.13740000000000002
0.127
0.13740000000000002
0.14
0.16
0.24
0.5820000000000001
1.0239999999999998
0.08
0.092
0.164
0.38639999999999997
0.44400000000000006
0.438
0.3868
0.323
0.11200000000000002
0.11440000000000002
0.124
1.3138
2.133
3.5254
2.2960000000000003
1.4988
0.39780000000000004
0.35760000000000003
1.61
0.284
0.297
0.48580000000000007
0.3832000000000001
0.49720000000000003
0.48200000000000004
0.39859999999999995
0.36340000000000006
0.41340000000000005
0.5978
0.5429999999999999
0.7343999999999999
1.1644
1.4694
1.103
0.422
0.5134000000000001
0.8363999999999999
0.5178
0.36499999999999994
0.46259999999999996
0.5055999999999999
0.506
0.542
0.6331999999999999
0.975
2.1622
2.987
2.8996000000000004
2.7686
1.8457999999999999
0.597
0.5434000000000001
0.5489999999999999
0.667
0.677
0.625
0.5770000000000001
0.669
0.868
0.8096
0.7974
0.8029999999999999
0.7612000000000001
0.652
0.5002
0.4354
0.492
0.6060000000000001
0.6888
0.808
1.1598
0.9635999999999999
0.7274
1.0096
1.1747999999999998
1.1252
0.9728
0.8778
2.059
0.6678000000000001
0.636
0.662
0.701
0.7187999999999999
6.7966
2.039
0.6365999999999999
0.654
0.6028
0.66
0.6960000000000001
0.7999999999999999
0.9889999999999999
1.0252000000000001
1.068
1.0230000000000001
0.8834
0.7857999999999999
0.8462
0.8443999999999999
0.742
0.7684
0.792
0.792
0.9039999999999999
0.8044
0.7924
0.6988000000000001
0.7222
0.775
0.156
0.156
0.054000000000000006
0.054000000000000006
0.22280000000000003
0.265
0.265
0.265
0.18060000000000004
0.054000000000000006
0.054000000000000006
0.054000000000000006
