0.7569333333333336
0.5003333333333334
0.26666666666666666
0.06566666666666664
0.07099999999999998
0.07099999999999998
0.07099999999999998
0.1736666666666667
0.19420000000000007
0.07099999999999998
0.07099999999999998
0.07099999999999998
0.07099999999999998
0.22500000000000006
0.14286666666666667
0.07099999999999998
0.07099999999999998
0.16340000000000005
0.20446666666666674
0.07059999999999998
0.08233333333333331
1.278733333333333
0.8891333333333336
0.9604000000000001
0.4526666666666666
0.302
0.25680000000000003
0.20633333333333337
0.2069333333333333
0.8266666666666665
0.4276
0.2133333333333334
2.3173333333333335
1.1180666666666668
0.2056666666666667
0.2152666666666667
0.17366666666666675
0.07099999999999998
0.07099999999999998
0.07099999999999998
0.18393333333333337
0.18393333333333342
0.07099999999999998
0.07099999999999998
0.07099999999999998
0.16340000000000005
0.20339999999999997
0.06899999999999998
0.06899999999999998
0.06899999999999998
0.1819333333333333
0.3983333333333333
0.06899999999999998
0.06899999999999998
0.4284666666666667
0.42379999999999984
0.32646666666666657
0.31433333333333346
0.3330000000000001
0.3798000000000001
0.5667333333333333
0.8612666666666665
1.4036666666666666
2.2743333333333333
0.923666666666667
0.4086666666666667
0.5361333333333335
0.5470666666666666
0.46
0.6474
1.3734000000000002
2.1876666666666664
1.2475333333333334
0.9097999999999999
0.7233999999999998
0.455
0.9881333333333333
2.321066666666667
1.3914666666666666
0.31106666666666666
0.32266666666666666
0.37980000000000014
0.5975333333333335
0.3760666666666666
0.44299999999999995
0.4215333333333333
0.44726666666666676
0.5061333333333334
0.5784
0.3143333333333332
0.07099999999999998
0.07099999999999998
0.07099999999999998
0.07099999999999998
0.16340000000000005
0.20446666666666674
