0.069
0.065
0.065
0.065
0.065
0.065
0.07100000000000001
0.075
0.075
0.075
0.075
0.1356
0.378
0.378
0.378
0.3168
0.1152
0.075
0.075
0.075
0.075
0.075
0.075
0.075
0.075
0.075
0.075
0.075
0.2358
0.276
0.276
0.276
0.1956
0.0954
0.177
0.177
0.177
0.11579999999999999
0.075
0.075
0.075
0.075
0.075
0.2358
0.276
0.276
0.276
0.1956
0.075
0.075
0.075
0.1566
0.177
0.177
0.1566
0.075
0.11520000000000001
0.276
0.276
0.276
0.276
0.1152
0.075
0.075
0.075
0.075
0.075
0.075
0.075
0.177
0.177
0.177
0.13619999999999996
0.075
0.1554
0.276
0.276
0.276
0.276
0.075
0.13620000000000002
0.177
0.177
0.177
0.075
0.075
0.075
0.075
0.075
0.075
0.075
0.075
0.073
0.19360000000000002
0.274
0.29400000000000004
0.40360000000000007
1.0142
3.439
3.469
3.4432
2.8698
2.8698
3.65
0.075
0.075
0.1968
0.378
0.378
0.35760000000000003
0.276
0.1152
0.075
0.075
0.075
0.075
0.075
0.075
0.075
0.075
0.075
0.075
0.075
0.19560000000000002
0.276
0.276
0.276
0.2358
0.075
0.075
0.177
0.177
0.177
0.13619999999999996
0.075
0.075
0.075
0.075
0.075
0.075
0.0954
0.177
0.177
0.2976
0.3168
0.276
0.276
0.2358
0.075
0.075
0.075
0.075
0.075
0.075
0.075
0.075
0.075
0.0954
0.177
0.378
0.378
0.3168
0.276
0.15539999999999998
0.075
0.075
0.075
0.075
0.075
0.075
0.075
0.075
0.075
0.075
0.075
0.075
0.2358
0.276
0.276
0.29640000000000005
0.2976
0.177
0.177
0.11579999999999999
0.075
0.075
0.075
0.075
0.075
0.075
0.075
0.075
0.075
0.075
0.075
0.2766
0.378
0.378
0.378
0.21600000000000003
0.075
0.075
0.075
0.075
3.303
3.3269999999999995
0.8062000000000001
0.192
0.2924
0.4069999999999999
0.48119999999999996
0.604
0.5104000000000001
0.5344
0.499
0.286
0.286
0.286
0.30599999999999994
0.406
0.3688
0.34700000000000003
4.3384
3.533
3.6186
3.6112
0.41
0.587
0.571
0.6754
0.745
0.6244
0.52
0.4048
0.378
0.37
0.37
0.41480000000000006
0.6621999999999999
0.635
0.611
0.5090000000000001
0.33619999999999994
0.3438
0.43900000000000006
0.559
2.3406
3.5620000000000003
3.5805999999999996
3.739
3.1900000000000004
0.8206
0.8960000000000001
2.5921999999999996
3.7228000000000003
3.6740000000000004
3.658
1.7334000000000003
0.075
0.075
0.075
0.075
0.075
0.075
0.075
0.075
0.5870000000000001
0.8666
0.8789999999999999
0.883
0.849
0.5876
0.075
0.075
0.075
0.075
0.075
0.11579999999999999
0.177
0.177
0.21719999999999998
0.2964
0.276
0.276
0.276
0.1152
0.075
0.075
