0.065
0.065
0.065
0.065
0.065
0.065
0.065
0.065
0.065
0.065
0.065
0.065
0.065
0.065
0.065
0.065
0.065
0.065
0.065
0.065
0.065
0.065
0.065
0.075
0.075
0.075
0.075
0.075
0.075
0.075
0.075
0.075
0.075
0.075
0.075
0.075
0.075
0.075
0.075
0.075
0.075
0.075
0.075
0.075
0.075
0.075
0.075
0.075
0.075
0.075
0.075
0.075
0.075
0.075
0.075
0.075
0.075
0.075
0.075
0.075
0.075
0.075
0.075
0.075
0.075
0.075
0.075
0.075
0.075
0.075
0.075
0.075
0.075
0.075
0.075
0.075
0.075
0.075
0.075
0.075
0.075
0.075
0.075
0.075
0.075
0.075
0.075
0.075
0.075
0.075
0.075
0.075
0.075
0.075
0.075
0.075
0.075
0.075
0.075
0.075
0.075
0.075
0.075
0.075
0.075
0.075
0.075
0.18
0.18
0.18
0.18
0.18
0.18
0.18
0.18
0.18
0.18
0.18
0.18
0.18
0.18
0.18
0.18
0.18
0.18
0.075
0.075
0.075
0.075
0.075
0.075
0.075
0.075
0.075
0.075
0.075
0.075
0.075
0.075
0.075
0.075
0.075
0.075
0.075
0.075
0.075
0.075
0.075
0.075
0.075
0.075
0.075
0.075
0.075
0.075
0.075
0.075
0.075
0.075
0.075
0.075
0.075
0.075
0.075
0.075
0.075
0.075
0.075
0.075
0.075
0.18
0.18
0.18
0.18
0.18
0.18
0.18
0.18
0.18
0.18
0.18
0.18
0.18
0.18
0.18
0.18
0.18
0.18
0.075
0.075
0.075
0.075
0.075
0.075
0.075
0.075
0.075
0.075
0.075
0.075
0.075
0.075
0.075
0.075
0.075
0.075
0.075
0.075
0.075
0.075
0.075
0.075
0.075
0.075
0.075
0.075
0.075
0.075
0.075
0.075
0.075
0.075
0.075
0.075
0.075
0.075
0.075
0.075
0.075
0.075
0.075
0.075
0.075
0.075
0.075
0.075
0.075
0.18
0.18
0.18
0.18
0.18
0.18
0.18
0.18
0.18
0.18
0.18
0.18
0.18
0.18
0.18
0.18
0.18
0.18
0.075
0.075
0.075
0.075
0.075
0.075
0.075
0.075
0.075
0.075
0.075
0.075
0.075
0.075
0.075
0.075
0.075
0.075
0.075
0.075
0.075
0.075
0.075
0.075
0.075
0.075
0.075
0.075
0.075
0.075
0.075
0.075
0.075
0.075
0.075
0.075
0.18
0.18
0.18
0.18
0.18
0.18
0.18
0.18
0.18
0.18
0.18
0.18
0.18
0.18
0.18
0.18
0.18
0.18
0.075
0.075
0.075
0.075
0.075
0.075
0.075
0.075
0.075
0.075
0.075
0.075
0.075
0.075
0.075
0.075
0.075
0.075
0.075
0.075
0.075
0.075
0.075
0.075
0.075
0.075
0.075
0.075
0.075
0.075
0.075
0.075
0.075
0.075
0.075
0.075
0.075
0.075
0.075
0.075
0.075
0.133
0.133
0.133
0.133
0.133
0.133
0.133
0.133
0.193
0.221
0.326
0.326
0.826
0.826
0.866
0.866
0.866
0.886
0.886
0.886
0.886
0.886
0.921
0.961
0.961
0.961
0.461
0.461
0.416
0.416
0.416
0.416
0.416
0.416
0.416
0.476
0.356
0.356
0.356
0.356
0.356
1.941
1.941
1.941
0.261
0.261
0.261
0.261
8.355
8.355
8.355
0.261
0.361
0.261
0.261
0.341
0.341
0.341
0.341
0.341
0.341
0.301
0.301
0.301
0.341
0.341
1.961
1.996
1.996
0.316
0.316
0.376
0.316
0.416
0.416
0.416
0.416
0.416
0.429
0.489
0.489
0.489
0.496
0.496
0.496
0.566
0.566
0.566
0.566
0.566
0.466
0.466
0.466
0.466
0.466
0.466
0.466
0.466
0.466
0.466
0.466
0.591
0.531
0.466
0.466
0.406
0.406
0.406
0.406
0.406
0.406
0.406
0.406
0.415
0.435
0.435
0.935
0.975
0.975
1.03
0.93
0.87
0.87
0.87
0.87
0.87
0.93
0.93
0.93
0.93
0.93
0.97
0.97
0.97
0.97
0.97
0.97
0.93
0.99
1.03
0.93
0.99
0.99
0.99
0.99
0.99
0.99
0.99
0.99
0.99
0.99
0.99
0.99
0.93
0.93
0.93
0.93
0.93
1.015
1.015
1.055
1.055
1.055
1.055
1.115
1.115
1.115
1.075
1.075
1.115
1.175
1.175
1.175
1.175
1.175
1.295
0.69
0.61
0.61
0.55
0.55
0.55
0.55
0.55
0.51
0.51
0.461
0.461
0.461
0.461
0.461
0.461
0.461
0.421
0.421
0.421
0.421
0.421
0.408
0.408
0.408
0.408
0.408
0.408
0.408
0.408
8.502
8.442
8.442
0.348
0.348
0.348
0.348
0.348
0.348
0.348
0.453
0.453
0.453
0.453
0.453
0.453
0.453
0.453
0.453
0.453
0.453
0.378
0.378
0.378
0.378
0.378
0.378
0.378
0.273
0.273
0.273
0.313
0.313
0.313
0.313
0.313
0.313
0.313
0.313
0.313
0.313
0.313
0.313
0.313
0.313
0.313
0.313
0.313
0.313
0.313
0.313
0.313
0.313
0.313
0.313
0.313
0.313
0.313
0.313
0.313
0.313
0.313
0.313
0.313
0.313
0.313
0.313
0.313
0.313
0.313
0.313
0.418
0.418
0.418
0.418
0.418
0.418
0.427
0.427
0.427
0.427
0.427
0.427
0.487
0.487
0.487
0.487
0.487
0.487
0.382
0.382
0.382
0.382
0.382
0.382
0.382
0.382
0.382
0.382
0.382
0.382
0.287
0.287
0.287
0.287
0.287
0.287
0.247
0.247
0.247
0.247
0.247
0.247
0.207
0.207
0.207
0.207
0.207
0.207
0.207
0.207
0.207
0.207
0.207
0.207
0.207
0.207
0.207
0.207
0.207
0.207
0.207
0.207
0.207
0.207
0.207
0.312
0.312
0.312
0.312
0.312
0.312
0.312
0.312
0.312
0.312
0.312
1.103
1.103
1.103
0.303
0.303
0.303
0.303
0.238
0.238
0.238
0.238
0.238
0.238
0.238
0.238
0.238
0.238
0.238
0.238
0.238
0.238
0.238
0.238
0.238
0.238
0.238
0.238
0.238
0.238
0.238
0.238
0.238
0.238
0.238
0.238
0.238
0.238
0.238
0.238
0.238
0.238
0.238
0.238
0.278
0.278
0.278
0.278
0.278
0.153
0.153
0.153
0.153
0.153
1.773
1.773
1.878
0.258
0.18
0.18
0.18
0.18
0.18
0.18
0.18
0.18
0.18
0.18
0.18
0.18
0.18
0.18
0.18
0.18
0.075
0.075
0.075
0.075
0.075
0.075
0.075
0.075
0.075
0.075
0.075
0.075
0.075
0.075
0.075
0.075
0.075
0.075
0.075
0.075
0.075
0.075
0.075
0.075
0.075
0.075
0.075
0.075
0.075
0.075
0.075
0.075
0.075
0.075
0.075
0.075
0.075
0.075
0.075
0.075
0.075
0.075
0.075
0.075
0.075
0.075
0.075
0.075
0.18
0.18
0.18
0.18
0.18
0.18
0.18
0.18
0.18
0.18
0.18
0.18
0.18
0.18
0.18
0.18
0.18
0.18
0.075
0.075
0.075
0.075
0.075
0.075
0.075
0.075
0.075
0.075
0.075
0.075
0.075
0.075
0.075
0.075
0.075
0.075
0.075
0.075
0.075
0.075
0.075
0.075
0.075
0.075
0.075
0.075
0.075
0.075
0.075
0.075
0.075
0.075
0.075
0.075
0.075
0.075
0.075
0.075
0.075
0.075
0.075
0.075
0.075
0.075
0.075
0.075
0.073
0.073
0.073
0.073
0.073
0.073
0.073
0.073
0.073
0.073
0.073
0.073
0.073
0.113
0.173
0.173
0.173
0.173
1.793
1.793
1.793
0.173
0.173
0.173
0.233
0.233
0.273
0.273
0.273
0.313
0.813
0.813
0.878
0.918
0.918
0.918
2.729
2.729
2.729
2.729
2.829
2.329
2.329
2.829
2.789
2.689
2.689
2.698
2.758
2.818
2.741
2.366
2.366
2.366
2.366
2.366
2.326
2.326
2.326
2.306
2.246
2.246
2.246
0.435
0.435
0.435
0.435
0.495
0.555
0.495
0.475
0.475
0.475
0.475
0.475
0.475
0.475
0.475
0.475
0.475
0.475
0.535
0.535
0.535
0.535
0.535
0.535
0.495
0.495
0.495
0.495
0.495
0.495
0.495
0.6
0.6
0.6
0.712
0.712
0.652
0.652
0.652
0.592
0.592
0.592
0.592
0.592
0.592
0.592
0.667
0.702
0.702
0.597
0.597
0.597
0.537
0.537
0.597
0.9
0.82
0.751
0.679
0.376
0.348
0.348
0.348
0.308
0.808
0.868
0.368
0.396
0.396
0.336
0.296
0.796
0.796
0.336
0.336
0.336
0.336
0.336
0.336
0.236
0.236
0.236
0.236
0.236
0.236
0.236
0.341
0.341
0.341
0.341
0.381
0.381
0.341
0.341
0.341
0.341
0.341
0.341
0.341
0.341
0.341
0.341
0.644
0.644
0.539
0.539
0.236
0.236
0.236
0.236
0.236
0.296
0.296
0.296
0.296
0.296
0.296
0.296
0.236
0.236
0.236
0.236
0.336
0.376
0.376
0.376
0.376
0.236
0.236
0.196
0.196
0.196
0.196
0.236
0.236
0.236
0.236
0.236
0.236
0.236
0.208
2.325
2.325
2.353
2.353
2.353
2.353
2.558
2.683
2.683
2.723
2.723
2.623
2.623
2.583
2.583
2.583
0.18
0.18
0.18
0.18
0.18
0.18
0.18
0.18
0.075
0.075
0.075
0.075
0.075
0.075
0.075
0.075
0.075
0.075
0.075
0.075
0.075
0.075
0.075
0.075
0.075
0.075
0.075
0.075
0.075
0.075
0.075
0.075
0.075
0.075
0.075
0.075
0.075
0.075
0.075
0.075
0.286
0.326
0.426
0.366
0.326
0.326
0.366
0.366
0.366
0.366
0.401
0.401
0.401
0.401
0.326
0.326
0.326
0.326
0.326
0.326
0.326
0.326
0.366
0.366
0.471
0.471
0.471
0.471
0.583
0.583
0.583
0.583
0.618
0.618
0.618
0.618
0.706
0.846
0.846
0.681
0.666
0.606
0.501
0.501
0.466
0.466
0.466
0.466
0.466
0.466
0.426
0.426
0.426
0.366
0.366
0.366
0.366
0.366
0.366
0.338
0.338
0.338
0.338
0.338
0.422
0.45
0.45
0.45
0.45
0.535
0.595
0.57
0.57
0.57
0.57
0.57
0.61
0.61
0.61
0.61
0.67
0.67
0.67
0.61
0.61
0.61
0.63
0.63
0.63
0.735
0.775
0.775
0.775
0.775
0.74
0.74
0.727
2.347
2.407
2.407
0.787
0.727
0.787
0.727
0.727
0.727
0.727
0.622
0.622
0.622
0.622
0.622
0.662
0.537
0.537
0.537
0.537
0.537
0.497
0.497
0.497
0.497
0.532
0.532
0.497
0.497
0.557
0.557
0.557
0.557
0.597
0.61
0.61
0.61
0.61
0.67
0.558
0.549
0.521
0.521
0.521
0.693
0.693
0.633
0.633
0.738
0.726
0.826
0.826
0.826
0.826
0.826
0.766
0.766
0.766
0.766
0.826
0.826
0.826
0.706
0.18
0.18
0.18
0.075
0.075
0.075
0.075
0.075
0.075
0.075
0.075
0.075
0.075
0.075
0.075
0.075
0.075
0.075
0.075
0.075
0.075
0.075
0.075
0.075
0.075
0.075
0.075
0.075
0.075
0.075
0.075
0.075
0.075
0.075
0.075
0.075
0.075
0.075
0.075
0.075
0.075
0.075
0.075
0.075
0.075
0.075
0.075
0.075
0.075
0.075
0.075
0.075
0.075
0.075
0.075
0.075
0.075
0.075
0.075
0.075
0.075
0.075
0.075
0.075
0.075
0.075
0.075
0.075
0.075
0.075
0.075
0.075
0.075
0.075
0.075
0.075
0.075
0.075
0.075
0.075
0.075
0.075
0.075
0.075
0.075
0.075
0.075
0.075
0.075
0.075
0.075
0.075
0.075
0.075
0.075
0.075
0.075
0.075
0.075
0.075
0.075
0.075
0.075
0.075
0.075
0.075
0.075
0.075
0.075
0.075
0.075
0.075
0.075
0.075
0.075
0.075
0.075
0.075
0.075
0.075
0.075
0.075
0.075
0.065
0.065
0.065
0.065
0.065
0.065
0.065
