0.057
0.057
0.057
0.057
0.057
0.057
0.057
0.057
0.057
0.057
0.057
0.057
0.057
0.057
0.057
0.057
0.057
0.057
0.057
0.057
0.057
0.057
0.057
0.057
0.057
0.057
0.057
0.142
0.142
0.142
0.142
0.142
0.142
0.142
0.142
0.142
0.142
0.11
0.11
0.05
0.05
0.05
0.05
0.05
0.05
0.27
0.27
0.241
0.241
0.241
0.241
0.241
0.341
2.479
2.479
2.479
0.291
0.391
0.291
0.291
0.291
0.341
0.341
8.859
8.859
8.819
0.301
0.241
0.241
0.241
0.261
0.261
0.261
0.211
0.211
0.251
0.251
0.211
0.211
0.161
0.161
0.261
1.402
1.402
1.402
0.271
0.271
0.171
0.171
0.171
0.171
0.171
0.221
0.221
0.221
0.321
0.321
0.062
0.062
0.062
0.062
0.062
0.062
0.062
0.062
0.062
0.062
0.062
0.062
0.062
0.062
0.062
0.062
0.062
0.062
0.062
0.062
0.062
0.062
0.062
0.062
0.062
0.062
0.062
0.062
0.062
0.062
0.062
0.062
0.062
0.167
0.167
0.352
0.352
0.352
0.352
0.352
0.352
0.352
0.352
0.352
0.352
0.352
0.352
0.352
0.352
0.352
0.352
0.247
0.247
0.247
0.247
0.247
0.247
0.062
0.062
0.062
0.062
0.062
0.062
0.062
0.062
0.062
0.062
0.062
0.062
0.062
0.062
0.062
0.062
0.062
0.062
0.062
0.062
0.062
0.062
0.062
0.062
0.062
0.062
0.062
0.062
0.062
0.062
0.062
0.062
0.062
0.062
0.167
0.167
0.167
0.167
0.167
0.167
0.167
0.167
0.167
0.167
0.167
0.167
0.167
0.167
0.167
0.167
0.167
0.167
0.062
0.101
0.101
0.201
0.201
0.201
0.261
0.261
0.261
0.261
0.321
0.062
0.062
0.062
0.062
0.062
0.062
0.062
0.247
0.247
0.247
0.247
0.247
0.247
0.247
0.247
0.247
0.247
0.247
0.247
0.247
0.247
0.247
0.247
0.247
0.247
0.247
0.247
0.247
0.247
0.062
0.062
0.167
0.167
0.167
0.167
0.167
0.167
0.167
0.167
0.167
0.167
0.167
0.167
0.167
0.167
0.167
0.167
0.167
0.167
0.062
0.062
0.062
0.062
0.062
0.062
0.062
0.062
0.062
0.062
0.062
0.062
0.062
0.062
0.062
0.062
0.062
0.062
0.062
0.062
0.062
0.062
0.062
0.062
0.062
0.062
0.062
0.062
0.062
0.062
0.062
0.062
0.062
0.062
0.062
0.062
0.062
0.062
0.062
0.062
0.062
0.062
0.062
0.062
0.062
0.167
0.167
0.167
0.167
0.167
0.167
0.167
0.167
0.167
0.167
0.167
0.167
0.167
0.167
0.167
0.352
0.352
0.352
0.247
0.247
0.247
0.247
0.247
0.247
0.247
0.247
0.247
0.247
0.247
0.247
0.247
0.247
0.247
0.247
0.247
0.247
0.247
0.062
0.062
0.062
0.062
0.062
0.062
0.062
0.062
0.062
0.062
0.062
0.062
0.062
0.062
0.062
0.062
0.062
0.062
0.062
0.062
0.062
0.062
0.167
0.167
0.167
0.167
0.167
0.167
0.167
0.167
0.167
0.167
0.167
0.167
0.167
0.167
0.167
0.167
0.167
0.167
0.062
0.062
0.062
0.062
0.062
0.062
0.062
0.062
0.062
0.101
0.101
0.286
0.286
0.346
0.459
0.459
0.459
0.459
0.459
0.459
0.459
0.459
0.428
0.428
0.428
0.428
0.428
0.428
0.428
0.428
0.428
0.638
0.638
0.453
0.453
0.453
0.453
0.493
2.802
2.802
2.802
2.802
2.742
2.742
2.762
2.762
2.762
2.702
2.702
2.702
2.862
2.912
2.912
2.862
0.493
0.493
0.553
0.553
0.553
0.062
0.062
0.062
0.062
0.062
0.062
0.062
0.062
0.062
0.062
0.062
0.062
0.062
0.062
0.062
0.062
0.062
0.062
0.062
0.062
0.062
0.062
0.062
0.062
0.062
0.062
0.062
0.062
0.062
0.247
0.247
0.247
0.247
0.247
0.247
0.247
0.247
0.247
0.247
0.247
0.247
0.247
0.247
0.247
0.247
0.247
0.247
0.247
0.247
0.247
0.247
0.062
0.062
0.062
0.062
0.062
0.062
0.062
0.062
0.062
0.062
0.062
0.062
0.062
0.062
0.062
0.062
0.062
0.062
0.062
0.062
0.062
0.062
0.062
0.062
0.062
0.062
0.062
0.062
0.062
0.062
0.062
0.062
0.062
0.062
0.062
0.062
0.062
0.062
0.062
0.062
0.062
0.062
0.062
0.062
0.062
0.062
0.062
0.062
0.352
0.352
0.352
0.352
0.352
0.352
0.352
0.352
0.352
0.352
0.352
0.352
0.352
0.352
0.352
0.352
0.352
0.352
0.247
0.247
0.247
0.247
0.062
0.062
0.062
0.062
0.062
0.062
0.062
0.062
0.062
0.062
0.062
0.062
0.062
0.062
0.062
0.062
0.062
0.062
0.062
0.062
0.062
0.062
0.062
0.062
0.062
0.062
0.062
0.062
0.062
0.062
0.062
0.062
0.062
0.062
0.062
0.062
0.062
0.062
0.062
0.062
0.062
0.062
0.062
0.062
0.062
0.062
0.062
0.167
0.352
0.352
0.352
0.352
0.352
0.352
0.352
0.352
0.352
0.352
0.352
0.473
0.463
0.463
0.463
0.463
0.463
0.358
0.358
0.358
0.358
0.358
0.173
0.173
0.173
0.173
0.173
0.173
0.173
0.173
0.173
0.173
0.173
0.173
0.173
0.173
0.173
0.173
0.173
0.173
0.173
0.173
0.173
0.173
0.173
0.173
0.173
0.173
0.173
2.407
2.407
2.407
2.407
2.407
2.407
2.407
2.407
2.294
2.294
2.294
2.294
2.294
2.294
2.294
2.294
2.294
2.294
2.294
2.294
0.06
0.06
0.245
0.245
0.245
0.245
0.245
0.245
0.245
0.245
0.245
0.245
0.245
0.245
0.245
0.245
0.245
0.295
0.295
0.245
0.245
0.245
0.245
0.245
0.06
0.06
0.06
0.132
0.132
0.132
0.132
0.132
0.132
0.132
0.132
2.115
2.115
2.115
2.115
2.115
2.115
2.115
2.115
2.115
2.115
2.115
2.115
2.115
2.115
2.115
2.115
2.115
2.115
2.115
2.115
2.115
0.132
0.132
0.132
0.132
0.132
0.132
0.132
0.132
0.132
0.132
0.132
0.132
0.132
0.132
0.132
0.132
0.132
0.132
0.132
0.132
0.132
0.132
0.132
0.132
0.132
0.132
0.132
0.132
0.132
0.132
0.132
0.132
0.132
0.132
0.132
0.132
0.132
0.132
0.132
0.132
0.132
0.132
0.132
0.241
0.241
0.426
0.426
0.426
0.426
0.426
0.426
0.426
0.426
0.426
0.426
0.426
0.426
0.426
0.426
0.426
0.426
0.426
0.426
0.603
0.708
0.531
0.531
0.346
0.346
0.346
0.346
0.346
0.346
0.346
0.346
0.346
0.523
0.523
0.346
0.346
0.358
0.358
0.253
0.253
0.253
0.253
0.257
0.257
0.257
0.434
0.434
0.257
0.257
0.257
0.257
0.257
0.134
0.134
0.134
0.134
0.134
0.134
0.311
0.311
0.629
0.629
0.629
0.629
0.629
0.062
0.062
0.062
0.062
0.062
0.062
0.062
0.062
0.062
0.062
0.247
0.247
0.247
0.247
0.247
0.247
0.247
0.247
0.247
0.247
0.247
0.247
0.247
0.247
0.247
0.352
0.352
0.352
0.352
0.352
0.352
0.352
0.167
0.167
0.167
0.167
0.167
0.167
0.167
0.167
0.167
0.167
0.167
0.062
0.062
0.062
0.062
0.062
0.062
0.062
0.062
0.062
0.062
0.062
0.062
0.062
0.062
0.062
0.062
0.062
0.062
0.062
0.062
0.062
0.062
0.062
0.062
0.062
0.062
0.062
0.062
0.062
0.062
0.062
0.062
0.062
0.062
0.062
0.062
0.062
0.062
0.062
0.062
0.062
0.062
0.062
0.062
0.062
0.062
0.062
0.062
0.062
0.062
0.062
0.062
0.062
0.062
0.062
0.062
0.062
0.062
0.062
0.062
0.062
0.062
0.062
0.062
0.062
0.062
0.062
0.062
0.062
0.062
0.062
0.247
0.247
0.247
0.247
0.247
0.247
0.247
0.247
0.247
0.247
0.247
0.247
0.247
0.247
0.247
0.247
0.247
0.247
0.247
0.247
0.247
0.247
0.062
0.062
0.062
0.062
0.062
0.062
0.062
0.062
0.062
0.062
0.062
0.062
0.062
0.062
0.062
0.062
0.062
0.062
0.062
0.062
0.062
0.185
0.185
0.185
0.185
0.185
0.185
0.185
0.185
0.185
0.35
0.41
0.41
0.41
0.41
0.41
0.41
0.41
0.441
0.441
0.441
0.441
0.441
0.441
0.441
0.441
0.441
0.441
0.336
0.336
0.336
0.336
0.436
0.436
0.436
0.436
0.436
0.376
0.376
0.376
0.376
0.376
0.376
0.376
0.476
0.464
0.464
0.524
0.524
0.424
0.424
0.424
0.424
0.424
1.565
1.565
1.565
0.424
0.424
0.424
0.424
0.324
0.324
0.324
0.324
0.324
0.264
0.264
0.449
0.449
0.554
0.554
0.604
0.604
0.604
0.604
0.604
0.604
0.604
0.604
0.554
0.554
0.554
0.554
0.614
0.554
0.653
0.653
0.548
0.548
0.363
0.272
0.272
0.272
0.272
0.272
0.332
0.332
0.332
0.332
0.332
0.332
0.441
0.381
0.381
0.381
0.381
0.381
0.381
0.381
0.381
0.381
0.381
0.381
0.381
0.381
0.381
0.381
0.381
0.381
0.381
0.424
0.424
0.464
0.424
0.464
0.464
0.464
0.424
0.674
0.734
0.584
0.584
0.584
0.624
0.624
0.769
0.869
0.969
0.969
0.919
0.919
0.939
0.939
1.069
1.069
0.97
0.88
0.88
0.88
0.88
0.88
3.189
3.189
3.294
3.294
3.194
3.194
3.009
3.009
3.009
3.009
2.959
2.959
2.846
2.846
2.846
2.846
0.537
0.537
0.537
0.537
0.432
0.432
0.432
0.432
0.432
0.432
0.432
0.432
0.432
0.42
0.42
0.533
0.573
0.533
0.433
0.433
0.433
0.433
0.433
0.433
0.433
0.433
0.402
0.402
0.402
0.402
0.492
0.464
0.464
0.464
0.464
0.524
0.624
0.624
0.624
2.762
2.762
2.762
0.624
0.564
0.595
0.595
0.482
0.482
0.542
0.542
0.647
0.587
0.587
0.167
0.167
0.352
0.352
0.352
0.352
0.352
0.352
0.352
0.352
0.352
0.352
0.352
0.352
0.352
0.247
0.247
0.247
0.247
0.247
0.247
0.247
0.247
0.247
0.062
0.062
0.062
0.062
0.062
0.062
0.062
0.062
0.062
0.062
0.062
0.062
0.062
0.062
0.062
0.062
0.062
0.062
0.062
0.062
0.062
0.062
0.062
0.062
0.062
0.062
0.062
0.062
0.062
0.062
0.062
0.062
0.062
0.062
0.062
0.062
0.2
0.2
0.2
0.2
0.2
0.2
0.2
0.2
0.2
0.2
0.2
0.2
0.2
0.305
0.305
0.305
0.305
0.305
0.305
0.305
0.365
0.365
0.365
0.365
0.478
0.478
0.488
0.488
0.488
0.548
0.548
0.383
0.383
0.395
0.455
0.455
0.455
0.455
0.455
0.455
0.455
0.395
0.395
0.395
0.395
0.395
0.395
0.395
0.395
0.495
0.495
0.495
0.495
0.495
0.495
0.68
0.567
0.627
0.518
0.53
0.53
0.518
0.518
0.518
0.427
0.427
0.467
0.467
0.467
0.467
0.467
0.467
0.467
0.467
0.617
0.617
0.467
0.282
0.395
0.395
2.533
2.533
2.545
0.407
0.407
0.407
0.395
0.455
0.455
0.455
0.455
0.455
0.395
0.383
0.27
0.21
0.21
0.21
0.375
0.465
0.465
0.465
0.465
0.465
0.465
0.477
0.497
0.497
0.67
0.67
0.67
0.63
0.63
0.63
0.63
0.721
0.616
0.604
0.604
0.604
0.604
0.604
0.654
0.594
0.594
0.574
0.699
0.699
0.699
0.699
0.699
0.699
0.699
0.699
0.699
0.799
0.799
0.799
0.799
0.699
0.739
0.739
0.739
0.848
0.848
0.848
0.848
0.848
0.663
0.663
0.763
0.663
0.663
