0.069
0.069
0.069
0.069
0.069
0.069
0.069
0.069
0.069
0.069
0.059
0.059
0.059
0.059
0.059
0.059
0.059
0.059
0.059
0.059
0.059
0.059
0.069
0.069
0.069
0.069
0.069
0.069
0.069
0.069
0.069
0.069
0.069
0.069
0.069
0.069
0.069
0.069
0.069
0.069
0.069
0.069
0.069
0.069
0.069
0.069
0.069
0.069
0.069
0.069
0.069
0.069
0.069
0.069
0.069
0.069
0.069
0.069
0.069
0.069
0.069
0.069
0.069
0.069
0.069
0.177
0.177
0.177
0.177
0.177
0.177
0.177
0.177
0.177
0.177
0.177
0.177
0.177
0.177
0.177
0.177
0.177
0.177
0.069
0.069
0.069
0.069
0.276
0.276
0.276
0.276
0.276
0.276
0.276
0.276
0.276
0.276
0.276
0.276
0.276
0.276
0.276
0.276
0.276
0.276
0.276
0.276
0.276
0.276
0.069
0.069
0.069
0.069
0.069
0.069
0.069
0.069
0.069
0.069
0.069
0.069
0.069
0.069
0.069
0.069
0.069
0.069
0.069
0.069
0.177
0.177
0.177
0.177
0.177
0.177
0.177
0.177
0.177
0.177
0.177
0.177
0.177
0.177
0.177
0.177
0.177
0.177
0.069
0.069
0.069
0.069
0.069
0.069
0.069
0.069
0.069
0.069
0.069
0.069
0.069
0.069
0.069
0.069
0.069
0.069
0.069
0.069
0.069
0.069
0.069
0.069
0.069
0.069
0.069
0.069
0.069
0.069
0.069
0.069
0.069
0.069
0.069
0.069
0.069
0.069
0.177
0.177
0.177
0.177
0.177
0.177
0.177
0.177
0.177
0.177
0.177
0.177
0.177
0.177
0.177
0.177
0.177
0.384
0.276
0.276
0.276
0.276
0.276
0.276
0.276
0.276
0.276
0.276
0.276
0.276
0.276
0.276
0.276
0.276
0.276
0.276
0.276
0.276
0.276
0.069
0.069
0.069
0.069
0.069
0.069
0.069
0.069
0.069
0.069
0.069
0.069
0.069
0.069
0.069
0.069
0.069
0.069
0.069
0.069
0.069
0.177
0.177
0.177
0.177
0.177
0.177
0.177
0.177
0.177
0.177
0.177
0.177
0.177
0.177
0.177
0.177
0.177
0.177
0.069
0.069
0.069
0.069
0.069
0.069
0.069
0.069
0.069
0.069
0.069
0.069
0.069
0.069
0.069
0.069
0.069
0.069
0.069
0.069
0.069
0.069
0.069
0.069
0.069
0.069
0.069
0.069
0.069
0.069
0.069
0.069
0.069
0.069
0.069
0.069
0.069
0.069
0.069
0.069
0.069
0.069
0.276
0.276
0.276
0.276
0.276
0.276
0.276
0.276
0.276
0.276
0.276
0.276
0.276
0.276
0.276
0.274
0.274
0.314
0.414
0.414
0.414
0.444
0.137
0.237
0.237
0.237
0.237
0.237
0.237
0.237
0.237
0.237
1.906
1.906
1.906
0.297
0.297
0.297
0.297
0.297
0.458
0.64
0.6
0.6
0.6
0.6
0.64
0.64
0.7
0.7
0.7
0.578
0.578
0.518
0.518
0.518
0.518
0.518
0.518
0.518
0.518
0.518
0.518
0.518
0.457
0.457
0.357
0.357
0.357
0.357
0.357
0.357
0.357
0.297
0.297
0.297
0.505
0.505
0.565
0.615
0.615
0.615
0.615
0.715
0.715
0.715
0.715
0.815
0.885
0.725
0.825
0.825
0.755
0.755
0.617
0.517
0.517
0.517
0.617
0.677
0.677
0.617
0.617
0.617
0.724
0.784
0.784
0.784
0.784
0.784
0.784
0.784
0.784
0.784
0.784
0.784
0.884
0.884
0.884
0.884
0.884
0.824
0.724
0.724
0.785
0.785
0.578
0.673
0.763
0.763
0.823
0.823
0.823
0.763
0.603
0.603
0.603
0.711
0.711
0.711
0.711
0.711
0.626
0.626
0.656
0.626
0.626
0.626
0.626
0.796
0.796
0.796
0.921
1.081
1.081
0.873
0.873
2.482
2.382
2.382
0.703
0.703
0.825
0.825
0.825
0.069
0.069
0.069
0.069
0.069
0.276
0.276
0.276
0.276
0.276
0.276
0.276
0.276
0.276
0.276
0.276
0.276
0.276
0.276
0.276
0.276
0.276
0.276
0.276
0.276
0.276
0.276
0.069
0.069
0.069
0.069
0.069
0.069
0.069
0.069
0.069
0.069
0.069
0.069
0.069
0.069
0.069
0.069
0.069
0.069
0.177
0.177
0.177
0.177
0.177
0.327
0.327
0.388
0.448
0.448
0.448
0.448
0.448
0.448
0.448
0.448
0.448
0.448
0.34
0.34
0.54
0.54
0.54
0.54
0.54
0.54
0.54
0.54
0.687
0.626
0.626
0.626
0.626
0.687
0.787
0.887
0.887
0.947
0.947
0.947
0.847
0.807
0.685
0.685
0.685
0.625
0.625
0.525
0.525
0.525
0.318
0.318
0.318
0.318
0.318
0.069
0.069
0.069
0.069
0.069
0.069
0.069
0.069
0.069
0.069
0.069
0.177
0.177
0.177
0.177
0.177
0.177
0.177
0.177
0.177
0.177
0.177
0.177
0.177
0.177
0.177
0.177
0.177
0.177
0.069
0.069
0.069
0.069
0.069
0.069
0.069
0.069
0.069
0.069
0.069
0.069
0.069
0.069
0.069
0.069
0.069
0.276
0.276
0.276
0.276
0.276
0.276
0.276
0.276
0.276
0.276
0.276
0.276
0.276
0.276
0.276
0.276
0.276
0.276
0.276
0.276
0.276
0.276
0.069
0.069
0.069
0.069
0.069
0.069
0.069
0.069
0.069
0.069
0.069
0.069
0.069
0.069
0.069
0.069
0.069
0.069
0.069
0.069
0.177
0.177
0.177
0.177
0.177
0.177
0.177
0.177
0.177
0.177
0.177
0.177
0.177
0.177
0.177
0.177
0.177
0.177
0.069
0.069
0.069
0.069
0.069
0.069
0.069
0.069
0.069
0.069
0.069
0.069
0.069
0.069
0.069
0.069
0.069
0.069
0.069
0.069
0.069
0.069
0.069
0.069
0.069
0.276
0.276
0.276
0.276
0.276
0.276
0.276
0.276
0.276
0.276
0.276
0.276
0.276
0.276
0.276
0.276
0.276
0.276
0.276
0.276
0.276
0.276
0.069
0.069
0.069
0.069
0.069
0.069
0.069
0.069
0.069
0.069
0.069
0.069
0.069
0.069
0.069
0.069
0.069
0.069
0.069
0.069
0.069
0.069
0.069
0.069
0.069
0.069
0.069
0.069
0.069
0.069
0.069
0.069
0.069
0.069
0.069
0.069
0.069
0.069
0.069
0.069
0.069
0.069
0.069
0.069
0.069
0.069
0.069
0.069
0.069
0.069
0.069
0.069
0.069
0.069
0.276
0.276
0.276
0.276
0.276
0.276
0.276
0.276
0.276
0.276
0.276
0.276
0.276
0.276
0.276
0.276
0.276
0.276
0.276
0.276
0.276
0.276
0.069
0.069
0.069
0.069
0.069
0.069
0.177
0.177
0.177
0.177
0.177
0.177
0.177
0.177
0.177
0.177
0.177
0.177
0.177
0.177
0.177
0.177
0.177
0.177
0.069
0.069
0.069
0.069
0.069
0.069
0.069
0.069
0.069
0.069
0.069
0.069
0.069
0.069
0.069
0.069
0.069
0.069
0.069
0.069
0.069
0.069
0.069
0.069
0.276
0.276
0.276
0.276
0.276
0.276
0.276
0.276
0.276
0.276
0.276
0.276
0.276
0.276
0.276
0.276
0.276
0.276
0.276
0.276
0.276
0.276
0.069
0.069
0.069
0.069
0.069
0.069
0.069
0.069
0.069
0.069
0.069
0.069
0.069
0.069
0.069
0.069
0.069
0.069
0.069
0.069
0.069
0.069
0.069
0.069
0.069
0.069
0.069
0.069
0.069
0.069
0.069
0.069
0.069
0.069
0.069
0.069
0.069
0.069
0.069
0.069
0.069
0.069
0.069
0.069
0.069
0.069
0.069
0.069
0.069
0.069
0.069
0.069
0.069
0.069
0.069
0.177
0.384
0.384
0.384
0.384
0.384
0.384
0.384
0.384
0.384
0.384
0.384
0.384
0.384
0.384
0.384
0.384
0.384
0.276
0.276
0.276
0.276
0.276
0.069
0.069
0.069
0.069
0.069
0.069
0.069
0.069
0.069
0.069
0.069
0.069
0.069
0.069
0.069
0.069
0.069
0.069
0.069
0.069
0.069
0.069
0.069
0.069
0.069
0.069
0.069
0.069
0.069
0.069
0.069
0.069
0.069
0.069
0.069
0.069
0.069
0.069
0.069
0.069
0.069
0.069
0.069
0.069
0.069
0.069
0.069
0.276
0.276
0.276
0.276
0.276
0.276
0.304
0.304
0.274
0.274
0.274
0.274
0.274
0.274
0.274
0.274
0.274
0.274
0.377
0.377
0.571
0.571
0.564
0.564
0.564
0.564
0.624
0.624
0.624
0.724
0.724
0.789
0.789
0.789
0.897
0.837
0.737
0.737
0.737
0.737
0.737
0.737
0.737
0.737
0.737
0.637
0.637
0.637
0.637
0.637
0.637
0.637
0.529
0.529
0.647
0.769
0.669
0.669
0.669
0.669
0.669
0.669
0.669
0.544
0.544
0.544
0.604
0.604
0.604
0.482
0.482
0.643
0.543
0.542
0.582
0.582
0.602
0.602
0.542
0.542
0.542
0.542
0.542
0.642
0.642
0.642
0.742
0.742
0.742
0.642
0.542
0.542
0.542
0.542
0.542
0.542
0.542
0.542
0.849
0.949
1.019
1.019
1.019
2.728
2.828
2.828
1.219
1.119
1.159
1.159
1.119
0.898
0.808
0.808
0.808
0.808
0.868
0.868
0.93
0.87
0.828
0.606
0.729
0.599
0.659
0.599
0.599
0.599
0.599
0.699
0.699
0.699
0.599
0.699
0.817
0.717
0.777
0.985
0.985
0.985
1.205
1.205
1.045
1.045
1.167
1.167
1.167
1.167
1.167
1.167
1.167
1.167
1.167
1.167
1.167
1.059
1.059
1.059
0.956
0.956
0.991
0.991
1.091
1.131
1.131
1.131
1.131
1.131
1.191
1.091
1.191
1.191
1.191
1.191
1.363
1.263
1.263
1.263
1.138
1.138
1.138
1.138
1.208
1.148
1.088
1.078
1.038
1.098
1.158
1.158
1.158
1.266
1.144
1.144
1.144
1.144
0.937
0.937
0.937
1.062
1.062
1.062
1.062
0.962
0.962
0.962
0.962
1.062
1.062
0.954
0.894
0.984
0.996
0.996
1.099
1.099
1.26
1.36
1.348
1.248
1.248
1.248
1.248
1.308
1.308
1.308
1.308
1.248
1.248
1.208
1.108
1.108
1.108
1.108
1.108
1.048
1.108
1.108
1.208
1.208
1.208
1.218
1.218
1.058
1.058
1.18
1.18
1.055
1.055
1.115
1.187
1.126
1.186
1.234
1.234
1.234
1.334
1.274
3.317
3.317
3.564
3.625
3.555
3.585
3.585
3.497
3.497
3.497
3.497
3.485
3.385
3.277
3.277
3.156
3.056
3.056
3.056
3.156
3.156
1.173
1.073
1.073
0.866
0.866
0.866
0.878
0.878
0.866
0.866
0.866
0.866
0.966
0.848
0.848
0.848
0.948
1.016
1.016
1.076
1.076
1.076
1.076
1.136
1.136
1.036
0.936
0.936
1.044
1.104
1.104
1.104
1.044
1.104
1.104
1.094
1.094
1.094
1.094
1.094
1.194
1.06
1.06
1.06
0.96
1.085
0.952
0.852
0.852
0.852
0.852
1.119
1.119
1.119
1.059
0.999
0.999
1.069
1.169
1.189
1.189
1.129
1.129
1.184
1.184
0.947
1.082
1.082
1.092
1.092
1.032
1.132
1.132
0.885
0.885
0.925
1.102
1.102
0.925
0.825
0.825
0.825
0.785
0.785
0.785
0.785
0.845
0.845
0.865
1.042
1.042
0.845
0.845
0.745
0.845
0.785
0.785
0.785
0.905
0.845
0.953
0.893
1.07
1.07
1.488
1.488
1.548
1.548
1.548
0.981
0.881
0.881
0.881
0.881
0.881
0.881
0.881
0.881
0.873
1.08
1.08
1.08
1.08
1.08
1.02
0.92
1.02
1.02
0.955
0.855
0.855
0.82
0.82
0.82
0.98
0.88
0.895
0.895
0.795
0.795
0.795
0.578
0.678
0.678
0.678
0.678
0.648
0.648
0.658
0.658
0.658
0.658
0.658
0.658
0.658
0.78
0.78
0.78
0.78
0.78
0.78
0.78
0.78
0.78
0.78
0.78
0.78
