0.062
0.062
0.062
0.064
0.072
0.072
0.072
0.072
0.072
0.072
0.072
0.072
0.072
0.072
0.072
0.072
0.072
0.072
0.1488
0.264
0.264
0.264
0.264
0.072
0.072
0.072
0.072
0.072
0.072
0.072
0.072
0.072
0.072
0.072
0.072
0.072
0.072
0.072
0.072
0.1872
0.264
0.264
0.264
0.22560000000000002
0.072
0.072
0.072
0.072
0.072
0.072
0.072
0.072
0.1488
0.264
0.264
0.264
0.264
0.072
0.072
0.072
0.072
0.072
0.072
0.072
0.072
0.072
0.072
0.072
0.072
0.11040000000000001
0.264
0.264
0.264
0.264
0.11040000000000001
0.072
0.072
0.072
0.072
0.072
0.072
0.072
0.072
0.072
0.072
0.072
0.072
0.072
0.1872
0.264
0.264
0.264
0.3326
6.005599999999999
0.139
0.165
0.1804
0.225
0.8939999999999999
0.511
1.7128
0.45199999999999996
0.3628
0.1924
0.23000000000000004
0.643
1.1723999999999999
0.5432
0.62
0.7015999999999998
1.1326
2.6566
2.4669999999999996
2.443
2.4189999999999996
0.4
0.4
0.4
0.497
0.37079999999999996
0.387
0.4638
0.579
0.5886
0.628
0.628
0.43600000000000005
0.40780000000000005
0.34240000000000004
0.2838
0.4338
0.363
0.3984
0.3984
0.363
0.5094
0.7055999999999999
0.252
0.24500000000000002
0.169
0.157
0.157
0.157
0.256
0.274
0.3412
0.361
0.32919999999999994
0.18
0.20400000000000001
0.22000000000000003
0.1964
0.194
0.221
0.221
0.221
0.30679999999999996
0.364
0.364
0.31779999999999997
0.254
0.254
0.265
0.30460000000000004
0.364
0.47919999999999996
0.264
0.264
0.264
0.22560000000000002
0.072
0.072
0.072
0.072
0.072
0.072
0.072
0.072
0.1488
0.264
0.264
0.264
0.264
0.072
0.072
0.072
0.072
0.072
0.072
0.072
0.072
0.072
0.1872
0.264
0.264
0.264
0.22560000000000002
0.072
0.072
0.072
0.072
0.072
0.43
0.46320000000000006
0.6282
0.623
0.6590000000000001
0.623
0.6504
0.7638
0.9562000000000002
0.736
0.748
0.724
0.5774
0.48
0.5
0.558
0.5740000000000001
0.5286000000000001
0.523
1.3102
0.8187999999999999
0.907
0.9909999999999999
0.8949999999999999
0.8333999999999999
0.7634000000000001
0.704
0.63
0.5539999999999999
0.59
0.5904
0.616
0.543
0.488
0.5954
0.6082
0.625
0.589
0.5918
0.7712000000000001
0.8914
0.909
0.8638
0.8646
0.778
0.746
0.7100000000000001
0.786
0.8089999999999999
0.845
0.8193999999999999
0.818
0.7680000000000001
0.7194
1.5777999999999999
1.155
0.8160000000000001
0.8465999999999999
1.0084000000000002
0.8400000000000001
1.0654000000000001
0.8799999999999999
0.7405999999999999
0.7018
0.759
0.735
0.8485999999999999
0.9478
1.0493999999999999
1.1464
1.2426
1.041
1.021
1.2042
1.313
1.2570000000000001
1.1916
1.183
1.0937999999999999
1.0056
0.966
1.0154
0.9625999999999999
1.0726
1.0690000000000002
1.0550000000000002
