0.069
0.063
0.059
0.059
0.059
0.059
0.059
0.065
0.1162
0.187
0.187
0.2626
0.28159999999999996
0.258
0.258
0.258
0.097
0.209
0.209
0.31579999999999997
0.359
0.24699999999999997
0.1046
0.069
0.069
0.2202
0.376
0.376
0.376
0.2532
0.069
0.069
0.069
0.069
0.24699999999999997
0.275
0.375
0.327
0.327
0.29900000000000004
0.1162
0.069
0.069
0.069
0.1446
0.258
0.258
0.258
0.258
0.069
0.14020000000000002
0.24699999999999997
0.406
0.41419999999999996
0.311
0.477
0.4272
0.2786
0.3396
0.35819999999999996
0.317
0.317
0.3933999999999999
0.22480000000000003
0.24
0.3888
0.588
0.7308
0.6956000000000001
0.6135999999999999
0.49800000000000005
0.38
0.5192
0.569
0.569
0.569
0.47739999999999994
0.3152
0.28500000000000003
0.33140000000000003
0.391
0.46259999999999996
0.6134000000000001
0.607
0.5706
0.42299999999999993
0.5364
0.7584
0.41200000000000003
0.348
0.3342
0.183
0.255
0.21900000000000003
0.196
0.188
0.248
0.5
0.702
0.7704000000000001
0.6464000000000001
0.5928000000000001
0.434
0.28840000000000005
0.28
0.28
0.268
0.20800000000000002
0.1
0.184
1.5669999999999997
0.33840000000000003
0.5708
0.6906000000000001
0.828
0.746
0.5151999999999999
0.23899999999999996
0.371
0.371
0.371
0.371
0.371
0.371
0.371
0.4088
0.536
0.5
0.678
2.8857999999999997
2.7302
2.546
2.658
3.7734
1.1351999999999998
0.268
0.156
0.128
0.128
0.26539999999999997
0.3642
0.43499999999999994
0.43499999999999994
0.45
0.0926
0.1758
0.24699999999999997
0.24699999999999997
0.1046
0.181
0.209
0.209
0.209
0.097
0.069
0.069
0.069
0.187
0.187
0.187
0.21319999999999997
0.43600000000000005
0.43600000000000005
0.3648
0.34199999999999997
0.2468
0.209
0.209
0.125
0.069
0.069
0.069
0.069
0.069
0.25579999999999997
0.43600000000000005
0.43600000000000005
0.3648
0.18239999999999998
0.069
0.181
0.209
0.3034
0.327
0.21500000000000002
0.1634
0.069
0.069
0.1824
0.258
0.4234
0.495
0.4692
0.3236
0.44800000000000006
0.433
0.433
0.2982000000000001
0.30419999999999997
0.366
0.326
0.33399999999999996
0.334
0.5094000000000001
0.8433999999999999
0.917
0.917
0.7044
0.5328
0.595
0.615
0.48600000000000004
0.446
0.426
0.5384
0.6971999999999999
0.7884
0.798
0.7976000000000001
0.7639999999999999
1.0078
1.0926
1.8130000000000002
1.198
0.7192000000000001
0.6676
0.6619999999999999
0.6980000000000001
0.741
0.5801999999999999
0.5734
0.5149999999999999
0.43099999999999994
0.41719999999999996
1.8124000000000002
1.575
1.3
0.827
0.6824
0.5816
0.641
0.701
0.7245999999999999
0.6396000000000001
0.45499999999999996
0.37040000000000006
0.302
0.27
0.2998
0.531
0.5102
0.487
5.8242
0.4058
0.44480000000000003
0.5571999999999999
0.493
0.545
0.541
0.3532
0.31920000000000004
0.33399999999999996
0.25839999999999996
0.3686
0.5364
0.532
0.5766
0.7478
0.702
1.9706
0.6188
0.6182000000000001
0.68
0.6
0.6132
0.748
0.6083999999999999
0.5632
0.36160000000000003
0.334
0.36660000000000004
0.5882
0.6355999999999999
0.484
0.49000000000000005
0.6171999999999999
0.7417999999999999
0.833
