0.06600000000000003
0.058666666666666686
0.057333333333333354
0.27973333333333333
0.18813333333333324
0.06600000000000003
0.06600000000000003
0.3026666666666666
0.40119999999999995
0.06600000000000003
0.06600000000000003
0.13679999999999998
0.2311999999999999
0.06600000000000003
0.06600000000000003
0.06600000000000003
0.2429999999999999
0.3387333333333333
0.18813333333333324
0.06600000000000003
0.06600000000000003
0.1576
0.295
0.1756666666666666
0.2075999999999999
0.06600000000000003
0.08126666666666668
0.3539999999999999
0.33460000000000006
0.06600000000000003
0.06600000000000003
0.06600000000000003
0.22306666666666664
0.2966666666666667
0.37400000000000005
0.17079999999999998
2.4239333333333333
0.8227999999999996
0.172
0.25133333333333335
0.3927333333333333
0.2798
0.31540000000000007
0.1402
0.23186666666666672
0.3563333333333334
0.2549333333333333
0.21720000000000006
0.1702
0.6328000000000001
1.7482000000000006
1.7539999999999998
0.5066666666666667
0.5444
0.283
0.32186666666666663
0.5289333333333334
0.2703333333333333
0.5862666666666667
0.2135999999999999
0.18186666666666668
0.34066666666666656
0.20513333333333336
0.08573333333333334
0.08899999999999998
0.12913333333333332
0.18813333333333332
0.27973333333333333
0.06600000000000003
0.06600000000000003
0.06600000000000003
0.2644666666666666
0.20339999999999991
0.07780000000000002
0.2429999999999999
0.1284666666666667
0.295
0.15759999999999993
0.3316666666666667
0.8567999999999999
0.4645333333333332
0.5162000000000002
0.27973333333333333
0.18813333333333324
0.06600000000000003
0.06600000000000003
0.06600000000000003
0.32693333333333335
0.3651333333333335
0.07780000000000004
0.06600000000000003
0.15760000000000002
0.4646666666666665
0.5199333333333335
0.1368
0.06600000000000003
