0.076
0.076
0.076
0.076
0.2002
0.283
0.283
0.283
0.27159999999999995
0.22600000000000003
0.22600000000000003
0.22600000000000003
0.196
0.076
0.076
0.076
0.076
0.076
0.076
0.076
0.076
0.076
0.076
0.076
0.076
0.076
0.076
0.076
0.076
0.076
0.076
0.16599999999999998
0.22600000000000003
0.22600000000000003
0.433
0.34299999999999997
0.283
0.283
0.15879999999999997
0.076
0.076
0.076
0.076
0.076
0.076
0.076
0.076
0.076
0.11739999999999999
0.283
0.313
0.433
0.433
0.26739999999999997
0.196
0.076
0.076
0.076
0.076
0.076
0.076
0.076
0.11739999999999999
0.283
0.283
0.283
0.283
0.11739999999999999
0.076
0.076
0.076
0.076
0.076
0.076
0.076
0.076
0.13399999999999998
0.1654
0.331
0.5509999999999999
0.5710000000000001
0.531
0.3774
0.324
0.324
0.46399999999999997
0.574
0.574
0.574
0.454
0.472
0.484
0.6481999999999999
0.731
0.731
0.731
0.6896
0.564
0.9032
0.587
0.547
0.655
1.9264
2.7319999999999998
0.22600000000000003
0.196
0.076
0.076
0.076
0.283
0.283
0.283
0.283
0.15879999999999997
0.076
0.076
0.076
0.076
0.076
0.076
0.076
0.076
0.076
0.076
0.076
0.076
0.076
0.076
0.076
0.36160000000000003
0.433
0.433
0.433
0.23020000000000002
0.076
0.076
0.076
0.076
0.076
0.076
0.076
0.196
0.22600000000000003
0.433
0.433
0.31299999999999994
0.283
0.15879999999999997
0.076
0.076
0.076
0.076
0.076
0.076
0.076
0.076
0.11739999999999999
0.283
0.283
0.283
3.4976
1.3902
0.5642
0.40380000000000005
2.204
2.1740000000000004
2.054
0.5249999999999999
0.146
1.6620000000000001
2.163
2.191
1.034
0.276
1.5645999999999998
0.42160000000000003
0.483
0.563
0.7510000000000001
0.7013999999999999
0.518
0.5479999999999999
0.522
0.528
0.52
0.518
0.518
0.538
0.6380000000000001
0.6868000000000001
0.721
0.705
0.785
0.8390000000000001
0.5680000000000001
0.548
0.622
0.6500000000000001
0.678
0.825
1.051
2.6828
1.1549999999999998
1.055
1.1238
1.1549999999999998
1.079
1.0674
0.885
0.798
0.7979999999999999
0.7091999999999999
0.6204
0.716
0.8108000000000001
0.818
0.8328
0.8378
0.8800000000000001
0.908
0.782
0.882
0.747
0.7542
0.843
0.841
0.881
0.849
0.961
1.0184000000000002
0.9783999999999999
1.012
0.96
0.944
0.944
0.806
0.758
0.8240000000000001
0.9722
1.031
0.9682000000000001
1.334
0.9238
0.771
0.7150000000000001
0.6978
0.076
0.076
0.076
0.076
0.13599999999999998
0.22600000000000003
0.22600000000000003
0.22600000000000003
0.16599999999999998
0.2002
0.283
0.283
0.283
0.24159999999999998
0.076
0.076
0.076
0.076
0.076
0.076
0.10600000000000001
0.22600000000000003
0.22600000000000003
0.22600000000000003
0.196
0.076
0.2002
0.283
0.283
0.283
0.24159999999999998
0.076
0.076
0.076
0.076
0.076
0.076
0.076
0.076
0.07400000000000001
0.22600000000000003
0.22600000000000003
