0.05500000000000002
0.075
0.18500000000000003
0.07299999999999997
0.06499999999999997
0.06499999999999997
0.06499999999999997
0.07299999999999998
0.18500000000000003
0.08099999999999996
0.06499999999999997
0.06499999999999997
0.06499999999999997
0.18500000000000003
0.08899999999999995
0.06499999999999997
0.06499999999999997
0.06499999999999997
0.06499999999999997
0.06499999999999997
0.06499999999999997
0.06499999999999997
0.06499999999999997
0.06499999999999997
0.06499999999999997
0.06499999999999997
0.06499999999999997
0.07899999999999999
0.16726666666666665
0.6081999999999999
0.18299999999999997
0.06499999999999997
0.07299999999999998
0.18500000000000003
0.08099999999999996
0.06499999999999997
0.06499999999999997
0.14500000000000002
0.12899999999999998
0.38326666666666664
0.06299999999999997
0.06299999999999997
0.12166666666666667
0.187
0.4026000000000001
0.08526666666666666
0.06499999999999997
0.06499999999999997
0.16100000000000003
0.11299999999999998
0.06499999999999997
0.06499999999999997
0.08099999999999999
0.18500000000000003
0.4304666666666666
0.10800000000000004
0.20566666666666666
0.3843333333333333
0.3028666666666667
0.11966666666666663
0.06499999999999997
0.089
0.18500000000000003
0.06499999999999997
0.06499999999999997
0.06499999999999997
0.06499999999999997
0.06499999999999997
0.06499999999999997
0.06499999999999997
0.09586666666666664
0.097
0.4646666666666666
0.24546666666666667
0.19166666666666668
0.3219333333333333
0.14500000000000002
0.16833333333333333
0.26313333333333333
0.20100000000000004
0.3036666666666667
0.5819333333333331
0.06499999999999997
0.06499999999999997
0.12900000000000003
0.14500000000000002
0.06499999999999997
0.06499999999999997
0.06499999999999997
0.06499999999999997
0.089
0.18500000000000003
0.5164000000000001
0.256
0.32093333333333335
0.16866666666666663
