0.06600000000000003
0.06333333333333337
0.1873333333333333
0.2147999999999999
0.06600000000000003
0.06600000000000003
0.06600000000000003
0.2395999999999999
0.1728666666666666
0.18100000000000002
0.08133333333333338
0.06600000000000003
0.1404
0.3516666666666666
0.11673333333333338
0.06600000000000003
0.06600000000000003
0.22719999999999996
0.17759999999999992
0.06600000000000003
0.06600000000000003
0.15800000000000003
0.11200000000000004
0.128
0.274
0.2357999999999999
0.19233333333333336
0.08233333333333334
0.16800000000000004
0.2696
1.1720666666666666
2.3218666666666667
0.2855333333333333
0.13799999999999996
0.161
0.377
0.3103999999999999
0.16026666666666675
0.18519999999999995
0.36233333333333334
0.24546666666666658
0.18999999999999992
0.06600000000000003
0.06600000000000003
0.16566666666666668
0.10433333333333338
0.20239999999999997
0.2023999999999999
0.06600000000000003
0.06600000000000003
0.17333333333333337
0.19586666666666666
0.2395999999999999
0.06600000000000003
0.06600000000000003
0.07840000000000003
0.2519999999999999
0.22473333333333337
0.11966666666666671
0.06600000000000003
0.17759999999999998
0.22906666666666667
0.2576666666666666
0.14700000000000005
0.7619333333333335
1.4605333333333335
0.9083333333333335
0.6612666666666667
2.595733333333333
1.5512000000000001
0.4442000000000001
0.8862000000000001
0.4679333333333335
0.3492666666666667
0.5319333333333334
0.5666666666666665
0.41280000000000006
0.06600000000000003
0.06600000000000003
0.22719999999999996
0.17759999999999992
0.06600000000000003
0.06600000000000003
0.11966666666666669
0.33986666666666665
0.5068666666666668
0.4336666666666666
0.7918666666666666
0.6966666666666665
0.3971333333333334
0.9553999999999999
0.5806000000000001
0.4426666666666666
0.6096666666666668
0.5003333333333332
0.21479999999999996
