1.7954
2.9932000000000003
3.1548000000000003
3.2312
1.5126000000000002
0.37279999999999996
0.504
1.352
0.9239999999999998
0.4516
0.544
0.544
0.24299999999999997
0.24299999999999997
0.10300000000000001
0.068
0.068
0.068
0.068
0.068
0.068
0.068
0.068
0.173
0.24299999999999997
0.33819999999999995
0.362
0.327
0.1632
0.068
0.068
0.068
0.068
0.068
0.068
0.068
0.068
0.068
0.068
0.068
0.068
0.068
0.068
0.068
0.068
0.068
0.068
0.068
0.068
0.068
0.13799999999999998
0.24299999999999997
0.532
0.604
0.591
0.38999999999999996
0.398
0.382
0.394
0.40120000000000006
0.40199999999999997
0.41400000000000003
0.394
0.421
0.564
0.528
1.1038000000000001
3.4944
3.563
3.5790000000000006
3.0232
0.7436
0.626
0.699
0.735
0.731
0.731
0.7362
0.7310000000000001
1.8366
3.5722
3.505
3.5149999999999997
2.4647999999999994
0.729
0.729
0.753
0.6839999999999999
0.602
0.418
0.356
3.195
3.2310000000000003
3.311
3.3310000000000004
0.44400000000000006
0.406
0.43899999999999995
0.509
4.277399999999999
0.5780000000000001
3.4579999999999997
3.2603999999999997
3.2138
3.3533999999999997
0.592
0.6112
0.5062
0.433
0.438
0.4699999999999999
0.402
0.545
0.557
0.5786
0.533
0.348
0.33
4.0022
5.192
5.1488000000000005
5.12
1.8444000000000003
0.377
0.377
0.377
0.3324
0.225
0.213
1.9404
3.092
3.092
3.7958
1.3646
0.213
0.3598
0.313
0.488
0.5588
0.44800000000000006
0.5188
0.33399999999999996
0.258
0.5268
0.5322
0.201
0.201
0.201
0.201
0.22480000000000003
0.32
0.32
0.32
0.24860000000000002
0.201
0.28200000000000003
3.2854
3.275
3.275
3.228
0.20600000000000002
0.20600000000000002
0.20600000000000002
0.1036
0.078
0.08499999999999999
0.23200000000000004
0.2696
0.5138
0.493
0.42400000000000004
0.42400000000000004
0.5640000000000001
0.599
0.599
0.599
0.529
0.42400000000000004
0.5154
0.643
0.6380000000000001
0.5984
0.36579999999999996
0.301
0.361
0.42300000000000004
1.593
0.37300000000000005
0.43900000000000006
0.5022
2.1870000000000003
3.314
3.1151999999999997
3.0439999999999996
1.2986
0.21799999999999997
0.28600000000000003
0.276
0.276
0.31
0.316
0.316
2.6072
3.3223999999999996
3.2712000000000003
3.16
0.8568
1.3210000000000002
1.9137999999999997
0.7620000000000001
0.9640000000000001
0.9272
0.7272000000000001
0.5854000000000001
0.6404
0.5382
0.493
0.7528
0.7548
0.617
0.6102000000000001
0.674
0.599
0.599
0.5837999999999999
0.567
0.567
0.579
0.547
0.547
3.3292
3.403
3.495
3.5656
2.0059999999999993
0.7939999999999999
1.291
1.4347999999999996
1.1827999999999999
3.5759999999999996
3.656
3.652
3.0602
0.743
0.8914000000000002
0.9650000000000001
0.916
0.916
0.8699999999999999
1.019
1.187
1.019
1.027
0.9560000000000001
0.8416
0.7320000000000001
0.664
0.6474
0.6941999999999999
0.836
0.85
0.752
0.7639999999999999
0.7430000000000001
0.749
0.8089999999999999
0.797
0.829
3.009
3.6924
3.694
3.66
1.3844
0.799
0.763
0.7470000000000001
0.76
0.75
0.068
0.068
0.068
0.068
0.068
0.068
0.068
0.062
0.1532
0.2819999999999999
