0.06099999999999997
0.06499999999999997
0.07099999999999998
0.07099999999999998
0.07099999999999998
0.13073333333333334
0.25566666666666654
0.18100000000000002
0.07099999999999998
0.1755333333333333
0.10086666666666663
0.07099999999999998
0.07099999999999998
0.16806666666666667
0.10833333333333331
0.07099999999999998
0.07099999999999998
0.15899999999999997
0.20299999999999996
0.07099999999999998
0.07099999999999998
0.25479999999999997
0.3273333333333334
0.4639333333333333
0.43566666666666654
0.5410000000000003
0.5318
0.34546666666666664
0.3981333333333333
0.5568000000000001
0.4508666666666666
0.44553333333333317
0.5906
0.8164666666666667
0.6986666666666671
0.4413333333333334
0.5898666666666669
0.6571333333333332
0.6744666666666664
0.4255333333333333
0.37520000000000003
0.43033333333333335
0.49000000000000016
0.6037999999999999
1.4318
1.2208000000000003
0.39479999999999993
1.6726
2.175866666666667
1.0078666666666667
0.8966000000000002
0.9863333333333333
1.0456666666666665
1.1141999999999999
1.0802666666666667
1.3539333333333332
0.9731333333333335
0.6298666666666667
0.5059333333333333
0.7146666666666669
0.6361333333333333
0.57
0.6631333333333332
0.5240000000000001
1.0122666666666669
0.8777333333333334
1.0614666666666668
0.9132000000000002
1.0064000000000002
1.410866666666667
0.6052666666666666
0.629
1.3706000000000003
1.6555333333333333
1.8811333333333335
1.3472000000000002
1.3128
3.3446
1.4993333333333334
1.4109999999999998
1.6212666666666666
0.9056000000000003
0.7918
0.5799333333333333
1.1069333333333338
1.3980666666666666
1.4735333333333331
0.4343333333333331
0.07099999999999998
0.1523333333333333
0.33306666666666657
0.08199999999999998
0.07099999999999998
0.09299999999999999
0.23599999999999988
0.09999999999999995
