0.10600000000000001
0.23000000000000004
0.244
0.25680000000000003
0.22599999999999998
0.281
0.7344
1.0476
0.34
0.3408
0.23899999999999996
0.23899999999999996
0.27499999999999997
0.33799999999999997
0.299
0.299
0.331
0.248
0.1992
0.23499999999999996
0.24180000000000001
0.262
0.3612
0.51
0.51
0.5492
0.48440000000000005
0.131
0.8061999999999999
0.5608
0.178
0.12999999999999998
0.118
0.12840000000000001
0.19199999999999998
0.202
0.426
0.43899999999999995
0.596
0.544
0.36619999999999997
0.4191999999999999
0.41800000000000004
0.402
0.5549999999999999
0.567
0.5740000000000001
0.526
0.484
0.5700000000000001
0.487
0.4666
0.3772
0.273
0.072
0.072
0.1472
0.26
0.26
0.26
0.26
0.072
0.072
0.072
0.072
0.072
0.072
0.072
0.072
0.072
0.072
0.072
0.072
0.072
0.072
0.072
0.22240000000000001
0.26
0.31399999999999995
0.354
0.37560000000000004
0.242
0.30039999999999994
0.392
0.368
0.392
0.404
0.47779999999999995
0.557
0.6479999999999999
0.7348000000000001
0.8846
0.9423999999999999
0.9399999999999998
1.0144
1.0028000000000001
1.7768000000000002
3.091
2.994
2.6388000000000003
1.0026
0.849
2.5764
2.9886000000000004
2.983
2.943
1.6932000000000003
0.9112
0.8480000000000001
0.7298000000000002
0.679
0.8222000000000002
0.9350000000000002
0.9350000000000002
0.8949999999999999
0.8949999999999999
0.719
0.707
0.707
0.7777999999999999
0.6809999999999999
0.7128
0.642
0.5706
1.6222
0.523
0.5104
0.9696
0.6923999999999999
0.579
0.579
2.8764000000000003
2.698
2.6908000000000003
0.8530000000000001
0.3404
0.366
0.366
0.366
0.366
0.366
0.487
0.4366
0.4842000000000001
0.585
0.537
0.537
0.6562
0.4680000000000001
0.5112
0.49700000000000005
2.491
2.4934000000000003
2.503
2.4882
0.8186
0.41980000000000006
0.4680000000000001
0.492
0.6456000000000001
0.716
0.842
0.332
0.332
0.1816
0.144
0.144
0.1794
0.1794
0.144
0.21479999999999996
0.144
0.144
0.3276
0.332
0.40279999999999994
0.827
0.22240000000000001
0.072
0.072
0.072
0.072
0.072
0.072
0.072
0.072
0.072
0.072
0.072
0.072
0.43920000000000003
0.5648000000000001
0.6519999999999999
0.7239999999999999
0.721
0.9832000000000001
1.2312
0.602
0.689
0.625
0.743
0.8273999999999999
0.8099999999999999
0.8140000000000001
0.788
0.7674000000000001
0.8522000000000001
1.6760000000000002
2.6336000000000004
4.2488
4.1558
4.0882000000000005
4.1292
1.3626
0.763
0.7030000000000001
0.739
0.9666
0.9216000000000001
0.829
0.9533999999999999
0.8592000000000001
1.1707999999999998
1.4895999999999998
0.6456
0.6688
0.61
0.715
0.8757999999999999
1.0050000000000001
6.0468
0.9984
0.9629999999999999
1.02
1.084
0.666
0.679
0.679
0.5948
0.5940000000000001
0.5825999999999999
0.595
0.595
0.595
0.595
0.607
0.7318
0.8306000000000001
1.8234
0.6442
0.5394
0.44000000000000006
0.5772
0.697
0.766
0.766
0.7140000000000001
0.692
0.608
0.596
0.596
0.596
0.556
0.556
0.556
0.624
0.6306
0.701
0.557
0.7686
0.734
0.654
0.654
0.5942000000000001
0.566
0.566
0.566
5.6144
0.5893999999999999
0.572
0.5509999999999999
0.5856
0.7682
1.0477999999999998
1.0948
1.0976000000000001
1.196
0.9815999999999999
