0.07566666666666665
0.052333333333333315
0.2548666666666667
0.19460000000000005
0.05899999999999997
0.05899999999999997
0.05899999999999997
0.1343333333333333
0.28500000000000003
0.08913333333333329
0.05899999999999997
0.05899999999999997
0.2096666666666667
0.23980000000000007
0.05899999999999997
0.05899999999999997
0.05899999999999997
0.05899999999999997
0.23980000000000004
0.20966666666666672
0.05899999999999997
0.05899999999999997
0.05899999999999997
0.28500000000000003
0.16446666666666673
0.05899999999999997
0.05899999999999997
0.05899999999999997
0.06633333333333334
0.10446666666666665
0.12500000000000003
0.311
0.459
0.30166666666666675
0.05899999999999997
0.05899999999999997
0.14939999999999998
0.28500000000000003
0.0720666666666667
0.05700000000000002
2.9350000000000005
1.1561999999999997
2.9438666666666666
3.3316666666666666
1.2157999999999993
0.141
0.32806666666666673
0.6413333333333333
0.5439999999999999
0.1806
0.6574666666666665
0.5572
0.07353333333333333
2.3478666666666665
2.1468
2.322333333333334
2.0794666666666672
0.8472000000000001
2.3783333333333334
1.3528000000000004
2.9786666666666677
1.1959333333333333
1.072133333333333
0.24100000000000005
0.24500000000000002
0.31040000000000006
0.44059999999999994
0.6174
0.28826666666666667
0.18000000000000002
0.1504
0.18900000000000003
2.0038
2.599000000000001
0.7681999999999999
2.529733333333333
3.9584666666666655
3.6603999999999997
2.841200000000001
0.5632666666666668
2.7550000000000003
2.291399999999999
1.2334666666666665
3.360866666666666
0.7314
0.6878666666666668
2.3771999999999998
1.1413333333333342
0.05899999999999997
0.10419999999999997
0.28500000000000003
0.11926666666666662
0.05899999999999997
0.05899999999999997
0.23980000000000004
0.2063333333333333
