0.04700000000000001
0.04766666666666667
0.05700000000000002
0.05700000000000002
0.05700000000000002
0.05700000000000002
0.05700000000000002
0.05700000000000002
0.05700000000000002
0.05700000000000002
0.05700000000000002
0.05700000000000002
0.05700000000000002
0.05700000000000002
0.05700000000000002
0.05700000000000002
0.05700000000000002
0.05700000000000002
0.05700000000000002
0.05700000000000002
0.05700000000000002
0.05700000000000002
0.05700000000000002
0.05700000000000002
0.05700000000000002
0.05700000000000002
0.05700000000000002
0.05700000000000002
0.056666666666666685
0.13466666666666668
0.05700000000000002
0.05700000000000002
0.05700000000000002
0.05700000000000002
0.05700000000000002
0.05700000000000002
0.05700000000000002
0.05700000000000002
0.056666666666666685
0.05800000000000001
0.07099999999999998
0.07099999999999998
0.07099999999999998
0.07099999999999998
0.06699999999999999
0.05600000000000002
0.05600000000000002
0.05600000000000002
0.05600000000000002
0.05600000000000002
0.06800000000000002
0.137
0.145
0.145
0.145
0.1663333333333334
0.05700000000000002
0.05700000000000002
0.05700000000000002
0.05700000000000002
0.05700000000000002
0.05700000000000002
0.05700000000000002
0.05700000000000002
0.05700000000000002
0.07833333333333334
0.2946666666666667
0.168
0.21466666666666664
0.6784
0.26400000000000007
0.435
0.19766666666666666
0.21366666666666664
0.21099999999999997
0.19633333333333333
0.4430000000000001
0.4179333333333333
0.5083333333333333
0.3830000000000001
0.3573333333333333
0.3253333333333333
0.28426666666666667
0.2556000000000001
0.24400000000000002
0.26400000000000007
0.29320000000000007
0.2996
0.4110000000000001
0.1996666666666666
0.05700000000000002
0.05700000000000002
0.05700000000000002
0.05700000000000002
0.05700000000000002
0.05633333333333335
