0.058
0.087
0.087
0.147
0.147
0.147
0.147
0.147
0.147
0.147
0.147
0.147
0.147
0.147
0.147
0.147
0.147
0.159
8.684
8.684
8.624
0.099
0.099
0.099
0.099
0.099
0.159
0.159
0.306
0.316
0.304
0.304
0.304
0.304
0.426
0.426
0.426
0.426
0.426
0.426
0.426
0.426
0.426
0.426
0.426
0.426
0.559
0.559
0.559
0.559
0.559
0.559
0.499
0.381
0.381
0.493
0.493
0.493
2.681
2.681
2.681
0.622
0.622
0.622
0.622
0.622
0.622
0.622
0.622
0.622
0.622
0.622
0.622
0.622
0.593
0.593
0.653
0.653
0.653
0.653
0.653
0.524
0.524
0.464
0.504
2.692
2.652
2.652
0.464
0.352
0.352
0.352
0.352
0.352
0.352
0.352
0.352
0.352
0.352
0.352
0.462
0.462
0.462
0.462
0.462
0.462
0.491
0.369
0.481
0.481
0.481
0.481
0.481
0.481
0.481
0.481
0.481
0.481
0.371
0.456
0.456
0.456
0.456
0.456
0.456
0.456
0.441
0.441
0.441
0.441
0.441
0.441
0.57
0.57
0.57
0.63
0.63
0.63
0.63
0.518
0.518
0.518
0.518
0.518
0.518
0.518
0.518
0.518
0.518
0.518
0.518
0.518
0.389
0.329
0.329
0.329
0.329
0.329
0.329
0.329
0.329
0.329
0.329
0.329
0.329
0.329
0.329
0.329
0.329
0.329
0.329
0.329
0.329
0.329
0.329
0.329
0.329
0.329
0.329
0.329
0.329
0.329
0.329
0.329
0.329
0.329
0.329
0.329
0.329
0.369
0.369
0.369
0.429
0.518
0.433
0.543
0.543
0.543
0.543
0.543
0.543
0.543
0.543
0.543
0.543
0.483
0.483
0.483
0.483
0.483
0.483
0.483
0.483
0.244
0.244
0.244
0.244
0.244
0.244
0.244
0.304
0.304
0.304
0.304
0.304
0.304
0.304
0.304
0.304
0.304
0.07
0.07
0.07
0.07
0.07
0.07
0.07
0.07
0.07
0.07
0.07
0.07
0.07
0.07
0.07
0.07
0.07
0.07
0.07
0.07
0.07
0.07
0.07
0.07
0.07
0.07
0.07
0.07
0.07
0.07
0.07
0.07
0.07
0.07
0.07
0.07
0.07
0.07
0.07
0.07
0.07
0.07
0.07
0.07
0.07
0.07
0.07
0.07
0.07
0.07
0.18
0.18
0.18
0.18
0.18
0.18
0.18
0.18
0.18
0.18
0.18
0.18
0.18
0.18
0.18
0.18
0.18
0.18
0.07
0.07
0.07
0.07
0.07
0.07
0.07
0.07
0.07
0.07
0.07
0.07
0.07
0.07
0.07
0.07
0.07
0.07
0.07
0.07
0.199
0.199
0.199
0.199
0.199
0.199
0.199
0.199
0.199
0.199
0.199
0.199
0.199
0.199
0.199
0.199
0.199
0.199
0.199
0.199
0.07
0.07
0.07
0.07
0.07
0.07
0.07
0.07
0.07
0.07
0.07
0.07
0.07
0.07
0.07
0.07
0.07
0.07
0.07
0.18
0.18
0.18
0.18
0.18
0.18
0.18
0.18
0.18
0.18
0.18
0.18
0.18
0.18
0.18
0.18
0.18
0.18
0.07
0.07
0.07
0.07
0.07
0.07
0.07
0.07
0.07
0.07
0.07
0.07
0.07
0.07
0.07
0.07
0.07
0.07
0.07
0.07
0.07
0.07
0.07
0.07
0.07
0.07
0.07
0.07
0.07
0.07
0.07
0.07
0.07
0.07
0.07
0.07
0.07
0.07
0.07
0.07
0.07
0.07
0.07
0.07
0.07
0.07
0.199
0.199
0.199
0.199
0.199
0.199
0.199
0.199
0.199
0.199
0.309
0.309
0.309
0.309
0.309
0.309
0.309
0.309
0.309
0.309
0.18
0.18
0.18
0.18
0.18
0.18
0.18
0.18
0.07
0.07
0.07
0.07
0.07
0.07
0.07
0.07
0.07
0.07
0.07
0.07
0.07
0.07
0.07
0.07
0.07
0.07
0.07
0.07
0.07
0.07
0.07
0.07
0.07
0.07
0.07
0.07
0.07
0.07
0.07
0.07
0.07
0.07
0.07
0.07
0.07
0.07
0.07
0.07
0.07
0.244
0.304
0.304
0.304
0.304
0.304
0.304
0.304
0.304
0.304
0.304
0.304
0.304
0.364
0.364
0.364
0.364
0.404
0.404
0.344
0.344
0.344
0.315
0.315
0.255
0.255
0.255
0.255
0.295
0.295
0.255
0.365
0.365
0.365
0.365
0.487
0.487
0.487
0.487
0.487
0.487
0.487
0.487
0.487
0.487
0.487
0.616
0.616
0.616
0.506
0.506
9.031
9.031
9.031
0.535
0.535
0.535
0.535
0.535
0.535
0.413
0.413
0.413
0.413
0.413
0.413
0.284
0.284
0.417
0.529
0.529
0.529
0.529
0.529
0.529
0.529
0.529
0.589
0.477
0.477
0.477
0.344
0.344
0.344
0.344
0.284
0.284
0.284
0.299
0.299
0.299
0.299
0.299
0.299
0.299
0.299
0.299
0.299
0.152
0.152
0.152
0.152
0.152
0.152
0.152
0.152
0.152
0.152
0.152
0.264
0.264
0.264
0.264
0.264
0.264
0.397
0.397
0.397
0.397
0.397
0.397
0.397
0.397
0.397
0.397
0.397
0.507
0.478
0.478
0.754
0.754
0.754
0.754
0.754
0.754
0.754
0.754
0.754
0.714
0.714
0.714
0.714
0.714
0.714
0.633
0.633
0.633
0.633
0.633
0.504
0.504
0.504
0.504
0.504
0.504
0.504
0.504
0.504
0.504
0.504
0.504
0.489
0.489
0.489
0.489
0.489
0.489
0.489
0.489
0.489
0.489
0.489
0.489
0.489
0.489
0.489
0.489
0.489
0.489
0.489
0.489
0.489
0.489
0.489
0.489
0.489
0.489
0.489
0.489
0.489
0.489
0.489
0.489
0.489
0.489
0.489
0.489
0.489
0.489
0.489
0.489
0.489
0.489
0.489
0.489
0.599
0.599
1.506
1.506
3.694
2.787
2.787
0.599
0.599
0.599
0.599
0.599
0.57
0.57
0.57
0.57
0.57
1.477
1.255
1.255
0.348
0.348
0.348
0.348
0.477
0.477
0.477
0.477
0.477
0.477
0.477
0.477
0.477
0.477
0.477
0.477
0.477
0.477
0.477
0.477
0.344
0.344
0.384
0.384
0.255
0.255
0.255
0.255
0.255
0.255
0.255
0.255
0.255
0.255
0.255
0.255
0.255
0.255
0.255
0.255
0.255
0.255
0.255
0.255
0.255
0.255
0.255
0.255
0.255
0.255
0.255
0.365
0.365
0.365
0.365
0.365
0.325
0.325
0.325
0.325
0.325
0.325
0.325
0.325
0.37
0.37
0.37
0.337
0.466
0.356
0.356
0.356
0.456
0.456
0.456
0.456
0.456
0.456
0.456
1.363
1.363
1.363
0.456
0.456
0.456
0.456
0.456
0.501
0.401
0.401
0.356
0.356
0.371
0.371
0.371
0.371
0.371
0.371
0.371
0.371
0.371
0.371
0.371
0.371
0.371
0.371
0.371
0.371
0.371
0.371
0.371
0.371
0.371
0.371
0.481
0.481
0.481
0.481
0.481
0.481
0.481
0.481
0.481
0.481
0.481
0.369
0.369
0.369
0.369
0.369
0.369
0.369
0.259
0.259
0.259
0.259
0.259
0.259
0.259
0.319
0.259
0.259
0.259
0.259
0.259
0.259
0.259
0.259
0.371
0.371
0.388
0.388
0.388
0.388
0.388
0.388
0.388
0.388
0.388
0.388
0.388
0.359
0.359
0.388
0.388
0.373
0.373
0.373
0.373
0.413
0.284
0.284
0.284
0.284
0.284
0.394
0.394
0.454
1.695
1.695
1.695
1.695
1.755
1.715
1.775
1.715
1.715
1.715
1.715
1.775
1.715
1.715
1.715
1.605
1.545
1.545
1.545
1.545
1.545
1.545
1.545
1.678
1.678
1.678
1.531
1.531
1.531
1.531
1.531
3.719
3.719
3.734
1.546
1.546
1.546
1.546
1.546
1.546
1.546
1.486
1.486
1.486
1.486
1.486
1.486
1.498
1.498
1.498
1.498
1.498
1.498
1.498
1.498
1.558
1.498
1.498
1.509
1.509
0.268
0.268
0.268
0.268
0.397
0.397
0.264
0.264
0.324
0.324
0.384
0.384
0.384
0.344
0.454
0.454
0.454
0.454
0.454
0.454
0.454
0.454
0.454
0.394
0.265
0.265
0.265
0.265
0.265
0.265
0.325
0.325
0.285
0.285
0.285
0.285
0.285
0.285
0.285
0.285
0.285
0.407
0.407
0.407
0.407
0.407
0.392
1.665
1.665
1.665
1.705
1.705
1.72
1.708
1.708
1.708
1.708
1.708
1.708
1.841
1.841
1.841
1.841
1.841
1.841
1.841
1.841
1.841
1.841
1.841
1.841
1.97
2.082
2.082
2.082
2.082
2.082
0.809
0.809
0.809
0.809
0.809
0.809
0.809
0.809
0.809
0.838
0.778
0.778
0.778
0.778
0.649
0.709
0.709
0.709
0.709
0.709
0.709
0.709
0.721
0.721
0.721
0.661
0.661
0.661
0.661
0.661
0.661
0.661
0.661
0.661
0.661
0.721
0.721
0.721
0.721
0.721
0.721
0.721
0.651
0.651
0.651
0.651
0.651
0.651
0.636
0.696
0.684
0.684
0.684
0.684
0.684
0.684
0.512
0.599
0.599
0.539
0.539
0.527
0.674
0.674
0.674
0.674
0.674
0.674
0.674
0.674
0.614
0.541
0.541
0.541
0.541
0.541
0.419
0.479
0.419
0.419
0.419
0.419
0.523
0.523
0.492
0.492
0.492
0.552
0.612
0.479
0.419
0.529
0.529
0.529
0.589
0.589
0.589
0.589
0.589
0.589
0.589
0.589
0.589
0.589
0.589
0.722
0.722
0.722
0.722
0.612
0.612
0.612
0.612
0.612
0.724
0.853
0.741
0.741
0.741
0.741
0.741
0.741
0.741
0.741
0.741
0.741
0.741
0.741
0.741
0.801
0.786
0.786
0.741
0.741
0.741
0.612
0.612
0.612
0.612
0.612
0.612
0.612
0.552
0.552
0.552
0.552
0.419
0.419
0.419
0.419
0.419
0.419
0.419
0.419
0.419
0.419
0.601
0.572
0.512
0.39
2.292
2.292
2.292
2.292
2.292
2.292
2.292
2.159
2.269
2.329
2.269
2.269
2.269
2.402
2.402
2.402
2.402
2.402
2.402
2.402
0.633
0.633
0.633
0.633
0.745
0.745
0.635
0.635
0.635
0.635
0.735
0.857
0.857
0.764
0.764
0.764
0.764
0.764
0.764
0.824
0.824
0.824
0.824
0.824
0.824
0.809
0.749
0.749
0.749
0.749
0.749
0.749
0.749
0.649
0.649
0.649
0.664
0.664
0.664
0.664
0.664
0.664
0.624
0.624
0.624
0.624
0.624
0.684
0.696
0.721
0.721
0.636
0.636
0.786
0.746
0.746
0.746
0.686
0.686
0.686
0.686
0.686
0.808
0.808
0.808
0.808
0.808
0.808
0.808
0.808
0.808
0.738
0.738
0.798
0.798
0.838
0.898
0.858
0.858
0.858
0.858
0.858
0.858
0.858
0.858
0.858
0.829
0.829
0.829
0.869
0.829
0.829
0.829
0.829
0.958
0.958
0.958
0.958
0.958
0.958
0.958
0.958
0.958
0.958
0.958
0.958
0.918
0.918
0.918
0.903
0.903
0.843
0.843
0.843
0.714
0.714
0.714
0.714
0.714
0.714
0.714
0.714
0.714
0.714
0.602
0.582
0.582
0.652
0.652
0.652
0.652
0.722
0.722
0.722
0.762
0.762
0.822
0.782
0.782
0.782
0.782
0.782
0.782
0.722
0.722
0.612
0.612
0.542
0.542
0.542
0.542
0.542
0.542
0.542
0.542
0.582
0.582
0.711
0.711
0.711
0.711
0.711
0.711
0.711
0.578
0.456
0.444
0.444
0.444
0.444
0.444
0.444
0.444
0.444
0.577
0.577
0.577
0.448
0.448
0.448
0.448
0.315
0.168
0.228
0.228
0.228
0.228
0.228
0.188
0.188
0.188
0.188
0.233
0.233
0.262
0.262
0.262
0.262
0.262
0.262
0.262
0.262
0.262
0.262
0.262
0.262
0.262
0.262
0.262
0.372
2.6
2.6
2.6
0.412
0.412
0.412
0.412
0.412
2.612
2.612
2.612
0.424
0.424
0.424
0.424
0.424
0.424
0.314
0.314
0.304
