0.060000000000000026
0.10933333333333332
0.14333333333333328
0.2236
0.19799999999999995
0.14333333333333334
0.1166666666666667
0.07000000000000003
0.12120000000000002
0.262
0.10840000000000005
0.07000000000000003
0.07000000000000003
0.07666666666666669
0.36200000000000004
0.17293333333333324
0.07000000000000003
0.07000000000000003
0.09000000000000001
0.3492
0.17239999999999994
0.07000000000000003
0.07000000000000003
0.07000000000000003
0.07000000000000003
0.17240000000000003
0.2492
0.07000000000000003
0.15646666666666667
0.2973333333333333
0.37853333333333333
0.6261333333333334
0.6663333333333334
0.5215333333333335
0.5105999999999999
0.7386666666666667
2.3035333333333337
1.9344000000000001
0.5152666666666668
0.4776666666666666
0.4249999999999999
0.4614
0.6804
0.7600666666666667
0.9622666666666666
2.8093333333333335
2.8278666666666665
2.921
2.461933333333333
0.29666666666666675
0.21786666666666674
0.5062666666666668
0.4965999999999999
1.9412000000000007
1.5996666666666663
3.3876000000000004
5.140600000000001
3.1326666666666663
3.2709333333333337
0.4918666666666667
0.2012666666666667
2.0008000000000004
4.1954666666666665
3.3236666666666665
2.9066000000000014
2.6704000000000003
0.34819999999999995
0.419
0.7682666666666668
0.45726666666666665
0.475
0.39506666666666673
0.3665333333333333
0.6284
0.4591333333333335
0.41813333333333347
0.3721999999999999
0.3628
0.44166666666666665
2.282799999999999
0.4931333333333333
0.5181999999999999
0.3874666666666666
0.4748000000000001
1.2434666666666672
0.6890666666666665
1.006533333333333
0.9413333333333334
0.4334666666666666
0.5348
0.5709333333333333
0.5242000000000001
0.47039999999999993
0.5931333333333334
0.5438666666666666
0.4328666666666666
