0.06299999999999997
0.07166666666666664
0.07299999999999998
0.07299999999999998
0.07299999999999998
0.07299999999999998
0.07299999999999998
0.13366666666666666
0.26480000000000004
0.6716666666666667
0.3449999999999999
1.0378000000000003
0.5838000000000001
0.4853333333333334
0.29600000000000015
0.09959999999999998
0.206
0.07299999999999998
0.07299999999999998
0.07299999999999998
0.09959999999999998
0.206
0.07299999999999998
0.07299999999999998
0.07299999999999998
0.07299999999999998
0.07299999999999998
0.07299999999999998
0.07299999999999998
0.19713333333333333
0.3592
0.5456666666666669
0.4423333333333335
0.5109333333333334
0.16166666666666665
0.07299999999999998
0.07299999999999998
0.07299999999999998
0.18826666666666667
0.1173333333333333
0.07299999999999998
0.07299999999999998
0.07299999999999998
0.07299999999999998
0.07299999999999998
0.07299999999999998
0.07299999999999998
0.19713333333333333
0.10846666666666664
0.07299999999999998
0.07299999999999998
0.206
0.43346666666666667
0.40566666666666656
0.39319999999999994
0.26839999999999997
0.07299999999999998
0.07299999999999998
0.07299999999999998
0.07299999999999998
0.18826666666666667
0.1173333333333333
0.07299999999999998
0.07299999999999998
0.11733333333333332
0.18826666666666667
0.07299999999999998
0.07299999999999998
0.07299999999999998
0.07299999999999998
0.07299999999999998
0.07299999999999998
0.5226666666666667
0.7188666666666665
0.8594
0.5981999999999998
0.7142
1.0160666666666667
0.3748666666666666
0.35353333333333337
1.032333333333333
0.5244666666666666
0.4796000000000001
0.6667333333333333
0.5988000000000002
0.6824
0.6544666666666664
0.7127333333333332
0.6560000000000001
1.1276000000000002
0.9120000000000001
0.9486
0.07299999999999998
0.07299999999999998
0.07299999999999998
0.07319999999999997
