0.064
0.064
0.064
0.064
0.064
0.064
0.064
0.064
0.064
0.064
0.064
0.064
0.064
0.064
0.064
0.064
0.064
0.064
0.064
0.064
0.1296
0.22800000000000004
0.22800000000000004
0.12960000000000002
0.064
0.225
0.225
0.225
0.225
0.064
0.064
0.064
0.064
0.064
0.064
0.064
0.064
0.064
0.19519999999999998
0.22800000000000004
0.22800000000000004
0.064
0.064
0.064
0.225
0.225
0.225
0.225
0.064
0.064
0.064
0.064
0.1624
0.22800000000000004
0.22800000000000004
0.09680000000000001
0.064
0.064
0.064
0.064
0.064
0.064
0.1606
0.225
0.225
0.225
0.12840000000000001
0.064
0.064
0.064
0.064
0.0968
0.22800000000000004
0.22800000000000004
0.16240000000000002
0.064
0.064
0.064
0.064
0.064
0.064
0.0962
0.225
0.225
0.225
0.1928
0.064
0.064
0.062
0.1508
0.9071999999999999
3.34
3.2744
3.2730000000000006
2.6648
0.336
0.4
0.42800000000000005
0.402
5.3267999999999995
0.064
0.064
0.21200000000000002
0.172
0.2486
0.375
0.22800000000000004
0.12960000000000002
0.225
0.225
0.46740000000000004
0.45499999999999996
0.3378
0.307
0.064
0.064
0.064
0.064
0.0968
0.22800000000000004
0.22800000000000004
0.16240000000000002
0.0962
0.225
0.225
0.225
0.1928
0.064
0.064
0.064
0.064
0.064
0.064
0.064
0.064
0.064
0.064
0.064
0.064
0.064
0.064
0.064
0.064
0.064
0.064
0.064
0.064
0.0962
0.3562
0.389
0.389
0.1928
0.064
0.064
0.064
0.064
0.064
0.064
0.064
0.064
0.064
0.064
0.064
0.064
0.22800000000000004
0.3568
0.3562
0.225
0.225
0.09620000000000001
0.064
0.064
0.064
0.064
0.064
0.064
0.064
0.064
0.064
0.064
0.064
0.064
0.1624
0.22800000000000004
0.22800000000000004
0.09680000000000001
0.064
0.064
0.1928
0.225
0.225
0.225
0.09620000000000001
0.064
0.064
0.064
0.064
0.064
0.064
0.064
0.064
0.064
0.0962
0.225
0.225
0.225
0.1928
0.064
0.064
0.22800000000000004
0.44699999999999995
0.4382
0.319
0.383
0.34299999999999997
0.363
3.5734000000000004
3.875600000000001
3.6454
3.7589999999999995
1.3184
0.7074
0.8497999999999999
0.7911999999999999
0.768
0.756
0.5792
0.6661999999999999
0.699
0.711
2.1374
2.1160000000000005
2.092
2.0789999999999997
2.167
6.465999999999999
3.811
3.7846
3.8487999999999998
0.5660000000000001
2.9915999999999996
3.607
3.6846000000000005
3.7039999999999997
1.2598
0.606
0.5628
0.5056
0.491
0.6406
0.7405999999999999
0.9468
0.9606
0.9390000000000001
0.9109999999999999
0.7142
0.6532
1.8154
0.738
3.1548
3.7950000000000004
3.7950000000000004
3.807
1.3942
0.9578
0.923
0.7654
0.7006
2.3912
3.511
3.463
3.4862
1.7162000000000002
0.5138
0.4798
0.43200000000000005
0.544
0.611
0.543
0.5509999999999999
0.4244
0.318
0.064
0.064
0.064
0.064
0.1606
0.225
