0.062
0.062
0.062
0.068
0.072
0.072
0.072
0.072
0.072
0.072
0.072
0.072
0.072
0.072
0.072
0.072
0.072
0.254
0.254
0.254
0.254
0.14479999999999998
0.072
0.072
0.11800000000000002
0.0948
0.072
0.072
0.072
0.072
0.10840000000000001
0.254
0.254
0.254
0.254
0.10840000000000001
0.072
0.072
0.072
0.072
0.072
0.072
0.072
0.072
0.072
0.072
0.072
0.21760000000000002
0.254
0.254
0.254
0.18119999999999997
0.072
0.072
0.072
0.072
0.072
0.072
0.072
0.072
0.072
0.072
0.21760000000000002
0.254
0.254
0.254
0.18119999999999997
0.072
0.072
0.072
0.072
0.072
0.072
0.072
0.072
0.10840000000000001
0.254
0.254
0.254
0.254
0.10840000000000001
0.072
0.072
0.072
0.072
0.072
0.072
0.072
0.072
0.072
0.077
0.077
0.13140000000000002
0.10740000000000001
0.173
0.19379999999999997
6.295
0.313
0.363
0.363
0.399
0.6798
0.44699999999999995
0.3736
0.25680000000000003
0.40199999999999997
0.42000000000000004
0.45899999999999996
0.4600000000000001
0.2028
0.13
0.13
0.5700000000000001
0.38199999999999995
1.3130000000000002
0.17959999999999998
0.182
0.5660000000000001
0.38599999999999995
0.2132
0.072
0.072
0.072
0.072
0.072
0.072
0.21760000000000002
0.254
0.254
0.254
0.18119999999999997
0.072
0.072
0.072
0.072
0.072
0.072
0.072
0.072
0.072
0.219
0.219
0.219
0.219
0.2554
0.40099999999999997
0.40099999999999997
0.40099999999999997
0.40099999999999997
0.2554
0.219
0.219
0.219
0.219
0.21339999999999998
0.21200000000000002
0.21200000000000002
0.4046
0.2762
0.2178
0.24100000000000002
1.384
0.257
0.4978000000000001
0.3866
0.42299999999999993
0.42299999999999993
0.42299999999999993
0.35019999999999996
0.24100000000000002
0.24100000000000002
0.53
1.2524000000000002
0.8099999999999999
0.41159999999999997
0.37600000000000006
0.34
0.38
0.4892
0.538
0.522
0.642
0.6256
0.504
0.072
0.072
0.072
0.072
0.072
0.072
0.072
0.072
0.072
0.072
0.14479999999999998
0.254
0.254
0.254
0.254
0.072
0.072
0.072
0.072
0.072
0.34
0.356
0.382
0.386
0.43479999999999996
0.504
0.46399999999999997
0.466
0.514
0.389
0.364
0.386
0.312
0.4088
1.5562
0.37160000000000004
0.258
0.362
0.6236
0.66
0.66
0.672
0.5930000000000001
0.543
0.483
0.511
0.5469999999999999
0.539
0.507
0.5
0.476
0.5612
0.622
0.634
0.634
0.6306
0.484
0.5386
0.587
0.43499999999999994
0.42700000000000005
0.511
0.43899999999999995
0.402
0.4384
0.6799999999999999
0.629
0.6096
0.5258
0.3224
0.326
0.29000000000000004
0.2824
0.42000000000000004
0.5202
0.6005999999999999
0.565
0.637
0.649
0.6674
0.821
0.8075999999999999
0.8677999999999999
0.8375999999999999
0.10840000000000001
0.072
0.072
0.072
0.072
0.072
0.072
0.072
0.072
0.072
0.072
0.072
0.072
0.072
0.072
0.072
0.072
0.066
0.062
0.062
