0.071
0.071
0.061
0.061
0.061
0.061
0.061
0.061
0.071
0.071
0.1256
0.162
0.162
0.162
0.10840000000000001
0.258
0.258
0.18319999999999997
0.071
0.071
0.071
0.071
0.071
0.071
0.071
0.071
0.071
0.071
0.071
0.071
0.071
0.258
0.258
0.2206
0.1438
0.162
0.162
0.14379999999999998
0.071
0.071
0.071
0.071
0.071
0.071
0.071
0.071
0.071
0.10840000000000001
0.258
0.258
0.18319999999999997
0.071
0.071
0.162
0.162
0.162
0.1256
0.071
0.071
0.071
0.071
0.071
0.2206
0.258
0.2762
0.162
0.162
0.162
0.10740000000000001
0.071
0.071
0.071
0.071
0.071
0.071
0.071
0.071
0.14579999999999999
0.258
0.258
0.14579999999999999
0.071
0.071
0.071
0.071
0.071
0.08020000000000001
0.1944
0.231
0.27019999999999994
0.303
0.31020000000000003
0.4042
1.3694000000000002
1.612
1.4984000000000002
1.4449999999999998
1.3978000000000002
1.421
1.5284
1.3930000000000002
1.365
1.401
1.3782
1.3239999999999998
0.3396
0.2588
0.5482
0.5494
0.5128
0.45439999999999997
0.473
0.5630000000000001
1.8180000000000003
1.8099999999999998
1.786
1.7401999999999997
1.706
1.6460000000000001
0.403
0.35819999999999996
0.24699999999999997
0.434
0.41000000000000003
0.34940000000000004
0.195
0.2314
0.6584
0.9740000000000002
0.275
0.2022
0.184
0.184
0.184
0.315
0.315
0.36540000000000006
0.441
0.441
0.521
0.6906000000000001
0.728
0.7562
0.716
0.668
0.656
0.656
0.656
0.6742
0.747
0.747
0.807
0.7524000000000001
0.7495999999999998
0.756
0.8718
0.944
0.8904
0.7378
0.663
0.6750000000000002
0.655
0.6594
0.714
0.658
0.5920000000000001
0.4422
0.472
0.484
0.488
0.5468
0.6182000000000001
0.51
0.36039999999999994
0.335
0.45859999999999995
0.5166000000000001
0.744
0.7092000000000002
0.7546
0.6940000000000001
0.572
0.5317999999999999
0.545
0.5894000000000001
0.644
0.5834
0.527
0.5024000000000001
0.4902
0.48719999999999997
0.5279999999999999
0.461
0.47539999999999993
0.378
0.386
0.418
0.43080000000000007
0.406
0.398
0.366
0.4779999999999999
0.8416
1.5360000000000003
1.5867999999999998
1.6990000000000003
1.6544000000000003
1.6688000000000003
1.5184
1.521
1.553
1.4966
1.408
1.4644000000000001
1.2046
0.5680000000000001
0.5640000000000001
1.5892
0.4680000000000001
0.5624
0.6296000000000002
0.6691999999999999
0.652
0.7134
0.8026
0.8009999999999999
0.7732
0.6930000000000001
0.7090000000000001
0.8210000000000001
0.829
0.781
0.861
0.761
1.9586
1.971
1.9918000000000002
2.0966000000000005
2.822
2.5587999999999997
1.086
1.4739999999999998
1.5996000000000001
0.768
0.768
0.8960000000000001
0.9640000000000001
0.8629999999999999
0.9846
1.0113999999999999
1.2602
1.1694
1.0550000000000002
0.9401999999999999
0.9349999999999999
1.1058
1.166
0.9564
0.8949999999999999
0.8390000000000001
0.8808000000000001
0.7304000000000002
0.664
0.652
0.6075999999999999
0.513
0.6094
0.694
0.794
0.6384000000000001
0.6468
1.6224
1.7602
1.5778
1.5957999999999999
1.558
1.4494
1.4730000000000003
1.493
1.493
1.553
1.553
0.071
0.071
0.071
0.071
0.071
0.258
