0.07513333333333334
0.06500000000000003
0.04566666666666667
0.05500000000000002
0.05500000000000002
0.05500000000000002
0.22900000000000006
0.1362
0.05500000000000002
0.05500000000000002
0.05500000000000002
0.05500000000000002
0.05500000000000002
0.171
0.19420000000000007
0.05500000000000002
0.05500000000000002
0.10140000000000002
0.22900000000000006
0.0898
0.05500000000000002
0.05500000000000002
0.11300000000000002
0.22900000000000006
0.093
0.07619999999999999
0.137
0.2706
0.8750666666666667
0.27980000000000005
0.23099999999999996
0.46059999999999995
0.33913333333333334
0.3074666666666667
0.1594000000000001
0.22033333333333333
0.351
0.4122
0.22900000000000006
0.07820000000000002
0.05500000000000002
0.05500000000000002
0.05500000000000002
0.07820000000000002
0.22900000000000006
0.11299999999999996
0.05500000000000002
0.05500000000000002
0.05500000000000002
0.07820000000000002
0.22900000000000006
0.11299999999999996
0.05500000000000002
0.05500000000000002
0.11300000000000002
0.22900000000000006
0.07820000000000002
0.05500000000000002
0.05500000000000002
0.15940000000000004
0.20580000000000007
0.05500000000000002
0.2514
0.4321333333333334
0.6396000000000001
1.0031999999999999
0.595
0.6056666666666666
0.7311333333333334
0.8222
0.6626666666666666
0.7300000000000002
0.6718666666666667
0.5806666666666669
0.38759999999999994
0.4552666666666666
0.5906
0.5623333333333334
0.39740000000000003
0.3654666666666668
0.4938666666666665
0.5806666666666668
0.5589999999999998
0.517
0.4503333333333333
0.6215333333333335
0.6628000000000001
0.5521333333333334
1.0565333333333335
0.6184666666666665
1.1421999999999999
0.5813999999999999
0.33220000000000005
0.2718
0.2795333333333333
0.20793333333333333
