0.097
0.121
0.139
0.13899999999999998
0.15860000000000002
0.34
0.552
0.6
0.3144
0.39
0.39
0.5660000000000001
0.39
0.358
0.35
0.35
0.477
1.4194
1.0012
0.575
1.7686
0.39
0.358
0.35
0.382
0.366
0.35
0.2726
0.269
0.221
0.181
0.181
0.26339999999999997
0.31859999999999994
0.34199999999999997
0.49000000000000005
0.47000000000000003
0.422
0.43
0.28200000000000003
0.24500000000000002
0.24500000000000002
0.3236
0.39999999999999997
0.3816
0.376
0.384
0.38
0.364
0.364
0.233
0.229
0.213
0.165
0.233
0.213
0.153
0.125
0.173
0.173
0.273
0.258
0.262
0.278
0.22000000000000003
0.093
0.08580000000000002
0.133
0.153
0.16899999999999998
0.24100000000000002
0.281
0.063
0.063
0.063
0.248
0.248
0.248
0.43800000000000006
0.483
0.433
0.45699999999999996
0.593
0.5529999999999999
0.453
0.381
0.39699999999999996
0.361
0.43499999999999994
0.546
0.586
0.598
0.598
0.413
0.45299999999999996
0.433
0.44899999999999995
0.493
0.31300000000000006
0.181
0.16499999999999998
0.153
0.14500000000000002
0.25060000000000004
0.30100000000000005
2.36
2.3
2.26
3.4665999999999997
0.5936000000000001
0.325
0.41800000000000004
0.43200000000000005
0.43200000000000005
0.358
0.24459999999999998
0.23499999999999996
0.23499999999999996
0.27099999999999996
0.295
0.2758
0.2824
0.2824
0.284
0.41479999999999995
0.352
0.352
0.42279999999999995
0.30720000000000003
0.42679999999999996
0.891
0.22080000000000002
0.1902
0.10300000000000001
0.083
0.083
0.9033999999999999
0.49320000000000014
2.026
2.0127999999999995
3.2345999999999995
2.004
0.061
0.246
0.246
0.266
0.27
0.13499999999999995
0.069
0.061
0.0872
0.061
0.061
0.061
0.061
0.065
0.137
0.374
0.37
0.378
0.626
0.5589999999999999
0.461
0.453
0.421
0.421
0.4734
1.7826
0.528
0.524
0.524
0.512
0.504
0.504
0.504
0.504
0.2814
0.437
0.46299999999999997
0.46699999999999997
0.363
0.199
0.187
0.211
0.211
0.17900000000000002
1.3416
0.1608
0.20800000000000002
0.6302
1.4203999999999997
0.6326
0.6519999999999999
0.662
0.69
0.758
0.661
0.645
0.6930000000000001
0.741
0.757
0.837
1.0454
1.2391999999999999
0.7996000000000001
0.734
0.794
0.9179999999999999
0.9089999999999998
0.99
0.998
1.4162
1.7643999999999997
0.7929999999999999
0.7409999999999999
2.3198
2.7194000000000003
2.725
2.8116
2.828
1.9695999999999998
0.779
1.0150000000000001
0.8746
0.836
0.804
0.6719999999999999
0.603
6.577600000000001
0.413
0.5064
1.3404
0.8622
1.6626
0.4178
0.5489999999999999
0.5546
0.581
0.601
0.5369999999999999
0.524
0.396
0.4176
0.3352
0.35300000000000004
0.417
0.42380000000000007
0.43899999999999995
0.475
0.6108
0.8390000000000001
1.8884
2.746
2.75
2.566
1.7056
0.355
1.1754000000000002
0.7764
0.5189999999999999
0.723
0.765
0.837
0.7458
0.528
0.564
0.564
0.564
0.6068
0.504
0.2814
0.35540000000000005
0.32
0.3908
0.28300000000000003
0.135
0.5027999999999999
0.28979999999999995
0.063
0.063
0.063
0.063
0.063
0.063
0.063
0.063
0.063
0.063
