0.05600000000000001
0.05600000000000001
0.05600000000000001
0.05600000000000001
0.05600000000000001
0.05600000000000001
0.20800000000000002
0.20800000000000002
0.20800000000000002
0.1512
0.066
0.066
0.066
0.066
0.066
0.066
0.066
0.066
0.066
0.066
0.066
0.233
0.233
0.1996
0.12279999999999999
0.20800000000000002
0.20800000000000002
0.20800000000000002
0.09440000000000001
0.066
0.066
0.066
0.066
0.066
0.066
0.233
0.3466
0.3416
0.20800000000000002
0.17959999999999998
0.066
0.066
0.066
0.066
0.066
0.066
0.066
0.066
0.17959999999999998
0.3082
0.375
0.3466
0.09940000000000002
0.066
0.066
0.066
0.066
0.066
0.066
0.17959999999999998
0.20800000000000002
0.20800000000000002
0.17959999999999998
0.066
0.066
0.0994
0.233
0.233
0.16620000000000004
0.066
0.066
0.066
0.066
0.066
0.066
0.066
0.066
0.066
0.066
0.066
0.066
0.066
0.066
0.066
0.066
0.066
0.2514
0.375
0.375
0.24139999999999998
0.066
0.066
0.066
0.066
0.148
0.23700000000000002
0.23700000000000002
0.22400000000000003
0.20400000000000001
0.14
0.16840000000000002
0.33
0.282
0.36160000000000003
0.23400000000000004
0.175
0.46719999999999995
0.5973999999999999
0.215
0.207
0.24699999999999997
0.175
0.15059999999999998
0.1
0.11200000000000002
0.231
0.231
0.1976
0.064
0.064
0.064
0.064
1.4367999999999999
2.364
2.3804
2.494
2.496
2.496
2.4107999999999996
2.354
2.354
2.354
2.4875999999999996
2.521
1.1481999999999997
0.066
0.066
0.066
0.064
0.064
0.064
0.064
1.0388
1.702
1.702
1.7304
0.9212
0.294
0.246
0.1608
0.2042
0.271
0.271
0.1374
0.10400000000000001
0.10840000000000001
0.11500000000000002
0.1718
0.20800000000000002
0.20800000000000002
0.20800000000000002
0.09440000000000001
0.066
0.066
0.0994
0.233
0.233
0.16620000000000004
0.066
0.15119999999999997
0.20800000000000002
0.20800000000000002
0.20800000000000002
0.066
0.066
0.066
0.066
0.066
0.066
0.066
0.1996
0.233
0.233
0.12279999999999999
0.20800000000000002
0.20800000000000002
0.20800000000000002
0.09440000000000001
0.066
0.066
0.099
0.122
0.15
0.15
0.24719999999999995
0.304
0.42400000000000004
0.43200000000000005
0.29
0.4236
0.457
0.485
0.30119999999999997
0.299
0.347
0.259
0.298
0.284
0.284
0.27999999999999997
0.264
0.32799999999999996
0.397
0.37699999999999995
0.369
0.361
0.34900000000000003
0.5508000000000001
0.731
0.723
0.5628
0.514
0.538
0.524
0.488
0.5776
0.6459999999999999
0.546
0.5046
0.44700000000000006
1.3142
2.756
2.865
2.865
2.7768
2.7220000000000004
2.698
2.698
2.644
2.603
2.575
2.563
1.6578
0.358
0.371
0.29
0.26339999999999997
0.3442
0.38899999999999996
0.356
0.356
0.22599999999999998
0.314
0.28200000000000003
0.31199999999999994
0.273
0.8336
0.3318
0.4288
0.5406
0.4758
0.409
0.5136000000000001
0.356
0.356
0.356
0.41000000000000003
0.44299999999999995
0.4866
0.45599999999999996
0.3116
0.391
0.4912000000000001
0.584
0.4968
0.35039999999999993
0.40499999999999997
0.425
0.449
0.45780000000000004
0.4600000000000001
0.43200000000000005
0.395
0.359
0.319
0.45280000000000004
0.5429999999999999
0.595
