0.05800000000000001
0.05800000000000001
0.05800000000000001
0.05800000000000001
0.05800000000000001
0.064
0.068
0.068
0.068
0.068
0.068
0.068
0.068
0.068
0.068
0.068
0.068
0.13679999999999998
0.24
0.24
0.24
0.24
0.068
0.068
0.068
0.068
0.068
0.068
0.068
0.12500000000000003
0.163
0.163
0.163
0.068
0.068
0.2056
0.24
0.24
0.24
0.17120000000000002
0.068
0.068
0.068
0.068
0.10600000000000001
0.163
0.163
0.163
0.08700000000000001
0.068
0.068
0.13679999999999998
0.24
0.24
0.24
0.24
0.068
0.068
0.068
0.10600000000000001
0.163
0.163
0.161
0.185
0.48200000000000004
0.466
0.5196
0.538
2.521
2.545
2.561
2.561
1.0122
0.6700000000000002
0.8182
0.8784000000000001
0.9082000000000001
0.923
0.923
0.899
0.7399999999999999
0.7680000000000001
0.768
0.874
0.8333999999999999
0.8333999999999999
0.798
0.8778
0.8930000000000001
1.1074
1.1458
0.8720000000000001
0.8008000000000001
0.8018000000000001
0.146
0.2464
0.2584
0.2672
0.5292
0.262
0.312
0.387
0.599
0.472
0.382
0.326
0.378
0.454
0.392
0.4312
0.5704
0.7323999999999999
0.358
0.3236
0.186
0.186
0.186
0.186
0.186
0.1874
0.068
0.068
0.068
0.068
0.068
0.068
0.068
0.068
0.13679999999999998
0.24
0.24
0.24
0.27799999999999997
0.163
0.163
0.163
0.08700000000000001
0.068
0.068
0.068
0.068
0.068
0.068
0.068
0.068
0.068
0.068
0.068
0.163
0.2662
0.335
0.29700000000000004
0.24
0.2056
0.068
0.068
0.068
0.068
0.073
0.073
0.073
0.073
0.168
0.20800000000000002
0.168
0.12999999999999998
0.073
0.073
0.073
0.11299999999999999
0.205
1.158
0.18480000000000002
0.23000000000000004
0.266
0.34199999999999997
0.533
0.533
0.514
0.44279999999999997
0.3968
0.58
0.568
0.5408000000000001
0.49079999999999996
0.39799999999999996
0.35819999999999996
0.597
0.597
0.8873999999999999
1.0390000000000001
1.909
0.9640000000000001
1.024
0.8863999999999999
0.8400000000000001
0.492
0.564
0.9019999999999999
0.9789999999999999
0.727
0.727
0.651
0.757
0.757
0.757
0.773
0.7173999999999999
0.755
0.767
0.731
0.711
0.579
0.5704
0.708
0.7649999999999999
0.827
0.8530000000000001
0.906
1.3348
1.382
1.3139999999999996
1.223
1.183
1.183
0.5078
0.364
0.6712
0.876
1.8210000000000002
0.8560000000000001
0.8215999999999999
0.684
0.684
0.6812
0.7340000000000002
0.806
0.866
1.6010000000000002
0.6679999999999999
0.736
0.8088000000000001
1.028
1.4338000000000002
0.8390000000000001
0.899
0.7158
0.635
0.631
0.615
0.6014
0.5478
0.495
0.41
0.31
0.385
0.385
0.397
0.311
0.5404
0.417
0.309
0.26580000000000004
0.23700000000000002
0.277
0.409
0.25260000000000005
0.299
0.308
0.31599999999999995
0.308
0.308
0.483
0.5835999999999999
0.578
0.578
0.5398000000000001
0.679
0.6509999999999999
0.691
0.691
0.471
0.311
0.40440000000000004
0.39
0.39
0.4159999999999999
0.6517999999999999
