0.071
0.071
0.071
0.071
0.071
0.071
0.071
0.071
0.071
0.071
0.061
0.061
0.061
0.061
0.061
0.061
0.061
0.061
0.061
0.061
0.061
0.061
0.061
0.212
0.212
0.212
0.212
0.212
0.212
0.212
0.212
0.212
0.212
0.212
0.212
0.212
0.212
0.212
0.212
0.212
0.222
0.222
0.222
0.071
0.071
0.071
0.071
0.071
0.071
0.071
0.071
0.071
0.071
0.071
0.071
0.071
0.071
0.071
0.071
0.071
0.071
0.071
0.071
0.071
0.071
0.071
0.071
0.071
0.071
0.071
0.071
0.071
0.071
0.071
0.071
0.071
0.071
0.071
0.237
0.237
0.237
0.237
0.237
0.388
0.388
0.388
0.388
0.388
0.388
0.388
0.388
0.388
0.222
0.222
0.222
0.222
0.222
0.222
0.222
0.222
0.222
0.222
0.222
0.071
0.071
0.071
0.071
0.071
0.071
0.071
0.071
0.071
0.071
0.071
0.071
0.071
0.071
0.071
0.071
0.071
0.071
0.071
0.071
0.071
0.071
0.071
0.071
0.071
0.071
0.071
0.071
0.071
0.071
0.071
0.071
0.071
0.071
0.071
0.071
0.071
0.071
0.071
0.071
0.071
0.071
0.071
0.071
0.071
0.071
0.071
0.071
0.071
0.071
0.071
0.071
0.071
0.071
0.071
0.071
0.071
0.071
0.071
0.071
0.071
0.237
0.237
0.237
0.237
0.237
0.237
0.237
0.237
0.237
0.237
0.237
0.237
0.237
0.237
0.222
0.222
0.222
0.222
0.222
0.222
0.222
0.222
0.222
0.222
0.222
0.222
0.222
0.222
0.222
0.222
0.222
0.222
0.222
0.222
0.071
0.071
0.071
0.071
0.071
0.071
0.071
0.071
0.071
0.071
0.071
0.071
0.071
0.071
0.071
0.071
0.071
0.071
0.071
0.071
0.071
0.071
0.071
0.071
0.071
0.071
0.071
0.071
0.071
0.071
0.071
0.071
0.071
0.071
0.071
0.071
0.071
0.071
0.071
0.071
0.071
0.071
0.071
0.071
0.071
0.071
0.071
0.071
0.071
0.071
0.071
0.071
0.071
0.237
0.237
0.237
0.237
0.237
0.237
0.237
0.237
0.237
0.237
0.237
0.237
0.237
0.237
0.222
0.222
0.222
0.222
0.222
0.222
0.222
0.222
0.222
0.222
0.222
0.222
0.222
0.222
0.222
0.222
0.222
0.222
0.222
0.222
0.071
0.071
0.071
0.071
0.071
0.071
0.071
0.071
0.071
0.071
0.071
0.071
0.071
0.071
0.071
0.071
0.071
0.071
0.071
0.071
0.071
0.071
0.071
0.071
0.071
0.071
0.071
0.071
0.071
0.071
0.071
0.071
0.071
0.071
0.071
0.071
0.071
0.071
0.071
0.071
0.071
0.071
0.071
0.071
0.071
0.069
0.069
0.069
0.069
0.069
0.069
0.069
0.069
0.235
0.235
0.235
0.235
0.235
0.235
0.235
0.235
0.285
0.285
0.285
0.385
0.385
0.385
0.219
0.119
0.119
0.119
1.974
1.974
1.974
0.219
0.219
0.219
0.219
0.219
0.219
0.233
0.233
0.253
0.233
0.233
0.071
0.071
0.071
0.071
0.071
0.071
0.071
0.071
0.071
0.071
0.071
0.222
0.222
0.222
0.222
0.222
0.222
0.222
0.222
0.222
0.222
0.222
0.222
0.222
0.222
0.222
0.222
0.222
0.222
0.222
0.222
0.071
0.071
0.071
0.071
0.071
0.071
0.071
0.071
0.071
0.071
0.071
0.071
0.071
0.071
0.071
0.071
0.071
0.071
0.071
0.237
0.237
0.237
0.237
0.237
0.237
0.237
0.237
0.237
0.237
0.237
0.237
0.237
0.237
0.071
0.071
0.071
0.071
0.071
0.071
0.071
0.071
0.071
0.071
0.071
0.071
0.071
0.071
0.071
0.071
0.071
0.071
0.071
0.071
0.071
0.071
0.071
0.071
0.071
0.071
0.071
0.071
0.071
0.222
0.222
0.222
0.222
0.222
0.222
0.222
0.222
0.222
0.222
0.222
0.222
0.222
0.222
0.222
0.222
0.222
0.222
0.222
0.222
0.071
0.071
0.071
0.071
0.071
0.071
0.071
0.071
0.071
0.071
0.071
0.071
0.071
0.237
0.237
0.237
0.237
0.237
0.237
0.237
0.237
0.237
0.237
0.237
0.237
0.237
0.237
0.071
0.071
0.071
0.071
0.071
0.071
0.071
0.071
0.071
0.071
0.071
0.071
0.071
0.071
0.071
0.071
0.071
0.071
0.071
0.071
0.071
0.071
0.071
0.071
0.071
0.071
0.071
0.071
0.071
0.071
0.071
0.071
0.071
0.071
0.071
0.071
0.071
0.071
0.071
0.071
0.083
0.083
0.083
0.083
0.083
0.083
0.083
0.083
0.234
0.234
0.234
0.234
0.234
0.234
0.234
0.234
0.234
0.234
0.234
0.4
0.4
0.4
0.4
0.4
0.4
0.4
0.4
0.4
0.249
0.249
0.249
0.249
0.249
0.083
0.083
0.083
0.083
0.083
0.083
0.083
0.071
0.071
0.071
0.071
0.071
0.071
0.071
0.071
0.071
0.071
0.071
0.071
0.071
0.071
0.071
0.071
0.071
0.071
0.071
0.071
0.071
0.071
0.071
0.071
0.071
0.071
0.071
0.071
0.071
0.071
0.071
0.071
0.071
0.071
0.071
0.071
0.071
0.071
0.071
0.071
0.071
0.071
0.071
0.071
0.071
0.071
0.071
0.071
0.071
0.071
0.071
0.071
0.071
0.071
0.071
0.071
0.071
0.071
0.071
0.071
0.071
0.071
0.071
0.071
0.237
0.237
0.237
0.237
0.237
0.237
0.237
0.237
0.237
0.388
0.388
0.388
0.388
0.388
0.222
0.222
0.222
0.222
0.222
0.222
0.222
0.222
0.222
0.222
0.222
0.222
0.222
0.222
0.222
0.071
0.071
0.071
0.071
0.071
0.071
0.071
0.071
0.071
0.071
0.071
0.071
0.071
0.071
0.071
0.071
0.071
0.071
0.071
0.071
0.071
0.071
0.071
0.071
0.071
0.071
0.071
0.071
0.071
0.071
0.071
0.071
0.071
0.071
0.071
0.071
0.071
0.071
0.071
0.071
0.071
0.071
0.071
0.071
0.071
0.071
0.071
0.071
0.071
0.071
0.071
0.071
0.071
0.071
0.071
0.071
0.071
0.071
0.237
0.237
0.237
0.237
0.237
0.237
0.237
0.237
0.237
0.237
0.237
0.237
0.237
0.237
0.071
0.071
0.071
0.071
0.071
0.071
0.071
0.071
0.071
0.071
0.071
0.071
0.222
0.222
0.222
0.222
0.222
0.222
0.222
0.222
0.222
0.222
0.222
0.222
0.222
0.222
0.222
0.222
0.222
0.222
0.222
0.222
0.071
0.071
0.071
0.071
0.071
0.071
0.071
0.071
0.071
0.071
0.071
0.071
0.071
0.071
0.071
0.071
0.071
0.071
0.071
0.071
0.071
0.071
0.071
0.071
0.071
0.071
0.071
0.071
0.071
0.071
0.237
0.237
0.237
0.237
0.237
0.237
0.237
0.237
0.237
0.237
0.237
0.237
0.237
0.237
0.071
0.071
0.071
0.071
0.071
0.071
0.071
0.071
0.071
0.071
0.071
0.071
0.071
0.071
0.071
0.071
0.071
0.071
0.071
0.071
0.071
0.071
0.071
0.071
0.071
0.071
0.071
0.071
0.071
0.071
0.071
0.071
0.071
0.071
0.071
0.071
0.071
0.071
0.222
0.222
0.222
0.222
0.222
0.222
0.222
0.222
0.222
0.222
0.222
0.222
0.222
0.222
0.222
0.222
0.222
0.222
0.222
0.222
0.071
0.071
0.071
0.071
0.071
0.071
0.071
0.071
0.071
0.071
0.071
0.083
0.083
0.083
0.103
0.103
0.103
0.103
0.123
0.123
0.103
0.083
0.083
0.249
0.269
0.409
0.355
0.355
0.355
0.355
0.355
0.237
0.237
0.237
0.237
0.237
0.237
0.071
0.071
0.071
0.071
0.071
0.071
0.071
0.071
0.071
0.071
0.071
0.071
0.071
0.071
0.071
0.222
0.222
0.222
0.222
0.222
0.222
0.222
0.222
0.222
0.222
0.222
0.222
0.222
0.222
0.222
0.222
0.222
0.222
0.222
0.22
0.069
0.069
0.069
0.069
0.069
0.069
0.069
0.119
0.089
0.089
0.089
1.844
1.844
1.994
0.23
0.23
0.23
0.33
0.33
0.33
0.33
0.33
0.33
0.33
0.33
0.33
0.33
0.33
0.496
0.496
0.496
0.496
0.505
0.496
0.596
0.596
0.596
0.596
0.596
0.596
0.596
0.596
0.43
0.43
0.43
0.43
0.43
0.43
0.43
0.43
0.43
0.49
0.49
0.43
0.43
0.43
0.43
0.444
0.473
0.473
0.473
0.473
0.473
0.473
0.624
0.814
0.774
0.834
0.834
0.774
0.774
0.774
0.774
0.774
0.774
0.774
0.774
0.774
0.794
0.794
0.794
0.644
0.644
0.644
0.493
0.493
0.493
0.493
0.493
0.493
0.493
0.493
0.543
0.493
0.493
0.553
0.553
0.613
0.553
0.553
0.553
0.553
0.553
0.453
0.619
0.929
0.929
0.929
0.929
0.619
0.619
0.619
0.619
0.619
0.619
0.669
0.669
0.635
0.469
0.478
0.478
0.529
0.529
0.479
0.629
0.629
0.629
0.629
0.629
0.629
0.629
0.6
0.6
0.6
0.6
0.6
0.6
0.6
0.6
0.6
0.6
0.62
0.62
0.64
0.64
0.64
0.64
0.64
0.68
0.68
0.68
0.64
0.64
0.64
0.499
0.499
0.499
0.499
0.499
0.479
0.479
0.479
0.479
0.479
0.479
0.479
0.479
0.479
0.479
0.459
0.459
0.459
0.459
0.459
0.459
0.459
0.61
0.61
0.61
0.61
0.61
0.61
0.61
0.66
0.61
0.61
0.776
0.776
0.776
0.776
0.776
0.776
0.786
0.786
1.136
1.136
0.985
0.985
0.615
0.615
0.449
0.449
0.449
0.449
0.449
0.449
0.463
0.463
0.463
0.463
0.604
0.604
0.604
0.943
0.943
0.943
0.943
0.633
0.633
0.633
0.633
0.633
0.633
0.613
0.713
0.713
0.713
0.713
0.713
0.713
0.713
0.713
0.713
0.713
0.713
0.592
0.592
0.612
0.612
0.472
0.452
0.492
0.492
0.492
0.492
0.492
0.492
0.492
0.643
0.643
0.643
0.663
0.663
0.563
0.563
0.563
0.563
0.563
0.563
0.563
0.543
0.543
0.643
0.543
0.543
0.533
0.519
0.519
0.368
0.534
0.534
0.494
0.494
0.494
0.494
0.494
0.494
0.494
0.494
0.494
0.494
0.494
0.494
0.328
0.328
0.328
0.339
0.339
0.399
0.399
0.399
0.399
0.379
0.379
0.319
0.319
0.339
0.339
0.339
0.319
0.319
0.319
0.319
0.319
0.319
0.319
0.319
0.319
0.319
0.319
0.319
0.419
0.57
0.711
0.711
0.711
0.761
0.761
0.801
0.801
0.761
0.761
0.761
0.761
0.761
0.761
0.711
0.711
0.57
0.57
0.57
0.53
0.379
0.379
0.52
0.52
0.52
0.52
2.275
2.451
2.391
0.636
0.486
0.395
0.395
0.395
0.395
0.395
0.395
0.395
0.395
0.395
0.395
0.229
0.229
0.229
0.318
0.332
0.332
0.332
0.352
0.352
9.613
9.613
9.613
0.332
0.332
0.332
0.332
0.332
0.332
0.332
0.282
0.282
0.282
0.282
0.282
0.282
0.282
0.302
0.302
0.242
0.222
0.222
0.222
0.222
0.222
0.222
0.222
0.071
0.071
0.071
0.071
0.071
0.071
0.071
0.071
0.071
0.071
0.071
0.071
0.222
0.222
0.222
0.222
0.222
0.222
0.222
0.222
0.222
0.222
0.222
0.222
0.222
0.222
0.222
0.222
0.222
0.222
0.222
0.222
0.071
0.071
0.071
0.071
0.071
0.071
0.071
0.071
0.071
0.071
0.071
0.071
0.071
0.071
0.071
0.071
0.071
0.071
0.071
0.071
0.071
0.071
0.071
0.071
0.071
0.071
0.071
0.071
0.071
0.071
0.071
0.071
0.237
0.237
0.237
0.237
0.237
0.237
0.237
0.237
0.388
0.388
0.388
0.388
0.388
0.388
0.222
0.222
0.222
0.222
0.222
0.222
0.222
0.222
0.222
0.222
0.222
0.222
