0.06499999999999997
0.07033333333333332
0.07499999999999998
0.25
0.2904666666666667
0.2565333333333334
0.07499999999999998
0.12166666666666665
0.25
0.10999999999999996
0.152
0.2565333333333334
0.13179999999999997
0.07499999999999998
0.25
0.1566666666666667
0.18860000000000005
0.1927333333333334
0.2523333333333333
0.23833333333333334
0.11286666666666667
0.28700000000000003
0.14046666666666666
0.2033333333333333
0.2033333333333334
0.2120666666666667
0.24626666666666674
0.10533333333333332
0.25
0.1333333333333333
0.07499999999999998
0.16933333333333334
0.3253333333333333
0.3298
0.3472
0.25
0.07499999999999998
0.1696666666666667
0.1813333333333334
0.32700000000000007
0.1940000000000001
0.07499999999999998
0.18860000000000005
0.15073333333333336
0.25
0.1566666666666667
0.07499999999999998
0.07499999999999998
0.07499999999999998
0.1893333333333333
0.40806666666666674
0.1996000000000001
0.08899999999999998
0.18000000000000002
0.11699999999999999
0.25
0.1311333333333333
0.28700000000000003
0.16686666666666664
0.2115333333333333
0.4443333333333333
0.32939999999999997
0.43286666666666657
0.5233333333333333
0.14746666666666666
0.23833333333333334
0.16833333333333342
0.21126666666666666
0.4331333333333332
0.2642000000000001
0.5019999999999999
0.48633333333333334
0.5175333333333334
0.47213333333333324
0.3806666666666667
0.5638666666666668
0.8640666666666668
0.7056666666666668
0.4348666666666667
0.4076
0.08473333333333333
0.34600000000000003
0.4411333333333334
0.12166666666666663
0.14826666666666669
0.30306666666666665
0.08899999999999997
0.5039999999999999
0.6624
0.5669999999999998
3.0213333333333323
3.2715333333333327
4.282399999999999
4.534066666666669
0.24600000000000016
0.06966666666666664
