0.067
0.067
0.061
0.05700000000000001
0.05700000000000001
0.05700000000000001
0.05700000000000001
0.05700000000000001
0.063
0.1324
0.176
0.176
0.176
0.067
0.175
0.3444
0.38
0.38
0.27199999999999996
0.1738
0.067
0.067
0.067
0.067
0.067
0.067
0.067
0.067
0.067
0.13820000000000002
0.24500000000000002
0.3529999999999999
0.38
0.489
0.311
0.20299999999999999
0.1324
0.067
0.067
0.067
0.067
0.067
0.067
0.121
0.202
0.202
0.2238
0.257
0.176
0.176
0.1462
0.24500000000000002
0.24500000000000002
0.24500000000000002
0.24500000000000002
0.1026
0.067
0.067
0.0888
0.257
0.311
0.311
0.24559999999999998
0.121
0.067
0.13820000000000002
0.24500000000000002
0.24500000000000002
0.24500000000000002
0.24500000000000002
0.28600000000000003
0.396
0.392
0.5890000000000001
0.7196
0.833
0.805
1.9998
3.8227999999999995
3.893
3.8329999999999997
3.3116
4.9848
3.8758000000000004
5.0068
3.3636000000000004
0.24500000000000002
0.20939999999999998
0.067
0.067
0.067
0.067
0.15419999999999998
0.176
0.311
0.2892
0.202
0.202
0.067
0.1738
0.24500000000000002
0.24500000000000002
0.24500000000000002
0.20939999999999998
0.067
0.067
0.22999999999999998
0.311
0.31
0.2664
0.14700000000000002
0.066
0.066
0.14420000000000002
0.179
0.179
0.357
0.7156
1.2011999999999998
0.592
0.2732
0.202
0.175
0.067
0.067
0.067
0.067
0.067
0.0888
0.176
0.176
0.176
0.11059999999999999
0.067
0.067
0.067
0.067
0.20939999999999998
0.32599999999999996
0.38
0.38
0.3088
0.121
0.067
0.067
0.067
0.067
0.176
0.176
0.176
0.18639999999999998
0.202
0.202
0.202
0.148
0.067
0.067
0.1738
0.24500000000000002
0.24500000000000002
0.24500000000000002
0.20939999999999998
0.1324
0.176
0.176
0.176
0.067
0.202
0.314
0.327
0.8037999999999998
0.504
0.42400000000000004
0.5664
0.24500000000000002
0.24500000000000002
0.24500000000000002
0.1738
0.067
0.067
0.067
0.2622
0.311
0.311
0.2892
0.094
0.067
0.067
0.067
0.20939999999999998
0.24500000000000002
0.24500000000000002
0.37
1.1538
1.9007999999999998
3.8659999999999997
3.836
3.8618
2.7682
0.8370000000000001
0.7033999999999999
0.5586
0.6262
0.6330000000000001
0.62
0.6880000000000001
0.6
1.7747999999999997
3.654
3.7039999999999997
3.7012
2.5202
2.5782
3.8052
3.654
4.9734
3.9397999999999995
2.7483999999999993
2.799
1.6502
0.968
0.8508000000000001
0.634
1.0028000000000001
0.7459999999999999
0.8131999999999999
0.885
1.9688000000000003
0.9432
0.7969999999999999
0.689
1.9487999999999999
3.809
3.7956000000000003
3.7039999999999997
2.4592
0.592
0.5720000000000001
0.6788
0.9718
1.1279999999999997
1.1170000000000002
0.8404
0.49399999999999994
0.522
0.5496000000000001
0.643
0.651
0.602
0.7458
0.7881999999999999
0.945
0.9174
0.861
4.035000000000001
4.009
3.9187999999999996
3.9130000000000003
0.629
0.645
0.9583999999999999
0.6952
0.681
0.741
0.757
0.781
0.7922
0.7050000000000001
0.8724000000000001
0.9262
0.8390000000000001
0.7577999999999999
1.0138000000000003
1.9788000000000003
0.202
0.148
0.067
0.067
0.067
0.067
0.067
0.067
0.1026
0.24500000000000002
0.24500000000000002
0.27199999999999996
0.38
0.23759999999999998
