0.066
0.066
0.066
0.066
0.066
0.066
0.066
0.332
0.332
0.325
0.325
0.325
0.325
0.325
0.325
0.325
0.325
0.066
0.066
0.066
0.066
0.066
0.066
0.066
0.056
0.056
0.056
0.056
0.056
0.056
0.056
0.056
0.056
0.056
0.056
0.056
0.056
0.058
0.058
0.058
0.058
0.058
0.058
0.058
0.058
0.058
0.058
0.058
0.058
0.058
0.058
0.058
0.058
0.058
0.068
0.068
0.068
0.068
0.068
0.068
0.068
0.068
0.068
0.068
0.068
0.068
0.068
0.068
0.068
0.068
0.068
0.068
0.068
0.068
0.068
0.068
0.068
0.068
0.068
0.068
0.068
0.068
0.068
0.068
0.068
0.068
0.068
0.068
0.068
0.068
0.068
0.068
0.068
0.068
0.068
0.068
0.068
0.068
0.068
0.068
0.068
0.068
0.068
0.068
0.068
0.068
0.068
0.068
0.068
0.068
0.287
0.287
0.287
0.287
0.287
0.287
0.287
0.287
0.287
0.287
0.287
0.287
0.287
0.287
0.287
0.287
0.287
0.287
0.287
0.287
0.287
0.287
0.068
0.068
0.068
0.068
0.068
0.068
0.068
0.068
0.068
0.068
0.068
0.068
0.068
0.068
0.068
0.068
0.068
0.068
0.068
0.068
0.068
0.068
0.068
0.068
0.068
0.068
0.068
0.068
0.068
0.068
0.068
0.068
0.068
0.068
0.068
0.068
0.068
0.068
0.068
0.068
0.068
0.068
0.068
0.068
0.068
0.068
0.068
0.287
0.287
0.287
0.287
0.287
0.287
0.287
0.287
0.287
0.287
0.287
0.287
0.287
0.287
0.287
0.287
0.287
0.287
0.287
0.287
0.287
0.287
0.068
0.068
0.068
0.068
0.068
0.068
0.068
0.068
0.068
0.068
0.068
0.068
0.068
0.068
0.068
0.068
0.068
0.068
0.068
0.068
0.068
0.068
0.068
0.068
0.068
0.068
0.068
0.068
0.068
0.068
0.068
0.068
0.068
0.068
0.068
0.068
0.068
0.068
0.068
0.068
0.068
0.068
0.068
0.068
0.068
0.068
0.068
0.068
0.068
0.068
0.287
0.287
0.287
0.287
0.287
0.287
0.287
0.287
0.287
0.287
0.287
0.287
0.287
0.287
0.287
0.287
0.287
0.287
0.287
0.287
0.287
0.287
0.068
0.068
0.068
0.068
0.068
0.068
0.068
0.068
0.068
0.068
0.068
0.068
0.068
0.068
0.068
0.068
0.068
0.068
0.068
0.068
0.068
0.068
0.068
0.068
0.068
0.068
0.068
0.068
0.068
0.068
0.068
0.068
0.068
0.068
0.068
0.068
0.068
0.068
0.068
0.068
0.068
0.068
0.068
0.068
0.068
0.287
0.287
0.287
0.287
0.287
0.287
0.287
0.287
0.287
0.287
0.287
0.287
0.287
0.287
0.287
0.287
0.287
0.287
0.287
0.287
0.287
0.287
0.068
0.068
0.068
0.068
0.068
0.068
0.068
0.068
0.068
0.068
0.068
0.068
0.068
0.068
0.068
0.068
0.068
0.068
0.068
0.068
0.068
0.068
0.068
0.068
0.068
0.068
0.068
0.068
0.068
0.068
0.068
0.068
0.068
0.068
0.068
0.068
0.068
0.068
0.068
0.068
0.068
0.068
0.068
0.068
0.068
0.068
0.068
0.068
0.068
0.068
0.068
0.068
0.068
0.068
0.068
0.068
0.068
0.068
0.068
0.068
0.068
0.068
0.068
0.068
0.287
0.287
0.287
0.287
0.287
0.287
0.287
0.287
0.287
0.287
0.287
0.287
0.287
0.287
0.287
0.287
0.287
0.287
0.287
0.287
0.287
0.287
0.068
0.066
0.566
0.566
0.566
0.566
0.566
0.566
0.566
10.149
10.149
10.149
0.566
0.566
0.566
0.566
0.566
0.566
0.066
0.566
0.566
0.566
0.566
0.066
0.066
0.066
0.066
0.626
0.626
0.626
0.626
0.626
2.7
2.72
2.22
0.126
0.126
0.126
0.126
0.126
0.126
0.068
0.068
0.068
0.068
0.068
0.068
0.068
0.068
0.068
0.068
0.068
0.068
0.068
0.068
0.068
0.068
0.068
0.068
0.068
0.068
0.068
0.287
0.287
0.287
0.287
0.287
0.287
0.287
0.287
0.287
0.285
0.285
0.285
0.285
0.285
0.32
0.285
0.285
0.285
0.38
0.38
0.285
0.285
0.066
0.066
0.066
0.066
0.066
0.066
0.066
0.066
0.066
0.066
0.066
0.066
0.066
0.066
0.066
0.066
0.066
0.151
0.151
0.151
0.201
0.651
0.651
0.651
0.651
0.566
0.566
0.566
0.601
0.601
0.601
0.701
0.566
0.566
0.626
0.626
0.626
0.566
0.566
0.566
0.575
0.566
0.566
0.566
0.566
0.616
0.616
0.616
0.616
0.616
0.616
0.616
0.616
0.676
0.616
0.616
0.625
0.625
0.625
0.66
0.72
0.72
0.72
0.72
2.744
2.744
2.963
0.889
0.949
0.914
0.914
0.905
0.845
0.845
0.845
0.785
0.785
0.785
0.785
0.845
0.785
0.785
0.785
0.785
0.845
0.845
0.785
0.785
0.566
0.578
0.578
0.578
0.578
0.578
0.578
0.578
0.578
0.578
0.578
0.578
0.578
0.578
0.578
0.578
0.578
0.578
0.578
0.578
0.578
0.578
0.578
0.578
0.578
0.578
0.578
0.578
0.578
0.578
0.578
0.578
0.578
0.663
0.663
0.663
0.663
0.663
10.161
10.161
10.161
0.578
0.578
0.578
0.578
0.578
0.578
0.578
0.578
0.578
0.578
0.578
0.578
0.578
0.578
0.578
0.578
0.65
0.65
0.65
0.65
0.65
0.65
0.65
0.65
2.633
2.633
2.633
2.633
2.633
2.633
2.653
2.653
2.653
2.641
2.641
2.641
2.36
2.36
2.34
2.34
2.34
2.34
2.34
2.34
2.34
0.357
0.357
0.357
0.357
0.357
0.357
0.357
0.357
0.357
0.357
0.357
0.357
0.357
0.138
0.138
0.138
0.138
0.138
0.138
0.138
0.138
0.138
0.138
0.138
0.138
0.138
0.138
0.138
0.138
0.138
0.158
0.158
0.158
0.158
0.158
0.158
0.158
0.158
0.158
0.158
0.158
0.158
0.158
0.158
0.158
0.158
0.158
0.158
0.158
0.158
0.253
0.253
0.253
0.253
0.253
0.253
0.253
0.253
0.472
0.472
0.472
0.472
0.377
0.554
0.554
0.377
0.377
0.377
0.377
0.377
0.377
0.377
0.377
0.377
0.377
0.377
0.554
0.554
0.377
0.377
0.158
0.158
0.158
0.158
0.158
0.158
0.158
0.158
0.158
0.335
0.335
0.158
0.158
0.158
0.158
0.158
0.158
0.158
0.158
0.158
0.158
0.158
0.335
0.335
0.653
0.653
0.653
0.653
0.653
0.086
0.086
0.086
0.086
0.086
0.086
0.086
0.086
0.1
0.1
0.1
0.1
0.1
0.1
0.1
0.1
0.319
0.319
0.319
0.319
0.319
0.319
0.319
0.319
0.379
0.379
0.379
0.379
0.379
0.379
0.379
0.379
0.379
0.379
0.379
0.379
0.379
0.379
0.1
0.1
0.1
0.1
0.1
0.1
0.1
0.1
0.1
0.1
0.138
0.138
0.138
0.138
0.21
0.21
0.21
0.21
0.21
0.21
0.21
0.21
2.193
2.329
2.329
2.329
2.329
2.329
2.414
2.414
2.4
2.4
2.4
2.4
2.4
2.4
2.4
2.4
2.4
2.4
2.414
2.414
2.414
0.431
0.431
0.431
0.431
0.431
0.431
0.431
0.431
0.431
0.431
0.431
0.431
0.431
0.65
0.65
0.65
0.65
0.65
0.65
0.65
0.565
0.565
0.565
0.565
0.565
0.565
0.565
0.565
0.6
0.6
0.6
0.6
0.6
0.6
0.734
0.515
0.575
0.575
0.575
0.575
1.037
1.072
1.102
1.067
1.067
1.067
1.007
0.507
0.472
0.472
0.472
0.472
0.472
0.472
0.472
0.532
0.567
0.553
0.553
0.567
0.567
0.567
0.507
0.684
0.684
0.507
0.507
0.507
0.507
0.507
0.507
0.507
0.507
0.507
0.507
0.507
0.684
0.684
0.542
0.542
0.761
0.726
0.726
0.786
0.786
0.726
0.676
0.676
0.814
1.003
1.003
0.826
0.886
0.886
0.886
0.886
0.886
0.886
0.886
0.886
0.886
0.971
0.904
0.71
1.028
1.028
1.028
1.028
1.028
0.361
0.361
0.373
0.361
0.361
0.361
0.396
0.396
0.336
0.336
0.322
0.322
0.322
0.322
0.322
0.322
0.456
0.456
0.421
0.421
0.421
0.421
0.421
0.421
0.421
0.421
0.421
0.456
0.456
0.421
0.421
0.421
0.386
0.386
0.386
0.386
0.406
0.441
0.441
0.421
0.421
0.421
0.421
0.421
0.421
0.471
0.421
0.421
0.64
0.64
0.64
0.64
0.602
0.652
0.652
0.652
0.712
1.212
0.712
0.712
0.712
0.772
0.712
0.712
0.712
0.712
0.712
2.716
2.716
2.716
2.497
2.497
2.497
2.497
2.497
2.497
2.497
2.497
2.497
2.497
2.497
2.497
2.497
2.497
2.509
2.616
2.616
2.664
2.664
2.664
2.664
2.664
2.664
2.604
0.6
0.6
0.6
0.6
0.64
0.64
0.64
0.64
0.64
0.66
0.68
0.718
0.678
0.678
0.678
0.678
0.678
0.678
0.678
0.678
0.678
0.678
0.678
0.678
0.828
0.828
0.828
2.902
2.902
2.902
0.828
0.828
3.408
3.408
3.308
3.308
3.368
3.368
3.368
3.368
3.368
3.368
3.368
3.368
3.368
3.368
3.368
3.423
0.793
0.793
0.733
0.713
1.213
0.713
0.713
0.713
0.713
0.713
0.773
0.773
0.723
0.808
0.808
0.796
0.796
0.796
0.796
0.796
0.796
0.796
0.796
0.796
0.796
0.796
0.796
0.796
0.796
0.879
0.929
0.879
0.964
0.964
0.964
0.964
0.891
0.916
0.916
0.951
0.916
0.916
0.916
0.916
0.821
0.861
0.821
0.821
0.771
0.771
0.771
0.512
0.512
0.547
0.547
0.612
0.612
0.612
0.612
0.612
0.612
0.612
0.612
0.612
0.612
0.632
0.632
0.632
0.632
0.662
0.662
0.662
0.662
0.612
0.612
0.612
0.672
0.672
0.672
0.672
0.672
0.672
0.672
0.707
0.707
0.707
0.707
2.801
2.801
2.801
0.727
0.727
0.727
0.667
0.667
0.771
0.771
0.788
0.788
0.788
0.788
0.788
0.788
0.788
0.838
0.838
0.838
0.838
0.838
3.131
3.131
5.761
4.187
4.187
4.087
3.992
3.992
4.032
4.032
6.106
6.106
6.106
4.032
4.127
4.127
4.042
4.042
1.412
1.392
1.392
1.392
1.173
1.078
1.078
1.098
1.098
1.098
1.014
0.994
0.994
0.994
0.944
0.944
0.944
0.944
0.944
0.944
0.444
0.444
0.504
0.444
0.444
0.384
0.384
0.384
0.551
0.551
0.551
0.491
0.491
0.491
0.551
0.551
0.551
0.551
0.551
0.991
0.991
0.991
0.991
0.953
0.953
0.953
0.953
1.013
1.172
1.077
1.222
1.222
1.137
1.175
1.175
1.26
1.26
1.26
1.26
1.225
1.225
1.225
1.225
1.225
1.225
1.225
1.225
1.225
1.285
1.285
1.066
1.066
1.066
1.066
1.066
1.066
1.066
1.066
1.066
1.066
1.066
1.066
1.066
1.066
1.101
1.101
1.066
1.066
1.066
0.566
0.566
0.575
0.575
0.575
0.575
0.595
0.595
0.535
0.515
0.515
0.515
0.543
0.563
0.658
0.558
0.498
0.463
1.038
1.038
1.038
1.038
1.038
1.417
1.367
1.367
1.586
1.147
1.187
1.207
1.267
1.267
1.267
1.267
1.222
1.202
1.202
1.164
1.164
1.164
1.164
1.129
1.129
1.129
0.689
0.629
0.629
0.629
0.41
0.445
0.385
0.885
0.385
0.385
0.385
0.35
0.35
0.29
0.35
0.35
0.45
0.445
0.445
0.445
0.375
0.375
0.375
0.375
0.375
0.375
0.375
0.315
0.377
0.412
0.412
0.412
0.412
0.412
0.462
0.462
0.472
0.972
0.972
0.972
0.912
0.912
0.412
0.412
0.412
0.412
0.377
0.377
0.327
0.327
0.327
0.327
0.327
0.327
0.362
