0.05899999999999999
0.053
0.06099999999999997
0.06099999999999997
0.06099999999999997
0.06099999999999997
0.06099999999999997
0.06099999999999997
0.11793333333333336
0.15046666666666667
0.06099999999999997
0.06099999999999997
0.06099999999999997
0.06099999999999997
0.06099999999999997
0.06099999999999997
0.06099999999999997
0.06099999999999997
0.06099999999999997
0.06099999999999997
0.06099999999999997
0.06099999999999997
0.07726666666666665
0.18299999999999997
0.0691333333333333
0.06099999999999997
0.06099999999999997
0.06099999999999997
0.09366666666666666
0.22446666666666668
0.37299999999999994
0.3749333333333333
0.295
0.10166666666666667
0.16673333333333332
0.06099999999999997
0.06099999999999997
0.06099999999999997
0.06099999999999997
0.06099999999999997
0.1586
0.10979999999999997
0.06099999999999997
0.06099999999999997
0.06099999999999997
0.06099999999999997
0.06099999999999997
0.18299999999999997
0.08539999999999995
0.06099999999999997
0.06099999999999997
0.1342
0.13419999999999999
0.06099999999999997
0.06533333333333331
0.09026666666666665
0.2826666666666666
2.9365999999999994
1.422
0.17866666666666667
0.28946666666666665
0.4092000000000001
0.4956666666666666
0.7454000000000001
0.7148666666666667
0.25966666666666666
0.08539999999999999
0.18299999999999997
0.06099999999999997
0.06099999999999997
0.2426666666666666
0.4658666666666667
2.4929333333333332
3.3776666666666677
1.584666666666667
1.9076666666666664
2.3262000000000005
0.06099999999999997
0.7950000000000002
0.37166666666666665
0.36960000000000004
0.25306666666666666
0.3538666666666667
0.28700000000000003
0.3730000000000001
0.5225333333333333
0.4705333333333333
3.7050666666666654
1.4619999999999997
1.0372
0.6154
0.06099999999999997
0.06099999999999997
0.06099999999999997
0.10166666666666667
0.16673333333333332
