0.245
0.245
0.245
0.245
0.245
0.245
0.245
0.245
0.245
0.245
0.068
0.068
0.247
0.247
0.247
0.247
0.247
0.247
0.247
0.247
0.247
0.247
0.247
0.247
0.247
0.247
0.247
0.247
0.247
0.237
0.237
0.237
0.058
0.058
0.058
0.058
0.058
0.066
0.066
0.188
0.188
0.188
0.188
0.188
0.188
0.188
0.188
0.188
0.188
0.188
0.188
0.188
0.188
0.188
0.228
0.228
0.228
0.228
0.228
0.228
0.228
0.228
0.228
0.228
0.268
0.268
0.268
0.268
0.268
0.278
0.278
0.778
0.778
0.778
0.921
0.921
0.921
0.921
0.921
0.921
0.921
0.921
0.921
0.421
0.421
0.421
0.421
0.471
0.471
0.471
0.471
0.471
0.421
0.421
0.644
0.604
0.604
0.461
0.461
0.501
0.501
0.501
0.501
0.561
0.561
0.561
0.521
0.521
0.521
0.521
0.521
0.521
0.521
0.521
0.521
0.521
0.329
0.055
0.055
0.055
0.055
0.055
0.055
0.055
0.055
0.055
0.055
0.055
0.055
0.055
0.055
0.055
0.055
0.055
0.055
0.055
0.055
0.181
0.181
0.181
0.181
0.181
0.181
0.181
0.181
0.181
0.181
0.181
0.181
0.181
0.181
0.181
0.181
0.181
0.181
0.055
0.055
0.055
0.055
0.055
0.055
0.055
0.055
0.055
0.055
0.055
0.055
0.055
0.055
0.055
0.055
0.055
0.055
0.055
0.055
0.055
0.055
0.055
0.055
0.055
0.055
0.055
0.055
0.055
0.055
0.055
0.055
0.055
0.055
0.055
0.055
0.055
0.055
0.055
0.055
0.055
0.055
0.247
0.247
0.247
0.247
0.247
0.247
0.247
0.247
0.247
0.247
0.247
0.247
0.247
0.247
0.247
0.247
0.247
0.247
0.247
0.247
0.247
0.247
0.055
0.055
0.055
0.055
0.055
0.055
0.055
0.055
0.055
0.055
0.055
0.055
0.055
0.055
0.055
0.055
0.055
0.055
0.055
0.055
0.055
0.055
0.055
0.055
0.055
0.055
0.055
0.055
0.055
0.055
0.055
0.055
0.055
0.055
0.055
0.055
0.055
0.055
0.055
0.055
0.055
0.055
0.055
0.055
0.055
0.055
0.055
0.055
0.055
0.055
0.055
0.181
0.181
0.181
0.181
0.373
0.373
0.373
0.373
0.373
0.373
0.373
0.373
0.373
0.373
0.373
0.373
0.373
0.373
0.247
0.247
0.247
0.247
0.247
0.247
0.247
0.247
0.055
0.055
0.055
0.055
0.055
0.055
0.055
0.055
0.055
0.055
0.055
0.055
0.055
0.055
0.055
0.055
0.055
0.055
0.055
0.055
0.055
0.055
0.055
0.055
0.055
0.055
0.055
0.055
0.055
0.055
0.055
0.055
0.055
0.055
0.181
0.181
0.181
0.181
0.181
0.181
0.181
0.181
0.181
0.181
0.181
0.181
0.181
0.181
0.181
0.181
0.181
0.181
0.055
0.055
0.055
0.055
0.055
0.055
0.055
0.055
0.055
0.055
0.055
0.055
0.055
0.055
0.055
0.055
0.055
0.055
0.055
0.055
0.055
0.247
0.247
0.247
0.247
0.247
0.247
0.247
0.247
0.247
0.247
0.247
0.247
0.247
0.247
0.247
0.247
0.247
0.373
0.373
0.373
0.373
0.373
0.181
0.181
0.181
0.181
0.181
0.181
0.181
0.181
0.181
0.181
0.181
0.181
0.181
0.055
0.055
0.055
0.055
0.055
0.055
0.055
0.055
0.055
0.055
0.055
0.055
0.055
0.055
0.055
0.055
0.055
0.055
0.055
0.055
0.055
0.055
0.055
0.055
0.055
0.055
0.055
0.055
0.055
0.055
0.055
0.247
0.247
0.247
0.247
0.247
0.247
0.247
0.247
0.247
0.247
0.247
0.247
0.247
0.247
0.247
0.247
0.247
0.247
0.247
0.247
0.247
0.247
0.055
0.055
0.055
0.055
0.055
0.055
0.055
0.055
0.055
0.055
0.055
0.055
0.055
0.055
0.055
0.055
0.055
0.055
0.055
0.055
0.055
0.055
0.055
0.055
0.055
0.055
0.055
0.055
0.055
0.055
0.055
0.055
0.055
0.055
0.055
0.055
0.055
0.055
0.055
0.055
0.055
0.055
0.055
0.055
0.055
0.055
0.055
0.055
0.055
0.055
0.055
0.055
0.181
0.181
0.181
0.181
0.181
0.181
0.181
0.181
0.355
0.355
0.395
0.395
0.395
0.415
0.415
0.415
0.415
0.415
0.289
0.289
0.289
0.289
0.289
0.289
0.481
0.481
0.481
0.481
0.481
0.481
0.481
0.481
0.481
0.481
0.481
0.481
0.521
0.521
0.521
0.461
0.461
0.461
0.461
0.461
0.461
0.461
0.269
0.281
0.268
0.268
0.268
0.318
0.318
0.306
0.306
0.268
0.256
0.256
0.225
0.225
0.225
0.285
0.225
0.225
0.725
0.725
0.725
0.725
0.785
0.885
0.885
0.825
0.875
0.875
0.875
0.875
0.875
0.875
0.887
0.887
0.887
0.875
0.915
0.915
0.915
0.915
0.915
0.875
0.875
0.915
0.915
0.975
0.915
0.915
1.041
1.233
1.233
1.233
1.233
1.233
1.233
1.233
1.233
1.233
3.073
2.573
2.573
0.733
0.733
1.233
1.233
1.233
1.107
1.107
1.107
1.107
1.107
0.915
0.915
0.915
0.915
0.915
0.915
0.915
0.915
0.915
0.915
0.915
0.915
0.915
0.875
0.875
0.875
0.875
0.875
0.875
0.875
0.875
0.875
0.875
1.803
1.803
1.803
0.875
0.875
0.875
0.875
0.875
0.875
1.001
1.001
1.001
1.001
1.001
1.001
1.001
0.501
0.501
0.501
0.501
0.501
0.461
0.461
0.461
0.461
0.461
0.461
0.335
0.335
0.335
0.335
0.335
0.335
0.335
0.335
0.335
0.335
0.335
0.335
0.335
0.335
0.335
0.335
0.335
0.335
0.335
0.335
0.527
0.527
0.558
0.558
0.558
0.558
0.558
0.558
0.558
0.558
0.558
0.558
0.558
0.558
0.558
0.558
0.558
0.558
0.558
0.684
0.684
0.684
0.492
0.492
0.492
0.492
0.492
0.492
0.492
0.492
0.492
0.492
0.492
0.492
0.492
0.492
0.492
0.366
0.366
0.366
0.366
0.366
0.366
0.234
0.234
0.234
0.234
0.234
0.234
0.377
0.377
0.377
0.377
0.377
0.377
0.377
0.377
0.377
0.277
0.277
0.277
0.277
0.277
0.277
0.277
0.277
0.277
0.277
0.277
0.277
0.234
0.234
0.234
0.134
0.134
0.103
0.103
0.103
0.103
0.103
0.103
0.103
0.103
0.115
0.115
0.175
0.175
0.175
0.175
2.015
2.207
2.207
0.367
0.367
0.367
0.367
0.367
0.367
0.367
0.493
0.565
0.565
0.565
0.565
0.565
0.697
0.71
0.71
2.693
2.693
2.693
2.693
2.501
2.501
2.532
2.532
2.532
2.406
2.406
2.356
2.356
2.356
2.356
2.356
2.356
2.356
2.356
2.356
2.356
0.373
0.373
0.373
0.373
0.373
0.373
0.516
0.516
0.516
0.516
0.516
0.516
0.516
0.516
0.516
0.516
0.516
0.516
0.516
0.516
0.516
0.516
0.516
0.516
0.516
0.516
0.516
0.504
0.504
0.504
0.504
0.504
0.516
0.516
0.516
0.516
0.516
0.503
0.503
0.503
0.695
0.695
0.695
0.678
0.678
0.678
0.678
0.678
0.678
0.678
0.678
0.678
0.678
0.821
0.821
0.821
0.834
0.834
0.803
0.803
0.803
0.677
0.485
0.662
0.662
0.485
0.485
0.485
0.485
0.425
0.425
0.425
0.425
0.465
0.465
0.465
0.602
0.602
0.425
0.425
2.265
2.265
2.265
0.425
0.425
0.425
0.425
0.425
0.425
0.602
0.602
0.425
0.425
0.425
0.465
0.465
0.425
0.425
0.425
0.425
0.425
0.425
0.602
0.602
0.92
0.908
0.908
0.908
0.968
0.341
0.341
0.341
0.341
0.341
0.372
0.372
0.359
0.399
2.199
2.391
2.248
0.458
0.508
0.508
0.508
0.634
0.634
0.634
0.634
0.634
0.634
0.634
0.634
0.634
0.634
0.634
0.584
0.584
0.584
0.584
0.584
0.392
0.392
0.266
0.266
0.266
0.306
0.306
0.266
0.306
0.366
0.366
0.306
0.266
0.266
0.266
0.216
0.216
0.216
0.216
0.216
0.216
0.216
0.276
0.216
0.216
0.216
0.256
0.256
0.256
0.256
0.256
0.256
0.256
0.306
0.306
0.306
0.256
0.256
0.256
0.256
0.256
0.256
0.256
0.256
0.256
0.256
0.225
0.285
0.285
0.285
0.785
0.785
0.745
0.871
0.871
0.871
0.871
0.871
0.871
0.871
0.871
0.911
0.911
0.911
0.911
0.951
0.951
1.031
1.031
1.031
1.096
0.97
0.97
1.02
1.02
1.02
1.172
1.172
1.172
1.172
1.172
1.132
1.132
1.132
1.072
1.072
1.072
0.572
0.632
0.572
0.572
0.572
0.572
0.572
0.572
0.572
0.612
0.612
0.42
0.42
0.42
0.42
0.42
0.42
0.42
0.46
0.46
0.52
0.46
0.46
0.46
0.46
0.46
0.426
0.426
0.426
0.426
0.426
0.426
0.426
0.486
0.486
0.486
0.486
0.486
0.486
0.436
0.436
0.436
0.436
1.046
1.132
1.132
1.132
1.132
1.04
1.105
1.065
1.005
1.005
1.005
0.955
0.955
0.955
0.955
0.955
1.005
1.005
1.005
0.814
0.814
0.774
0.774
0.774
0.774
0.774
0.774
0.774
0.774
0.774
0.774
0.774
0.774
0.774
0.834
0.834
0.794
1.026
0.966
0.966
0.926
0.926
0.926
0.966
0.966
0.926
0.926
0.926
0.926
0.926
0.926
0.926
0.926
0.926
0.926
0.966
0.935
0.935
0.995
0.763
0.763
0.763
0.763
0.763
0.803
0.803
0.803
0.743
0.803
0.803
0.763
0.763
0.763
0.763
0.828
0.828
0.968
0.968
2.834
2.834
2.794
0.954
0.954
0.954
0.934
0.934
0.934
0.934
0.934
0.934
0.894
0.954
0.954
0.954
0.954
0.954
0.868
0.868
0.868
0.868
0.968
0.868
0.868
0.868
0.868
0.808
0.839
0.714
0.714
0.714
0.714
0.714
0.714
0.714
0.714
0.714
0.714
0.714
0.714
0.714
0.714
0.726
0.826
0.826
0.886
0.886
0.886
0.846
0.846
0.786
0.846
0.055
0.055
0.055
0.055
0.055
0.055
0.055
0.181
0.181
0.181
0.181
0.181
0.181
0.181
0.181
0.181
0.181
0.181
0.181
0.373
0.373
0.373
0.373
0.373
0.373
0.247
0.247
0.247
0.247
0.247
0.247
0.247
0.247
0.247
0.247
0.247
0.247
0.247
0.247
0.247
0.247
0.055
0.055
0.055
0.055
0.055
0.055
0.055
0.055
0.055
0.055
0.055
0.055
0.055
0.055
0.055
0.055
0.055
0.055
0.055
0.055
0.055
0.055
0.055
0.055
0.055
0.055
0.181
0.181
0.181
0.181
0.181
0.181
0.181
0.181
0.181
0.181
0.181
0.181
0.181
0.181
0.181
0.181
0.181
0.181
0.055
0.055
0.247
0.247
0.247
0.247
0.247
0.247
0.247
0.247
0.247
0.247
0.247
0.247
0.247
0.247
0.247
0.247
0.247
0.247
0.247
0.247
0.247
0.247
0.055
0.196
0.196
0.096
0.096
0.096
0.096
0.096
0.096
0.096
0.096
0.096
0.096
0.096
0.096
0.096
0.096
0.146
0.096
0.096
0.146
0.146
0.146
0.146
0.146
0.146
0.146
0.146
0.278
0.278
0.278
0.278
0.278
0.278
0.278
0.228
0.228
0.228
0.228
0.228
0.228
0.228
0.228
0.228
0.228
0.228
0.228
0.228
0.268
0.323
0.373
0.373
0.373
0.373
0.323
0.323
0.323
0.323
0.323
0.323
0.323
0.323
2.163
2.163
2.151
0.311
0.311
0.185
0.377
0.377
0.377
0.377
0.377
0.377
0.377
0.427
0.427
0.427
0.427
0.427
0.427
0.427
0.377
0.377
0.377
0.377
0.447
0.512
0.512
0.507
0.315
0.315
0.315
0.315
0.315
0.355
0.315
0.315
0.375
0.375
0.375
0.375
0.375
0.375
