0.065
0.065
0.065
0.065
0.065
0.075
0.075
0.075
0.075
0.075
0.075
0.075
0.075
0.075
0.075
0.075
0.13099999999999998
0.215
0.215
0.215
0.15899999999999997
0.075
0.075
0.075
0.075
0.075
0.075
0.075
0.075
0.075
0.075
0.075
0.075
0.075
0.075
0.075
0.075
0.075
0.075
0.15899999999999997
0.215
0.215
0.215
0.13099999999999998
0.075
0.075
0.075
0.075
0.075
0.075
0.075
0.075
0.075
0.075
0.075
0.075
0.075
0.075
0.075
0.075
0.215
0.215
0.215
0.215
0.075
0.075
0.075
0.075
0.075
0.075
0.075
0.075
0.075
0.075
0.075
0.075
0.075
0.075
0.075
0.075
0.075
0.187
0.215
0.215
0.215
0.10300000000000001
0.075
0.075
0.075
0.075
0.075
0.075
0.075
0.075
0.215
0.215
0.215
0.215
0.075
0.075
0.075
0.075
0.075
0.075
0.075
0.075
0.075
0.075
0.075
0.13099999999999998
0.215
0.215
0.215
0.15899999999999997
0.075
0.075
0.075
0.075
0.075
0.075
0.073
0.073
0.073
0.073
0.073
0.073
0.073
0.101
0.213
0.213
0.213
0.185
1.5058
2.461
2.461
2.461
2.461
1.9834
0.073
0.073
0.073
0.073
0.075
0.075
0.075
0.13099999999999998
0.215
0.215
0.215
0.15899999999999997
0.075
0.075
0.073
0.073
0.1246
0.202
0.202
0.23000000000000004
0.342
0.342
0.342
0.314
0.244
0.23200000000000004
0.23200000000000004
0.23200000000000004
0.23200000000000004
0.23200000000000004
0.23200000000000004
0.23200000000000004
0.24800000000000005
0.31200000000000006
0.462
0.462
0.51
0.462
0.322
0.292
0.292
0.292
0.22799999999999998
0.202
0.22400000000000003
0.252
0.25680000000000003
0.292
0.43760000000000004
0.404
0.602
0.5913999999999999
0.47400000000000003
0.48599999999999993
0.564
0.588
0.5680000000000001
0.5920000000000001
0.556
0.56
0.504
0.528
0.49799999999999994
0.682
0.6819999999999999
0.606
0.15899999999999997
0.075
0.075
0.075
0.075
0.075
0.075
0.075
0.075
0.075
0.075
0.075
0.075
0.075
0.075
0.075
0.075
0.075
0.244
0.26799999999999996
0.33399999999999996
0.446
0.47800000000000004
0.442
0.394
0.422
0.362
0.362
0.3832
0.375
0.345
0.325
1.1666
0.7538
0.44139999999999996
0.8618
1.2525999999999997
0.471
0.639
0.4974
0.3094
0.351
0.371
0.347
0.3382
0.3568
0.47359999999999997
0.496
0.508
0.446
0.42200000000000004
0.386
0.386
0.43199999999999994
0.41600000000000004
0.556
0.5920000000000001
0.618
0.6500000000000001
0.8748000000000001
1.2895999999999996
0.402
0.34199999999999997
0.392
0.404
0.5244
0.42600000000000005
0.514
0.5940000000000001
0.63
0.5780000000000001
0.5680000000000001
0.7120000000000001
0.554
0.075
0.187
0.215
0.215
0.215
0.10300000000000001
0.075
0.075
0.075
0.065
