0.076
0.18639999999999995
0.2792
0.226
0.11600000000000005
0.076
0.076
0.076
0.076
0.076
0.156
0.334
0.24159999999999998
0.076
0.076
0.076
0.23779999999999996
0.3777999999999999
0.11600000000000005
0.076
0.08979999999999998
0.283
0.1588
0.076
0.076
0.12513333333333335
0.48433333333333334
0.41079999999999994
0.45399999999999996
0.534
0.5347333333333333
0.731
0.7189333333333333
0.5963333333333333
1.6281333333333332
0.11600000000000005
0.21399999999999997
0.24159999999999998
0.076
0.076
0.076
0.076
0.076
0.40919999999999995
0.2464
0.076
0.076
0.285
0.3430000000000001
0.10360000000000001
0.076
0.076
0.22779999999999995
1.7236000000000002
1.0573333333333335
1.5843333333333334
1.3236666666666668
1.167
0.8230666666666662
0.6717999999999998
0.5293333333333333
0.522
0.5646666666666665
0.7042666666666667
0.7306666666666668
0.6066666666666667
0.8513333333333332
1.6309333333333336
1.119266666666667
0.9168000000000001
0.7091999999999999
0.7815999999999999
0.8502000000000002
0.8573333333333334
0.7814
0.8569999999999999
0.9859333333333333
0.9719999999999996
0.8360000000000002
0.9424000000000002
1.0753333333333335
0.7279333333333332
0.076
0.146
0.20600000000000002
0.25539999999999996
0.20020000000000002
0.076
0.086
0.226
0.1574
0.283
0.13120000000000004
0.076
0.076
0.1753333333333333
