0.06499999999999997
0.06100000000000002
0.05660000000000002
0.058000000000000024
0.06466666666666669
0.1322
0.13220000000000004
0.06800000000000003
0.06800000000000003
0.13933333333333336
0.12506666666666671
0.20520000000000002
0.40120000000000006
0.15646666666666667
0.3423333333333332
0.43966666666666654
0.8002666666666667
0.5116000000000002
1.0191333333333332
0.5160000000000001
0.448
0.5377333333333332
0.45819999999999994
0.5523333333333332
0.4769333333333332
0.37800000000000006
0.43799999999999994
0.5298666666666667
0.4332000000000001
0.4525333333333334
0.44893333333333324
0.5808
1.0246666666666666
0.9348
0.8954666666666665
0.5413333333333333
1.0415333333333339
0.6309999999999999
0.5783333333333331
0.5211333333333334
0.4846666666666667
0.4410666666666668
0.8085333333333332
0.4636000000000001
0.46360000000000007
0.42200000000000004
0.8002000000000002
0.44726666666666665
0.3814666666666666
0.3734
0.3495333333333333
0.34400000000000003
0.5791999999999999
0.5200666666666663
0.3299333333333333
1.4
1.7333333333333336
0.8355333333333334
0.2656666666666666
0.31293333333333334
0.19306666666666664
0.0766666666666667
0.19206666666666672
0.30013333333333336
0.10366666666666671
0.06800000000000003
0.06800000000000003
0.06800000000000003
0.06800000000000003
0.06800000000000003
0.06800000000000003
0.17499999999999996
0.08940000000000005
0.06800000000000003
0.06800000000000003
0.13180000000000003
0.2640666666666666
0.6055333333333334
0.26700000000000007
0.8043333333333332
0.4883333333333333
0.4176666666666667
0.4848666666666667
0.5119333333333332
0.4589999999999999
0.5331333333333333
0.8803333333333333
0.8799333333333333
0.8222000000000002
0.7794666666666665
0.7316666666666666
1.2573999999999999
0.7919333333333333
0.8136666666666665
0.8500666666666669
0.7195333333333331
