0.06200000000000003
0.06866666666666665
0.072
0.072
0.072
0.1912
0.15146666666666672
0.072
0.072
0.13160000000000002
0.2110666666666667
0.072
0.072
0.08193333333333333
0.22100000000000006
0.11173333333333338
0.072
0.072
0.072
0.072
0.072
0.1514666666666667
0.19120000000000006
0.072
0.072
0.072
0.072
0.2011333333333334
0.14153333333333337
0.072
0.072
0.13160000000000002
0.4485333333333334
0.5791333333333334
0.24666666666666667
0.072
0.1053333333333333
0.17200000000000001
0.9613999999999999
2.3236666666666674
0.2762000000000001
0.144
0.144
0.144
0.23713333333333336
0.2967333333333334
0.19119999999999998
0.26100000000000007
0.14153333333333334
0.2011333333333334
0.11373333333333334
0.20100000000000004
0.12166666666666667
0.22100000000000006
0.072
0.072
0.072
0.2011333333333334
0.14153333333333337
0.072
0.072
0.072
0.1912
0.15146666666666672
0.072
0.072
0.072
0.1812666666666667
0.16140000000000004
0.072
0.072
0.13160000000000002
0.2110666666666667
0.072
0.072
0.2698
0.4226666666666666
0.30493333333333333
0.44659999999999994
0.47506666666666664
0.7189333333333333
0.7276666666666666
0.5176666666666666
0.43699999999999994
0.5788666666666666
0.6209333333333334
0.39453333333333335
0.3522
0.38273333333333337
0.5429999999999998
0.4276666666666666
0.5288
0.5502000000000001
0.6031333333333334
0.75
0.775
