0.062
0.062
0.062
0.062
0.062
0.062
0.062
0.062
0.062
0.062
0.062
0.062
0.062
0.062
0.062
0.062
0.062
0.062
0.062
0.072
0.072
0.072
0.072
0.072
0.072
0.072
0.072
0.072
0.072
0.072
0.072
0.072
0.072
0.072
0.072
0.072
0.072
0.072
0.072
0.072
0.072
0.072
0.072
0.072
0.072
0.072
0.072
0.072
0.072
0.072
0.072
0.072
0.072
0.072
0.072
0.072
0.072
0.072
0.072
0.072
0.072
0.072
0.072
0.072
0.072
0.072
0.072
0.072
0.072
0.072
0.072
0.072
0.072
0.072
0.072
0.072
0.072
0.072
0.072
0.072
0.072
0.072
0.072
0.072
0.072
0.072
0.072
0.072
0.072
0.072
0.072
0.072
0.072
0.264
0.264
0.264
0.264
0.264
0.264
0.264
0.264
0.264
0.264
0.264
0.264
0.264
0.264
0.264
0.264
0.264
0.264
0.264
0.264
0.264
0.264
0.072
0.072
0.072
0.072
0.072
0.072
0.072
0.072
0.072
0.072
0.072
0.072
0.072
0.072
0.072
0.072
0.072
0.072
0.072
0.072
0.072
0.072
0.072
0.072
0.072
0.072
0.072
0.072
0.072
0.072
0.072
0.072
0.072
0.072
0.072
0.072
0.072
0.072
0.072
0.072
0.072
0.072
0.072
0.072
0.072
0.072
0.072
0.072
0.072
0.072
0.072
0.072
0.072
0.072
0.072
0.072
0.072
0.072
0.072
0.072
0.072
0.072
0.072
0.072
0.072
0.072
0.072
0.072
0.072
0.072
0.072
0.072
0.072
0.072
0.072
0.072
0.072
0.072
0.072
0.072
0.072
0.072
0.264
0.264
0.264
0.264
0.264
0.264
0.264
0.264
0.264
0.264
0.264
0.264
0.264
0.264
0.264
0.264
0.264
0.264
0.264
0.264
0.264
0.264
0.072
0.072
0.072
0.072
0.072
0.072
0.072
0.072
0.072
0.072
0.072
0.072
0.072
0.072
0.072
0.072
0.072
0.072
0.072
0.072
0.072
0.072
0.072
0.072
0.072
0.072
0.072
0.072
0.072
0.072
0.072
0.072
0.072
0.072
0.072
0.072
0.072
0.072
0.072
0.072
0.072
0.072
0.072
0.072
0.264
0.264
0.264
0.264
0.264
0.264
0.264
0.264
0.264
0.264
0.264
0.264
0.264
0.264
0.264
0.264
0.264
0.264
0.264
0.264
0.264
0.264
0.072
0.072
0.072
0.072
0.072
0.072
0.072
0.072
0.072
0.072
0.072
0.072
0.072
0.072
0.072
0.072
0.072
0.072
0.072
0.072
0.072
0.072
0.072
0.072
0.072
0.072
0.072
0.072
0.072
0.072
0.072
0.072
0.072
0.072
0.072
0.072
0.072
0.072
0.072
0.072
0.072
0.072
0.072
0.072
0.072
0.072
0.072
0.072
0.072
0.072
0.072
0.072
0.072
0.072
0.072
0.072
0.072
0.072
0.072
0.072
0.072
0.072
0.072
0.072
0.264
0.264
0.264
0.264
0.264
0.264
0.264
0.264
0.264
0.264
0.264
0.264
0.264
0.264
0.264
0.264
0.264
0.264
0.264
0.264
0.264
0.264
0.072
0.072
0.072
0.072
0.072
0.072
0.072
0.072
0.072
0.072
0.072
0.072
0.072
0.072
0.072
0.072
0.072
0.072
0.072
0.072
0.072
0.072
0.072
0.072
0.072
0.072
0.072
0.072
0.072
0.072
0.072
0.072
0.072
0.072
0.072
0.072
0.072
0.072
0.072
0.072
0.072
0.072
0.072
0.072
0.072
0.072
0.072
0.072
0.072
0.072
0.072
0.072
0.072
0.072
0.072
0.072
0.072
0.072
0.072
0.072
0.072
0.072
0.072
0.072
0.072
0.072
0.072
0.072
0.072
0.072
0.072
0.264
0.264
0.264
0.264
0.264
0.264
0.264
0.264
0.264
0.264
0.264
0.264
0.264
0.264
0.264
0.264
0.264
0.264
0.322
0.357
0.392
0.392
0.2
0.2
9.911
9.911
9.876
0.13
0.13
0.07
0.165
0.165
0.165
0.165
0.165
0.165
0.165
0.165
0.165
0.165
0.165
0.165
0.242
0.225
0.225
0.225
0.225
0.225
0.225
1.154
1.34
1.34
0.411
0.511
0.511
0.511
0.511
0.511
0.511
2.506
2.506
2.518
0.523
0.488
0.488
0.428
0.428
0.428
0.428
0.428
0.428
0.328
0.202
0.202
0.19
0.19
0.19
0.19
0.23
0.23
0.23
0.23
0.23
0.23
0.23
0.23
0.23
2.295
2.295
2.388
0.393
0.393
0.393
0.428
0.428
0.62
0.62
0.62
0.62
0.62
0.62
0.62
0.62
0.62
0.692
0.692
0.752
0.752
0.752
0.752
0.752
0.712
2.695
2.695
2.695
2.695
2.695
2.503
2.503
2.503
2.443
2.443
2.443
2.443
2.443
2.443
2.443
2.443
2.443
2.443
2.443
2.383
2.383
0.4
0.4
0.4
0.4
0.4
0.4
0.4
0.4
0.4
0.4
0.4
0.4
0.4
0.4
0.4
0.38
0.287
0.606
0.606
0.606
0.606
0.287
0.287
0.287
0.387
0.387
0.387
0.387
0.387
0.387
0.387
0.387
0.387
0.579
0.579
0.579
0.579
0.579
0.579
0.579
0.579
0.579
0.529
0.628
0.628
0.628
0.628
0.628
0.628
0.628
0.628
0.628
0.628
0.628
0.628
0.436
0.436
0.436
0.436
0.436
0.337
0.337
0.337
0.514
0.514
0.337
0.337
0.337
0.337
0.364
0.264
0.264
0.264
0.264
0.363
0.363
0.54
0.54
0.363
0.363
0.363
0.363
0.363
0.363
0.363
0.363
0.363
0.363
0.363
0.54
0.54
0.363
0.363
0.363
0.363
0.363
0.363
0.363
0.363
0.363
0.363
0.363
0.501
0.501
0.819
0.819
0.819
0.819
0.819
0.252
0.252
0.252
0.252
0.252
0.252
0.252
0.252
0.252
0.252
0.217
0.217
0.157
0.157
0.157
0.157
0.157
0.157
0.157
0.157
0.157
0.157
0.157
0.157
0.157
0.157
0.157
0.157
0.157
0.157
0.157
0.157
0.157
0.322
0.322
0.322
0.322
0.262
0.262
0.262
0.262
0.262
0.361
0.361
0.361
0.361
0.361
0.361
0.361
0.361
0.361
0.361
0.361
0.372
0.372
0.18
0.18
0.18
0.18
0.18
0.18
0.18
0.18
0.22
0.22
0.22
0.22
0.22
0.22
0.22
0.22
0.22
0.18
0.194
0.194
0.194
0.194
0.194
0.194
0.194
0.194
0.221
0.221
0.221
0.221
0.221
0.221
0.221
0.221
0.221
0.221
0.221
0.221
0.221
0.221
0.221
0.221
0.221
0.364
0.364
0.364
0.364
0.364
0.364
0.364
0.364
0.364
0.364
0.364
0.364
0.364
0.364
0.364
0.353
0.254
0.254
0.254
0.254
0.254
0.254
0.254
0.254
0.254
0.254
0.254
0.254
0.265
0.265
0.265
0.265
0.265
0.265
0.265
0.265
0.364
0.364
0.364
0.364
0.364
0.364
0.364
0.364
0.364
0.556
0.556
0.556
0.264
0.264
0.264
0.264
0.264
0.264
0.264
0.264
0.264
0.264
0.264
0.264
0.264
0.264
0.264
0.264
0.264
0.264
0.264
0.072
0.072
0.072
0.072
0.072
0.072
0.072
0.072
0.072
0.072
0.072
0.072
0.072
0.072
0.072
0.072
0.072
0.072
0.072
0.072
0.072
0.072
0.072
0.072
0.072
0.072
0.072
0.072
0.072
0.072
0.072
0.072
0.072
0.072
0.072
0.072
0.072
0.072
0.072
0.072
0.072
0.072
0.072
0.072
0.264
0.264
0.264
0.264
0.264
0.264
0.264
0.264
0.264
0.264
0.264
0.264
0.264
0.264
0.264
0.264
0.264
0.264
0.264
0.264
0.264
0.264
0.072
0.072
0.072
0.072
0.072
0.072
0.072
0.072
0.072
0.072
0.072
0.072
0.072
0.072
0.072
0.072
0.072
0.072
0.072
0.072
0.072
0.072
0.072
0.072
0.072
0.072
0.072
0.072
0.072
0.072
0.072
0.072
0.072
0.072
0.072
0.072
0.072
0.072
0.072
0.072
0.072
0.072
0.072
0.072
0.072
0.072
0.072
0.264
0.264
0.264
0.264
0.264
0.264
0.264
0.264
0.264
0.264
0.264
0.264
0.264
0.264
0.264
0.264
0.264
0.264
0.264
0.264
0.264
0.264
0.072
0.072
0.072
0.072
0.072
0.072
0.072
0.072
0.072
0.072
0.072
0.072
0.072
0.072
0.072
0.072
0.072
0.072
0.072
0.072
0.072
0.072
0.072
0.072
0.072
0.072
0.35
0.45
0.45
0.45
0.45
0.45
0.45
0.45
0.483
0.483
0.543
0.543
0.669
0.686
0.7
0.563
0.623
0.623
0.623
0.683
0.683
0.683
0.683
0.623
0.623
0.623
0.623
0.623
0.623
0.623
0.623
0.623
0.623
0.623
0.76
0.76
0.76
0.76
0.787
0.752
0.701
1.02
1.02
1.02
1.02
0.736
0.736
0.736
0.736
0.736
0.736
0.736
0.736
0.736
0.796
0.796
0.796
0.696
0.696
0.636
0.636
0.636
0.564
0.564
0.487
0.487
0.487
0.487
0.487
0.452
0.452
0.512
0.512
0.512
0.512
0.552
0.552
0.562
0.562
0.562
0.562
0.622
0.562
0.562
0.562
0.537
0.537
0.523
0.523
0.523
0.523
0.523
0.523
0.523
0.523
0.523
0.523
1.771
1.771
1.963
1.034
0.715
0.715
0.815
0.815
0.835
0.835
0.955
0.955
0.955
0.955
1.015
1.015
1.015
0.955
0.895
0.895
0.895
0.895
0.895
0.955
0.763
0.763
0.823
0.863
0.863
0.863
0.763
0.664
0.664
0.664
0.714
0.714
0.714
0.714
0.654
0.654
0.654
0.594
0.594
0.594
0.594
0.594
0.494
0.494
0.554
0.554
0.614
0.614
0.614
0.674
0.674
0.548
0.548
0.508
0.568
0.568
0.668
0.668
0.608
0.548
0.548
0.548
0.548
0.523
0.488
0.488
0.488
0.488
0.488
0.488
0.548
0.647
0.647
0.647
0.707
0.647
0.587
0.487
0.613
0.613
0.613
0.613
0.613
0.673
0.673
0.553
0.553
0.553
0.613
0.613
0.553
0.553
0.62
0.62
0.68
0.62
0.812
0.812
0.932
0.932
0.872
0.872
0.872
0.909
0.909
0.909
0.909
0.909
0.909
0.909
0.832
0.832
0.903
0.843
0.903
0.903
0.903
0.903
0.711
0.786
0.786
0.786
0.786
0.746
0.746
0.746
0.746
0.746
0.746
0.686
0.686
0.686
0.746
0.746
0.746
0.846
0.846
0.746
0.746
0.746
0.846
0.811
0.871
0.771
0.831
0.831
0.831
0.866
0.866
0.866
0.905
0.762
0.762
0.802
0.842
0.842
0.842
0.782
0.782
0.816
0.756
0.756
0.756
0.756
0.777
0.75
0.69
0.69
0.69
0.75
0.75
0.827
2.811
2.751
2.751
0.756
0.756
0.756
0.756
0.756
0.756
0.816
0.876
0.876
0.876
0.876
0.827
0.827
0.827
0.827
0.862
1.181
1.086
1.086
1.086
0.767
0.767
0.79
0.79
0.79
0.85
1.229
1.229
1.229
1.229
0.784
0.784
0.784
0.819
0.819
0.846
0.691
0.691
0.656
0.656
0.656
0.656
0.782
0.759
0.759
0.759
0.759
0.759
0.759
0.759
0.759
0.759
0.759
0.639
0.739
0.739
0.931
0.917
0.917
0.917
0.977
0.977
0.997
0.871
0.871
1.001
1.001
1.187
1.187
1.201
1.141
1.13
1.13
1.13
1.273
1.373
1.273
1.273
1.021
1.021
1.071
1.071
1.021
1.021
1.021
1.021
1.021
1.021
1.021
1.081
1.181
1.253
1.253
1.253
1.313
1.313
1.313
1.313
1.313
1.313
1.253
1.253
1.233
1.233
1.233
1.233
1.173
1.173
1.146
1.206
1.206
1.206
1.166
1.131
1.131
1.091
1.091
1.091
1.065
1.065
1.065
0.966
0.966
0.966
0.966
0.966
0.966
0.966
0.966
1.092
1.092
1.072
1.012
0.809
0.809
1.001
1.001
1.001
1.001
1.001
1.1
1.1
1.086
1.076
1.076
1.076
1.076
1.076
1.041
1.041
1.076
1.076
1.041
1.041
