0.058000000000000024
0.05600000000000002
0.06266666666666669
0.06600000000000003
0.07200000000000002
0.18800000000000003
0.24933333333333338
0.3951333333333333
1.0585333333333335
0.6483333333333333
1.0655333333333334
0.5623333333333334
0.5339999999999999
0.5574666666666668
0.5526666666666669
0.5820000000000001
0.6398666666666668
0.6624
1.1406
0.709
0.7243333333333332
0.7257333333333335
0.6214000000000001
0.5261333333333333
0.5702666666666666
0.45633333333333326
0.9755333333333334
0.46306666666666685
0.45033333333333325
0.7213333333333333
0.6963333333333334
0.5240666666666667
0.6169999999999999
0.5799333333333333
1.0555333333333334
0.2586666666666667
0.388
0.5386000000000001
0.25300000000000006
0.24219999999999994
0.06600000000000003
0.06600000000000003
0.06600000000000003
0.06600000000000003
0.06600000000000003
0.06600000000000003
0.06600000000000003
0.06600000000000003
0.06600000000000003
0.06600000000000003
0.06600000000000003
0.23393333333333333
0.2349333333333334
0.10026666666666671
0.06400000000000003
0.18186666666666668
0.15533333333333327
0.06600000000000003
0.06600000000000003
0.06600000000000003
0.06600000000000003
0.06600000000000003
0.06600000000000003
0.06600000000000003
0.06600000000000003
0.06600000000000003
0.06600000000000003
0.06600000000000003
0.06600000000000003
0.06600000000000003
0.06600000000000003
0.06600000000000003
0.11066666666666666
0.20620000000000002
0.32500000000000007
0.367
0.4582666666666666
0.9577333333333334
0.9632000000000001
0.5817999999999998
0.6126
0.6264000000000001
0.6389999999999999
0.7263333333333335
0.7868666666666669
2.47
2.546866666666667
0.7917333333333334
0.9146666666666668
0.9349999999999998
1.3735333333333335
1.1623333333333332
0.6761999999999998
0.6476666666666666
0.7346666666666669
0.7903333333333332
