0.071
0.071
0.071
0.071
0.06699999999999999
0.061
0.061
0.0478
0.039
0.039
0.039
0.039
0.049
0.049
0.049
0.049
0.049
0.049
0.1122
0.207
0.207
0.207
0.1438
0.049
0.049
0.049
0.049
0.049
0.049
0.049
0.049
0.049
0.049
0.049
0.17539999999999997
0.207
0.207
0.207
0.08059999999999999
0.049
0.049
0.049
0.049
0.049
0.049
0.049
0.049
0.049
0.049
0.049
0.049
0.049
0.17539999999999997
0.207
0.207
0.207
0.08059999999999999
0.049
0.049
0.049
0.049
0.049
0.049
0.049
0.1122
0.207
0.207
0.207
0.1438
0.049
0.049
0.049
0.049
0.049
0.049
0.049
0.049
0.1122
0.207
0.2218
0.288
0.1818
0.188
0.322
0.322
0.28099999999999997
0.287
0.295
0.327
0.4098
0.41500000000000004
0.38299999999999995
1.3712
0.22300000000000003
1.3452
0.32699999999999996
0.325
0.36019999999999996
0.23559999999999998
0.362
0.4619999999999999
0.502
1.0543999999999998
0.8446
3.5575999999999994
1.9189999999999994
5.041799999999999
0.422
0.362
0.36879999999999996
0.42800000000000005
0.4138
0.441
0.2722
0.159
0.189
0.1612
0.2164
0.295
0.283
0.4166
0.8716000000000002
2.31
2.3496
2.516
2.456
0.473
0.44139999999999996
0.3128
0.304
0.304
0.2974
0.271
0.271
0.271
0.271
0.6364
0.9857999999999999
0.30179999999999996
0.231
0.231
0.24180000000000001
0.171
0.2064
0.2064
0.171
0.34079999999999994
0.5226
0.0806
0.20579999999999998
0.205
0.205
0.1734
0.047
0.11780000000000002
0.0706
0.047
0.0494
0.059
0.0678
0.07
0.05739999999999999
0.049
0.049
0.1122
0.207
0.207
0.207
0.1438
0.049
0.049
0.049
0.049
0.049
0.049
0.049
0.049
0.049
0.049
0.049
0.17539999999999997
0.207
0.207
0.2124
0.1256
0.06999999999999999
0.0796
0.06939999999999999
0.049
0.049
0.049
0.049
0.049
0.049
0.049
0.049
0.049
0.049
0.049
0.1176
0.21600000000000003
0.22400000000000003
0.236
0.27680000000000005
0.254
0.37120000000000003
0.457
0.457
0.413
0.40099999999999997
0.40140000000000003
0.271
0.24699999999999997
0.30500000000000005
0.28500000000000003
0.257
0.442
0.391
0.4149999999999999
0.403
0.253
0.15220000000000003
0.049
0.049
0.049
0.049
0.049
0.0718
0.16699999999999998
0.18660000000000002
0.3154
0.4670000000000001
0.515
0.5421999999999999
0.5606
0.485
0.397
0.281
0.38099999999999995
0.493
0.476
0.4992
0.6491999999999999
0.7200000000000001
0.78
0.866
0.8548
0.8
0.8400000000000001
0.8640000000000001
0.748
0.6786000000000001
0.6714
0.5064
0.4
0.5464
0.606
0.6928000000000001
0.732
0.6295999999999999
0.602
0.5307999999999999
0.49240000000000006
0.541
0.602
0.558
1.0346
1.4727999999999999
0.702
0.8928
1.0091999999999999
0.8280000000000001
0.768
0.7091999999999999
0.7215999999999999
0.739
0.703
0.731
0.651
1.3025999999999998
0.656
0.532
0.49000000000000005
0.61
0.47800000000000004
0.23479999999999998
0.207
0.207
