0.056
0.056
0.056
0.056
0.056
0.056
0.056
0.056
0.056
0.056
0.056
0.056
0.056
0.056
0.056
0.056
0.056
0.056
0.056
0.056
0.056
0.056
0.056
0.056
0.056
0.056
0.056
0.056
0.066
0.066
0.066
0.066
0.066
0.066
0.066
0.066
0.066
0.066
0.066
0.066
0.066
0.066
0.066
0.066
0.173
0.173
0.173
0.173
0.173
0.173
0.173
0.173
0.173
0.173
0.173
0.173
0.173
0.173
0.173
0.173
0.173
0.173
0.066
0.066
0.066
0.066
0.066
0.066
0.066
0.066
0.066
0.066
0.066
0.066
0.066
0.066
0.066
0.066
0.066
0.066
0.066
0.066
0.066
0.066
0.066
0.066
0.066
0.066
0.066
0.066
0.066
0.066
0.066
0.066
0.066
0.066
0.066
0.066
0.066
0.066
0.066
0.066
0.066
0.066
0.066
0.066
0.066
0.066
0.066
0.066
0.066
0.066
0.066
0.066
0.066
0.066
0.066
0.066
0.066
0.066
0.066
0.066
0.066
0.066
0.066
0.066
0.066
0.066
0.066
0.066
0.066
0.066
0.066
0.066
0.066
0.066
0.066
0.066
0.066
0.066
0.066
0.066
0.066
0.066
0.066
0.066
0.173
0.173
0.173
0.173
0.173
0.173
0.173
0.173
0.173
0.173
0.173
0.173
0.173
0.173
0.173
0.173
0.173
0.173
0.066
0.066
0.066
0.066
0.066
0.066
0.066
0.066
0.066
0.066
0.066
0.066
0.066
0.066
0.066
0.066
0.066
0.066
0.066
0.066
0.066
0.066
0.066
0.066
0.066
0.066
0.066
0.066
0.066
0.066
0.066
0.066
0.066
0.066
0.066
0.066
0.066
0.066
0.066
0.066
0.066
0.066
0.066
0.066
0.066
0.066
0.066
0.066
0.066
0.066
0.066
0.066
0.066
0.066
0.066
0.066
0.066
0.066
0.066
0.066
0.066
0.066
0.066
0.066
0.066
0.066
0.066
0.066
0.066
0.066
0.066
0.066
0.066
0.066
0.173
0.173
0.173
0.173
0.173
0.173
0.173
0.173
0.173
0.173
0.173
0.173
0.173
0.173
0.173
0.173
0.173
0.173
0.066
0.066
0.066
0.066
0.066
0.066
0.066
0.066
0.066
0.066
0.066
0.066
0.066
0.066
0.066
0.066
0.066
0.066
0.066
0.066
0.066
0.066
0.066
0.066
0.066
0.066
0.066
0.066
0.066
0.066
0.066
0.066
0.066
0.066
0.066
0.066
0.066
0.066
0.173
0.173
0.173
0.173
0.173
0.173
0.173
0.173
0.173
0.173
0.173
0.173
0.173
0.173
0.173
0.173
0.173
0.173
0.066
0.066
0.066
0.066
0.066
0.066
0.066
0.066
0.066
0.066
0.066
0.066
0.066
0.066
0.066
0.066
0.066
0.066
0.066
0.066
0.066
0.066
0.066
0.066
0.066
0.066
0.066
0.066
0.066
0.066
0.066
0.066
0.066
0.066
0.066
0.066
0.066
0.066
0.066
0.066
0.066
0.066
0.066
0.066
0.066
0.066
0.066
0.066
0.066
0.066
0.066
0.066
0.066
0.066
0.066
0.066
0.066
0.066
0.066
0.066
0.066
0.066
0.066
0.066
0.066
0.066
0.066
0.066
0.066
0.066
0.066
0.066
0.066
0.066
0.066
0.066
0.066
0.066
0.066
0.066
0.066
0.066
0.066
0.066
0.066
0.066
0.066
0.066
0.066
0.066
0.066
0.066
0.066
0.066
0.066
0.066
0.066
0.066
0.066
0.066
0.066
0.066
0.066
0.066
0.066
0.066
0.066
0.066
0.066
0.066
0.066
0.066
0.066
0.066
0.066
0.066
0.066
0.066
0.064
0.064
0.064
0.064
0.064
0.064
0.064
0.064
0.124
0.073
0.073
0.073
0.124
0.258
0.258
0.258
0.258
0.358
0.358
0.358
0.358
0.358
0.358
0.358
0.358
0.358
0.358
0.258
0.418
0.418
0.418
0.483
0.483
8.228
8.168
8.168
0.423
0.423
0.423
0.483
0.483
0.523
0.523
0.523
0.523
0.623
0.732
0.732
0.732
0.732
0.732
0.632
0.672
0.572
0.572
0.572
0.467
0.467
0.467
0.372
0.372
0.332
0.332
0.332
0.424
0.424
0.424
0.424
0.424
0.424
0.424
0.424
0.424
0.424
0.424
0.484
0.524
0.524
0.524
0.504
0.504
0.504
0.504
0.539
0.539
0.539
0.539
0.539
0.499
0.439
0.359
0.466
0.531
0.519
0.519
0.519
0.519
0.519
0.519
0.519
0.173
0.173
0.173
0.173
0.173
0.173
0.173
0.173
0.173
0.066
0.066
0.066
0.066
0.066
0.066
0.066
0.066
0.066
0.066
0.066
0.247
0.247
0.247
0.247
0.247
0.247
0.247
0.247
0.247
0.247
0.247
0.247
0.247
0.247
0.247
0.247
0.247
0.247
0.247
0.233
0.233
0.233
0.233
0.233
0.233
0.233
0.233
0.233
0.233
0.233
0.233
0.233
0.233
0.233
0.233
0.233
0.233
0.233
0.233
0.233
0.233
0.233
0.233
0.233
0.233
0.233
0.233
0.233
0.233
0.233
0.233
0.233
0.233
0.233
0.233
0.233
0.198
0.198
0.198
0.198
0.066
0.066
0.066
0.066
0.066
0.066
0.066
0.066
0.066
0.066
0.066
0.066
0.066
0.066
0.066
0.066
0.066
0.066
0.173
0.173
0.173
0.173
0.173
0.173
0.173
0.173
0.173
0.173
0.173
0.173
0.173
0.173
0.173
0.173
0.173
0.173
0.066
0.066
0.066
0.066
0.066
0.066
0.066
0.066
0.066
0.066
0.066
0.066
0.066
0.066
0.066
0.066
0.066
0.066
0.066
0.066
0.066
0.066
0.066
0.066
0.066
0.066
0.066
0.066
0.066
0.066
0.066
0.066
0.066
0.066
0.198
0.198
0.198
0.198
0.198
0.198
0.198
0.198
0.198
0.198
0.198
0.198
0.198
0.198
0.198
0.198
0.198
0.198
0.198
0.198
0.198
0.198
0.198
0.198
0.198
0.198
0.198
0.198
0.198
0.198
0.198
0.198
0.198
0.198
0.198
0.198
0.198
0.198
0.305
0.305
0.305
0.305
0.305
0.377
0.377
0.377
0.377
0.377
0.377
0.377
0.377
2.36
2.36
2.36
2.36
2.36
2.253
2.253
2.253
2.253
2.253
2.253
2.253
2.253
2.253
2.253
2.253
2.253
2.253
2.253
2.253
2.253
0.27
0.27
0.305
0.305
0.305
0.305
0.305
0.305
0.305
0.305
0.305
0.305
0.305
0.305
0.345
0.345
0.354
0.354
0.354
0.354
0.354
0.354
0.354
0.354
0.354
0.354
0.354
0.354
0.354
0.354
0.354
0.461
0.461
0.461
0.461
0.461
0.461
0.461
0.461
0.461
0.461
0.461
0.461
0.461
0.461
0.461
0.461
0.461
0.461
0.354
0.354
0.354
0.354
0.354
0.354
0.354
0.354
0.354
0.354
0.354
0.354
0.354
0.354
0.531
0.531
0.354
0.354
0.354
0.138
0.138
0.138
0.138
0.138
0.138
0.138
0.138
0.315
0.315
0.138
0.138
0.138
0.138
0.138
0.138
0.138
0.138
0.138
0.138
0.138
0.315
0.422
0.245
0.245
0.245
0.245
0.245
0.245
0.245
0.245
0.245
0.245
0.245
0.422
0.422
0.74
0.74
0.74
0.74
0.633
2.565
2.565
2.565
2.565
2.565
2.565
2.565
2.565
2.565
2.565
2.565
2.565
2.565
2.565
2.565
2.565
2.565
2.565
2.565
2.565
2.565
2.565
2.565
2.565
2.565
2.565
2.565
2.565
2.565
2.565
2.565
2.565
2.565
2.565
2.565
2.565
2.565
2.565
2.565
2.565
2.565
2.565
2.565
2.565
2.565
2.565
2.565
2.565
2.565
2.565
2.565
2.565
2.565
2.565
2.565
2.565
2.565
2.565
2.565
2.565
0.066
0.066
0.066
0.066
0.066
0.066
0.066
0.066
0.066
0.066
0.066
0.173
0.173
0.173
0.173
0.173
0.173
0.173
0.173
0.173
0.173
0.173
0.173
0.173
0.173
0.173
0.173
0.173
0.173
0.066
0.066
0.066
0.066
0.066
0.066
0.066
0.066
0.066
0.066
0.066
0.066
0.066
0.066
0.066
0.066
0.066
0.066
0.066
0.066
0.066
0.066
0.066
0.066
0.066
0.066
0.066
0.066
0.066
0.066
0.066
0.066
0.066
0.066
0.066
0.066
0.066
0.066
0.066
0.066
0.066
0.066
0.066
0.066
0.066
0.066
0.066
0.173
0.173
0.173
0.173
0.173
0.173
0.173
0.173
0.173
0.173
0.173
0.173
0.173
0.173
0.173
0.173
0.173
0.173
0.066
0.066
0.066
0.066
0.066
0.066
0.066
0.066
0.066
0.066
0.066
0.066
0.066
0.066
0.066
0.066
0.066
0.066
0.066
0.066
0.066
0.066
0.066
0.066
0.066
0.066
0.066
0.066
0.066
0.066
0.066
0.066
0.066
0.066
0.066
0.066
0.066
0.066
0.066
0.066
0.066
0.066
0.173
0.173
0.173
0.173
0.173
0.173
0.173
0.173
0.173
0.173
0.173
0.173
0.173
0.173
0.173
0.173
0.173
0.173
0.066
0.066
0.066
0.066
0.066
0.282
0.282
0.342
0.302
0.242
0.242
0.342
0.307
0.407
0.407
0.367
0.367
0.367
0.367
0.432
0.432
0.298
0.298
0.298
0.298
0.066
0.066
0.066
0.066
0.066
0.066
0.066
0.066
0.066
0.066
0.066
0.066
0.066
0.066
0.066
0.066
0.066
0.173
0.173
0.173
0.18
0.211
0.276
0.236
0.236
0.236
0.236
0.276
0.376
0.336
0.345
0.385
0.376
0.236
0.236
0.229
0.229
0.229
0.229
0.289
0.066
0.066
0.066
0.066
0.066
0.066
0.066
0.066
0.066
0.066
0.066
0.066
0.066
0.066
0.066
0.066
0.066
0.066
0.066
0.066
0.066
0.066
0.066
0.066
0.066
0.066
0.066
0.066
0.066
0.066
0.066
0.066
0.066
0.066
0.173
0.173
0.173
0.173
0.173
0.173
0.171
0.171
0.171
0.206
0.206
0.206
0.246
0.246
0.206
0.206
0.271
0.271
0.164
0.164
0.164
0.164
0.164
0.164
0.164
0.164
0.204
0.204
0.304
0.304
0.204
0.204
0.204
0.204
0.204
0.204
0.204
0.204
0.204
0.204
0.204
0.218
0.218
0.218
0.227
0.227
0.327
0.262
0.262
0.262
0.262
0.396
0.396
0.396
0.361
0.361
0.321
0.321
0.321
0.321
0.321
0.321
0.321
0.321
0.321
0.321
0.321
0.381
0.381
0.381
0.381
0.381
0.488
0.497
0.488
0.488
0.488
0.488
0.488
0.488
0.488
0.497
0.462
0.462
0.462
2.544
2.544
2.544
0.462
0.462
0.355
0.355
0.355
0.355
0.395
0.395
0.395
0.39
0.39
0.39
0.49
0.476
0.476
0.467
0.467
0.467
0.467
0.567
0.479
0.644
0.644
0.644
0.644
0.644
0.644
0.644
0.632
0.623
0.663
0.663
0.663
0.763
0.763
0.698
0.598
0.598
0.598
0.558
0.558
0.424
0.589
0.589
0.702
0.702
0.662
0.662
0.662
0.662
0.662
0.662
0.662
0.754
0.936
0.879
0.879
0.779
0.814
0.814
0.826
0.826
0.826
0.751
0.751
0.751
0.639
0.639
0.639
0.688
0.688
0.648
0.541
0.541
0.541
0.55
0.55
2.672
2.672
2.672
0.55
0.55
0.59
0.59
0.59
0.49
0.49
0.49
0.49
0.425
0.425
0.425
0.465
0.465
0.465
0.465
0.565
0.565
0.565
0.565
0.565
0.565
0.665
0.665
0.705
0.705
0.705
0.705
0.605
0.605
0.565
0.565
0.565
0.565
0.565
0.565
0.452
0.452
0.452
0.452
0.452
0.559
0.559
0.519
0.519
0.519
0.519
0.519
0.484
0.484
0.484
0.484
0.484
0.484
0.484
0.484
0.519
0.524
0.524
0.417
0.417
0.417
0.408
0.408
0.433
0.433
0.433
0.433
0.368
0.308
0.308
0.308
0.308
0.408
0.408
0.468
0.468
0.468
0.468
0.468
0.368
0.377
0.377
0.377
0.377
0.377
0.377
0.377
0.377
0.377
0.377
0.377
0.377
0.377
0.377
0.377
0.367
0.367
