0.093
0.093
0.093
0.107
0.213
0.213
0.213
0.213
0.213
0.213
0.213
0.213
0.213
0.213
0.213
0.213
0.223
0.223
0.263
0.263
0.263
0.263
0.223
0.223
0.117
0.117
0.117
0.117
0.217
0.217
0.117
0.117
0.117
0.117
0.117
0.117
0.117
0.117
0.117
0.223
0.223
0.223
0.223
0.223
0.223
0.235
0.235
0.235
0.235
0.235
0.077
0.077
0.077
0.077
0.077
0.077
0.077
0.077
0.077
0.077
0.077
0.077
0.077
0.077
0.077
0.077
0.077
0.077
0.077
0.077
0.077
0.077
0.077
0.077
0.077
0.077
0.077
0.077
0.077
0.077
0.077
0.077
0.077
0.077
0.077
0.077
0.077
0.077
0.077
0.077
0.077
0.077
0.077
0.077
0.077
0.077
0.077
0.077
0.077
0.077
0.077
0.077
0.077
0.077
0.077
0.077
0.077
0.077
0.077
0.077
0.077
0.077
0.077
0.077
0.077
0.077
0.077
0.077
0.077
0.077
0.077
0.077
0.077
0.077
0.077
0.077
0.077
0.077
0.077
0.077
0.077
0.077
0.077
0.077
0.077
0.077
0.077
0.077
0.077
0.077
0.077
0.077
0.077
0.077
0.077
0.077
0.077
0.077
0.077
0.077
0.077
0.077
0.077
0.077
0.077
0.077
0.077
0.077
0.077
0.077
0.077
0.077
0.077
0.077
0.077
0.077
0.077
0.077
0.077
0.077
0.077
0.077
0.077
0.077
0.077
0.077
0.077
0.077
0.077
0.077
0.077
0.077
0.077
0.077
0.077
0.077
0.077
0.077
0.077
0.077
0.077
0.077
0.077
0.077
0.077
0.077
0.077
0.077
0.077
0.077
0.077
0.077
0.077
0.077
0.077
0.077
0.077
0.077
0.077
0.077
0.077
0.077
0.077
0.077
0.077
0.077
0.077
0.077
0.077
0.077
0.077
0.077
0.077
0.077
0.077
0.077
0.077
0.077
0.077
0.077
0.077
0.077
0.077
0.077
0.077
0.077
0.077
0.077
0.077
0.077
0.077
0.077
0.077
0.077
0.077
0.077
0.077
0.077
0.077
0.077
0.077
0.077
0.077
0.077
0.077
0.077
0.077
0.077
0.077
0.077
0.077
0.077
0.077
0.077
0.077
0.077
0.077
0.077
0.077
0.077
0.077
0.077
0.077
0.077
0.077
0.077
0.077
0.077
0.077
0.077
0.077
0.077
0.077
0.077
0.077
0.077
0.077
0.077
0.077
0.077
0.077
0.077
0.077
0.077
0.077
0.077
0.077
0.077
0.077
0.077
0.077
0.077
0.077
0.077
0.077
0.077
0.077
0.077
0.077
0.077
0.077
0.077
0.077
0.077
0.077
0.077
0.077
0.077
0.077
0.077
0.077
0.077
0.077
0.077
0.077
0.077
0.077
0.077
0.077
0.077
0.077
0.077
0.077
0.077
0.077
0.077
0.077
0.077
0.077
0.077
0.077
0.077
0.077
0.077
0.077
0.077
0.077
0.077
0.077
0.077
0.077
0.077
0.077
0.077
0.077
0.077
0.077
0.077
0.077
0.077
0.077
0.077
0.077
0.077
0.077
0.077
0.077
0.077
0.077
0.077
0.077
0.077
0.077
0.077
0.077
0.077
0.077
0.077
0.077
0.077
0.077
0.077
0.077
0.077
0.077
0.077
0.077
0.077
0.077
0.077
0.077
0.077
0.077
0.077
0.077
0.077
0.077
0.077
0.077
0.077
0.077
0.077
0.077
0.077
0.077
0.077
0.077
0.077
0.077
0.077
0.077
0.077
0.077
0.077
0.077
0.077
0.077
0.077
0.077
0.077
0.223
0.223
0.223
0.223
0.393
0.317
0.317
0.317
0.317
0.317
0.317
0.217
0.217
0.203
0.203
0.215
0.215
0.203
0.203
0.203
0.203
0.203
0.215
0.187
0.187
0.247
0.297
0.357
0.357
0.357
0.357
0.424
0.364
0.307
0.307
0.295
0.295
0.295
2.261
2.191
2.191
4.893
4.893
4.893
4.893
4.893
4.893
4.893
4.905
4.905
4.905
5.011
5.011
5.011
8.342
8.402
8.402
6.438
4.472
4.572
4.612
4.612
4.512
4.512
4.512
4.462
4.592
4.592
4.642
4.642
4.642
4.642
4.642
4.642
4.642
4.642
4.642
4.642
4.602
4.602
13.082
13.082
13.082
4.602
3.135
3.135
3.135
3.135
3.135
3.135
2.779
2.779
2.779
2.779
2.779
2.779
2.779
2.779
2.779
2.779
2.779
0.077
0.077
0.077
0.077
0.077
0.077
0.077
0.077
0.077
0.077
0.077
0.077
0.077
0.077
0.077
0.077
0.077
0.077
0.077
0.077
0.077
0.077
0.077
0.077
0.077
0.077
0.077
0.077
0.077
0.077
0.077
0.077
0.077
0.077
0.077
0.077
0.077
0.077
0.077
0.311
0.311
0.311
0.311
0.311
0.311
0.311
0.311
0.311
0.311
0.077
0.077
0.077
0.077
0.077
0.077
0.077
0.077
0.077
0.077
0.077
0.077
0.077
0.077
0.077
0.077
0.077
0.077
0.077
0.077
0.077
0.077
0.077
0.077
0.077
0.077
0.077
0.077
0.077
0.077
0.077
0.077
0.077
0.077
0.077
0.077
0.077
0.077
0.077
0.077
0.077
0.077
0.077
0.077
0.077
0.077
0.077
0.077
0.077
0.077
0.077
0.077
0.077
0.077
0.077
0.077
0.077
0.077
0.077
0.077
0.077
0.077
0.077
0.077
0.077
0.077
0.077
0.077
0.077
0.077
0.077
0.077
0.077
0.077
0.077
0.077
0.077
0.077
0.077
0.077
0.077
0.077
0.077
0.077
0.077
0.077
0.077
0.077
0.077
0.077
0.077
0.077
0.077
0.077
0.077
0.077
0.077
0.077
0.077
0.077
0.077
0.077
0.077
0.077
0.077
0.077
0.077
0.077
0.077
0.077
0.077
0.077
0.077
0.077
0.077
0.077
0.077
0.077
0.077
0.077
0.077
0.077
0.077
0.077
0.077
0.077
0.077
0.077
0.077
0.077
0.077
0.077
0.077
0.077
0.077
0.077
0.077
0.077
0.077
0.077
0.077
0.077
0.077
0.077
0.077
0.077
0.077
0.077
0.077
0.077
0.077
0.077
0.077
0.077
0.077
0.077
0.077
0.077
0.077
0.077
0.077
0.077
0.077
0.077
0.077
0.077
0.077
0.077
0.077
0.077
0.077
0.077
0.077
0.077
0.077
0.077
0.077
0.077
0.077
0.077
0.077
0.077
0.077
0.077
0.077
0.077
0.077
0.077
0.077
0.077
0.077
0.077
0.077
0.077
0.077
0.077
0.077
0.077
0.077
0.077
0.077
0.077
0.077
0.077
0.077
0.077
0.077
0.077
0.077
0.077
0.311
0.311
0.311
0.361
0.361
0.361
0.361
0.361
0.361
0.361
0.521
0.521
0.521
0.521
0.521
0.521
0.521
0.521
0.521
0.521
0.521
0.521
0.521
0.415
0.415
0.415
0.415
0.539
0.539
0.539
0.539
0.539
0.539
0.489
0.489
0.489
0.559
0.559
0.559
0.559
0.559
0.559
0.559
0.559
0.559
0.559
0.559
0.559
0.631
2.595
2.595
2.595
0.631
0.631
0.631
0.631
2.614
2.614
2.614
2.614
2.614
2.614
2.614
2.614
2.614
2.779
2.779
2.779
2.779
2.779
2.779
2.779
2.779
2.779
2.779
2.829
2.829
0.846
0.846
0.786
0.786
0.786
0.671
0.671
0.671
0.671
0.777
0.777
0.777
0.777
0.777
0.777
0.777
0.777
0.777
0.777
0.777
0.671
0.671
0.671
0.671
0.671
0.671
0.671
0.671
0.671
0.683
0.683
0.683
0.683
0.683
0.683
0.671
0.671
0.671
0.671
0.671
1.766
1.766
1.766
0.149
0.149
0.149
0.149
0.149
0.149
0.149
0.149
0.149
0.149
0.149
0.149
0.149
0.149
0.149
0.149
0.149
0.149
0.149
0.149
0.326
0.326
0.149
0.149
0.149
0.149
0.149
0.149
0.149
0.149
0.149
0.149
0.149
0.326
0.326
0.149
0.149
0.149
0.149
0.149
0.149
0.149
0.149
0.149
0.149
0.149
0.326
0.326
0.149
0.149
1.546
1.546
1.546
1.546
1.546
1.546
1.546
1.546
1.546
1.823
1.823
2.141
2.141
2.141
2.141
2.141
1.474
1.474
1.474
1.474
1.474
1.474
1.474
1.474
1.604
1.604
1.604
1.604
1.604
2.71
2.71
2.71
1.604
1.632
1.632
1.617
1.617
1.631
1.631
1.701
1.701
1.701
1.701
1.716
1.716
1.776
1.776
1.776
1.776
1.716
1.816
1.866
1.866
4.054
4.054
4.054
4.054
2.829
2.935
2.935
3.002
3.002
4.108
4.108
4.108
3.002
3.002
3.002
3.002
3.002
3.002
3.002
3.002
2.938
2.938
2.938
2.938
2.938
3.038
3.038
0.762
0.762
0.762
0.762
0.762
0.762
0.762
0.762
0.892
0.892
0.892
0.892
0.892
0.892
0.892
0.892
0.825
0.851
0.851
0.851
0.851
0.851
0.851
0.851
0.851
0.851
0.823
0.823
0.823
0.823
2.787
2.787
2.787
2.829
2.829
2.729
2.714
2.714
2.714
2.714
2.714
2.674
2.674
2.674
2.774
2.774
2.774
2.874
2.874
2.874
2.814
2.814
2.814
0.848
0.848
0.848
0.848
0.848
0.848
0.848
0.848
0.848
0.848
0.863
0.863
0.863
0.863
0.757
0.785
0.785
0.685
0.685
1.791
1.791
1.815
0.709
0.709
0.709
0.709
0.709
0.709
0.709
0.709
0.709
0.709
0.709
0.809
0.809
0.555
0.555
0.555
0.555
0.661
0.661
0.661
0.661
0.661
0.661
0.661
0.661
0.661
2.837
2.837
2.837
2.837
2.904
2.904
2.904
2.918
2.918
2.918
2.918
2.958
2.958
2.958
2.958
2.958
2.958
2.958
2.958
2.958
2.958
3.082
3.082
3.082
3.082
3.082
3.082
0.906
0.906
0.8
0.8
0.8
0.8
0.8
0.8
0.785
0.745
0.745
0.678
0.693
2.629
2.629
2.689
0.725
0.855
0.955
0.825
0.825
0.825
0.825
0.765
0.765
0.895
0.895
0.895
0.895
0.895
0.955
0.855
0.855
0.855
0.855
0.855
0.855
0.69
0.69
0.69
0.676
0.676
0.676
0.676
0.676
0.676
0.676
0.676
0.676
0.736
0.736
0.736
0.736
0.736
0.736
0.736
0.842
0.842
0.842
0.842
0.842
0.842
0.842
0.842
0.842
0.642
0.642
0.642
0.642
0.642
0.772
0.772
0.772
0.772
0.772
0.8
0.8
0.8
0.8
0.8
0.8
0.8
0.676
0.676
0.676
0.826
0.826
0.826
0.826
0.776
0.776
0.776
0.804
0.744
0.704
0.644
0.644
0.644
0.768
0.768
3.47
3.47
3.47
3.485
3.545
3.485
3.485
3.485
3.485
3.485
3.485
3.485
3.485
3.485
3.535
3.535
3.535
3.535
3.495
3.495
3.495
3.495
3.495
3.371
3.371
3.371
3.371
3.371
3.371
3.371
3.265
3.265
3.135
3.135
3.135
3.135
3.135
3.135
3.135
3.135
3.135
3.135
3.149
3.149
3.149
3.149
3.149
3.149
3.149
3.149
3.149
3.149
3.149
3.149
3.149
3.149
3.149
3.149
3.149
3.279
0.577
0.577
0.577
0.527
0.527
0.499
0.499
0.499
0.399
0.399
0.399
0.399
0.399
0.399
0.399
0.399
0.384
0.384
0.254
0.254
0.254
0.254
0.254
0.254
0.254
0.304
0.404
0.504
0.404
0.404
0.404
0.51
0.51
0.41
0.41
0.41
0.41
0.41
0.41
0.41
0.41
0.41
0.396
0.396
0.29
0.318
0.268
0.268
0.268
0.268
0.268
0.268
0.268
0.308
0.308
0.308
0.308
0.308
0.308
0.308
0.308
0.308
0.308
0.308
0.308
0.308
0.308
0.308
0.268
0.374
0.268
0.268
0.268
0.268
0.268
0.268
0.268
0.268
0.28
0.28
0.283
0.283
0.283
0.295
0.295
0.295
0.401
0.501
0.501
0.501
0.489
0.489
0.077
0.077
0.077
0.077
0.077
0.077
0.077
0.077
0.077
0.077
0.077
0.077
0.077
0.077
0.077
0.077
0.067
0.067
0.067
0.067
0.067
0.067
0.067
0.067
0.067
0.067
0.067
0.067
0.067
0.067
