0.075
0.075
0.075
0.075
0.075
0.075
0.075
0.075
0.065
0.065
0.065
0.065
0.065
0.065
0.065
0.065
0.065
0.065
0.065
0.065
0.065
0.065
0.065
0.065
0.065
0.065
0.065
0.065
0.065
0.065
0.065
0.065
0.065
0.065
0.065
0.065
0.065
0.065
0.075
0.075
0.075
0.075
0.075
0.075
0.075
0.075
0.075
0.075
0.075
0.075
0.075
0.075
0.075
0.075
0.075
0.075
0.075
0.075
0.075
0.075
0.075
0.075
0.075
0.075
0.255
0.255
0.255
0.255
0.255
0.255
0.255
0.255
0.255
0.255
0.255
0.255
0.255
0.255
0.255
0.255
0.255
0.255
0.255
0.255
0.255
0.255
0.075
0.075
0.075
0.075
0.075
0.075
0.075
0.075
0.075
0.075
0.075
0.075
0.075
0.075
0.075
0.075
0.075
0.075
0.075
0.075
0.075
0.075
0.075
0.075
0.075
0.075
0.075
0.075
0.075
0.075
0.075
0.075
0.075
0.075
0.075
0.075
0.075
0.075
0.075
0.075
0.075
0.075
0.075
0.075
0.075
0.075
0.255
0.255
0.255
0.255
0.255
0.255
0.255
0.255
0.255
0.255
0.255
0.255
0.255
0.255
0.255
0.255
0.255
0.255
0.255
0.255
0.255
0.255
0.075
0.075
0.075
0.075
0.075
0.075
0.075
0.075
0.075
0.075
0.075
0.075
0.075
0.075
0.075
0.075
0.075
0.075
0.075
0.075
0.075
0.075
0.075
0.075
0.075
0.075
0.075
0.075
0.075
0.075
0.075
0.075
0.075
0.075
0.075
0.075
0.075
0.075
0.075
0.075
0.075
0.075
0.075
0.075
0.075
0.075
0.075
0.075
0.075
0.075
0.075
0.075
0.075
0.075
0.075
0.075
0.075
0.075
0.075
0.075
0.075
0.075
0.075
0.075
0.075
0.075
0.255
0.255
0.255
0.255
0.255
0.255
0.255
0.255
0.255
0.255
0.255
0.255
0.255
0.255
0.255
0.255
0.255
0.255
0.255
0.255
0.255
0.255
0.075
0.075
0.075
0.075
0.075
0.075
0.075
0.075
0.075
0.075
0.075
0.075
0.075
0.075
0.075
0.075
0.075
0.075
0.075
0.075
0.075
0.075
0.075
0.075
0.075
0.075
0.075
0.075
0.075
0.075
0.075
0.075
0.075
0.075
0.075
0.075
0.075
0.075
0.075
0.075
0.075
0.075
0.075
0.075
0.075
0.075
0.075
0.075
0.075
0.075
0.075
0.075
0.075
0.075
0.075
0.075
0.075
0.075
0.075
0.075
0.075
0.075
0.075
0.075
0.075
0.075
0.075
0.075
0.075
0.075
0.075
0.075
0.075
0.075
0.075
0.075
0.075
0.075
0.075
0.075
0.075
0.075
0.075
0.075
0.075
0.075
0.075
0.075
0.075
0.075
0.075
0.075
0.075
0.075
0.075
0.255
0.255
0.255
0.255
0.255
0.255
0.255
0.255
0.255
0.255
0.255
0.255
0.255
0.255
0.255
0.255
0.255
0.255
0.255
0.255
0.255
0.255
0.075
0.075
0.075
0.075
0.075
0.075
0.075
0.075
0.075
0.075
0.075
0.075
0.075
0.075
0.075
0.075
0.075
0.075
0.075
0.075
0.075
0.075
0.075
0.075
0.075
0.075
0.075
0.075
0.075
0.075
0.075
0.075
0.075
0.075
0.075
0.075
0.075
0.075
0.075
0.075
0.075
0.075
0.075
0.075
0.075
0.075
0.075
0.075
0.075
0.075
0.075
0.074
0.074
0.074
0.074
0.254
0.294
0.294
0.294
0.294
0.294
0.294
0.294
0.354
0.394
0.394
0.394
0.394
0.294
0.294
2.344
2.344
2.344
0.294
0.254
0.254
0.254
0.074
0.134
0.134
0.134
0.134
0.134
0.134
0.134
0.134
0.134
0.194
0.194
0.194
0.254
0.254
0.274
0.254
0.314
0.314
0.314
0.314
0.314
0.314
0.314
0.314
0.314
0.254
0.267
0.267
0.327
0.327
0.382
0.382
0.432
0.432
0.432
0.432
0.432
0.432
0.382
0.422
0.422
0.422
0.382
0.382
0.562
0.562
0.562
0.562
0.562
0.562
0.562
0.562
0.502
0.584
0.584
0.584
0.584
0.584
0.584
0.684
0.602
0.502
0.502
0.255
0.255
0.255
0.075
0.075
0.075
0.075
0.075
0.075
0.075
0.075
0.075
0.075
0.075
0.075
0.075
0.075
0.075
0.075
0.075
0.075
0.075
0.075
0.075
0.075
0.075
0.075
0.075
0.075
0.075
0.075
0.075
0.075
0.075
0.075
0.075
0.075
0.075
0.075
0.075
0.075
0.075
0.075
0.075
0.075
0.075
0.075
0.075
0.075
0.075
0.075
0.075
0.075
0.075
0.075
0.075
0.075
0.075
0.075
0.075
0.075
0.075
0.075
0.075
0.075
0.075
0.075
0.075
0.075
0.075
0.075
0.075
0.075
0.075
0.075
0.075
0.075
0.075
0.075
0.075
0.075
0.075
0.075
0.075
0.075
0.075
0.255
0.255
0.255
0.255
0.255
0.255
0.255
0.255
0.255
0.255
0.255
0.255
0.255
0.255
1.345
1.345
1.345
0.267
0.267
0.399
0.399
0.399
0.219
0.219
0.219
0.219
0.219
0.219
0.219
0.219
0.219
0.219
0.219
0.219
0.219
0.219
0.219
0.206
0.206
0.206
0.206
0.206
0.206
0.206
0.206
0.074
0.074
0.074
0.074
0.074
0.074
0.074
0.074
0.074
0.074
0.074
0.074
0.074
0.074
0.074
0.074
0.074
0.074
0.074
0.075
0.075
0.075
0.075
0.075
0.075
0.075
0.075
0.255
0.255
0.254
0.254
0.254
0.254
0.254
0.254
0.254
0.254
0.254
0.254
0.254
0.254
0.254
0.254
0.254
0.254
0.254
0.254
0.254
0.254
0.074
0.074
0.074
0.074
0.074
0.074
0.074
0.074
0.074
0.074
0.074
0.074
0.074
0.074
0.074
0.074
0.074
0.074
0.074
0.074
0.074
0.074
0.074
0.074
0.074
0.074
0.074
0.074
0.074
0.074
0.074
0.074
0.074
0.074
0.074
0.074
0.074
0.074
0.074
0.074
0.074
0.074
0.086
0.086
0.086
0.086
0.086
0.086
0.086
0.086
0.266
0.266
0.266
0.266
0.266
0.266
0.266
0.266
0.266
0.266
0.266
0.266
0.266
0.266
0.266
0.266
0.266
0.266
0.266
0.266
0.266
0.266
0.086
0.086
0.086
0.086
0.086
0.086
0.086
0.086
0.086
0.086
0.086
0.086
0.086
0.086
0.086
0.086
0.086
0.086
0.086
0.086
0.086
0.086
0.086
0.086
0.086
0.086
0.086
0.086
0.075
0.075
0.075
0.075
0.075
0.075
0.075
0.075
0.075
0.075
0.075
0.075
0.075
0.075
0.075
0.075
0.075
0.075
0.075
0.075
0.075
0.075
0.075
0.075
0.075
0.075
0.075
0.075
0.075
0.075
0.075
0.075
0.075
0.075
0.075
0.075
0.075
0.075
0.075
0.075
0.075
0.075
0.075
0.075
0.075
0.075
0.075
0.075
0.075
0.075
0.075
0.075
0.075
0.075
0.075
0.075
0.075
0.075
0.075
0.075
0.075
0.075
0.075
0.075
0.075
0.255
0.255
0.255
0.255
0.255
0.255
0.255
0.255
0.255
0.255
0.255
0.255
0.255
0.255
0.255
0.255
0.255
0.255
0.255
0.255
0.255
0.255
0.075
0.075
0.075
0.075
0.075
0.075
0.075
0.075
0.075
0.075
0.075
0.075
0.075
0.075
0.075
0.075
0.075
0.075
0.075
0.075
0.075
0.075
0.075
0.075
0.075
0.075
0.075
0.075
0.075
0.075
0.075
0.075
0.075
0.075
0.075
0.075
0.075
0.075
0.075
0.075
0.075
0.075
0.075
0.075
0.075
0.075
0.075
0.255
0.255
0.255
0.255
0.255
0.255
0.255
0.255
0.255
0.255
0.255
0.255
0.255
0.255
0.255
0.255
0.255
0.255
0.255
0.255
0.255
0.255
0.075
0.075
0.075
0.075
0.075
0.075
0.075
0.075
0.075
0.075
0.075
0.075
0.075
0.075
0.075
0.075
0.075
0.075
0.075
0.075
0.075
0.075
0.075
0.075
0.086
0.086
0.086
0.086
0.086
0.086
0.086
0.086
0.086
0.086
0.086
0.086
0.086
0.086
0.106
0.094
0.194
0.194
0.194
0.194
0.194
0.194
0.194
0.194
0.194
0.194
0.194
0.194
0.194
0.194
0.254
0.254
0.434
0.414
0.414
0.414
0.414
0.414
0.414
0.414
0.414
0.414
0.414
0.414
0.427
0.427
0.427
0.427
0.427
0.427
0.427
0.427
0.467
0.467
0.287
0.247
0.307
0.307
0.307
0.307
0.307
0.327
0.327
0.327
0.327
0.327
0.327
0.267
0.267
0.307
0.307
0.307
0.307
0.267
0.247
0.247
0.187
0.296
0.296
0.296
0.296
0.296
0.296
0.296
0.356
0.396
0.396
0.396
0.396
0.396
0.436
0.436
0.436
0.396
0.396
0.396
0.396
0.396
0.438
0.438
0.498
0.498
0.438
0.478
0.465
0.52
0.52
0.48
0.365
0.365
0.365
0.365
0.365
0.365
0.365
0.365
0.365
0.365
0.365
0.365
0.485
0.485
0.303
0.483
0.483
0.483
0.543
0.543
0.483
0.483
0.583
0.583
0.463
0.531
0.531
0.476
0.476
0.476
0.476
0.526
0.255
0.255
0.255
0.255
0.255
0.075
0.075
0.075
0.075
0.075
0.075
0.075
0.075
0.075
0.075
0.075
0.075
0.075
0.075
0.075
0.075
0.075
0.075
0.075
0.075
0.075
0.075
0.075
0.075
0.075
0.196
0.196
0.087
0.147
0.147
0.207
0.207
0.207
0.207
0.247
0.247
0.247
0.187
0.187
0.187
0.187
0.187
0.187
0.187
0.247
0.259
0.259
2.249
2.249
2.429
0.379
0.379
0.379
0.339
0.339
0.399
0.399
0.399
0.399
0.399
0.508
0.508
0.65
0.65
0.798
0.798
0.798
0.798
0.798
0.798
0.798
0.509
0.489
0.509
0.509
0.509
0.509
0.509
0.605
0.605
0.605
0.605
0.605
0.496
0.576
0.556
0.474
0.474
0.474
0.534
0.594
0.594
0.654
0.654
0.574
0.569
0.569
0.509
0.509
0.509
0.509
0.509
0.449
0.449
0.449
0.449
0.449
0.449
0.449
0.449
0.509
0.509
0.509
0.509
0.509
0.509
0.509
0.509
0.497
0.517
0.517
0.557
0.429
0.429
0.469
0.469
0.469
0.469
0.609
0.569
0.569
0.569
0.659
0.514
0.514
0.526
0.526
0.526
0.526
0.526
0.526
0.526
0.526
0.526
0.526
0.526
0.526
0.526
0.608
0.608
0.368
0.368
0.286
0.286
0.286
0.286
0.286
0.286
0.286
0.286
0.286
0.286
0.286
0.286
0.286
0.395
0.395
0.395
0.395
0.395
0.395
0.395
0.395
0.395
0.477
0.477
1.555
1.555
1.555
0.497
0.477
0.577
0.477
0.477
0.477
0.609
0.549
0.549
0.649
0.649
0.649
0.649
0.629
0.629
0.629
0.629
0.629
0.629
0.689
0.749
0.749
0.749
0.749
0.749
0.749
0.749
0.749
0.667
0.655
0.655
0.655
0.655
0.655
0.655
0.655
0.655
0.655
0.655
0.655
0.655
0.655
0.655
0.705
0.705
0.705
0.705
0.645
0.745
0.685
0.685
0.813
0.703
0.703
0.703
0.703
0.703
0.743
0.863
0.863
0.863
0.843
0.843
0.843
0.843
0.843
0.843
0.843
0.843
0.631
0.631
0.631
0.631
0.631
0.763
0.783
0.783
0.783
0.783
0.803
1.043
1.043
1.003
1.003
1.003
1.003
1.003
1.003
1.003
0.983
0.855
0.915
0.915
0.915
1.043
1.043
1.043
0.983
0.983
0.983
0.983
0.983
0.803
0.843
0.763
0.763
0.763
0.763
0.763
0.703
0.703
0.703
0.703
0.703
0.703
0.594
0.594
0.614
0.614
0.614
0.614
0.614
0.614
0.554
0.554
0.554
0.554
0.514
0.663
0.623
0.623
0.623
0.623
0.635
0.755
0.755
0.755
0.795
0.795
0.795
0.715
0.715
0.715
0.715
0.583
0.583
0.583
0.583
0.583
0.523
0.523
0.523
0.523
0.523
0.573
0.493
