0.06
0.06
0.06
0.113
0.113
0.113
0.113
0.113
0.153
0.153
0.113
0.113
0.13
0.13
0.13
0.13
0.13
0.13
0.13
0.13
0.13
0.13
0.13
0.19
0.13
0.13
0.13
0.13
0.13
0.09
0.09
0.09
0.09
0.09
0.13
0.19
0.25
0.25
0.25
0.25
0.19
0.13
0.14
0.14
0.2
0.2
0.2
0.2
0.2
0.26
0.26
0.22
0.22
0.232
0.232
0.232
0.232
0.232
0.232
0.232
0.062
0.062
0.062
0.062
0.062
0.062
0.062
0.062
0.062
0.062
0.062
0.062
0.062
0.062
0.062
0.062
0.062
0.062
0.062
0.062
0.062
0.062
0.062
0.062
0.062
0.062
0.062
0.062
0.062
0.062
0.062
0.062
0.062
0.062
0.242
0.242
0.242
0.242
0.242
0.242
0.242
0.242
0.242
0.242
0.242
0.242
0.242
0.242
0.242
0.242
0.242
0.242
0.242
0.242
0.242
0.242
0.062
0.062
0.062
0.062
0.062
0.062
0.062
0.062
0.062
0.062
0.062
0.062
0.062
0.062
0.062
0.062
0.062
0.062
0.062
0.062
0.062
0.062
0.062
0.062
0.062
0.062
0.062
0.062
0.062
0.062
0.062
0.062
0.062
0.062
0.062
0.062
0.062
0.062
0.062
0.062
0.062
0.062
0.062
0.062
0.062
0.062
0.062
0.062
0.062
0.062
0.062
0.062
0.062
0.062
0.062
0.062
0.062
0.062
0.062
0.062
0.062
0.062
0.062
0.062
0.062
0.062
0.062
0.062
0.062
0.062
0.062
0.062
0.242
0.242
0.242
0.242
0.242
0.242
0.242
0.242
0.242
0.242
0.242
0.242
0.242
0.242
0.242
0.242
0.242
0.242
0.242
0.242
0.242
0.242
0.062
0.062
0.062
0.062
0.062
0.062
0.062
0.062
0.062
0.062
0.062
0.062
0.062
0.062
0.062
0.062
0.062
0.062
0.062
0.062
0.062
0.062
0.062
0.062
0.062
0.062
0.062
0.062
0.062
0.062
0.062
0.062
0.062
0.062
0.062
0.062
0.062
0.062
0.062
0.062
0.062
0.062
0.062
0.062
0.062
0.062
0.062
0.062
0.062
0.062
0.062
0.062
0.062
0.062
0.242
0.242
0.242
0.242
0.242
0.242
0.242
0.242
0.242
0.242
0.242
0.242
0.242
0.242
0.242
0.242
0.242
0.242
0.242
0.242
0.242
0.242
0.062
0.062
0.062
0.062
0.062
0.062
0.062
0.062
0.062
0.062
0.062
0.062
0.062
0.062
0.062
0.062
0.062
0.062
0.062
0.062
0.062
0.062
0.062
0.062
0.062
0.062
0.062
0.062
0.062
0.062
0.062
0.062
0.062
0.062
0.062
0.062
0.062
0.062
0.062
0.062
0.062
0.062
0.062
0.062
0.062
0.062
0.062
0.062
0.062
0.062
0.062
0.062
0.242
0.242
0.242
0.242
0.242
0.242
0.242
0.242
0.242
0.242
0.242
0.242
0.242
0.242
0.242
0.242
0.242
0.242
0.242
0.242
0.242
0.242
0.062
0.062
0.062
0.062
0.062
0.062
0.062
0.062
0.062
0.062
0.062
0.062
0.062
0.062
0.062
0.062
0.062
0.062
0.062
0.062
0.1
0.1
0.1
0.1
0.16
0.16
0.16
0.16
0.16
1.958
1.958
1.958
0.16
0.16
0.16
0.22
0.207
0.207
0.207
0.207
0.207
0.207
0.207
0.207
0.207
0.18
0.18
0.18
0.18
0.36
0.36
0.36
0.36
0.412
0.372
0.372
0.372
0.372
0.372
0.372
0.412
0.412
0.472
0.472
0.512
0.512
0.524
0.524
0.464
9.661
9.621
9.441
0.232
0.232
0.232
0.232
0.352
0.292
0.292
0.24
0.252
1.281
1.281
1.221
1.221
1.221
1.221
1.201
1.261
1.321
1.321
1.321
1.321
1.321
1.369
1.309
1.309
1.321
1.281
1.281
1.269
1.209
1.209
1.209
1.209
1.209
1.209
1.249
1.269
10.478
10.478
9.449
0.24
0.24
0.28
0.28
0.46
0.46
0.42
0.42
0.432
0.432
0.432
9.641
9.641
9.641
0.432
0.432
0.472
0.484
0.524
0.484
0.484
0.504
0.444
0.444
0.444
0.444
0.204
0.204
0.204
0.204
0.204
0.192
0.192
0.192
0.192
0.132
0.192
0.204
0.144
0.144
0.144
0.144
0.144
0.144
0.104
0.104
0.104
0.104
0.104
0.144
0.144
0.144
0.104
0.224
0.144
0.204
0.204
0.144
0.184
0.244
0.204
0.204
0.204
0.204
0.204
0.204
0.204
0.204
0.204
0.204
0.204
0.204
0.204
0.204
0.204
0.204
0.204
0.192
0.192
0.192
0.192
0.252
0.252
0.252
0.252
0.252
0.252
0.252
0.252
0.252
0.252
0.252
0.252
0.252
0.396
0.396
0.396
0.252
0.062
0.062
0.062
0.062
0.062
0.062
0.062
0.062
0.062
0.062
0.062
0.062
0.062
0.062
0.062
0.062
0.062
0.062
0.062
0.062
0.062
0.062
0.062
0.062
0.062
0.062
0.062
0.062
0.062
0.062
0.062
0.062
0.062
0.062
0.242
0.242
0.242
0.242
0.242
0.242
0.242
0.242
0.242
0.242
0.242
0.242
0.242
0.242
0.242
0.242
0.242
0.242
0.242
0.242
0.242
0.242
0.062
0.062
0.062
0.062
0.062
0.062
0.062
0.062
0.062
0.062
0.062
0.062
0.062
0.062
0.062
0.062
0.062
0.062
0.062
0.062
0.062
0.062
0.062
0.062
0.062
0.062
0.062
0.062
0.062
0.062
0.062
0.062
0.062
0.062
0.062
0.062
0.062
0.062
0.062
0.062
0.062
0.062
0.062
0.062
0.062
0.062
0.062
0.062
0.242
0.242
0.242
0.242
0.242
0.242
0.242
0.242
0.242
0.242
0.242
0.242
0.242
0.242
0.242
0.242
0.242
0.242
0.242
0.242
0.242
0.242
0.062
0.062
0.062
0.062
0.062
0.062
0.062
0.062
0.062
0.062
0.062
0.062
0.062
0.062
0.062
0.062
0.062
0.062
0.062
0.062
0.062
0.062
0.062
0.062
0.062
0.062
0.062
0.062
0.062
0.062
0.062
0.062
0.062
0.062
0.062
0.062
0.062
0.062
0.062
0.062
0.062
0.062
0.062
0.062
0.062
0.062
0.062
0.062
0.062
0.062
0.062
0.062
0.062
0.062
0.062
0.062
0.062
0.062
0.062
0.062
0.062
0.062
0.062
0.062
0.062
0.062
0.062
0.062
0.062
0.062
0.062
0.062
0.062
0.062
0.06
0.06
0.06
0.24
0.24
0.24
0.3
0.3
0.3
0.3
0.3
0.3
0.3
0.3
0.3
0.3
0.3
0.24
0.24
0.24
0.24
0.24
0.24
0.24
0.24
0.06
0.06
0.06
0.06
0.06
0.06
0.06
0.06
0.06
0.06
0.06
0.06
0.06
0.06
0.06
0.06
0.06
0.06
0.06
0.06
0.06
0.06
0.06
0.06
0.06
1.119
1.119
1.119
0.06
0.06
0.06
0.06
0.06
0.06
0.06
0.06
0.06
0.06
0.072
0.072
0.172
0.172
0.252
0.252
0.252
0.252
0.265
0.265
0.217
0.217
0.217
0.217
0.397
0.397
0.397
0.397
0.397
0.397
0.397
0.397
0.397
0.397
0.397
0.397
0.337
0.325
0.325
0.325
0.325
0.325
0.325
0.325
0.325
0.325
0.105
0.105
0.085
0.085
0.085
0.085
0.085
0.085
0.085
0.085
0.085
0.085
0.085
0.085
0.085
0.085
0.085
0.085
0.145
0.145
0.145
0.205
0.205
0.205
0.193
0.193
0.193
0.243
0.243
0.303
0.303
0.253
0.193
0.193
0.133
0.133
0.133
0.133
0.133
0.133
0.133
0.133
0.133
0.193
0.133
0.12
0.06
0.1
0.1
0.16
0.16
0.16
0.16
0.16
0.16
0.16
0.4
0.4
0.4
0.4
0.4
0.34
0.34
0.34
0.352
0.352
0.352
0.352
0.352
0.352
0.352
0.34
0.34
0.34
0.4
0.4
0.4
0.4
0.233
0.233
0.233
0.233
0.233
0.283
0.293
0.293
0.293
0.293
0.293
0.293
0.293
0.293
0.293
0.293
0.293
0.293
0.293
0.293
0.293
0.293
0.293
0.293
0.293
0.293
0.293
0.293
0.293
0.293
0.283
0.245
0.245
0.245
0.233
0.305
0.305
0.332
0.332
0.332
0.392
0.392
0.392
0.392
0.392
0.392
0.392
0.572
0.512
0.512
0.592
0.572
0.617
0.707
0.707
0.707
0.707
0.767
0.662
0.662
0.722
0.71
0.71
0.71
0.77
0.77
0.77
0.81
0.81
0.63
0.63
0.69
0.69
0.677
0.677
0.677
0.677
0.69
0.69
0.69
0.63
0.63
0.63
0.63
0.63
0.63
0.57
0.726
0.786
0.786
0.786
0.786
0.746
0.746
0.686
0.686
9.895
9.895
9.895
0.686
0.686
0.634
0.634
0.634
0.634
0.634
0.654
0.654
0.654
0.666
0.639
0.639
0.639
0.639
0.639
0.639
0.667
0.667
0.707
0.707
0.707
0.707
0.734
0.734
0.734
0.694
0.694
0.754
0.874
0.874
0.874
0.874
0.834
0.834
0.834
0.834
0.834
0.834
0.774
0.774
0.774
0.774
0.786
0.786
0.786
0.786
0.786
0.786
0.786
0.774
0.521
0.521
0.521
0.581
0.581
0.521
0.581
0.581
0.581
0.521
0.521
0.521
2.319
2.331
2.319
0.481
0.521
0.521
0.521
0.521
0.521
0.521
0.521
0.521
0.521
0.521
0.521
0.561
0.561
2.419
2.432
2.372
0.514
0.514
0.454
0.514
0.514
0.514
0.514
0.514
0.514
0.514
0.466
0.466
0.466
0.439
0.439
0.439
0.451
0.391
0.351
0.351
0.391
0.391
0.391
0.391
0.391
0.247
0.247
0.247
0.247
0.247
0.247
0.247
0.247
0.247
0.247
0.247
0.187
0.187
0.274
0.454
0.514
0.454
0.454
0.454
0.454
0.454
0.454
0.514
0.454
0.454
0.494
0.454
0.454
0.514
0.514
0.574
0.574
0.522
0.522
0.522
0.522
0.354
0.342
0.342
0.402
0.402
0.402
0.402
0.514
0.514
0.454
0.441
0.453
0.453
0.393
0.293
0.281
0.281
0.341
0.485
0.485
0.485
0.485
0.485
0.437
0.437
0.437
0.437
0.437
0.497
0.497
0.557
0.557
0.557
0.557
0.557
0.557
0.657
0.657
0.657
0.657
0.657
0.657
0.657
0.657
0.657
0.637
0.585
0.585
0.585
0.441
0.354
0.534
0.594
0.594
0.594
0.594
0.594
0.554
0.554
0.554
0.554
0.554
0.554
0.554
0.514
0.494
0.494
0.494
0.494
0.494
0.494
0.494
0.599
0.369
0.449
0.429
0.429
0.429
0.429
0.469
0.509
0.529
0.602
0.57
0.51
0.51
0.51
0.51
0.51
0.43
0.43
0.43
0.442
0.442
0.442
0.502
0.529
2.327
2.327
2.327
0.529
0.529
0.589
2.387
2.387
2.327
0.529
0.529
0.529
0.529
0.529
0.529
0.529
0.529
0.529
0.529
0.424
0.424
0.364
0.364
0.404
0.404
0.384
0.384
0.384
0.528
0.528
0.528
0.488
0.488
0.488
0.548
0.548
0.548
0.548
0.392
0.332
0.232
0.376
0.376
0.376
0.376
0.426
0.426
0.426
0.426
0.426
0.426
0.426
0.426
0.426
0.426
0.426
0.426
0.426
0.363
0.363
0.363
0.363
0.363
0.363
0.363
0.423
0.423
0.423
0.423
0.423
0.483
0.423
0.436
0.292
0.412
0.412
0.412
0.452
0.557
0.517
0.517
0.517
0.577
0.577
0.537
0.537
0.537
0.537
0.537
0.537
0.537
0.537
0.537
2.335
2.275
2.275
0.309
0.309
0.309
0.309
0.309
0.309
0.309
0.324
0.324
0.324
0.324
0.324
0.324
0.364
0.424
0.364
0.271
0.331
0.271
0.259
0.259
0.259
0.259
0.259
0.259
0.259
0.259
0.299
0.299
0.299
0.299
0.299
0.259
0.259
0.259
0.259
0.199
0.212
0.356
0.356
0.356
0.356
0.356
0.356
0.356
0.536
0.536
0.242
0.242
0.242
0.242
0.242
0.242
0.242
0.242
0.242
0.242
