0.062
0.055999999999999994
0.052000000000000005
0.052000000000000005
0.052000000000000005
0.052000000000000005
0.052000000000000005
0.057999999999999996
0.062
0.062
0.062
0.062
0.062
0.062
0.062
0.062
0.062
0.062
0.062
0.062
0.1646
0.233
0.233
0.233
0.1988
0.062
0.062
0.062
0.062
0.062
0.062
0.062
0.062
0.062
0.062
0.062
0.13040000000000002
0.233
0.233
0.233
0.233
0.062
0.062
0.062
0.062
0.062
0.062
0.062
0.062
0.062
0.062
0.13040000000000002
0.233
0.233
0.233
0.233
0.062
0.062
0.062
0.062
0.062
0.062
0.062
0.062
0.062
0.0962
0.233
0.233
0.233
0.233
0.09620000000000001
0.062
0.062
0.062
0.062
0.062
0.062
0.062
0.28200000000000003
0.49640000000000006
0.511
6.0694
0.371
0.391
4.0855999999999995
2.402
1.414
1.396
1.29
1.266
1.365
1.1118
0.225
0.305
0.7978
0.853
0.8049999999999999
0.905
0.8166
0.61
0.715
0.731
0.44699999999999995
0.462
0.49800000000000005
0.37
0.35
0.6900000000000001
0.6900000000000001
0.49000000000000005
0.631
0.631
0.645
0.625
0.40040000000000003
0.269
0.266
0.254
0.434
0.338
0.364
0.26
0.20400000000000001
0.20400000000000001
1.3486
0.19
0.19
0.215
0.31420000000000003
0.269
0.3224
0.358
0.358
0.39399999999999996
0.382
1.4866000000000001
0.328
0.36219999999999997
0.619
0.799
0.7878000000000001
0.745
0.5548
0.485
0.525
0.593
0.062
0.062
0.062
0.062
0.062
0.062
0.062
0.1646
0.233
0.233
0.233
0.1988
0.062
0.062
0.062
0.062
0.062
0.062
0.062
0.062
0.062
0.1988
0.233
0.233
0.233
0.16460000000000002
0.062
0.062
0.062
0.062
0.062
0.062
0.062
0.062
0.062
0.062
0.233
0.233
0.233
0.233
0.13040000000000002
0.062
0.062
0.062
0.062
0.062
0.209
0.261
0.267
6.0134
0.33
0.32599999999999996
0.302
0.31399999999999995
0.5384
0.8089999999999998
0.821
0.836
0.836
0.592
0.53
0.465
0.189
0.44499999999999995
1.1766
1.722
1.794
1.7559999999999998
1.8
1.6779999999999997
0.7974
0.553
1.16
0.695
0.671
0.677
0.7240000000000001
0.8538
0.861
0.975
0.9410000000000001
0.8905999999999998
0.73
0.791
0.6759999999999999
0.75
0.786
0.9040000000000001
0.8880000000000001
0.9785999999999999
1.781
1.985
2.032
2.0309999999999997
1.6990000000000003
1.3348
0.49000000000000005
0.49000000000000005
0.49000000000000005
0.502
0.466
0.53
0.6
0.779
0.36499999999999994
0.305
0.311
1.247
2.6954000000000002
3.146
2.723
0.954
0.836
0.5700000000000001
0.73
0.5960000000000001
0.575
0.575
0.7550000000000001
0.475
0.45
0.5149999999999999
0.643
0.69
0.732
1.6905999999999999
1.4634
1.0972
0.711
0.691
0.5804
0.5
0.458
0.395
0.43899999999999995
0.395
0.363
0.33699999999999997
0.062
0.0962
0.233
0.233
