0.072
0.064
0.064
0.064
0.064
0.064
0.066
0.074
0.074
0.074
0.074
0.074
0.074
0.074
0.146
0.254
0.254
0.254
0.254
0.074
0.074
0.074
0.074
0.074
0.074
0.074
0.074
0.074
0.11000000000000001
0.254
0.254
0.254
0.254
0.11000000000000001
0.074
0.074
0.074
0.074
0.074
0.074
0.074
0.074
0.074
0.254
0.2992
0.367
0.367
0.259
0.0966
0.074
0.074
0.074
0.074
0.074
0.074
0.074
0.1192
0.187
0.29500000000000004
0.367
0.2766
0.254
0.21800000000000003
0.074
0.074
0.074
0.074
0.074
0.16440000000000002
0.187
0.187
0.1644
0.074
0.254
0.254
0.254
0.254
0.14599999999999996
0.074
0.074
0.074
0.074
0.1418
0.187
0.187
0.187
0.074
0.074
0.074
0.21800000000000003
0.254
0.254
0.254
0.182
0.074
0.074
0.074
0.074
0.074
0.074
0.074
0.187
0.187
0.187
0.2858
0.254
0.254
0.254
0.182
0.074
0.074
0.074
0.074
0.074
0.074
0.074
0.187
0.187
0.187
0.14179999999999998
0.072
0.072
0.18
0.252
0.252
0.252
0.21880000000000002
0.086
4.514
0.275
0.275
0.30820000000000003
0.328
0.328
0.3022
0.13740000000000002
0.158
1.7444
2.1382
2.127
2.2350000000000003
1.1172
0.324
0.33240000000000003
0.3924
0.271
1.1030000000000002
0.6883999999999999
0.158
0.158
0.158
0.158
0.158
0.158
0.2384
0.2068
0.3398
0.269
0.287
0.2874
0.194
0.3734
0.8497999999999999
0.48939999999999995
0.376
0.304
0.196
0.196
0.196
0.20400000000000001
0.074
0.074
0.074
0.074
0.074
0.074
0.16440000000000002
0.187
0.187
0.1644
0.182
0.254
0.254
0.254
0.21800000000000003
0.074
0.074
0.074
0.1192
0.187
0.187
0.187
0.0966
0.074
0.074
0.182
0.254
0.254
0.254
0.21800000000000003
0.074
0.074
0.074
0.074
0.074
0.074
0.074
0.187
0.187
0.187
0.14179999999999998
0.182
0.254
0.254
0.254
0.21800000000000003
0.074
0.074
0.2644
0.26260000000000006
0.4098
0.4468
0.33459999999999995
0.305
0.30979999999999996
0.305
0.305
0.2962000000000001
0.265
0.265
0.5199999999999999
0.695
0.367
0.367
0.16859999999999997
0.074
0.074
0.074
0.074
0.074
0.074
0.074
0.074
0.1778
0.367
0.367
0.367
0.254
0.11000000000000001
0.074
0.074
0.074
0.074
0.074
0.074
0.074
0.074
0.074
0.074
0.074
0.187
0.259
0.367
0.3218
0.254
0.254
0.074
0.074
0.074
0.074
0.074
0.074
0.074
0.074
0.074
0.182
0.254
0.254
0.254
0.21800000000000003
0.074
0.074
0.074
0.074
0.074
0.074
0.074
0.074
