0.05700000000000002
0.06366666666666666
0.06699999999999998
0.06699999999999998
0.15419999999999998
0.11059999999999996
0.06699999999999998
0.06699999999999998
0.06699999999999998
0.06699999999999998
0.07426666666666665
0.17600000000000002
0.08153333333333329
0.06699999999999998
0.06699999999999998
0.06699999999999998
0.13966666666666666
0.1251333333333333
0.06699999999999998
0.06699999999999998
0.11059999999999998
0.1542
0.06699999999999998
0.06699999999999998
0.06699999999999998
0.06699999999999998
0.0815333333333333
0.17600000000000002
0.07426666666666665
0.06699999999999998
0.06699999999999998
0.06699999999999998
0.07559999999999999
0.5396666666666666
0.18620000000000003
0.11059999999999996
0.06699999999999998
0.06699999999999998
0.06699999999999998
0.1251333333333333
0.13966666666666666
0.06699999999999998
0.06699999999999998
0.07426666666666665
0.17600000000000002
0.08153333333333329
0.06699999999999998
0.06699999999999998
0.08879999999999998
0.17600000000000002
0.1818
0.2494
0.3096666666666667
0.4543333333333333
0.6089333333333335
0.3776000000000001
0.31500000000000006
0.4636666666666666
0.4876666666666667
0.4766666666666666
0.38613333333333344
0.3971999999999999
0.44200000000000006
0.5069333333333333
0.5441333333333332
0.5571333333333334
0.6803333333333335
0.7681999999999998
0.5673333333333334
0.5806666666666668
0.4748666666666665
0.877
0.5382
1.0996666666666668
0.5458666666666667
0.5056666666666666
0.4619333333333334
0.603
0.7407333333333335
0.5996
0.7086666666666669
0.6779999999999998
0.5920666666666665
0.5132666666666668
0.6289999999999999
0.4868000000000002
0.4622666666666666
0.5682666666666666
0.6139333333333332
0.25133333333333346
0.15419999999999998
0.11059999999999996
0.06699999999999998
0.07426666666666665
0.17600000000000002
0.07486666666666668
