0.06899999999999998
0.06699999999999998
0.05966666666666664
0.06899999999999998
0.06899999999999998
0.06899999999999998
0.06899999999999998
0.06899999999999998
0.06899999999999998
0.16093333333333334
0.266
0.06899999999999998
0.06899999999999998
0.06899999999999998
0.06899999999999998
0.17406666666666668
0.2528666666666667
0.06899999999999998
0.06899999999999998
0.06899999999999998
0.1872
0.23973333333333333
0.09600000000000003
1.8745999999999998
0.3144
0.2920000000000001
0.6698000000000002
0.3886666666666667
0.47186666666666677
0.8678
0.48386666666666667
0.6577999999999999
0.6658000000000001
0.5190000000000001
0.6364666666666668
0.8705333333333335
0.7197333333333332
0.4220000000000001
0.5787333333333334
2.3629333333333333
1.6616666666666664
0.41573333333333323
0.3591999999999999
0.24100000000000008
0.06899999999999998
0.06899999999999998
0.16093333333333334
0.266
0.06899999999999998
0.06899999999999998
0.06899999999999998
0.06899999999999998
0.06899999999999998
0.16093333333333334
0.266
0.06899999999999998
0.06899999999999998
0.06899999999999998
0.22733333333333336
0.6364
0.4324
0.5438666666666665
0.5766666666666667
0.603
0.5868
0.7104
0.8066666666666668
0.5938666666666665
1.2463333333333333
1.6754666666666664
0.9181333333333334
0.5122666666666665
0.6860000000000002
0.4473333333333334
0.4813333333333335
0.4640000000000002
0.6059333333333333
0.7218666666666669
0.6450000000000002
0.27299999999999996
0.06899999999999998
0.06899999999999998
0.06899999999999998
0.20033333333333334
0.2266
0.06899999999999998
0.06899999999999998
0.06899999999999998
0.06899999999999998
0.28099999999999997
0.46913333333333335
0.427
0.3480666666666667
0.28979999999999995
0.3560666666666667
0.18719999999999998
