0.12293333333333331
0.18893333333333337
0.20933333333333332
0.08520000000000004
0.19640000000000005
0.25040000000000007
0.29506666666666664
0.12360000000000003
0.06600000000000003
0.06600000000000003
0.15120000000000003
0.2568
0.15239999999999995
0.10946666666666668
0.23846666666666672
0.2406000000000001
0.22893333333333332
0.11400000000000005
0.10946666666666668
0.22900000000000006
0.13700000000000004
0.2668
0.1892
0.06600000000000003
0.06600000000000003
0.3005333333333334
0.44846666666666674
1.0324666666666669
0.1343333333333333
0.4108666666666666
0.8684
1.1954666666666667
0.6633999999999999
0.5556666666666668
0.18553333333333336
0.18553333333333333
0.30466666666666664
0.18973333333333325
0.06600000000000003
0.22760000000000005
0.29493333333333344
0.20973333333333333
0.13320000000000004
0.06600000000000003
0.06600000000000003
0.27193333333333336
0.29113333333333336
0.06600000000000003
0.06600000000000003
0.14173333333333332
0.23546666666666666
0.3730000000000001
0.1152666666666667
0.17960000000000004
0.13240000000000002
0.21
0.12613333333333338
0.2952666666666667
0.2244666666666667
0.09480000000000001
0.21
0.12306666666666669
0.3615333333333334
0.14206666666666667
0.06600000000000003
0.16066666666666668
0.14173333333333332
0.06600000000000003
0.1812
0.33106666666666673
0.2763333333333334
0.0768666666666667
0.08493333333333335
0.20800000000000007
0.07546666666666671
0.18500000000000003
0.33460000000000006
0.1094666666666667
0.13226666666666664
0.20853333333333335
0.30780000000000013
0.2168666666666667
0.06600000000000003
0.06600000000000003
0.1431333333333333
0.45793333333333336
0.1983999999999999
0.06600000000000003
0.15400000000000003
0.4583333333333334
0.8206000000000001
0.6574666666666666
0.5677333333333333
0.48353333333333326
0.5486
0.7933333333333332
