0.064
0.062
0.054000000000000006
0.05800000000000001
0.064
0.064
0.064
0.064
0.064
0.064
0.064
0.064
0.064
0.064
0.064
0.18719999999999998
0.21800000000000003
0.21800000000000003
0.21800000000000003
0.1564
0.064
0.064
0.064
0.064
0.064
0.064
0.064
0.064
0.064
0.1256
0.21800000000000003
0.21800000000000003
0.21800000000000003
0.21800000000000003
0.064
0.064
0.064
0.064
0.064
0.064
0.064
0.064
0.064
0.064
0.064
0.064
0.064
0.15639999999999998
0.21800000000000003
0.21800000000000003
0.21800000000000003
0.18719999999999998
0.064
0.064
0.064
0.064
0.064
0.064
0.064
0.064
0.064
0.064
0.064
0.064
0.064
0.064
0.064
0.064
0.064
0.064
0.064
0.18719999999999998
0.21800000000000003
0.21800000000000003
0.21800000000000003
0.1564
0.064
0.064
0.064
0.064
0.064
0.064
0.064
0.064
0.064
0.064
0.064
0.064
0.064
0.064
0.064
0.21800000000000003
0.21800000000000003
0.21800000000000003
0.21960000000000002
0.21260000000000004
0.171
0.16740000000000002
0.1638
0.162
0.162
0.12200000000000003
0.06920000000000001
0.095
0.159
0.23420000000000002
0.265
0.225
0.225
0.1634
0.071
0.071
0.071
0.071
1.4426
0.071
0.071
0.071
0.071
0.071
0.1254
0.22800000000000004
0.231
0.231
0.231
0.077
0.1858
0.077
0.077
0.077
0.077
0.077
0.064
0.064
0.0948
0.21800000000000003
0.21800000000000003
0.21800000000000003
0.21800000000000003
0.09480000000000001
0.064
0.064
0.064
0.064
1.459
0.078
0.075
0.075
0.075
0.075
0.089
0.11000000000000001
0.3352
1.236
1.39
1.39
1.39
1.39
1.0698
0.097
0.097
0.10300000000000001
0.11200000000000002
0.11200000000000002
0.11200000000000002
0.1656
0.213
0.2746
0.367
0.387
0.21800000000000003
0.21800000000000003
0.064
0.064
0.064
0.064
0.064
0.064
0.064
0.064
0.064
0.064
0.064
0.064
0.064
0.064
0.064
0.064
0.064
0.064
0.064
0.064
0.064
0.064
0.064
0.064
0.064
0.064
0.064
0.064
0.064
0.064
0.15639999999999998
0.21800000000000003
0.21800000000000003
0.21800000000000003
0.18719999999999998
0.064
0.064
0.064
0.064
0.064
0.064
0.064
0.064
0.064
0.064
0.064
0.18719999999999998
0.21800000000000003
0.21800000000000003
0.21800000000000003
0.1564
0.064
0.064
0.064
0.064
0.064
0.064
0.064
0.064
0.0948
0.21800000000000003
0.21800000000000003
0.21800000000000003
0.21800000000000003
0.09480000000000001
0.064
0.064
0.064
0.064
0.064
0.064
0.064
0.064
0.064
0.064
0.064
0.15639999999999998
0.21800000000000003
0.21800000000000003
0.21800000000000003
0.18719999999999998
0.064
0.2234
0.23079999999999998
0.22600000000000003
0.2364
0.2796
0.29
0.29
0.2852
0.278
0.626
0.398
0.378
0.5248
0.5271999999999999
0.529
0.529
1.8082
0.375
0.064
0.064
0.064
0.064
0.064
0.064
0.064
0.15639999999999998
0.21800000000000003
0.21800000000000003
0.21800000000000003
0.18719999999999998
0.064
0.064
0.064
0.064
