0.051000000000000004
0.051000000000000004
0.051000000000000004
0.051000000000000004
0.0844
0.22400000000000003
0.2864
0.33720000000000006
0.061
0.061
0.1022
0.267
0.267
0.267
0.267
0.1022
0.061
0.061
0.061
0.22800000000000004
0.22800000000000004
0.19460000000000002
0.061
0.061
0.1022
0.267
0.267
0.267
0.267
0.1022
0.061
0.061
0.061
0.061
0.061
0.061
0.061
0.061
0.2258
0.267
0.267
0.267
0.18460000000000001
0.061
0.061
0.061
0.22800000000000004
0.22800000000000004
0.19460000000000002
0.061
0.061
0.061
0.061
0.18460000000000001
0.267
0.267
0.267
0.2258
0.061
0.061
0.061
0.061
0.061
0.061
0.061
0.061
0.061
0.061
0.061
0.2358
0.434
0.434
0.267
0.267
0.1022
0.061
0.061
0.061
0.061
0.061
0.061
0.061
0.061
0.061
0.1946
0.22800000000000004
0.22800000000000004
0.061
0.061
0.061
0.061
0.18460000000000001
0.395
0.395
0.395
0.3256
0.10800000000000001
0.1742
0.2164
0.8029999999999999
3.3397999999999994
3.378
3.3362000000000003
3.7873999999999994
0.217
0.24500000000000002
0.36
0.3696
0.42799999999999994
0.4888
0.2976
0.194
0.1462
0.141
0.141
1.3554
0.7706
0.154
0.154
1.0173999999999999
3.099
3.2972
3.472
2.883
0.46019999999999994
0.27759999999999996
0.154
0.1688
0.22800000000000004
0.21600000000000003
0.16540000000000002
0.081
0.081
0.081
0.081
0.081
0.081
0.081
1.2954
3.193
3.6058
3.4134
3.093
0.148
0.148
0.148
0.148
0.2716
0.354
0.354
0.3612
0.31279999999999997
0.148
0.26759999999999995
0.23420000000000002
0.1936
0.06
0.06
0.094
0.1018
2.463
3.052
3.052
3.052
0.6960000000000002
0.10700000000000001
0.10700000000000001
3.2914000000000003
3.4850000000000003
3.4850000000000003
3.6846000000000005
1.6134
1.5488
1.6220000000000003
1.492
1.4946
1.2386
0.173
0.173
3.118
3.1204
3.1712
5.390199999999999
2.989
2.9955999999999996
1.4418
1.6206
0.413
0.31699999999999995
0.305
0.368
0.39879999999999993
0.9818
3.357
3.357
3.3554000000000004
2.9479999999999995
0.6486000000000001
0.719
0.6056
0.7708
1.1636000000000002
0.36599999999999994
1.5756000000000001
0.3732
0.4332
0.406
0.366
0.41719999999999996
0.5096
0.6662000000000001
1.7288000000000001
6.002
5.7934
5.0396
3.1727999999999996
0.23280000000000003
0.2424
0.2448
0.356
0.29200000000000004
0.376
1.5303999999999998
3.2552
3.2346000000000004
3.4170000000000003
2.2814
0.6664
2.883
3.4424
3.4976
3.2909999999999995
0.9349999999999999
0.39519999999999994
0.466
1.0612
0.517
0.653
0.7164
0.7442
0.8110000000000002
0.7457999999999999
1.7238
0.492
1.1182
3.5071999999999997
3.6120000000000005
3.5449999999999995
2.9538
0.5854
3.0289999999999995
3.5699999999999994
3.5539999999999994
3.534
1.1123999999999998
0.5744
2.93
3.3512
3.411
3.4278000000000004
1.0461999999999998
0.414
0.434
0.635
0.663
0.5933999999999999
0.6906000000000001
0.6374000000000001
0.5254
0.28359999999999996
0.43359999999999993
2.816
3.3851999999999998
4.5325999999999995
3.2863999999999995
0.9549999999999998
0.358
0.39879999999999993
0.6072
0.78
0.7172000000000001
0.5728
0.267
0.1022
0.061
0.061
0.061
0.05499999999999999
