0.074
0.06999999999999999
0.064
0.064
0.064
0.064
0.064
0.068
0.074
0.074
0.074
0.074
0.074
0.2068
0.24
0.24
0.24
0.17359999999999998
0.074
0.074
0.074
0.074
0.074
0.074
0.074
0.074
0.1736
0.24
0.24
0.24
0.2068
0.074
0.074
0.074
0.074
0.074
0.074
0.074
0.074
0.074
0.074
0.074
0.074
0.074
0.1404
0.24
0.24
0.24
0.24
0.074
0.074
0.074
0.074
0.074
0.074
0.074
0.074
0.074
0.074
0.1404
0.24
0.24
0.24
0.24
0.074
0.074
0.074
0.074
0.074
0.074
0.074
0.074
0.074
0.2068
0.24
0.24
0.24
0.17359999999999998
0.074
0.074
0.074
0.074
0.074
0.074
0.074
0.074
0.074
0.074
0.074
0.074
0.074
0.24
0.24
0.24
0.24
0.14039999999999997
0.074
0.074
0.074
0.074
0.074
0.074
0.074
0.074
0.074
0.074
0.1736
0.24
0.24
0.24
0.2068
0.074
0.074
0.074
0.074
0.074
0.074
0.074
0.074
0.1404
0.24
0.24
0.24
0.24
0.074
0.074
0.074
0.074
0.074
0.074
0.074
0.074
0.1072
0.24
0.24
0.24
0.24
0.1072
0.074
0.074
0.074
0.074
0.074
0.074
0.074
0.074
0.074
0.1736
0.24
0.24
0.24
0.2068
0.074
0.074
0.074
0.074
0.074
0.074
0.074
0.074
0.074
0.074
0.074
0.074
0.074
0.074
0.074
0.074
0.2068
0.24
0.24
0.24
0.17359999999999998
0.074
0.074
0.074
0.074
0.074
0.074
0.074
0.074
0.074
0.1736
0.24
0.24
0.24
0.2068
0.074
0.074
0.074
0.074
0.074
0.074
0.074
0.074
0.1404
0.24
0.24
0.24
0.24
0.074
0.074
0.074
0.074
0.074
0.074
0.074
0.074
0.074
0.074
0.074
0.1072
0.24
0.24
0.24
0.24
0.1072
0.074
0.074
0.074
0.074
0.074
0.074
0.074
0.074
0.074
0.074
0.074
0.074
0.1404
0.278
0.29400000000000004
0.366
0.45
0.31
0.254
0.302
0.286
0.286
0.29159999999999997
0.293
0.293
0.27359999999999995
0.40280000000000005
0.4699999999999999
0.4699999999999999
1.0542
0.4152
0.386
0.362
0.442
0.504
0.532
1.5224
0.475
0.445
0.5598
0.5638000000000001
0.2068
0.24
0.24
0.24
0.17359999999999998
0.074
0.074
0.074
0.074
0.074
0.074
0.074
0.074
0.074
0.074
0.074
0.074
0.074
0.074
0.074
0.1736
0.24
0.24
0.24
0.2068
0.074
0.074
0.074
0.074
0.074
