0.073
0.063
0.063
0.063
0.063
0.063
0.063
0.063
0.063
0.063
0.063
0.063
0.063
0.063
0.063
0.063
0.063
0.063
0.063
0.063
0.063
0.063
0.063
0.063
0.063
0.063
0.063
0.063
0.063
0.063
0.063
0.073
0.073
0.073
0.073
0.073
0.073
0.073
0.073
0.073
0.073
0.073
0.073
0.073
0.073
0.073
0.073
0.073
0.073
0.073
0.073
0.073
0.256
0.256
0.256
0.256
0.256
0.256
0.256
0.256
0.256
0.256
0.256
0.256
0.256
0.256
0.256
0.256
0.256
0.256
0.256
0.256
0.256
0.256
0.073
0.073
0.073
0.073
0.073
0.073
0.073
0.073
0.073
0.073
0.073
0.073
0.073
0.073
0.073
0.073
0.073
0.073
0.073
0.073
0.073
0.073
0.073
0.073
0.073
0.073
0.073
0.073
0.073
0.073
0.073
0.073
0.073
0.073
0.073
0.073
0.073
0.073
0.073
0.073
0.073
0.073
0.073
0.073
0.073
0.073
0.073
0.073
0.073
0.073
0.073
0.073
0.19
0.19
0.19
0.19
0.19
0.19
0.19
0.19
0.19
0.19
0.19
0.19
0.19
0.19
0.19
0.373
0.373
0.373
0.256
0.256
0.256
0.256
0.256
0.256
0.256
0.256
0.256
0.256
0.256
0.256
0.256
0.256
0.256
0.256
0.256
0.256
0.256
0.073
0.073
0.073
0.073
0.073
0.073
0.073
0.073
0.073
0.073
0.073
0.073
0.073
0.073
0.073
0.073
0.073
0.073
0.073
0.073
0.073
0.073
0.073
0.073
0.073
0.073
0.073
0.073
0.19
0.19
0.19
0.19
0.19
0.19
0.19
0.19
0.19
0.19
0.19
0.19
0.19
0.19
0.19
0.19
0.19
0.19
0.073
0.073
0.073
0.073
0.073
0.073
0.073
0.073
0.073
0.073
0.073
0.256
0.256
0.256
0.256
0.256
0.256
0.256
0.256
0.256
0.256
0.256
0.256
0.256
0.256
0.256
0.256
0.256
0.256
0.256
0.256
0.256
0.256
0.073
0.073
0.073
0.073
0.073
0.073
0.073
0.073
0.073
0.073
0.073
0.073
0.073
0.073
0.073
0.073
0.073
0.073
0.073
0.073
0.073
0.073
0.073
0.073
0.073
0.073
0.073
0.073
0.073
0.073
0.073
0.073
0.19
0.19
0.19
0.19
0.19
0.19
0.19
0.19
0.19
0.19
0.19
0.19
0.19
0.19
0.19
0.19
0.19
0.19
0.073
0.073
0.073
0.073
0.073
0.073
0.073
0.073
0.073
0.073
0.073
0.073
0.073
0.073
0.073
0.073
0.073
0.073
0.256
0.256
0.256
0.256
0.256
0.256
0.256
0.256
0.256
0.256
0.256
0.256
0.256
0.256
0.256
0.256
0.256
0.256
0.256
0.256
0.256
0.256
0.073
0.19
0.19
0.19
0.19
0.19
0.19
0.19
0.19
0.19
0.19
0.19
0.19
0.19
0.19
0.19
0.19
0.19
0.19
0.073
0.073
0.073
0.073
0.073
0.073
0.073
0.073
0.073
0.073
0.073
0.073
0.073
0.073
0.073
0.073
0.073
0.073
0.073
0.073
0.073
0.073
0.073
0.073
0.073
0.256
0.256
0.256
0.256
0.256
0.256
0.256
0.256
0.256
0.256
0.256
0.256
0.373
0.373
0.373
0.373
0.373
0.373
0.373
0.373
0.373
0.373
0.19
0.19
0.19
0.19
0.19
0.19
0.19
0.19
0.073
0.073
0.073
0.073
0.073
0.073
0.073
0.073
0.073
0.073
0.073
0.073
0.073
0.073
0.073
0.073
0.073
0.073
0.073
0.073
0.073
0.073
0.073
0.073
0.073
0.073
0.073
0.073
0.073
0.073
0.073
0.073
0.073
0.073
0.071
0.131
0.181
0.121
0.121
0.181
0.181
0.181
0.298
0.298
0.338
0.521
0.521
0.533
0.533
0.533
0.533
0.533
0.533
0.533
2.666
2.666
2.626
0.493
0.493
0.493
0.376
0.376
0.436
0.496
0.436
0.436
0.436
0.253
0.253
0.253
0.253
0.253
0.253
0.253
0.253
0.253
0.253
0.253
0.253
0.253
0.293
0.293
0.293
0.293
0.293
0.305
0.316
0.304
0.316
0.376
0.376
0.436
0.436
2.742
2.742
2.682
2.682
2.859
2.899
2.899
2.839
2.899
2.899
2.899
2.999
2.987
2.927
2.927
2.927
0.523
0.598
0.598
0.598
0.598
0.586
0.529
0.469
2.452
2.452
2.452
2.452
2.412
2.595
2.595
2.607
2.532
2.532
2.532
2.582
2.582
2.582
2.582
2.582
2.582
2.582
2.582
2.582
2.582
0.599
0.659
0.659
0.635
0.635
0.695
0.572
0.572
0.572
0.667
0.667
0.667
0.667
0.667
0.667
0.667
0.617
0.617
0.577
0.517
0.517
0.506
0.506
0.556
0.501
0.501
0.501
0.451
0.421
0.421
0.421
0.361
0.361
0.361
0.325
0.325
0.325
0.325
0.325
0.325
0.325
0.325
0.325
0.325
0.325
0.325
0.38
0.38
0.38
0.38
0.497
0.497
0.624
0.624
0.624
0.624
0.624
0.624
0.624
0.624
0.624
2.702
2.702
2.879
0.746
0.569
1.772
1.832
1.655
1.655
1.655
1.838
1.838
1.838
1.838
1.838
2.015
1.888
1.711
1.838
1.838
1.838
1.838
1.838
1.838
1.838
1.838
1.711
1.711
1.888
1.888
1.711
1.751
1.528
1.468
1.575
1.575
1.575
1.575
1.575
1.575
1.515
1.692
1.692
2.01
2.01
2.01
2.01
4.26
3.693
3.693
1.56
1.56
1.56
1.56
1.56
1.56
1.56
1.56
1.56
1.56
1.56
1.56
1.56
1.56
1.56
0.19
0.19
0.19
0.19
0.19
0.19
0.19
0.19
2.566
2.566
2.566
2.566
2.566
2.566
2.566
2.566
2.566
2.566
2.749
2.861
2.749
2.749
2.749
2.749
0.373
0.373
0.373
0.373
0.373
0.373
0.373
0.373
0.373
0.373
0.373
0.373
0.373
0.373
0.373
0.373
0.083
0.083
0.083
0.083
0.083
0.083
0.083
0.083
2.216
2.216
2.216
0.083
0.083
0.083
0.083
0.083
0.083
0.083
0.083
0.083
0.083
0.083
0.2
0.2
0.2
0.2
0.272
0.272
0.284
0.284
0.284
0.284
0.272
0.272
2.255
2.255
2.255
2.255
2.255
2.255
2.138
2.138
2.138
2.138
2.138
2.138
2.138
2.138
2.126
2.126
2.126
2.126
2.126
4.259
4.259
2.276
0.143
0.143
0.143
0.326
0.326
0.326
0.326
0.326
0.326
0.326
0.326
0.326
0.326
0.326
0.326
0.326
0.326
0.326
0.326
0.326
0.326
0.326
0.326
0.326
0.326
0.143
0.143
0.143
0.143
0.143
0.143
0.3
0.3
0.3
0.3
0.3
0.3
0.3
0.3
0.3
0.3
0.3
0.3
0.3
2.433
2.433
2.433
0.3
0.3
0.183
0.183
0.183
0.183
0.183
0.183
0.183
0.183
0.183
0.183
0.183
0.183
0.183
0.36
0.36
0.183
0.183
0.183
0.183
0.195
0.195
0.195
0.195
0.195
0.183
0.183
0.4
0.36
0.183
0.183
0.183
0.183
0.366
0.366
0.377
0.377
0.377
0.377
0.377
0.514
0.514
0.337
0.337
0.337
0.449
0.449
0.449
0.449
0.449
0.449
0.449
0.566
0.743
0.743
0.878
0.878
0.878
0.878
0.878
0.311
0.311
0.311
0.311
0.311
0.311
0.311
0.311
0.311
0.311
0.194
0.194
0.194
0.194
0.194
0.194
0.194
0.194
0.194
0.194
0.194
0.194
0.254
0.254
0.254
0.254
0.254
0.254
0.254
0.314
0.314
0.389
0.389
0.314
0.314
0.314
0.354
0.314
0.314
0.314
0.314
0.314
0.314
0.364
0.364
0.364
0.364
0.376
0.305
0.305
0.305
0.305
0.488
0.528
0.528
0.588
0.648
2.781
2.721
2.609
0.476
0.426
0.426
0.426
0.426
0.426
0.426
0.426
0.426
0.426
0.426
0.426
0.426
0.426
0.243
0.243
0.243
0.243
1.458
1.458
1.518
1.635
1.686
1.726
1.686
1.586
1.586
1.586
1.526
1.526
1.526
1.526
1.526
1.526
1.526
1.526
1.526
1.566
1.578
1.461
1.461
1.421
1.421
1.421
1.421
1.421
1.496
1.496
1.521
1.581
1.569
1.569
1.509
1.509
1.509
1.629
1.689
1.629
1.579
1.706
1.646
1.646
1.519
1.702
1.702
1.702
1.652
1.652
1.652
1.652
2.043
2.043
2.003
2.003
4.028
4.068
4.068
4.128
2.973
2.933
2.933
2.873
2.873
2.873
2.773
2.59
2.662
2.722
2.702
2.702
0.326
0.286
0.386
0.461
0.461
0.375
0.525
0.365
0.315
0.255
0.362
0.362
0.35
0.467
0.467
0.542
0.654
0.634
0.634
0.634
0.634
0.761
0.761
0.761
0.761
0.714
0.774
0.734
0.734
0.734
0.794
0.677
1.889
1.889
2.004
2.004
2.004
2.004
2.004
2.034
2.034
1.974
1.974
1.922
1.922
1.934
1.934
1.874
1.874
1.814
1.814
1.814
1.814
1.814
1.814
1.814
1.754
1.699
1.699
1.699
1.699
1.699
0.637
0.637
0.637
0.625
2.758
5.134
5.134
3.061
3.061
3.061
3.001
3.001
3.001
3.021
3.021
3.021
2.961
3.069
3.069
3.009
3.069
0.693
0.693
0.693
0.705
0.705
0.705
0.822
2.966
2.966
2.966
0.893
0.893
0.833
0.783
0.783
0.783
0.833
0.845
0.662
0.662
0.662
0.662
0.65
0.65
0.533
0.533
0.533
0.533
0.533
0.503
0.503
0.543
0.495
0.495
0.495
0.555
0.555
0.495
0.495
0.418
0.518
0.518
0.518
0.645
0.645
0.705
0.705
0.705
0.655
0.715
0.715
0.715
0.755
0.755
0.755
0.755
0.805
0.805
0.805
0.917
0.917
0.917
0.917
1.05
1.05
1.05
1.05
1.05
1.05
1.05
1.05
1.05
1.05
1.05
1.05
1.05
1.105
1.105
1.105
1.005
0.994
0.994
0.939
0.939
0.989
0.913
0.973
1.033
0.973
0.961
0.961
0.961
0.949
1.079
1.019
1.019
1.094
1.094
1.082
1.082
1.032
0.925
0.925
0.85
0.85
0.85
0.85
0.85
0.85
0.85
0.85
0.85
0.85
0.8
0.8
0.8
0.8
0.8
0.8
0.8
0.8
0.8
0.8
0.8
0.8
0.815
0.815
0.815
0.815
0.815
0.815
0.865
0.815
0.922
0.922
0.972
0.865
0.972
0.972
1.089
1.272
1.272
1.272
1.272
1.272
1.272
1.292
1.272
1.272
1.272
1.272
1.272
1.272
1.272
1.272
1.272
1.284
1.167
1.167
1.179
1.179
1.179
0.996
0.996
0.996
0.996
0.966
0.966
0.966
0.966
0.966
0.978
0.978
0.978
0.989
0.939
0.927
0.977
1.037
1.037
1.049
1.049
0.974
0.974
0.974
0.974
0.974
0.914
1.265
1.265
1.265
1.265
0.902
0.902
0.902
0.902
0.902
1.022
1.022
1.022
1.022
0.922
0.922
0.862
0.862
0.862
0.802
0.802
0.997
0.997
0.997
0.997
1.072
3.193
3.193
3.253
1.12
1.12
0.993
0.981
0.981
1.225
1.225
1.225
1.165
1.165
1.225
1.225
1.237
1.237
0.994
0.882
0.882
0.882
0.942
1.042
1.012
1.012
1.012
0.955
1.067
1.067
1.055
1.055
0.955
0.955
0.955
0.844
0.904
0.904
0.904
0.904
0.904
0.904
0.904
0.904
0.904
0.904
0.916
0.856
0.856
0.856
0.856
0.073
0.073
0.073
0.073
0.073
0.073
0.073
0.073
0.073
0.073
0.073
0.073
0.073
0.073
0.073
0.073
0.073
0.073
0.073
0.073
0.073
0.073
0.073
0.073
0.073
0.073
0.073
0.073
0.256
0.256
0.256
0.256
0.256
0.256
0.256
0.256
0.256
0.256
0.256
0.256
0.256
0.256
0.256
0.256
0.256
0.256
0.256
0.256
0.256
0.256
0.073
0.073
0.073
0.073
0.073
0.073
0.073
0.073
0.073
0.073
0.073
0.073
0.073
0.073
0.073
0.073
0.073
0.073
0.073
0.073
