0.065
0.065
0.065
0.065
0.065
0.07100000000000001
0.075
0.075
0.198
0.354
0.393
0.3438
0.27
0.192
0.075
0.075
0.075
0.075
0.075
0.075
0.075
0.075
0.075
0.075
0.1488
0.198
0.198
0.198
0.075
0.075
0.075
0.192
0.30639999999999995
0.3098
0.308
0.369
0.075
0.075
0.075
0.075
0.075
0.0996
0.198
0.198
0.23700000000000002
0.31920000000000004
0.27
0.27
0.27
0.11400000000000002
0.075
0.075
0.075
0.075
0.075
0.1488
0.198
0.198
0.198
0.231
0.27
0.27
0.27
0.192
0.075
0.075
0.1734
0.198
0.198
0.1734
0.075
0.075
0.075
0.075
0.075
0.11400000000000002
0.27
0.27
0.27
0.3684
0.23699999999999996
0.198
0.1734
0.075
0.075
0.075
0.075
0.075
0.075
0.075
0.075
0.192
0.27
0.27
0.27
0.231
0.121
0.20800000000000002
0.2338
0.20800000000000002
0.28180000000000005
0.2584
0.365
0.365
0.379
0.3508000000000001
0.316
0.4936
0.534
0.579
0.579
0.46440000000000003
0.45600000000000007
2.439
2.439
2.439
2.526
0.8556000000000001
0.45899999999999996
0.4098
0.33120000000000005
0.324
1.9416
2.945
2.969
3.008
1.5224
0.476
0.475
0.6287999999999999
0.6254
0.6670000000000001
0.6342
0.48900000000000005
0.395
0.46579999999999994
0.335
0.4298
0.9019999999999999
2.7855999999999996
4.536
4.480600000000001
4.562
4.1774000000000004
1.6258
0.2992
0.25
0.244
0.22000000000000003
0.22000000000000003
0.22000000000000003
0.22000000000000003
0.22000000000000003
0.4149999999999999
0.44400000000000006
0.42800000000000005
3.1468000000000003
2.959
2.881
3.0868
0.28800000000000003
0.35080000000000006
0.28
0.28
1.7799999999999998
1.5628
2.722
2.722
2.77
2.9922
4.1788
4.9692
2.892
2.7936
2.613
2.574
2.574
1.5744
0.075
0.075
0.1488
0.198
0.198
0.198
0.075
0.075
0.192
0.27
0.27
0.27
0.231
0.075
0.075
0.075
0.075
0.075
0.075
0.075
0.075
0.075
0.075
0.075
0.075
0.192
0.3438
0.393
4.403
4.364
4.085
3.6537999999999995
1.52
1.51
1.494
2.7571999999999997
1.6260000000000001
1.5720000000000003
0.7550000000000001
0.781
0.592
0.625
0.5189999999999999
0.601
0.598
0.403
0.075
0.075
0.075
0.075
0.075
0.1734
0.198
0.198
0.3684
0.27
0.27
0.27
0.15299999999999997
0.075
0.075
0.075
1.8846
2.959
3.0974
3.3998
1.5134
0.4704
0.35200000000000004
0.388
0.35500000000000004
0.346
0.3718
1.5681999999999998
0.3094
0.35200000000000004
0.28600000000000003
0.383
0.358
0.9076000000000001
3.1729999999999996
3.404
3.404
2.8568
0.68
0.7093999999999999
0.198
0.198
0.1734
0.075
0.441
0.516
0.075
0.075
0.075
0.075
0.1734
0.198
0.23700000000000002
0.3684
0.27
0.27
0.27
0.11400000000000002
0.075
0.075
0.075
0.075
0.075
0.069
