0.066
0.066
0.066
0.064
0.05600000000000001
0.05600000000000001
0.05600000000000001
0.05600000000000001
0.06000000000000001
0.24919999999999995
0.295
0.295
0.295
0.20340000000000003
0.066
0.066
0.066
0.066
0.066
0.066
0.066
0.1014
0.3346
0.472
0.472
0.4366
0.295
0.066
0.066
0.066
0.066
0.066
0.066
0.066
0.1014
0.24299999999999997
0.24299999999999997
0.24299999999999997
0.2076
0.066
0.066
0.066
0.066
0.066
0.066
0.066
0.066
0.066
0.24299999999999997
0.24299999999999997
0.24299999999999997
0.42619999999999997
0.295
0.295
0.295
0.20340000000000003
0.066
0.066
0.066
0.066
0.066
0.066
0.066
0.066
0.11179999999999998
0.295
0.295
0.295
0.295
0.11179999999999998
0.1722
0.24299999999999997
0.24299999999999997
0.24299999999999997
0.13680000000000003
0.066
0.066
0.066
0.066
0.066
0.11179999999999998
0.295
0.295
0.472
0.472
0.2888
0.24299999999999997
0.066
0.066
0.066
0.066
0.066
0.066
0.066
0.066
0.066
0.1722
0.24299999999999997
0.254
0.362
0.2198
0.3082
0.354
0.40199999999999997
0.366
0.26239999999999997
0.125
0.125
1.7042000000000002
2.737
2.8305999999999996
1.8384
0.315
0.315
0.1734
0.16760000000000003
0.175
0.175
0.175
0.404
0.3962
0.391
0.391
0.2536
0.2468
0.339
0.339
0.339
0.2682
0.1706
0.125
0.125
0.125
0.2166
0.354
0.354
0.354
0.361
0.19540000000000002
0.2814
0.288
0.288
0.2526
0.11100000000000002
0.11100000000000002
0.1776
0.22200000000000003
0.22200000000000003
1.3968000000000003
0.2796
0.6906000000000001
2.277
2.277
2.277
2.4994
0.4856
0.548
0.4856
0.48640000000000005
0.349
0.9706000000000001
0.3136
0.283
0.283
0.283
0.283
0.283
0.39959999999999996
0.49799999999999994
0.505
0.5837999999999999
0.4104
0.2182
0.1824
0.2536
0.6135999999999999
0.8915999999999998
0.438
0.13680000000000003
0.066
0.201
0.2098
0.13479999999999998
0.38599999999999995
0.318
0.318
0.354
0.18280000000000002
0.0786
0.076
0.092
0.08919999999999999
0.089
0.089
0.089
0.0868
0.138
0.16260000000000002
0.066
0.20339999999999997
0.295
0.295
0.295
0.2492
0.066
0.066
0.066
0.066
0.066
0.066
0.066
0.066
0.066
0.20339999999999997
0.295
0.295
0.295
0.2492
0.066
0.066
0.066
0.1014
0.24299999999999997
0.24299999999999997
0.24299999999999997
0.2076
0.066
0.11179999999999998
0.295
0.295
0.295
0.295
0.11179999999999998
0.066
0.24240000000000003
0.3186
0.434
0.49000000000000005
1.6603999999999999
0.42000000000000004
0.40800000000000003
0.43360000000000004
0.5519999999999999
0.528
0.528
0.49260000000000004
0.24919999999999995
0.295
0.295
0.295
0.20340000000000003
0.066
0.066
0.066
0.066
0.066
0.066
0.066
0.066
0.066
0.066
0.24919999999999995
0.295
0.4366
0.472
0.38039999999999996
0.24299999999999997
0.1014
0.066
0.066
0.066
0.066
0.066
0.066
0.20340000000000003
0.20340000000000003
0.454
0.4699999999999999
0.4699999999999999
0.6064
0.5114000000000001
0.442
0.24299999999999997
0.1014
0.066
0.066
0.066
0.066
