0.05100000000000002
0.042333333333333334
0.05100000000000002
0.15960000000000002
0.20786666666666676
0.05100000000000002
0.05100000000000002
0.05100000000000002
0.05100000000000002
0.1837333333333334
0.18373333333333342
0.05100000000000002
0.05100000000000002
0.05100000000000002
0.05100000000000002
0.20786666666666673
0.15960000000000008
0.05100000000000002
0.05100000000000002
0.05100000000000002
0.20786666666666673
0.15960000000000008
0.05100000000000002
0.05100000000000002
0.0872
0.2320000000000001
0.09926666666666663
0.05100000000000002
0.07066666666666666
1.9214666666666667
0.2532
0.32700000000000007
0.42373333333333324
0.8576666666666666
0.3524
0.37939999999999985
0.4331999999999999
0.3769999999999999
0.5167333333333332
0.6950666666666667
1.0154
2.1899333333333333
0.7054666666666668
0.505
0.4074666666666666
0.7661999999999997
0.38339999999999996
0.19320000000000004
0.3016666666666666
0.049600000000000005
0.04900000000000001
0.1816
0.22986666666666666
0.4938000000000002
0.12419999999999999
0.1491333333333333
0.4151333333333333
0.5753333333333334
0.27113333333333334
0.12453333333333338
0.13526666666666667
0.2320000000000001
0.12339999999999997
0.05100000000000002
0.10806666666666663
0.14733333333333334
0.19026666666666667
1.8696666666666666
2.119266666666667
0.6136666666666667
0.5534666666666667
0.6469999999999998
0.5678
0.9962
0.5955999999999999
0.8248000000000001
3.400266666666667
3.2940666666666663
3.2796666666666665
3.2880666666666665
0.7482666666666665
0.8227999999999999
0.7248666666666667
0.743
0.7789333333333334
0.8272666666666667
1.1370666666666667
1.1392
0.8483333333333335
0.8345333333333331
0.9352666666666667
0.7084666666666666
0.5853333333333333
0.5088000000000001
0.5568666666666665
0.7590000000000001
