0.059
0.059
0.059
0.059
0.059
0.059
0.069
0.069
0.069
0.11179999999999998
0.176
0.176
0.176
0.2488
0.267
0.267
0.267
0.18780000000000002
0.069
0.069
0.069
0.069
0.069
0.09040000000000001
0.176
0.176
0.176
0.191
0.267
0.267
0.267
0.267
0.069
0.069
0.069
0.069
0.069
0.069
0.069
0.069
0.069
0.2274
0.267
0.267
0.267
0.18780000000000002
0.13319999999999999
0.176
0.176
0.176
0.069
0.069
0.069
0.069
0.069
0.069
0.069
0.069
0.069
0.069
0.1086
0.267
0.267
0.33120000000000005
0.374
0.21559999999999996
0.176
0.069
0.069
0.069
0.069
0.069
0.069
0.069
0.069
0.069
0.1728
0.374
0.374
0.374
0.267
0.1086
0.069
0.069
0.0826
0.14679999999999999
0.08239999999999999
0.13999999999999999
2.136
2.1569999999999996
2.2704
2.3472
0.39859999999999995
0.38439999999999996
0.5032
0.6536
0.643
0.657
0.667
2.0462
2.446
2.3982
2.445
0.8257999999999999
0.429
0.49499999999999994
0.46099999999999997
0.574
0.51
0.5731999999999999
0.799
0.799
0.789
0.6861999999999999
0.42400000000000004
0.42400000000000004
0.40800000000000003
0.384
0.384
0.384
0.384
0.384
0.391
0.41899999999999993
0.41899999999999993
0.603
0.582
0.582
0.582
0.46319999999999995
0.372
0.324
0.324
0.324
0.3282
0.406
0.406
0.406
0.299
0.299
0.299
0.299
0.299
0.359
0.359
1.7858
2.8011999999999997
2.8503999999999996
1.9087999999999998
0.44699999999999995
0.316
0.28
0.28
0.2792
0.069
0.069
0.069
0.069
0.14820000000000003
0.267
0.33120000000000005
0.374
0.374
0.176
0.069
0.069
0.069
0.069
0.069
0.069
0.069
0.069
0.069
0.069
0.069
0.069
0.11179999999999998
0.176
0.33440000000000003
0.374
0.28840000000000005
0.267
0.18780000000000002
0.069
0.069
0.069
0.069
0.069
0.069
0.13319999999999999
0.176
0.21559999999999996
0.374
0.267
0.267
0.267
0.1086
0.069
0.22000000000000003
0.256
0.6148
1.0592
0.327
0.44699999999999995
0.4476
1.7078
2.5462
2.6550000000000002
0.069
0.069
0.2274
0.267
0.267
0.28840000000000005
0.29479999999999995
0.176
0.176
0.11179999999999998
0.069
0.069
0.069
0.069
0.069
0.069
0.069
0.13319999999999999
0.176
0.176
0.176
0.069
0.069
0.069
2.5286
2.8993999999999995
2.6276
0.8239999999999998
1.108
0.9099999999999999
0.946
0.906
0.1546
0.176
0.176
0.1546
0.069
0.069
0.069
0.069
0.069
0.1086
0.267
0.267
0.267
0.267
0.1086
0.069
0.27440000000000003
0.21780000000000005
0.25660000000000005
0.4864
0.26559999999999995
0.3539999999999999
0.2854
0.284
0.069
0.069
0.14820000000000003
0.267
0.267
0.267
0.3526000000000001
0.176
0.176
0.1546
0.069
0.069
0.069
0.069
0.069
0.069
0.267
0.267
0.267
0.267
0.14819999999999997
0.069
0.069
0.13319999999999999
