0.071
0.071
0.071
0.071
0.06899999999999999
0.061
0.061
0.0622
0.063
0.063
0.2122
0.257
0.257
0.257
0.18339999999999998
0.073
0.073
0.073
0.073
0.073
0.073
0.1682
0.192
0.192
0.1682
0.1834
0.257
0.257
0.257
0.2202
0.073
0.073
0.073
0.073
0.073
0.073
0.073
0.073
0.073
0.073
0.073
0.073
0.073
0.073
0.073
0.073
0.073
0.073
0.073
0.257
0.257
0.257
0.257
0.14659999999999998
0.073
0.073
0.073
0.1682
0.192
0.192
0.1682
0.073
0.073
0.257
0.257
0.257
0.257
0.14659999999999998
0.073
0.073
0.073
0.073
0.073
0.073
0.073
0.073
0.073
0.073
0.073
0.073
0.073
0.1682
0.33920000000000006
0.376
0.3522
0.257
0.18339999999999998
0.073
0.073
0.0718
0.075
0.175
0.1774
0.11400000000000002
0.126
0.20739999999999997
0.388
0.42400000000000004
0.591
0.599
0.4149999999999999
0.33540000000000003
0.364
0.496
0.18
0.21880000000000002
0.22800000000000004
0.25620000000000004
0.295
0.44220000000000004
0.8061999999999999
0.9644
0.994
0.8966
0.567
0.2894
0.3624
0.529
0.649
0.649
0.649
0.633
0.5690000000000001
0.329
0.329
0.309
0.309
0.29860000000000003
0.599
0.599
0.599
0.5514
0.36960000000000004
0.296
0.296
0.296
0.27999999999999997
0.256
0.26339999999999997
0.413
0.9602
0.28580000000000005
0.3914000000000001
0.465
0.465
0.5631999999999999
0.6811999999999999
0.534
0.534
0.4149999999999999
0.4149999999999999
0.4149999999999999
0.4149999999999999
0.4144
0.414
0.386
0.374
0.374
0.374
0.35960000000000003
0.338
0.4484
0.9012
2.67
2.67
2.6332
0.28840000000000005
0.2586
0.321
0.32880000000000004
0.334
0.334
0.334
0.334
0.334
0.40199999999999997
0.41899999999999993
0.3494
0.3766
0.515
0.522
0.5142
0.509
0.4202
0.45600000000000007
0.47359999999999997
0.45220000000000005
0.30100000000000005
0.24139999999999998
0.253
0.37700000000000006
0.5804
0.6058
0.797
0.8220000000000001
0.8417999999999999
0.865
2.6586
3.5324
2.588
2.5284
1.3284
0.53
0.4548
0.438
0.44719999999999993
0.3048
0.5032
0.6440000000000001
0.7988
0.791
0.6978
0.6766
0.7828000000000002
1.5379999999999998
0.8398
0.874
0.66
0.66
0.7517999999999999
0.6670000000000001
0.6779999999999999
0.9789999999999999
0.6268
0.5182
1.388
0.379
0.207
0.2566
0.43759999999999993
0.5919999999999999
1.331
1.7921999999999998
1.7849999999999997
1.7849999999999997
1.8974
1.8893999999999997
1.902
1.986
1.966
2.1344000000000003
1.9998
3.2056000000000004
0.9892
0.5692
0.471
0.6130000000000001
0.732
0.834
0.73
0.7698
0.49239999999999995
0.438
1.034
1.5018000000000002
0.547
0.499
0.767
2.2494
0.9650000000000001
0.9937999999999999
0.8848
0.771
0.7288
0.917
2.4066
0.9099999999999999
0.5254000000000001
0.6646000000000001
0.6749999999999999
0.7070000000000001
0.749
0.438
0.4366
0.5086
0.5878
0.5142
0.5456000000000001
0.6000000000000001
0.542
0.5598
0.5114
0.545
0.45499999999999996
0.37
0.4694
0.5514
0.40440000000000004
