0.7346666666666668
0.8753333333333333
0.33126666666666643
0.05533333333333335
0.06200000000000003
0.06200000000000003
0.06200000000000003
0.06200000000000003
0.06200000000000003
0.06200000000000003
0.06200000000000003
0.06200000000000003
0.06200000000000003
0.06200000000000003
0.06200000000000003
0.06200000000000003
0.06200000000000003
0.06200000000000003
0.06200000000000003
0.06200000000000003
0.06200000000000003
0.06200000000000003
0.06200000000000003
0.06200000000000003
0.06200000000000003
0.06200000000000003
0.06200000000000003
0.06200000000000003
0.06973333333333333
2.4135333333333318
0.3264666666666667
0.3003333333333334
0.2649999999999999
0.47726666666666673
0.5748666666666665
0.5583333333333332
0.5914666666666667
0.6023333333333335
0.4211333333333334
0.39106666666666656
0.38833333333333325
0.4116666666666665
0.7514000000000003
0.3158
0.26280000000000003
0.24800000000000005
1.2824
2.195666666666666
0.3906000000000001
0.35079999999999995
0.282
0.282
0.2952000000000001
0.30519999999999997
0.34919999999999995
2.2985999999999995
2.685
2.685
2.685
0.6938
0.19799999999999998
0.33746666666666664
0.2940000000000001
0.39646666666666663
0.482
0.39653333333333335
0.4553333333333333
0.38486666666666675
0.4801333333333332
0.5574666666666666
0.5046666666666666
0.5576666666666665
0.6480666666666669
0.2755333333333333
0.2992
0.14500000000000002
0.153
0.23013333333333327
0.264
0.8275333333333331
0.9473333333333335
0.6836666666666668
0.5258666666666666
0.5005333333333333
0.42460000000000003
0.3996
0.4988666666666666
0.6293333333333334
0.6379999999999999
0.7416666666666668
0.5993333333333333
0.5283333333333332
0.5323333333333334
0.5377333333333334
0.5143333333333334
0.5573333333333333
