0.05500000000000001
0.05500000000000001
0.045
0.045
0.1142
0.21800000000000003
0.2606
0.43099999999999994
0.441
0.18280000000000002
0.05500000000000001
0.05500000000000001
0.05500000000000001
0.05500000000000001
0.05500000000000001
0.05500000000000001
0.05500000000000001
0.05500000000000001
0.05500000000000001
0.05500000000000001
0.05500000000000001
0.268
0.33720000000000006
0.3984
0.22800000000000004
0.22800000000000004
0.22800000000000004
0.05500000000000001
0.05500000000000001
0.05500000000000001
0.05500000000000001
0.05500000000000001
0.05500000000000001
0.05500000000000001
0.05500000000000001
0.05500000000000001
0.05500000000000001
0.05500000000000001
0.05500000000000001
0.05500000000000001
0.05500000000000001
0.05500000000000001
0.1242
0.441
0.441
0.3984
0.22800000000000004
0.05500000000000001
0.05500000000000001
0.05500000000000001
0.05500000000000001
0.05500000000000001
0.05500000000000001
0.05500000000000001
0.05500000000000001
0.05500000000000001
0.05500000000000001
0.268
0.4064
0.3984
0.22600000000000003
0.29080000000000006
0.2784
0.177
0.177
0.177
0.129
0.10740000000000001
0.05500000000000001
0.05500000000000001
0.05500000000000001
0.2254
0.268
0.268
0.05500000000000001
0.05500000000000001
0.0896
0.22800000000000004
0.22800000000000004
0.22800000000000004
0.22800000000000004
0.0896
0.05500000000000001
0.05500000000000001
0.05500000000000001
0.05500000000000001
0.101
0.5096
0.9914
0.40599999999999997
0.6483999999999999
0.5080000000000001
0.40199999999999997
0.442
0.3168
0.16899999999999998
0.149
0.125
0.213
0.253
0.233
0.225
0.5862
0.63
0.618
0.4902000000000001
0.437
0.417
0.39540000000000003
0.417
0.4130000000000001
0.453
0.445
0.445
0.44020000000000004
0.433
0.433
0.5793999999999999
0.6552
0.7070000000000001
0.446
0.4556
0.4556
0.285
0.285
0.285
0.05500000000000001
0.05500000000000001
0.05500000000000001
0.05500000000000001
0.065
0.8582000000000001
0.5654
0.5212
0.3658
0.475
0.877
1.0008000000000001
0.14179999999999998
0.11300000000000002
0.11300000000000002
0.13799999999999998
0.238
0.238
0.268
0.143
0.143
0.143
0.316
0.328
0.4732
0.601
0.4972
0.31220000000000003
0.231
0.307
0.267
0.23900000000000002
0.227
1.0182
0.6216000000000002
0.225
0.213
0.213
1.9968000000000004
2.486
2.5336000000000003
2.6122
0.9873999999999998
1.5937999999999999
0.49660000000000004
0.742
0.716
0.5438
0.404
0.4640000000000001
0.504
0.534
0.6556
0.844
0.8416
0.6760000000000002
0.687
0.5486000000000001
0.48200000000000004
0.406
0.44460000000000005
0.599
0.268
0.18280000000000002
0.05500000000000001
0.05500000000000001
2.204
2.2728
2.2992
2.268
2.2803999999999998
1.1374
0.257
0.173
0.389
0.571
0.776
0.732
0.6462000000000001
0.3806
1.5478
0.38199999999999995
0.41
0.422
0.421
0.285
0.29699999999999993
0.28259999999999996
0.273
0.3292
0.9134
0.916
0.8294
0.627
0.5786
0.5414
0.6778000000000001
0.7738
2.4015999999999997
2.6525999999999996
2.655
2.6645999999999996
1.4771999999999998
0.528
0.7024
0.9259999999999999
0.9179999999999999
0.8874000000000001
0.6158
0.544
0.544
0.6394
0.651
0.5873999999999999
0.573
0.6678
0.621
0.7238
0.7648
0.9286
1.1778
1.107
1.0226
1.1163999999999998
1.8801999999999999
0.569
0.5589999999999999
0.595
0.575
0.6093999999999999
0.6406000000000001
0.7538
0.9056000000000001
0.86
0.8
0.7520000000000001
0.659
0.595
0.6397999999999999
0.664
0.6839999999999999
0.4396
0.23200000000000004
0.29200000000000004
0.272
0.36179999999999995
0.34199999999999997
0.24500000000000002
0.197
1.3748
0.22499999999999995
0.33299999999999996
0.05500000000000001
0.4064
0.441
0.3984
0.22800000000000004
0.15880000000000002
0.05500000000000001
0.05500000000000001
0.05500000000000001
0.05500000000000001
