0.062
0.05800000000000001
0.05800000000000001
0.05800000000000001
0.05800000000000001
0.05800000000000001
0.064
0.08319999999999998
0.08080000000000001
0.076
0.0728
0.266
0.3658
0.339
0.351
0.23100000000000004
0.201
0.32499999999999996
0.3008
0.38239999999999996
0.4384
0.44800000000000006
0.3806
2.5763999999999996
3.3300000000000005
3.286
3.316
2.0618000000000003
0.17
0.22200000000000003
0.318
0.41000000000000003
0.40199999999999997
0.44399999999999995
0.8634000000000001
1.2268000000000001
0.508
0.607
0.6292
0.694
0.8712
0.625
0.595
1.2016
3.596
3.588
3.62
3.0134
0.6020000000000001
0.709
0.689
0.6769999999999999
0.6294
0.57
0.594
0.7170000000000001
0.695
1.8532
0.795
2.0202
3.7380000000000004
3.681
3.681
2.3914
0.599
0.9583999999999999
1.2457999999999998
0.4558
0.44299999999999995
0.9896
3.4159999999999995
3.461
3.5150000000000006
2.8444
0.418
0.358
0.343
0.303
0.293
0.9635999999999999
3.3660000000000005
4.4642
3.336
2.7394
0.273
0.36619999999999997
0.41500000000000004
0.347
2.1762
2.8586
4.505
4.7102
4.925800000000001
3.7201999999999997
3.3950000000000005
3.375
3.4869999999999997
3.4549999999999996
1.7558
0.8724000000000002
0.4986
0.593
0.45
0.7654
1.1927999999999999
0.602
0.21279999999999996
0.142
0.142
0.292
0.24100000000000002
0.2764
0.2566
0.142
0.31179999999999997
1.0234
2.569
2.569
2.569
2.569
2.569
2.569
2.6284
2.668
2.668
2.668
2.569
2.0692
0.07
0.07
0.07
0.07
0.07
0.07
0.07
0.07
0.07
0.07
0.07
0.07
0.07
0.07
0.07
0.07
0.07
0.12940000000000002
0.169
0.169
0.169
0.07
0.07
0.07
0.07
0.07
0.07
0.07
0.07
0.07
0.1096
0.169
0.169
0.169
0.08980000000000002
0.07
0.07
0.07
0.07
0.07
0.07
0.07
0.07
0.07
0.07
0.07
0.07
0.07
0.14920000000000003
0.169
0.169
0.1492
0.07
0.07
0.07
0.07
0.07
0.07
0.19
0.21480000000000002
1.2962
0.27
0.5416
0.6970000000000001
0.6402
0.577
0.4598
0.43599999999999994
0.476
0.4856
0.5879999999999999
0.634
0.62
0.5958
0.5929999999999999
0.561
0.47300000000000003
0.544
0.64
0.578
0.48
0.5870000000000001
0.6970000000000001
7.0207999999999995
0.7774000000000001
3.1224
3.685
3.7199999999999998
3.726
1.6280000000000001
1.3703999999999998
0.58
0.516
1.0666
3.567
3.711
3.683
3.0879999999999996
0.7769999999999999
0.7986000000000001
0.781
0.7218
0.6540000000000001
0.5660000000000001
0.6759999999999999
0.655
0.6584000000000001
0.668
0.7
0.6759999999999999
3.649
3.772
3.7984
3.81
0.7594
0.6279999999999999
0.4772
0.6468
0.43200000000000005
0.49400000000000005
0.45280000000000004
2.8594
3.499
3.539
3.6046
1.1835999999999998
0.485
0.42699999999999994
0.391
0.421
0.453
0.453
0.5329999999999999
0.46900000000000003
0.46299999999999997
0.5074
0.502
0.538
0.41400000000000003
0.325
1.6183999999999998
3.469
3.5729999999999995
3.533
2.2298
0.398
0.3346
0.301
0.33099999999999996
3.2649999999999997
3.3340000000000005
3.3340000000000005
3.3340000000000005
1.5382
0.22700000000000004
0.21500000000000002
0.203
0.203
0.07
0.1096
