0.2146666666666666
0.07000000000000003
0.06453333333333336
0.05960000000000001
0.13680000000000003
0.6997333333333333
0.7184666666666666
0.48186666666666683
0.5250666666666666
0.4008
0.45186666666666664
0.5695333333333333
0.7379333333333336
0.3935333333333334
0.4879333333333334
0.2838666666666667
0.22419999999999998
0.2973333333333333
0.1602666666666666
0.06600000000000003
0.06600000000000003
0.09360000000000003
0.2730000000000001
0.13500000000000006
0.06600000000000003
0.06600000000000003
0.2526666666666667
0.4655333333333334
0.29806666666666665
0.2677333333333333
0.8014
3.1764666666666677
3.022600000000001
3.317799999999999
2.4952666666666667
0.5128666666666668
0.5276666666666666
0.3256
0.32726666666666665
0.2692
0.4494
0.4288666666666666
0.21
0.21
0.19893333333333327
0.40099999999999986
0.2653999999999999
0.14699999999999996
0.14699999999999996
0.23766666666666653
0.26080000000000003
0.3134000000000002
0.08733333333333336
2.1870000000000003
1.8274666666666672
0.0916
0.27099999999999996
0.1574
0.1372
0.19079999999999997
0.382
0.4966666666666665
0.30879999999999996
0.3299333333333333
0.3240666666666667
0.6096
0.3907999999999999
0.2654666666666666
0.2624
0.3456666666666666
1.6232
2.623
1.1467999999999996
0.5940666666666665
0.7301999999999998
0.7653333333333332
0.6029333333333332
0.5768000000000001
1.1386666666666667
0.6526666666666667
0.5199333333333334
0.5174666666666666
0.52
0.5065333333333333
0.6485333333333333
0.49759999999999993
0.4129333333333332
0.33786666666666654
0.1696666666666667
0.1900666666666667
0.3908000000000001
0.4596
0.3340666666666667
0.358
0.2579999999999999
0.2730000000000001
