0.512
0.5138
0.523
0.563
0.491
0.5854
0.626
0.28840000000000005
0.066
0.06
0.06
0.06
0.064
0.07
0.2002
0.287
0.287
0.287
0.24359999999999998
0.07
0.07
0.07
0.0982
0.211
0.211
0.211
0.1828
0.11339999999999999
0.287
0.287
0.287
0.287
0.11339999999999999
0.07
0.07
0.07
0.07
0.07
0.07
0.07
0.07
0.07
0.07
0.07
0.07
0.07
0.07
0.24359999999999996
0.287
0.3716
0.42800000000000005
0.34120000000000006
0.211
0.1264
0.07
0.07
0.07
0.07
0.07
0.07
0.07
0.0982
0.211
0.211
0.211
0.1828
0.07
0.07
0.287
0.287
0.287
0.287
0.1568
0.07
0.07
0.07
0.07
0.07
0.07
0.07
0.07
0.0982
0.211
0.2544
0.42800000000000005
0.3998
0.287
0.287
0.11339999999999999
0.0688
0.068
5.8178
0.10400000000000001
0.10400000000000001
1.3980000000000001
0.14400000000000002
0.16240000000000002
0.3258
0.402
0.402
0.627
0.508
0.4779999999999999
0.4612
0.3158
0.28099999999999997
0.321
0.28020000000000006
0.2506
0.264
0.248
0.29600000000000004
0.8506
1.2562000000000002
0.29000000000000004
0.378
6.219200000000001
0.387
0.366
0.4184
1.6512
0.277
0.2716
0.268
0.268
4.0892
2.1246
0.20800000000000002
0.148
0.20460000000000003
0.24900000000000003
0.24900000000000003
1.5390000000000001
0.35
0.337
0.337
0.767
1.1102
0.12
0.12
0.156
0.11400000000000002
0.07
0.07
0.07
0.5516
0.3878
0.18
0.18
0.18
0.18
0.403
0.5364000000000001
0.539
0.539
0.398
0.181
0.181
0.181
0.11440000000000002
0.07
0.07
0.07
0.07
0.07
0.07
0.2002
0.287
0.287
0.287
0.2718
0.211
0.211
0.211
0.1828
0.07
0.07
0.07
0.07
0.07
0.07
0.1568
0.287
0.3716
0.42800000000000005
0.42800000000000005
0.211
0.1264
0.07
0.07
0.07
0.07
0.07
0.07
0.07
0.07
0.2002
0.287
0.287
0.287
0.24359999999999998
0.07
0.07
0.1366
0.181
0.168
0.176
0.124
0.1456
0.179
0.3008
0.4944
0.45600000000000007
0.45600000000000007
0.45600000000000007
0.18200000000000002
0.07
0.07
0.07
0.07
0.07
0.07
0.24359999999999996
0.353
0.4795999999999999
0.534
0.5214
0.5920000000000001
0.58
0.544
0.5038
0.35900000000000004
0.389
0.3960000000000001
0.3548
0.5401999999999999
0.6564
0.685
0.725
0.6930000000000001
0.547
0.501
0.522
0.6066
0.6750000000000002
0.6739999999999999
1.498
1.3654
1.3142
1.322
1.357
1.5248000000000002
0.685
0.652
0.5704
0.5732
1.8387999999999998
0.572
0.563
0.43740000000000007
0.3758
0.376
0.42000000000000004
0.392
0.421
0.425
0.4
0.43520000000000003
0.534
0.34020000000000006
0.211
0.2262
0.287
0.287
0.287
0.287
0.11339999999999999
0.07
0.07
0.07
0.07
0.07
0.07
0.211
0.211
0.29779999999999995
0.42800000000000005
0.287
