0.074
0.074
0.074
0.074
0.074
0.074
0.074
0.074
0.074
0.074
0.074
0.064
0.064
0.064
0.064
0.064
0.064
0.064
0.064
0.064
0.064
0.064
0.064
0.064
0.064
0.064
0.064
0.064
0.064
0.064
0.064
0.064
0.064
0.064
0.064
0.064
0.064
0.064
0.064
0.064
0.064
0.074
0.074
0.074
0.074
0.074
0.074
0.074
0.074
0.074
0.074
0.074
0.074
0.074
0.074
0.074
0.074
0.074
0.074
0.074
0.074
0.074
0.074
0.074
0.074
0.074
0.074
0.074
0.247
0.247
0.247
0.247
0.247
0.247
0.247
0.247
0.247
0.247
0.247
0.247
0.247
0.247
0.247
0.247
0.247
0.247
0.247
0.247
0.247
0.247
0.074
0.074
0.074
0.074
0.074
0.074
0.074
0.074
0.074
0.074
0.074
0.074
0.074
0.074
0.074
0.074
0.074
0.074
0.074
0.074
0.074
0.074
0.074
0.074
0.074
0.074
0.074
0.074
0.074
0.074
0.074
0.074
0.074
0.074
0.074
0.074
0.074
0.074
0.074
0.074
0.074
0.074
0.074
0.074
0.074
0.074
0.074
0.074
0.074
0.074
0.074
0.074
0.074
0.074
0.074
0.074
0.074
0.074
0.074
0.074
0.074
0.074
0.074
0.074
0.074
0.074
0.074
0.074
0.074
0.247
0.247
0.247
0.247
0.247
0.247
0.247
0.247
0.247
0.247
0.247
0.247
0.247
0.247
0.247
0.247
0.247
0.247
0.247
0.247
0.247
0.247
0.074
0.074
0.074
0.074
0.074
0.074
0.074
0.074
0.074
0.074
0.074
0.074
0.074
0.074
0.074
0.074
0.074
0.074
0.074
0.074
0.074
0.074
0.074
0.074
0.074
0.074
0.074
0.074
0.074
0.074
0.074
0.074
0.074
0.074
0.074
0.074
0.074
0.074
0.074
0.074
0.074
0.074
0.074
0.074
0.074
0.074
0.074
0.074
0.074
0.074
0.247
0.247
0.247
0.247
0.247
0.247
0.247
0.247
0.247
0.247
0.247
0.247
0.247
0.247
0.247
0.247
0.247
0.247
0.247
0.247
0.247
0.247
0.074
0.074
0.074
0.074
0.074
0.074
0.074
0.074
0.074
0.074
0.074
0.074
0.074
0.074
0.074
0.074
0.074
0.074
0.074
0.074
0.074
0.074
0.074
0.074
0.074
0.074
0.074
0.074
0.074
0.074
0.074
0.074
0.074
0.074
0.074
0.074
0.074
0.074
0.074
0.074
0.074
0.074
0.074
0.074
0.074
0.074
0.074
0.074
0.074
0.074
0.074
0.074
0.074
0.074
0.074
0.074
0.074
0.074
0.074
0.074
0.074
0.074
0.247
0.247
0.247
0.247
0.247
0.247
0.247
0.247
0.247
0.247
0.247
0.247
0.247
0.247
0.247
0.247
0.247
0.247
0.247
0.247
0.247
0.247
0.074
0.074
0.074
0.074
0.074
0.074
0.074
0.074
0.074
0.074
0.074
0.074
0.074
0.074
0.074
0.074
0.074
0.074
0.074
0.074
0.074
0.074
0.074
0.074
0.074
0.074
0.074
0.074
0.074
0.074
0.074
0.074
0.074
0.074
0.074
0.074
0.074
0.074
0.074
0.074
0.074
0.074
0.074
0.074
0.074
0.074
0.074
0.074
0.074
0.074
0.074
0.074
0.074
0.072
0.072
0.092
0.092
0.092
0.092
0.092
0.092
0.092
0.192
0.192
0.192
0.192
0.192
0.232
0.232
0.232
0.232
0.292
0.292
0.292
0.352
0.412
0.412
0.412
0.412
0.412
0.512
0.512
0.512
0.512
0.512
0.512
0.512
0.512
0.472
0.472
0.472
0.452
0.392
0.392
0.332
0.332
0.332
0.632
0.632
0.632
0.692
0.632
0.632
0.632
0.532
0.532
0.632
0.632
0.632
0.805
0.88
0.82
0.82
0.82
0.914
0.914
0.914
0.914
0.914
0.914
0.914
0.914
0.914
0.914
0.914
0.914
0.914
0.914
0.914
0.914
0.914
0.741
0.741
0.707
0.647
0.707
0.707
0.707
0.707
0.807
0.807
0.707
0.707
0.707
0.707
0.707
0.707
0.407
0.407
0.407
0.407
0.407
0.447
0.447
0.447
0.407
0.407
0.407
0.407
0.407
0.407
0.407
0.407
0.407
0.807
0.867
0.867
0.867
0.867
0.867
0.867
0.867
0.867
0.867
0.867
0.867
0.807
0.927
0.927
0.947
0.947
1.12
1.12
1.145
1.145
1.045
1.005
0.96
0.96
0.96
1
1
1
0.94
0.94
0.94
0.9
1
1
1.04
1.04
1.04
1.04
0.867
0.867
0.867
0.867
0.867
0.867
0.867
3.139
3.139
3.139
0.827
0.887
0.887
0.827
0.827
0.767
0.767
0.827
0.767
0.767
0.767
0.767
0.707
0.607
0.307
0.307
0.307
0.307
0.307
0.307
0.307
0.207
0.207
0.207
0.207
0.207
0.207
0.207
0.207
0.207
0.207
0.207
0.207
0.207
0.207
0.207
0.227
0.227
0.227
0.227
0.227
0.227
0.207
0.207
0.207
0.207
0.207
0.192
0.192
0.192
0.365
0.365
0.365
0.365
0.365
0.365
0.365
0.365
0.365
0.365
0.365
0.365
0.365
0.365
0.365
0.365
0.365
0.365
0.365
0.365
0.365
0.365
0.192
0.192
0.192
0.192
0.192
0.192
0.192
0.192
0.192
0.192
0.192
0.192
0.192
0.192
0.192
0.192
0.192
0.192
0.192
0.192
0.192
0.192
0.192
0.192
0.192
0.192
0.192
0.192
0.192
0.192
0.192
0.192
0.192
0.192
0.192
0.192
0.192
0.192
0.192
0.192
0.132
0.132
0.132
0.132
0.132
0.132
0.132
0.132
0.132
0.132
0.132
0.46
0.46
0.46
0.46
0.132
0.132
0.132
0.132
0.132
0.132
0.132
0.092
0.092
0.192
0.192
0.192
0.092
0.092
0.092
0.092
0.092
1.029
1.029
1.029
0.092
0.092
0.092
3.341
3.341
3.341
0.092
0.092
0.092
0.092
0.092
2.122
2.122
2.122
2.122
2.122
2.122
2.122
2.122
3.059
3.059
3.232
2.327
2.327
2.327
2.307
2.307
4.47
4.47
4.47
4.47
4.47
4.57
4.57
4.57
4.57
4.57
4.57
2.54
2.54
2.54
2.58
2.58
2.407
2.407
2.407
2.407
2.274
2.274
2.274
2.274
2.274
2.274
2.274
2.274
2.274
2.274
2.274
2.274
2.274
2.274
2.274
2.274
2.234
2.234
2.274
2.274
2.274
2.274
2.274
2.274
2.274
2.274
2.274
0.204
0.204
0.204
0.204
0.204
0.104
0.104
0.104
0.104
0.104
0.104
0.164
0.258
0.258
0.258
0.258
0.258
0.298
0.358
2.67
2.67
2.638
0.326
0.172
0.172
0.172
0.172
0.172
0.172
0.172
0.297
0.297
0.172
0.172
0.172
0.297
0.429
0.429
0.429
0.429
0.542
0.542
0.542
0.542
0.542
0.542
0.542
0.542
0.542
0.542
0.542
0.542
0.542
0.542
0.542
0.542
0.542
0.542
0.542
0.542
0.542
0.542
0.369
0.369
0.369
0.369
0.369
0.369
0.369
0.369
0.329
0.329
0.329
0.329
0.329
0.329
0.329
0.329
0.329
0.329
0.329
0.329
0.329
0.329
0.329
0.329
0.329
0.204
0.204
0.204
0.204
0.204
0.204
0.204
0.276
0.276
0.276
0.276
0.276
0.276
0.276
0.276
2.259
2.384
2.384
2.404
2.384
2.557
2.557
2.525
2.525
2.525
2.525
2.853
2.853
2.853
2.853
2.525
2.525
2.525
2.585
2.585
2.625
0.642
0.796
0.702
0.702
0.702
0.702
0.529
0.529
0.529
0.529
0.529
0.544
0.544
0.544
0.544
0.544
0.544
0.484
0.484
0.484
0.484
0.484
0.484
0.584
0.584
0.584
0.484
0.584
0.524
0.564
0.564
0.564
0.564
0.524
0.524
0.524
0.484
0.444
0.444
0.444
0.444
0.444
0.384
0.424
0.424
0.424
0.424
0.424
0.424
0.424
0.424
0.424
0.424
0.424
0.597
0.597
0.597
0.617
0.617
0.617
0.617
0.617
0.617
0.826
0.926
0.749
0.709
0.709
0.845
0.845
0.845
0.845
0.845
0.945
0.945
0.925
0.929
0.929
0.752
0.752
0.652
0.652
0.652
0.652
0.637
0.737
0.737
0.737
0.737
0.874
0.874
0.697
0.697
0.697
0.697
0.712
0.772
0.712
0.712
0.712
0.712
0.712
0.889
0.889
1.287
1.247
1.307
1.307
1.307
0.74
0.74
0.74
0.74
0.68
0.68
0.68
0.62
0.62
0.52
0.52
0.52
0.793
0.793
0.733
0.733
0.733
0.833
0.833
0.893
0.893
0.733
0.733
0.733
0.745
0.745
0.62
0.588
0.588
0.588
0.588
0.628
0.588
0.588
0.415
0.415
0.415
0.415
0.415
0.415
0.415
0.415
0.575
0.575
0.635
0.575
0.735
0.735
0.735
0.635
0.635
0.575
0.575
0.575
0.575
0.575
0.575
0.575
0.575
2.872
2.872
2.872
0.56
0.592
0.592
0.592
0.592
0.592
0.532
0.532
0.532
0.532
0.532
0.532
0.512
0.452
0.472
0.472
0.472
0.472
0.472
0.412
0.412
0.412
0.4
0.4
0.4
0.4
0.4
0.38
0.38
0.38
0.48
0.48
0.44
0.44
0.44
0.613
0.613
0.613
0.673
0.673
0.673
0.693
0.693
0.693
0.693
0.708
0.708
0.708
0.708
0.708
0.708
0.708
0.708
0.708
0.708
0.708
0.708
0.535
0.535
0.535
0.535
0.535
0.535
0.535
0.535
0.535
0.535
0.535
0.535
0.535
0.535
0.535
0.535
0.535
0.543
0.503
0.443
0.503
0.597
0.597
0.597
0.597
0.657
0.597
0.597
0.597
0.657
0.657
0.657
0.657
0.657
0.657
0.657
0.657
0.597
0.597
0.657
0.657
0.717
0.717
0.657
0.657
0.657
0.657
0.689
0.989
0.989
0.814
0.814
0.814
0.814
3.126
3.126
3.126
0.814
0.814
0.814
0.7
0.685
0.685
0.685
0.685
0.625
0.725
0.725
0.725
0.725
0.725
0.725
0.725
0.725
0.74
0.74
0.74
0.74
0.74
0.78
0.84
0.84
0.8
0.8
0.8
0.8
0.8
0.852
0.812
0.812
0.812
0.852
0.752
0.752
0.925
0.945
0.945
0.905
0.905
0.905
0.905
0.905
0.905
0.905
0.845
0.845
0.845
0.845
0.845
0.905
0.945
0.945
0.945
0.985
0.985
0.985
0.772
0.772
0.772
0.772
0.74
0.74
0.74
0.74
0.615
0.575
0.575
0.575
0.907
0.907
0.947
0.947
0.947
0.947
0.647
0.647
0.647
0.647
0.647
0.647
0.511
0.511
0.511
0.511
0.511
0.511
0.511
0.484
0.484
0.784
0.744
0.744
0.744
0.744
0.744
0.744
0.744
0.744
0.744
0.744
0.744
0.656
0.656
0.671
0.731
0.731
0.831
1.004
1.004
1.104
1.104
1.004
1.004
1.004
1.004
1.004
1.004
1.004
1.004
1.004
1.004
1.004
1.004
1.004
0.944
0.944
1.044
0.944
0.944
0.771
0.771
0.671
0.771
0.771
0.771
0.671
0.671
0.671
0.671
0.671
0.671
0.639
0.639
0.639
0.639
0.639
0.639
0.639
0.779
0.779
0.779
0.779
0.779
0.779
0.739
0.739
0.739
0.799
0.799
0.799
0.799
0.912
0.912
0.912
0.912
0.912
0.912
0.812
0.912
0.904
0.856
0.856
0.731
0.731
0.731
0.916
0.901
0.901
0.074
0.074
0.074
0.074
0.074
0.074
0.074
0.074
0.074
0.074
0.414
0.514
0.65
0.65
0.65
0.65
0.65
0.65
0.65
0.55
0.247
0.247
0.247
0.247
0.247
0.247
0.247
0.247
0.247
0.247
0.247
0.247
0.074
0.074
0.074
0.074
0.074
0.074
0.074
0.074
0.074
0.074
0.074
0.074
0.074
0.074
0.074
0.074
0.074
0.074
0.074
0.074
0.074
0.074
0.074
0.074
0.074
0.074
0.074
0.074
0.074
0.074
0.074
0.074
0.074
0.074
0.074
0.074
0.074
0.074
0.074
0.074
0.074
0.074
0.074
0.074
0.074
0.074
0.074
0.247
