0.12366666666666665
0.14833333333333332
0.16460000000000002
0.3049333333333334
0.26139999999999997
2.316
0.7262000000000002
0.2993333333333333
0.3052
0.1508
0.06899999999999998
0.1402
0.283
0.3314666666666667
0.12133333333333331
0.06899999999999998
0.26859999999999995
0.26006666666666667
0.06899999999999998
0.18413333333333334
0.16319999999999998
0.06899999999999998
0.06899999999999998
0.06899999999999998
0.2956666666666667
0.3272
0.18413333333333334
0.10500000000000001
0.1626
0.1054
0.3125333333333333
0.5109333333333332
0.4258
0.21553333333333333
0.13179999999999997
0.16393333333333332
0.23513333333333325
0.06899999999999998
0.3052
0.17173333333333332
0.06899999999999998
0.06899999999999998
0.21220000000000003
0.35693333333333327
0.23786666666666667
0.06899999999999998
0.11220000000000002
0.1554
0.1402
0.3516666666666666
0.18553333333333333
0.06899999999999998
0.06899999999999998
0.14226666666666665
0.33373333333333327
0.40586666666666665
0.3294
0.32786666666666675
0.3463333333333333
0.24419999999999992
0.4047999999999998
0.158
0.361
0.48433333333333345
0.9634666666666664
0.5249333333333335
0.5691333333333334
0.6430000000000001
0.5688666666666667
1.7022666666666668
2.7136
2.533466666666666
1.6500000000000001
1.8280666666666663
1.7973333333333337
1.7532
1.9108000000000005
1.8644000000000003
2.1251999999999995
1.3928666666666665
0.7240666666666667
0.7571333333333333
0.8349333333333335
1.0038000000000002
0.8136000000000002
0.7072666666666667
0.5272
1.0307333333333333
2.8725333333333336
1.6518666666666662
0.8119333333333333
0.9065333333333334
1.0916666666666666
0.8805333333333333
0.8135333333333334
0.9151333333333331
