0.066
0.066
0.057999999999999996
0.14800000000000002
0.171
0.171
0.14800000000000002
0.05600000000000001
0.064
0.066
0.066
0.066
0.066
0.066
0.066
0.066
0.066
0.066
0.11200000000000002
0.3466
0.388
0.388
0.296
0.1902
0.066
0.066
0.066
0.066
0.066
0.066
0.066
0.066
0.066
0.273
0.273
0.273
0.273
0.14880000000000004
0.066
0.158
0.181
0.181
0.158
0.066
0.066
0.066
0.066
0.066
0.10740000000000001
0.273
0.273
0.273
0.34199999999999997
0.22240000000000001
0.181
0.181
0.066
0.066
0.066
0.066
0.066
0.066
0.066
0.158
0.181
0.22240000000000001
0.36500000000000005
0.273
0.283
0.291
0.1594
0.084
0.18
0.22399999999999998
0.144
0.274
0.32439999999999997
0.302
1.3897999999999997
0.354
0.366
0.358
0.40499999999999997
0.609
0.673
0.7574000000000001
0.9460000000000001
0.9268000000000001
0.962
0.95
0.7194
0.655
0.655
0.708
0.68
0.7068000000000001
0.504
0.5
0.504
0.5518
0.273
0.273
0.273
0.273
0.10740000000000001
0.066
0.066
0.066
0.066
0.066
0.066
0.066
0.066
0.1902
0.273
0.273
0.273
0.30060000000000003
0.181
0.181
0.181
0.066
0.066
0.066
0.066
0.066
0.066
0.066
0.066
0.066
0.066
0.066
0.273
0.273
0.273
0.273
0.14880000000000004
0.066
0.066
0.066
0.066
0.066
0.066
0.066
0.066
0.066
0.158
0.181
0.181
0.158
0.066
0.066
0.11400000000000002
0.1068
0.09
0.138
0.138
0.10200000000000001
0.2022
0.2822
0.271
0.271
4.6335999999999995
0.064
0.064
0.064
0.064
0.064
0.064
0.064
0.156
0.179
0.179
0.23120000000000002
0.149
0.19039999999999999
0.356
0.356
0.273
0.273
0.10740000000000001
0.066
0.066
0.066
0.066
0.066
0.066
0.066
0.066
0.066
0.066
0.135
0.3466
0.388
0.388
0.273
0.1902
0.066
0.066
0.066
0.066
0.066
0.066
0.089
0.181
0.181
0.181
0.11200000000000002
0.066
0.066
0.174
0.11400000000000002
0.11400000000000002
0.12200000000000003
0.6733999999999999
0.23680000000000004
0.473
0.5314000000000001
0.571
0.5715999999999999
0.38
0.43899999999999995
0.367
0.367
0.298
0.192
0.246
0.21200000000000002
0.21200000000000002
0.21200000000000002
0.9356
0.6945999999999999
0.43800000000000006
0.45599999999999996
0.518
0.578
0.6654
0.673
0.7786000000000001
0.7859999999999999
0.9156000000000001
0.9190000000000002
0.9570000000000001
0.8905999999999998
0.923
0.7246
0.967
0.873
0.8697999999999999
0.9113999999999999
0.7448
0.5720000000000001
0.638
0.6652000000000001
0.792
0.8699999999999999
0.8270000000000002
0.7754
0.6998
0.562
0.7508
0.774
0.75
0.6119999999999999
0.5370000000000001
0.6304
0.8460000000000001
1.0118
1.0150000000000001
0.9899999999999999
0.67
0.6940000000000001
0.7524
0.758
0.786
0.8219999999999998
0.8436
0.9538
0.958
0.9815999999999999
1.024
0.892
0.8470000000000001
0.8390000000000001
0.8238
0.851
0.9632
1.136
