0.068
0.068
0.064
0.05800000000000001
0.05800000000000001
0.05800000000000001
0.23200000000000004
0.23200000000000004
0.23600000000000004
0.242
0.13760000000000003
0.068
0.068
0.068
0.068
0.068
0.068
0.068
0.068
0.1376
0.242
0.242
0.242
0.242
0.068
0.068
0.068
0.068
0.068
0.068
0.068
0.068
0.068
0.068
0.068
0.068
0.068
0.2072
0.242
0.242
0.242
0.17240000000000003
0.068
0.068
0.068
0.068
0.068
0.068
0.068
0.068
0.068
0.068
0.068
0.068
0.068
0.068
0.1028
0.242
0.242
0.242
0.242
0.1028
0.068
0.068
0.068
0.068
0.068
0.068
0.068
0.068
0.068
0.068
0.1028
0.242
0.242
0.242
0.242
0.1028
0.068
0.068
0.068
0.068
0.068
0.068
0.1702
0.2032
0.253
0.32200000000000006
0.2476
0.196
0.068
0.068
0.068
0.068
0.078
0.33199999999999996
0.356
0.356
0.33299999999999996
0.26359999999999995
0.182
0.23199999999999998
0.265
0.265
0.231
0.155
0.195
0.242
0.242
0.31439999999999996
0.43
0.418
0.37
0.4022
0.268
0.268
1.4662
0.268
0.244
0.20800000000000002
0.20800000000000002
0.2052
1.3921999999999999
0.194
0.194
0.3826
0.391
0.391
0.391
0.2866
0.20800000000000002
0.20800000000000002
0.068
0.068
0.068
0.068
0.068
0.068
0.27759999999999996
0.382
0.382
0.382
0.382
0.2024
0.2198
1.3921999999999999
0.194
0.194
0.1964
0.2
0.2056
1.4469999999999998
0.399
0.44299999999999995
0.44299999999999995
0.44299999999999995
0.3038
0.269
0.269
0.269
0.068
0.068
0.068
0.068
0.068
0.068
0.068
0.068
0.068
0.068
0.068
0.1376
0.242
0.242
0.242
0.242
0.068
0.068
0.068
0.068
0.068
0.068
0.068
0.068
0.068
0.068
0.1724
0.242
0.242
0.242
0.2072
0.068
0.068
0.068
0.068
0.068
0.068
0.068
0.068
0.068
0.1028
0.242
0.242
0.242
0.242
0.1028
0.068
0.068
0.068
0.068
0.28659999999999997
0.299
0.3134
0.3656
0.359
0.365
0.068
0.068
0.068
0.1724
0.242
0.242
0.242
0.2072
0.068
0.068
0.068
0.068
0.068
0.068
0.068
0.068
0.068
0.068
0.068
0.068
0.2072
0.242
0.242
0.242
0.17240000000000003
0.068
0.068
0.068
0.068
0.068
0.068
0.068
0.068
0.068
0.068
0.068
0.068
0.242
0.242
0.242
0.242
0.13760000000000003
0.068
0.068
0.068
0.068
0.068
0.068
0.068
0.068
0.068
0.242
0.242
0.242
0.242
0.13760000000000003
0.068
0.068
0.068
0.068
0.068
0.068
0.068
0.068
0.068
0.068
0.068
0.068
0.068
0.1376
0.242
0.242
