0.069
0.069
0.067
0.059
0.059
0.059
0.059
0.059
0.061
0.069
0.11100000000000002
0.279
0.279
0.279
0.279
0.11100000000000002
0.069
0.172
0.23360000000000003
0.326
0.28480000000000005
0.223
0.1614
0.069
0.069
0.069
0.069
0.279
0.279
0.279
0.279
0.15299999999999997
0.069
0.13079999999999997
0.2952
0.326
0.326
0.223
0.09980000000000001
0.069
0.15300000000000002
0.279
0.279
0.279
0.279
0.172
0.172
0.172
0.13079999999999997
0.069
0.069
0.069
0.069
0.069
0.391
0.433
0.45359999999999995
0.536
0.29799999999999993
0.172
0.11019999999999999
0.069
0.069
0.069
0.069
0.069
0.069
0.069
0.11019999999999999
0.172
0.256
0.382
0.29960000000000003
0.4022
0.433
0.223
0.223
0.09980000000000001
0.069
0.069
0.069
0.069
0.069
0.069
0.193
0.3976
0.48
0.6388
0.8260000000000002
0.6702
0.665
0.5502
0.43899999999999995
0.44299999999999995
0.41100000000000003
0.38400000000000006
0.362
0.43
0.628
0.6668000000000001
0.778
0.905
0.7658
0.6482
0.5132000000000001
0.491
0.45600000000000007
1.9342
0.5328000000000002
2.0119999999999996
3.002
3.002
2.0098
0.62
0.7984
0.7760000000000001
0.818
0.8699999999999999
0.5676
0.506
0.47000000000000003
0.446
0.446
0.5078
0.593
0.578
1.3702
2.4816000000000003
2.5316
2.7079999999999997
2.0128000000000004
0.7836000000000001
0.7324
0.64
0.53
0.53
0.069
0.069
0.069
0.069
0.38999999999999996
0.42000000000000004
0.42000000000000004
0.504
0.784
1.283
3.175
3.1464
2.7319999999999998
0.227
0.227
0.099
0.067
0.10400000000000001
0.14
0.14
0.14
3.6921999999999997
3.2714
2.789
0.793
0.2016
0.20179999999999998
0.327
0.382
0.382
0.279
0.279
0.069
0.069
0.069
0.069
0.069
0.069
0.0896
0.172
0.2952
0.45200000000000007
0.4742
0.433
0.30979999999999996
0.23700000000000002
0.069
0.069
0.069
0.11019999999999999
0.172
0.172
0.172
0.0896
0.069
0.069
0.1614
0.223
0.223
0.223
0.3604
0.382
0.382
0.382
0.195
0.069
0.069
0.069
0.069
0.069
0.069
0.069
0.069
0.20260000000000003
0.326
0.326
0.326
0.1512
0.11100000000000002
0.279
0.29
0.3584
0.466
0.298
0.7809999999999999
2.819
2.8329999999999997
2.8684000000000003
0.4962
0.636
0.7128
0.775
0.6681999999999999
0.6009999999999999
0.647
0.6950000000000001
0.762
0.79
0.564
0.637
0.625
0.633
0.621
0.6954
0.7280000000000001
0.711
0.6318
0.5770000000000001
2.0881999999999996
0.744
0.7959999999999999
0.8518000000000001
0.977
1.003
0.9780000000000001
1.068
1.0224000000000002
0.897
0.897
0.8474
0.749
0.6944000000000001
0.755
0.8297999999999999
0.721
0.7849999999999999
0.9460000000000001
0.86
0.916
0.9880000000000001
1.1004
1.0020000000000002
1.1401999999999999
1.071
2.2462
0.7702
0.8310000000000001
0.826
0.79
0.8619999999999999
0.069
0.069
0.069
0.13079999999999997
0.172
0.172
0.172
0.0998
0.30700000000000005
0.433
0.433
0.4022
