0.05700000000000001
0.05700000000000001
0.05500000000000001
0.047
0.047
0.047
0.047
0.047
0.049
0.05700000000000001
0.05700000000000001
0.05700000000000001
0.05700000000000001
0.05700000000000001
0.05700000000000001
0.05700000000000001
0.05700000000000001
0.05700000000000001
0.05700000000000001
0.05700000000000001
0.05700000000000001
0.05700000000000001
0.05700000000000001
0.05700000000000001
0.05700000000000001
0.05700000000000001
0.05700000000000001
0.05700000000000001
0.22000000000000003
0.22000000000000003
0.22000000000000003
0.22000000000000003
0.12220000000000002
0.05700000000000001
0.05700000000000001
0.05700000000000001
0.05700000000000001
0.05700000000000001
0.05700000000000001
0.05700000000000001
0.05700000000000001
0.05700000000000001
0.05700000000000001
0.05700000000000001
0.05700000000000001
0.05700000000000001
0.05700000000000001
0.05700000000000001
0.05700000000000001
0.22000000000000003
0.22000000000000003
0.22000000000000003
0.22000000000000003
0.12220000000000002
0.05700000000000001
0.05700000000000001
0.05700000000000001
0.05700000000000001
0.05700000000000001
0.05700000000000001
0.05700000000000001
0.05700000000000001
0.05700000000000001
0.05700000000000001
0.05700000000000001
0.05700000000000001
0.05700000000000001
0.05700000000000001
0.05700000000000001
0.05700000000000001
0.05700000000000001
0.1548
0.22000000000000003
0.22000000000000003
0.22000000000000003
0.1874
0.05700000000000001
0.05700000000000001
0.05700000000000001
0.05700000000000001
0.05700000000000001
0.05700000000000001
0.05500000000000001
0.05500000000000001
0.095
0.16699999999999998
0.3454
0.47000000000000003
0.426
0.438
0.4568
0.39799999999999996
0.48999999999999994
0.446
4.3726
0.25
0.23499999999999996
0.175
0.215
0.3128
0.378
0.5084000000000001
0.41000000000000003
0.3598
0.2294
1.6718
0.315
0.445
0.39960000000000007
0.398
0.36200000000000004
0.338
0.4032
0.461
0.40099999999999997
0.40099999999999997
0.366
0.223
0.223
0.223
0.2204
0.21259999999999998
0.223
0.223
0.24699999999999997
0.615
0.521
0.521
0.521
0.6122
0.5372
0.457
0.421
0.3144
0.304
0.304
0.23559999999999998
0.154
0.142
0.3142
0.31700000000000006
0.4324
0.453
0.4050000000000001
0.4050000000000001
0.3398
0.242
0.242
0.242
0.21799999999999997
0.182
1.139
0.6514
0.169
0.169
0.1738
0.181
0.1762
0.2994
0.332
0.22000000000000003
0.22000000000000003
0.15480000000000002
0.05700000000000001
0.05700000000000001
0.05700000000000001
0.05700000000000001
0.05700000000000001
0.05700000000000001
0.05700000000000001
0.05700000000000001
0.05700000000000001
0.05700000000000001
0.0896
0.22000000000000003
0.22000000000000003
0.22000000000000003
0.22000000000000003
0.2052
0.21280000000000002
0.279
0.279
0.28700000000000003
0.263
0.308
0.22399999999999998
0.128
0.176
0.2532
0.403
0.4109999999999999
0.3912
0.38800000000000007
0.246
0.2508
0.258
0.05700000000000001
0.05700000000000001
0.05700000000000001
0.05700000000000001
0.05700000000000001
0.05700000000000001
0.05700000000000001
0.05700000000000001
0.22000000000000003
0.22000000000000003
0.22000000000000003
0.22000000000000003
0.12220000000000002
0.05700000000000001
0.05700000000000001
0.05700000000000001
0.05700000000000001
0.05700000000000001
0.05700000000000001
0.05700000000000001
0.05700000000000001
0.05700000000000001
0.05700000000000001
0.05700000000000001
0.0896
0.22000000000000003
0.22000000000000003
0.22000000000000003
0.22000000000000003
0.0896
0.05700000000000001
0.05700000000000001
0.05700000000000001
0.05700000000000001
0.05700000000000001
0.05700000000000001
0.05700000000000001
0.05700000000000001
0.05700000000000001
0.1548
0.22000000000000003
0.22000000000000003
0.22000000000000003
0.1874
0.10740000000000001
0.099
0.08700000000000001
0.11100000000000002
0.17099999999999999
0.219
0.267
0.219
1.7277999999999998
0.4516
0.48
0.586
0.6788000000000001
0.511
0.511
0.511
0.42139999999999994
0.43599999999999994
0.6123999999999999
0.5784
0.504
0.492
0.655
0.607
0.595
0.619
0.5212
0.48
0.49660000000000004
0.504
0.46799999999999997
0.45600000000000007
0.4128
0.378
1.7772000000000001
0.33
0.05700000000000001
0.1222
0.22000000000000003
0.22000000000000003
0.22000000000000003
0.22000000000000003
0.05700000000000001
0.05700000000000001
0.05700000000000001
0.05700000000000001
0.05700000000000001
0.05700000000000001
