0.067
0.067
0.059
0.05700000000000001
0.05700000000000001
0.05700000000000001
0.05700000000000001
0.229
0.23700000000000002
0.23899999999999996
0.23899999999999996
0.13579999999999998
0.067
0.067
0.067
0.067
0.067
0.067
0.067
0.067
0.067
0.067
0.1702
0.23899999999999996
0.23899999999999996
0.23899999999999996
0.20459999999999998
0.067
0.067
0.067
0.067
0.067
0.067
0.067
0.067
0.067
0.067
0.067
0.23899999999999996
0.23899999999999996
0.23899999999999996
0.23899999999999996
0.13579999999999998
0.067
0.067
0.067
0.067
0.067
0.067
0.067
0.067
0.067
0.067
0.067
0.067
0.067
0.067
0.067
0.23899999999999996
0.23899999999999996
0.23899999999999996
0.23899999999999996
0.13579999999999998
0.067
0.067
0.067
0.067
0.067
0.067
0.067
0.067
0.067
0.067
0.1702
0.23899999999999996
0.23899999999999996
0.23899999999999996
0.20459999999999998
0.067
0.067
0.067
0.067
0.067
0.067
0.067
0.067
0.067
0.067
0.067
0.067
0.067
0.067
0.19460000000000002
0.36400000000000005
0.3896
0.5631999999999999
0.23899999999999996
0.23899999999999996
0.23899999999999996
0.20459999999999998
0.067
0.067
0.067
0.067
0.067
0.067
0.067
0.067
0.067
0.1358
0.23899999999999996
0.23899999999999996
0.23899999999999996
0.23899999999999996
0.067
0.067
0.067
0.067
0.067
0.067
0.067
0.067
0.067
0.23899999999999996
0.23899999999999996
0.23899999999999996
0.23899999999999996
0.13579999999999998
0.067
0.067
0.067
0.067
0.067
0.067
0.067
0.067
0.067
0.067
0.067
0.1014
0.23899999999999996
0.23899999999999996
0.23899999999999996
0.23899999999999996
0.1014
0.067
0.067
0.067
0.067
0.067
0.067
0.067
0.067
0.067
0.1358
0.23899999999999996
0.23899999999999996
0.23899999999999996
0.23899999999999996
0.067
0.067
0.067
0.067
0.067
0.067
0.067
0.067
0.067
0.067
0.067
0.067
0.1014
0.23899999999999996
0.23899999999999996
0.23899999999999996
0.23899999999999996
0.1014
0.067
0.067
0.067
0.067
0.067
0.067
0.067
0.067
0.067
0.067
0.067
0.1358
0.23899999999999996
0.23899999999999996
0.23899999999999996
0.23899999999999996
0.067
0.067
0.067
0.067
0.067
0.067
0.067
0.067
0.067
0.067
0.067
0.067
0.067
0.1014
0.23899999999999996
0.23899999999999996
0.23899999999999996
0.46959999999999996
0.46040000000000003
1.2742
1.8884
1.9310000000000003
1.9335999999999998
2.05
2.0899999999999994
1.3058
0.75
0.8872
0.9390000000000001
0.915
0.875
0.8862
0.699
0.757
0.7824
0.884
0.8640000000000001
6.099600000000001
0.653
0.597
0.568
0.504
0.5728
0.652
2.4246000000000003
4.1972000000000005
0.772
0.6024
0.5902000000000001
0.5392
1.5073999999999999
1.2792000000000001
0.9414
0.7424
0.596
0.632
0.618
0.506
0.586
0.622
0.6931999999999999
0.8312000000000002
0.9550000000000001
1.049
1.172
1.1344
0.9960000000000001
1.156
1.175
1.011
1.015
0.967
0.975
0.9094
0.9033999999999999
0.9898
0.992
0.23899999999999996
0.23899999999999996
0.1014
0.067
0.067
0.067
0.067
0.067
0.067
0.067
0.067
0.067
0.1358
0.23899999999999996
0.23899999999999996
0.23899999999999996
0.23899999999999996
0.067
