0.077
0.077
0.077
0.067
0.067
0.067
0.067
0.08520000000000001
0.196
0.266
0.2852
0.31939999999999996
0.383
0.383
0.3158
0.2938
0.313
0.47919999999999996
0.077
0.077
0.077
0.077
0.14980000000000002
0.168
0.168
0.1498
0.077
0.077
0.077
0.11059999999999999
0.24500000000000002
0.24500000000000002
0.24500000000000002
0.21139999999999998
0.077
0.1316
0.168
0.168
0.168
0.077
0.077
0.077
0.077
0.077
0.077
0.077
0.077
0.1778
0.29960000000000003
0.336
0.336
0.2352
0.077
0.077
0.077
0.077
0.077
0.077
0.077
0.077
0.077
0.14980000000000002
0.30240000000000006
0.336
0.31779999999999997
0.24500000000000002
0.1106
0.077
0.077
0.077
0.077
0.077
0.14980000000000002
0.168
0.168
0.1498
0.1442
0.24500000000000002
0.24500000000000002
0.24500000000000002
0.17779999999999999
0.077
0.077
0.077
0.077
0.077
0.077
0.077
0.077
0.077
0.209
0.362
0.31100000000000005
0.274
0.354
0.30300000000000005
0.446
0.4788
0.24500000000000002
0.24500000000000002
0.24500000000000002
0.1624
0.168
0.168
0.168
0.11340000000000001
0.077
0.077
0.077
0.077
0.1778
0.24500000000000002
0.24500000000000002
0.336
0.2352
0.168
0.1316
0.077
0.217
0.229
0.1754
0.095
0.14300000000000002
0.1854
0.307
0.34340000000000004
0.46519999999999995
0.566
0.566
0.4932
0.40779999999999994
0.307
0.307
0.307
0.077
0.077
0.077
0.077
0.27499999999999997
0.287
0.38780000000000003
0.45499999999999996
0.4816
0.6007999999999999
0.5182
0.45099999999999996
0.4328
0.36
0.36
0.36
0.36
0.36
0.36
0.2802
0.227
1.0564
0.8915999999999998
0.5391999999999999
0.619
0.5644
0.36
0.36
0.36
0.36
0.258
0.238
0.077
0.077
0.077
0.077
0.1778
0.24500000000000002
0.24500000000000002
0.24500000000000002
0.14419999999999997
0.077
0.09519999999999999
0.168
0.168
0.168
0.11340000000000001
0.077
0.077
0.24500000000000002
0.24500000000000002
0.24500000000000002
0.24500000000000002
0.077
0.077
0.077
0.077
0.077
0.09519999999999999
0.168
0.168
0.168
0.2814
0.24500000000000002
0.24500000000000002
0.24500000000000002
0.077
0.077
0.077
0.077
0.168
0.168
0.168
0.1316
0.11059999999999999
0.24500000000000002
0.24500000000000002
0.24500000000000002
0.3778
0.259
0.2766
0.33199999999999996
0.35700000000000004
0.43
0.336
0.336
0.396
0.5840000000000001
0.7255999999999999
0.835
2.114
2.037
1.9898
1.8308
0.1316
0.077
0.077
0.077
0.077
0.077
0.077
0.1778
0.24500000000000002
0.24500000000000002
0.24500000000000002
0.14419999999999997
0.077
0.077
0.077
0.077
0.077
0.11340000000000001
0.168
0.26880000000000004
0.336
0.2632
0.24500000000000002
0.14419999999999997
0.077
0.077
0.077
0.077
0.077
0.077
0.077
0.077
0.077
0.077
0.077
0.077
0.1442
0.24500000000000002
0.336
0.336
0.2688
0.1316
1.5438
1.641
0.077
0.077
0.077
0.077
0.077
0.077
0.077
0.077
0.11059999999999999
0.24500000000000002
0.24500000000000002
0.24500000000000002
0.21139999999999998
0.077
0.077
0.077
