0.11000000000000001
0.155
0.2406
0.2974
0.302
0.188
0.072
0.072
0.072
0.072
0.072
0.072
0.072
0.072
0.072
0.072
0.072
0.072
0.072
0.072
0.072
0.25
0.25
0.25
0.25
0.14319999999999997
0.072
0.072
0.072
0.072
0.072
0.072
0.072
0.072
0.072
0.072
0.072
0.072
0.072
0.072
0.25
0.25
0.25
0.25
0.14319999999999997
0.072
0.072
0.072
0.072
0.072
0.072
0.072
0.072
0.072
0.072
0.072
0.1076
0.25
0.25
0.25
0.25
0.1076
0.072
0.072
0.072
0.072
0.072
0.072
0.072
0.072
0.072
0.072
0.072
0.2144
0.25
0.25
0.25
0.1788
0.072
0.072
0.072
0.072
0.072
0.072
0.072
0.072
0.072
0.072
0.072
0.072
0.072
0.072
0.072
0.072
0.072
0.072
0.072
0.072
0.072
0.072
0.072
0.072
0.089
0.24780000000000002
0.343
0.42700000000000005
0.3970000000000001
0.4024
0.308
0.3
0.6986000000000001
1.0972
0.28800000000000003
0.244
0.246
0.265
0.253
0.16899999999999998
0.124
0.122
0.158
0.174
0.24559999999999998
0.394
0.403
0.32299999999999995
0.263
0.1206
0.085
0.085
0.085
0.085
0.085
0.085
0.085
0.085
0.085
0.085
0.1086
0.248
0.248
0.32480000000000003
0.376
0.13120000000000004
0.07
0.07
0.07
0.07
0.072
0.072
0.072
0.072
0.072
0.072
0.072
0.072
0.1076
0.25
0.25
0.25
0.25
0.1076
0.072
0.072
0.072
0.072
0.072
0.072
0.072
0.072
0.072
0.25
0.25
0.25
0.25
0.14319999999999997
0.072
0.072
0.072
0.072
0.072
0.072
0.072
0.072
0.072
0.2144
0.25
0.25
0.25
0.1788
0.072
0.072
0.072
0.072
0.072
0.072
0.072
0.072
0.072
0.1076
0.3316
0.4069999999999999
0.44699999999999995
0.42299999999999993
0.30460000000000004
0.24899999999999997
0.268
0.3522
0.7744
2.604
2.6599999999999997
2.764
0.4608
0.575
0.6586000000000001
0.658
0.7212
0.586
0.5389999999999999
0.532
0.7190000000000001
0.757
0.25
0.25
0.14319999999999997
0.072
0.072
0.072
0.072
0.072
0.072
0.072
0.072
0.072
0.072
0.17880000000000001
0.25
0.25
0.25
0.2144
0.072
0.072
0.072
0.072
0.072
0.072
0.072
0.072
0.072
0.072
0.072
0.25
0.25
0.25
0.25
0.14319999999999997
0.072
0.072
0.072
0.072
0.072
0.072
0.072
0.072
0.072
0.072
0.072
0.1432
0.25
0.25
0.25
0.25
0.072
0.072
0.072
0.072
0.072
0.072
0.072
0.072
0.072
0.072
0.072
0.072
0.072
0.072
0.072
0.062
