0.052000000000000005
0.052000000000000005
0.052000000000000005
0.052000000000000005
0.057999999999999996
0.062
0.062
0.062
0.062
0.062
0.062
0.062
0.062
0.062
0.062
0.062
0.062
0.062
0.062
0.062
0.062
0.062
0.062
0.268
0.268
0.22680000000000003
0.062
0.062
0.062
0.062
0.062
0.062
0.062
0.062
0.062
0.062
0.062
0.062
0.062
0.062
0.18560000000000001
0.268
0.268
0.1032
0.062
0.062
0.062
0.062
0.062
0.062
0.062
0.062
0.062
0.062
0.062
0.22680000000000003
0.268
0.268
0.062
0.062
0.062
0.062
0.062
0.062
0.062
0.062
0.062
0.062
0.062
0.062
0.062
0.062
0.062
0.062
0.062
0.062
0.062
0.1032
0.268
0.268
0.18560000000000004
0.062
0.062
0.062
0.097
0.121
0.129
0.18100000000000002
0.137
1.2468
3.351
3.371
3.4509999999999996
3.535
0.341
0.46460000000000007
2.4970000000000003
3.7969999999999997
3.6082
3.507
1.541
1.581
3.623
3.6710000000000003
3.6150000000000007
2.3389999999999995
0.40099999999999997
0.365
0.24100000000000002
0.5266
0.417
0.42699999999999994
0.4109999999999999
0.30460000000000004
0.181
1.278
0.23299999999999996
0.299
0.299
0.299
0.263
0.173
0.11699999999999999
0.069
0.062
0.062
0.062
0.062
0.062
0.062
0.062
0.062
0.062
0.268
0.275
0.2338
0.062
0.062
0.062
0.062
0.062
0.062
0.062
0.062
0.062
0.062
0.062
0.062
0.062
0.062
0.062
0.062
0.062
0.062
0.268
0.268
0.22680000000000003
0.062
0.062
0.062
0.062
0.062
0.062
0.062
0.062
0.062
0.062
0.062
0.062
0.062
0.062
0.062
0.062
0.062
0.062
0.062
0.268
0.268
0.22680000000000003
0.062
0.062
0.062
0.062
0.062
0.062
0.062
0.062
0.062
0.062
0.062
0.18560000000000001
0.268
0.268
0.1032
0.062
0.062
0.062
0.062
0.062
0.062
0.062
0.062
0.062
0.062
0.062
0.268
0.4422
0.44580000000000003
0.9269999999999999
3.5229999999999997
3.5286
3.563
2.9170000000000003
0.329
0.273
0.309
0.28500000000000003
0.321
3.5682
3.543599999999999
3.6988
3.8
0.49000000000000005
0.264
0.264
0.256
0.23199999999999998
0.22400000000000003
0.22400000000000003
0.22400000000000003
0.284
0.27440000000000003
0.43200000000000005
0.4692
0.47539999999999993
0.558
0.514
1.204
3.686
3.5140000000000002
3.434
2.7920000000000003
0.21200000000000002
0.21200000000000002
0.32920000000000005
0.34600000000000003
0.552
0.47400000000000003
1.6808
3.4292000000000002
3.4230000000000005
3.4230000000000005
2.131
0.193
0.193
0.251
0.38680000000000003
0.382
0.40599999999999997
0.422
0.1444
0.268
0.268
0.14440000000000003
0.062
0.062
0.062
0.062
0.062
0.062
0.062
0.062
0.062
0.062
0.062
0.062
0.062
0.1032
0.268
0.268
0.18560000000000004
0.062
0.062
0.062
0.062
0.062
0.055999999999999994
0.052000000000000005
