0.05
0.05
0.08800000000000001
0.155
0.155
0.155
0.063
0.04
0.048
0.05
0.05
0.05
0.05
0.244
0.267
0.359
0.359
0.2426
0.096
0.05
0.05
0.05
0.05
0.05
0.05
0.05
0.05
0.05
0.05
0.05
0.05
0.05
0.05
0.05
0.244
0.313
0.359
0.359
0.2426
0.05
0.05
0.05
0.05
0.05
0.05
0.05
0.05
0.05
0.05
0.1276
0.244
0.244
0.244
0.244
0.05
0.05
0.05
0.05
0.05
0.05
0.05
0.05
0.09600000000000002
0.165
0.165
0.165
0.073
0.05
0.05
0.05
0.05
0.05
0.05
0.05
0.05
0.05
0.2584
0.359
0.359
0.33599999999999997
0.2052
0.05
0.05
0.05
0.05
0.05
0.05
0.05
0.05
0.05
0.05
0.05
0.05
0.165
0.165
0.165
0.141
0.0908
0.097
0.173
0.3694
0.5833999999999999
0.631
0.643
0.691
0.522
0.564
0.549
0.509
0.4288
0.30999999999999994
0.24699999999999997
0.1498
0.244
0.304
0.264
0.244
0.21999999999999997
0.184
0.0888
0.1814
0.3510000000000001
0.374
0.374
0.3122
0.065
0.065
0.065
0.0914
0.098
0.098
0.11400000000000002
0.138
0.138
0.138
0.138
0.161
0.4082
0.359
0.359
0.29
0.16640000000000002
0.05
0.05
0.05
0.05
0.05
0.05
0.05
0.05
0.05
0.05
0.05
0.05
0.05
0.244
0.313
0.359
0.359
0.2426
0.05
0.05
0.05
0.05
0.05
0.05
0.05
0.05
0.05
0.2052
0.244
0.244
0.244
0.16640000000000002
0.05
0.05
0.05
0.05
0.073
0.165
0.165
0.165
0.096
0.05
0.05
0.1664
0.244
0.244
0.244
0.2052
0.05
0.05
0.05
0.05
0.05
0.05
0.05
0.05
0.11900000000000002
0.3202
0.359
0.359
0.244
0.16640000000000002
0.05
0.05
0.05
0.05
0.05
0.05
0.05
0.05
0.05
0.05
0.244
0.244
0.267
0.359
0.2426
0.165
0.096
0.05
0.05
0.05
0.05
0.05
0.05
0.05
0.073
0.165
0.4478
0.642
0.6729999999999998
0.735
0.716
0.5870000000000001
0.618
0.4109999999999999
0.348
0.26439999999999997
0.349
0.329
0.341
0.389
0.5524
0.626
0.6688000000000001
0.7768
0.12760000000000002
0.05
0.05
0.14200000000000002
0.165
0.165
0.14200000000000002
0.05
0.05
0.05
0.05
0.05
0.05
0.05
0.05
0.05
0.05
0.05
0.05
0.05
0.05
0.05
0.14200000000000002
0.165
0.20380000000000004
0.33599999999999997
0.244
0.244
0.244
0.08879999999999999
0.05
0.05
0.05
0.05
0.09600000000000002
0.165
0.165
0.165
0.073
0.244
