0.063
0.063
0.063
0.063
0.073
0.073
0.073
0.073
0.073
0.073
0.073
0.073
0.073
0.2162
0.252
0.252
0.252
0.18039999999999998
0.073
0.073
0.1658
0.189
0.189
0.1658
0.073
0.073
0.073
0.073
0.073
0.073
0.073
0.073
0.073
0.189
0.189
0.189
0.14259999999999998
0.1804
0.252
0.252
0.252
0.2162
0.073
0.073
0.073
0.073
0.073
0.073
0.073
0.073
0.073
0.1658
0.189
0.189
0.1658
0.073
0.073
0.1446
0.252
0.252
0.252
0.252
0.073
0.073
0.073
0.073
0.073
0.11939999999999999
0.189
0.189
0.189
0.09620000000000001
0.1446
0.252
0.252
0.252
0.252
0.073
0.073
0.073
0.073
0.073
0.073
0.073
0.073
0.10880000000000001
0.252
0.252
0.252
0.252
0.10880000000000001
0.073
0.11939999999999999
0.189
0.189
0.189
0.09620000000000001
0.073
2.697
2.721
2.729
2.7409999999999997
0.128
0.2592
0.367
0.38380000000000003
1.0295999999999998
2.2084
2.0858
2.0626
2.109
2.0769999999999995
0.97
0.16
0.16
0.16
0.16
0.16
0.1584
0.152
0.23159999999999997
0.404
0.382
0.772
1.1578000000000002
0.268
0.268
0.152
1.7222000000000002
2.7329999999999997
0.073
0.073
0.073
0.073
0.073
0.073
0.073
0.1804
0.252
0.252
0.252
0.2162
0.073
0.073
0.073
0.073
0.073
0.073
0.073
0.073
0.073
0.1426
0.189
0.189
0.2606
0.252
0.252
0.252
0.252
0.073
2.689
2.689
1.1188
0.1416
0.188
0.188
0.196
0.11579999999999999
0.251
0.2908
0.481
0.9550000000000001
0.5668000000000001
0.28800000000000003
0.34
0.248
0.26
0.248
0.312
0.44400000000000006
0.372
0.388
0.4316000000000001
1.6308
2.6306
3.194
3.2620000000000005
3.073
0.9677999999999999
0.5022
0.5048
0.548
0.548
0.54
0.43600000000000005
0.4600000000000001
0.591
0.5885999999999999
0.615
0.647
1.5314
3.041
3.1434
3.317
2.2038
0.62
0.5664
0.544
0.6733999999999999
0.8394
1.765
1.9642
1.987
1.9310000000000003
1.9789999999999999
1.6628
0.642
0.618
0.7668
0.794
1.7482
0.6836
0.073
0.073
0.1446
0.252
1.5438
3.1504000000000003
0.252
0.1426
0.189
0.189
0.189
0.073
0.073
0.073
0.073
0.073
0.252
0.252
0.252
0.252
0.14459999999999998
0.073
0.073
0.189
0.189
0.189
0.14259999999999998
0.073
0.073
0.073
0.073
0.073
0.2162
0.252
0.252
0.368
0.29640000000000005
0.189
0.14259999999999998
0.073
0.073
0.073
0.073
0.073
0.073
0.073
0.073
0.073
0.252
0.252
0.252
0.368
0.26060000000000005
0.189
3.0506
2.8642
0.073
0.073
0.073
0.073
0.073
0.073
0.073
0.073
0.2062
0.2652
