0.071
0.071
0.065
0.061
0.061
0.061
0.061
0.061
0.101
0.24100000000000002
0.24100000000000002
0.24100000000000002
0.24100000000000002
0.10500000000000001
0.071
0.071
0.071
0.071
0.071
0.071
0.071
0.071
0.071
0.071
0.071
0.071
0.071
0.207
0.24100000000000002
0.24100000000000002
0.24100000000000002
0.173
0.071
0.071
0.071
0.071
0.071
0.071
0.071
0.071
0.071
0.071
0.24100000000000002
0.24100000000000002
0.24100000000000002
0.24100000000000002
0.13899999999999996
0.071
0.071
0.071
0.071
0.071
0.071
0.071
0.071
0.071
0.071
0.10499999999999998
0.24100000000000002
0.24100000000000002
0.24100000000000002
0.24100000000000002
0.10500000000000001
0.071
0.071
0.071
0.071
0.071
0.071
0.071
0.071
0.071
0.071
0.071
0.071
0.10499999999999998
0.24100000000000002
0.24100000000000002
0.24100000000000002
0.24100000000000002
0.10500000000000001
0.071
0.071
0.071
0.069
0.069
0.071
0.071
0.071
0.071
0.071
0.13899999999999998
0.24100000000000002
0.24100000000000002
0.24100000000000002
0.24100000000000002
0.071
0.071
0.071
0.071
0.071
0.071
0.071
0.071
0.071
0.071
0.071
0.071
0.24100000000000002
0.24100000000000002
0.24100000000000002
0.24100000000000002
0.13899999999999996
0.071
0.071
0.071
0.071
0.071
0.071
0.071
0.093
0.189
0.189
0.257
0.359
0.359
0.359
1.8488
0.25820000000000004
0.189
1.4831999999999999
0.23700000000000002
0.189
0.189
0.071
0.071
0.071
0.071
0.071
0.207
0.24100000000000002
0.24100000000000002
0.24100000000000002
0.173
0.071
0.071
0.071
0.071
0.071
0.071
0.071
0.071
0.071
0.071
0.071
0.071
0.10499999999999998
0.24100000000000002
0.24100000000000002
0.24100000000000002
0.24100000000000002
0.10500000000000001
0.071
0.071
0.071
0.071
0.071
0.071
0.071
0.071
0.071
0.071
0.071
0.071
0.071
0.071
0.071
0.071
0.173
0.24100000000000002
0.24100000000000002
0.24100000000000002
0.207
0.071
0.071
0.071
0.071
0.071
0.071
0.071
0.071
0.071
0.13899999999999998
0.24100000000000002
0.24100000000000002
0.24100000000000002
0.45899999999999996
0.381
0.40099999999999997
0.329
0.3234
0.33699999999999997
0.281
0.273
0.365
0.365
0.437
1.0716
3.03
2.9284
3.0148
1.7683999999999997
1.7692
1.78
1.764
1.7032
1.7496000000000003
1.775
1.7348
1.6696000000000002
1.7368
1.7688
1.9032
0.745
0.773
0.6978
1.0128
0.3594
0.3946
0.6406
0.5022
0.469
0.565
1.2997999999999998
2.4459999999999997
2.398
2.378
2.346
2.3292
2.0136
2.4305999999999996
2.5450000000000004
2.5814
2.5854
1.7402000000000002
0.4720000000000001
0.37
0.3556
0.071
0.071
0.071
0.071
0.071
0.071
0.173
0.24100000000000002
0.24100000000000002
0.24100000000000002
0.207
0.071
0.071
0.071
0.071
0.071
0.071
0.071
0.071
0.071
0.173
0.24100000000000002
1.2614
1.8314
3.0372
1.6714000000000002
1.564
2.3572
3.5469999999999997
3.607
3.559
3.5789999999999997
3.595
1.6904
1.0582
0.621
0.629
0.5801999999999999
0.341
0.36500000000000005
