0.061
0.061
0.061
0.061
0.071
0.071
0.071
0.071
0.071
0.071
0.071
0.071
0.071
0.071
0.071
0.20400000000000001
0.20400000000000001
0.20400000000000001
0.20400000000000001
0.071
0.071
0.071
0.071
0.071
0.071
0.071
0.071
0.071
0.1508
0.20400000000000001
0.20400000000000001
0.20400000000000001
0.12419999999999998
0.071
0.071
0.071
0.071
0.071
0.071
0.071
0.071
0.071
0.071
0.071
0.071
0.071
0.071
0.071
0.071
0.071
0.071
0.071
0.071
0.071
0.071
0.071
0.071
0.071
0.071
0.071
0.071
0.071
0.071
0.071
0.1508
0.20400000000000001
0.20400000000000001
0.20400000000000001
0.12419999999999998
0.071
0.071
0.071
0.071
0.071
0.071
0.071
0.071
0.20400000000000001
0.20400000000000001
0.20400000000000001
0.20400000000000001
0.071
0.071
0.071
0.071
0.071
0.071
0.071
0.20060000000000003
0.21480000000000002
0.2872
0.514
0.594
0.646
0.5568
0.46799999999999997
0.469
0.469
0.071
0.071
0.071
0.071
0.071
0.071
0.071
0.071
0.071
0.071
0.071
0.071
0.071
0.071
0.9898
1.22
1.2278000000000002
1.293
1.2449999999999999
1.233
0.3122000000000001
0.1618
0.215
0.215
0.215
0.1352
1.7100000000000002
2.117
2.1092
2.128
0.536
0.129
0.129
0.132
0.15599999999999997
0.15199999999999997
0.1706
0.277
0.265
0.28480000000000005
0.26339999999999997
0.157
0.157
0.157
0.071
0.071
0.071
0.071
0.071
0.12419999999999998
0.20400000000000001
0.20400000000000001
0.20400000000000001
0.1508
0.071
0.071
0.071
0.071
0.071
0.071
0.071
0.12419999999999998
0.20400000000000001
0.20400000000000001
0.20400000000000001
0.1508
0.071
0.071
0.071
0.071
0.071
0.071
0.071
0.071
0.071
0.071
0.071
0.09759999999999999
0.20400000000000001
0.20400000000000001
0.20400000000000001
0.17739999999999997
0.071
0.071
0.071
0.071
0.071
0.071
0.071
0.071
0.071
0.071
0.071
0.071
0.071
0.071
0.071
0.071
0.071
0.071
0.20400000000000001
0.20400000000000001
0.20400000000000001
0.20400000000000001
0.071
0.071
0.071
0.071
0.071
0.071
0.071
0.071
0.071
0.071
0.071
0.071
0.071
0.071
0.10400000000000001
0.265
0.265
0.37
0.43099999999999994
0.292
0.32799999999999996
0.3822
0.308
0.34199999999999997
0.38499999999999995
0.376
0.071
0.071
0.17739999999999997
0.20400000000000001
0.20400000000000001
0.20400000000000001
0.09759999999999999
0.071
0.071
0.071
0.071
0.071
0.071
0.071
0.071
0.071
0.183
1.5416
0.3510000000000001
0.368
0.4318000000000001
0.45039999999999997
0.492
0.52
0.5212
0.658
0.7338
0.779
0.7501999999999999
0.8039999999999999
0.7672
0.791
0.779
0.752
0.7939999999999999
0.73
0.73
0.73
0.6496
0.654
0.654
1.8765999999999998
1.4908
1.085
0.5122
0.647
0.683
0.675
0.6068
0.5522
0.7081999999999999
0.8576
0.8804000000000001
1.0174
0.071
0.071
0.071
0.071
0.071
0.065
