0.071
0.063
0.063
0.063
0.063
0.1338
0.183
0.191
0.191
0.073
0.073
0.073
0.073
0.073
0.073
0.073
0.073
0.26339999999999997
0.311
0.311
0.311
0.2158
0.073
0.073
0.073
0.073
0.073
0.191
0.191
0.191
0.14379999999999998
0.2158
0.311
0.311
0.311
0.26339999999999997
0.073
0.073
0.073
0.073
0.073
0.073
0.073
0.073
0.1438
0.191
0.191
0.191
0.26339999999999997
0.311
0.311
0.311
0.2158
0.073
0.073
0.073
0.073
0.073
0.073
0.073
0.073
0.073
0.073
0.073
0.073
0.073
0.073
0.073
0.073
0.3578
0.429
0.429
0.40540000000000004
0.2158
0.073
0.073
0.073
0.073
0.073
0.073
0.073
0.1438
0.2386
0.429
0.429
0.311
0.311
0.1206
0.073
0.073
0.073
0.073
0.073
0.073
0.073
0.073
0.2394
0.429
0.429
0.429
0.3106
0.073
0.073
0.073
0.073
0.073
0.073
0.073
0.1202
0.191
0.191
0.191
0.0966
0.073
0.26339999999999997
0.311
0.311
0.311
0.2158
0.073
0.073
0.073
0.073
0.073
0.073
0.191
0.191
0.191
0.14379999999999998
0.1682
0.311
0.311
0.311
0.311
0.073
0.073
0.073
0.073
0.073
0.073
0.073
0.073
0.073
0.073
0.073
0.073
0.073
0.2158
0.3582
0.429
0.429
0.3814
0.0966
0.073
0.073
0.073
0.073
0.073
0.073
0.073
0.095
0.207
0.231
0.231
0.1346
0.357
0.349
0.317
0.24620000000000003
0.2466
0.437
0.46099999999999997
0.5274
0.578
0.3556
0.3
0.073
0.191
0.191
0.191
0.14379999999999998
0.073
0.073
0.073
0.2158
0.311
0.311
0.311
0.26339999999999997
0.073
0.073
0.073
0.073
0.073
0.073
0.073
0.073
0.073
0.1206
0.3346
0.429
0.429
0.429
0.16779999999999998
0.288
0.41
0.40599999999999997
0.4
0.40800000000000003
0.34
0.34
0.34
0.073
0.073
0.073
0.073
0.3352
0.525
0.5194
0.497
0.497
0.259
0.4582
0.369
0.369
0.6016
0.7644
0.479
0.073
0.073
0.339
0.479
0.45499999999999996
0.44299999999999995
0.073
0.1438
0.191
0.3338
0.429
0.311
0.311
0.26339999999999997
0.073
0.073
0.073
0.073
0.073
0.073
0.073
0.073
0.19140000000000001
0.429
0.429
0.429
0.311
0.1206
0.073
0.073
0.073
0.073
0.073
0.073
0.1674
0.191
0.191
0.1674
0.073
0.073
0.073
0.073
0.073
0.073
0.073
0.073
0.073
0.073
0.073
0.1438
0.191
0.191
0.191
0.073
0.073
0.073
0.073
0.073
0.073
0.073
