0.19
0.13399999999999998
0.19
0.16
0.16
0.16
0.16
0.16
0.066
0.072
0.072
0.072
0.072
0.24500000000000002
0.24500000000000002
0.24500000000000002
0.24500000000000002
0.14119999999999996
0.072
0.072
0.072
0.072
0.072
0.072
0.072
0.072
0.10659999999999999
0.24500000000000002
0.24500000000000002
0.24500000000000002
0.24500000000000002
0.1066
0.072
0.072
0.072
0.072
0.072
0.072
0.072
0.072
0.072
0.072
0.072
0.1758
0.24500000000000002
0.24500000000000002
0.24500000000000002
0.2104
0.072
0.072
0.072
0.072
0.072
0.072
0.072
0.072
0.072
0.24500000000000002
0.24500000000000002
0.24500000000000002
0.24500000000000002
0.14119999999999996
0.072
0.072
0.072
0.072
0.072
0.072
0.072
0.072
0.072
0.072
0.1412
0.24500000000000002
0.24500000000000002
0.24500000000000002
0.24500000000000002
0.072
0.072
0.072
0.07
0.2332
0.40599999999999997
0.466
0.466
0.4812
0.4779999999999999
0.4779999999999999
0.4779999999999999
2.2622
3.9546
0.7390000000000001
0.671
0.6018000000000001
0.538
0.53
0.901
1.3168000000000002
1.312
0.8290000000000001
0.42200000000000004
0.386
0.362
0.3922
0.417
0.48419999999999996
0.729
0.7036
2.0396
2.838
2.838
2.822
2.6795999999999998
2.645
2.645
2.6130000000000004
2.605
2.5978000000000003
2.5744
2.562
1.3643999999999998
0.5708
0.518
0.518
0.518
0.518
0.518
0.518
0.6654
0.731
0.731
0.731
0.6618
0.5532
0.546
0.546
0.546
0.546
0.546
0.6195999999999999
0.638
0.6108
0.5008
0.49260000000000004
0.47400000000000003
0.47400000000000003
0.647
0.647
0.647
0.647
0.5432
0.28040000000000004
0.082
0.082
0.0796
0.07
0.07
0.07
0.07
0.07
0.07
0.1046
0.2702
0.379
1.1774
2.375
2.2366
2.202
2.202
2.202
2.202
2.202
2.202
2.202
2.202
2.8764
1.4036000000000002
0.20600000000000002
0.20600000000000002
0.20600000000000002
0.238
0.28600000000000003
0.366
0.346
0.48440000000000005
0.539
0.547
0.519
0.47380000000000005
1.5539999999999998
1.5340000000000003
1.506
1.498
1.498
1.498
1.498
1.51
1.51
1.6484
1.6830000000000003
0.24500000000000002
0.24500000000000002
0.17579999999999998
0.072
0.072
0.072
0.072
0.072
0.072
0.072
1.462
0.2612
0.354
0.354
0.354
0.534
1.575
0.747
0.735
0.6885999999999999
0.6252
0.5861999999999999
0.357
0.437
0.433
0.589
0.589
0.497
0.457
0.457
0.457
0.6072
0.7188
0.61
0.61
0.5568000000000001
0.466
0.4660000000000001
0.406
0.422
0.446
0.446
0.43899999999999995
0.475
0.475
0.515
0.5589999999999999
0.675
0.695
0.6572
0.586
0.586
0.586
0.586
0.6628000000000001
0.8788
0.7784000000000001
0.629
0.59
0.6131999999999999
0.558
0.6579999999999999
0.49800000000000005
0.49800000000000005
0.072
0.24500000000000002
0.24500000000000002
0.24500000000000002
0.24500000000000002
0.14119999999999996
0.072
0.072
0.072
0.072
0.2794
0.31500000000000006
0.687
0.6861999999999999
0.7182
0.8110000000000002
0.8150000000000001
0.8110000000000002
0.6874
0.554
0.642
0.671
0.647
0.635
