0.073
0.073
0.065
0.063
0.063
0.063
0.063
0.1758
0.3886
0.42299999999999993
0.2726
0.23499999999999996
0.10540000000000001
0.073
0.073
0.073
0.073
0.19
0.19
0.19
0.1432
0.073
0.073
0.073
0.073
0.073
0.073
0.073
0.073
0.11979999999999999
0.19
0.2652
0.378
0.28440000000000004
0.14819999999999997
0.1702
0.23499999999999996
0.23499999999999996
0.23499999999999996
0.13779999999999998
0.073
0.1432
0.19
0.19
0.19
0.073
0.073
0.2234
0.3582
0.42299999999999993
0.23499999999999996
0.23499999999999996
0.13779999999999998
0.073
0.073
0.073
0.073
0.073
0.073
0.073
0.073
0.073
0.1702
0.32859999999999995
0.352
0.352
0.23139999999999997
0.073
0.073
0.18580000000000002
0.261
0.261
0.1106
0.073
0.11979999999999999
0.2872
0.352
0.352
0.25839999999999996
0.13779999999999998
0.073
0.073
0.073
0.073
0.2234
0.261
0.261
0.073
0.073
0.073
0.20259999999999997
0.23499999999999996
0.23499999999999996
0.32859999999999995
0.2224
0.19
0.1666
0.073
0.073
0.073
0.073
0.1482
0.3582
0.42299999999999993
0.3101999999999999
0.23499999999999996
0.13779999999999998
0.073
0.073
0.073
0.1666
0.19
0.19
0.1666
0.073
0.073
0.073
0.073
0.073
0.23499999999999996
0.23499999999999996
0.23499999999999996
0.23499999999999996
0.18080000000000002
0.378
0.378
0.30279999999999996
0.073
0.073
0.073
0.073
0.073
0.073
0.073
0.073
0.073
0.23499999999999996
0.23499999999999996
0.23499999999999996
0.23499999999999996
0.261
0.261
0.3404
0.19
0.19
0.1432
0.073
0.073
0.073
0.073
0.073
0.073
0.073
0.073
0.073
0.23499999999999996
0.23499999999999996
0.3854
0.4464
0.378
0.19
0.19
0.11979999999999999
0.073
0.073
0.073
0.073
0.073
0.073
0.073
0.073
0.073
0.11979999999999999
0.19
0.19
0.29240000000000005
0.4464
0.42299999999999993
0.3478
0.17019999999999996
0.073
0.073
0.073
0.073
0.073
0.073
0.073
0.073
0.073
0.073
0.073
0.073
0.073
0.073
0.1432
0.2548
0.352
0.352
0.23499999999999996
0.17019999999999996
0.073
0.073
0.1822
0.37720000000000004
0.43
0.3172
0.242
0.2859999999999999
0.32300000000000006
0.41859999999999997
0.533
0.4706
0.41500000000000004
0.3642
0.342
0.3902
0.10539999999999998
0.42299999999999993
0.42299999999999993
0.3854
0.20259999999999997
0.073
0.2672
0.3442
0.353
0.385
0.316
0.312
0.312
1.314
2.9826
3.023
3.0748
3.3332
3.3074
0.777
0.6496
0.5476
0.5934
0.6238
0.733
0.749
0.729
0.6102000000000001
0.45600000000000007
0.6474
0.769
0.773
0.7788
0.5534
0.4998
0.6718
0.9
0.884
0.8808
0.638
0.6910000000000001
0.7642
0.829
0.8253999999999999
0.8358000000000001
0.7578
0.6712
0.569
0.594
0.6306
0.789
0.874
0.8268000000000001
0.7028
0.7272000000000001
0.685
0.5582
0.43200000000000005
0.073
0.13779999999999998
0.23499999999999996
0.23499999999999996
0.23499999999999996
0.17019999999999996
0.11059999999999999
0.261
0.261
0.1858
0.073
0.073
0.073
0.1666
