0.05800000000000001
0.05800000000000001
0.05800000000000001
0.06000000000000001
0.068
0.068
0.068
0.068
0.068
0.068
0.068
0.068
0.068
0.068
0.142
0.253
0.253
0.253
0.253
0.068
0.068
0.068
0.068
0.068
0.068
0.068
0.068
0.068
0.068
0.068
0.068
0.068
0.068
0.142
0.253
0.253
0.253
0.253
0.068
0.068
0.068
0.068
0.068
0.068
0.068
0.068
0.068
0.142
0.253
0.253
0.253
0.253
0.068
0.068
0.068
0.068
0.068
0.068
0.068
0.068
0.068
0.068
0.068
0.068
0.253
0.253
0.253
0.253
0.14200000000000004
0.068
0.068
0.068
0.068
0.068
0.068
0.068
0.068
0.068
0.068
0.068
0.068
0.068
0.068
0.068
1.1907999999999999
1.497
1.5727999999999998
1.642
0.253
0.253
0.253
0.068
0.068
0.068
0.068
0.068
0.068
0.068
0.068
0.068
1.9614
3.9940000000000007
2.665
2.665
2.665
2.48
2.48
2.48
2.48
2.48
2.48
2.48
1.9975999999999998
0.068
0.068
0.068
0.068
0.068
0.068
0.068
0.068
0.068
0.068
0.142
0.253
0.253
0.253
0.253
0.068
0.068
0.068
0.068
0.068
0.068
0.068
0.068
0.068
0.068
0.068
0.068
0.068
0.21600000000000003
0.253
0.253
0.253
0.179
0.068
0.068
0.068
0.068
0.068
0.068
0.068
0.068
0.068
0.068
0.068
0.068
0.068
0.10500000000000001
0.253
0.253
0.253
0.253
0.10500000000000001
0.068
0.068
0.068
0.068
0.068
0.068
0.068
0.068
0.068
0.068
0.179
0.253
0.253
0.253
0.21600000000000003
0.068
0.068
0.068
0.068
0.068
0.068
0.068
0.068
0.068
0.068
0.068
0.068
0.068
0.068
0.068
0.21600000000000003
0.253
0.253
0.253
0.179
0.068
0.068
0.068
0.068
0.068
0.068
0.068
0.068
0.068
0.10500000000000001
0.253
0.253
0.253
0.253
0.10500000000000001
0.068
0.068
0.068
0.068
0.068
0.068
0.068
0.068
0.068
0.068
0.068
0.068
0.068
0.068
0.068
0.21600000000000003
0.253
0.253
0.253
0.179
0.068
0.068
0.068
0.068
0.068
0.068
0.068
0.068
0.068
0.068
0.253
0.253
0.253
0.253
0.14200000000000004
0.068
0.068
0.068
0.068
0.068
0.068
0.068
0.068
0.068
0.068
1.4504000000000001
1.621
1.572
1.7310000000000003
2.9664
1.814
0.7142
0.337
0.45600000000000007
0.434
0.33499999999999996
0.3176
0.25040000000000007
0.273
0.068
0.068
0.142
0.253
0.253
0.253
0.253
0.068
0.068
0.068
0.068
0.066
0.05800000000000001
0.05800000000000001
