0.052000000000000005
0.052000000000000005
0.057999999999999996
0.062
0.062
0.161
0.161
0.161
0.1214
0.062
0.062
0.062
0.062
0.062
0.062
0.062
0.062
0.062
0.062
0.161
0.161
0.161
0.1214
0.062
0.062
0.062
0.062
0.062
0.062
0.062
0.062
0.1016
0.161
0.161
0.161
0.08180000000000001
0.062
0.062
0.062
0.062
0.062
0.062
0.062
0.062
0.062
0.062
0.062
0.062
0.062
0.14120000000000002
0.161
0.161
0.1412
0.062
0.062
0.062
0.062
0.062
0.062
0.062
0.062
0.062
0.062
0.062
0.062
0.161
0.161
0.161
0.1214
0.062
0.062
0.062
0.062
0.062
0.062
0.062
0.062
0.062
0.062
0.062
0.062
0.062
0.062
0.062
0.144
0.193
1.304
1.284
1.364
1.4082000000000001
1.436
1.42
1.42
1.2570000000000001
1.286
1.246
1.266
1.3880000000000001
0.346
0.384
1.4528
0.5866
0.665
0.645
0.601
0.39
0.4
0.368
0.32
0.32
0.32
0.27999999999999997
0.22000000000000003
0.20800000000000002
0.24640000000000004
0.236
0.2304
0.288
1.4778
2.271
2.355
2.385
1.5917999999999999
0.48119999999999996
0.501
0.501
0.2132
0.134
0.134
0.134
0.134
0.134
0.134
0.134
0.134
0.2048
0.134
0.1694
0.1694
0.134
0.2048
0.1538
0.233
0.6007999999999999
0.38780000000000003
0.1016
0.062
0.062
0.062
0.062
0.062
0.062
0.062
0.062
0.062
0.062
0.062
0.062
0.062
0.062
0.062
0.062
0.062
0.062
0.161
0.161
0.161
0.1214
0.062
0.062
0.062
0.062
0.062
0.062
0.062
0.062
0.062
0.062
0.062
0.062
0.062
0.062
0.062
0.062
0.062
0.062
0.062
0.062
0.062
0.062
0.062
0.062
0.062
0.062
0.062
0.161
0.161
0.161
0.1214
0.062
0.062
0.062
0.062
0.062
0.062
0.062
0.062
0.062
0.062
0.062
0.062
0.062
0.1016
0.161
0.161
0.161
0.08180000000000001
0.062
0.062
0.062
0.062
0.062
0.062
0.062
0.062
0.14120000000000002
0.161
0.161
0.1412
0.062
0.062
0.062
0.062
0.062
0.062
0.062
0.062
0.062
0.062
0.062
0.062
0.062
0.062
0.062
0.062
0.062
0.062
0.062
0.062
0.062
0.062
0.062
0.062
0.062
0.062
0.062
0.062
0.062
0.1016
0.161
0.161
0.161
0.08180000000000001
0.062
0.062
0.062
0.062
0.062
0.3084
0.358
0.434
0.532
0.5551999999999999
0.514
0.46840000000000004
0.358
0.386
0.3816
0.537
0.533
0.6302
0.5878
0.062
0.062
0.062
0.062
0.057999999999999996
0.052000000000000005
