0.072
0.072
0.066
0.062
0.062
0.062
0.062
0.062
0.068
0.072
0.072
0.072
0.20600000000000002
0.20600000000000002
0.20600000000000002
0.20600000000000002
0.072
0.072
0.072
0.072
0.072
0.072
0.072
0.072
0.3286
0.409
0.409
0.409
0.23360000000000003
0.072
0.072
0.072
0.072
0.072
0.072
0.072
0.072
0.072
0.072
0.072
0.072
0.072
0.072
0.072
0.072
0.072
0.072
0.072
0.072
0.072
0.072
0.1532
0.275
0.275
0.275
0.275
0.072
0.072
0.072
0.1256
0.20600000000000002
0.20600000000000002
0.20600000000000002
0.15239999999999998
0.072
0.072
0.072
0.072
0.072
0.072
0.072
0.275
0.275
0.275
0.275
0.15319999999999998
0.072
0.072
0.072
0.072
0.072
0.15239999999999998
0.20600000000000002
0.20600000000000002
0.28400000000000003
0.28359999999999996
0.34479999999999994
0.45439999999999997
0.3628
0.354
0.581
0.5609999999999999
0.5810000000000001
0.6642
0.5072000000000001
0.39
0.41400000000000003
0.47040000000000004
0.632
0.621
1.832
1.7155999999999998
0.072
0.072
0.072
0.072
0.1532
0.275
0.275
0.3018
0.409
0.20600000000000002
0.20600000000000002
0.17919999999999997
0.072
0.072
0.072
0.072
0.072
0.072
0.072
0.11259999999999999
0.275
0.275
0.275
0.275
0.1126
0.072
0.072
0.072
0.072
0.072
0.072
0.072
0.072
0.072
0.275
0.275
0.275
0.275
0.15319999999999998
0.072
0.072
0.072
0.072
0.072
0.072
0.20600000000000002
0.20600000000000002
0.20600000000000002
0.20600000000000002
0.072
0.072
0.11259999999999999
0.275
0.275
0.275
0.275
0.1126
0.072
0.072
0.072
0.072
0.072
0.072
0.072
0.072
0.072
0.072
0.072
0.072
0.072
0.1532
0.35540000000000005
0.409
0.409
0.409
0.1256
0.072
0.072
0.072
0.072
0.072
0.072
0.072
0.072
0.072
0.072
0.17919999999999997
0.3684
0.409
0.409
0.30179999999999996
0.1938
0.072
0.072
0.072
0.072
0.072
0.072
0.072
0.072
0.072
0.3684
0.409
0.409
0.409
0.1938
0.072
0.072
1.4148
1.502
1.5524
1.5740000000000003
1.562
1.562
1.562
1.5812000000000002
1.706
1.6689999999999998
0.422
0.48200000000000004
0.51
0.628
0.7444000000000001
1.061
1.025
0.8809999999999999
0.9246000000000001
0.7071999999999999
0.48200000000000004
0.5012000000000001
0.5444000000000001
0.5923999999999999
0.638
0.62
0.7178000000000001
0.8054
0.8350000000000002
0.943
1.0555999999999999
1.2456
1.2280000000000002
1.0959999999999999
1.088
0.9332
0.959
0.9138
0.9722
0.8366
0.901
0.8299999999999998
0.842
0.68
0.7282
0.807
0.723
0.792
0.7454000000000001
0.6958
0.072
0.072
0.072
0.072
0.072
0.072
0.072
0.072
0.072
0.19380000000000003
0.275
0.275
0.275
0.23440000000000003
0.072
0.072
0.0988
0.20600000000000002
0.20600000000000002
0.20600000000000002
0.17919999999999997
0.072
0.072
0.072
0.072
0.23440000000000003
0.275
0.275
