0.05800000000000001
0.05800000000000001
0.05800000000000001
0.05800000000000001
0.06000000000000001
0.068
0.068
0.068
0.068
0.068
0.068
0.068
0.068
0.068
0.068
0.068
0.068
0.1676
0.23400000000000004
0.23400000000000004
0.23400000000000004
0.13440000000000002
0.068
0.068
0.068
0.068
0.068
0.068
0.068
0.068
0.1012
0.23400000000000004
0.23400000000000004
0.23400000000000004
0.2008
0.068
0.068
0.068
0.068
0.068
0.068
0.068
0.068
0.068
0.068
0.068
0.068
0.068
0.068
0.1012
0.23400000000000004
0.23400000000000004
0.23400000000000004
0.2008
0.068
0.068
0.068
0.068
0.068
0.068
0.068
0.068
0.068
0.23400000000000004
0.23400000000000004
0.23400000000000004
0.23400000000000004
0.068
0.068
0.068
0.068
0.068
0.068
0.068
0.068
0.068
0.068
0.068
0.13440000000000002
0.23400000000000004
0.23400000000000004
0.23400000000000004
0.16760000000000003
0.068
0.068
0.068
0.068
0.068
0.068
0.068
0.068
0.13440000000000002
0.23400000000000004
0.23400000000000004
0.23400000000000004
0.16760000000000003
0.068
0.068
0.068
0.068
0.068
0.068
0.068
0.068
0.068
0.068
0.13440000000000002
0.23400000000000004
0.23200000000000004
0.23600000000000004
1.4588
0.08759999999999998
0.094
0.094
0.068
0.068
0.068
0.068
0.068
0.068
0.068
0.1012
0.23400000000000004
0.23400000000000004
0.23400000000000004
0.2008
0.068
0.068
0.068
0.068
0.068
0.068
0.068
0.068
0.068
0.23400000000000004
0.244
0.26
0.23400000000000004
0.068
0.068
0.068
0.068
0.068
0.068
0.068
0.068
0.068
0.2008
0.23400000000000004
0.23400000000000004
0.23400000000000004
0.1012
0.068
0.068
0.068
0.068
0.068
0.068
0.068
0.13440000000000002
0.23400000000000004
0.23400000000000004
0.23400000000000004
0.16760000000000003
0.068
0.068
0.068
0.068
0.068
0.068
0.068
0.068
0.1012
0.23400000000000004
0.23400000000000004
0.23400000000000004
0.2008
0.068
0.068
0.068
0.068
0.068
0.068
0.068
0.068
0.068
0.068
0.068
0.068
0.068
0.068
0.068
0.068
0.068
0.068
0.068
0.068
0.068
0.068
0.1012
0.23400000000000004
0.23400000000000004
0.23400000000000004
0.2008
0.068
0.068
0.068
0.068
0.068
0.068
0.068
0.068
0.068
0.068
0.068
0.068
0.068
0.068
0.068
0.068
0.068
0.068
0.068
0.068
0.068
0.068
0.068
0.068
0.068
0.08359999999999998
0.086
0.134
0.27880000000000005
0.312
0.45199999999999996
0.472
0.7032
0.662
0.654
0.5892000000000002
0.626
0.6904000000000001
0.757
0.8370000000000001
0.857
0.893
0.9218
0.881
0.821
0.8850000000000001
0.951
0.873
1.2810000000000001
0.9738
0.945
0.933
0.8564
0.1012
0.23400000000000004
0.23400000000000004
0.23400000000000004
0.2008
0.068
0.068
0.068
0.068
0.068
0.068
0.068
0.068
0.23400000000000004
0.23400000000000004
0.23400000000000004
0.23400000000000004
0.068
0.068
0.068
0.068
0.068
0.068
0.068
0.068
0.068
0.068
0.068
0.066
0.05800000000000001
