0.071
0.063
0.063
0.063
0.063
0.063
0.065
0.073
0.073
0.073
0.073
0.073
0.073
0.073
0.073
0.073
0.073
0.073
0.073
0.073
0.073
0.073
0.073
0.073
0.073
0.073
0.073
0.073
0.0758
0.09179999999999999
0.0934
0.1206
0.21140000000000003
0.197
0.073
0.073
0.073
0.073
0.073
0.073
0.073
0.073
0.073
0.073
0.073
0.073
0.073
0.073
0.073
0.073
0.073
0.073
0.073
0.073
0.073
0.073
0.073
0.073
0.073
0.073
0.073
0.073
0.073
0.073
0.073
0.073
0.073
0.073
0.073
0.073
0.073
0.073
0.073
0.073
0.073
0.073
0.073
0.073
0.073
0.073
0.073
0.073
0.073
0.073
0.073
0.073
0.073
0.073
0.073
0.073
0.073
0.073
0.073
0.073
0.073
0.073
0.073
0.073
0.10500000000000001
0.129
2.3574000000000006
3.0454
3.067
3.067
0.073
0.073
0.073
0.073
0.073
0.073
0.073
0.073
0.073
0.073
0.073
0.073
0.073
0.073
0.073
0.073
0.073
0.073
0.073
0.073
0.073
0.073
0.073
0.073
0.073
0.073
0.073
0.073
0.073
0.073
0.073
0.073
0.073
0.073
0.073
0.073
0.073
0.073
0.073
0.073
0.073
0.073
0.073
0.073
0.073
0.073
0.073
0.073
0.073
0.073
0.073
0.073
0.073
0.073
0.073
0.073
0.073
0.073
0.073
0.073
0.073
0.073
0.073
0.073
0.073
0.073
0.073
0.073
1.7681999999999995
0.1272
0.132
0.132
1.1712000000000002
0.12
0.0928
0.086
0.086
0.146
0.175
0.2782
0.374
0.39799999999999996
0.382
0.342
0.342
0.3468
1.4528
3.012
3.044
3.0759999999999996
1.9692
0.4726000000000001
0.5191999999999999
0.332
0.25880000000000003
2.2004
2.2388
2.3228
2.3851999999999998
2.356
1.1207999999999998
0.34
0.34
0.8480000000000001
1.64
1.64
2.6908000000000003
4.3888
4.4944
3.7600000000000002
1.8852
0.23700000000000002
0.23020000000000002
0.2102
2.976
2.964
2.98
2.964
0.14500000000000002
0.1274
0.125
0.125
2.872
2.872
2.904
2.872
0.16499999999999998
0.223
0.12
0.10600000000000001
0.186
0.2636
0.278
0.194
0.073
0.073
0.073
0.073
0.073
0.073
0.073
0.073
0.073
0.073
0.073
0.073
0.073
0.073
0.073
0.073
0.073
0.073
0.073
0.073
0.073
0.073
0.073
0.073
0.073
0.073
0.073
0.073
0.073
0.073
0.073
0.073
0.073
0.073
0.073
0.073
0.073
0.073
0.073
0.073
0.073
0.073
0.073
0.073
0.073
0.073
0.2042
0.195
0.191
0.283
