0.054000000000000006
0.054000000000000006
0.054000000000000006
0.054000000000000006
0.064
0.064
0.064
0.064
0.064
0.064
0.064
0.064
0.064
0.064
0.18580000000000002
0.267
0.267
0.267
0.14520000000000005
0.064
0.064
0.064
0.064
0.064
0.064
0.064
0.064
0.064
0.064
0.1452
0.267
0.267
0.267
0.18580000000000002
0.064
0.064
0.064
0.064
0.064
0.064
0.064
0.064
0.22640000000000002
0.267
0.267
0.267
0.1046
0.064
0.064
0.064
0.064
0.064
0.064
0.064
0.064
0.064
0.064
0.18580000000000002
0.267
0.267
0.267
0.14520000000000005
0.064
0.064
0.064
0.064
0.064
0.064
0.064
0.064
0.064
0.064
0.064
0.064
0.064
0.064
0.1452
0.267
0.267
0.267
0.18580000000000002
0.064
0.064
0.064
0.064
0.064
0.064
0.064
0.064
0.064
0.22680000000000003
0.27220000000000005
0.267
0.267
0.1046
0.064
0.064
0.064
0.064
0.064
0.064
0.064
0.064
0.064
0.064
0.18580000000000002
0.267
0.267
0.267
0.14520000000000005
0.064
0.064
0.064
0.064
0.064
0.064
0.064
0.064
0.064
0.064
0.064
0.064
0.18580000000000002
0.267
0.267
0.267
0.14520000000000005
0.064
0.064
0.064
0.064
0.064
0.064
0.064
0.064
0.064
0.064
0.064
0.22640000000000002
0.267
0.267
0.267
0.1046
0.064
0.064
0.064
0.064
0.064
0.064
0.064
0.064
0.064
0.064
0.064
0.1452
0.267
0.267
0.267
0.18580000000000002
0.064
0.064
0.064
0.064
0.064
0.064
0.064
0.064
0.1046
0.267
0.267
0.267
0.22640000000000002
0.064
0.064
0.064
0.064
0.064
0.064
0.064
0.064
0.064
0.064
0.064
0.1452
0.267
0.267
0.267
0.18580000000000002
0.064
0.064
0.064
0.064
0.064
0.064
0.064
0.064
0.064
0.1046
0.267
0.267
0.267
0.22640000000000002
0.064
0.064
0.064
0.064
0.064
0.064
0.064
0.064
0.064
0.064
0.064
0.064
0.064
0.064
0.064
0.064
0.064
0.1452
0.267
0.267
0.267
0.18580000000000002
0.064
0.064
0.062
0.07160000000000001
0.094
0.10600000000000001
0.094
0.11400000000000002
0.1464
0.094
0.094
0.34019999999999995
0.32899999999999996
0.3258
0.5622
0.3304
0.3184
0.33999999999999997
0.376
0.376
0.3524
0.313
0.297
0.4288
0.538
0.6034
0.679
0.5572
0.476
0.476
0.43999999999999995
0.41600000000000004
0.5542
0.4766
0.583
0.607
0.4864
0.41600000000000004
0.064
0.064
0.064
0.064
0.064
0.064
0.267
0.267
0.267
0.267
0.064
0.064
0.064
0.064
0.064
0.064
0.064
0.064
0.1452
0.267
0.267
0.267
0.18580000000000002
0.064
0.054000000000000006
0.054000000000000006
