0.074
0.074
0.074
0.074
0.074
0.074
0.074
0.074
0.074
0.19460000000000002
0.275
0.275
0.275
0.23480000000000004
0.074
0.074
0.074
0.074
0.074
0.074
0.074
0.074
0.074
0.074
0.074
0.074
0.074
0.074
0.074
0.074
0.074
0.275
0.275
0.275
0.275
0.15439999999999998
0.074
0.074
0.074
0.074
0.074
0.074
0.074
0.074
0.074
0.074
0.074
0.074
0.074
0.074
0.074
0.074
0.1142
0.275
0.275
0.275
0.275
0.11420000000000001
0.074
0.074
0.074
0.074
0.074
0.074
0.074
0.074
0.074
0.074
0.074
0.074
0.074
0.275
0.275
0.275
0.275
0.15439999999999998
0.074
0.074
0.074
0.074
0.074
0.074
0.074
0.074
0.073
1.1936
0.1312
0.213
0.20579999999999998
0.6295999999999999
0.6138
0.365
0.393
0.365
1.361
0.164
0.164
0.164
0.1396
0.133
0.085
0.123
0.123
0.2274
0.29200000000000004
0.28400000000000003
0.274
0.274
0.073
0.073
0.074
0.074
0.074
0.074
0.074
0.074
0.074
0.074
0.074
0.074
0.1142
0.275
0.275
0.275
0.275
0.11420000000000001
0.074
0.074
0.074
0.074
0.074
0.074
0.074
0.074
0.275
0.275
0.275
0.275
0.15439999999999998
0.074
0.074
0.074
0.074
0.074
0.074
0.074
0.074
0.19460000000000002
0.275
0.275
0.275
0.23480000000000004
0.073
0.073
0.074
0.074
0.073
0.073
0.1762
0.202
0.202
0.202
0.3628
0.40780000000000005
0.4149999999999999
0.4149999999999999
0.404
0.42619999999999997
0.074
0.074
0.074
0.074
0.074
0.074
0.074
0.074
0.074
0.074
0.074
0.074
0.074
0.074
0.22199999999999998
0.42299999999999993
1.5556
0.429
0.485
0.3644
0.32720000000000005
1.0824
0.7182000000000001
0.39959999999999996
0.5426
2.129
2.129
2.129
2.129
0.146
0.146
0.30679999999999996
0.347
0.347
0.347
0.26659999999999995
0.146
0.146
0.146
0.146
0.146
0.21679999999999996
0.146
0.146
0.2972
0.347
0.38239999999999996
0.38239999999999996
0.347
0.31579999999999997
0.5276
0.074
0.074
0.074
0.074
0.074
0.074
0.074
0.19460000000000002
0.275
0.275
0.275
0.23480000000000004
0.074
0.074
0.074
0.074
0.074
0.074
0.074
0.074
0.074
0.074
0.074
0.275
0.275
0.275
0.275
0.15439999999999998
0.074
0.074
0.074
0.074
0.074
0.074
0.074
0.074
0.074
0.2384
0.24
0.074
0.074
0.074
0.074
0.074
0.074
0.3282
0.603
0.631
0.599
0.539
0.3982
0.366
0.41879999999999995
0.4624
0.4816
0.504
0.394
0.43079999999999996
0.48019999999999996
0.489
0.489
0.422
0.3188
0.39740000000000003
0.49000000000000005
0.528
0.588
0.588
0.387
