0.062
0.062
0.062
0.062
0.062
0.072
0.1782
0.24900000000000003
0.24900000000000003
0.24900000000000003
0.2136
0.072
0.072
0.072
0.072
0.072
0.072
0.072
0.072
0.072
0.072
0.072
0.072
0.072
0.1488
0.264
0.264
0.1488
0.283
0.335
0.24900000000000003
0.24900000000000003
0.14279999999999998
0.072
0.072
0.072
0.072
0.072
0.072
0.072
0.22560000000000002
0.264
0.264
0.072
0.072
0.072
0.072
0.072
0.072
0.072
0.072
0.072
0.072
0.072
0.072
0.4056
0.441
0.40259999999999996
0.24900000000000003
0.17819999999999997
0.072
0.072
0.072
0.072
0.072
0.072
0.072
0.072
0.072
0.072
0.072
0.072
0.072
0.264
0.264
0.22560000000000002
0.10739999999999998
0.24900000000000003
0.24900000000000003
0.24900000000000003
0.24900000000000003
0.10740000000000001
0.072
0.072
0.072
0.072
0.072
0.072
0.072
0.072
0.072
0.072
0.072
0.072
0.07
0.07
0.10200000000000001
0.148
0.22759999999999997
0.266
0.246
0.3936
0.619
0.587
0.5788
0.4779999999999999
0.266
0.266
0.27440000000000003
0.2224
0.184
0.184
0.2638
0.317
0.317
0.4586
0.24900000000000003
0.24900000000000003
0.24900000000000003
0.17819999999999997
0.072
0.264
0.264
0.22560000000000002
0.072
0.072
0.072
0.072
0.14279999999999998
0.24900000000000003
0.24900000000000003
0.24900000000000003
0.394
0.217
0.217
0.217
0.20860000000000004
0.4022
0.4069999999999999
0.3686
0.215
0.215
0.215
0.215
0.3212
0.40040000000000003
0.406
0.41400000000000003
0.41059999999999997
0.4862
0.7034
0.3682
0.409
1.1977999999999998
0.6498
0.217
0.217
0.20860000000000004
0.203
0.203
0.203
0.203
0.203
0.203
0.37659999999999993
0.42000000000000004
0.6984
0.612
0.3702
0.22560000000000002
0.072
0.072
0.072
0.072
0.072
0.072
0.072
0.072
0.072
0.072
0.072
0.072
0.072
0.072
0.072
0.072
0.441
0.441
0.40259999999999996
0.24900000000000003
0.14279999999999998
0.072
0.072
0.072
0.072
0.072
0.072
0.072
0.072
0.072
0.22560000000000002
0.264
0.41500000000000004
0.251
0.271
0.301
0.293
0.373
0.5191999999999999
0.57
0.5800000000000001
1.8112000000000001
0.5946
0.513
1.3298
0.9673999999999999
0.603
0.603
0.603
0.627
0.7230000000000001
1.1934
1.874
1.7200000000000002
1.7100000000000002
1.7579999999999998
1.798
1.3539999999999999
0.6123999999999999
0.7460000000000001
0.684
0.9254000000000001
3.7711999999999994
2.616
2.58
2.6000000000000005
2.4490000000000003
0.7946000000000002
0.394
0.39
0.434
0.48599999999999993
0.5660000000000001
0.538
0.5508
0.658
0.426
0.3588
0.4202
0.555
0.631
0.63
0.795
0.7894
0.7222
0.673
0.5468
0.476
0.42000000000000004
0.396
0.388
0.43999999999999995
0.072
0.072
0.072
0.072
0.11040000000000001
0.2994
0.441
0.3642
0.24900000000000003
0.24900000000000003
0.10740000000000001
0.072
0.072
0.072
0.072
0.072
0.072
0.072
0.072
0.1782
0.441
0.441
0.40259999999999996
0.2136
0.072
0.062
