0.067
0.067
0.067
0.067
0.067
0.07100000000000001
0.077
0.077
0.077
0.077
0.077
0.077
0.077
0.1394
0.233
0.233
0.233
0.233
0.077
0.077
0.077
0.077
0.077
0.077
0.077
0.077
0.077
0.077
0.077
0.077
0.077
0.077
0.077
0.077
0.077
0.077
0.077
0.077
0.1082
0.233
0.233
0.233
0.233
0.1082
0.077
0.077
0.077
0.077
0.077
0.077
0.077
0.077
0.077
0.1394
0.233
0.233
0.233
0.233
0.077
0.077
0.077
0.077
0.077
0.077
0.077
0.077
0.099
0.183
0.43979999999999997
0.3906
0.389
0.389
0.413
0.4138
0.28800000000000003
0.285
0.3636
0.312
0.368
0.236
3.059
3.8686
3.8348
3.8010000000000006
1.6232
3.7833999999999994
4.8634
11.228
4.4484
1.6179999999999999
1.486
1.532
1.7570000000000001
1.7570000000000001
1.7570000000000001
2.1372
2.5294
1.8199999999999998
0.8375999999999999
0.584
0.5868
0.624
0.6
0.5640000000000001
0.54
0.66
0.6599999999999999
0.8597999999999999
1.0808
0.5713999999999999
1.3388000000000002
2.132
2.132
2.132
1.5988
3.1084000000000005
3.813
4.884600000000001
3.9378
1.1505999999999998
0.446
0.446
0.38360000000000005
0.29
0.29
0.29
0.149
0.2198
0.149
0.18439999999999998
0.1844
0.149
0.2198
0.24259999999999998
0.305
0.6728
0.4598000000000001
0.20180000000000003
0.077
0.077
0.077
0.077
0.077
0.077
0.077
0.077
0.077
0.077
0.077
0.1394
0.233
0.233
0.233
0.233
0.077
0.077
0.077
0.077
0.077
0.077
0.077
0.077
0.077
0.077
0.077
0.077
0.077
0.077
0.077
0.077
0.077
0.077
0.077
0.1706
0.233
0.233
0.233
0.20180000000000003
0.077
0.077
0.077
0.077
0.077
0.077
0.077
0.077
0.077
0.077
0.20180000000000003
0.233
0.233
0.233
0.1706
0.077
0.077
0.077
0.077
0.077
0.077
0.077
0.077
0.1082
0.233
0.233
0.233
0.233
0.1082
0.077
0.077
0.077
0.077
0.077
0.077
0.077
0.077
0.077
0.077
0.077
0.1394
0.233
0.233
0.233
0.233
0.077
0.077
0.077
0.077
0.077
0.077
0.077
0.077
0.077
0.077
0.077
0.077
0.077
0.077
0.077
0.077
0.077
0.1082
0.233
0.233
0.233
0.233
0.1082
0.077
0.077
0.077
0.077
0.077
0.077
0.077
0.077
0.077
0.1706
0.233
0.233
0.233
0.20180000000000003
0.077
0.077
0.077
0.077
0.077
0.077
0.077
0.077
0.077
0.077
0.077
0.077
0.077
0.077
0.077
0.077
0.077
0.077
0.1394
0.233
0.233
0.233
0.233
0.077
0.077
0.077
0.077
0.073
