0.065
0.061
0.061
0.061
0.061
0.061
0.067
0.071
0.071
0.071
0.071
0.071
0.071
0.071
0.255
0.373
0.373
0.373
0.21539999999999998
0.071
0.071
0.071
0.071
0.071
0.071
0.071
0.071
0.071
0.071
0.071
0.071
0.1654
0.189
0.189
0.1654
0.071
0.071
0.071
0.071
0.071
0.071
0.071
0.071
0.10779999999999998
0.3494
0.373
0.373
0.3494
0.1078
0.071
0.071
0.071
0.071
0.071
0.071
0.071
0.071
0.10779999999999998
0.255
0.2786
0.373
0.373
0.22580000000000006
0.1182
0.071
0.071
0.071
0.071
0.071
0.071
0.071
0.071
0.1814
0.373
0.373
0.373
0.28900000000000003
0.071
0.071
0.071
0.071
0.071
0.071
0.071
0.093
0.14980000000000002
1.2654
3.024
2.982
4.2354
3.184
3.16
3.16
3.1155999999999997
3.306
3.3259999999999996
3.406
3.447
2.1486
0.501
0.553
0.6982
0.645
0.585
0.526
0.23559999999999998
0.6102000000000001
1.0504
0.396
0.43900000000000006
0.371
0.371
0.522
0.54
0.608
0.608
0.608
0.36540000000000006
0.221
0.221
0.071
0.071
0.071
0.071
0.071
0.071
0.1446
0.255
0.255
0.255
0.255
0.071
0.071
0.189
0.189
0.189
0.14179999999999998
0.071
0.071
0.071
0.071
0.071
0.1814
0.255
0.255
0.255
0.2182
0.1418
0.189
0.189
0.189
0.071
0.071
0.071
0.071
0.071
0.071
0.071
0.071
0.071
0.071
0.071
0.071
0.071
0.071
0.071
0.071
0.071
0.1682
0.373
0.373
0.373
0.3021999999999999
0.071
0.071
0.071
0.069
0.10900000000000001
0.173
0.30100000000000005
0.29900000000000004
0.2946
0.275
0.275
0.5102
0.48200000000000004
0.6112
0.48279999999999995
0.3604
0.295
0.331
0.379
1.5632
0.479
0.485
0.49399999999999994
0.5429999999999999
0.6538
0.8001999999999999
0.792
0.756
0.6340000000000001
0.6112
0.629
0.639
0.534
0.534
0.5650000000000001
0.5481999999999999
0.6954
0.875
1.4713999999999998
1.7540000000000002
1.688
1.5626000000000002
1.5174
1.591
1.6329999999999998
1.7129999999999999
1.7766000000000002
1.6976
1.7648
1.6228000000000002
0.9406000000000001
0.5574
0.5024
0.35000000000000003
0.33599999999999997
0.071
0.071
0.071
0.1418
0.189
0.2994
0.373
0.255
0.255
0.2182
0.071
0.071
0.071
0.071
0.071
0.071
0.071
0.071
0.071
0.071
0.071
0.071
0.09459999999999999
0.189
0.189
0.2994
0.3021999999999999
0.255
0.255
0.2182
0.071
0.071
0.071
0.071
0.071
0.071
0.071
0.071
0.071
0.071
0.071
0.071
0.15499999999999997
0.373
0.373
0.373
0.27859999999999996
0.1078
0.071
0.071
0.071
0.071
0.071
0.071
0.071
0.071
0.071
0.071
0.071
0.071
