0.051000000000000004
0.051000000000000004
0.045
0.041
0.041
0.041
0.041
0.041
0.047
0.051000000000000004
0.051000000000000004
0.051000000000000004
0.14540000000000003
0.169
0.28119999999999995
0.3324
0.238
0.08839999999999999
0.051000000000000004
0.051000000000000004
0.051000000000000004
0.051000000000000004
0.051000000000000004
0.051000000000000004
0.051000000000000004
0.051000000000000004
0.051000000000000004
0.051000000000000004
0.051000000000000004
0.08839999999999999
0.238
0.238
0.1632
0.051000000000000004
0.051000000000000004
0.051000000000000004
0.051000000000000004
0.0746
0.169
0.169
0.169
0.0982
0.051000000000000004
0.08839999999999999
0.238
0.238
0.1632
0.051000000000000004
0.051000000000000004
0.0982
0.169
0.169
0.169
0.0746
0.051000000000000004
0.051000000000000004
0.051000000000000004
0.051000000000000004
0.051000000000000004
0.051000000000000004
0.051000000000000004
0.051000000000000004
0.16319999999999998
0.26159999999999994
0.356
0.2064
0.169
0.0982
0.051000000000000004
0.051000000000000004
0.051000000000000004
0.051000000000000004
0.051000000000000004
0.051000000000000004
0.0746
0.169
0.169
0.169
0.2852
0.238
0.20059999999999997
0.051000000000000004
0.051000000000000004
0.051000000000000004
0.051000000000000004
0.051000000000000004
0.051000000000000004
0.051000000000000004
0.051000000000000004
0.051000000000000004
0.051000000000000004
0.051000000000000004
0.20059999999999997
0.238
0.28519999999999995
0.169
0.169
0.169
0.0746
0.051000000000000004
0.051000000000000004
0.051000000000000004
0.051000000000000004
0.051000000000000004
0.051000000000000004
0.051000000000000004
0.051000000000000004
0.051000000000000004
0.051000000000000004
0.238
0.238
0.20059999999999997
0.051000000000000004
0.051000000000000004
0.051000000000000004
0.051000000000000004
0.051000000000000004
0.051000000000000004
0.049
0.049
0.051000000000000004
0.051000000000000004
0.051000000000000004
0.051000000000000004
0.051000000000000004
0.051000000000000004
0.051000000000000004
0.16319999999999998
0.26159999999999994
0.356
0.2064
0.169
0.0982
0.051000000000000004
0.051000000000000004
0.051000000000000004
0.051000000000000004
0.051000000000000004
0.051000000000000004
0.051000000000000004
0.051000000000000004
0.051000000000000004
0.051000000000000004
0.051000000000000004
0.1258
0.238
1.2854
0.12380000000000002
0.0772
0.28440000000000004
0.308
0.308
0.2844
0.19
0.19
0.19
0.19
0.19
0.202
0.19
0.19
0.19
0.23720000000000002
0.495
0.495
0.45759999999999995
0.21359999999999996
0.19
0.19
0.22600000000000003
0.28600000000000003
0.29000000000000004
0.31
0.358
0.40599999999999997
0.9484
0.37
0.37
0.42219999999999996
0.557
0.697
0.47539999999999993
0.4708
0.382
0.454
0.514
0.644
0.668
0.644
0.6487999999999999
0.534
0.5692
0.6
0.592
0.64
0.6774
1.2285999999999997
1.2302
0.9902
0.842
0.7943999999999999
0.748
0.6880000000000001
0.64
0.648
0.652
0.6880000000000001
0.76
0.6958
0.617
0.6106
0.601
0.645
0.637
0.5662
0.519
0.6356
0.62
0.6728000000000002
0.514
0.5568
0.677
0.7210000000000001
0.8148000000000002
0.756
0.748
0.8168
0.622
0.9612
0.67
0.654
0.65
0.6971999999999999
0.792
0.768
0.7567999999999999
0.7222
0.867
0.9513999999999999
0.8554
0.818
0.7344
0.64
0.616
0.7464
0.71
0.6699999999999999
0.6940000000000001
0.051000000000000004
0.051000000000000004
0.38
0.45120000000000005
0.5312
0.548
0.612
0.6160000000000001
0.708
0.7857999999999999
0.8573999999999999
0.9955999999999999
0.8364
0.869
0.905
0.791
0.14540000000000003
0.169
0.665
1.0151999999999999
1.2946
0.6769999999999999
0.715
0.691
0.739
0.8309999999999998
0.703
0.7552000000000001
0.818
0.818
0.7644
0.795
0.6140000000000001
0.704
0.169
0.169
0.0982
0.051000000000000004
0.051000000000000004
0.051000000000000004
