0.071
0.071
0.061
0.061
0.061
0.061
0.061
0.061
0.071
0.071
0.071
0.071
0.071
0.071
0.071
0.071
0.071
0.071
0.071
0.071
0.071
0.071
0.071
0.071
0.1406
0.24500000000000002
0.24500000000000002
0.24500000000000002
0.24500000000000002
0.071
0.071
0.071
0.071
0.071
0.071
0.071
0.071
0.10579999999999998
0.24500000000000002
0.24500000000000002
0.24500000000000002
0.24500000000000002
0.1058
0.071
0.071
0.071
0.071
0.071
0.071
0.071
0.071
0.071
0.071
0.071
0.071
0.071
0.071
0.10579999999999998
0.24500000000000002
0.24500000000000002
0.24500000000000002
0.24500000000000002
0.1058
0.071
0.071
0.071
0.081
0.197
0.32299999999999995
0.32199999999999995
0.071
0.071
0.071
0.071
0.24500000000000002
0.24500000000000002
0.24500000000000002
0.24500000000000002
0.14059999999999997
0.071
0.071
0.071
0.071
0.071
0.071
0.071
0.071
0.071
0.071
0.071
0.071
0.2102
0.24500000000000002
0.24500000000000002
0.24500000000000002
0.17539999999999997
0.071
0.071
0.071
0.071
0.071
0.071
0.071
0.071
0.10579999999999998
0.24500000000000002
0.24500000000000002
0.24500000000000002
0.24299999999999997
0.1918
0.069
0.069
0.093
0.129
0.129
0.129
0.192
0.318
0.10579999999999998
0.24500000000000002
0.24500000000000002
0.24500000000000002
0.24500000000000002
0.1058
0.071
0.071
0.071
0.071
0.071
0.071
0.071
0.071
0.071
0.071
0.071
0.071
0.071
0.1406
0.24500000000000002
0.24500000000000002
0.24299999999999997
0.24299999999999997
0.069
0.093
0.129
0.129
0.081
0.0978
0.141
1.7274
2.124
2.124
2.124
0.942
0.18180000000000002
0.293
0.46699999999999997
0.46699999999999997
0.46699999999999997
0.46699999999999997
0.21259999999999998
0.143
0.143
0.143
0.143
0.143
0.2138
0.143
0.2138
0.24739999999999998
0.317
0.3878
0.317
0.3176
0.5744
0.18439999999999995
0.071
0.071
0.071
0.071
0.071
0.071
0.071
0.071
0.071
0.071
0.071
0.071
0.071
0.071
0.071
0.071
0.071
0.071
0.071
0.071
0.071
0.1406
0.24500000000000002
0.24500000000000002
0.24500000000000002
0.24500000000000002
0.071
0.071
0.071
0.071
0.071
0.071
0.071
0.071
0.221
0.28900000000000003
0.4098
0.4668
0.42800000000000005
0.591
0.5993999999999999
0.552
0.628
0.5965999999999999
0.509
0.513
0.46099999999999997
0.49399999999999994
0.554
0.614
0.614
0.6904000000000001
0.756
0.9030000000000001
0.9286000000000001
0.9994
0.96
0.7727999999999999
0.726
0.774
0.7552
0.6839999999999999
0.672
0.6908
0.6944
0.608
0.608
0.5856
0.5589999999999999
0.5589999999999999
0.475
0.49779999999999996
0.637
0.637
0.937
0.764
0.6168000000000001
0.49800000000000005
0.4412
0.396
0.404
0.376
0.471
0.471
0.45099999999999996
0.7006
0.8598000000000001
0.841
0.9032
0.6884
0.631
0.641
0.633
0.5076
0.071
0.071
0.071
0.071
0.071
0.071
0.24500000000000002
0.24500000000000002
0.24500000000000002
0.24500000000000002
0.14059999999999997
0.071
0.071
0.071
0.071
0.071
0.071
0.071
