0.075
0.065
0.065
0.065
0.065
0.065
0.065
0.075
0.075
0.075
0.075
0.075
0.075
0.075
0.1902
0.267
0.267
0.11340000000000001
0.075
0.075
0.075
0.075
0.075
0.075
0.075
0.075
0.075
0.075
0.075
0.075
0.1518
0.267
0.267
0.1518
0.075
0.075
0.075
0.075
0.075
0.075
0.075
0.075
0.075
0.075
0.075
0.075
0.11339999999999999
0.267
0.267
0.19019999999999998
0.075
0.075
0.075
0.075
0.075
0.075
0.075
0.075
0.075
0.075
0.11339999999999999
0.267
0.267
0.19019999999999998
0.075
0.075
0.075
0.075
0.075
0.075
0.5948
0.6988000000000001
0.7190000000000001
0.748
0.748
0.7512
0.791
0.885
0.805
0.7498
0.6729999999999999
0.23199999999999998
1.5238
2.539
2.5948
2.5759999999999996
2.6673999999999998
2.2714000000000003
0.457
0.39099999999999996
0.3124
0.263
0.318
0.288
0.256
0.26739999999999997
0.253
0.5482
0.361
0.3106
0.253
0.3298
0.564
1.5388
2.4988
2.422
2.422
2.422
2.422
2.422
2.422
2.422
2.422
2.422
2.468
1.5292000000000001
0.121
0.19779999999999998
0.267
0.267
0.1978
0.11439999999999999
0.088
0.088
0.088
0.16799999999999998
0.079
0.08739999999999999
0.145
1.7573999999999999
2.9822
2.2198
2.322
1.5288000000000002
0.2238
0.147
0.147
0.147
0.147
0.147
0.147
0.147
0.147
0.147
0.147
0.147
0.333
0.339
0.3744
0.22080000000000002
0.16
0.23079999999999998
0.16
0.16
0.5278
0.3148000000000001
0.088
0.088
0.088
0.088
0.08620000000000001
0.274
0.3907999999999999
0.3816
0.22800000000000004
0.7085999999999999
0.22800000000000004
0.2684
0.329
0.36900000000000005
0.075
0.075
0.075
0.075
0.075
0.11339999999999999
0.267
0.267
0.19019999999999998
0.075
0.075
0.075
0.075
0.075
0.075
0.075
0.075
0.075
0.075
0.075
0.075
0.1902
0.267
0.267
0.11340000000000001
0.075
0.075
0.075
0.075
0.075
0.075
0.075
0.075
0.075
0.075
0.075
0.075
0.075
0.075
0.267
0.267
0.2286
0.45299999999999996
0.489
0.489
0.5268
0.5002
0.526
0.6980000000000001
1.024
1.045
1.189
1.6696000000000002
1.2274
1.401
1.4410000000000003
1.3994000000000002
1.227
1.227
1.2306
1.2426
1.169
1.1678000000000002
1.166
1.166
1.201
1.1326
1.065
1.257
1.3378
1.3436
1.254
1.225
1.201
1.1332
1.0812
1.1076000000000001
1.1652
1.3136000000000003
1.354
1.2618000000000003
1.22
1.22
1.184
1.3136
1.392
1.4349999999999998
1.14
1.1507999999999998
1.089
1.0790000000000002
1.1300000000000001
1.07
1.0556
0.9021999999999999
0.9866000000000001
1.0106000000000002
0.9659999999999999
0.9587999999999999
0.454
0.6075999999999999
0.706
0.6656
0.413
0.075
0.075
0.075
0.075
0.075
0.075
0.075
0.075
0.075
0.075
0.075
0.075
0.075
0.075
