0.072
0.072
0.06799999999999999
0.062
0.062
0.062
0.072
0.072
0.072
0.072
0.072
0.072
0.072
0.072
0.072
0.072
0.072
0.072
0.1018
0.221
0.221
0.221
0.19119999999999998
0.072
0.072
0.11359999999999999
0.176
0.176
0.176
0.09280000000000001
0.072
0.072
0.072
0.072
0.072
0.1018
0.2834
0.325
0.325
0.2952
0.072
0.072
0.072
0.072
0.072
0.072
0.072
0.072
0.1344
0.176
0.176
0.176
0.072
0.072
0.072
0.072
0.1614
0.221
0.221
0.2626
0.23559999999999998
0.176
0.176
0.09280000000000001
0.072
0.072
0.072
0.072
0.072
0.221
0.221
0.221
0.221
0.072
0.072
0.072
0.072
0.072
0.176
0.176
0.176
0.1344
0.1594
0.46699999999999997
0.45999999999999996
0.495
0.46560000000000007
0.4708
0.51
0.6683999999999999
0.798
0.8220000000000001
0.8019999999999999
0.638
0.7694
0.7459999999999999
0.9188000000000001
0.951
1.2366
2.7424000000000004
2.7540000000000004
2.92
2.5336
0.9480000000000001
0.732
0.633
0.6754
0.7122
0.685
0.675
0.5922
0.509
0.509
0.509
0.509
0.5317999999999999
0.623
0.623
0.563
0.5332
0.414
0.414
1.611
0.379
0.379
0.379
0.4222
0.45099999999999996
2.434
2.434
2.5045999999999995
4.0134
4.0826
3.7692
3.7304000000000004
3.6409999999999996
3.118
1.2075999999999998
0.144
0.144
0.306
0.306
0.3358
0.45499999999999996
0.4904
0.4904
0.2632
0.21479999999999996
0.2064
0.248
0.3188
0.248
0.21479999999999996
0.639
2.571
2.571
2.571
2.72
2.72
2.72
2.72
2.571
2.733
2.857
2.857
2.857
0.358
0.358
0.462
0.48840000000000006
0.5671999999999999
0.5553999999999999
0.506
0.542
0.42860000000000004
0.333
0.34500000000000003
0.353
0.42919999999999997
0.395
0.591
0.6634
0.67
1.749
1.6380000000000003
1.746
1.7536
1.7178
1.671
1.688
1.5233999999999999
1.4436
1.379
1.4126
1.682
0.7386
0.9110000000000001
1.0139999999999998
1.0322
1.095
1.1150000000000002
1.078
1.0994000000000002
1.098
0.893
0.9104000000000001
0.8144
0.806
0.6893999999999999
0.617
0.5698
0.5290000000000001
0.6117999999999999
0.983
0.9460000000000001
0.8552
0.8141999999999999
0.688
0.8860000000000001
0.812
0.8
0.7860000000000001
0.6596
0.5630000000000001
0.619
0.507
0.376
0.36619999999999997
0.39399999999999996
0.45599999999999996
0.5592
0.47700000000000004
0.5004
0.534
0.5920000000000001
0.712
0.5860000000000001
0.497
0.418
0.3806000000000001
0.418
0.454
0.48100000000000004
0.5946
0.7822
0.8533999999999999
1.6810000000000003
1.282
0.9469999999999998
0.8586
0.8333999999999999
0.765
0.8027999999999998
0.7634
0.647
0.7070000000000001
0.695
0.683
0.7132000000000001
2.4714
0.7354
0.6444
0.7501999999999999
0.9099999999999999
0.221
0.221
0.17319999999999997
0.176
0.176
0.176
0.09280000000000001
0.072
0.072
0.072
0.072
0.072
0.072
0.1344
0.176
0.26539999999999997
0.325
0.221
0.221
0.1316
0.072
0.072
0.072
0.072
