0.057999999999999996
0.05600000000000001
0.05600000000000001
0.05600000000000001
0.05600000000000001
0.05600000000000001
0.064
0.066
0.066
0.066
0.066
0.066
0.066
0.066
0.066
0.066
0.066
0.066
0.066
0.14079999999999998
0.253
0.253
0.253
0.253
0.066
0.066
0.066
0.066
0.066
0.066
0.066
0.066
0.066
0.2156
0.253
0.253
0.253
0.1782
0.066
0.066
0.066
0.066
0.066
0.066
0.066
0.066
0.066
0.066
0.066
0.066
0.1782
0.253
0.253
0.253
0.2156
0.066
0.066
0.066
0.066
0.066
0.066
0.066
0.066
0.066
0.066
0.066
0.066
0.066
0.066
0.066
0.066
0.066
0.066
0.14079999999999998
0.253
0.253
0.253
0.253
0.066
0.066
0.066
0.066
0.066
0.066
0.066
0.066
2.6704
3.2619999999999996
3.2619999999999996
3.4629999999999996
0.9255999999999999
0.346
0.346
0.2392
0.168
0.2
0.268
0.268
2.1868000000000003
3.466
3.5100000000000002
3.466
1.5472
0.23500000000000001
0.11499999999999999
0.213
0.4
0.46799999999999997
0.5
0.5
0.3878
0.313
0.213
0.213
0.2226
0.225
0.225
0.8628
1.288
1.288
1.3628
1.4918
2.7821999999999996
4.063199999999999
3.6379999999999995
3.4509999999999996
2.1718
0.24180000000000001
0.225
0.285
0.197
0.19060000000000002
0.199
0.2796
0.458
2.441
2.441
2.441
2.2554000000000003
0.6075999999999999
2.1298000000000004
3.409
0.138
0.138
0.138
0.138
0.138
0.28759999999999997
0.325
0.325
0.325
0.28559999999999997
0.1734
0.138
0.2088
0.138
0.138
0.2088
0.138
0.2088
0.633
0.066
0.066
0.066
0.066
0.066
0.066
0.066
0.066
0.1782
0.253
0.253
0.253
0.2156
0.066
0.066
0.066
0.066
0.066
0.066
0.066
0.066
0.066
0.066
0.066
0.066
0.066
0.066
0.066
0.2156
0.253
0.253
0.253
0.1782
0.066
0.066
0.066
0.066
0.066
0.066
0.066
0.066
0.066
0.14079999999999998
0.253
0.253
0.253
0.253
0.066
0.066
0.066
0.066
0.066
0.066
0.066
0.066
0.066
0.1782
0.253
0.253
0.253
0.2156
0.066
0.066
0.066
0.066
0.066
0.066
0.066
0.066
0.066
0.1034
0.253
0.253
0.253
0.253
0.1034
0.066
0.066
0.066
0.066
0.066
0.066
0.066
0.066
0.066
0.066
0.066
0.14079999999999998
0.253
0.253
0.253
0.253
0.066
0.066
0.066
0.066
0.066
0.066
0.066
0.066
0.066
0.066
0.14079999999999998
0.253
0.253
0.253
0.253
0.066
0.066
0.066
0.066
0.066
0.066
0.066
0.066
0.066
0.1782
0.253
0.253
0.253
0.2156
0.066
0.066
0.066
0.066
0.066
0.066
