0.1492
0.187
0.227
0.42779999999999996
0.38639999999999997
0.356
0.257
0.257
0.21960000000000002
0.07
0.07
0.07
0.07
0.07
0.07
0.07
0.07
0.07
0.07
0.0974
0.3566
0.394
0.394
0.36660000000000004
0.1822
0.07
0.07
0.07
0.07
0.07
0.07
0.07
0.07
0.15219999999999997
0.207
0.207
0.394
0.3118
0.257
0.257
0.14480000000000004
0.07
0.07
0.07
0.07
0.07
0.0974
0.207
0.207
0.207
0.17959999999999998
0.10740000000000001
0.257
0.257
0.257
0.257
0.18040000000000003
0.147
0.147
0.13299999999999998
0.077
0.221
0.272
0.29000000000000004
0.2592
0.306
0.07
0.257
0.257
0.257
0.257
0.14480000000000004
0.14900000000000002
0.338
0.29700000000000004
0.304
0.07
0.07
0.07
0.1248
0.2444
0.394
0.394
0.33920000000000006
0.609
0.48339999999999994
0.534
0.53
0.5372000000000001
0.5334
0.547
0.547
0.563
0.567
0.6886
0.722
0.718
0.694
0.6352
0.393
0.4782
0.472
0.4
0.7424000000000002
0.6106
0.5174
0.5569999999999999
0.48739999999999994
0.47240000000000004
0.45899999999999996
0.5258
0.638
1.4251999999999998
1.0211999999999999
0.625
0.418
0.3654
0.475
0.475
0.475
0.4476
0.338
0.338
1.1304
0.7342000000000001
0.4875999999999999
0.525
0.525
0.525
0.45020000000000004
0.338
0.338
0.338
0.28400000000000003
0.203
0.2852
0.34
0.34
0.34
0.25780000000000003
0.14600000000000002
0.128
0.10400000000000001
0.0736
0.096
0.096
0.096
0.283
0.283
0.2848
0.292
0.28779999999999994
0.24
0.24
0.26739999999999997
0.425
0.437
0.437
0.3928
0.272
0.272
0.42160000000000003
0.45899999999999996
0.45899999999999996
0.4666
0.3882
0.276
0.28319999999999995
0.285
0.33899999999999997
0.4784
0.6419999999999999
0.6460000000000001
0.586
0.15220000000000003
0.07
0.225
0.225
0.21200000000000002
0.21200000000000002
0.23900000000000002
1.0116
0.6082000000000002
0.31239999999999996
0.5696
0.527
0.394
0.3118
0.3908
0.28099999999999997
0.296
0.296
0.29779999999999995
0.426
0.449
0.552
0.604
0.604
0.592
0.592
0.5186
0.63
0.6740000000000002
0.6653999999999999
0.687
0.5422
1.3006
0.6208
0.6478
0.6026
0.585
0.5522
0.982
2.634
2.646
2.5469999999999997
2.038
0.5088
0.621
0.54
0.5997999999999999
0.655
0.207
0.207
0.09740000000000001
0.07
0.07
0.07
0.07
0.07
0.07
0.07
0.07
0.207
0.28180000000000005
0.394
0.394
0.257
0.5880000000000001
0.524
0.429
1.141
1.2916
1.346
1.388
1.3698000000000001
1.2946000000000002
0.4438000000000001
0.3714
0.6046000000000001
0.394
0.394
0.693
0.7508
0.5786
0.5729999999999998
0.647
0.45600000000000007
0.44000000000000006
0.4596
0.36900000000000005
0.469
0.489
1.6824
0.6220000000000001
0.8794000000000001
0.8058
0.916
0.207
0.207
0.207
0.07
0.07
0.07
0.07
0.07
0.07
0.07
0.07
0.07
0.07
0.07
0.07
0.10740000000000001
0.36660000000000004
0.394
0.394
0.392
