0.053000000000000005
0.053000000000000005
0.053000000000000005
0.053000000000000005
0.061
0.063
0.063
0.063
0.063
0.063
0.063
0.063
0.063
0.063
0.063
0.063
0.063
0.063
0.063
0.063
0.063
0.169
0.169
0.169
0.1266
0.063
0.063
0.063
0.063
0.063
0.063
0.063
0.10540000000000001
0.169
0.169
0.169
0.08420000000000001
0.063
0.063
0.063
0.063
0.063
0.063
0.063
0.063
0.063
0.063
0.063
0.10540000000000001
0.169
0.169
0.169
0.08420000000000001
0.063
0.063
0.063
0.063
0.063
0.063
0.063
0.063
0.063
0.063
0.063
0.10540000000000001
0.169
0.169
0.169
0.08420000000000001
0.063
0.063
0.063
0.063
0.063
0.063
0.063
0.063
0.063
0.063
0.063
0.063
0.063
0.063
0.063
0.063
0.063
0.063
0.063
0.4708
0.9138000000000002
0.299
0.339
0.35900000000000004
0.3494
6.5264
0.31499999999999995
0.303
0.32699999999999996
0.291
0.299
0.29500000000000004
0.355
0.43099999999999994
0.395
0.49939999999999996
0.6763999999999999
0.6629999999999999
0.511
0.4274
0.33540000000000003
0.25220000000000004
0.257
0.273
0.233
0.233
0.233
0.25860000000000005
0.265
0.27540000000000003
0.2992
0.384
0.384
0.36079999999999995
0.2884
0.246
0.246
0.246
0.246
0.246
0.20999999999999996
0.15960000000000002
0.134
0.169
0.169
0.169
0.1266
0.063
0.063
0.063
0.063
0.063
0.063
0.063
0.063
0.063
0.063
0.063
0.063
0.063
0.063
0.063
0.063
0.063
0.063
0.063
0.063
0.063
0.063
0.063
0.063
0.10540000000000001
0.169
0.169
0.169
0.08420000000000001
0.063
0.063
0.063
0.063
0.063
0.063
0.063
0.063
0.063
0.063
0.063
0.063
0.063
0.063
0.063
0.0834
0.097
0.061
0.2466
0.3414
0.29100000000000004
0.279
0.3022
0.31700000000000006
0.35300000000000004
0.30500000000000005
0.253
0.301
0.193
0.24500000000000002
0.359
0.367
0.383
0.313
0.35619999999999996
0.24900000000000003
0.37260000000000004
0.42699999999999994
0.42300000000000004
0.547
0.369
0.29300000000000004
0.329
0.341
0.4138
0.505
0.5770000000000001
0.5273999999999999
0.48599999999999993
0.462
0.326
0.358
0.366
0.366
0.406
1.6834000000000002
0.582
0.586
0.538
0.5004
0.554
0.5514
0.541
0.513
0.561
0.5428
0.5468
0.633
0.619
1.0704
1.4626
0.527
0.499
0.479
0.46299999999999997
0.453
0.465
0.453
0.353
0.3722
0.35219999999999996
0.3686
0.4984
0.636
0.596
1.7446000000000002
0.5388
0.586
0.574
0.566
1.7754
0.4508
0.4204
0.5584
0.659
0.707
0.7746000000000001
0.6312
0.598
0.642
0.57
0.558
0.558
0.67
0.8215999999999999
0.8720000000000001
0.844
0.7848
0.5900000000000001
0.619
0.619
0.063
0.063
0.063
0.063
0.063
0.063
0.063
0.063
0.063
0.063
0.05499999999999999
0.053000000000000005
