0.071
0.071
0.065
0.061
0.061
0.061
0.061
0.061
0.12940000000000002
0.175
0.175
0.175
0.071
0.071
0.071
0.071
0.071
0.071
0.071
0.071
0.071
0.2334
0.274
0.274
0.071
0.071
0.071
0.071
0.071
0.11259999999999999
0.175
0.175
0.175
0.0918
0.071
0.071
0.071
0.071
0.071
0.2334
0.274
0.274
0.071
0.071
0.071
0.071
0.081
0.093
0.129
0.129
0.189
0.225
0.29
0.28400000000000003
0.1334
0.3374
0.378
0.378
0.071
0.071
0.071
0.071
0.071
0.071
0.071
0.071
0.071
0.1334
0.175
0.175
0.175
0.1116
0.274
0.274
0.1928
0.071
0.071
0.071
0.071
0.071
0.071
0.071
0.071
0.071
0.21739999999999998
0.24699999999999997
0.21100000000000002
0.227
0.183
0.231
0.33659999999999995
0.358
0.354
3.056
3.174
3.1643999999999997
3.242
0.309
0.225
0.20740000000000003
0.29460000000000003
0.20500000000000002
0.21000000000000002
0.20099999999999998
0.1746
0.434
2.2052
3.3024
3.14
3.14
1.4018000000000002
0.2638
0.347
0.32299999999999995
0.307
0.2446
0.19740000000000002
0.189
0.189
0.189
0.22960000000000003
0.392
0.392
0.3108000000000001
0.1738
0.233
0.233
0.233
0.1706
0.129
0.15360000000000001
0.252
0.252
0.252
0.071
0.071
0.1522
0.274
0.274
0.15219999999999997
0.071
0.09179999999999999
0.175
0.175
0.175
0.11259999999999999
0.071
0.071
0.071
0.071
0.071
0.274
0.274
0.2334
0.071
0.071
0.192
0.192
0.192
0.192
0.192
2.5096
0.071
0.071
0.071
0.15419999999999998
0.175
0.378
0.3572
0.2334
0.071
0.071
0.071
0.071
0.071
0.071
0.071
0.071
0.071
0.071
0.071
0.071
0.1522
0.274
0.3572
0.25620000000000004
0.175
0.15419999999999998
0.071
0.071
0.071
0.071
0.071
0.071
0.071
0.071
0.071
0.071
0.19280000000000003
0.274
0.274
0.1116
0.175
0.175
3.193
4.5752
3.1130000000000004
0.8633999999999998
2.0302
3.189
0.071
0.071
0.1522
0.274
3.2920000000000003
3.2182000000000004
0.071
0.071
0.071
0.071
0.071
0.071
1.409
0.3646
0.44299999999999995
0.471
0.5841999999999999
0.6708
0.6620000000000001
0.5372
0.44000000000000006
0.3768
0.40099999999999997
0.461
0.521
0.5746
0.175
0.175
0.175
0.0918
0.071
0.071
0.19280000000000003
0.274
0.274
0.1116
0.071
0.071
0.261
0.2304
0.20600000000000002
0.24899999999999997
0.3482
0.9204000000000001
3.2380000000000004
3.2572
3.303
2.7321999999999997
0.5833999999999999
0.563
0.5058
0.47639999999999993
0.7070000000000001
0.583
0.071
0.071
0.071
0.071
0.071
0.071
0.071
0.071
0.071
0.071
0.071
0.071
0.071
0.071
0.071
0.071
0.071
0.071
0.274
0.274
0.2334
0.071
0.071
0.071
