0.053000000000000005
0.053000000000000005
0.053000000000000005
0.053000000000000005
0.053000000000000005
0.061
0.063
0.063
0.063
0.063
0.063
0.063
0.063
0.063
0.063
0.063
0.063
0.063
0.063
0.063
0.063
0.063
0.063
0.063
0.063
0.063
0.063
0.063
0.063
0.063
0.063
0.063
0.063
0.063
0.063
0.063
0.063
0.063
0.063
0.063
0.063
0.063
0.063
0.063
0.063
0.063
0.063
0.063
0.063
0.063
0.063
0.063
0.063
0.063
0.063
0.063
0.063
0.063
0.063
0.063
0.063
0.063
0.063
0.063
0.063
0.063
0.063
0.063
0.063
0.063
0.063
0.063
0.063
0.063
0.063
0.063
0.063
0.063
0.063
0.063
0.063
0.063
0.063
0.063
0.126
0.202
0.202
0.262
0.272
0.22599999999999998
0.2984
0.348
0.21800000000000003
0.268
0.3476
0.33
0.29
0.502
5.8347999999999995
0.538
0.514
0.781
0.063
0.063
0.063
0.063
0.063
0.063
0.063
0.063
0.063
0.063
0.063
0.063
0.063
0.063
0.063
0.063
0.063
0.063
0.063
0.063
0.063
0.063
0.063
0.063
0.063
0.063
0.063
0.063
0.063
0.063
0.063
0.063
0.063
0.063
0.063
0.063
0.063
0.063
0.063
0.063
1.513
1.513
1.6186
1.629
1.629
1.6402
1.675
1.6830000000000003
1.6830000000000003
1.6830000000000003
1.6830000000000003
1.416
0.40800000000000003
0.2784
0.2294
0.219
0.219
0.24379999999999996
0.25
0.2472
0.15360000000000001
0.133
0.133
0.133
0.125
0.093
0.093
0.16899999999999998
0.269
0.3218
1.178
2.4444000000000004
2.42
2.3788
2.317
1.1320000000000001
0.265
0.293
0.255
0.255
0.135
0.135
0.135
0.135
0.135
0.135
0.135
0.135
0.20579999999999998
0.135
0.20580000000000004
0.135
0.135
0.20579999999999998
0.135
0.17040000000000002
0.5664
2.1755999999999998
2.562
2.562
2.562
2.562
2.562
2.562
2.562
2.562
2.562
2.562
2.562
0.5628000000000001
0.063
0.063
0.063
0.063
0.063
0.063
0.063
0.063
0.063
0.063
0.063
0.063
0.063
0.063
0.063
0.063
0.063
0.063
0.063
0.063
0.063
0.063
0.063
0.063
0.063
0.063
0.063
0.063
0.063
0.063
0.063
0.063
0.063
0.063
0.12000000000000002
0.9853999999999999
0.5892000000000001
0.225
0.233
0.24700000000000003
0.20800000000000002
0.14400000000000002
0.15760000000000002
0.2338
0.23759999999999998
0.356
0.392
0.45199999999999996
0.64
0.712
0.484
0.42960000000000004
0.23700000000000002
0.265
0.42940000000000006
0.508
0.44800000000000006
0.39
0.40259999999999996
0.391
0.404
0.43599999999999994
0.476
0.42799999999999994
0.41600000000000004
0.41600000000000004
0.426
0.488
0.063
0.063
0.063
0.063
0.063
0.063
0.063
0.05499999999999999
