0.0
0.0
0.0
0.0
0.0
0.0
0.0
0.0
0.0
0.0
0.0
0.0
0.0
0.0
0.0
0.0
0.0
0.0
0.0
0.0
8.470578714038402E-8
1.029128E-5
7.160653333333334E-5
2.2532666666666664E-4
3.3236733333333335E-4
3.747773333333333E-4
3.7952799999999996E-4
4.5967733333333345E-4
5.481879999999999E-4
5.341673333333334E-4
5.855960000000001E-4
8.5742E-4
8.272086666666665E-4
9.132906666666665E-4
8.326326666666666E-4
9.747986666666667E-4
8.060299999999999E-4
5.771006666666666E-4
6.860740000000001E-4
8.037133333333334E-4
3.7828E-4
1.877866666666667E-4
1.8023333333333331E-4
2.3447533333333337E-4
2.8258800000000007E-4
4.926613333333332E-4
5.940860000000001E-4
9.496146666666666E-4
0.0011094
4.814866666666667E-4
3.5884400000000004E-4
1.9797399999999999E-4
2.533793333333334E-4
5.807013333333334E-4
7.719159999999998E-4
5.260446666666666E-4
2.762253333333334E-4
3.1124866666666667E-4
0.001048606
0.0010791266666666667
0.0010704666666666667
0.0010606133333333331
6.410113333333334E-4
4.7240133333333327E-4
6.217093333333333E-4
4.278053333333335E-4
5.293720000000001E-4
7.522973333333335E-4
6.309106666666667E-4
4.8591399999999994E-4
2.3610066666666663E-4
3.419093333333333E-4
3.9845866666666667E-4
3.4527066666666676E-4
3.581586666666666E-4
2.8198866666666664E-4
5.228513333333333E-4
2.47794E-4
2.5327066666666663E-4
1.328009333333333E-4
3.922253333333334E-5
6.116798E-6
3.809975160738738E-8
0.0
0.0
0.0
0.0
0.0
0.0
0.0
0.0
0.0
0.0
0.0
0.0
0.0
