0.073
0.083
0.067
0.065
0.065
0.065
0.065
0.065
0.07300000000000001
0.075
0.075
0.075
0.075
0.11939999999999999
0.186
0.388
0.388
0.2992
0.277
0.1558
0.075
0.075
0.075
0.075
0.075
0.1638
0.186
0.186
0.1638
0.075
0.1558
0.277
0.277
0.277
0.277
0.075
0.075
0.075
0.075
0.075
0.075
0.075
0.075
0.075
0.11939999999999999
0.186
0.3476
0.388
0.2992
0.277
0.19619999999999999
0.075
0.075
0.075
0.075
0.075
0.075
0.075
0.075
0.075
0.075
0.075
0.075
0.1638
0.186
0.3476
0.3658
0.277
0.277
0.19619999999999999
0.075
0.075
0.075
0.075
0.075
0.075
0.075
0.075
0.24220000000000003
0.32500000000000007
0.32320000000000004
0.41000000000000003
0.3456
0.3234
0.33299999999999996
0.08499999999999999
0.15700000000000003
1.0026
0.5978000000000001
0.14500000000000002
0.38499999999999995
0.505
0.555
0.6176
0.8704000000000001
0.8754
0.901
0.8744
0.6344
1.9476
2.27
2.2939999999999996
2.27
2.3760000000000003
1.6532
0.518
0.5539999999999999
0.6477999999999999
0.9158
0.938
0.9259999999999999
0.8688
0.6334
0.6198
0.687
0.6557999999999999
0.639
0.6422000000000001
0.551
1.1468
0.515
0.5593999999999999
0.49960000000000004
0.4680000000000001
0.43200000000000005
0.3192
0.2162
0.08900000000000001
0.085
0.085
0.085
0.085
0.0826
0.073
0.073
0.073
0.073
0.073
0.1626
0.185
0.185
0.2658
0.387
0.387
0.277
0.277
0.1416
0.186
0.186
0.186
0.075
0.075
0.075
0.075
0.11539999999999999
0.277
1.1518000000000002
0.6798
0.323
0.20540000000000003
0.075
0.075
0.075
0.075
0.075
0.1638
0.186
0.186
0.3658
0.277
0.277
0.277
0.1558
0.075
0.075
0.075
0.075
0.075
0.11939999999999999
0.186
0.186
0.186
0.2992
0.277
0.277
0.277
0.197
0.145
0.18619999999999998
0.24020000000000002
0.389
0.3314
0.339
0.4824
0.462
0.5272
0.6514
0.685
0.7898
0.9206
0.6778000000000001
0.634
0.6322
0.519
0.519
0.663
0.6244
0.5968
0.568
0.52
0.544
0.5559999999999999
0.734
0.8089999999999999
0.8110000000000002
0.8629999999999999
0.6978
0.6946
0.6960000000000001
0.716
0.986
0.8620000000000001
0.6699999999999999
0.7406
0.7929999999999999
0.7609999999999999
2.0622
0.8436
1.791
3.2263999999999995
2.072
1.8700000000000003
1.8700000000000003
1.844
1.86
1.9567999999999999
1.9552
1.948
2.0392
1.902
0.8876000000000002
0.583
0.7042
0.775
0.787
0.8238
0.7656000000000001
0.664
0.7312
0.9632
1.4282
1.0917999999999999
0.675
0.687
0.6799999999999999
0.8987999999999999
0.7664
0.8204
0.8952
0.5025999999999999
0.437
0.437
0.3565999999999999
0.40519999999999995
0.558
0.6024
0.6594
0.5619999999999999
0.6142000000000001
0.4386
0.3708
0.366
0.354
0.378
0.4164
0.438
0.438
0.47359999999999997
0.4652
0.548
0.5439999999999999
0.6648
0.3214
0.277
0.277
0.1558
0.075
0.075
