0.0814
0.11900000000000002
0.31379999999999997
0.326
0.3692
0.47000000000000003
0.493
0.48599999999999993
0.073
0.073
0.073
0.261
0.261
0.261
0.261
0.14819999999999997
0.073
0.073
0.073
0.073
0.073
0.073
0.073
0.073
0.073
0.073
0.073
0.073
0.073
0.073
0.073
0.1482
0.261
0.261
0.261
0.261
0.073
0.073
0.073
0.073
0.073
0.073
0.073
0.073
0.073
0.073
0.073
0.1482
0.261
0.261
0.261
0.261
0.073
0.073
0.073
0.073
0.073
0.073
0.073
0.073
0.073
0.073
0.073
0.073
0.073
0.1482
0.261
0.261
0.261
0.261
0.073
0.073
0.073
0.073
0.073
0.073
0.073
0.073
0.073
0.073
0.073
0.073
0.10500000000000001
0.185
0.255
0.2686
0.25260000000000005
1.3406
2.8432
3.4044000000000003
3.4259999999999997
1.7042000000000002
0.43
6.000400000000001
0.40499999999999997
0.3718
0.4728
0.6527999999999999
0.5948
0.5172000000000001
0.6093999999999999
1.3012000000000001
3.1024000000000003
3.3206
3.599
1.9883999999999997
0.9404
0.8859999999999999
1.2128
1.201
2.2962
3.435
3.556
2.4687999999999994
0.7088000000000001
0.7414
1.1374
1.3664
0.6612
0.7112
0.685
0.625
0.6049999999999999
0.7991999999999999
0.8230000000000001
0.8112
0.656
0.4680000000000001
0.42800000000000005
0.418
0.418
0.418
0.406
0.406
0.41319999999999996
0.418
0.418
0.48119999999999996
0.594
0.594
0.9428000000000001
0.7564
0.346
0.346
1.3666
0.41079999999999994
0.47140000000000004
1.4956
0.5760000000000001
0.512
0.5054000000000001
0.46699999999999997
0.495
0.4258
1.4436
0.43019999999999997
3.457
3.5572000000000004
3.5769999999999995
1.2289999999999999
0.68
0.667
0.502
0.49400000000000005
0.665
0.7096
0.7607999999999999
0.757
0.073
0.073
0.073
0.1482
0.261
0.261
0.261
0.261
0.073
0.073
0.073
0.073
0.073
0.073
0.073
0.073
0.073
0.1482
0.261
0.261
0.261
0.261
0.073
0.073
0.073
0.073
0.073
0.073
0.073
0.073
0.073
0.073
0.32799999999999996
0.4838
0.5502
0.5114
0.521
0.5282
0.537
0.6066
0.6719999999999999
0.6275999999999999
0.6376000000000001
0.7971999999999999
0.639
0.551
0.47840000000000005
0.4554
0.49400000000000005
0.7652
0.8892
0.9551999999999999
0.725
0.6990000000000001
0.5186
0.489
0.532
0.5314
0.538
0.5410000000000001
0.6612
0.7470000000000001
1.0736
1.0635999999999999
0.8939999999999999
0.8844000000000001
3.8364
3.842
3.9438000000000004
1.8328
1.087
6.630000000000001
1.05
4.888
2.896000000000001
1.015
0.9904
0.8959999999999999
0.7700000000000001
1.0018
1.3980000000000001
0.8722
1.017
1.1172
1.0772
0.9512
0.7726
0.8393999999999998
0.932
0.9276
0.837
0.891
1.0509999999999997
1.1294
1.0501999999999998
1.0626
1.7726
1.4872
1.239
1.209
0.9794
0.9745999999999999
0.9628
0.9507999999999999
0.962
0.922
0.073
0.073
0.073
0.18580000000000002
0.261
0.261
0.261
0.2234
0.073
0.073
0.073
0.067
0.063
0.063
