 0.062 
 0.062 
 0.062 
 0.062 
 0.062 
 0.062 
 0.062 
 0.062 
 0.062 
 0.062 
 0.062 
 0.062 
 0.062 
 0.062 
 0.062 
 0.062 
 0.062 
 0.062 
 0.062 
 0.062 
 0.062 
 0.062 
 0.062 
 0.062 
 0.062 
 0.062 
 0.062 
 0.062 
 0.062 
 0.062 
 0.062 
 0.062 
 0.062 
 0.062 
 0.062 
 0.062 
 0.062 
 0.062 
 0.062 
 0.062 
 0.062 
 0.062 
 0.062 
 0.062 
 0.062 
 0.062 
 0.062 
 0.062 
 0.062 
 0.062 
 0.062 
 0.062 
 0.062 
 0.062 
 0.062 
 0.062 
 0.062 
 0.062 
 0.062 
 0.062 
 0.062 
 0.062 
 0.062 
 0.062 
 0.062 
 0.062 
 0.062 
 0.062 
 0.062 
 0.062 
 0.062 
 0.062 
 0.268 
 0.268 
 0.268 
 0.268 
 0.268 
 0.268 
 0.268 
 0.268 
 0.268 
 0.268 
 0.268 
 0.268 
 0.268 
 0.268 
 0.268 
 0.268 
 0.268 
 0.268 
 0.268 
 0.268 
 0.268 
 0.268 
 0.062 
 0.062 
 0.062 
 0.062 
 0.062 
 0.062 
 0.062 
 0.062 
 0.062 
 0.062 
 0.062 
 0.062 
 0.062 
 0.062 
 0.062 
 0.062 
 0.062 
 0.062 
 0.062 
 0.062 
 0.062 
 0.062 
 0.062 
 0.062 
 0.062 
 0.062 
 0.062 
 0.062 
 0.062 
 0.062 
 0.062 
 0.062 
 0.062 
 0.062 
 0.062 
 0.062 
 0.062 
 0.062 
 0.062 
 0.062 
 0.062 
 0.062 
 0.062 
 0.062 
 0.062 
 0.062 
 0.062 
 0.062 
 0.062 
 0.062 
 0.062 
 0.062 
 0.062 
 0.062 
 0.062 
 0.062 
 0.062 
 0.062 
 0.062 
 0.062 
 0.062 
 0.062 
 0.062 
 0.062 
 0.062 
 0.062 
 0.062 
 0.062 
 0.062 
 0.062 
 0.062 
 0.062 
 0.062 
 0.062 
 0.062 
 0.062 
 0.062 
 0.062 
 0.062 
 0.062 
 0.062 
 0.062 
 0.062 
 0.062 
 0.062 
 0.062 
 0.062 
 0.062 
 0.062 
 0.062 
 0.062 
 0.062 
 0.062 
 0.062 
 0.062 
 0.062 
 0.062 
 0.062 
 0.062 
 0.062 
 0.062 
 0.062 
 0.062 
 0.062 
 0.062 
 0.062 
 0.062 
 0.062 
 0.062 
 0.062 
 0.062 
 0.062 
 0.062 
 0.062 
 0.062 
 0.062 
 0.062 
 0.062 
 0.062 
 0.062 
 0.062 
 0.062 
 0.062 
 0.062 
 0.062 
 0.062 
 0.062 
 0.062 
 0.062 
 0.062 
 0.062 
 0.062 
 0.062 
 0.062 
 0.062 
 0.062 
 0.062 
 0.062 
 0.062 
 0.062 
 0.062 
 0.062 
 0.062 
 0.062 
 0.062 
 0.062 
 0.062 
 0.062 
 0.062 
 0.062 
 0.062 
 0.062 
 0.062 
 0.062 
 0.062 
 0.062 
 0.062 
 0.062 
 0.062 
 0.062 
 0.062 
 0.062 
 0.062 
 0.062 
 0.062 
 0.062 
 0.062 
 0.062 
 0.062 
 0.062 
 0.062 
 0.062 
 0.062 
 0.062 
 0.062 
 0.062 
 0.268 
 0.268 
 0.268 
 0.268 
 0.268 
 0.268 
 0.268 
 0.268 
 0.268 
 0.268 
 0.268 
 0.268 
 0.268 
 0.268 
 0.268 
 0.268 
 0.268 
 0.268 
 0.268 
 0.268 
 0.268 
 0.268 
 0.062 
 0.062 
 0.062 
 0.062 
 0.062 
 0.062 
 0.062 
 0.062 
 0.062 
 0.062 
 0.062 
 0.062 
 0.062 
 0.062 
 0.062 
 0.062 
 0.062 
 0.062 
 0.062 
 0.062 
 0.062 
 0.062 
 0.062 
 0.062 
 0.062 
 0.062 
 0.062 
 0.062 
 0.062 
 0.062 
 0.062 
 0.062 
 0.062 
 0.062 
 0.062 
 0.062 
 0.062 
 0.062 
 0.062 
 0.062 
 0.062 
 0.062 
 0.062 
 0.062 
 0.062 
 0.062 
 0.062 
 0.062 
 0.062 
 0.062 
 0.062 
 0.062 
 0.268 
 0.268 
 0.268 
 0.268 
 0.268 
 0.268 
 0.268 
 0.268 
 0.268 
 0.268 
 0.268 
 0.268 
 0.268 
 0.268 
 0.268 
 0.268 
 0.268 
 0.268 
 0.268 
 0.268 
 0.268 
 0.268 
 0.062 
 0.062 
 0.062 
 0.062 
 0.062 
 0.062 
 0.062 
 0.062 
 0.062 
 0.062 
 0.062 
 0.062 
 0.062 
 0.062 
 0.062 
 0.062 
 0.062 
 0.062 
 0.062 
 0.062 
 0.062 
 0.062 
 0.062 
 0.062 
 0.062 
 0.062 
 0.062 
 0.062 
 0.062 
 0.062 
 0.062 
 0.062 
 0.062 
 0.062 
 0.062 
 0.062 
 0.062 
 0.062 
 0.122 
 0.122 
 0.122 
 0.182 
 0.182 
 0.122 
 0.122 
 0.122 
 0.122 
 0.122 
 0.122 
 0.122 
 0.062 
 0.062 
 0.062 
 0.062 
 0.062 
 0.062 
 0.062 
 0.062 
 0.062 
 0.062 
 0.062 
 0.062 
 0.062 
 0.062 
 0.062 
 0.062 
 0.062 
 0.062 
 0.123 
 0.123 
 0.329 
 0.329 
 0.268 
 0.268 
 0.328 
 0.328 
 0.268 
 0.268 
 0.268 
 0.268 
 0.598 
 0.598 
 0.723 
 0.723 
 0.393 
 0.393 
 0.433 
 0.433 
 0.533 
 0.533 
 0.533 
 0.533 
 0.327 
 0.327 
 0.327 
 0.458 
 0.458 
 0.458 
 0.458 
 0.358 
 0.358 
 0.358 
 0.418 
 0.418 
 0.418 
 0.418 
 0.418 
 0.418 
 0.418 
 0.418 
 0.438 
 0.378 
 0.378 
 0.378 
 2.566 
 2.566 
 2.566 
 2.626 
 2.626 
 2.626 
 2.626 
 2.626 
 2.626 
 2.626 
 2.566 
 2.566 
 2.566 
 2.441 
 2.441 
 2.55 
 2.55 
 2.55 
 2.55 
 2.57 
 2.55 
 2.55 
 2.651 
 2.651 
 2.651 
 2.651 
 2.651 
 0.463 
 0.463 
 0.463 
 0.463 
 0.463 
 0.463 
 0.463 
 0.463 
 0.423 
 0.423 
 0.423 
 0.423 
 0.423 
 0.062 
 0.062 
 0.062 
 0.062 
 0.062 
 0.062 
 0.062 
 0.062 
 0.062 
 0.062 
 0.302 
 0.302 
 0.302 
 0.302 
 0.302 
 0.508 
 0.508 
 0.508 
 0.508 
 0.508 
 0.508 
 0.508 
 0.508 
 0.508 
 0.508 
 0.508 
 0.508 
 0.522 
 0.522 
 0.522 
 0.522 
 0.522 
 0.522 
 0.522 
 0.522 
 0.522 
 0.522 
 0.316 
 0.316 
 0.316 
 0.316 
 0.316 
 0.316 
 0.316 
 0.316 
 0.207 
 0.207 
 0.207 
 0.207 
 0.207 
 0.207 
 0.207 
 0.207 
 0.207 
 0.207 
 0.207 
 0.207 
 0.207 
 0.207 
 0.207 
 0.207 
 0.207 
 0.207 
 0.207 
 0.207 
 0.207 
 0.207 
 0.207 
 0.207 
 0.207 
 0.207 
 0.207 
 0.207 
 0.207 
 0.207 
 0.207 
 0.207 
 0.207 
 0.207 
 0.207 
 0.062 
 0.062 
 0.062 
 0.062 
 0.062 
 0.062 
 0.062 
 0.062 
 0.062 
 0.062 
 0.062 
 0.062 
 0.062 
 0.062 
 0.062 
 0.062 
 0.062 
 0.062 
 0.062 
 0.062 
 0.062 
 0.062 
 0.062 
 0.062 
 0.062 
 0.062 
 0.062 
 0.062 
 0.062 
 0.062 
 0.207 
 0.207 
 0.207 
 0.207 
 0.207 
 0.207 
 0.207 
 0.193 
 0.193 
 0.193 
 0.193 
 0.193 
 0.193 
 0.193 
 0.193 
 0.193 
 0.399 
 0.399 
 0.399 
 0.399 
 0.399 
 0.399 
 0.399 
 0.399 
 0.399 
 0.399 
 0.399 
 0.399 
 0.399 
 0.399 
 0.399 
 0.399 
 0.432 
 0.432 
 0.432 
 0.432 
 0.432 
 0.432 
 0.226 
 0.226 
 0.226 
 0.226 
 0.226 
 0.226 
 0.226 
 0.226 
 0.226 
 0.226 
 0.226 
 0.226 
 0.226 
 0.226 
 0.226 
 0.226 
 0.226 
 0.226 
 0.226 
 0.226 
 0.226 
 0.226 
 2.414 
 2.414 
 2.414 
 2.414 
 2.428 
 2.428 
 2.428 
 2.428 
 2.428 
 2.428 
 2.428 
 2.428 
 2.428 
 2.428 
 2.428 
 2.428 
 2.428 
 2.428 
 2.428 
 2.428 
 2.428 
 2.428 
 2.488 
 2.488 
 2.488 
 2.488 
 2.488 
 0.3 
 0.3 
 0.3 
 0.3 
 0.3 
 0.3 
 0.3 
 0.506 
 0.506 
 0.506 
 0.506 
 0.506 
 0.506 
 0.506 
 0.506 
 0.506 
 0.506 
 0.446 
 0.413 
 0.413 
 0.413 
 0.413 
 0.413 
 0.413 
 0.413 
 0.413 
 0.413 
 0.413 
 0.413 
 0.207 
 0.207 
 0.207 
 0.207 
 0.207 
 0.207 
 0.207 
 0.207 
 0.193 
 0.193 
 0.193 
 0.193 
 0.193 
 0.193 
 0.193 
 0.193 
 0.193 
 0.193 
 0.193 
 0.193 
 0.193 
 0.193 
 0.193 
 0.193 
 0.193 
 0.193 
 0.193 
 0.193 
 0.193 
 0.193 
 0.193 
 0.193 
 0.193 
 0.193 
 0.062 
 0.062 
 0.062 
 0.062 
 0.062 
 0.062 
 0.062 
 0.062 
 0.062 
 0.062 
 0.062 
 0.268 
 0.268 
 0.268 
 0.268 
 0.268 
 0.268 
 0.268 
 0.268 
 0.268 
 0.268 
 0.268 
 0.268 
 0.268 
 0.268 
 0.268 
 0.268 
 0.268 
 0.268 
 0.268 
 0.268 
 0.268 
 0.268 
 0.062 
 0.062 
 0.062 
 0.062 
 0.062 
 0.062 
 0.062 
 0.062 
 0.062 
 0.062 
 0.062 
 0.062 
 0.062 
 0.062 
 0.062 
 0.062 
 0.062 
 0.062 
 0.062 
 0.062 
 0.062 
 0.062 
 0.062 
 0.062 
 0.062 
 0.062 
 0.062 
 0.062 
 0.062 
 0.062 
 0.062 
 0.062 
 0.062 
 0.062 
 0.062 
 0.062 
 0.062 
 0.062 
 0.062 
 0.062 
 0.062 
 0.062 
 0.062 
 0.062 
 0.062 
 0.062 
 0.062 
 0.062 
 0.062 
 0.062 
 0.062 
 0.062 
 0.062 
 0.062 
 0.062 
 0.062 
 0.062 
 0.062 
 0.062 
 0.062 
 0.062 
 0.062 
 0.062 
 0.062 
 0.062 
 0.062 
 0.062 
 0.062 
 0.062 
 0.062 
 0.062 
 0.062 
 0.062 
 0.062 
 0.062 
 0.062 
 0.062 
 0.062 
 0.062 
 0.062 
 0.062 
 0.062 
 0.062 
 0.062 
 0.062 
 0.062 
 0.062 
 0.062 
 0.062 
 0.062 
 0.062 
 0.062 
 0.062 
 0.062 
 0.062 
 0.062 
 0.062 
 0.062 
 0.062 
 0.062 
 0.062 
 0.062 
 0.062 
 0.062 
 0.062 
 0.062 
 0.062 
 0.062 
 0.062 
 0.062 
 0.062 
 0.062 
 0.062 
 0.062 
 0.062 
 0.062 
 0.062 
 0.062 
 0.062 
 0.062 
 0.062 
 0.062 
 0.062 
 0.062 
 0.062 
 0.062 
 0.062 
 0.062 
 0.062 
 0.062 
 0.062 
 0.268 
 0.268 
 0.268 
 0.268 
 0.268 
 0.268 
 0.268 
 0.268 
 0.268 
 0.268 
 0.268 
 0.268 
 0.268 
 0.268 
 0.268 
 0.268 
 0.268 
 0.268 
 0.268 
 0.268 
 0.268 
 0.268 
 0.062 
 0.062 
 0.062 
 0.062 
 0.062 
 0.062 
 0.062 
 0.062 
 0.062 
 0.062 
 0.062 
 0.062 
 0.062 
 0.062 
 0.062 
 0.062 
 0.062 
 0.062 
 0.062 
 0.062 
 0.062 
 0.062 
 0.062 
 0.062 
 0.062 
 0.062 
 0.062 
 0.062 
 0.062 
 0.062 
 0.062 
 0.062 
 0.062 
 0.062 
 0.062 
 0.062 
 0.062 
 0.062 
 0.062 
 0.062 
 0.062 
 0.062 
 0.062 
 0.062 
 0.062 
 0.062 
 0.062 
 0.062 
 0.062 
 0.062 
 0.062 
 0.062 
 0.062 
 0.062 
 0.062 
 0.062 
 0.062 
 0.062 
 0.268 
 0.268 
 0.268 
 0.268 
 0.268 
 0.268 
 0.399 
 0.399 
 0.399 
 0.399 
 0.399 
 0.432 
 0.432 
 0.432 
 0.432 
 0.432 
 0.432 
 0.432 
 0.432 
 0.492 
 0.492 
 0.432 
 0.226 
 0.286 
 0.386 
 0.326 
 0.326 
 0.195 
 0.095 
 0.095 
 0.095 
 0.095 
 0.155 
 0.172 
 0.172 
 0.172 
 0.172 
 0.172 
 0.172 
 0.172 
 0.172 
 0.172 
 0.172 
 0.172 
 0.172 
 0.172 
 0.172 
 0.172 
 0.172 
 0.172 
 0.172 
 0.232 
 0.232 
 0.172 
 0.172 
 0.112 
 0.112 
 0.112 
 0.112 
 0.112 
 0.112 
 0.112 
 0.112 
 0.147 
 0.147 
 0.147 
 0.147 
 0.147 
 0.147 
 0.147 
 0.147 
 0.147 
 0.147 
 0.147 
 0.217 
 0.217 
 0.217 
 0.217 
 0.217 
 0.217 
 0.217 
 0.217 
 0.217 
 0.217 
 0.184 
 0.284 
 0.284 
 0.317 
 0.247 
 0.247 
 0.247 
 0.247 
 0.247 
 0.247 
 0.247 
 0.247 
 0.247 
 0.247 
 0.261 
 0.591 
 0.591 
 0.591 
 0.591 
 0.261 
 0.386 
 0.386 
 0.369 
 0.369 
 0.347 
 0.347 
 0.347 
 0.347 
 0.347 
 0.347 
 0.347 
 0.347 
 0.407 
 0.613 
 0.613 
 0.613 
 0.613 
 0.613 
 0.613 
 0.613 
 0.613 
 0.613 
 0.613 
 0.673 
 0.673 
 0.673 
 0.673 
 0.673 
 0.673 
 0.673 
 0.673 
 0.673 
 0.673 
 0.673 
 0.673 
 0.467 
 0.467 
 0.467 
 0.407 
 0.407 
 0.407 
 0.407 
 0.407 
 0.407 
 0.407 
 0.347 
 0.347 
 0.347 
 0.347 
 0.347 
 0.347 
 0.347 
 0.347 
 0.364 
 2.653 
 2.653 
 2.62 
 2.62 
 2.62 
 2.62 
 2.62 
 2.62 
 2.62 
 2.62 
 2.62 
 2.62 
 2.62 
 2.62 
 2.62 
 2.517 
 2.517 
 2.517 
 2.417 
 2.417 
 2.417 
 2.417 
 2.417 
 2.417 
 2.417 
 2.417 
 2.417 
 0.229 
 0.229 
 0.229 
 0.332 
 0.392 
 0.392 
 0.392 
 0.392 
 0.392 
 0.392 
 0.392 
 0.392 
 0.289 
 0.289 
 0.289 
 0.289 
 0.289 
 0.289 
 0.289 
 0.289 
 0.174 
 0.174 
 0.174 
 0.174 
 0.289 
 0.289 
 0.289 
 0.289 
 0.229 
 0.229 
 0.229 
 0.229 
 0.29 
 0.29 
 0.29 
 0.29 
 0.29 
 0.39 
 0.493 
 0.39 
 0.29 
 0.496 
 0.496 
 0.4 
 0.4 
 0.514 
 0.514 
 0.514 
 0.514 
 0.514 
 0.514 
 0.547 
 0.547 
 0.547 
 0.547 
 0.547 
 0.607 
 0.607 
 0.607 
 0.607 
 0.607 
 0.607 
 0.607 
 0.401 
 0.341 
 0.341 
 0.341 
 0.341 
 0.341 
 0.494 
 0.494 
 0.625 
 0.625 
 0.625 
 0.695 
 0.695 
 0.755 
 0.755 
 0.695 
 0.695 
 0.695 
 0.695 
 0.625 
 0.625 
 0.625 
 0.625 
 0.625 
 0.625 
 0.625 
 0.686 
 0.625 
 0.625 
 0.625 
 0.625 
 0.625 
 0.625 
 0.625 
 0.625 
 0.642 
 0.642 
 0.642 
 0.642 
 0.642 
 0.642 
 0.642 
 0.642 
 0.642 
 0.642 
 0.642 
 0.642 
 0.642 
 0.642 
 0.642 
 0.642 
 0.642 
 0.642 
 0.642 
 0.642 
 0.642 
 0.642 
 0.642 
 0.654 
 0.654 
 0.654 
 0.506 
 0.506 
 0.506 
 0.712 
 0.827 
 0.827 
 0.827 
 0.827 
 0.827 
 0.827 
 0.777 
 0.777 
 0.777 
 0.777 
 0.777 
 0.777 
 0.777 
 0.777 
 0.777 
 0.851 
 0.851 
 0.839 
 0.839 
 0.839 
 0.839 
 0.633 
 0.633 
 0.633 
 0.633 
 0.633 
 0.633 
 0.633 
 0.633 
 0.633 
 0.666 
 0.666 
 0.666 
 0.666 
 0.666 
 0.666 
 0.666 
 0.666 
 0.666 
 0.666 
 0.726 
 0.726 
 0.726 
 0.062 
 0.062 
 0.062 
 0.062 
 0.062 
 0.062 
 0.062 
 0.062 
 0.062 
 0.062 
 0.062 
 0.062 
 0.062 
 0.062 
 0.062 
 0.062 
 0.062 
 0.062 
 0.062 
 0.062 
 0.062 
 0.062 
 0.062 
 0.062 
 0.062 
 0.062 
 0.062 
 0.062 
 0.062 
 0.062 
 0.062 
 0.062 
 0.062 
 0.062 
 0.268 
 0.268 
 0.268 
 0.268 
 0.268 
 0.268 
 0.268 
 0.268 
 0.268 
 0.268 
 0.268 
 0.268 
 0.268 
 0.268 
 0.268 
 0.268 
 0.268 
 0.268 
 0.268 
 0.268 
 0.268 
 0.268 
 0.062 
 0.062 
 0.062 
 0.062 
