 0.034 
 0.034 
 0.034 
 0.034 
 0.034 
 0.034 
 0.034 
 0.034 
 0.034 
 0.034 
 0.034 
 0.034 
 0.034 
 0.034 
 0.034 
 0.034 
 0.034 
 0.034 
 0.034 
 0.034 
 0.034 
 0.034 
 0.034 
 0.034 
 0.034 
 0.034 
 0.034 
 0.034 
 0.034 
 0.034 
 0.034 
 0.034 
 0.034 
 0.034 
 0.034 
 0.034 
 0.034 
 0.034 
 0.034 
 0.034 
 0.034 
 0.034 
 0.034 
 0.034 
 0.034 
 0.034 
 0.034 
 0.034 
 0.034 
 0.034 
 0.034 
 0.034 
 0.034 
 0.034 
 0.034 
 0.034 
 0.034 
 0.034 
 0.034 
 0.034 
 0.034 
 0.034 
 0.034 
 0.208 
 0.208 
 0.208 
 0.208 
 0.208 
 0.208 
 0.208 
 0.208 
 0.208 
 0.208 
 0.208 
 0.208 
 0.208 
 0.208 
 0.208 
 0.208 
 0.208 
 0.208 
 0.208 
 0.208 
 0.208 
 0.208 
 0.034 
 0.034 
 0.034 
 0.034 
 0.034 
 0.034 
 0.034 
 0.034 
 0.034 
 0.034 
 0.034 
 0.034 
 0.034 
 0.034 
 0.034 
 0.034 
 0.034 
 0.034 
 0.034 
 0.034 
 0.034 
 0.034 
 0.034 
 0.034 
 0.034 
 0.034 
 0.034 
 0.034 
 0.034 
 0.034 
 0.034 
 0.034 
 0.034 
 0.034 
 0.034 
 0.034 
 0.034 
 0.034 
 0.034 
 0.034 
 0.034 
 0.034 
 0.034 
 0.034 
 0.034 
 0.034 
 0.034 
 0.034 
 0.034 
 0.034 
 0.034 
 0.034 
 0.034 
 0.034 
 0.034 
 0.034 
 0.034 
 0.034 
 0.034 
 0.034 
 0.034 
 0.208 
 0.208 
 0.208 
 0.208 
 0.208 
 0.208 
 0.208 
 0.208 
 0.208 
 0.208 
 0.208 
 0.208 
 0.208 
 0.208 
 0.208 
 0.208 
 0.208 
 0.208 
 0.208 
 0.208 
 0.208 
 0.208 
 0.034 
 0.034 
 0.034 
 0.034 
 0.034 
 0.034 
 0.034 
 0.034 
 0.034 
 0.034 
 0.034 
 0.034 
 0.034 
 0.034 
 0.034 
 0.034 
 0.034 
 0.034 
 0.034 
 0.034 
 0.034 
 0.034 
 0.034 
 0.034 
 0.034 
 0.034 
 0.034 
 0.034 
 0.034 
 0.034 
 0.034 
 0.034 
 0.034 
 0.034 
 0.034 
 0.034 
 0.034 
 0.034 
 0.034 
 0.034 
 0.034 
 0.034 
 0.034 
 0.034 
 0.034 
 0.034 
 0.034 
 0.034 
 0.034 
 0.034 
 0.208 
 0.208 
 0.208 
 0.208 
 0.208 
 0.208 
 0.208 
 0.208 
 0.208 
 0.208 
 0.208 
 0.208 
 0.208 
 0.208 
 0.208 
 0.208 
 0.208 
 0.208 
 0.208 
 0.208 
 0.208 
 0.208 
 0.034 
 0.034 
 0.034 
 0.034 
 0.034 
 0.034 
 0.034 
 0.034 
 0.034 
 0.034 
 0.034 
 0.034 
 0.034 
 0.034 
 0.034 
 0.034 
 0.034 
 0.034 
 0.034 
 0.034 
 0.034 
 0.034 
 0.034 
 0.034 
 0.034 
 0.034 
 0.034 
 0.034 
 0.034 
 0.034 
 0.034 
 0.034 
 0.034 
 0.034 
 0.034 
 0.034 
 0.034 
 0.034 
 0.034 
 0.034 
 0.034 
 0.034 
 0.034 
 0.034 
 0.034 
 0.034 
 0.034 
 0.034 
 0.208 
 0.208 
 0.208 
 0.208 
 0.208 
 0.208 
 0.208 
 0.208 
 0.208 
 0.208 
 0.208 
 0.208 
 0.208 
 0.208 
 0.208 
 0.208 
 0.208 
 0.208 
 0.208 
 0.208 
 0.208 
 0.208 
 0.034 
 0.034 
 0.034 
 0.034 
 0.034 
 0.034 
 0.034 
 0.034 
 0.034 
 0.034 
 0.034 
 0.034 
 0.034 
 0.034 
 0.034 
 0.034 
 0.034 
 0.034 
 0.034 
 0.034 
 0.034 
 0.034 
 0.034 
 0.034 
 0.034 
 0.034 
 0.034 
 0.034 
 0.034 
 0.034 
 0.034 
 0.034 
 0.034 
 0.034 
 0.034 
 0.034 
 0.034 
 0.034 
 0.034 
 0.034 
 0.034 
 0.034 
 0.034 
 0.034 
 0.034 
 0.034 
 0.034 
 0.034 
 0.034 
 0.034 
 0.034 
 0.034 
 0.034 
 0.034 
 0.034 
 0.034 
 0.034 
 0.034 
 0.034 
 0.034 
 0.034 
 0.034 
 0.034 
 0.034 
 0.034 
 0.034 
 0.034 
 0.034 
 0.034 
 0.034 
 0.034 
 0.034 
 0.034 
 0.034 
 0.034 
 0.034 
 0.034 
 0.034 
 0.034 
 0.034 
 0.034 
 0.034 
 0.034 
 0.034 
 0.034 
 0.034 
 0.034 
 0.034 
 0.034 
 0.034 
 0.208 
 0.208 
 0.208 
 0.208 
 0.208 
 0.208 
 0.208 
 0.208 
 0.208 
 0.208 
 0.208 
 0.208 
 0.208 
 0.208 
 0.208 
 0.208 
 0.208 
 0.208 
 0.208 
 0.208 
 0.208 
 0.208 
 0.034 
 0.034 
 0.034 
 0.034 
 0.034 
 0.034 
 0.034 
 0.034 
 0.034 
 0.034 
 0.034 
 0.034 
 0.034 
 0.034 
 0.034 
 0.034 
 0.034 
 0.034 
 0.034 
 0.034 
 0.034 
 0.034 
 0.034 
 0.034 
 0.034 
 0.034 
 0.034 
 0.034 
 0.034 
 0.034 
 0.034 
 0.034 
 0.034 
 0.034 
 0.034 
 0.034 
 0.034 
 0.034 
 0.034 
 0.034 
 0.034 
 0.034 
 0.034 
 0.034 
 0.034 
 0.034 
 0.034 
 0.034 
 0.034 
 0.034 
 0.034 
 0.034 
 0.034 
 0.034 
 0.034 
 0.034 
 0.034 
 0.034 
 0.034 
 0.034 
 0.034 
 0.034 
 0.034 
 0.034 
 0.034 
 0.208 
 0.208 
 0.208 
 0.208 
 0.208 
 0.208 
 0.208 
 0.208 
 0.208 
 0.328 
 0.268 
 0.208 
 0.208 
 0.208 
 0.208 
 0.208 
 0.208 
 0.208 
 0.208 
 0.208 
 0.208 
 0.208 
 0.134 
 0.134 
 0.134 
 0.134 
 0.189 
 0.189 
 0.189 
 0.189 
 0.189 
 0.189 
 0.189 
 0.189 
 0.189 
 0.189 
 0.189 
 0.189 
 0.189 
 0.289 
 0.289 
 0.289 
 0.289 
 0.189 
 0.189 
 0.189 
 0.134 
 0.134 
 0.134 
 0.034 
 0.034 
 0.034 
 0.034 
 0.034 
 0.034 
 0.034 
 0.034 
 1.793 
 1.793 
 1.793 
 0.106 
 0.106 
 0.106 
 0.106 
 0.106 
 2.089 
 2.089 
 2.089 
 2.089 
 2.089 
 2.089 
 2.089 
 2.089 
 2.089 
 2.089 
 2.089 
 2.089 
 2.089 
 12.659 
 12.659 
 12.659 
 2.089 
 2.089 
 2.089 
 2.089 
 2.139 
 0.156 
 0.156 
 0.33 
 0.33 
 0.33 
 0.33 
 0.33 
 0.33 
 0.33 
 0.33 
 0.33 
 0.33 
 0.33 
 0.33 
 0.33 
 0.33 
 0.33 
 0.33 
 0.33 
 0.33 
 0.33 
 0.33 
 0.33 
 0.33 
 0.156 
 0.156 
 0.156 
 0.106 
 0.106 
 0.106 
 0.106 
 0.106 
 0.106 
 0.106 
 0.106 
 0.106 
 0.106 
 0.106 
 0.106 
 0.106 
 0.106 
 0.106 
 0.106 
 0.106 
 0.106 
 0.106 
 0.106 
 0.106 
 0.106 
 0.106 
 0.106 
 0.106 
 0.106 
 0.106 
 0.106 
 0.106 
 0.106 
 0.106 
 0.106 
 0.106 
 0.106 
 0.106 
 0.106 
 0.283 
 0.283 
 0.106 
 0.106 
 0.106 
 0.106 
 0.106 
 0.106 
 0.106 
 0.106 
 0.106 
 0.106 
 0.106 
 0.283 
 0.283 
 0.106 
 0.106 
 0.106 
 0.106 
 0.106 
 0.106 
 0.106 
 0.106 
 0.106 
 0.106 
 0.106 
 0.283 
 0.283 
 0.106 
 0.106 
 0.106 
 0.106 
 0.106 
 0.106 
 0.106 
 0.106 
 0.106 
 0.106 
 0.106 
 0.283 
 0.283 
 0.601 
 0.601 
 0.775 
 0.775 
 0.775 
 0.208 
 0.208 
 0.208 
 0.208 
 0.208 
 0.208 
 0.208 
 0.208 
 0.208 
 0.208 
 0.208 
 0.208 
 0.208 
 0.208 
 0.208 
 0.208 
 0.208 
 0.208 
 0.208 
 0.034 
 0.034 
 0.034 
 0.034 
 0.034 
 0.034 
 0.034 
 0.034 
 0.034 
 0.034 
 0.034 
 0.034 
 0.034 
 0.034 
 0.034 
 0.034 
 0.034 
 0.034 
 0.034 
 0.034 
 0.034 
 0.034 
 0.034 
 0.034 
 0.034 
 0.034 
 0.034 
 0.034 
 0.034 
 0.034 
 0.034 
 0.034 
 0.034 
 0.034 
 0.034 
 0.034 
 0.034 
 0.034 
 0.034 
 0.034 
 0.034 
 0.034 
 0.034 
 0.034 
 0.034 
 0.034 
 0.034 
 0.034 
 0.034 
 0.034 
 0.034 
 0.034 
 0.034 
 0.208 
 0.208 
 0.208 
 0.208 
 0.208 
 0.208 
 0.208 
 0.208 
 0.208 
 0.208 
 0.208 
 0.208 
 0.208 
 0.208 
 0.208 
 0.208 
 0.208 
 0.208 
 0.208 
 0.208 
 0.208 
 0.208 
 0.034 
 0.034 
 0.034 
 0.034 
 0.034 
 0.034 
 0.034 
 0.034 
 0.034 
 0.034 
 0.034 
 0.034 
 0.034 
 0.034 
 0.034 
 0.034 
 0.034 
 0.034 
 0.034 
 0.034 
 0.034 
 0.034 
 0.034 
 0.034 
 0.034 
 0.034 
 0.034 
 0.034 
 0.034 
 0.034 
 0.034 
 0.034 
 0.034 
 0.034 
 0.034 
 0.034 
 0.034 
 0.034 
 0.034 
 0.034 
 0.034 
 0.034 
 0.034 
 0.034 
 0.034 
 0.034 
 0.034 
 0.034 
 0.034 
 0.034 
 0.034 
 0.034 
 0.034 
 0.034 
 0.034 
 0.034 
 0.034 
 0.034 
 0.034 
 0.208 
 0.208 
 0.208 
 0.208 
 0.208 
 0.208 
 0.208 
 0.208 
 0.208 
 0.208 
 0.208 
 0.208 
 0.208 
 0.208 
 0.208 
 0.208 
 0.208 
 0.208 
 0.208 
 0.208 
 0.208 
 0.208 
 0.034 
 0.034 
 0.034 
 0.034 
 0.034 
 0.034 
 0.034 
 0.034 
 0.034 
 0.034 
 0.034 
 0.034 
 0.034 
 0.034 
 0.034 
 0.034 
 0.034 
 0.034 
 0.034 
 0.034 
 0.034 
 0.034 
 0.034 
 0.034 
 0.034 
 0.034 
 0.034 
 0.034 
 0.034 
 0.034 
 0.034 
 0.034 
 0.034 
 0.034 
 0.034 
 0.034 
 0.034 
 0.034 
 0.034 
 0.034 
 0.034 
 0.034 
 0.034 
 0.034 
 0.034 
 0.034 
 0.034 
 0.034 
 0.034 
 0.034 
 0.034 
 0.034 
 0.034 
 0.034 
 0.034 
 0.034 
 0.034 
 0.034 
 0.034 
 0.034 
 0.034 
 0.034 
 0.034 
 0.034 
 0.034 
 0.034 
 0.034 
 0.208 
 0.208 
 0.208 
 0.208 
 0.208 
 0.208 
 0.208 
 0.208 
 0.208 
 0.208 
 0.208 
 0.208 
 0.208 
 0.208 
 0.208 
 0.208 
 0.208 
 0.208 
 0.208 
 0.208 
 0.208 
 0.208 
 0.034 
 0.034 
 0.034 
 0.034 
 0.034 
 0.034 
 0.034 
 0.034 
 0.034 
 0.034 
 0.034 
 0.034 
 0.034 
 0.034 
 0.034 
 0.034 
 0.034 
 0.034 
 0.034 
 0.034 
 0.034 
 0.034 
 0.034 
 0.034 
 0.034 
 0.034 
 0.034 
 0.034 
 0.034 
 0.034 
 0.034 
 0.034 
 0.034 
 0.034 
 0.034 
 0.034 
 0.034 
 0.034 
 0.034 
 0.034 
 0.034 
 0.034 
 0.034 
 0.034 
 0.034 
 0.034 
 0.034 
 0.208 
 0.208 
 0.208 
 0.208 
 0.208 
 0.208 
 0.208 
 0.208 
 0.208 
 0.208 
 0.208 
 0.208 
 0.208 
 0.208 
 0.208 
 0.208 
 0.208 
 0.208 
 0.208 
 0.208 
 0.208 
 0.208 
 0.034 
 0.034 
 0.034 
 0.034 
 0.034 
 0.034 
 0.034 
 0.034 
 0.034 
 0.034 
 0.034 
 0.034 
 0.034 
 0.034 
 0.034 
 0.034 
 0.034 
 0.034 
 0.034 
 0.034 
 0.034 
 0.034 
 0.034 
 0.034 
 0.034 
 0.034 
 0.034 
 0.034 
 0.034 
 0.034 
 0.034 
 0.034 
 0.034 
 0.034 
 0.034 
 0.034 
 0.034 
 0.034 
 0.034 
 0.034 
 0.034 
 0.034 
 0.034 
 0.034 
 0.034 
 0.034 
 0.034 
 0.034 
 0.034 
 0.034 
 0.034 
 0.034 
 0.034 
 0.034 
 0.034 
 0.034 
 0.034 
 0.034 
 0.208 
 0.208 
 0.208 
 0.208 
 0.208 
 0.208 
 0.208 
 0.208 
 0.208 
 0.208 
 0.208 
 0.208 
 0.208 
 0.208 
 0.208 
 0.208 
 0.208 
 0.208 
 0.208 
 0.208 
 0.208 
 0.208 
 0.034 
 0.034 
 0.034 
 0.034 
 0.034 
 0.034 
 0.034 
 0.034 
 0.034 
 0.034 
 0.034 
 0.034 
 0.034 
 0.034 
 0.034 
 0.048 
 0.048 
 0.048 
 0.048 
 0.048 
 0.548 
 0.548 
 0.548 
 0.548 
 0.548 
 0.548 
 0.048 
 0.048 
 0.098 
 0.098 
 0.098 
 0.098 
 0.098 
 0.098 
 0.098 
 0.098 
 0.098 
 0.217 
 0.217 
 0.217 
 0.217 
 0.257 
 0.357 
 0.457 
 0.457 
 0.457 
 0.457 
 0.457 
 0.457 
 0.457 
 0.457 
 0.457 
 0.457 
 0.457 
 0.457 
 0.599 
 0.599 
 0.599 
 0.599 
 0.599 
 2.286 
 2.286 
 2.286 
 0.499 
 2.186 
 2.146 
 2.146 
 0.459 
 0.459 
 0.528 
 0.528 
 0.845 
 0.845 
 0.845 
 0.845 
 0.514 
 0.514 
 0.372 
 0.372 
 0.372 
 0.372 
 0.372 
 0.372 
 0.372 
 0.312 
 0.312 
 0.628 
 0.628 
 0.628 
 0.628 
 0.628 
 0.628 
 0.628 
 0.628 
 0.628 
 0.628 
 0.628 
 0.628 
 0.628 
 0.628 
 0.628 
 0.688 
 0.688 
 0.688 
 0.688 
 0.723 
 0.723 
 0.723 
 0.649 
 0.589 
 0.589 
 0.589 
 0.589 
 0.589 
 0.589 
 0.894 
 0.894 
 0.894 
 0.894 
 0.669 
 0.669 
 0.669 
 0.669 
 0.669 
 0.729 
 0.669 
 0.669 
 0.565 
 0.565 
 0.565 
 0.565 
 0.565 
 0.565 
 1.065 
 0.565 
 0.565 
 0.625 
 0.625 
 0.685 
 0.685 
 0.685 
 0.685 
 0.685 
 0.585 
 0.585 
 0.525 
 0.525 
 0.525 
 0.525 
 0.525 
 0.525 
 0.525 
 0.525 
 0.525 
 0.525 
 0.525 
 0.525 
 0.699 
 0.699 
 0.699 
 0.699 
 0.699 
 0.699 
 0.699 
 0.759 
 0.759 
 0.759 
 0.759 
 0.759 
 0.759 
 0.759 
 0.759 
 0.759 
 0.759 
 0.759 
 0.759 
 0.759 
 0.759 
 0.759 
 0.585 
 0.645 
 0.645 
 0.645 
 0.645 
 0.645 
 0.645 
 0.645 
 0.645 
 0.645 
 0.645 
 0.645 
 0.645 
 0.645 
 0.645 
 0.645 
 0.645 
 0.585 
 0.585 
 0.585 
 0.585 
 0.585 
 0.565 
 0.565 
 0.565 
 0.565 
 0.565 
 0.579 
 0.579 
 0.579 
 0.639 
 0.639 
 0.639 
 0.639 
 0.639 
 0.639 
 0.639 
 0.639 
 0.639 
 0.639 
 0.639 
 0.699 
 0.699 
 0.699 
 0.873 
 0.873 
 0.873 
 0.873 
 0.873 
 0.923 
 0.923 
 0.823 
 0.783 
 0.833 
 0.833 
 0.783 
 0.883 
 0.883 
 0.883 
 0.883 
 0.823 
 0.863 
 0.823 
 0.823 
 0.823 
 0.823 
 0.034 
 0.034 
 0.034 
 0.034 
 0.034 
 0.034 
 0.034 
 0.034 
 0.034 
 0.034 
 0.034 
 0.034 
 0.034 
 0.034 
 0.034 
 0.034 
 0.034 
 0.034 
 0.034 
 0.034 
 0.034 
 0.034 
 0.034 
 0.034 
 0.034 
 0.034 
 0.034 
 0.034 
 0.034 
 0.034 
 0.034 
 0.034 
 0.034 
 0.034 
 0.034 
 0.034 
 0.034 
 0.034 
 0.034 
 0.034 
 0.034 
 0.034 
 0.034 
 0.034 
 0.034 
 0.208 
 0.208 
 0.208 
 0.208 
 0.208 
 0.208 
 0.208 
 0.208 
 0.208 
 0.208 
 0.208 
 0.208 
 0.208 
 0.208 
 0.208 
 0.208 
 0.208 
 0.208 
 0.208 
 0.208 
 0.208 
 0.208 
 0.034 
 0.034 
 0.034 
 0.034 
 0.034 
 0.034 
 0.034 
 0.034 
 0.034 
 0.034 
 0.034 
 0.034 
 0.034 
 0.034 
 0.034 
 0.034 
 0.034 
 0.034 
 0.034 
 0.034 
 0.034 
 0.034 
 0.034 
 0.034 
 0.034 
 0.034 
 0.034 
 0.034 
 0.034 
 0.034 
 0.034 
 0.034 
 0.034 
