 0.048 
 0.048 
 0.048 
 0.048 
 0.048 
 0.048 
 0.048 
 0.048 
 0.048 
 0.048 
 0.048 
 0.048 
 0.048 
 0.048 
 0.048 
 0.048 
 0.048 
 0.048 
 0.048 
 0.048 
 0.048 
 0.048 
 0.048 
 0.048 
 0.048 
 0.048 
 0.048 
 0.048 
 0.048 
 0.048 
 0.048 
 0.048 
 0.048 
 0.048 
 0.048 
 0.048 
 0.048 
 0.048 
 0.048 
 0.048 
 0.048 
 0.048 
 0.048 
 0.048 
 0.048 
 0.048 
 0.048 
 0.048 
 0.048 
 0.048 
 0.048 
 0.048 
 0.048 
 0.048 
 0.048 
 0.048 
 0.048 
 0.048 
 0.048 
 0.048 
 0.048 
 0.048 
 0.048 
 0.244 
 0.244 
 0.244 
 0.244 
 0.244 
 0.244 
 0.244 
 0.244 
 0.244 
 0.244 
 0.244 
 0.244 
 0.244 
 0.244 
 0.244 
 0.244 
 0.244 
 0.244 
 0.244 
 0.244 
 0.244 
 0.244 
 0.048 
 0.048 
 0.048 
 0.048 
 0.048 
 0.048 
 0.048 
 0.048 
 0.048 
 0.048 
 0.048 
 0.048 
 0.048 
 0.048 
 0.048 
 0.048 
 0.048 
 0.048 
 0.048 
 0.048 
 0.048 
 0.048 
 0.048 
 0.048 
 0.048 
 0.048 
 0.048 
 0.048 
 0.048 
 0.048 
 0.048 
 0.048 
 0.048 
 0.048 
 0.048 
 0.048 
 0.048 
 0.048 
 0.048 
 0.048 
 0.048 
 0.048 
 0.048 
 0.048 
 0.048 
 0.048 
 0.048 
 0.048 
 0.048 
 0.048 
 0.048 
 0.048 
 0.048 
 0.048 
 0.048 
 0.048 
 0.048 
 0.048 
 0.048 
 0.048 
 0.048 
 0.048 
 0.048 
 0.048 
 0.048 
 0.048 
 0.048 
 0.048 
 0.048 
 0.048 
 0.244 
 0.244 
 0.244 
 0.244 
 0.244 
 0.244 
 0.244 
 0.244 
 0.244 
 0.244 
 0.244 
 0.244 
 0.244 
 0.244 
 0.244 
 0.244 
 0.244 
 0.244 
 0.244 
 0.244 
 0.244 
 0.244 
 0.048 
 0.048 
 0.048 
 0.048 
 0.048 
 0.048 
 0.048 
 0.048 
 0.048 
 0.048 
 0.048 
 0.048 
 0.048 
 0.048 
 0.048 
 0.048 
 0.048 
 0.048 
 0.048 
 0.048 
 0.048 
 0.048 
 0.048 
 0.048 
 0.048 
 0.048 
 0.048 
 0.048 
 0.048 
 0.048 
 0.048 
 0.048 
 0.048 
 0.048 
 0.048 
 0.048 
 0.048 
 0.048 
 0.048 
 0.048 
 0.048 
 0.048 
 0.048 
 0.048 
 0.048 
 0.048 
 0.048 
 0.048 
 0.048 
 0.048 
 0.048 
 0.048 
 0.048 
 0.048 
 0.048 
 0.048 
 0.048 
 0.048 
 0.048 
 0.048 
 0.048 
 0.048 
 0.048 
 0.048 
 0.048 
 0.048 
 0.048 
 0.048 
 0.048 
 0.048 
 0.048 
 0.048 
 0.048 
 0.048 
 0.048 
 0.244 
 0.244 
 0.244 
 0.244 
 0.244 
 0.244 
 0.244 
 0.244 
 0.244 
 0.244 
 0.244 
 0.244 
 0.244 
 0.244 
 0.244 
 0.244 
 0.244 
 0.244 
 0.244 
 0.244 
 0.244 
 0.244 
 0.048 
 0.048 
 0.048 
 0.048 
 0.048 
 0.048 
 0.048 
 0.048 
 0.048 
 0.048 
 0.048 
 0.048 
 0.048 
 0.048 
 0.048 
 0.048 
 0.048 
 0.048 
 0.048 
 0.048 
 0.048 
 0.048 
 0.048 
 0.048 
 0.048 
 0.048 
 0.048 
 0.048 
 0.048 
 0.048 
 0.048 
 0.048 
 0.048 
 0.048 
 0.048 
 0.048 
 0.048 
 0.048 
 0.048 
 0.048 
 0.048 
 0.048 
 0.048 
 0.048 
 0.048 
 0.048 
 0.048 
 0.048 
 0.048 
 0.048 
 0.048 
 0.048 
 0.048 
 0.048 
 0.048 
 0.048 
 0.048 
 0.048 
 0.048 
 0.244 
 0.244 
 0.244 
 0.244 
 0.244 
 0.244 
 0.244 
 0.244 
 0.244 
 0.244 
 0.244 
 0.244 
 0.244 
 0.244 
 0.244 
 0.244 
 0.244 
 0.244 
 0.244 
 0.244 
 0.244 
 0.244 
 0.048 
 0.048 
 0.048 
 0.048 
 0.048 
 0.048 
 0.048 
 0.048 
 0.048 
 0.048 
 0.048 
 0.048 
 0.048 
 0.048 
 0.048 
 0.048 
 0.048 
 0.048 
 0.048 
 0.048 
 0.048 
 0.048 
 0.048 
 0.048 
 0.048 
 0.048 
 0.048 
 0.048 
 0.048 
 0.048 
 0.048 
 0.048 
 0.048 
 0.048 
 0.048 
 0.048 
 0.048 
 0.048 
 0.048 
 0.048 
 0.048 
 0.048 
 0.048 
 0.048 
 0.048 
 0.048 
 0.048 
 0.048 
 0.048 
 0.048 
 0.048 
 0.048 
 0.048 
 0.048 
 0.048 
 0.048 
 0.048 
 0.048 
 0.048 
 0.048 
 0.048 
 0.048 
 0.048 
 0.048 
 0.048 
 0.048 
 0.048 
 0.244 
 0.244 
 0.244 
 0.244 
 0.244 
 0.244 
 0.244 
 0.244 
 0.244 
 0.244 
 0.244 
 0.244 
 0.244 
 0.244 
 0.244 
 0.244 
 0.244 
 0.244 
 0.244 
 0.244 
 0.244 
 0.244 
 0.048 
 0.048 
 0.048 
 0.048 
 0.048 
 0.048 
 0.048 
 0.048 
 0.048 
 0.048 
 0.048 
 0.048 
 0.048 
 0.048 
 0.048 
 0.048 
 0.048 
 0.048 
 0.048 
 0.048 
 0.048 
 0.048 
 0.048 
 0.048 
 0.048 
 0.048 
 0.048 
 0.048 
 0.048 
 0.048 
 0.048 
 0.048 
 0.048 
 0.048 
 0.048 
 0.048 
 0.048 
 0.048 
 0.048 
 0.048 
 0.088 
 0.088 
 0.088 
 0.048 
 0.384 
 0.384 
 0.384 
 0.384 
 0.344 
 0.444 
 0.444 
 0.444 
 0.444 
 0.444 
 0.504 
 0.444 
 0.504 
 0.444 
 0.519 
 0.519 
 0.539 
 0.539 
 0.539 
 0.539 
 0.599 
 0.599 
 0.403 
 0.423 
 0.423 
 0.423 
 0.483 
 0.403 
 0.423 
 0.403 
 0.403 
 0.403 
 0.478 
 0.478 
 0.478 
 0.438 
 0.363 
 0.363 
 0.452 
 0.452 
 0.452 
 0.452 
 0.452 
 0.452 
 0.452 
 0.417 
 0.417 
 0.417 
 0.417 
 0.417 
 0.464 
 0.429 
 0.429 
 0.429 
 0.429 
 0.429 
 0.369 
 0.369 
 0.369 
 0.369 
 0.369 
 0.382 
 0.402 
 0.45 
 0.45 
 0.39 
 0.39 
 0.39 
 0.39 
 0.39 
 0.45 
 0.45 
 0.361 
 0.361 
 0.301 
 0.361 
 0.361 
 0.361 
 2.179 
 2.375 
 2.375 
 0.557 
 0.557 
 0.557 
 0.557 
 0.557 
 0.557 
 0.557 
 0.557 
 0.557 
 0.557 
 0.537 
 0.537 
 0.537 
 0.537 
 0.537 
 0.537 
 0.537 
 0.537 
 0.537 
 0.537 
 0.341 
 0.341 
 0.341 
 0.341 
 0.341 
 0.341 
 0.341 
 0.341 
 0.341 
 0.341 
 0.341 
 0.341 
 0.341 
 0.341 
 0.341 
 0.241 
 0.341 
 0.341 
 0.341 
 0.341 
 0.341 
 0.341 
 0.341 
 0.341 
 0.341 
 0.341 
 0.341 
 0.341 
 0.341 
 0.341 
 0.341 
 0.341 
 0.341 
 0.328 
 0.308 
 0.308 
 0.308 
 0.308 
 0.308 
 0.439 
 0.379 
 0.379 
 0.379 
 0.379 
 0.379 
 0.379 
 0.379 
 0.379 
 0.379 
 0.391 
 0.587 
 2.405 
 2.405 
 2.405 
 0.587 
 0.587 
 0.587 
 0.587 
 0.587 
 0.587 
 0.587 
 0.587 
 0.587 
 0.587 
 0.587 
 0.587 
 0.587 
 0.587 
 0.587 
 0.487 
 0.487 
 0.487 
 0.291 
 0.291 
 0.291 
 0.291 
 0.331 
 0.331 
 0.331 
 0.331 
 0.331 
 0.331 
 0.331 
 0.331 
 0.331 
 0.331 
 0.331 
 0.331 
 0.331 
 0.331 
 0.331 
 0.331 
 0.331 
 0.331 
 0.331 
 0.331 
 0.331 
 0.331 
 0.331 
 0.291 
 0.291 
 0.291 
 0.291 
 0.291 
 0.291 
 0.291 
 0.291 
 0.291 
 0.291 
 0.279 
 0.279 
 0.279 
 0.279 
 0.279 
 0.279 
 0.279 
 0.475 
 0.475 
 0.475 
 0.488 
 0.488 
 0.488 
 0.488 
 0.488 
 0.488 
 0.488 
 0.488 
 0.488 
 0.488 
 0.488 
 0.488 
 0.488 
 0.488 
 0.488 
 0.488 
 0.488 
 0.488 
 0.488 
 0.292 
 0.292 
 0.292 
 0.292 
 0.292 
 0.292 
 0.292 
 0.292 
 0.292 
 0.292 
 0.292 
 0.292 
 0.292 
 0.292 
 0.292 
 0.304 
 0.304 
 0.304 
 0.304 
 0.304 
 0.304 
 0.304 
 1.219 
 1.219 
 1.219 
 0.304 
 0.304 
 0.304 
 0.304 
 0.304 
 0.304 
 0.304 
 0.304 
 0.304 
 0.304 
 0.304 
 0.304 
 0.304 
 0.304 
 0.304 
 0.304 
 0.304 
 0.304 
 0.304 
 0.304 
 0.304 
 0.304 
 0.304 
 0.304 
 0.364 
 0.304 
 0.304 
 0.304 
 0.304 
 0.291 
 0.291 
 0.291 
 0.291 
 0.291 
 0.291 
 0.291 
 0.291 
 0.487 
 0.487 
 0.487 
 0.487 
 0.487 
 0.527 
 0.527 
 0.527 
 0.527 
 0.527 
 0.527 
 0.527 
 0.527 
 0.515 
 0.515 
 0.515 
 0.515 
 0.515 
 0.515 
 0.515 
 0.515 
 0.515 
 0.319 
 0.319 
 0.319 
 0.319 
 0.319 
 0.319 
 0.319 
 0.319 
 0.419 
 0.419 
 0.419 
 0.419 
 0.508 
 0.408 
 0.319 
 0.319 
 0.319 
 0.319 
 0.319 
 0.319 
 0.355 
 0.355 
 0.355 
 0.355 
 0.355 
 0.315 
 0.315 
 0.315 
 0.315 
 0.315 
 0.315 
 0.215 
 0.215 
 0.215 
 0.215 
 0.215 
 0.215 
 0.215 
 0.215 
 0.215 
 0.215 
 0.215 
 0.215 
 0.215 
 0.215 
 0.215 
 0.215 
 0.228 
 0.228 
 0.228 
 0.228 
 0.228 
 0.228 
 0.228 
 0.228 
 0.228 
 0.228 
 0.228 
 0.228 
 0.228 
 0.228 
 0.228 
 0.228 
 0.228 
 0.228 
 0.228 
 0.228 
 0.228 
 0.228 
 0.228 
 0.228 
 0.228 
 0.228 
 0.228 
 0.263 
 0.263 
 0.263 
 0.263 
 0.263 
 0.263 
 0.263 
 0.263 
 0.263 
 0.263 
 0.263 
 0.263 
 0.263 
 0.263 
 0.263 
 0.263 
 0.263 
 0.263 
 0.263 
 0.227 
 0.227 
 0.227 
 0.227 
 0.227 
 0.227 
 0.227 
 0.192 
 0.192 
 0.192 
 0.192 
 0.192 
 0.192 
 0.192 
 0.192 
 0.192 
 0.048 
 0.048 
 0.048 
 0.048 
 0.048 
 0.048 
 0.048 
 0.244 
 0.244 
 0.244 
 0.244 
 0.244 
 0.244 
 0.244 
 0.244 
 0.244 
 0.244 
 0.244 
 0.244 
 0.244 
 0.244 
 0.244 
 0.244 
 0.244 
 0.244 
 0.244 
 0.244 
 0.244 
 0.244 
 0.048 
 0.048 
 0.048 
 0.048 
 0.048 
 0.048 
 0.048 
 0.048 
 0.048 
 0.048 
 0.048 
 0.048 
 0.048 
 0.048 
 0.048 
 0.048 
 0.048 
 0.048 
 0.048 
 0.048 
 0.048 
 0.048 
 0.048 
 0.048 
 0.048 
 0.048 
 0.048 
 0.048 
 0.048 
 0.048 
 0.048 
 0.048 
 0.048 
 0.048 
 0.048 
 0.048 
 0.048 
 0.048 
 0.048 
 0.048 
 0.048 
 0.192 
 0.192 
 0.212 
 0.212 
 0.212 
 0.408 
 0.408 
 0.408 
 0.408 
 0.408 
 0.408 
 0.455 
 0.455 
 0.455 
 0.455 
 0.455 
 0.455 
 0.515 
 0.515 
 0.515 
 0.515 
 0.515 
 0.515 
 0.515 
 0.515 
 0.515 
 0.775 
 0.579 
 0.579 
 0.579 
 0.319 
 0.479 
 0.479 
 0.479 
 0.479 
 0.479 
 2.702 
 2.702 
 2.702 
 2.702 
 2.557 
 2.557 
 2.557 
 2.557 
 2.557 
 2.592 
 2.592 
 2.624 
 2.624 
 2.624 
 2.624 
 2.66 
 2.66 
 2.66 
 2.672 
 2.672 
 0.749 
 0.749 
 0.749 
 0.749 
 2.567 
 2.532 
 2.572 
 2.512 
 2.512 
 2.512 
 0.714 
 0.714 
 0.749 
 0.749 
 0.749 
 0.674 
 0.574 
 0.539 
 0.539 
 0.539 
 0.539 
 0.539 
 0.735 
 0.735 
 0.735 
 0.735 
 0.735 
 0.735 
 0.735 
 0.735 
 0.735 
 0.564 
 0.552 
 0.552 
 0.532 
 0.532 
 0.532 
 0.532 
 0.532 
 0.532 
 0.532 
 0.532 
 0.532 
 0.532 
 0.336 
 0.336 
 0.336 
 0.336 
 0.336 
 0.336 
 2.154 
 2.154 
 2.166 
 0.348 
 0.348 
 0.554 
 0.554 
 0.534 
 0.462 
 0.462 
 0.462 
 0.462 
 0.462 
 0.502 
 0.542 
 0.502 
 0.502 
 0.502 
 0.466 
 0.555 
 0.555 
 0.555 
 0.466 
 0.466 
 0.466 
 0.466 
 0.486 
 0.486 
 0.486 
 0.386 
 0.386 
 0.386 
 0.386 
 0.386 
 0.386 
 0.486 
 0.466 
 0.486 
 0.486 
 0.486 
 0.486 
 0.546 
 0.546 
 0.546 
 0.535 
 0.735 
 0.735 
 0.835 
 0.76 
 0.5 
 0.696 
 0.596 
 0.507 
 0.507 
 0.542 
 0.542 
 0.542 
 0.542 
 1.844 
 1.844 
 1.844 
 1.844 
 1.844 
 1.809 
 1.869 
 1.869 
 2.009 
 2.009 
 1.949 
 1.949 
 2.038 
 2.098 
 1.902 
 1.902 
 1.813 
 1.813 
 1.849 
 1.849 
 1.849 
 1.849 
 1.809 
 1.666 
 1.666 
 1.666 
 1.666 
 1.566 
 1.566 
 1.566 
 0.264 
 0.264 
 0.264 
 0.304 
 0.304 
 0.304 
 0.304 
 0.304 
 0.352 
 0.352 
 0.352 
 0.352 
 0.472 
 0.412 
 0.412 
 0.412 
 0.412 
 0.512 
 0.512 
 0.512 
 0.512 
 0.512 
 0.512 
 0.572 
 0.672 
 0.512 
 0.512 
 0.492 
 0.492 
 0.452 
 0.452 
 0.452 
 0.452 
 0.452 
 0.481 
 0.481 
 0.393 
 0.393 
 0.393 
 0.393 
 0.393 
 0.589 
 0.589 
 0.589 
 0.649 
 0.589 
 0.589 
 0.649 
 0.649 
 0.709 
 0.709 
 0.709 
 0.649 
 0.549 
 0.549 
 0.549 
 0.549 
 0.549 
 0.489 
 0.489 
 0.489 
 0.453 
 0.453 
 0.297 
 0.357 
 0.357 
 0.357 
 0.357 
 0.417 
 0.417 
 0.472 
 0.532 
 0.492 
 0.357 
 0.268 
 0.268 
 0.268 
 0.268 
 0.208 
 0.308 
 0.308 
 0.295 
 0.295 
 0.295 
 0.395 
 0.395 
 0.455 
 0.355 
 0.355 
 0.295 
 0.295 
 0.335 
 0.335 
 0.395 
 0.395 
 0.455 
 0.443 
 0.383 
 0.383 
 0.383 
 0.383 
 0.423 
 0.383 
 0.383 
 0.383 
 0.472 
 0.383 
 0.396 
 0.396 
 0.396 
 0.681 
 0.681 
 0.681 
 0.681 
 0.693 
 0.693 
 0.693 
 0.693 
 0.753 
 0.753 
 0.753 
 0.773 
 0.773 
 0.733 
 0.673 
 0.709 
 0.709 
 0.709 
 0.709 
 0.709 
 0.709 
 0.689 
 0.493 
 0.493 
 0.493 
 0.513 
 0.513 
 0.513 
 0.493 
 0.481 
 0.481 
 0.556 
 0.616 
 0.616 
 0.556 
 0.556 
 0.556 
 0.467 
 0.452 
 0.452 
 0.452 
 0.452 
 0.452 
 0.452 
 0.452 
 0.452 
 0.452 
 0.452 
 0.452 
 0.452 
 0.452 
 0.501 
 0.412 
 0.412 
 0.412 
 0.452 
 0.048 
 0.048 
 0.048 
 0.048 
 0.048 
 0.048 
 0.048 
 0.048 
 0.048 
 0.048 
 0.048 
 0.048 
 0.048 
 0.048 
 0.048 
 0.048 
 0.048 
 0.048 
 0.048 
 0.048 
 0.048 
 0.048 
 0.048 
 0.048 
 0.048 
 0.048 
 0.048 
 0.048 
 0.048 
 0.048 
 0.048 
 0.048 
 0.048 
 0.048 
 0.048 
 0.048 
 0.048 
 0.048 
 0.048 
 0.048 
 0.048 
 0.048 
 0.048 
 0.048 
 0.048 
 0.048 
 0.048 
 0.048 
 0.244 
 0.244 
 0.244 
 0.244 
 0.244 
 0.244 
 0.244 
 0.244 
 0.244 
 0.244 
 0.244 
 0.244 
 0.244 
 0.244 
 0.244 
 0.244 
 0.244 
 0.244 
 0.244 
 0.244 
 0.244 
 0.244 
 0.048 
 0.048 
 0.048 
 0.048 
 0.048 
 0.048 
 0.048 
 0.048 
 0.048 
 0.048 
 0.048 
 0.048 
 0.048 
 0.048 
 0.048 
 0.048 
 0.048 
 0.048 
 0.048 
 0.048 
