 0.052 
 0.052 
 0.052 
 0.052 
 0.052 
 0.052 
 0.052 
 0.052 
 0.052 
 0.052 
 0.052 
 0.052 
 0.052 
 0.052 
 0.052 
 0.052 
 0.052 
 0.052 
 0.052 
 0.052 
 0.052 
 0.052 
 0.052 
 0.052 
 0.052 
 0.052 
 0.052 
 0.052 
 0.052 
 0.052 
 0.052 
 0.052 
 0.052 
 0.052 
 0.052 
 0.052 
 0.052 
 0.052 
 0.052 
 0.052 
 0.052 
 0.052 
 0.052 
 0.052 
 0.052 
 0.052 
 0.052 
 0.052 
 0.159 
 0.159 
 0.159 
 0.159 
 0.159 
 0.159 
 0.159 
 0.159 
 0.159 
 0.159 
 0.159 
 0.159 
 0.159 
 0.159 
 0.159 
 0.159 
 0.159 
 0.159 
 0.052 
 0.052 
 0.052 
 0.052 
 0.052 
 0.052 
 0.052 
 0.052 
 0.052 
 0.052 
 0.052 
 0.052 
 0.052 
 0.052 
 0.052 
 0.052 
 0.052 
 0.052 
 0.052 
 0.052 
 0.052 
 0.052 
 0.052 
 0.052 
 0.052 
 0.052 
 0.052 
 0.052 
 0.052 
 0.052 
 0.052 
 0.052 
 0.052 
 0.052 
 0.052 
 0.052 
 0.052 
 0.052 
 0.052 
 0.052 
 0.052 
 0.052 
 0.052 
 0.052 
 0.052 
 0.052 
 0.052 
 0.052 
 0.052 
 0.052 
 0.052 
 0.052 
 0.052 
 0.052 
 0.052 
 0.052 
 0.052 
 0.052 
 0.052 
 0.052 
 0.052 
 0.052 
 0.052 
 0.052 
 0.052 
 0.052 
 0.052 
 0.052 
 0.052 
 0.052 
 0.159 
 0.159 
 0.159 
 0.159 
 0.159 
 0.159 
 0.159 
 0.159 
 0.159 
 0.159 
 0.159 
 0.159 
 0.159 
 0.159 
 0.159 
 0.159 
 0.159 
 0.159 
 0.052 
 0.052 
 0.052 
 0.052 
 0.052 
 0.052 
 0.052 
 0.052 
 0.052 
 0.052 
 0.052 
 0.052 
 0.052 
 0.052 
 0.052 
 0.052 
 0.052 
 0.052 
 0.052 
 0.052 
 0.052 
 0.052 
 0.052 
 0.052 
 0.052 
 0.052 
 0.052 
 0.052 
 0.052 
 0.052 
 0.052 
 0.052 
 0.052 
 0.052 
 0.052 
 0.052 
 0.052 
 0.052 
 0.052 
 0.052 
 0.052 
 0.052 
 0.052 
 0.052 
 0.052 
 0.052 
 0.052 
 0.052 
 0.052 
 0.052 
 0.052 
 0.052 
 0.052 
 0.052 
 0.052 
 0.052 
 0.052 
 0.052 
 0.159 
 0.159 
 0.159 
 0.159 
 0.159 
 0.159 
 0.159 
 0.159 
 0.159 
 0.159 
 0.159 
 0.159 
 0.159 
 0.159 
 0.159 
 0.159 
 0.159 
 0.159 
 0.052 
 0.052 
 0.052 
 0.052 
 0.052 
 0.052 
 0.052 
 0.052 
 0.052 
 0.052 
 0.052 
 0.052 
 0.052 
 0.052 
 0.052 
 0.052 
 0.052 
 0.052 
 0.052 
 0.052 
 0.052 
 0.052 
 0.052 
 0.052 
 0.052 
 0.052 
 0.052 
 0.052 
 0.052 
 0.052 
 0.052 
 0.052 
 0.052 
 0.052 
 0.052 
 0.052 
 0.052 
 0.052 
 0.052 
 0.052 
 0.052 
 0.052 
 0.052 
 0.052 
 0.052 
 0.052 
 0.052 
 0.052 
 0.052 
 0.052 
 0.052 
 0.052 
 0.052 
 0.052 
 0.052 
 0.052 
 0.052 
 0.159 
 0.159 
 0.159 
 0.159 
 0.159 
 0.159 
 0.159 
 0.159 
 0.159 
 0.159 
 0.159 
 0.159 
 0.159 
 0.159 
 0.159 
 0.159 
 0.159 
 0.159 
 0.052 
 0.052 
 0.052 
 0.052 
 0.052 
 0.052 
 0.052 
 0.052 
 0.052 
 0.052 
 0.052 
 0.052 
 0.052 
 0.052 
 0.052 
 0.052 
 0.052 
 0.052 
 0.052 
 0.052 
 0.052 
 0.052 
 0.052 
 0.052 
 0.052 
 0.052 
 0.052 
 0.052 
 0.052 
 0.052 
 0.052 
 0.052 
 0.052 
 0.052 
 0.052 
 0.052 
 0.052 
 0.052 
 0.159 
 0.159 
 0.159 
 0.159 
 0.159 
 0.159 
 0.159 
 0.159 
 0.159 
 0.159 
 0.159 
 0.159 
 0.159 
 0.159 
 0.159 
 0.159 
 0.159 
 0.159 
 0.052 
 0.052 
 0.052 
 0.052 
 0.052 
 0.052 
 0.052 
 0.052 
 0.052 
 0.052 
 0.052 
 2.42 
 2.46 
 2.46 
 2.46 
 2.46 
 2.52 
 2.52 
 2.48 
 2.48 
 2.48 
 2.48 
 2.48 
 2.48 
 2.48 
 4.732 
 4.732 
 2.364 
 0.112 
 0.112 
 0.112 
 0.112 
 0.112 
 0.112 
 0.112 
 0.065 
 0.065 
 0.065 
 0.065 
 0.052 
 0.159 
 0.159 
 0.159 
 0.159 
 0.159 
 0.159 
 0.159 
 0.159 
 0.159 
 0.159 
 0.159 
 0.159 
 0.159 
 0.159 
 0.159 
 0.159 
 0.159 
 0.159 
 0.052 
 0.052 
 0.052 
 0.052 
 0.052 
 0.052 
 0.052 
 0.052 
 0.052 
 0.052 
 0.052 
 0.052 
 0.052 
 0.052 
 0.052 
 0.052 
 0.052 
 0.052 
 0.052 
 0.052 
 0.052 
 0.052 
 0.052 
 0.052 
 0.052 
 0.052 
 0.052 
 0.052 
 0.052 
 0.052 
 0.052 
 0.052 
 0.052 
 0.052 
 0.052 
 0.052 
 0.052 
 0.052 
 0.052 
 0.052 
 0.052 
 0.052 
 0.052 
 0.052 
 0.052 
 0.052 
 0.052 
 0.052 
 0.052 
 0.052 
 0.052 
 0.052 
 0.052 
 0.052 
 0.159 
 0.159 
 0.159 
 0.159 
 0.159 
 0.159 
 0.159 
 0.172 
 0.172 
 0.172 
 0.172 
 0.304 
 0.304 
 0.304 
 0.364 
 0.232 
 0.232 
 0.159 
 0.052 
 0.052 
 0.052 
 0.052 
 0.052 
 0.052 
 0.052 
 0.052 
 0.052 
 0.052 
 0.052 
 0.052 
 0.052 
 0.052 
 0.052 
 0.052 
 0.052 
 0.052 
 0.052 
 0.052 
 0.052 
 0.052 
 0.052 
 0.052 
 0.052 
 0.052 
 0.052 
 0.052 
 0.052 
 0.052 
 0.052 
 0.052 
 0.052 
 0.052 
 0.052 
 0.052 
 0.052 
 0.052 
 0.052 
 0.052 
 0.052 
 0.052 
 0.052 
 0.052 
 0.052 
 0.052 
 0.052 
 0.052 
 0.052 
 0.052 
 0.052 
 0.052 
 0.052 
 0.052 
 0.052 
 0.052 
 0.052 
 0.052 
 0.052 
 0.052 
 0.052 
 0.052 
 0.052 
 0.052 
 0.052 
 0.052 
 0.052 
 0.052 
 0.052 
 0.052 
 0.052 
 0.052 
 0.052 
 0.052 
 0.052 
 0.052 
 0.052 
 0.052 
 0.052 
 0.065 
 0.065 
 0.065 
 0.065 
 0.065 
 0.065 
 0.065 
 0.065 
 0.065 
 0.065 
 0.065 
 0.065 
 2.317 
 2.317 
 2.317 
 0.065 
 0.065 
 0.065 
 0.172 
 0.172 
 0.172 
 0.172 
 0.172 
 0.172 
 0.172 
 0.172 
 0.172 
 0.172 
 0.172 
 0.172 
 0.172 
 0.172 
 0.172 
 0.172 
 0.172 
 0.172 
 0.065 
 0.065 
 0.065 
 0.065 
 0.065 
 0.065 
 0.065 
 0.065 
 2.317 
 2.317 
 2.304 
 0.052 
 0.052 
 0.052 
 0.052 
 0.052 
 0.052 
 0.052 
 1.953 
 1.953 
 1.953 
 1.953 
 1.953 
 1.953 
 1.953 
 1.953 
 1.953 
 1.953 
 1.953 
 1.953 
 1.953 
 1.953 
 1.953 
 1.953 
 1.953 
 1.953 
 1.953 
 1.953 
 0.052 
 0.052 
 0.052 
 0.052 
 0.052 
 0.052 
 0.052 
 0.052 
 0.052 
 0.052 
 0.052 
 0.052 
 0.052 
 0.052 
 0.052 
 0.052 
 0.052 
 0.052 
 0.052 
 0.052 
 0.052 
 0.052 
 0.052 
 0.052 
 0.052 
 0.052 
 0.052 
 0.052 
 0.052 
 0.052 
 0.052 
 0.052 
 0.052 
 0.052 
 0.052 
 0.052 
 0.052 
 0.052 
 0.052 
 0.052 
 0.052 
 0.052 
 0.052 
 0.052 
 0.052 
 0.052 
 0.159 
 0.159 
 0.159 
 0.159 
 0.159 
 0.159 
 0.159 
 0.159 
 0.159 
 0.159 
 0.159 
 0.159 
 0.159 
 0.159 
 0.159 
 0.159 
 0.159 
 0.159 
 0.052 
 0.052 
 0.052 
 0.052 
 0.052 
 0.052 
 0.052 
 0.052 
 0.052 
 0.052 
 0.052 
 0.052 
 0.052 
 0.052 
 0.052 
 0.052 
 0.052 
 0.052 
 0.052 
 0.052 
 0.052 
 0.052 
 0.052 
 0.052 
 0.052 
 0.052 
 0.052 
 0.052 
 0.052 
 0.052 
 0.052 
 0.052 
 0.052 
 0.052 
 0.052 
 0.052 
 0.052 
 0.159 
 0.159 
 0.159 
 0.159 
 0.159 
 0.159 
 0.159 
 0.159 
 0.159 
 0.159 
 0.159 
 0.159 
 0.159 
 0.159 
 0.159 
 0.159 
 0.159 
 0.159 
 0.052 
 0.052 
 0.052 
 0.052 
 0.052 
 0.052 
 0.052 
 0.052 
 0.052 
 0.052 
 0.052 
 0.052 
 0.052 
 0.052 
 0.052 
 0.052 
 0.052 
 0.052 
 0.052 
 0.052 
 0.052 
 0.052 
 0.052 
 0.052 
 0.052 
 0.052 
 0.052 
 0.052 
 0.052 
 0.052 
 0.052 
 0.052 
 0.052 
 0.052 
 0.052 
 0.052 
 0.052 
 0.052 
 0.052 
 0.052 
 0.052 
 0.159 
 0.159 
 0.159 
 0.159 
 0.159 
 0.159 
 0.159 
 0.159 
 0.159 
 0.159 
 0.159 
 0.159 
 0.159 
 0.159 
 0.159 
 0.159 
 0.159 
 0.159 
 0.052 
 0.052 
 0.052 
 0.052 
 0.052 
 0.052 
 0.052 
 0.052 
 0.052 
 0.052 
 0.052 
 0.052 
 0.052 
 0.052 
 0.052 
 0.052 
 0.052 
 0.052 
 0.052 
 0.052 
 0.052 
 0.052 
 0.052 
 0.052 
 0.052 
 0.052 
 0.052 
 0.052 
 0.052 
 0.052 
 0.052 
 0.052 
 0.052 
 0.052 
 0.052 
 0.052 
 0.052 
 0.052 
 0.159 
 0.159 
 0.159 
 0.159 
 0.159 
 0.159 
 0.159 
 0.159 
 0.159 
 0.159 
 0.159 
 0.159 
 0.159 
 0.159 
 0.159 
 0.159 
 0.159 
 0.159 
 0.052 
 0.052 
 0.052 
 0.052 
 0.052 
 0.052 
 0.052 
 0.052 
 0.052 
 0.052 
 0.052 
 0.052 
 0.052 
 0.052 
 0.052 
 0.052 
 0.052 
 0.052 
 0.052 
 0.052 
 0.052 
 0.052 
 0.052 
 0.052 
 0.052 
 0.052 
 0.052 
 0.052 
 0.052 
 0.052 
 0.052 
 0.052 
 0.052 
 0.052 
 0.052 
 0.052 
 0.052 
 0.052 
 0.052 
 0.052 
 0.052 
 0.052 
 0.052 
 0.052 
 0.052 
 0.052 
 0.052 
 0.052 
 0.052 
 0.052 
 0.052 
 0.052 
 0.052 
 0.052 
 0.052 
 0.052 
 0.052 
 0.052 
 0.052 
 0.052 
 0.159 
 0.159 
 0.159 
 0.159 
 0.159 
 0.159 
 0.159 
 0.159 
 0.159 
 0.159 
 0.219 
 0.219 
 0.219 
 0.219 
 0.219 
 0.219 
 0.219 
 0.219 
 0.112 
 0.112 
 0.112 
 0.112 
 2.704 
 2.704 
 2.704 
 2.704 
 2.704 
 2.704 
 2.704 
 2.704 
 2.704 
 2.704 
 2.704 
 2.744 
 2.804 
 2.804 
 2.764 
 2.764 
 2.764 
 2.824 
 2.824 
 2.704 
 2.764 
 2.764 
 2.764 
 2.764 
 2.717 
 2.717 
 2.717 
 2.717 
 2.717 
 2.717 
 2.717 
 2.717 
 2.737 
 2.737 
 2.737 
 2.737 
 2.737 
 2.737 
 2.677 
 2.677 
 2.677 
 2.677 
 2.677 
 2.677 
 2.737 
 2.777 
 2.737 
 2.737 
 2.737 
 2.737 
 2.737 
 2.737 
 2.737 
 2.797 
 2.797 
 2.797 
 2.797 
 2.797 
 2.904 
 3.046 
 0.454 
 0.454 
 0.454 
 0.454 
 0.454 
 0.454 
 0.454 
 0.454 
 0.454 
 0.454 
 0.454 
 0.454 
 0.514 
 0.514 
 0.514 
 0.514 
 0.407 
 0.407 
 0.447 
 0.347 
 0.347 
 0.347 
 0.347 
 0.347 
 0.334 
 0.334 
 0.394 
 0.394 
 1.341 
 1.341 
 1.473 
 0.526 
 0.526 
 0.526 
 0.526 
 0.526 
 0.526 
 0.526 
 0.526 
 0.586 
 0.586 
 0.586 
 0.586 
 0.586 
 0.586 
 0.586 
 0.586 
 0.586 
 0.586 
 0.586 
 0.586 
 0.586 
 0.586 
 0.697 
 0.697 
 0.597 
 0.597 
 0.597 
 0.597 
 0.597 
 0.747 
 0.807 
 0.597 
 0.597 
 0.597 
 0.597 
 0.597 
 0.597 
 0.597 
 0.537 
 0.537 
 0.537 
 0.537 
 0.644 
 0.584 
 0.584 
 0.584 
 0.584 
 0.584 
 0.584 
 0.584 
 0.624 
 0.684 
 0.684 
 0.684 
 0.552 
 0.512 
 0.525 
 0.525 
 0.585 
 0.645 
 0.538 
 0.538 
 0.538 
 0.598 
 0.598 
 0.598 
 0.598 
 0.598 
 0.598 
 0.598 
 0.598 
 0.638 
 0.638 
 0.638 
 0.638 
 0.638 
 0.638 
 0.638 
 0.638 
 0.638 
 0.638 
 0.638 
 0.638 
 0.638 
 0.638 
 0.638 
 3.006 
 2.946 
 2.946 
 2.946 
 2.886 
 2.826 
 2.826 
 2.826 
 2.826 
 2.815 
 2.815 
 2.815 
 2.815 
 2.815 
 2.815 
 2.815 
 0.447 
 0.447 
 0.458 
 0.458 
 0.458 
 0.458 
 0.458 
 0.458 
 0.458 
 0.458 
 0.458 
 0.458 
 0.458 
 2.65 
 2.637 
 2.637 
 0.385 
 0.385 
 0.385 
 0.385 
 0.385 
 0.385 
 0.385 
 0.385 
 0.385 
 0.385 
 0.385 
 0.385 
 0.385 
 0.385 
 0.385 
 0.385 
 0.385 
 0.385 
 0.385 
 0.385 
 0.385 
 0.464 
 0.464 
 0.464 
 0.464 
 0.404 
 0.511 
 0.511 
 0.511 
 0.511 
 0.511 
 0.511 
 0.511 
 0.511 
 0.511 
 0.511 
 0.511 
 0.511 
 0.511 
 0.511 
 0.511 
 0.511 
 0.511 
 0.571 
 0.464 
 0.477 
 0.477 
 0.477 
 0.477 
 0.477 
 0.477 
 0.477 
 0.477 
 0.477 
 0.417 
 0.417 
 0.417 
 0.417 
 0.417 
 0.538 
 0.406 
 0.406 
 0.406 
 0.406 
 0.406 
 0.406 
 0.466 
 0.466 
 0.526 
 0.526 
 0.526 
 0.526 
 0.446 
 0.446 
 0.446 
 0.446 
 0.446 
 0.446 
 0.446 
 0.446 
 0.446 
 0.367 
 0.367 
 0.367 
 0.367 
 0.367 
 0.367 
 0.427 
 0.474 
 0.474 
 0.606 
 0.606 
 0.606 
 0.606 
 0.606 
 0.606 
 0.606 
 0.606 
 0.606 
 0.706 
 0.646 
 0.646 
 0.514 
 0.525 
 0.525 
 0.512 
 0.405 
 0.365 
 0.365 
 0.365 
 0.365 
 0.425 
 0.425 
 0.425 
 0.425 
 0.425 
 0.425 
 0.425 
 0.425 
 0.425 
 0.425 
 0.425 
 0.485 
 0.617 
 0.617 
 0.617 
 0.617 
 0.617 
 0.617 
 0.557 
 0.557 
 0.557 
 0.557 
 0.557 
 0.457 
 0.457 
 0.457 
 0.457 
 0.397 
 0.397 
 0.397 
 0.397 
 0.397 
 0.397 
 0.397 
 0.397 
 0.397 
 0.397 
 0.397 
 0.397 
 0.255 
 0.255 
 0.315 
 0.315 
 0.315 
 0.315 
 0.315 
 0.315 
 0.315 
 0.315 
 0.422 
 0.422 
 0.422 
 0.422 
 0.422 
 0.422 
 0.422 
 0.422 
 0.422 
 0.422 
 0.422 
 0.422 
 0.422 
 0.362 
 0.362 
 0.362 
 0.351 
 0.351 
 0.244 
 0.244 
 0.244 
 0.244 
 0.244 
 0.244 
 0.244 
 0.244 
 0.244 
 0.244 
 0.244 
 0.244 
 0.244 
 0.394 
 0.394 
 0.394 
 0.394 
 0.394 
 0.405 
 0.405 
 0.345 
 0.345 
 0.385 
 0.385 
 0.385 
 0.385 
 0.385 
 0.385 
 0.385 
 0.385 
 0.385 
 0.385 
 0.385 
 0.052 
 0.052 
 0.052 
 0.159 
 0.159 
 0.159 
 0.159 
 0.159 
 0.159 
 0.159 
 0.159 
 0.159 
 0.159 
 0.159 
 0.159 
 0.159 
 0.159 
 0.159 
 0.159 
 0.159 
 0.159 
 0.052 
 0.052 
 0.052 
 0.052 
 0.052 
 0.052 
 0.052 
 0.052 
 0.052 
 0.052 
 0.052 
 0.052 
 0.052 
 0.052 
 0.052 
 0.052 
 0.052 
 0.052 
 0.052 
 0.052 
 0.052 
 0.052 
 0.052 
 0.052 
 0.052 
 0.052 
 0.052 
 0.052 
 0.052 
 0.052 
 0.052 
 0.052 
 0.052 
 0.052 
 0.052 
 0.052 
 0.052 
 0.052 
 0.052 
