 0.054 
 0.054 
 0.054 
 0.054 
 0.054 
 0.054 
 0.054 
 0.054 
 0.054 
 0.054 
 0.054 
 0.054 
 0.054 
 0.054 
 0.054 
 0.054 
 0.054 
 0.054 
 0.054 
 0.054 
 0.054 
 0.054 
 0.054 
 0.054 
 0.054 
 0.054 
 0.054 
 0.054 
 0.054 
 0.054 
 0.054 
 0.054 
 0.054 
 0.054 
 0.054 
 0.054 
 0.054 
 0.054 
 0.054 
 0.054 
 0.054 
 0.054 
 0.054 
 0.054 
 0.054 
 0.054 
 0.054 
 0.054 
 0.054 
 0.054 
 0.054 
 0.054 
 0.054 
 0.054 
 0.054 
 0.054 
 0.054 
 0.054 
 0.054 
 0.054 
 0.054 
 0.054 
 0.054 
 0.054 
 0.054 
 0.054 
 0.054 
 0.054 
 0.054 
 0.054 
 0.054 
 0.054 
 0.054 
 0.054 
 0.054 
 0.054 
 0.054 
 0.054 
 0.054 
 0.054 
 0.054 
 0.054 
 0.054 
 0.054 
 0.054 
 0.239 
 0.239 
 0.239 
 0.239 
 0.239 
 0.239 
 0.239 
 0.239 
 0.239 
 0.239 
 0.239 
 0.239 
 0.239 
 0.239 
 0.239 
 0.239 
 0.239 
 0.239 
 0.239 
 0.239 
 0.239 
 0.239 
 0.054 
 0.054 
 0.054 
 0.054 
 0.054 
 0.054 
 0.054 
 0.054 
 0.054 
 0.054 
 0.054 
 0.054 
 0.054 
 0.054 
 0.054 
 0.054 
 0.054 
 0.054 
 0.054 
 0.054 
 0.054 
 0.054 
 0.054 
 0.054 
 0.054 
 0.054 
 0.054 
 0.054 
 0.054 
 0.054 
 0.054 
 0.054 
 0.054 
 0.054 
 0.054 
 0.054 
 0.054 
 0.054 
 0.054 
 0.054 
 0.054 
 0.054 
 0.054 
 0.054 
 0.054 
 0.054 
 0.054 
 0.054 
 0.054 
 0.054 
 0.054 
 0.054 
 0.054 
 0.054 
 0.148 
 0.148 
 0.148 
 0.148 
 0.148 
 0.148 
 0.148 
 0.148 
 0.333 
 0.333 
 0.333 
 0.333 
 0.333 
 0.333 
 0.333 
 0.333 
 0.333 
 0.333 
 0.239 
 0.239 
 0.239 
 0.239 
 0.239 
 0.239 
 0.239 
 0.239 
 0.239 
 0.239 
 0.239 
 0.239 
 0.054 
 0.054 
 0.054 
 0.054 
 0.054 
 0.054 
 0.054 
 0.054 
 0.054 
 0.054 
 0.054 
 0.054 
 0.054 
 0.054 
 0.054 
 0.054 
 0.054 
 0.054 
 0.054 
 0.054 
 0.054 
 0.054 
 0.054 
 0.054 
 0.054 
 0.054 
 0.148 
 0.148 
 0.148 
 0.148 
 0.148 
 0.148 
 0.148 
 0.148 
 0.148 
 0.148 
 0.148 
 0.148 
 0.148 
 0.148 
 0.148 
 0.148 
 0.148 
 0.148 
 0.054 
 0.054 
 0.054 
 0.054 
 0.054 
 0.054 
 0.054 
 0.054 
 0.054 
 0.054 
 0.239 
 0.239 
 0.239 
 0.239 
 0.239 
 0.239 
 0.239 
 0.239 
 0.239 
 0.239 
 0.239 
 0.239 
 0.239 
 0.239 
 0.239 
 0.239 
 0.239 
 0.239 
 0.239 
 0.239 
 0.239 
 0.239 
 0.054 
 0.054 
 0.054 
 0.054 
 0.054 
 0.054 
 0.054 
 0.054 
 0.054 
 0.054 
 0.054 
 0.054 
 0.054 
 0.054 
 0.054 
 0.054 
 0.054 
 0.054 
 0.054 
 0.054 
 0.054 
 0.054 
 0.054 
 0.054 
 0.054 
 0.054 
 0.054 
 0.054 
 0.054 
 0.148 
 0.148 
 0.148 
 0.148 
 0.148 
 0.148 
 0.148 
 0.148 
 0.148 
 0.148 
 0.148 
 0.148 
 0.148 
 0.148 
 0.148 
 0.148 
 0.148 
 0.148 
 0.054 
 0.054 
 0.054 
 0.054 
 0.054 
 0.054 
 0.054 
 0.054 
 0.054 
 0.054 
 0.054 
 0.054 
 0.054 
 0.239 
 0.239 
 0.239 
 0.239 
 0.239 
 0.239 
 0.239 
 0.239 
 0.239 
 0.239 
 0.239 
 0.239 
 0.239 
 0.239 
 0.239 
 0.239 
 0.239 
 0.239 
 0.239 
 0.239 
 0.239 
 0.239 
 0.054 
 0.054 
 0.054 
 0.054 
 0.054 
 0.054 
 0.054 
 0.054 
 0.054 
 0.054 
 0.054 
 0.054 
 0.054 
 0.054 
 0.054 
 0.054 
 0.148 
 0.148 
 0.148 
 0.148 
 0.148 
 0.148 
 0.148 
 0.148 
 0.148 
 0.148 
 0.148 
 0.148 
 0.148 
 0.148 
 0.148 
 0.148 
 0.148 
 0.148 
 0.054 
 0.054 
 0.054 
 0.054 
 0.054 
 0.054 
 0.054 
 0.054 
 0.054 
 0.054 
 0.054 
 0.054 
 0.054 
 0.054 
 0.054 
 0.239 
 0.239 
 0.239 
 0.239 
 0.239 
 0.239 
 0.239 
 0.239 
 0.239 
 0.239 
 0.239 
 0.239 
 0.239 
 0.239 
 0.239 
 0.239 
 0.239 
 0.239 
 0.239 
 0.239 
 0.239 
 0.239 
 0.054 
 0.054 
 0.054 
 0.054 
 0.054 
 0.054 
 0.054 
 0.054 
 0.054 
 0.054 
 0.054 
 0.054 
 0.054 
 0.054 
 0.054 
 0.054 
 0.054 
 0.054 
 0.054 
 0.054 
 0.148 
 0.148 
 0.148 
 0.148 
 0.148 
 0.148 
 0.148 
 0.148 
 0.148 
 0.148 
 0.148 
 0.148 
 0.148 
 0.148 
 0.148 
 0.148 
 0.148 
 0.148 
 0.054 
 0.054 
 0.054 
 0.054 
 0.054 
 0.054 
 0.054 
 0.054 
 0.054 
 0.054 
 0.054 
 0.054 
 0.054 
 0.054 
 0.054 
 0.054 
 0.054 
 0.054 
 0.054 
 0.054 
 0.239 
 0.239 
 0.239 
 0.239 
 0.239 
 0.239 
 0.239 
 0.239 
 0.239 
 0.239 
 0.239 
 0.239 
 0.239 
 0.239 
 0.239 
 0.239 
 0.239 
 0.239 
 0.239 
 0.239 
 0.239 
 0.239 
 0.054 
 0.054 
 0.054 
 0.054 
 0.054 
 0.054 
 0.054 
 0.054 
 0.054 
 0.054 
 0.054 
 0.054 
 0.054 
 0.054 
 0.054 
 0.054 
 0.054 
 0.054 
 0.054 
 0.054 
 0.054 
 0.054 
 0.054 
 0.054 
 0.054 
 0.054 
 0.054 
 0.054 
 0.054 
 0.054 
 0.054 
 0.054 
 0.054 
 0.054 
 0.054 
 0.054 
 0.054 
 0.054 
 0.054 
 0.148 
 0.148 
 0.148 
 0.148 
 0.148 
 0.148 
 0.148 
 0.148 
 0.148 
 0.148 
 0.148 
 0.148 
 0.148 
 0.148 
 0.148 
 0.148 
 0.148 
 0.148 
 0.054 
 0.054 
 0.054 
 0.054 
 0.054 
 0.094 
 0.094 
 0.14 
 0.14 
 0.24 
 0.14 
 0.24 
 0.24 
 0.24 
 2.336 
 2.336 
 2.581 
 2.581 
 2.521 
 2.521 
 2.521 
 2.521 
 2.521 
 2.621 
 2.621 
 2.621 
 2.621 
 2.621 
 2.621 
 2.633 
 2.633 
 2.633 
 2.633 
 2.633 
 0.537 
 0.537 
 0.537 
 0.477 
 0.292 
 0.292 
 0.252 
 0.252 
 0.112 
 0.112 
 0.112 
 0.112 
 0.112 
 0.112 
 0.112 
 0.112 
 0.112 
 0.112 
 0.112 
 0.112 
 0.112 
 0.112 
 0.252 
 0.152 
 0.152 
 0.152 
 0.152 
 0.152 
 0.202 
 0.202 
 0.202 
 0.202 
 0.202 
 0.252 
 0.272 
 0.272 
 0.302 
 0.302 
 0.302 
 0.252 
 0.202 
 0.202 
 0.202 
 0.202 
 0.202 
 0.202 
 0.202 
 0.202 
 0.202 
 0.202 
 0.202 
 0.202 
 0.202 
 0.296 
 0.296 
 0.296 
 0.296 
 0.296 
 0.296 
 0.296 
 0.296 
 0.246 
 0.246 
 0.431 
 0.431 
 0.431 
 0.431 
 0.431 
 0.431 
 0.431 
 0.431 
 0.337 
 0.337 
 0.337 
 0.337 
 0.337 
 0.337 
 0.337 
 0.337 
 0.239 
 0.239 
 0.239 
 0.239 
 0.239 
 0.239 
 0.054 
 0.054 
 0.054 
 0.054 
 0.054 
 0.054 
 0.054 
 0.054 
 0.054 
 0.054 
 0.054 
 0.054 
 0.054 
 0.054 
 0.054 
 0.054 
 0.054 
 0.054 
 0.054 
 0.054 
 0.054 
 0.126 
 0.126 
 2.08 
 2.08 
 2.08 
 0.126 
 0.126 
 0.126 
 2.109 
 2.109 
 2.109 
 2.109 
 2.109 
 2.109 
 2.109 
 2.109 
 2.214 
 2.214 
 2.214 
 2.214 
 2.214 
 2.214 
 2.214 
 2.214 
 2.26 
 2.26 
 2.26 
 2.26 
 2.26 
 0.277 
 0.277 
 0.277 
 0.277 
 0.277 
 0.183 
 0.183 
 0.183 
 0.183 
 0.137 
 0.137 
 0.137 
 0.137 
 0.137 
 0.137 
 0.137 
 0.242 
 0.242 
 0.242 
 0.242 
 0.242 
 0.242 
 0.242 
 0.242 
 0.242 
 0.242 
 0.242 
 0.242 
 0.242 
 0.242 
 0.242 
 0.427 
 0.427 
 0.427 
 0.427 
 0.427 
 0.427 
 0.427 
 0.427 
 0.427 
 0.427 
 0.427 
 0.427 
 0.427 
 0.427 
 0.427 
 0.427 
 0.416 
 0.416 
 0.416 
 0.416 
 0.416 
 0.311 
 0.126 
 0.126 
 0.126 
 0.126 
 0.126 
 0.126 
 0.126 
 0.126 
 0.126 
 0.126 
 0.303 
 0.303 
 0.126 
 0.126 
 0.126 
 0.126 
 0.126 
 0.126 
 0.126 
 0.126 
 0.231 
 0.231 
 0.231 
 0.408 
 0.502 
 0.325 
 0.325 
 0.325 
 0.325 
 0.325 
 0.325 
 0.325 
 0.325 
 0.325 
 0.325 
 0.325 
 0.502 
 0.502 
 0.325 
 0.325 
 0.325 
 0.325 
 0.231 
 0.231 
 0.231 
 0.231 
 0.231 
 0.231 
 0.231 
 0.408 
 0.408 
 0.726 
 0.726 
 0.726 
 0.726 
 0.726 
 0.344 
 0.344 
 0.344 
 0.344 
 0.344 
 0.344 
 0.344 
 0.344 
 0.344 
 0.344 
 0.344 
 0.344 
 0.344 
 0.344 
 0.344 
 0.239 
 0.239 
 0.239 
 0.239 
 0.239 
 0.239 
 0.239 
 0.054 
 0.054 
 0.054 
 0.054 
 0.054 
 0.054 
 0.054 
 0.054 
 0.054 
 0.054 
 0.054 
 0.054 
 0.054 
 0.054 
 0.054 
 0.054 
 0.054 
 0.148 
 0.148 
 0.148 
 0.148 
 0.148 
 0.148 
 0.148 
 0.148 
 0.148 
 0.148 
 0.148 
 0.148 
 0.148 
 0.148 
 0.148 
 0.148 
 0.148 
 0.148 
 0.054 
 0.054 
 0.054 
 0.054 
 0.054 
 0.054 
 0.054 
 0.054 
 0.054 
 0.054 
 0.054 
 0.054 
 0.054 
 0.054 
 0.054 
 0.054 
 0.239 
 0.239 
 0.239 
 0.239 
 0.239 
 0.239 
 0.239 
 0.239 
 0.239 
 0.239 
 0.239 
 0.239 
 0.239 
 0.239 
 0.239 
 0.239 
 0.239 
 0.239 
 0.239 
 0.239 
 0.239 
 0.239 
 0.054 
 0.054 
 0.054 
 0.054 
 0.054 
 0.054 
 0.148 
 0.148 
 0.148 
 0.148 
 0.148 
 0.148 
 0.148 
 0.148 
 0.148 
 0.148 
 0.148 
 0.148 
 0.148 
 0.148 
 0.148 
 0.148 
 0.148 
 0.148 
 0.054 
 0.054 
 0.054 
 0.054 
 0.054 
 0.054 
 0.159 
 0.194 
 0.194 
 0.194 
 0.194 
 0.499 
 0.499 
 0.499 
 0.545 
 0.24 
 0.24 
 0.24 
 0.24 
 0.24 
 0.24 
 0.249 
 0.144 
 0.144 
 0.144 
 0.144 
 0.144 
 0.144 
 0.144 
 0.144 
 0.184 
 0.184 
 0.138 
 0.238 
 0.238 
 0.238 
 0.238 
 0.278 
 0.378 
 0.378 
 0.328 
 0.328 
 0.328 
 0.328 
 0.328 
 0.328 
 0.328 
 0.465 
 0.456 
 0.456 
 0.456 
 0.456 
 0.456 
 0.456 
 0.55 
 0.55 
 0.55 
 0.55 
 0.55 
 0.55 
 0.735 
 0.735 
 0.735 
 0.735 
 0.735 
 0.735 
 0.735 
 0.735 
 0.735 
 0.735 
 0.835 
 0.835 
 0.641 
 0.641 
 0.601 
 0.601 
 0.601 
 0.601 
 0.601 
 0.601 
 0.601 
 0.601 
 0.381 
 0.421 
 0.381 
 0.381 
 0.381 
 0.427 
 0.427 
 0.427 
 0.381 
 0.441 
 0.441 
 0.401 
 0.401 
 0.461 
 0.461 
 0.461 
 0.401 
 0.401 
 0.401 
 0.35 
 0.491 
 0.491 
 0.491 
 0.531 
 0.054 
 0.054 
 0.054 
 0.054 
 0.054 
 0.054 
 0.054 
 0.054 
 0.054 
 0.054 
 0.054 
 0.054 
 0.054 
 0.054 
 0.054 
 0.054 
 0.054 
 0.054 
 0.054 
 0.054 
 0.054 
 0.054 
 0.054 
 0.054 
 0.054 
 0.054 
 0.054 
 0.054 
 0.054 
 0.054 
 0.054 
 0.054 
 0.054 
 0.054 
 0.054 
 0.054 
 0.054 
 0.054 
 0.054 
 0.054 
 0.054 
 0.054 
 0.054 
 0.054 
 0.054 
 0.054 
 0.054 
 0.239 
 0.239 
 0.333 
 0.333 
 0.333 
 0.333 
 0.333 
 0.333 
 0.333 
 0.333 
 0.333 
 0.333 
 0.333 
 0.333 
 0.333 
 0.333 
 0.333 
 0.333 
 0.333 
 0.333 
 0.239 
 0.239 
 0.054 
 0.054 
 0.054 
 0.054 
 0.054 
 0.054 
 0.054 
 0.054 
 0.054 
 0.054 
 0.054 
 0.054 
 0.054 
 0.054 
 0.054 
 0.054 
 0.054 
 0.054 
 0.054 
 0.054 
 0.054 
 0.054 
 0.054 
 0.054 
 0.054 
 0.054 
 0.054 
 0.054 
 0.054 
 0.054 
 0.054 
 0.054 
 0.054 
 0.054 
 0.054 
 0.054 
 0.054 
 0.054 
 0.054 
 0.054 
 0.054 
 0.054 
 0.054 
 0.054 
 0.054 
 0.148 
 0.148 
 0.148 
 0.148 
 0.148 
 0.148 
 0.148 
 0.148 
 0.148 
 0.148 
 0.148 
 0.148 
 0.148 
 0.148 
 0.148 
 0.148 
 0.148 
 0.148 
 0.054 
 0.054 
 0.054 
 0.054 
 0.239 
 0.239 
 0.239 
 0.239 
 0.239 
 0.239 
 0.239 
 0.239 
 0.239 
 0.239 
 0.239 
 0.239 
 0.239 
 0.239 
 0.239 
 0.239 
 0.239 
 0.239 
 0.239 
 0.239 
 0.239 
 0.239 
 0.054 
 0.054 
 0.054 
 0.054 
 0.054 
 0.054 
 0.054 
 0.054 
 0.054 
 0.054 
 0.054 
 0.054 
 0.054 
 0.054 
 0.054 
 0.054 
 0.054 
 0.054 
 0.054 
 0.054 
 0.054 
 0.054 
 0.054 
 0.054 
 0.054 
 0.054 
 0.054 
 0.054 
 0.054 
 0.054 
 0.054 
 0.054 
 0.054 
 0.054 
 0.148 
 0.148 
 0.148 
 0.148 
 0.148 
 0.148 
 0.148 
 0.148 
 0.148 
 0.148 
 0.148 
 0.148 
 0.148 
 0.148 
 0.148 
 0.148 
 0.148 
 0.148 
 0.054 
 0.054 
 0.054 
 0.239 
 0.239 
 0.239 
 0.239 
 0.239 
 0.239 
 0.239 
 0.239 
 0.239 
 0.239 
 0.239 
 0.239 
 0.239 
 0.239 
 0.239 
 0.239 
 0.239 
 0.239 
 0.239 
 0.239 
 0.239 
 0.239 
 0.054 
 0.054 
 0.054 
 0.054 
 0.054 
 0.054 
 0.054 
 0.054 
 0.054 
 0.054 
 0.054 
 0.054 
 0.054 
 0.054 
 0.054 
 0.054 
 0.054 
 0.054 
 0.148 
 0.148 
 0.148 
 0.148 
 0.148 
 0.148 
 0.148 
 0.148 
 0.148 
 0.148 
 0.148 
 0.148 
 0.148 
 0.148 
 0.148 
 0.148 
 0.148 
 0.148 
 0.054 
 0.054 
 0.054 
 0.054 
 0.054 
 0.054 
 0.054 
 0.054 
 0.054 
 0.054 
 0.054 
 0.054 
 0.054 
 0.054 
 0.054 
 0.054 
 0.054 
 0.054 
 0.054 
 0.054 
 0.054 
 0.054 
 0.054 
 0.054 
 0.054 
 0.054 
 0.054 
 0.054 
 0.054 
 0.054 
 0.054 
 0.054 
 0.054 
 0.054 
 0.054 
 0.054 
 0.054 
 0.054 
 0.054 
 0.054 
 0.054 
 0.054 
 0.054 
 0.054 
 0.054 
 0.054 
 0.054 
 0.054 
 0.054 
 0.239 
 0.239 
 0.239 
 0.239 
 0.239 
 0.239 
 0.239 
 0.239 
 0.239 
 0.239 
 0.239 
 0.239 
 0.239 
 0.239 
 0.239 
 0.239 
 0.239 
 0.239 
 0.239 
 0.239 
 0.239 
 0.239 
 0.054 
 0.054 
 0.054 
 0.054 
 0.054 
 0.054 
 0.054 
 0.054 
 0.054 
 0.054 
 0.054 
 0.054 
 0.054 
 0.054 
 0.054 
 0.054 
 0.054 
 0.054 
 0.054 
 0.054 
 0.054 
 0.054 
 0.054 
 0.054 
 0.054 
 0.054 
 0.054 
 0.054 
 0.054 
 0.054 
 0.054 
 0.054 
 0.054 
 0.054 
 0.054 
 0.054 
 0.054 
 0.054 
