 0.053 
 0.053 
 0.053 
 0.053 
 0.235 
 0.235 
 0.235 
 0.235 
 0.235 
 0.235 
 0.235 
 0.235 
 0.235 
 0.235 
 0.235 
 0.235 
 0.235 
 0.235 
 0.235 
 0.235 
 0.235 
 0.235 
 0.235 
 0.235 
 0.387 
 0.387 
 0.205 
 0.205 
 0.205 
 0.205 
 0.205 
 0.205 
 0.205 
 0.205 
 0.205 
 0.205 
 0.205 
 0.205 
 0.205 
 0.205 
 0.205 
 0.205 
 0.205 
 0.205 
 0.053 
 0.053 
 0.053 
 0.053 
 0.053 
 0.053 
 0.053 
 0.053 
 0.053 
 0.053 
 0.053 
 0.053 
 0.053 
 0.053 
 0.053 
 0.053 
 0.053 
 0.053 
 0.053 
 0.053 
 0.053 
 0.053 
 0.053 
 0.053 
 0.053 
 0.053 
 0.053 
 0.053 
 0.053 
 0.053 
 0.053 
 0.053 
 0.053 
 0.235 
 0.235 
 0.235 
 0.235 
 0.235 
 0.235 
 0.235 
 0.235 
 0.235 
 0.235 
 0.235 
 0.235 
 0.235 
 0.235 
 0.235 
 0.235 
 0.235 
 0.235 
 0.235 
 0.235 
 0.235 
 0.235 
 0.053 
 0.053 
 0.053 
 0.053 
 0.053 
 0.053 
 0.053 
 0.053 
 0.053 
 0.053 
 0.053 
 0.053 
 0.053 
 0.053 
 0.053 
 0.053 
 0.053 
 0.053 
 0.053 
 0.053 
 0.205 
 0.205 
 0.205 
 0.205 
 0.205 
 0.205 
 0.205 
 0.205 
 0.205 
 0.205 
 0.205 
 0.205 
 0.205 
 0.205 
 0.205 
 0.205 
 0.205 
 0.205 
 0.205 
 0.205 
 0.053 
 0.053 
 0.053 
 0.053 
 0.053 
 0.053 
 0.053 
 0.053 
 0.053 
 0.053 
 0.053 
 0.053 
 0.053 
 0.053 
 0.053 
 0.053 
 0.053 
 0.053 
 0.053 
 0.053 
 0.053 
 0.053 
 0.053 
 0.053 
 0.053 
 0.053 
 0.053 
 0.053 
 0.053 
 0.053 
 0.053 
 0.053 
 0.053 
 0.053 
 0.053 
 0.053 
 0.053 
 0.053 
 0.053 
 0.053 
 0.053 
 0.053 
 0.053 
 0.205 
 0.205 
 0.205 
 0.205 
 0.205 
 0.205 
 0.387 
 0.387 
 0.387 
 0.387 
 0.387 
 0.387 
 0.387 
 0.387 
 0.387 
 0.387 
 0.387 
 0.387 
 0.387 
 0.387 
 0.235 
 0.235 
 0.235 
 0.235 
 0.235 
 0.235 
 0.235 
 0.235 
 0.053 
 0.053 
 0.053 
 0.053 
 0.053 
 0.053 
 0.053 
 0.053 
 0.053 
 0.053 
 0.053 
 0.053 
 0.053 
 0.053 
 0.053 
 0.053 
 0.053 
 0.053 
 0.053 
 0.053 
 0.053 
 0.053 
 0.053 
 0.053 
 0.053 
 0.053 
 0.053 
 0.053 
 0.053 
 0.053 
 0.053 
 0.053 
 0.053 
 0.053 
 0.053 
 0.205 
 0.205 
 0.205 
 0.205 
 0.205 
 0.205 
 0.205 
 0.205 
 0.205 
 0.205 
 0.387 
 0.387 
 0.387 
 0.387 
 0.387 
 0.387 
 0.387 
 0.387 
 0.387 
 0.387 
 0.235 
 0.235 
 0.235 
 0.235 
 0.235 
 0.235 
 0.235 
 0.235 
 0.235 
 0.235 
 0.235 
 0.235 
 0.053 
 0.053 
 0.053 
 0.053 
 0.053 
 0.053 
 0.053 
 0.053 
 0.053 
 0.053 
 0.053 
 0.053 
 0.053 
 0.053 
 0.053 
 0.053 
 0.053 
 0.053 
 0.053 
 0.053 
 0.053 
 0.053 
 0.053 
 0.053 
 0.053 
 0.053 
 0.053 
 0.053 
 0.053 
 0.053 
 0.053 
 0.053 
 0.053 
 0.053 
 0.053 
 0.053 
 0.053 
 0.053 
 0.053 
 0.053 
 0.053 
 0.053 
 0.053 
 0.053 
 0.053 
 0.053 
 0.053 
 0.053 
 0.053 
 0.053 
 0.053 
 0.053 
 0.053 
 0.053 
 0.053 
 0.053 
 0.053 
 0.053 
 0.053 
 0.053 
 0.053 
 0.053 
 0.053 
 0.053 
 0.053 
 0.235 
 0.387 
 0.387 
 0.387 
 0.387 
 0.387 
 0.387 
 0.387 
 0.387 
 0.387 
 0.387 
 0.387 
 0.387 
 0.387 
 0.387 
 0.387 
 0.387 
 0.387 
 0.387 
 0.387 
 0.387 
 0.235 
 0.053 
 0.053 
 0.053 
 0.053 
 0.053 
 0.053 
 0.053 
 0.053 
 0.053 
 0.053 
 0.053 
 0.053 
 0.053 
 0.053 
 0.053 
 0.053 
 0.053 
 0.053 
 0.053 
 0.053 
 0.053 
 0.053 
 1.251 
 1.251 
 1.251 
 1.251 
 1.263 
 1.263 
 1.263 
 1.278 
 1.278 
 1.278 
 1.278 
 1.278 
 1.278 
 1.278 
 1.278 
 1.278 
 1.278 
 1.278 
 1.278 
 1.246 
 1.246 
 1.246 
 1.246 
 1.246 
 1.246 
 1.246 
 1.346 
 1.346 
 1.346 
 1.366 
 1.366 
 1.346 
 1.406 
 1.406 
 1.346 
 1.498 
 1.598 
 1.598 
 1.638 
 1.638 
 1.82 
 1.82 
 1.82 
 1.82 
 1.82 
 1.86 
 1.86 
 1.86 
 1.86 
 1.86 
 1.96 
 1.92 
 1.96 
 1.96 
 1.96 
 1.808 
 1.768 
 1.668 
 1.668 
 1.668 
 0.53 
 0.53 
 0.348 
 0.388 
 0.488 
 0.488 
 0.488 
 0.473 
 0.473 
 0.473 
 0.473 
 0.473 
 0.473 
 0.473 
 0.473 
 0.533 
 0.533 
 0.533 
 0.533 
 0.533 
 0.533 
 0.533 
 0.533 
 0.533 
 0.533 
 0.633 
 0.633 
 0.633 
 0.648 
 0.648 
 9.647 
 9.647 
 9.647 
 0.648 
 0.648 
 0.548 
 0.548 
 0.548 
 0.548 
 0.508 
 0.448 
 0.448 
 0.448 
 0.448 
 0.448 
 0.448 
 0.448 
 0.448 
 0.448 
 0.468 
 0.498 
 0.68 
 0.68 
 0.68 
 0.68 
 0.68 
 0.68 
 0.68 
 0.68 
 0.68 
 0.68 
 0.68 
 0.68 
 0.832 
 0.872 
 0.872 
 0.832 
 0.732 
 0.732 
 0.732 
 0.732 
 0.732 
 0.732 
 0.55 
 0.55 
 0.55 
 0.55 
 0.55 
 0.55 
 0.55 
 0.55 
 0.55 
 0.55 
 0.398 
 2.414 
 2.414 
 2.414 
 0.358 
 0.343 
 0.343 
 0.343 
 0.343 
 0.343 
 0.343 
 0.375 
 0.375 
 0.375 
 0.375 
 0.375 
 0.375 
 0.375 
 0.375 
 0.375 
 0.375 
 0.375 
 0.375 
 0.375 
 0.375 
 0.375 
 0.375 
 0.375 
 0.375 
 0.275 
 0.275 
 0.275 
 0.275 
 0.275 
 0.275 
 0.275 
 0.457 
 0.457 
 0.457 
 0.457 
 0.427 
 0.427 
 0.395 
 0.395 
 0.395 
 0.395 
 0.395 
 0.395 
 0.375 
 0.375 
 0.375 
 0.375 
 0.375 
 0.447 
 1.694 
 1.694 
 1.694 
 1.694 
 1.512 
 1.512 
 1.512 
 3.495 
 3.495 
 3.495 
 3.495 
 3.495 
 3.495 
 3.495 
 3.495 
 3.495 
 3.495 
 3.495 
 3.495 
 3.495 
 3.495 
 3.495 
 3.495 
 3.495 
 3.495 
 3.495 
 3.395 
 3.395 
 1.412 
 1.412 
 0.165 
 0.165 
 0.317 
 0.317 
 0.317 
 0.317 
 0.317 
 0.317 
 0.317 
 0.317 
 0.317 
 0.317 
 0.317 
 0.317 
 0.317 
 0.317 
 0.317 
 0.317 
 0.317 
 0.499 
 0.499 
 0.499 
 0.347 
 0.347 
 2.403 
 2.403 
 2.403 
 0.362 
 0.362 
 0.362 
 9.361 
 9.361 
 9.361 
 0.362 
 0.362 
 0.362 
 0.362 
 0.362 
 0.362 
 0.362 
 0.362 
 0.18 
 0.18 
 0.18 
 0.18 
 0.18 
 0.18 
 0.18 
 0.18 
 0.18 
 0.18 
 0.18 
 0.18 
 0.18 
 2.236 
 2.236 
 2.236 
 0.18 
 0.18 
 0.18 
 0.18 
 0.357 
 0.357 
 0.18 
 0.18 
 0.18 
 0.18 
 0.18 
 0.18 
 0.18 
 0.18 
 0.18 
 0.18 
 0.18 
 0.367 
 0.367 
 0.19 
 0.19 
 0.19 
 0.19 
 0.19 
 0.19 
 0.19 
 0.19 
 0.19 
 0.19 
 0.19 
 0.352 
 0.352 
 0.175 
 0.175 
 0.175 
 0.175 
 0.175 
 0.175 
 0.175 
 0.175 
 0.175 
 0.175 
 0.327 
 0.504 
 0.504 
 0.822 
 0.822 
 0.837 
 0.837 
 0.837 
 0.27 
 0.27 
 0.27 
 0.27 
 0.23 
 0.23 
 0.23 
 0.23 
 2.286 
 2.286 
 2.286 
 0.23 
 0.078 
 0.078 
 0.078 
 0.078 
 0.078 
 0.078 
 0.078 
 0.078 
 0.078 
 0.078 
 0.078 
 0.078 
 0.078 
 0.078 
 0.078 
 0.078 
 0.078 
 0.078 
 0.078 
 0.078 
 0.078 
 0.26 
 0.3 
 0.26 
 0.26 
 0.26 
 0.26 
 0.26 
 0.25 
 0.25 
 0.25 
 0.25 
 0.25 
 0.25 
 0.25 
 0.25 
 0.25 
 0.25 
 0.25 
 0.25 
 0.25 
 0.25 
 0.25 
 0.068 
 0.068 
 0.053 
 0.053 
 0.053 
 0.053 
 0.053 
 0.053 
 0.068 
 0.068 
 0.068 
 0.068 
 0.068 
 0.068 
 0.068 
 0.068 
 0.068 
 0.068 
 0.068 
 0.068 
 0.068 
 0.068 
 0.068 
 0.068 
 0.068 
 0.068 
 0.068 
 0.068 
 0.068 
 0.068 
 0.068 
 0.068 
 0.068 
 0.068 
 0.068 
 0.068 
 0.068 
 0.068 
 0.068 
 0.068 
 0.068 
 0.068 
 0.068 
 0.068 
 0.068 
 0.068 
 0.068 
 0.068 
 0.068 
 0.068 
 0.25 
 0.445 
 0.445 
 0.445 
 0.445 
 0.445 
 0.445 
 0.445 
 0.445 
 0.597 
 0.597 
 0.597 
 0.597 
 0.597 
 0.607 
 0.607 
 0.607 
 0.607 
 0.592 
 0.592 
 0.592 
 0.592 
 0.41 
 0.41 
 0.41 
 0.41 
 0.41 
 0.41 
 0.41 
 0.258 
 0.258 
 0.258 
 0.258 
 0.258 
 0.258 
 0.258 
 0.258 
 0.258 
 0.258 
 0.258 
 0.258 
 0.258 
 0.258 
 0.258 
 2.416 
 2.416 
 2.416 
 0.36 
 0.36 
 0.36 
 0.36 
 0.36 
 0.36 
 0.36 
 0.36 
 0.36 
 0.36 
 0.36 
 0.36 
 0.36 
 0.36 
 0.36 
 0.36 
 0.202 
 0.202 
 0.202 
 0.384 
 0.384 
 0.384 
 0.384 
 0.384 
 0.384 
 0.384 
 0.384 
 0.384 
 0.384 
 0.384 
 0.384 
 0.536 
 0.536 
 0.536 
 0.536 
 0.536 
 0.536 
 0.536 
 0.536 
 0.536 
 0.526 
 0.344 
 0.364 
 0.374 
 0.374 
 0.374 
 0.374 
 0.374 
 0.474 
 0.474 
 0.374 
 0.222 
 0.222 
 0.222 
 0.222 
 0.222 
 0.222 
 0.277 
 0.277 
 0.237 
 0.237 
 0.237 
 0.337 
 0.337 
 0.337 
 0.337 
 0.337 
 0.337 
 0.337 
 0.337 
 0.377 
 0.437 
 0.437 
 0.467 
 0.467 
 0.527 
 0.567 
 0.407 
 0.407 
 0.407 
 0.407 
 0.407 
 0.407 
 0.407 
 0.367 
 0.367 
 0.589 
 0.689 
 0.689 
 0.689 
 0.689 
 0.729 
 0.729 
 0.729 
 0.729 
 0.729 
 0.729 
 0.729 
 0.729 
 0.729 
 0.729 
 0.729 
 0.729 
 0.729 
 0.729 
 0.761 
 0.761 
 0.761 
 0.579 
 0.579 
 0.579 
 0.579 
 0.579 
 0.479 
 0.479 
 0.479 
 0.469 
 0.454 
 0.454 
 0.454 
 0.414 
 0.414 
 0.514 
 0.514 
 0.514 
 0.514 
 0.514 
 0.514 
 0.514 
 0.514 
 0.514 
 0.514 
 0.514 
 0.514 
 0.514 
 0.514 
 0.482 
 0.482 
 0.482 
 0.584 
 0.584 
 0.584 
 0.584 
 0.584 
 0.584 
 0.544 
 0.514 
 0.514 
 0.514 
 0.514 
 0.514 
 0.514 
 0.514 
 0.514 
 0.696 
 0.696 
 0.696 
 0.696 
 0.696 
 0.696 
 0.696 
 0.696 
 0.746 
 0.802 
 0.802 
 0.802 
 0.802 
 0.802 
 0.802 
 0.902 
 0.802 
 0.802 
 0.802 
 0.802 
 0.802 
 0.802 
 0.63 
 0.63 
 0.63 
 0.63 
 0.63 
 0.63 
 0.578 
 0.618 
 0.578 
 0.578 
 0.578 
 0.518 
 0.518 
 1.484 
 1.484 
 1.444 
 0.518 
 0.518 
 0.498 
 0.498 
 0.498 
 0.498 
 0.542 
 0.542 
 0.542 
 0.542 
 0.542 
 0.542 
 0.542 
 0.497 
 0.497 
 0.497 
 2.553 
 2.553 
 2.553 
 0.497 
 0.497 
 0.497 
 0.397 
 0.397 
 0.397 
 0.397 
 0.397 
 0.397 
 0.397 
 0.297 
 0.297 
 0.297 
 0.297 
 0.297 
 0.297 
 0.297 
 0.479 
 0.479 
 0.579 
 0.679 
 0.835 
 0.895 
 0.739 
 0.739 
 0.739 
 0.739 
 0.639 
 0.639 
 0.639 
 0.893 
 0.893 
 0.893 
 0.893 
 0.893 
 0.893 
 2.949 
 2.889 
 2.919 
 0.641 
 0.641 
 0.641 
 0.641 
 0.502 
 0.502 
 0.502 
 0.442 
 0.442 
 0.402 
 0.402 
 0.25 
 0.35 
 0.35 
 0.25 
 0.25 
 0.25 
 0.25 
 0.25 
 0.25 
 0.25 
 0.29 
 0.29 
 0.29 
 0.29 
 0.29 
 0.29 
 0.25 
 0.25 
 0.21 
 0.21 
 0.21 
 0.21 
 0.21 
 0.21 
 0.21 
 0.21 
 0.21 
 0.21 
 0.21 
 0.21 
 0.21 
 0.21 
 0.25 
 0.25 
 0.25 
 0.25 
 0.25 
 0.25 
 0.25 
 0.25 
 0.25 
 0.25 
 0.25 
 0.25 
 0.25 
 0.25 
 0.25 
 0.402 
 0.402 
 0.417 
 0.417 
 0.315 
 0.355 
 0.355 
 0.385 
 0.485 
 0.345 
 0.405 
 0.465 
 0.465 
 0.465 
 0.465 
 0.405 
 0.445 
 0.405 
 0.405 
 0.405 
 0.253 
 0.313 
 0.413 
 0.413 
 0.473 
 0.473 
 0.373 
 0.373 
 0.433 
 0.473 
 0.473 
 0.373 
 0.313 
 0.313 
 0.253 
 0.253 
 0.253 
 0.253 
 0.253 
 0.253 
 0.053 
 0.053 
 0.053 
 0.053 
 0.053 
 0.053 
 0.053 
 0.053 
 0.235 
 0.235 
 0.235 
 0.235 
 0.235 
 0.235 
 0.235 
 0.235 
 0.235 
 0.235 
 0.235 
 0.235 
 0.235 
 0.235 
 0.235 
 0.235 
 0.235 
 0.235 
 0.235 
 0.235 
 0.235 
 0.235 
 0.053 
 0.053 
 0.053 
 0.053 
 0.053 
 0.053 
 0.205 
 0.205 
 0.205 
 0.205 
 0.205 
 0.205 
 0.205 
 0.205 
 0.205 
 0.205 
 0.205 
 0.205 
 0.205 
 0.205 
 0.205 
 0.205 
 0.205 
 0.205 
 0.205 
 0.205 
 0.053 
 0.053 
 0.053 
 0.053 
 0.053 
 0.053 
 0.053 
 0.053 
 0.053 
 0.053 
 0.053 
 0.053 
 0.053 
 0.053 
 0.053 
 0.053 
 0.053 
 0.053 
 0.053 
 0.053 
 0.053 
 0.053 
 0.053 
 0.053 
 0.053 
 0.053 
 0.053 
 0.053 
 0.053 
 0.053 
 0.053 
 0.053 
 0.053 
 0.053 
 0.053 
 0.053 
 0.053 
 0.053 
 0.053 
 0.053 
 0.053 
 0.053 
 0.053 
 0.205 
 0.205 
 0.205 
 0.205 
 0.205 
 0.205 
 0.387 
 0.387 
 0.387 
 0.387 
 0.387 
 0.387 
 0.387 
 0.387 
 0.387 
 0.387 
 0.387 
 0.387 
 0.387 
 0.387 
 0.235 
 0.235 
 0.235 
 0.235 
 0.235 
 0.235 
 0.235 
 0.235 
 0.053 
 0.053 
 0.053 
 0.053 
 0.053 
 0.053 
 0.053 
 0.053 
 0.053 
 0.053 
 0.053 
 0.053 
 0.053 
 0.053 
 0.053 
 0.053 
 0.053 
 0.053 
 0.053 
 0.053 
 0.053 
 0.053 
 0.053 
 0.053 
 0.053 
 0.053 
 0.053 
 0.053 
 0.053 
 0.053 
 0.053 
 0.053 
 0.053 
 0.053 
 0.053 
 0.053 
 0.205 
 0.205 
 0.205 
 0.205 
 0.205 
 0.205 
 0.205 
 0.205 
 0.205 
 0.205 
 0.205 
 0.205 
 0.205 
 0.205 
 0.205 
 0.205 
 0.205 
 0.205 
 0.205 
 0.205 
 0.053 
 0.053 
 0.053 
 0.235 
 0.235 
 0.235 
 0.235 
 0.235 
 0.235 
 0.235 
 0.235 
 0.235 
 0.235 
 0.235 
 0.235 
 0.235 
 0.235 
 0.235 
 0.235 
 0.235 
 0.235 
 0.235 
 0.235 
 0.235 
 0.235 
 0.053 
 0.053 
 0.053 
 0.053 
 0.053 
 0.053 
 0.053 
 0.053 
 0.053 
 0.053 
 0.053 
 0.053 
