 0.049 
 0.049 
 0.049 
 0.049 
 0.049 
 0.049 
 0.049 
 0.049 
 0.049 
 0.049 
 0.049 
 0.049 
 0.049 
 0.049 
 0.049 
 0.049 
 0.049 
 0.049 
 0.049 
 0.049 
 0.049 
 0.049 
 0.049 
 0.049 
 0.049 
 0.049 
 0.049 
 0.049 
 0.049 
 0.049 
 0.049 
 0.049 
 0.049 
 0.049 
 0.049 
 0.049 
 0.049 
 0.049 
 0.049 
 0.049 
 0.049 
 0.049 
 0.049 
 0.049 
 0.049 
 0.049 
 0.049 
 0.243 
 0.243 
 0.243 
 0.243 
 0.243 
 0.243 
 0.243 
 0.243 
 0.243 
 0.243 
 0.243 
 0.243 
 0.243 
 0.243 
 0.049 
 0.049 
 0.049 
 0.049 
 0.049 
 0.049 
 0.049 
 0.049 
 0.049 
 0.215 
 0.215 
 0.215 
 0.215 
 0.215 
 0.215 
 0.215 
 0.215 
 0.215 
 0.215 
 0.215 
 0.215 
 0.215 
 0.215 
 0.215 
 0.215 
 0.215 
 0.215 
 0.215 
 0.215 
 0.049 
 0.049 
 0.049 
 0.049 
 0.049 
 0.049 
 0.049 
 0.049 
 0.049 
 0.049 
 0.049 
 0.049 
 0.049 
 0.049 
 0.049 
 0.049 
 0.049 
 0.049 
 0.049 
 0.049 
 0.049 
 0.049 
 0.049 
 0.049 
 0.049 
 0.049 
 0.049 
 0.049 
 0.049 
 0.049 
 0.049 
 0.049 
 0.049 
 0.049 
 0.049 
 0.049 
 0.049 
 0.049 
 0.049 
 0.049 
 0.049 
 0.049 
 0.049 
 0.049 
 0.243 
 0.243 
 0.243 
 0.243 
 0.243 
 0.243 
 0.243 
 0.243 
 0.243 
 0.243 
 0.243 
 0.243 
 0.409 
 0.409 
 0.215 
 0.215 
 0.215 
 0.215 
 0.215 
 0.215 
 0.215 
 0.215 
 0.215 
 0.215 
 0.215 
 0.215 
 0.215 
 0.215 
 0.215 
 0.215 
 0.215 
 0.215 
 0.049 
 0.049 
 0.049 
 0.049 
 0.049 
 0.049 
 0.049 
 0.049 
 0.049 
 0.049 
 0.049 
 0.049 
 0.049 
 0.049 
 0.049 
 0.049 
 0.049 
 0.049 
 0.049 
 0.049 
 0.049 
 0.049 
 0.049 
 0.049 
 0.049 
 0.049 
 0.049 
 0.049 
 0.049 
 0.049 
 0.049 
 0.049 
 0.049 
 0.049 
 0.049 
 0.049 
 0.049 
 0.049 
 0.049 
 0.049 
 0.049 
 0.049 
 0.049 
 0.049 
 0.049 
 0.049 
 0.049 
 0.049 
 0.049 
 0.049 
 0.049 
 0.049 
 0.049 
 0.049 
 0.049 
 0.049 
 0.049 
 0.049 
 0.049 
 0.049 
 0.243 
 0.243 
 0.243 
 0.243 
 0.243 
 0.243 
 0.243 
 0.243 
 0.243 
 0.243 
 0.243 
 0.243 
 0.243 
 0.243 
 0.049 
 0.049 
 0.049 
 0.049 
 0.049 
 0.049 
 0.049 
 0.049 
 0.049 
 0.049 
 0.049 
 0.049 
 0.049 
 0.049 
 0.049 
 0.049 
 0.049 
 0.049 
 0.049 
 0.049 
 0.049 
 0.049 
 0.049 
 0.049 
 0.049 
 0.049 
 0.049 
 0.049 
 0.049 
 0.049 
 0.049 
 0.049 
 0.049 
 0.049 
 0.049 
 0.049 
 0.049 
 0.049 
 0.215 
 0.215 
 0.215 
 0.215 
 0.215 
 0.215 
 0.215 
 0.215 
 0.215 
 0.215 
 0.215 
 0.215 
 0.215 
 0.215 
 0.215 
 0.215 
 0.215 
 0.215 
 0.215 
 0.409 
 0.243 
 0.243 
 0.243 
 0.243 
 0.243 
 0.243 
 0.243 
 0.243 
 0.243 
 0.243 
 0.243 
 0.243 
 0.243 
 0.049 
 0.049 
 0.049 
 0.049 
 0.049 
 0.049 
 0.049 
 0.049 
 0.049 
 0.049 
 0.049 
 0.049 
 0.049 
 0.049 
 0.049 
 0.049 
 0.049 
 0.049 
 0.049 
 0.049 
 0.049 
 0.049 
 0.049 
 0.049 
 0.049 
 0.049 
 0.049 
 0.049 
 0.049 
 0.049 
 0.049 
 0.049 
 0.049 
 0.049 
 0.049 
 0.049 
 0.049 
 0.049 
 0.049 
 0.049 
 0.049 
 0.049 
 0.049 
 0.049 
 0.049 
 0.049 
 0.049 
 0.049 
 0.049 
 0.049 
 0.049 
 0.049 
 0.049 
 0.08 
 0.08 
 0.08 
 0.08 
 0.08 
 0.08 
 0.135 
 0.135 
 0.329 
 0.329 
 0.329 
 0.329 
 0.329 
 0.341 
 0.341 
 0.341 
 0.341 
 0.341 
 0.341 
 0.341 
 0.341 
 0.341 
 0.147 
 0.16 
 0.16 
 0.16 
 0.16 
 0.16 
 0.2 
 0.2 
 0.2 
 0.2 
 0.105 
 0.205 
 0.205 
 0.205 
 0.265 
 0.265 
 0.205 
 0.205 
 0.205 
 0.26 
 2.752 
 2.752 
 2.752 
 2.752 
 2.752 
 0.26 
 2.597 
 2.597 
 2.657 
 2.657 
 2.657 
 0.165 
 0.165 
 0.105 
 0.105 
 0.16 
 0.16 
 0.16 
 0.16 
 0.16 
 0.16 
 0.16 
 0.16 
 0.326 
 0.326 
 0.326 
 0.326 
 0.386 
 0.446 
 2.878 
 2.878 
 2.887 
 2.887 
 2.887 
 0.395 
 0.395 
 0.395 
 0.395 
 0.395 
 0.395 
 0.383 
 0.383 
 0.323 
 0.157 
 0.049 
 0.049 
 0.049 
 0.243 
 0.243 
 0.243 
 0.243 
 0.243 
 0.243 
 0.243 
 0.256 
 0.256 
 0.256 
 0.256 
 0.256 
 0.376 
 0.764 
 0.57 
 0.661 
 0.661 
 0.56 
 0.56 
 0.56 
 0.56 
 0.56 
 0.56 
 0.56 
 0.56 
 3.052 
 3.052 
 0.049 
 0.049 
 0.049 
 0.049 
 0.049 
 0.049 
 0.049 
 0.049 
 0.049 
 0.049 
 0.049 
 0.049 
 0.215 
 0.215 
 0.215 
 0.215 
 0.215 
 0.215 
 0.215 
 0.215 
 0.215 
 0.215 
 0.215 
 0.215 
 0.215 
 0.215 
 0.215 
 0.215 
 0.215 
 0.215 
 0.215 
 0.215 
 0.049 
 0.049 
 0.049 
 0.049 
 0.049 
 0.049 
 0.049 
 0.049 
 0.049 
 0.049 
 0.049 
 0.049 
 0.049 
 0.049 
 0.049 
 0.049 
 0.049 
 0.049 
 0.049 
 0.049 
 0.049 
 0.049 
 0.049 
 0.049 
 0.049 
 0.049 
 0.049 
 0.049 
 0.049 
 0.049 
 0.243 
 0.243 
 0.243 
 0.243 
 0.243 
 0.243 
 0.243 
 0.243 
 0.243 
 0.243 
 0.243 
 0.243 
 0.243 
 0.243 
 0.049 
 0.049 
 0.049 
 0.049 
 0.049 
 0.049 
 0.049 
 0.049 
 0.215 
 0.215 
 0.215 
 0.215 
 0.215 
 0.215 
 0.215 
 0.215 
 0.215 
 0.215 
 0.215 
 0.215 
 0.215 
 0.215 
 0.215 
 0.215 
 0.215 
 0.215 
 0.215 
 0.215 
 0.049 
 0.049 
 0.049 
 0.049 
 0.049 
 0.049 
 0.049 
 0.049 
 0.049 
 0.049 
 0.049 
 0.049 
 0.049 
 0.049 
 0.049 
 0.049 
 0.049 
 0.049 
 0.049 
 0.049 
 0.049 
 0.049 
 0.049 
 0.049 
 0.049 
 0.049 
 0.049 
 0.049 
 0.049 
 0.049 
 0.049 
 0.049 
 0.049 
 0.049 
 0.049 
 0.049 
 2.572 
 2.766 
 2.766 
 0.274 
 2.766 
 2.766 
 2.766 
 2.766 
 2.766 
 0.274 
 0.274 
 0.274 
 0.274 
 0.274 
 0.274 
 0.08 
 0.08 
 0.08 
 0.08 
 0.08 
 0.08 
 0.246 
 0.246 
 0.246 
 0.246 
 0.246 
 0.246 
 0.246 
 0.246 
 0.246 
 0.246 
 0.246 
 0.246 
 0.246 
 0.246 
 0.246 
 0.246 
 0.246 
 0.246 
 0.246 
 0.246 
 0.959 
 0.959 
 0.959 
 0.08 
 0.08 
 0.08 
 0.08 
 0.08 
 0.08 
 0.08 
 0.14 
 0.14 
 0.14 
 0.14 
 0.08 
 0.08 
 0.08 
 0.08 
 0.08 
 0.08 
 0.049 
 0.049 
 0.049 
 0.049 
 0.049 
 0.049 
 0.049 
 0.049 
 0.049 
 0.164 
 0.164 
 0.164 
 0.164 
 0.164 
 0.164 
 0.164 
 0.164 
 0.164 
 0.164 
 0.164 
 0.164 
 0.164 
 0.164 
 0.358 
 0.358 
 0.358 
 0.358 
 0.358 
 0.358 
 0.358 
 0.243 
 0.243 
 0.243 
 0.243 
 0.243 
 0.243 
 0.243 
 0.049 
 0.049 
 0.049 
 0.049 
 0.049 
 0.049 
 0.049 
 0.049 
 0.049 
 2.541 
 2.541 
 2.541 
 2.541 
 2.541 
 0.049 
 0.049 
 0.049 
 0.049 
 0.049 
 0.049 
 0.049 
 0.049 
 0.049 
 0.049 
 0.049 
 0.215 
 0.215 
 0.215 
 0.215 
 0.215 
 0.215 
 0.215 
 2.56 
 2.56 
 2.56 
 2.56 
 2.56 
 2.56 
 2.56 
 2.56 
 2.56 
 2.56 
 2.56 
 2.56 
 2.56 
 2.394 
 2.407 
 2.438 
 0.093 
 0.093 
 0.093 
 0.093 
 0.093 
 0.093 
 0.093 
 0.093 
 0.093 
 0.093 
 0.093 
 0.093 
 0.093 
 0.093 
 0.049 
 0.049 
 0.243 
 0.243 
 0.243 
 0.243 
 0.243 
 0.243 
 0.243 
 0.243 
 0.243 
 0.243 
 0.243 
 0.243 
 0.243 
 0.243 
 0.049 
 0.049 
 0.049 
 0.049 
 0.049 
 0.049 
 0.049 
 0.049 
 0.049 
 0.049 
 0.049 
 0.049 
 0.049 
 0.049 
 0.049 
 0.049 
 0.049 
 0.049 
 0.049 
 0.049 
 0.049 
 0.049 
 0.215 
 0.215 
 0.215 
 0.215 
 0.215 
 0.215 
 0.215 
 0.215 
 0.215 
 0.215 
 0.215 
 0.215 
 0.215 
 0.215 
 0.215 
 0.215 
 0.215 
 0.215 
 0.215 
 0.215 
 0.049 
 0.049 
 0.049 
 0.049 
 0.049 
 0.049 
 0.049 
 0.049 
 0.049 
 0.049 
 0.049 
 0.049 
 0.049 
 0.049 
 0.049 
 0.049 
 0.049 
 0.049 
 0.243 
 0.243 
 0.243 
 0.243 
 0.243 
 0.243 
 0.243 
 0.243 
 0.243 
 0.243 
 0.243 
 0.243 
 0.243 
 0.243 
 0.049 
 0.049 
 0.049 
 0.049 
 0.049 
 0.049 
 0.049 
 0.049 
 0.049 
 0.049 
 0.049 
 0.049 
 0.049 
 0.049 
 0.049 
 0.049 
 0.049 
 0.049 
 0.049 
 0.049 
 0.049 
 0.049 
 0.049 
 0.049 
 0.049 
 0.049 
 0.049 
 0.049 
 0.049 
 0.049 
 0.215 
 0.215 
 0.215 
 0.215 
 0.215 
 0.215 
 0.215 
 0.215 
 0.215 
 0.215 
 0.215 
 0.215 
 0.215 
 0.215 
 0.215 
 0.215 
 0.215 
 0.215 
 0.215 
 0.215 
 0.049 
 0.049 
 0.049 
 0.049 
 0.049 
 0.049 
 0.049 
 0.049 
 0.049 
 0.049 
 0.049 
 0.049 
 0.049 
 0.049 
 0.049 
 0.049 
 0.049 
 0.049 
 0.243 
 0.243 
 0.243 
 0.243 
 0.243 
 0.243 
 0.243 
 0.243 
 0.243 
 0.243 
 0.243 
 0.243 
 0.243 
 0.243 
 0.049 
 0.049 
 0.049 
 0.049 
 0.049 
 0.049 
 0.049 
 0.049 
 0.049 
 0.049 
 0.049 
 0.049 
 0.215 
 0.215 
 0.215 
 0.215 
 0.215 
 0.215 
 0.215 
 0.215 
 0.215 
 0.215 
 0.215 
 0.215 
 0.215 
 0.215 
 0.215 
 0.215 
 0.215 
 0.215 
 0.215 
 0.215 
 0.049 
 0.049 
 0.049 
 0.049 
 0.049 
 0.049 
 0.049 
 0.049 
 0.049 
 0.049 
 0.049 
 0.049 
 0.049 
 0.049 
 0.049 
 0.049 
 0.049 
 0.049 
 0.049 
 0.049 
 0.049 
 0.049 
 0.049 
 0.049 
 0.049 
 0.049 
 0.049 
 0.049 
 0.049 
 0.049 
 0.049 
 0.049 
 0.049 
 0.049 
 0.049 
 0.049 
 0.049 
 0.049 
 0.049 
 0.049 
 0.049 
 0.049 
 0.243 
 0.243 
 0.243 
 0.243 
 0.243 
 0.243 
 0.243 
 0.243 
 0.243 
 0.243 
 0.409 
 0.409 
 0.409 
 0.409 
 0.215 
 0.215 
 0.215 
 0.215 
 0.215 
 0.215 
 0.215 
 0.215 
 0.215 
 0.215 
 0.215 
 0.215 
 0.215 
 0.215 
 0.215 
 0.215 
 0.049 
 0.049 
 0.049 
 0.049 
 0.049 
 0.049 
 0.049 
 0.049 
 0.049 
 0.049 
 0.049 
 0.049 
 0.049 
 0.049 
 0.049 
 0.049 
 0.049 
 0.049 
 0.049 
 0.049 
 0.049 
 0.049 
 0.049 
 0.049 
 0.049 
 0.049 
 0.049 
 0.049 
 0.049 
 0.049 
 0.049 
 0.049 
 0.049 
 0.049 
 0.049 
 0.049 
 0.049 
 0.049 
 0.049 
 0.049 
 0.049 
 0.049 
 0.049 
 0.049 
 0.049 
 0.049 
 0.049 
 0.049 
 0.049 
 0.049 
 0.049 
 0.243 
 0.243 
 0.243 
 0.243 
 0.243 
 0.243 
 0.243 
 0.409 
 0.409 
 0.409 
 0.409 
 0.409 
 0.409 
 0.409 
 0.215 
 0.215 
 0.215 
 0.215 
 0.215 
 0.215 
 0.215 
 0.215 
 0.215 
 0.215 
 0.215 
 0.215 
 0.215 
 0.049 
 0.049 
 0.049 
 0.049 
 0.049 
 0.049 
 0.093 
 0.093 
 0.093 
 2.585 
 2.585 
 2.645 
 2.645 
 2.585 
 0.093 
 0.093 
 0.093 
 0.093 
 0.093 
 0.093 
 0.208 
 0.208 
 0.208 
 0.208 
 0.208 
 0.208 
 0.208 
 0.208 
 0.208 
 0.508 
 0.623 
 0.623 
 0.568 
 0.328 
 0.368 
 0.368 
 0.368 
 0.308 
 0.308 
 0.308 
 0.308 
 0.308 
 0.474 
 0.509 
 0.474 
 0.474 
 0.486 
 0.486 
 0.486 
 0.486 
 0.486 
 0.541 
 0.541 
 0.601 
 0.601 
 0.901 
 0.929 
 9.685 
 9.685 
 9.333 
 0.577 
 0.577 
 0.605 
 3.144 
 3.125 
 3.125 
 3.13 
 3.13 
 0.638 
 0.578 
 0.566 
 0.506 
 3.011 
 3.066 
 3.066 
 3.038 
 2.844 
 0.352 
 0.352 
 0.352 
 0.392 
 0.392 
 0.392 
 0.392 
 0.392 
 0.392 
 0.392 
 0.392 
 0.392 
 0.392 
 0.392 
 0.392 
 2.884 
 2.884 
 2.915 
 2.915 
 2.915 
 0.308 
 0.308 
 0.423 
 0.423 
 0.423 
 0.423 
 0.423 
 0.423 
 0.423 
 0.368 
 0.368 
 0.368 
 0.423 
 0.423 
 0.423 
 0.458 
 0.458 
 0.458 
 0.458 
 0.458 
 0.398 
 0.398 
 0.398 
 0.398 
 0.41 
 0.355 
 0.355 
 0.355 
 0.355 
 0.355 
 0.343 
 0.343 
 0.403 
 0.415 
 0.355 
 0.355 
 0.355 
 0.355 
 0.41 
 0.41 
 0.41 
 0.41 
 0.41 
 0.41 
 2.902 
 2.902 
 2.902 
 2.902 
 2.889 
 0.397 
 0.697 
 0.697 
 0.397 
 0.397 
 2.889 
 2.949 
 3.143 
 3.143 
 3.183 
 0.636 
 0.536 
 0.536 
 0.421 
 0.456 
 0.525 
 0.525 
 0.525 
 0.49 
 0.43 
 0.43 
 0.196 
 0.196 
 0.196 
 0.362 
 0.362 
 0.474 
 0.474 
 0.534 
 0.534 
 0.534 
 0.534 
 0.534 
 0.534 
 0.534 
 0.534 
 0.474 
 0.474 
 0.434 
 0.434 
 0.474 
 0.474 
 0.434 
 0.734 
 0.568 
 0.268 
 0.268 
 0.308 
 2.8 
 2.8 
 2.8 
 2.8 
 2.8 
 0.308 
 0.308 
 0.308 
 2.355 
 2.383 
 2.683 
 5.175 
 4.875 
 4.875 
 4.935 
 4.935 
 4.935 
 4.935 
 4.935 
 4.935 
 4.975 
 2.483 
 2.483 
 2.483 
 2.355 
 2.355 
 2.315 
 2.37 
 2.315 
 2.315 
 2.315 
 2.315 
 2.315 
 2.509 
 2.509 
 0.462 
 0.462 
 0.462 
 0.462 
 0.462 
 0.628 
 0.628 
 0.628 
 0.628 
 0.628 
 0.668 
 0.668 
 0.474 
 0.474 
 0.474 
 0.534 
 0.534 
 0.534 
 0.474 
 0.474 
 0.474 
 0.462 
 0.462 
 0.462 
 0.462 
 0.296 
 0.356 
 0.356 
 0.376 
 0.376 
 0.376 
 0.376 
 0.376 
 0.376 
 0.376 
 0.376 
 0.376 
 0.376 
 0.376 
 0.496 
 0.496 
 0.407 
 0.407 
 0.822 
 0.822 
 0.762 
 0.762 
 0.742 
 0.742 
 0.442 
 0.442 
 0.442 
 0.442 
 0.442 
 0.455 
 0.395 
 0.28 
 0.28 
 0.28 
 0.28 
 0.28 
 0.28 
 0.34 
 0.34 
 0.28 
 0.28 
 0.24 
 0.228 
 0.228 
 0.228 
 0.228 
 0.228 
 0.228 
 0.288 
 0.288 
 0.308 
 0.534 
