 0.047 
 0.047 
 0.047 
 0.047 
 0.047 
 0.047 
 0.047 
 0.047 
 0.047 
 0.047 
 0.047 
 0.047 
 0.047 
 0.047 
 0.047 
 0.047 
 0.047 
 0.047 
 0.047 
 0.047 
 0.047 
 0.047 
 0.047 
 0.047 
 0.047 
 0.047 
 0.047 
 0.047 
 0.047 
 0.047 
 0.047 
 0.047 
 0.047 
 0.047 
 0.047 
 0.047 
 0.047 
 0.047 
 0.047 
 0.047 
 0.047 
 0.047 
 0.047 
 0.047 
 0.047 
 0.047 
 0.047 
 0.047 
 0.047 
 0.047 
 0.047 
 0.047 
 0.047 
 0.047 
 0.047 
 0.047 
 0.047 
 0.047 
 0.047 
 0.047 
 0.047 
 0.047 
 0.047 
 0.047 
 0.047 
 0.047 
 0.047 
 0.047 
 0.047 
 0.047 
 0.047 
 0.047 
 0.249 
 0.249 
 0.249 
 0.249 
 0.249 
 0.249 
 0.249 
 0.249 
 0.249 
 0.249 
 0.249 
 0.249 
 0.249 
 0.249 
 0.249 
 0.249 
 0.249 
 0.249 
 0.249 
 0.249 
 0.249 
 0.365 
 0.163 
 0.163 
 0.163 
 0.163 
 0.163 
 0.163 
 0.163 
 0.163 
 0.163 
 0.163 
 0.163 
 0.163 
 0.163 
 0.163 
 0.163 
 0.163 
 0.163 
 0.047 
 0.047 
 0.047 
 0.047 
 0.047 
 0.047 
 0.047 
 0.047 
 0.047 
 0.047 
 0.047 
 0.047 
 0.047 
 0.047 
 0.047 
 0.047 
 0.047 
 0.047 
 0.047 
 0.047 
 0.047 
 0.047 
 0.047 
 0.047 
 0.047 
 0.047 
 0.047 
 0.047 
 0.047 
 0.047 
 0.047 
 0.047 
 0.047 
 0.047 
 0.047 
 0.047 
 0.047 
 0.047 
 0.047 
 0.047 
 0.047 
 0.047 
 0.047 
 0.047 
 0.047 
 0.047 
 0.047 
 0.047 
 0.163 
 0.163 
 0.163 
 0.163 
 0.163 
 0.163 
 0.163 
 0.163 
 0.163 
 0.163 
 0.163 
 0.163 
 0.163 
 0.163 
 0.163 
 0.163 
 0.163 
 0.365 
 0.249 
 0.249 
 0.249 
 0.249 
 0.249 
 0.249 
 0.249 
 0.249 
 0.249 
 0.249 
 0.249 
 0.249 
 0.249 
 0.249 
 0.249 
 0.249 
 0.249 
 0.249 
 0.249 
 0.249 
 0.249 
 0.047 
 0.047 
 0.047 
 0.047 
 0.047 
 0.047 
 0.047 
 0.047 
 0.047 
 0.047 
 0.047 
 0.047 
 0.047 
 0.047 
 0.047 
 0.047 
 0.047 
 0.047 
 0.047 
 0.163 
 0.163 
 0.163 
 0.163 
 0.163 
 0.163 
 0.163 
 0.163 
 0.163 
 0.163 
 0.163 
 0.163 
 0.163 
 0.163 
 0.163 
 0.163 
 0.163 
 0.163 
 0.047 
 0.047 
 0.047 
 0.047 
 0.047 
 0.047 
 0.047 
 0.047 
 0.047 
 0.249 
 0.249 
 0.249 
 0.249 
 0.249 
 0.249 
 0.249 
 0.249 
 0.249 
 0.249 
 0.249 
 0.249 
 0.249 
 0.249 
 0.249 
 0.249 
 0.249 
 0.249 
 0.249 
 0.249 
 0.249 
 0.249 
 0.047 
 0.047 
 0.047 
 0.047 
 0.047 
 0.047 
 0.047 
 0.047 
 0.047 
 0.047 
 0.047 
 0.047 
 0.047 
 0.047 
 0.047 
 0.047 
 0.047 
 0.047 
 0.047 
 0.047 
 0.047 
 0.047 
 0.047 
 0.047 
 0.047 
 0.047 
 0.047 
 0.047 
 0.047 
 0.047 
 0.047 
 0.047 
 0.047 
 0.047 
 0.163 
 0.163 
 0.163 
 0.163 
 0.163 
 0.163 
 0.163 
 0.163 
 0.163 
 0.163 
 0.163 
 0.163 
 0.163 
 0.163 
 0.365 
 0.365 
 0.365 
 0.365 
 0.249 
 0.249 
 0.249 
 0.249 
 0.249 
 0.249 
 0.249 
 0.249 
 0.249 
 0.249 
 0.249 
 0.249 
 0.249 
 0.249 
 0.249 
 0.249 
 0.249 
 0.249 
 0.047 
 0.047 
 0.047 
 0.047 
 0.047 
 0.047 
 0.047 
 0.047 
 0.047 
 0.047 
 0.047 
 0.047 
 0.047 
 0.047 
 0.047 
 0.047 
 0.047 
 0.047 
 0.047 
 0.047 
 0.047 
 0.047 
 0.047 
 0.047 
 0.047 
 0.163 
 0.163 
 0.163 
 0.163 
 0.163 
 0.163 
 0.163 
 0.163 
 0.163 
 0.163 
 0.163 
 0.163 
 0.163 
 0.163 
 0.163 
 0.163 
 0.163 
 0.163 
 0.047 
 0.047 
 0.047 
 0.047 
 0.047 
 0.047 
 0.047 
 0.047 
 0.047 
 0.047 
 0.249 
 0.249 
 0.249 
 0.249 
 0.249 
 0.249 
 0.249 
 0.249 
 0.249 
 0.249 
 0.249 
 0.249 
 0.249 
 0.549 
 0.549 
 0.549 
 0.549 
 0.609 
 0.549 
 0.549 
 0.249 
 0.249 
 0.047 
 0.047 
 0.047 
 0.047 
 0.047 
 0.047 
 0.107 
 0.107 
 0.047 
 0.047 
 0.107 
 0.107 
 0.107 
 0.047 
 0.047 
 0.047 
 0.047 
 0.047 
 0.047 
 0.047 
 0.059 
 0.059 
 0.059 
 0.059 
 0.059 
 0.059 
 0.099 
 0.099 
 0.087 
 0.182 
 0.182 
 0.182 
 0.182 
 0.182 
 0.202 
 0.202 
 0.202 
 0.202 
 0.202 
 0.202 
 0.142 
 0.142 
 0.142 
 0.142 
 0.142 
 0.442 
 0.442 
 0.442 
 0.382 
 0.382 
 0.382 
 0.382 
 0.498 
 0.498 
 0.7 
 0.7 
 0.76 
 0.76 
 0.76 
 0.76 
 0.82 
 0.82 
 0.82 
 0.82 
 0.785 
 0.845 
 0.845 
 0.785 
 0.785 
 0.785 
 0.669 
 0.669 
 0.729 
 0.669 
 0.669 
 0.669 
 0.467 
 0.467 
 0.467 
 0.467 
 0.467 
 0.467 
 0.467 
 0.467 
 0.467 
 0.467 
 0.467 
 0.467 
 0.467 
 2.619 
 2.619 
 2.619 
 0.467 
 0.467 
 0.467 
 0.467 
 0.467 
 0.467 
 0.467 
 0.467 
 0.487 
 0.467 
 0.467 
 0.467 
 0.407 
 0.407 
 0.407 
 0.407 
 0.407 
 0.407 
 0.407 
 0.467 
 0.467 
 0.467 
 0.62 
 0.62 
 0.32 
 0.32 
 0.32 
 0.163 
 0.163 
 0.163 
 0.163 
 0.163 
 0.163 
 0.163 
 0.163 
 0.163 
 0.163 
 0.163 
 0.163 
 0.163 
 0.047 
 0.249 
 0.249 
 0.249 
 0.249 
 0.249 
 0.249 
 0.249 
 0.249 
 0.249 
 0.249 
 0.249 
 0.249 
 0.249 
 0.249 
 0.249 
 0.249 
 0.249 
 0.249 
 0.249 
 0.249 
 0.249 
 0.249 
 0.047 
 0.047 
 0.047 
 0.047 
 0.047 
 0.047 
 0.047 
 0.047 
 0.047 
 0.047 
 0.047 
 0.047 
 0.047 
 0.047 
 0.047 
 0.163 
 0.163 
 0.163 
 0.163 
 0.163 
 0.163 
 0.163 
 0.163 
 0.163 
 0.163 
 0.163 
 0.163 
 0.163 
 0.163 
 0.163 
 0.163 
 0.163 
 0.163 
 0.047 
 0.047 
 0.047 
 0.047 
 0.047 
 0.047 
 0.047 
 0.047 
 0.047 
 0.047 
 0.047 
 0.047 
 0.047 
 0.047 
 0.047 
 0.047 
 0.047 
 0.047 
 0.047 
 0.047 
 0.249 
 0.249 
 0.249 
 0.249 
 0.249 
 0.249 
 0.249 
 0.249 
 0.249 
 0.249 
 0.249 
 0.249 
 0.249 
 0.249 
 0.249 
 0.249 
 0.249 
 0.249 
 0.249 
 0.249 
 0.249 
 0.249 
 0.047 
 0.047 
 0.047 
 0.047 
 0.047 
 0.047 
 0.047 
 0.047 
 0.047 
 0.163 
 0.163 
 0.163 
 0.163 
 0.163 
 0.163 
 0.163 
 0.163 
 0.163 
 0.163 
 0.163 
 0.163 
 0.163 
 0.163 
 0.163 
 0.163 
 0.163 
 0.163 
 0.047 
 0.047 
 0.047 
 0.047 
 0.047 
 0.047 
 0.047 
 0.047 
 0.047 
 0.047 
 0.047 
 0.047 
 0.047 
 0.047 
 0.047 
 0.047 
 0.047 
 0.047 
 0.047 
 0.047 
 0.047 
 0.047 
 0.047 
 0.047 
 0.047 
 0.047 
 0.047 
 0.047 
 0.047 
 0.047 
 0.047 
 0.047 
 0.047 
 0.047 
 0.047 
 0.047 
 0.047 
 0.047 
 0.047 
 0.047 
 0.047 
 0.047 
 0.047 
 0.047 
 0.047 
 0.047 
 0.047 
 0.047 
 0.047 
 0.249 
 0.249 
 0.249 
 0.249 
 0.249 
 0.249 
 0.249 
 0.249 
 0.249 
 0.249 
 0.249 
 0.249 
 0.249 
 0.249 
 0.249 
 0.249 
 0.249 
 0.249 
 0.249 
 0.249 
 0.249 
 0.249 
 0.047 
 0.047 
 0.047 
 0.047 
 0.047 
 0.047 
 0.163 
 0.163 
 0.163 
 0.163 
 0.163 
 0.163 
 0.163 
 0.163 
 0.163 
 0.163 
 0.163 
 0.163 
 0.163 
 0.163 
 0.163 
 0.163 
 0.163 
 0.163 
 0.047 
 0.047 
 0.047 
 0.047 
 0.047 
 0.047 
 0.047 
 0.047 
 0.047 
 0.047 
 0.047 
 0.047 
 0.047 
 0.047 
 0.047 
 0.047 
 0.047 
 0.047 
 0.047 
 0.047 
 0.047 
 0.047 
 0.047 
 0.047 
 0.047 
 0.047 
 0.047 
 0.047 
 0.047 
 0.047 
 0.047 
 0.047 
 0.047 
 0.047 
 0.047 
 0.047 
 0.047 
 0.047 
 0.047 
 0.047 
 0.047 
 0.047 
 0.047 
 0.047 
 0.047 
 0.047 
 0.047 
 0.047 
 0.047 
 0.047 
 0.047 
 0.047 
 0.047 
 0.047 
 0.047 
 0.047 
 0.047 
 0.047 
 0.047 
 0.249 
 0.249 
 0.249 
 0.249 
 0.249 
 0.249 
 0.249 
 0.249 
 0.249 
 0.249 
 0.249 
 0.249 
 0.249 
 0.249 
 0.249 
 0.365 
 0.365 
 0.365 
 0.365 
 0.365 
 0.365 
 0.365 
 0.163 
 0.163 
 0.163 
 0.163 
 0.163 
 0.163 
 0.2 
 0.2 
 0.2 
 0.2 
 0.2 
 0.084 
 0.084 
 0.084 
 0.084 
 0.084 
 0.097 
 0.097 
 0.097 
 0.097 
 0.097 
 0.097 
 0.097 
 0.097 
 0.097 
 0.097 
 0.097 
 0.097 
 0.097 
 0.097 
 0.097 
 0.097 
 0.097 
 0.097 
 0.097 
 0.097 
 0.097 
 0.097 
 0.097 
 0.097 
 0.097 
 0.097 
 0.097 
 0.097 
 0.097 
 0.097 
 0.097 
 0.097 
 0.097 
 0.097 
 0.097 
 0.097 
 0.097 
 0.097 
 0.097 
 0.097 
 0.097 
 0.097 
 0.097 
 0.097 
 0.097 
 0.097 
 0.299 
 0.299 
 0.299 
 0.299 
 0.299 
 0.299 
 0.299 
 0.299 
 0.299 
 0.299 
 0.299 
 0.299 
 0.262 
 0.262 
 0.262 
 0.262 
 0.262 
 0.262 
 0.378 
 0.378 
 0.378 
 0.378 
 0.176 
 0.176 
 0.176 
 0.176 
 0.176 
 0.163 
 0.163 
 0.163 
 0.163 
 0.163 
 0.163 
 0.163 
 0.163 
 0.163 
 0.047 
 0.047 
 0.047 
 0.047 
 0.047 
 0.047 
 0.047 
 0.084 
 0.047 
 0.047 
 0.047 
 0.047 
 0.047 
 0.047 
 0.047 
 0.047 
 0.047 
 0.047 
 0.047 
 0.047 
 0.047 
 0.047 
 0.047 
 0.047 
 0.047 
 0.047 
 0.047 
 0.047 
 0.047 
 0.047 
 0.047 
 0.047 
 0.047 
 0.047 
 0.047 
 0.047 
 0.047 
 0.047 
 0.047 
 0.047 
 0.047 
 0.047 
 0.047 
 0.047 
 0.047 
 0.047 
 0.047 
 0.047 
 0.163 
 0.163 
 0.163 
 0.163 
 0.163 
 0.163 
 0.163 
 0.163 
 0.163 
 0.163 
 0.163 
 0.163 
 0.163 
 0.163 
 0.163 
 0.163 
 0.163 
 0.163 
 0.047 
 0.047 
 0.047 
 0.047 
 0.047 
 0.047 
 0.047 
 0.047 
 0.047 
 0.047 
 0.047 
 0.047 
 0.047 
 0.047 
 0.047 
 0.047 
 0.047 
 0.047 
 0.047 
 0.047 
 0.047 
 0.047 
 0.047 
 0.047 
 0.047 
 0.047 
 0.047 
 0.047 
 0.047 
 0.047 
 0.047 
 0.047 
 0.084 
 0.084 
 0.084 
 0.084 
 0.084 
 0.084 
 0.286 
 0.326 
 0.326 
 0.326 
 0.326 
 0.326 
 0.326 
 0.326 
 0.326 
 0.286 
 0.286 
 0.286 
 0.286 
 0.286 
 0.249 
 0.249 
 0.249 
 0.249 
 0.249 
 0.249 
 0.249 
 0.249 
 0.047 
 0.047 
 0.047 
 0.047 
 0.047 
 0.047 
 0.047 
 0.047 
 0.047 
 0.047 
 0.047 
 0.047 
 0.047 
 0.047 
 0.047 
 0.047 
 0.047 
 0.047 
 0.047 
 0.047 
 0.047 
 0.047 
 0.047 
 0.047 
 0.047 
 0.047 
 0.047 
 0.047 
 0.047 
 0.047 
 0.047 
 0.047 
 0.047 
 0.047 
 0.047 
 0.047 
 0.047 
 0.047 
 0.047 
 0.047 
 0.047 
 0.047 
 0.047 
 0.047 
 0.047 
 0.047 
 0.047 
 0.047 
 0.047 
 0.047 
 0.047 
 0.047 
 0.047 
 0.047 
 0.047 
 0.047 
 0.047 
 0.047 
 0.047 
 0.047 
 0.047 
 0.047 
 0.084 
 0.084 
 0.084 
 0.084 
 0.084 
 0.084 
 0.184 
 0.184 
 0.335 
 0.335 
 0.335 
 0.335 
 0.335 
 0.395 
 0.395 
 0.395 
 0.395 
 0.395 
 0.455 
 0.455 
 0.455 
 0.455 
 0.455 
 0.415 
 0.415 
 0.475 
 0.359 
 0.359 
 0.299 
 0.299 
 0.299 
 0.204 
 0.204 
 0.204 
 0.204 
 0.204 
 0.216 
 0.256 
 0.398 
 0.536 
 0.571 
 0.631 
 0.916 
 0.876 
 0.841 
 0.841 
 0.57 
 0.63 
 0.63 
 0.63 
 0.57 
 0.57 
 0.593 
 0.593 
 0.593 
 0.593 
 0.593 
 0.833 
 0.833 
 0.833 
 0.631 
 0.619 
 0.259 
 0.259 
 0.259 
 0.259 
 0.375 
 0.375 
 0.41 
 0.41 
 0.163 
 0.163 
 0.163 
 0.163 
 0.163 
 0.163 
 0.163 
 0.163 
 0.163 
 0.163 
 0.163 
 0.163 
 0.163 
 0.163 
 0.047 
 0.047 
 0.047 
 0.047 
 0.047 
 0.047 
 0.047 
 0.047 
 0.047 
 0.047 
 0.047 
 0.047 
 0.047 
 0.047 
 0.047 
 0.047 
 0.047 
 0.047 
 0.047 
 0.047 
 0.047 
 0.047 
 0.047 
 0.047 
 0.047 
 0.047 
 0.047 
 0.047 
 0.047 
 0.249 
 0.249 
 0.249 
 0.249 
 0.249 
 0.249 
 0.249 
 0.249 
 0.249 
 0.249 
 0.249 
 0.249 
 0.249 
 0.249 
 0.249 
 0.249 
 0.249 
 0.249 
 0.249 
 0.249 
 0.249 
 0.249 
 0.047 
 0.047 
 0.047 
 0.047 
 0.047 
 0.047 
 0.047 
 0.047 
 0.047 
 0.047 
 0.047 
 0.047 
 0.047 
 0.047 
 0.047 
 0.047 
 0.047 
 0.047 
 0.047 
 0.047 
 0.163 
 0.163 
 0.163 
 0.163 
 0.163 
 0.163 
 0.163 
 0.163 
 0.163 
 0.163 
 0.163 
 0.163 
 0.163 
 0.163 
 0.163 
 0.163 
 0.163 
 0.163 
 0.047 
 0.047 
 0.047 
 0.047 
 0.047 
 0.047 
 0.047 
 0.047 
 0.047 
 0.047 
 0.047 
 0.047 
 0.047 
 0.249 
 0.249 
 0.249 
 0.249 
 0.249 
 0.249 
 0.249 
 0.249 
 0.249 
 0.249 
 0.249 
 0.249 
 0.249 
 0.249 
 0.249 
 0.249 
 0.249 
 0.249 
 0.249 
 0.249 
 0.249 
 0.249 
 0.047 
 0.047 
 0.047 
 0.047 
 0.047 
 0.047 
 0.047 
 0.047 
 0.047 
 0.047 
 0.047 
 0.047 
 0.047 
 0.047 
 0.163 
 0.163 
 0.163 
 0.163 
 0.163 
 0.163 
 0.163 
 0.163 
 0.163 
 0.163 
 0.163 
 0.163 
 0.163 
 0.163 
 0.163 
 0.163 
 0.163 
 0.163 
 0.047 
 0.047 
 0.047 
 0.047 
 0.047 
 0.047 
 0.047 
 0.047 
 0.047 
 0.047 
 0.047 
 0.047 
 0.047 
 0.047 
 0.047 
 0.047 
 0.047 
 0.047 
 0.047 
 0.047 
 0.047 
 0.047 
 0.047 
 0.047 
 0.047 
 0.047 
 0.047 
 0.047 
 0.047 
 0.047 
 0.047 
 0.047 
 0.047 
 0.047 
 0.047 
 0.047 
 0.047 
 0.047 
 0.047 
 0.047 
 0.047 
 0.047 
 0.163 
 0.163 
 0.163 
 0.163 
 0.163 
 0.163 
 0.163 
 0.163 
 0.163 
 0.163 
 0.163 
 0.163 
 0.163 
 0.163 
 0.163 
 0.163 
 0.163 
 0.163 
 0.047 
 0.249 
 0.249 
 0.249 
 0.249 
 0.249 
 0.249 
 0.249 
 0.249 
 0.249 
