 0.052 
 0.052 
 0.052 
 0.052 
 0.052 
 0.052 
 0.052 
 0.052 
 0.052 
 0.052 
 0.052 
 0.052 
 0.052 
 0.052 
 0.052 
 0.052 
 0.052 
 0.052 
 0.052 
 0.052 
 0.052 
 0.052 
 0.052 
 0.052 
 0.052 
 0.052 
 0.052 
 0.052 
 0.052 
 0.052 
 0.052 
 0.052 
 0.052 
 0.052 
 0.052 
 0.052 
 0.052 
 0.052 
 0.052 
 0.052 
 0.052 
 0.052 
 0.052 
 0.052 
 0.052 
 0.052 
 0.052 
 0.052 
 0.052 
 0.052 
 0.052 
 0.052 
 0.052 
 0.052 
 0.052 
 0.052 
 0.052 
 0.052 
 0.052 
 0.052 
 0.052 
 0.052 
 0.052 
 0.052 
 0.052 
 0.052 
 0.052 
 0.052 
 0.052 
 0.052 
 0.052 
 0.052 
 0.052 
 0.052 
 0.052 
 0.052 
 0.052 
 0.052 
 0.052 
 0.052 
 0.052 
 0.052 
 0.052 
 0.052 
 0.052 
 0.052 
 0.284 
 0.284 
 0.284 
 0.284 
 0.284 
 0.284 
 0.284 
 0.284 
 0.284 
 0.284 
 0.284 
 0.284 
 0.284 
 0.284 
 0.284 
 0.284 
 0.284 
 0.284 
 0.284 
 0.284 
 0.284 
 0.284 
 0.052 
 0.052 
 0.052 
 0.052 
 0.052 
 0.052 
 0.052 
 0.052 
 0.052 
 0.052 
 0.052 
 0.052 
 0.052 
 0.052 
 0.052 
 0.052 
 0.052 
 0.052 
 0.052 
 0.052 
 0.052 
 0.052 
 0.052 
 0.052 
 0.052 
 0.052 
 0.052 
 0.052 
 0.052 
 0.052 
 0.052 
 0.052 
 0.052 
 0.052 
 0.052 
 0.052 
 0.052 
 0.052 
 0.052 
 0.052 
 0.052 
 0.052 
 0.052 
 0.052 
 0.052 
 0.052 
 0.052 
 0.052 
 0.052 
 0.052 
 0.052 
 0.052 
 0.052 
 0.052 
 0.052 
 0.284 
 0.284 
 0.284 
 0.284 
 0.284 
 0.284 
 0.284 
 0.284 
 0.284 
 0.284 
 0.284 
 0.284 
 0.284 
 0.284 
 0.284 
 0.284 
 0.284 
 0.284 
 0.284 
 0.284 
 0.284 
 0.284 
 0.052 
 0.052 
 0.052 
 0.052 
 0.052 
 0.052 
 0.052 
 0.052 
 0.052 
 0.052 
 0.052 
 0.052 
 0.052 
 0.052 
 0.052 
 0.052 
 0.052 
 0.052 
 0.052 
 0.052 
 0.052 
 0.052 
 0.052 
 0.052 
 0.052 
 0.052 
 0.052 
 0.052 
 0.052 
 0.052 
 0.052 
 0.052 
 0.052 
 0.052 
 0.052 
 0.052 
 0.052 
 0.052 
 0.052 
 0.052 
 0.052 
 0.052 
 0.052 
 0.052 
 0.052 
 0.052 
 0.052 
 0.052 
 0.052 
 0.052 
 0.052 
 0.052 
 0.052 
 0.284 
 0.284 
 0.284 
 0.284 
 0.284 
 0.284 
 0.284 
 0.284 
 0.284 
 0.284 
 0.284 
 0.284 
 0.284 
 0.284 
 0.284 
 0.284 
 0.284 
 0.284 
 0.284 
 0.284 
 0.284 
 0.284 
 0.052 
 0.052 
 0.052 
 0.052 
 0.052 
 0.052 
 0.052 
 0.052 
 0.052 
 0.052 
 0.052 
 0.052 
 0.052 
 0.052 
 0.052 
 0.052 
 0.052 
 0.052 
 0.052 
 0.052 
 0.052 
 0.052 
 0.052 
 0.052 
 0.052 
 0.052 
 0.052 
 0.052 
 0.052 
 0.052 
 0.052 
 0.052 
 0.052 
 0.052 
 0.052 
 0.052 
 0.052 
 0.052 
 0.052 
 0.052 
 0.052 
 0.052 
 0.052 
 0.052 
 0.052 
 0.052 
 0.052 
 0.052 
 0.052 
 0.052 
 0.052 
 0.052 
 0.052 
 0.052 
 0.052 
 0.052 
 0.052 
 0.052 
 0.052 
 0.052 
 0.052 
 0.052 
 0.052 
 0.052 
 0.052 
 0.052 
 0.052 
 0.052 
 0.052 
 0.052 
 0.052 
 0.052 
 0.052 
 0.052 
 0.052 
 0.052 
 0.052 
 0.052 
 0.052 
 0.052 
 0.052 
 0.052 
 0.052 
 0.052 
 0.052 
 0.052 
 0.052 
 0.052 
 0.052 
 0.052 
 0.052 
 0.052 
 0.052 
 0.052 
 0.052 
 0.052 
 0.052 
 0.052 
 0.052 
 0.052 
 0.052 
 0.052 
 0.052 
 0.052 
 0.052 
 0.052 
 0.052 
 0.052 
 0.052 
 0.052 
 0.052 
 0.052 
 0.052 
 0.052 
 0.052 
 0.052 
 0.052 
 0.052 
 0.052 
 0.052 
 0.052 
 0.052 
 0.052 
 0.052 
 0.052 
 0.052 
 0.052 
 0.052 
 0.052 
 0.052 
 0.052 
 0.052 
 0.052 
 0.052 
 0.052 
 0.052 
 0.052 
 0.052 
 0.052 
 0.052 
 0.052 
 0.284 
 0.284 
 0.284 
 0.284 
 0.284 
 0.284 
 0.284 
 0.284 
 0.284 
 0.296 
 0.296 
 0.356 
 0.356 
 0.296 
 0.336 
 0.324 
 0.339 
 0.339 
 0.339 
 0.339 
 0.339 
 0.339 
 0.107 
 0.107 
 0.107 
 0.119 
 0.159 
 0.199 
 0.199 
 0.199 
 0.156 
 0.156 
 0.156 
 0.156 
 0.156 
 0.296 
 0.196 
 0.196 
 0.196 
 0.196 
 0.196 
 0.196 
 0.196 
 0.196 
 0.196 
 0.279 
 0.279 
 0.279 
 0.279 
 0.279 
 0.279 
 0.239 
 0.239 
 0.239 
 0.239 
 0.199 
 0.199 
 0.199 
 1.978 
 2.018 
 2.018 
 1.978 
 1.978 
 2.028 
 2.028 
 1.978 
 2.078 
 2.078 
 2.078 
 2.078 
 2.31 
 2.31 
 2.31 
 2.31 
 2.31 
 2.31 
 2.319 
 2.31 
 2.31 
 2.31 
 2.41 
 2.31 
 2.41 
 2.41 
 2.41 
 0.596 
 0.596 
 0.646 
 0.746 
 0.746 
 0.746 
 0.766 
 0.534 
 0.434 
 0.384 
 0.324 
 0.324 
 0.324 
 0.324 
 0.364 
 0.364 
 0.364 
 0.376 
 0.376 
 0.376 
 0.476 
 0.476 
 0.476 
 0.476 
 0.476 
 0.476 
 0.476 
 0.436 
 0.336 
 0.336 
 0.391 
 0.391 
 0.371 
 0.371 
 0.371 
 0.371 
 0.371 
 0.371 
 0.371 
 0.371 
 0.371 
 0.371 
 0.371 
 0.386 
 0.386 
 0.386 
 0.386 
 0.386 
 0.386 
 0.386 
 0.386 
 0.386 
 0.386 
 0.386 
 0.386 
 0.386 
 0.386 
 0.386 
 0.386 
 0.462 
 0.462 
 0.462 
 0.462 
 0.462 
 0.462 
 0.462 
 0.462 
 0.462 
 0.407 
 2.073 
 2.073 
 2.073 
 0.407 
 0.407 
 0.407 
 0.407 
 0.407 
 0.395 
 0.395 
 0.395 
 0.395 
 0.395 
 0.395 
 0.627 
 0.627 
 0.627 
 0.627 
 0.527 
 0.527 
 0.527 
 0.527 
 0.527 
 0.527 
 0.527 
 0.527 
 0.527 
 0.527 
 0.527 
 0.527 
 0.527 
 0.527 
 0.515 
 0.515 
 0.515 
 0.515 
 0.283 
 0.283 
 0.283 
 0.283 
 0.283 
 0.283 
 0.283 
 0.283 
 0.283 
 0.283 
 0.283 
 0.268 
 0.268 
 0.268 
 0.192 
 0.192 
 0.192 
 0.192 
 0.192 
 0.192 
 0.192 
 0.192 
 0.192 
 0.227 
 0.227 
 0.227 
 0.127 
 0.127 
 0.127 
 0.127 
 0.127 
 0.127 
 0.127 
 0.127 
 0.127 
 0.127 
 0.127 
 0.127 
 0.127 
 0.127 
 0.127 
 0.127 
 0.127 
 0.127 
 0.127 
 0.127 
 0.127 
 0.127 
 0.127 
 0.052 
 0.052 
 0.052 
 0.052 
 0.052 
 0.052 
 0.284 
 0.284 
 0.284 
 0.284 
 0.284 
 0.284 
 0.284 
 0.284 
 0.284 
 0.284 
 0.284 
 0.284 
 0.284 
 0.284 
 0.284 
 0.284 
 0.284 
 0.284 
 0.284 
 0.284 
 0.284 
 0.284 
 0.052 
 0.052 
 0.052 
 0.052 
 0.052 
 0.052 
 0.052 
 0.052 
 0.052 
 0.052 
 0.052 
 0.052 
 0.052 
 0.052 
 0.052 
 0.052 
 0.052 
 0.052 
 0.052 
 0.052 
 0.052 
 0.052 
 0.052 
 0.052 
 0.052 
 0.052 
 0.052 
 0.052 
 0.052 
 0.052 
 0.052 
 0.052 
 0.052 
 0.052 
 0.052 
 0.052 
 0.052 
 0.052 
 0.052 
 0.052 
 0.052 
 0.052 
 0.052 
 0.052 
 0.052 
 0.052 
 0.052 
 0.052 
 0.052 
 0.052 
 0.052 
 0.052 
 0.052 
 0.052 
 0.052 
 0.052 
 0.052 
 0.052 
 0.052 
 0.052 
 0.052 
 0.052 
 0.052 
 0.052 
 0.052 
 0.052 
 0.052 
 0.052 
 0.052 
 0.052 
 0.052 
 0.052 
 0.052 
 0.052 
 0.052 
 0.052 
 0.052 
 0.052 
 0.052 
 0.052 
 0.284 
 0.284 
 0.284 
 0.284 
 0.284 
 0.284 
 0.284 
 0.284 
 0.284 
 0.284 
 0.284 
 0.284 
 0.284 
 0.284 
 0.284 
 0.284 
 0.284 
 0.284 
 0.284 
 0.284 
 0.284 
 0.284 
 0.052 
 0.052 
 0.052 
 0.052 
 0.052 
 0.052 
 0.052 
 0.052 
 0.052 
 0.052 
 0.052 
 0.052 
 0.052 
 0.052 
 0.052 
 0.052 
 0.052 
 0.052 
 0.052 
 0.052 
 0.052 
 0.052 
 0.052 
 0.052 
 0.052 
 0.052 
 0.052 
 0.052 
 0.052 
 0.052 
 0.052 
 0.052 
 0.052 
 0.052 
 0.052 
 0.052 
 0.052 
 0.052 
 0.052 
 0.052 
 0.052 
 0.052 
 0.052 
 0.052 
 0.052 
 0.052 
 0.052 
 0.052 
 0.052 
 0.052 
 0.052 
 0.052 
 0.052 
 0.052 
 0.052 
 0.052 
 0.052 
 0.052 
 0.052 
 0.052 
 0.052 
 0.052 
 0.052 
 0.284 
 0.284 
 0.284 
 0.284 
 0.284 
 0.284 
 0.284 
 0.284 
 0.284 
 0.284 
 0.284 
 0.284 
 0.284 
 0.284 
 0.284 
 0.284 
 0.284 
 0.284 
 0.284 
 0.284 
 0.284 
 0.284 
 0.052 
 0.052 
 0.052 
 0.052 
 0.052 
 0.052 
 0.052 
 0.052 
 0.052 
 0.052 
 0.052 
 0.052 
 0.052 
 0.052 
 0.052 
 0.052 
 0.052 
 0.052 
 0.052 
 0.052 
 0.052 
 0.052 
 0.052 
 0.052 
 0.052 
 0.052 
 0.052 
 0.052 
 0.052 
 0.052 
 0.052 
 0.052 
 0.052 
 0.052 
 0.052 
 0.052 
 0.052 
 0.052 
 0.052 
 0.052 
 0.052 
 0.052 
 0.052 
 0.052 
 0.052 
 0.052 
 0.052 
 0.052 
 0.052 
 0.052 
 0.052 
 0.052 
 0.052 
 0.052 
 0.052 
 0.087 
 0.087 
 0.435 
 0.435 
 0.435 
 0.4 
 0.052 
 0.052 
 0.052 
 0.052 
 0.052 
 0.052 
 0.052 
 0.052 
 0.052 
 0.052 
 0.081 
 0.081 
 0.081 
 0.081 
 0.081 
 0.081 
 0.313 
 0.313 
 0.313 
 0.313 
 1.979 
 1.979 
 1.979 
 0.313 
 0.313 
 1.979 
 1.979 
 1.979 
 0.313 
 0.313 
 0.313 
 0.313 
 0.313 
 0.313 
 0.313 
 0.313 
 0.313 
 0.313 
 0.081 
 0.081 
 0.116 
 0.116 
 0.116 
 0.116 
 0.116 
 0.116 
 0.116 
 0.116 
 0.171 
 0.171 
 0.171 
 0.171 
 0.171 
 0.233 
 0.233 
 0.233 
 0.183 
 0.183 
 0.183 
 0.183 
 0.183 
 0.183 
 0.183 
 0.223 
 0.183 
 0.233 
 0.233 
 0.233 
 0.233 
 0.376 
 0.321 
 0.286 
 0.306 
 0.306 
 0.306 
 0.306 
 0.306 
 0.386 
 0.326 
 0.306 
 0.306 
 0.306 
 0.306 
 0.277 
 0.277 
 0.277 
 0.277 
 0.337 
 0.569 
 0.569 
 0.549 
 0.549 
 0.549 
 0.549 
 0.549 
 0.489 
 0.489 
 0.489 
 0.489 
 0.489 
 0.489 
 0.489 
 0.489 
 0.489 
 0.489 
 0.489 
 0.489 
 0.579 
 0.579 
 0.579 
 0.347 
 0.407 
 0.407 
 0.395 
 0.395 
 0.395 
 0.395 
 0.41 
 0.41 
 0.41 
 0.41 
 0.43 
 0.287 
 0.237 
 0.237 
 0.237 
 0.187 
 0.187 
 0.187 
 0.187 
 0.187 
 0.187 
 0.187 
 0.167 
 0.107 
 0.107 
 0.127 
 0.127 
 0.227 
 0.256 
 0.256 
 0.316 
 0.316 
 0.316 
 0.316 
 0.356 
 0.406 
 0.406 
 0.406 
 0.366 
 0.366 
 0.366 
 0.366 
 0.366 
 0.366 
 0.366 
 0.366 
 0.366 
 0.426 
 0.426 
 0.376 
 0.376 
 0.316 
 0.316 
 0.548 
 0.598 
 0.598 
 0.598 
 0.598 
 0.598 
 0.598 
 0.598 
 0.698 
 0.698 
 0.598 
 0.598 
 0.598 
 0.598 
 0.598 
 0.598 
 0.658 
 0.608 
 0.608 
 0.548 
 0.548 
 0.548 
 0.366 
 0.366 
 0.366 
 0.366 
 0.351 
 0.351 
 0.351 
 0.351 
 0.361 
 0.361 
 0.261 
 0.261 
 0.261 
 0.261 
 0.261 
 0.261 
 0.261 
 0.261 
 0.261 
 0.261 
 0.261 
 0.201 
 0.201 
 0.201 
 0.201 
 0.201 
 0.172 
 0.172 
 0.172 
 0.172 
 0.172 
 0.172 
 0.172 
 0.172 
 0.172 
 0.172 
 0.172 
 0.184 
 0.184 
 0.184 
 0.184 
 0.184 
 0.184 
 0.184 
 0.572 
 0.572 
 0.572 
 0.572 
 0.224 
 0.184 
 0.184 
 0.184 
 0.416 
 0.416 
 0.416 
 0.416 
 0.356 
 0.316 
 0.316 
 0.316 
 0.316 
 0.316 
 0.316 
 0.396 
 0.396 
 0.396 
 0.296 
 0.296 
 0.284 
 0.284 
 0.284 
 0.284 
 0.284 
 0.284 
 0.052 
 0.052 
 0.052 
 0.052 
 0.052 
 0.052 
 0.052 
 0.052 
 0.052 
 0.052 
 0.052 
 0.052 
 0.052 
 0.052 
 0.052 
 0.052 
 0.052 
 0.052 
 0.052 
 0.052 
 0.052 
 0.052 
 0.052 
 0.052 
 0.052 
 0.052 
 0.052 
 0.052 
 0.052 
 0.052 
 0.052 
 0.052 
 0.052 
 0.052 
 0.052 
 0.052 
 0.052 
 0.052 
 0.052 
 0.052 
 0.052 
 0.052 
 0.052 
 0.052 
 0.052 
 0.052 
 0.052 
 0.052 
 0.052 
 0.052 
 0.052 
 0.052 
 0.052 
 0.052 
 0.052 
 0.052 
 0.052 
 0.052 
 0.284 
 0.284 
 0.284 
 0.284 
 0.284 
 0.284 
 0.284 
 0.284 
 0.284 
 0.284 
 0.284 
 0.284 
 0.284 
 0.284 
 0.284 
 0.284 
 0.284 
 0.284 
 0.284 
 0.284 
 0.284 
 0.284 
 0.052 
 0.052 
 0.052 
 0.052 
 0.052 
 0.052 
 0.052 
 0.052 
 0.052 
 0.052 
 0.052 
 0.052 
 0.052 
 0.052 
 0.052 
 0.052 
 0.052 
 0.052 
 0.052 
 0.052 
 0.052 
 0.052 
 0.052 
 0.052 
 0.052 
 0.052 
 0.052 
 0.052 
 0.052 
 0.052 
 0.052 
 0.052 
 0.052 
 0.052 
 0.052 
 0.052 
 0.052 
 0.052 
 0.052 
 0.052 
 0.052 
 0.052 
 0.052 
 0.052 
 0.052 
 0.052 
 0.052 
 0.052 
 0.052 
 0.052 
 0.284 
 0.284 
 0.284 
 0.284 
 0.284 
 0.284 
 0.284 
 0.284 
 0.284 
 0.284 
 0.284 
 0.284 
 0.284 
 0.284 
 0.284 
 0.284 
 0.284 
 0.284 
 0.284 
 0.284 
 0.284 
 0.284 
 0.052 
 0.052 
 0.052 
 0.052 
 0.052 
 0.052 
 0.052 
 0.052 
 0.052 
 0.052 
 0.052 
 0.052 
 0.052 
 0.052 
 0.052 
 0.052 
 0.052 
 0.052 
 0.052 
 0.052 
 0.052 
 0.052 
 0.052 
 0.052 
 0.052 
 0.052 
 0.052 
 0.052 
 0.052 
 0.052 
 0.052 
 0.052 
 0.052 
 0.052 
 0.052 
 0.052 
 0.052 
 0.052 
 0.052 
 0.052 
 0.052 
 0.052 
 0.052 
 0.052 
 0.284 
 0.284 
 0.284 
 0.284 
 0.284 
 0.284 
 0.284 
 0.284 
 0.284 
 0.284 
 0.284 
 0.284 
 0.284 
 0.284 
 0.284 
 0.284 
 0.284 
 0.284 
 0.284 
 0.284 
 0.284 
 0.284 
 0.052 
 0.052 
 0.052 
 0.052 
 0.052 
 0.052 
 0.052 
 0.052 
 0.052 
 0.052 
 0.052 
 0.052 
 0.052 
 0.052 
 0.052 
 0.052 
 0.052 
 0.052 
 0.052 
 0.052 
 0.052 
 0.052 
 0.052 
 0.052 
 0.052 
 0.052 
 0.052 
 0.052 
 0.052 
 0.052 
 0.052 
 0.052 
 0.052 
 0.052 
 0.052 
 0.052 
 0.052 
 0.052 
 0.052 
 0.052 
 0.052 
 0.052 
 0.052 
 0.052 
 0.052 
 0.052 
