 0.053 
 0.053 
 0.053 
 0.053 
 0.053 
 0.053 
 0.053 
 0.053 
 0.053 
 0.053 
 0.053 
 0.053 
 0.053 
 0.053 
 0.053 
 0.053 
 0.053 
 0.053 
 0.053 
 0.053 
 0.053 
 0.053 
 0.053 
 0.053 
 0.252 
 0.252 
 0.252 
 0.252 
 0.252 
 0.252 
 0.252 
 0.252 
 0.252 
 0.252 
 0.252 
 0.252 
 0.252 
 0.252 
 0.252 
 0.252 
 0.252 
 0.252 
 0.252 
 0.252 
 0.252 
 0.252 
 0.053 
 0.053 
 0.053 
 0.053 
 0.053 
 0.053 
 0.053 
 0.053 
 0.053 
 0.053 
 0.053 
 0.053 
 0.053 
 0.053 
 0.053 
 0.053 
 0.053 
 0.053 
 0.053 
 0.053 
 0.053 
 0.053 
 0.053 
 0.053 
 0.053 
 0.053 
 0.053 
 0.053 
 0.053 
 0.053 
 0.053 
 0.053 
 0.053 
 0.053 
 0.141 
 0.141 
 0.141 
 0.141 
 0.141 
 0.141 
 0.141 
 0.141 
 0.141 
 0.141 
 0.141 
 0.141 
 0.141 
 0.141 
 0.141 
 0.141 
 0.141 
 0.141 
 0.053 
 0.053 
 0.053 
 0.053 
 0.053 
 0.053 
 0.053 
 0.053 
 0.053 
 0.053 
 0.053 
 0.053 
 0.053 
 0.053 
 0.053 
 0.053 
 0.053 
 0.053 
 0.053 
 0.053 
 0.053 
 0.053 
 0.053 
 0.053 
 0.053 
 0.053 
 0.252 
 0.252 
 0.252 
 0.252 
 0.252 
 0.252 
 0.252 
 0.252 
 0.252 
 0.252 
 0.252 
 0.34 
 0.34 
 0.34 
 0.34 
 0.34 
 0.34 
 0.34 
 0.34 
 0.34 
 0.34 
 0.34 
 0.141 
 0.141 
 0.141 
 0.141 
 0.141 
 0.141 
 0.141 
 0.053 
 0.053 
 0.053 
 0.053 
 0.053 
 0.053 
 0.053 
 0.053 
 0.053 
 0.053 
 0.053 
 0.053 
 0.053 
 0.053 
 0.053 
 0.053 
 0.053 
 0.053 
 0.053 
 0.053 
 0.053 
 0.053 
 0.053 
 0.053 
 0.053 
 0.053 
 0.053 
 0.053 
 0.053 
 0.053 
 0.053 
 0.053 
 0.053 
 0.053 
 0.053 
 0.053 
 0.053 
 0.053 
 0.053 
 0.053 
 0.053 
 0.053 
 0.053 
 0.053 
 0.053 
 0.053 
 0.053 
 0.053 
 0.053 
 0.053 
 0.053 
 0.053 
 0.053 
 0.053 
 0.053 
 0.053 
 0.053 
 0.053 
 0.053 
 0.053 
 0.053 
 0.053 
 0.053 
 0.053 
 0.053 
 0.053 
 0.053 
 0.053 
 0.053 
 0.053 
 0.053 
 0.053 
 0.053 
 0.053 
 0.053 
 0.141 
 0.141 
 0.141 
 0.141 
 0.34 
 0.34 
 0.34 
 0.34 
 0.34 
 0.34 
 0.34 
 0.34 
 0.34 
 0.34 
 0.34 
 0.34 
 0.34 
 0.34 
 0.252 
 0.252 
 0.252 
 0.252 
 0.252 
 0.252 
 0.252 
 0.252 
 0.053 
 0.053 
 0.053 
 0.053 
 0.053 
 0.053 
 0.053 
 0.053 
 0.053 
 0.053 
 0.053 
 0.053 
 0.053 
 0.053 
 0.053 
 0.053 
 0.053 
 0.053 
 0.053 
 0.053 
 0.053 
 0.053 
 0.053 
 0.053 
 0.053 
 0.053 
 0.053 
 0.053 
 0.053 
 0.053 
 0.053 
 0.053 
 0.053 
 0.053 
 0.053 
 0.053 
 0.053 
 0.053 
 0.053 
 0.053 
 0.053 
 0.053 
 0.053 
 0.141 
 0.141 
 0.34 
 0.34 
 0.34 
 0.34 
 0.34 
 0.34 
 0.34 
 0.34 
 0.34 
 0.34 
 0.34 
 0.34 
 0.34 
 0.34 
 0.34 
 0.34 
 0.252 
 0.252 
 0.252 
 0.252 
 0.252 
 0.252 
 0.053 
 0.053 
 0.053 
 0.053 
 0.053 
 0.053 
 0.053 
 0.053 
 0.053 
 0.053 
 0.053 
 0.053 
 0.053 
 0.053 
 0.053 
 0.053 
 0.053 
 0.053 
 0.053 
 0.053 
 0.053 
 0.053 
 0.053 
 0.053 
 0.053 
 0.053 
 0.053 
 0.053 
 0.053 
 0.053 
 0.053 
 0.053 
 0.053 
 0.053 
 0.053 
 0.053 
 0.053 
 0.053 
 0.053 
 0.053 
 0.053 
 0.053 
 0.053 
 0.053 
 0.053 
 0.053 
 0.053 
 0.053 
 0.053 
 0.053 
 0.053 
 0.053 
 0.053 
 0.053 
 0.053 
 0.053 
 0.053 
 0.053 
 0.053 
 0.093 
 0.292 
 0.252 
 0.252 
 0.252 
 0.252 
 0.252 
 0.252 
 0.292 
 0.312 
 0.312 
 9.869 
 9.869 
 9.869 
 0.312 
 0.312 
 0.312 
 0.312 
 0.312 
 0.372 
 0.412 
 0.412 
 0.452 
 0.394 
 0.394 
 0.394 
 0.354 
 0.454 
 0.354 
 0.354 
 0.053 
 0.053 
 0.053 
 0.053 
 0.053 
 0.053 
 0.053 
 0.053 
 0.141 
 0.141 
 0.141 
 0.141 
 0.141 
 0.141 
 0.141 
 0.141 
 0.141 
 0.141 
 0.141 
 0.141 
 0.141 
 0.141 
 0.141 
 0.141 
 0.141 
 0.141 
 0.053 
 0.053 
 0.053 
 0.053 
 0.053 
 0.053 
 0.053 
 0.053 
 0.053 
 0.053 
 0.053 
 0.053 
 0.053 
 0.053 
 0.053 
 0.252 
 0.252 
 0.252 
 0.252 
 0.252 
 0.252 
 0.252 
 0.252 
 0.252 
 0.252 
 0.252 
 0.252 
 0.252 
 0.252 
 0.252 
 0.252 
 0.252 
 0.252 
 0.252 
 0.393 
 0.393 
 0.393 
 0.194 
 0.194 
 0.254 
 0.314 
 0.254 
 0.254 
 0.314 
 0.314 
 0.314 
 0.314 
 0.314 
 0.314 
 0.314 
 0.314 
 0.314 
 0.354 
 1.229 
 1.229 
 1.229 
 0.314 
 0.254 
 0.254 
 0.254 
 0.294 
 0.254 
 0.254 
 0.354 
 0.354 
 0.354 
 0.366 
 0.366 
 0.366 
 0.366 
 0.326 
 0.326 
 0.326 
 0.326 
 0.053 
 0.053 
 0.053 
 0.053 
 0.053 
 0.053 
 0.053 
 0.053 
 0.053 
 0.252 
 0.252 
 0.252 
 0.252 
 0.252 
 0.252 
 0.252 
 0.252 
 0.252 
 0.252 
 0.252 
 0.252 
 0.252 
 0.252 
 0.252 
 0.252 
 0.252 
 0.252 
 0.252 
 0.252 
 0.252 
 0.252 
 0.053 
 0.053 
 0.053 
 0.053 
 0.053 
 0.053 
 0.053 
 0.053 
 0.053 
 0.053 
 0.053 
 0.053 
 0.053 
 0.053 
 0.053 
 0.053 
 0.053 
 0.053 
 0.053 
 0.053 
 0.053 
 0.053 
 0.053 
 0.053 
 0.053 
 0.053 
 0.053 
 0.053 
 0.053 
 0.053 
 0.053 
 0.053 
 0.053 
 0.053 
 0.053 
 0.053 
 0.053 
 0.053 
 0.053 
 0.053 
 0.053 
 0.053 
 0.053 
 0.053 
 0.053 
 0.053 
 0.053 
 0.053 
 0.053 
 0.053 
 0.053 
 0.053 
 0.053 
 0.053 
 0.053 
 0.252 
 0.252 
 0.252 
 0.252 
 0.252 
 0.252 
 0.252 
 0.252 
 0.252 
 0.252 
 0.252 
 0.252 
 0.252 
 0.252 
 0.252 
 0.252 
 0.252 
 0.252 
 0.252 
 0.252 
 0.252 
 0.252 
 0.053 
 0.053 
 0.053 
 0.053 
 0.053 
 0.053 
 0.053 
 0.053 
 0.053 
 0.053 
 0.053 
 0.053 
 0.053 
 0.053 
 0.053 
 0.053 
 0.053 
 0.053 
 0.053 
 0.053 
 0.053 
 0.053 
 0.194 
 0.194 
 0.194 
 0.194 
 0.194 
 0.282 
 0.282 
 0.282 
 0.282 
 0.282 
 0.631 
 0.631 
 0.631 
 0.631 
 0.282 
 0.282 
 0.282 
 0.282 
 0.282 
 0.282 
 0.402 
 0.402 
 0.402 
 0.173 
 0.173 
 0.053 
 0.053 
 0.053 
 0.053 
 0.053 
 0.053 
 0.053 
 0.053 
 0.053 
 0.053 
 0.053 
 0.053 
 0.053 
 0.053 
 0.053 
 0.053 
 0.053 
 0.053 
 0.053 
 0.053 
 0.053 
 0.053 
 0.053 
 0.053 
 0.252 
 0.252 
 0.252 
 0.252 
 0.252 
 0.252 
 0.252 
 0.252 
 0.252 
 0.252 
 0.252 
 0.252 
 0.252 
 0.252 
 0.252 
 0.252 
 0.252 
 0.34 
 0.34 
 0.34 
 0.34 
 0.34 
 0.141 
 0.141 
 0.141 
 0.141 
 0.141 
 0.141 
 0.141 
 0.141 
 0.141 
 0.141 
 0.141 
 0.141 
 0.141 
 0.053 
 0.053 
 0.053 
 0.053 
 0.053 
 0.053 
 0.053 
 0.053 
 1.128 
 1.128 
 1.128 
 1.128 
 3.58 
 3.58 
 3.58 
 3.58 
 3.58 
 3.58 
 3.58 
 3.58 
 3.58 
 3.58 
 3.58 
 3.58 
 3.58 
 3.58 
 3.58 
 3.58 
 1.128 
 1.128 
 1.128 
 1.128 
 1.128 
 1.327 
 1.327 
 1.327 
 1.327 
 1.327 
 0.252 
 0.252 
 0.252 
 0.252 
 0.252 
 0.252 
 0.252 
 0.252 
 0.252 
 0.252 
 0.252 
 0.252 
 0.252 
 0.252 
 0.252 
 0.252 
 0.252 
 0.053 
 0.053 
 0.053 
 0.053 
 0.053 
 0.141 
 2.593 
 2.593 
 2.593 
 2.593 
 2.593 
 2.593 
 2.593 
 2.593 
 2.593 
 2.593 
 2.593 
 2.593 
 2.593 
 2.593 
 2.593 
 2.593 
 0.141 
 0.053 
 0.053 
 0.053 
 0.053 
 0.053 
 0.053 
 0.053 
 0.053 
 0.053 
 0.053 
 0.053 
 0.053 
 0.053 
 0.064 
 0.205 
 0.205 
 0.205 
 0.205 
 0.205 
 0.205 
 0.205 
 0.205 
 0.205 
 0.205 
 0.404 
 0.404 
 0.404 
 0.404 
 0.404 
 0.404 
 0.404 
 0.404 
 0.404 
 0.404 
 0.404 
 0.404 
 0.404 
 0.404 
 0.404 
 0.404 
 0.415 
 0.415 
 0.415 
 0.415 
 0.415 
 0.415 
 0.216 
 0.216 
 0.216 
 0.216 
 0.216 
 0.216 
 0.216 
 0.216 
 0.216 
 0.216 
 0.216 
 0.216 
 0.216 
 0.216 
 0.216 
 0.216 
 0.216 
 0.216 
 0.216 
 0.216 
 0.216 
 0.216 
 0.216 
 0.216 
 0.216 
 0.216 
 0.216 
 0.216 
 0.216 
 0.216 
 0.216 
 0.216 
 0.216 
 0.216 
 0.216 
 0.216 
 0.216 
 0.216 
 0.216 
 0.216 
 0.205 
 0.205 
 0.205 
 0.205 
 0.205 
 0.205 
 0.205 
 0.205 
 0.205 
 0.205 
 0.205 
 0.205 
 0.205 
 0.205 
 0.194 
 0.194 
 0.194 
 0.194 
 0.194 
 0.282 
 0.282 
 0.282 
 0.481 
 0.481 
 0.481 
 0.481 
 0.481 
 0.481 
 0.481 
 0.481 
 0.481 
 0.481 
 0.481 
 0.481 
 0.481 
 0.481 
 0.481 
 0.393 
 0.393 
 0.393 
 0.393 
 0.393 
 0.393 
 0.393 
 0.194 
 0.194 
 0.194 
 0.194 
 0.194 
 0.194 
 0.194 
 0.194 
 0.194 
 0.194 
 0.194 
 0.194 
 0.194 
 0.194 
 0.194 
 0.314 
 0.314 
 0.314 
 0.314 
 0.314 
 0.314 
 0.314 
 0.314 
 0.314 
 0.314 
 0.314 
 0.314 
 0.374 
 0.053 
 0.053 
 0.053 
 0.053 
 0.053 
 0.053 
 0.053 
 0.053 
 0.053 
 0.053 
 0.053 
 0.053 
 0.053 
 0.053 
 0.053 
 0.053 
 0.053 
 0.053 
 0.053 
 0.053 
 0.053 
 0.053 
 0.053 
 0.053 
 0.053 
 0.053 
 0.053 
 0.053 
 0.053 
 0.053 
 0.053 
 0.053 
 0.053 
 0.053 
 0.252 
 0.252 
 0.252 
 0.252 
 0.252 
 0.252 
 0.393 
 0.393 
 0.393 
 0.393 
 0.393 
 0.393 
 0.393 
 0.433 
 0.433 
 0.393 
 0.393 
 0.433 
 0.433 
 0.433 
 0.433 
 0.433 
 0.234 
 0.234 
 0.234 
 0.274 
 0.274 
 0.274 
 0.274 
 0.274 
 0.274 
 0.274 
 0.274 
 0.274 
 0.274 
 0.274 
 0.314 
 0.274 
 0.274 
 0.274 
 0.296 
 0.296 
 0.356 
 0.356 
 0.356 
 0.356 
 0.426 
 0.426 
 0.426 
 0.416 
 0.416 
 0.416 
 0.416 
 0.416 
 0.456 
 0.576 
 0.456 
 0.456 
 0.416 
 0.416 
 0.416 
 0.504 
 0.504 
 0.624 
 0.624 
 0.624 
 0.141 
 0.141 
 0.141 
 0.141 
 0.34 
 0.34 
 0.34 
 0.34 
 0.34 
 0.34 
 0.34 
 0.34 
 0.34 
 0.252 
 0.252 
 0.252 
 0.252 
 0.252 
 0.252 
 0.252 
 0.415 
 0.455 
 0.415 
 0.415 
 0.415 
 0.415 
 0.216 
 0.276 
 0.396 
 0.396 
 0.336 
 0.336 
 0.336 
 0.336 
 0.195 
 0.195 
 0.235 
 0.195 
 0.195 
 0.195 
 0.275 
 0.275 
 0.215 
 0.215 
 0.215 
 0.255 
 0.255 
 0.255 
 0.255 
 0.255 
 0.255 
 0.255 
 0.295 
 0.355 
 0.384 
 0.344 
 0.344 
 0.344 
 0.344 
 0.344 
 0.344 
 0.344 
 0.344 
 0.284 
 0.284 
 0.384 
 0.284 
 0.273 
 0.273 
 0.273 
 0.053 
 0.053 
 0.053 
 0.053 
 0.053 
 0.053 
 0.053 
 0.053 
 0.053 
 0.053 
 0.053 
 0.053 
 0.252 
 0.252 
 0.252 
 0.252 
 0.252 
 0.252 
 0.252 
 0.252 
 0.252 
 0.252 
 0.252 
 0.252 
 0.252 
 0.252 
 0.252 
 0.252 
 0.252 
 0.252 
 0.252 
 0.252 
 0.252 
 0.252 
 0.053 
 0.053 
 0.053 
 0.053 
 0.053 
 0.053 
 0.053 
 0.053 
 0.053 
 0.053 
 0.053 
 0.053 
 0.053 
 0.053 
 0.053 
 0.053 
 0.053 
 0.053 
 0.053 
 0.053 
 0.053 
 0.053 
 0.053 
 0.053 
 0.053 
 0.053 
 0.053 
 0.053 
 0.053 
 0.053 
 0.053 
 0.053 
 0.053 
 0.053 
 0.053 
 0.053 
 0.053 
 0.053 
 0.053 
 0.053 
 0.053 
 0.053 
 0.053 
 0.053 
 0.053 
 0.053 
 0.053 
 0.053 
 0.053 
 0.053 
 0.053 
 0.053 
 0.053 
 0.053 
 0.053 
 0.053 
 0.053 
 0.252 
 0.252 
 0.252 
 0.252 
 0.252 
 0.252 
 0.252 
 0.252 
 0.252 
 0.252 
 0.252 
 0.252 
 0.252 
 0.292 
 0.292 
 0.292 
 0.252 
 0.292 
 0.292 
 0.352 
 0.392 
 0.48 
 0.281 
 0.281 
 0.241 
 0.252 
 0.252 
 0.412 
 0.412 
 0.412 
 0.412 
 0.372 
 0.392 
 0.412 
 0.412 
 0.412 
 0.412 
 0.412 
 0.412 
 0.053 
 0.053 
 0.053 
 0.053 
 0.053 
 0.053 
 0.053 
 0.053 
 0.053 
 0.053 
 0.053 
 0.053 
 0.053 
 0.053 
 0.053 
 0.053 
 0.053 
 0.053 
 0.053 
 0.053 
 0.053 
 0.053 
 0.053 
 0.053 
 0.053 
 0.053 
 0.053 
 0.053 
 0.252 
 0.252 
 0.252 
 0.252 
 0.252 
 0.252 
 0.252 
 0.252 
 0.252 
 0.252 
 0.252 
 0.252 
 0.252 
 0.252 
 0.252 
 0.252 
 0.252 
 0.34 
 0.34 
 0.34 
 0.34 
 0.34 
 0.141 
 0.141 
 0.141 
 0.141 
 0.141 
 0.141 
 0.141 
 0.141 
 0.141 
 0.141 
 0.141 
 0.141 
 0.141 
 0.053 
 0.053 
 0.053 
 0.053 
 0.053 
 0.053 
 0.053 
 0.053 
 0.053 
 0.053 
 0.053 
 0.053 
 0.053 
 0.053 
 0.053 
 0.053 
 0.053 
 0.053 
 0.053 
 0.053 
 0.053 
 0.053 
 0.053 
 0.053 
 0.053 
 0.053 
 0.053 
 0.053 
 0.053 
 0.053 
 0.053 
 0.053 
 0.252 
 0.252 
 0.252 
 0.252 
 0.252 
 0.252 
 0.252 
 0.252 
 0.252 
 0.252 
 0.252 
 0.252 
 0.252 
 0.252 
 0.252 
 0.252 
 0.252 
 0.252 
 0.252 
 0.252 
 0.252 
 0.252 
 0.053 
 0.053 
 0.053 
 0.053 
 0.053 
 0.053 
 0.053 
 0.053 
 0.053 
 0.053 
 0.053 
 0.053 
 0.053 
 0.053 
 0.053 
 0.053 
 0.053 
 0.053 
 0.053 
 0.053 
 0.053 
 0.053 
 0.053 
 0.053 
 0.053 
 0.053 
 0.053 
 0.053 
 0.053 
 0.053 
 0.053 
 0.053 
 0.053 
 0.141 
 0.141 
 0.141 
 0.141 
 0.141 
 0.141 
 0.141 
 0.141 
 0.141 
 0.141 
 0.141 
 0.141 
 0.141 
 0.34 
 0.34 
 0.34 
 0.34 
 0.34 
 0.252 
 0.252 
 0.252 
 0.252 
 0.252 
 0.252 
 0.252 
 0.252 
 0.252 
 0.252 
 0.252 
 0.252 
