 0.048 
 0.048 
 0.048 
 0.048 
 0.048 
 0.048 
 0.048 
 0.048 
 0.048 
 0.048 
 0.048 
 0.048 
 0.048 
 0.048 
 0.048 
 0.048 
 0.048 
 0.048 
 0.048 
 0.048 
 0.048 
 0.048 
 0.048 
 0.048 
 0.048 
 0.048 
 0.048 
 0.048 
 0.048 
 0.048 
 0.048 
 0.048 
 0.048 
 0.048 
 0.048 
 0.048 
 0.048 
 0.048 
 0.048 
 0.048 
 0.048 
 0.048 
 0.048 
 0.048 
 0.048 
 0.048 
 0.048 
 0.048 
 0.048 
 0.048 
 0.048 
 0.048 
 0.048 
 0.048 
 0.048 
 0.048 
 0.048 
 0.048 
 0.048 
 0.048 
 0.048 
 0.048 
 0.048 
 0.048 
 0.218 
 0.218 
 0.218 
 0.218 
 0.218 
 0.218 
 0.218 
 0.218 
 0.218 
 0.218 
 0.218 
 0.218 
 0.218 
 0.218 
 0.218 
 0.218 
 0.218 
 0.218 
 0.218 
 0.218 
 0.048 
 0.048 
 0.048 
 0.048 
 0.048 
 0.222 
 0.222 
 0.222 
 0.222 
 0.222 
 0.222 
 0.222 
 0.222 
 0.222 
 0.222 
 0.222 
 0.222 
 0.222 
 0.222 
 0.222 
 0.222 
 0.222 
 0.222 
 0.222 
 0.222 
 0.222 
 0.222 
 0.048 
 0.048 
 0.048 
 0.146 
 0.146 
 0.146 
 0.146 
 0.146 
 0.146 
 0.146 
 0.146 
 0.146 
 0.146 
 0.146 
 0.146 
 0.146 
 0.146 
 0.146 
 0.146 
 0.146 
 0.146 
 0.048 
 0.048 
 0.048 
 0.048 
 0.048 
 0.048 
 0.048 
 0.048 
 0.048 
 0.048 
 0.048 
 0.048 
 0.048 
 0.048 
 0.048 
 0.048 
 0.048 
 0.048 
 0.048 
 0.048 
 0.048 
 0.048 
 0.048 
 0.048 
 0.048 
 0.218 
 0.218 
 0.218 
 0.218 
 0.218 
 0.218 
 0.218 
 0.218 
 0.218 
 0.218 
 0.218 
 0.218 
 0.218 
 0.218 
 0.218 
 0.218 
 0.218 
 0.218 
 0.218 
 0.316 
 0.146 
 0.146 
 0.146 
 0.146 
 0.146 
 0.146 
 0.146 
 0.146 
 0.146 
 0.32 
 0.32 
 0.32 
 0.32 
 0.32 
 0.32 
 0.32 
 0.32 
 0.222 
 0.222 
 0.222 
 0.222 
 0.222 
 0.222 
 0.222 
 0.222 
 0.222 
 0.222 
 0.222 
 0.222 
 0.222 
 0.222 
 0.048 
 0.048 
 0.048 
 0.048 
 0.048 
 0.048 
 0.048 
 0.048 
 0.048 
 0.048 
 0.048 
 0.048 
 0.048 
 0.048 
 0.048 
 0.048 
 0.048 
 0.048 
 0.048 
 0.048 
 0.048 
 0.048 
 0.048 
 0.048 
 0.048 
 0.048 
 0.048 
 0.048 
 0.048 
 0.048 
 0.048 
 0.048 
 0.048 
 0.048 
 0.048 
 0.048 
 0.048 
 0.048 
 0.048 
 0.048 
 0.048 
 0.048 
 0.048 
 0.048 
 0.048 
 0.048 
 0.048 
 0.048 
 0.048 
 0.222 
 0.222 
 0.222 
 0.222 
 0.222 
 0.222 
 0.222 
 0.222 
 0.222 
 0.222 
 0.222 
 0.222 
 0.222 
 0.32 
 0.32 
 0.32 
 0.32 
 0.32 
 0.32 
 0.32 
 0.32 
 0.32 
 0.146 
 0.146 
 0.146 
 0.146 
 0.146 
 0.146 
 0.146 
 0.146 
 0.146 
 0.048 
 0.048 
 0.048 
 0.048 
 0.218 
 0.218 
 0.218 
 0.218 
 0.218 
 0.218 
 0.218 
 0.218 
 0.218 
 0.218 
 0.218 
 0.218 
 0.218 
 0.218 
 0.218 
 0.218 
 0.218 
 0.218 
 0.218 
 0.218 
 0.048 
 0.048 
 0.048 
 0.048 
 0.048 
 0.048 
 0.048 
 0.048 
 0.048 
 0.048 
 0.048 
 0.048 
 0.048 
 0.048 
 0.048 
 0.048 
 0.048 
 0.048 
 0.048 
 0.048 
 0.048 
 0.048 
 0.222 
 0.222 
 0.222 
 0.222 
 0.222 
 0.222 
 0.222 
 0.222 
 0.222 
 0.222 
 0.222 
 0.222 
 0.222 
 0.222 
 0.222 
 0.222 
 0.222 
 0.222 
 0.222 
 0.32 
 0.32 
 0.32 
 0.146 
 0.146 
 0.146 
 0.146 
 0.146 
 0.146 
 0.146 
 0.146 
 0.146 
 0.146 
 0.146 
 0.146 
 0.146 
 0.146 
 0.146 
 0.048 
 0.048 
 0.218 
 0.218 
 0.218 
 0.218 
 0.218 
 0.218 
 0.218 
 0.218 
 0.218 
 0.218 
 0.218 
 0.218 
 0.218 
 0.218 
 0.218 
 0.218 
 0.218 
 0.218 
 0.218 
 0.218 
 0.048 
 0.048 
 0.048 
 0.048 
 0.048 
 0.048 
 0.048 
 0.048 
 0.048 
 0.048 
 0.222 
 0.222 
 0.222 
 0.222 
 0.222 
 0.222 
 0.222 
 0.222 
 0.222 
 0.222 
 0.222 
 0.222 
 0.222 
 0.222 
 0.222 
 0.222 
 0.222 
 0.222 
 0.222 
 0.222 
 0.32 
 0.32 
 0.146 
 0.146 
 0.146 
 0.146 
 0.146 
 0.146 
 0.146 
 0.146 
 0.146 
 0.146 
 0.146 
 0.146 
 0.146 
 0.146 
 0.146 
 0.146 
 0.048 
 0.048 
 0.048 
 0.048 
 0.048 
 0.048 
 0.048 
 0.048 
 0.048 
 0.048 
 0.218 
 0.218 
 0.218 
 0.218 
 0.218 
 0.218 
 0.218 
 0.218 
 0.218 
 0.218 
 1.505 
 1.505 
 1.505 
 1.505 
 1.505 
 1.505 
 1.517 
 1.517 
 1.517 
 1.582 
 1.412 
 1.467 
 1.467 
 1.467 
 1.467 
 1.467 
 1.564 
 1.464 
 1.455 
 1.455 
 1.455 
 1.59 
 1.602 
 1.602 
 1.602 
 1.602 
 1.542 
 1.582 
 1.582 
 1.522 
 1.462 
 1.462 
 1.462 
 1.522 
 1.522 
 1.522 
 1.522 
 1.522 
 1.522 
 1.522 
 1.522 
 1.522 
 1.522 
 1.522 
 1.522 
 1.522 
 1.522 
 1.582 
 1.582 
 1.582 
 1.582 
 1.582 
 1.582 
 1.582 
 1.582 
 1.522 
 1.522 
 1.522 
 1.522 
 1.522 
 0.295 
 0.295 
 0.295 
 0.465 
 0.679 
 0.679 
 0.679 
 0.679 
 0.679 
 0.679 
 0.619 
 0.619 
 0.619 
 0.793 
 0.793 
 0.793 
 0.793 
 0.793 
 0.793 
 0.793 
 0.793 
 0.793 
 0.695 
 0.525 
 0.525 
 0.525 
 0.643 
 0.643 
 0.643 
 0.643 
 0.643 
 0.643 
 0.643 
 0.525 
 0.525 
 0.351 
 0.351 
 0.351 
 0.351 
 0.351 
 0.351 
 0.351 
 0.351 
 0.351 
 0.351 
 0.351 
 0.351 
 0.351 
 0.251 
 0.251 
 0.251 
 0.251 
 0.251 
 0.251 
 0.251 
 0.251 
 0.251 
 0.251 
 0.251 
 0.251 
 0.251 
 0.251 
 0.251 
 0.251 
 0.251 
 0.251 
 0.251 
 0.251 
 0.251 
 0.251 
 0.251 
 0.251 
 0.251 
 0.251 
 0.251 
 0.251 
 0.251 
 0.267 
 0.267 
 0.267 
 0.267 
 0.267 
 0.267 
 0.267 
 0.267 
 0.441 
 0.441 
 0.441 
 0.441 
 0.441 
 0.441 
 0.441 
 0.441 
 0.441 
 0.441 
 0.441 
 0.441 
 0.441 
 0.441 
 0.441 
 0.441 
 0.441 
 0.429 
 0.429 
 0.429 
 0.429 
 0.429 
 0.255 
 0.255 
 0.255 
 0.255 
 0.255 
 0.255 
 0.255 
 0.315 
 0.315 
 0.315 
 0.315 
 0.315 
 0.315 
 0.315 
 0.315 
 0.315 
 0.315 
 0.315 
 0.315 
 0.485 
 0.485 
 0.583 
 0.583 
 0.583 
 0.583 
 0.583 
 0.583 
 0.583 
 0.583 
 2.601 
 2.601 
 2.601 
 0.583 
 0.583 
 0.583 
 0.583 
 0.583 
 0.583 
 0.583 
 0.315 
 0.315 
 0.315 
 0.315 
 0.299 
 0.299 
 0.299 
 0.299 
 0.299 
 0.413 
 0.413 
 0.413 
 0.413 
 0.413 
 0.413 
 0.413 
 0.473 
 0.473 
 0.473 
 0.473 
 0.473 
 0.473 
 0.473 
 0.473 
 0.473 
 0.473 
 0.473 
 0.378 
 0.378 
 0.378 
 0.378 
 0.218 
 0.218 
 0.218 
 0.218 
 0.218 
 0.218 
 0.218 
 0.218 
 0.218 
 0.218 
 0.218 
 0.318 
 0.318 
 0.318 
 0.318 
 0.318 
 0.318 
 0.318 
 0.318 
 0.318 
 0.318 
 0.318 
 0.318 
 0.318 
 0.318 
 0.448 
 0.448 
 0.448 
 0.448 
 0.448 
 0.448 
 0.448 
 0.486 
 0.486 
 0.486 
 0.486 
 0.486 
 0.486 
 0.386 
 0.386 
 0.386 
 0.386 
 0.386 
 0.386 
 0.386 
 0.216 
 0.216 
 0.314 
 0.314 
 0.314 
 0.314 
 0.314 
 0.314 
 0.314 
 0.314 
 2.332 
 2.332 
 2.332 
 0.314 
 0.314 
 0.3 
 0.3 
 0.3 
 0.3 
 0.3 
 0.202 
 0.262 
 0.262 
 0.262 
 0.262 
 0.436 
 0.436 
 0.436 
 0.436 
 0.436 
 0.436 
 0.436 
 0.436 
 0.436 
 0.436 
 0.436 
 0.436 
 0.222 
 0.222 
 0.222 
 0.222 
 0.222 
 0.222 
 0.222 
 0.222 
 0.222 
 0.222 
 0.048 
 0.048 
 0.048 
 0.048 
 0.048 
 0.048 
 0.048 
 0.048 
 0.048 
 0.048 
 0.048 
 0.048 
 0.048 
 0.048 
 0.048 
 0.048 
 0.048 
 0.048 
 0.048 
 0.048 
 0.048 
 0.048 
 0.048 
 0.048 
 0.048 
 0.048 
 0.048 
 0.048 
 0.048 
 0.048 
 0.048 
 0.048 
 0.218 
 0.218 
 0.218 
 0.218 
 0.218 
 0.218 
 0.218 
 0.218 
 0.372 
 0.49 
 0.49 
 0.49 
 0.49 
 0.49 
 0.49 
 0.49 
 0.49 
 0.49 
 0.49 
 0.49 
 0.32 
 0.32 
 0.494 
 0.494 
 0.494 
 0.494 
 0.494 
 2.512 
 2.512 
 2.528 
 0.51 
 0.472 
 0.472 
 0.472 
 0.472 
 0.57 
 0.57 
 0.57 
 0.57 
 0.57 
 0.57 
 0.57 
 0.57 
 0.57 
 0.396 
 0.396 
 0.396 
 0.396 
 2.706 
 2.706 
 2.706 
 2.706 
 2.706 
 2.492 
 2.492 
 2.492 
 2.492 
 2.492 
 2.492 
 2.492 
 2.492 
 2.492 
 2.492 
 2.492 
 0.242 
 0.302 
 0.302 
 0.362 
 0.362 
 0.302 
 0.302 
 0.302 
 0.302 
 0.418 
 0.418 
 0.418 
 0.418 
 0.418 
 0.418 
 0.418 
 0.418 
 0.418 
 0.418 
 0.418 
 0.418 
 0.418 
 0.418 
 0.418 
 0.418 
 0.418 
 0.418 
 0.418 
 2.436 
 2.534 
 2.534 
 0.516 
 2.826 
 3.06 
 3.06 
 3.06 
 3.06 
 3 
 2.984 
 2.984 
 3.022 
 3.022 
 3.022 
 3.192 
 3.192 
 3.192 
 3.192 
 3.094 
 0.796 
 0.856 
 0.856 
 0.856 
 0.796 
 0.796 
 0.796 
 0.67 
 0.67 
 0.79 
 0.73 
 0.67 
 0.67 
 0.742 
 0.742 
 0.572 
 0.56 
 0.56 
 0.56 
 0.56 
 0.5 
 0.5 
 0.5 
 0.55 
 0.49 
 0.44 
 0.44 
 0.44 
 0.54 
 0.44 
 0.44 
 0.44 
 0.44 
 0.44 
 0.44 
 0.505 
 0.505 
 0.44 
 0.38 
 0.38 
 0.38 
 0.38 
 0.38 
 0.44 
 0.44 
 0.44 
 0.44 
 0.44 
 0.44 
 0.44 
 0.44 
 0.44 
 0.38 
 0.38 
 0.32 
 0.56 
 0.52 
 0.52 
 0.58 
 0.615 
 0.615 
 0.615 
 0.615 
 0.58 
 0.58 
 0.602 
 0.602 
 0.602 
 0.602 
 0.662 
 0.544 
 0.544 
 0.544 
 0.544 
 0.544 
 0.544 
 0.669 
 0.495 
 0.495 
 0.495 
 0.495 
 0.595 
 0.649 
 0.584 
 0.584 
 0.584 
 0.619 
 0.619 
 0.657 
 0.722 
 0.722 
 0.722 
 0.722 
 0.722 
 0.722 
 0.722 
 0.722 
 0.722 
 0.722 
 0.662 
 0.564 
 0.564 
 0.564 
 0.552 
 0.552 
 0.612 
 0.612 
 0.612 
 0.552 
 0.552 
 0.722 
 0.722 
 0.722 
 0.722 
 0.722 
 0.648 
 0.648 
 0.648 
 0.648 
 0.648 
 0.708 
 0.708 
 0.708 
 0.643 
 0.643 
 0.643 
 0.583 
 0.583 
 0.583 
 0.822 
 0.652 
 0.652 
 0.652 
 0.652 
 0.652 
 0.652 
 0.652 
 0.652 
 0.702 
 0.82 
 0.88 
 0.88 
 0.83 
 0.83 
 0.83 
 0.83 
 0.83 
 0.83 
 0.83 
 0.87 
 0.87 
 0.756 
 0.756 
 0.756 
 0.756 
 0.74 
 0.74 
 0.79 
 0.79 
 0.908 
 2.926 
 2.888 
 2.9 
 0.882 
 0.882 
 0.942 
 0.882 
 0.882 
 0.882 
 0.882 
 0.882 
 0.882 
 1.052 
 1.052 
 1.052 
 1.052 
 1.052 
 1.052 
 1.052 
 1.052 
 1.002 
 0.942 
 0.942 
 0.942 
 0.942 
 0.942 
 0.942 
 0.942 
 0.942 
 0.942 
 0.942 
 0.942 
 0.772 
 0.772 
 0.788 
 0.688 
 0.628 
 0.628 
 0.628 
 0.628 
 0.688 
 0.862 
 0.862 
 0.862 
 0.862 
 0.862 
 0.862 
 0.862 
 0.922 
 0.922 
 1.022 
 0.982 
 1.02 
 1.02 
 1.02 
 0.9 
 0.96 
 0.969 
 0.969 
 0.929 
 0.929 
 0.929 
 0.929 
 0.795 
 0.795 
 2.853 
 2.951 
 2.951 
 0.933 
 0.873 
 0.873 
 0.873 
 0.793 
 0.793 
 0.793 
 0.793 
 0.793 
 0.893 
 0.893 
 0.793 
 0.758 
 0.758 
 0.758 
 0.758 
 0.66 
 0.66 
 0.66 
 0.66 
 0.66 
 0.66 
 0.66 
 0.66 
 0.66 
 0.66 
 0.66 
 0.66 
 0.66 
 0.66 
 0.66 
 0.66 
 0.66 
 0.604 
 0.544 
 0.644 
 0.584 
 0.584 
 0.048 
 0.048 
 0.048 
 0.048 
 0.048 
 0.048 
 0.048 
 0.048 
 0.048 
 0.222 
 0.222 
 0.222 
 0.222 
 0.222 
 0.222 
 0.222 
 0.222 
 0.222 
 0.222 
 0.222 
 0.222 
 0.222 
 0.222 
 0.222 
 0.222 
 0.222 
 0.222 
 0.222 
 0.222 
 0.222 
 0.222 
 0.048 
 0.048 
 0.048 
 0.048 
 0.048 
 0.048 
 0.048 
 0.048 
 0.048 
 0.048 
 0.048 
 0.048 
 0.048 
 0.048 
 0.048 
 0.048 
 0.218 
 0.218 
 0.218 
 0.218 
 0.218 
 0.218 
 0.218 
 0.218 
 0.218 
 0.218 
 0.218 
 0.218 
 0.218 
 0.218 
 0.218 
 0.218 
 0.218 
 0.218 
 0.218 
 0.316 
 0.146 
 0.146 
 0.146 
 0.146 
 0.146 
 0.146 
 0.146 
 0.146 
 0.146 
 0.146 
 0.146 
 0.146 
 0.146 
 0.146 
 0.146 
 0.146 
 0.146 
 0.048 
 0.048 
 0.048 
 0.048 
 0.048 
 0.048 
 0.048 
 0.048 
 0.048 
 0.048 
 0.048 
 0.048 
 0.048 
 0.048 
 0.048 
 0.048 
 0.048 
 0.048 
 0.048 
 0.222 
 0.222 
 0.222 
 0.222 
 0.222 
 0.222 
 0.222 
 0.222 
 0.222 
 0.222 
 0.222 
 0.222 
 0.222 
 0.222 
 0.222 
 0.222 
 0.222 
 0.222 
 0.222 
 0.222 
 0.222 
 0.222 
 0.048 
 0.048 
 0.048 
 0.048 
 0.048 
 0.048 
 0.218 
 0.218 
 0.218 
 0.218 
 0.218 
 0.218 
 0.218 
 0.218 
 0.218 
 0.218 
 0.218 
 0.218 
 0.218 
 0.218 
 0.218 
 0.218 
 0.218 
 0.218 
 0.218 
 0.218 
 0.048 
 0.048 
 0.048 
 0.146 
 0.146 
 0.146 
 0.146 
 0.146 
 0.146 
 0.146 
 0.146 
 0.146 
 0.146 
 0.146 
 0.146 
 0.146 
 0.146 
 0.146 
 0.146 
 0.146 
 0.146 
 0.048 
 0.048 
 0.048 
 0.048 
 0.048 
 0.048 
 0.048 
 0.048 
 0.048 
 0.048 
 0.048 
 0.048 
 0.048 
 0.048 
 0.048 
 0.048 
 0.048 
 0.048 
 0.048 
 0.048 
 0.048 
 0.048 
 0.218 
 0.218 
 0.218 
 0.218 
 0.218 
 0.218 
 0.218 
 0.218 
 0.218 
 0.392 
 0.392 
 0.392 
 0.392 
 0.392 
 0.392 
 0.392 
 0.392 
 0.392 
 0.392 
 0.392 
 0.222 
 0.222 
 0.222 
 0.222 
 0.222 
 0.222 
 0.222 
 0.32 
 0.32 
 0.32 
 0.32 
 0.146 
 0.146 
 0.146 
 0.146 
 0.146 
 0.146 
 0.146 
 0.146 
 0.146 
 0.146 
 0.146 
 0.146 
 0.146 
 0.146 
 0.048 
