 0.05 
 0.125 
 0.2 
 0.125 
 0.175 
 0.175 
 0.175 
 0.175 
 0.235 
 0.235 
 0.235 
 0.235 
 0.235 
 0.235 
 0.235 
 0.235 
 0.235 
 0.235 
 0.31 
 0.26 
 0.39 
 0.49 
 0.39 
 0.39 
 0.39 
 0.39 
 0.39 
 0.39 
 0.39 
 0.39 
 0.39 
 0.39 
 0.39 
 0.39 
 0.39 
 0.39 
 0.45 
 0.45 
 0.45 
 0.5 
 0.5 
 0.425 
 0.425 
 0.425 
 0.485 
 0.738 
 0.638 
 0.638 
 0.578 
 0.578 
 0.578 
 0.578 
 0.518 
 0.578 
 0.578 
 0.685 
 0.745 
 0.805 
 0.755 
 0.755 
 0.203 
 0.203 
 0.203 
 0.203 
 0.203 
 0.203 
 0.203 
 0.05 
 0.05 
 0.05 
 0.05 
 0.05 
 0.05 
 0.05 
 0.05 
 0.05 
 0.05 
 0.05 
 0.05 
 0.05 
 0.05 
 0.05 
 0.05 
 0.05 
 0.194 
 0.194 
 0.194 
 0.194 
 0.194 
 0.194 
 0.194 
 0.194 
 0.194 
 0.194 
 0.194 
 0.194 
 0.194 
 0.194 
 0.194 
 0.194 
 0.194 
 0.194 
 0.194 
 0.194 
 0.05 
 0.05 
 0.05 
 0.05 
 0.05 
 0.05 
 0.05 
 0.05 
 0.05 
 0.05 
 0.05 
 0.05 
 0.05 
 0.05 
 0.05 
 0.05 
 0.05 
 0.05 
 0.05 
 0.05 
 0.05 
 0.05 
 0.05 
 0.05 
 0.05 
 0.05 
 0.05 
 0.05 
 0.05 
 0.05 
 0.05 
 0.05 
 0.05 
 0.05 
 0.05 
 0.05 
 0.05 
 0.05 
 0.05 
 0.05 
 0.05 
 0.05 
 0.194 
 0.194 
 0.194 
 0.194 
 0.194 
 0.194 
 0.194 
 0.194 
 0.194 
 0.194 
 0.194 
 0.194 
 0.194 
 0.194 
 0.194 
 0.194 
 0.194 
 0.194 
 0.194 
 0.194 
 0.05 
 0.05 
 0.05 
 0.05 
 0.05 
 0.05 
 0.05 
 0.05 
 0.05 
 0.05 
 0.05 
 0.05 
 0.05 
 0.05 
 0.05 
 0.05 
 0.05 
 0.05 
 0.05 
 0.05 
 0.05 
 0.05 
 0.05 
 0.05 
 0.05 
 0.05 
 0.05 
 0.05 
 0.05 
 0.05 
 0.05 
 0.05 
 0.05 
 0.05 
 0.05 
 0.05 
 0.05 
 0.05 
 0.05 
 0.05 
 0.05 
 0.203 
 0.203 
 0.203 
 0.203 
 0.203 
 0.203 
 0.203 
 0.347 
 0.347 
 0.347 
 0.347 
 0.347 
 0.347 
 0.347 
 0.347 
 0.347 
 0.347 
 0.347 
 0.347 
 0.347 
 0.347 
 0.347 
 0.194 
 0.194 
 0.194 
 0.194 
 0.194 
 0.05 
 0.05 
 0.05 
 0.05 
 0.05 
 0.05 
 0.05 
 0.05 
 0.05 
 0.05 
 0.05 
 0.05 
 0.05 
 0.05 
 0.05 
 0.05 
 0.05 
 0.05 
 0.05 
 0.05 
 0.05 
 0.05 
 0.05 
 0.05 
 0.05 
 0.05 
 0.05 
 0.05 
 0.05 
 0.05 
 0.05 
 0.05 
 0.05 
 0.05 
 0.05 
 0.05 
 0.05 
 0.05 
 0.05 
 0.05 
 0.347 
 0.347 
 0.347 
 0.347 
 0.347 
 0.347 
 0.347 
 0.347 
 0.347 
 0.347 
 0.347 
 0.347 
 0.347 
 0.347 
 0.347 
 0.347 
 0.347 
 0.347 
 0.347 
 0.347 
 0.203 
 0.203 
 0.05 
 0.05 
 0.05 
 0.05 
 0.05 
 0.05 
 0.05 
 0.05 
 0.05 
 0.05 
 0.05 
 0.05 
 0.05 
 0.05 
 0.05 
 0.05 
 0.05 
 0.05 
 0.05 
 0.05 
 0.05 
 0.05 
 0.05 
 0.05 
 0.05 
 0.05 
 0.05 
 0.05 
 0.05 
 0.05 
 0.05 
 0.05 
 0.05 
 0.05 
 0.05 
 0.05 
 0.05 
 0.05 
 0.05 
 0.05 
 0.05 
 0.05 
 0.05 
 0.05 
 0.05 
 0.05 
 0.05 
 0.05 
 0.05 
 0.203 
 0.203 
 0.203 
 0.203 
 0.203 
 0.203 
 0.203 
 0.203 
 0.203 
 0.203 
 0.203 
 0.203 
 0.203 
 0.203 
 0.203 
 0.203 
 0.203 
 0.203 
 0.203 
 0.203 
 0.203 
 0.203 
 0.05 
 0.05 
 0.05 
 0.05 
 0.05 
 0.05 
 0.05 
 0.05 
 0.05 
 0.05 
 0.05 
 0.05 
 0.05 
 0.287 
 0.287 
 0.287 
 0.287 
 0.362 
 0.362 
 0.287 
 0.287 
 0.287 
 0.481 
 0.481 
 0.541 
 0.601 
 0.541 
 0.616 
 0.566 
 0.566 
 0.566 
 0.506 
 0.506 
 0.566 
 0.566 
 0.716 
 0.716 
 0.776 
 0.776 
 0.716 
 0.716 
 0.776 
 0.632 
 0.572 
 0.572 
 0.572 
 0.572 
 0.572 
 0.572 
 0.572 
 0.572 
 0.572 
 0.572 
 0.572 
 0.672 
 0.752 
 0.682 
 0.682 
 0.682 
 0.682 
 0.682 
 0.682 
 0.667 
 0.607 
 0.667 
 0.682 
 0.682 
 0.607 
 0.742 
 0.667 
 0.607 
 0.619 
 0.619 
 0.694 
 0.619 
 0.619 
 0.619 
 0.619 
 0.619 
 0.679 
 0.629 
 0.689 
 0.629 
 0.629 
 0.629 
 0.629 
 0.629 
 0.529 
 0.589 
 0.589 
 0.733 
 0.733 
 0.733 
 1.575 
 1.575 
 1.575 
 0.768 
 0.768 
 0.768 
 0.768 
 0.768 
 0.768 
 0.768 
 0.194 
 0.194 
 0.194 
 0.194 
 0.194 
 0.194 
 0.194 
 0.05 
 0.05 
 0.05 
 0.05 
 0.05 
 0.05 
 0.05 
 0.05 
 0.05 
 0.05 
 0.05 
 0.05 
 0.05 
 0.05 
 0.05 
 0.05 
 0.05 
 0.05 
 0.05 
 0.05 
 0.05 
 0.05 
 0.05 
 0.05 
 0.05 
 0.203 
 0.203 
 0.203 
 0.203 
 0.203 
 0.203 
 0.203 
 0.203 
 0.203 
 0.203 
 0.203 
 0.203 
 0.203 
 0.203 
 0.203 
 0.347 
 0.347 
 0.347 
 0.347 
 0.347 
 0.347 
 0.347 
 0.194 
 0.194 
 0.194 
 0.194 
 0.194 
 0.194 
 0.194 
 0.194 
 0.194 
 0.194 
 0.194 
 0.194 
 0.194 
 0.05 
 0.05 
 0.05 
 0.05 
 0.05 
 0.05 
 0.05 
 0.05 
 0.05 
 0.05 
 0.05 
 0.05 
 0.05 
 0.05 
 0.05 
 0.05 
 0.05 
 0.05 
 0.05 
 0.05 
 0.05 
 0.05 
 0.05 
 0.05 
 0.05 
 0.05 
 0.05 
 0.05 
 0.05 
 0.05 
 0.05 
 0.05 
 0.05 
 0.05 
 0.05 
 0.05 
 0.05 
 0.05 
 0.05 
 0.05 
 0.05 
 0.05 
 0.05 
 0.05 
 0.05 
 0.05 
 0.05 
 0.05 
 0.05 
 0.05 
 0.05 
 0.203 
 0.203 
 0.44 
 0.44 
 0.44 
 0.44 
 0.44 
 0.44 
 0.44 
 0.584 
 0.584 
 0.584 
 0.584 
 0.584 
 0.584 
 0.584 
 0.584 
 0.584 
 0.584 
 0.584 
 0.584 
 0.584 
 0.431 
 0.431 
 0.431 
 0.431 
 0.431 
 0.431 
 0.464 
 0.32 
 0.32 
 0.32 
 0.32 
 0.32 
 0.32 
 0.32 
 0.32 
 2.23 
 2.23 
 2.23 
 0.32 
 0.32 
 0.32 
 0.32 
 0.32 
 0.623 
 0.623 
 0.623 
 0.623 
 0.32 
 0.32 
 0.32 
 0.32 
 0.32 
 0.32 
 0.32 
 0.32 
 0.32 
 0.32 
 0.32 
 0.329 
 0.329 
 0.329 
 0.329 
 0.329 
 0.329 
 0.329 
 0.329 
 0.222 
 0.222 
 0.222 
 0.222 
 0.05 
 0.05 
 0.05 
 0.05 
 0.05 
 0.194 
 0.194 
 0.194 
 0.194 
 0.194 
 0.194 
 0.194 
 0.194 
 0.194 
 0.194 
 0.194 
 0.194 
 0.347 
 0.347 
 0.347 
 0.347 
 0.347 
 0.347 
 0.347 
 0.347 
 0.203 
 0.203 
 0.203 
 0.203 
 0.203 
 0.203 
 0.203 
 0.203 
 0.203 
 0.203 
 0.203 
 0.203 
 0.203 
 0.203 
 0.05 
 0.05 
 0.05 
 0.05 
 0.05 
 0.05 
 0.05 
 0.05 
 0.05 
 0.05 
 0.05 
 0.05 
 0.05 
 0.05 
 0.05 
 0.05 
 0.05 
 0.05 
 0.05 
 0.05 
 0.05 
 0.05 
 0.05 
 0.05 
 0.05 
 0.05 
 0.05 
 0.05 
 0.05 
 0.05 
 0.05 
 0.05 
 0.05 
 0.05 
 0.05 
 0.05 
 0.05 
 0.05 
 0.05 
 0.05 
 0.05 
 0.05 
 0.05 
 0.05 
 0.05 
 0.05 
 0.05 
 0.05 
 0.05 
 0.05 
 0.05 
 0.05 
 0.05 
 0.05 
 0.05 
 0.05 
 0.05 
 0.05 
 0.05 
 0.05 
 0.05 
 0.05 
 0.05 
 0.05 
 0.05 
 0.05 
 0.05 
 0.05 
 0.05 
 0.05 
 0.05 
 0.05 
 0.194 
 0.194 
 0.194 
 0.194 
 0.194 
 0.194 
 0.347 
 0.347 
 0.347 
 0.347 
 0.347 
 0.347 
 0.347 
 0.347 
 0.347 
 0.347 
 0.347 
 0.347 
 0.347 
 0.347 
 0.203 
 0.203 
 0.203 
 0.203 
 0.203 
 0.203 
 0.203 
 0.203 
 0.05 
 0.05 
 0.05 
 0.05 
 0.05 
 0.05 
 0.05 
 0.05 
 0.05 
 0.05 
 0.05 
 0.05 
 0.05 
 0.05 
 0.05 
 0.05 
 0.05 
 0.05 
 0.05 
 0.05 
 0.05 
 0.05 
 0.05 
 0.05 
 0.05 
 0.05 
 0.05 
 0.05 
 0.05 
 0.05 
 0.05 
 0.05 
 0.05 
 0.05 
 0.05 
 0.05 
 0.05 
 0.05 
 0.05 
 0.194 
 0.194 
 0.194 
 0.194 
 0.194 
 0.194 
 0.194 
 0.194 
 0.194 
 0.194 
 0.194 
 0.194 
 0.194 
 0.194 
 0.194 
 0.194 
 0.194 
 0.194 
 0.194 
 0.194 
 0.203 
 0.203 
 0.203 
 0.203 
 0.203 
 0.203 
 0.203 
 0.203 
 0.203 
 0.203 
 0.203 
 0.203 
 0.203 
 0.203 
 0.203 
 0.203 
 0.203 
 0.203 
 0.203 
 0.203 
 0.203 
 0.203 
 0.05 
 0.05 
 0.05 
 0.05 
 0.05 
 0.05 
 0.05 
 0.05 
 0.05 
 0.05 
 0.05 
 0.05 
 0.05 
 0.05 
 0.05 
 0.05 
 0.05 
 0.05 
 0.05 
 0.05 
 0.05 
 0.05 
 0.05 
 0.05 
 0.05 
 0.05 
 0.05 
 0.05 
 0.05 
 0.05 
 0.05 
 0.05 
 0.05 
 0.05 
 0.05 
 0.05 
 0.05 
 0.05 
 0.05 
 0.05 
 0.05 
 0.05 
 0.05 
 0.05 
 0.203 
 0.203 
 0.203 
 0.203 
 0.203 
 0.203 
 0.203 
 0.203 
 0.203 
 0.347 
 0.347 
 0.347 
 0.347 
 0.347 
 0.347 
 0.347 
 0.347 
 0.347 
 0.347 
 0.347 
 0.347 
 0.347 
 0.194 
 0.194 
 0.194 
 0.194 
 0.194 
 0.194 
 0.194 
 0.05 
 0.05 
 0.05 
 0.05 
 0.05 
 0.05 
 0.05 
 0.05 
 0.05 
 0.05 
 0.05 
 0.05 
 0.05 
 0.05 
 0.05 
 0.05 
 0.05 
 0.05 
 0.05 
 0.05 
 0.05 
 0.05 
 0.05 
 0.05 
 0.05 
 0.05 
 0.05 
 0.05 
 0.05 
 0.05 
 0.05 
 0.05 
 0.05 
 0.05 
 0.05 
 0.05 
 0.05 
 0.05 
 0.05 
 0.05 
 0.05 
 0.05 
 0.05 
 0.05 
 0.05 
 0.05 
 0.05 
 0.05 
 0.05 
 0.05 
 0.05 
 0.05 
 0.203 
 0.203 
 0.203 
 0.203 
 0.203 
 0.203 
 0.203 
 0.203 
 0.203 
 0.203 
 0.203 
 0.203 
 0.347 
 0.347 
 0.347 
 0.347 
 0.347 
 0.347 
 0.347 
 0.347 
 0.347 
 0.347 
 0.194 
 0.194 
 0.194 
 0.194 
 0.194 
 0.194 
 0.194 
 0.194 
 0.194 
 0.194 
 0.05 
 0.05 
 0.05 
 0.05 
 0.05 
 0.05 
 0.05 
 0.05 
 0.05 
 0.05 
 0.05 
 0.05 
 0.05 
 0.05 
 0.05 
 0.05 
 0.05 
 0.05 
 0.05 
 0.05 
 0.05 
 0.05 
 0.05 
 0.05 
 0.05 
 0.05 
 0.05 
 0.05 
 0.05 
 0.05 
 0.05 
 0.05 
 0.05 
 0.05 
 0.05 
 0.05 
 0.05 
 0.05 
 0.203 
 0.203 
 0.203 
 0.203 
 0.203 
 0.203 
 0.203 
 0.203 
 0.203 
 0.203 
 0.203 
 0.203 
 0.203 
 0.203 
 0.203 
 0.203 
 0.203 
 0.203 
 0.203 
 0.203 
 0.347 
 0.347 
 0.194 
 0.194 
 0.194 
 0.194 
 0.194 
 0.194 
 0.194 
 0.194 
 0.194 
 0.194 
 0.194 
 0.194 
 0.194 
 0.194 
 0.194 
 0.194 
 0.194 
 0.194 
 0.05 
 0.05 
 0.05 
 0.05 
 0.05 
 0.05 
 0.05 
 0.05 
 0.05 
 0.05 
 0.05 
 0.05 
 0.05 
 0.05 
 0.05 
 0.05 
 0.05 
 0.05 
 0.05 
 0.05 
 0.05 
 0.05 
 0.05 
 0.05 
 0.05 
 0.05 
 0.05 
 0.203 
 0.203 
 0.203 
 0.203 
 0.203 
 0.203 
 0.203 
 0.203 
 0.448 
 0.483 
 0.483 
 0.483 
 2.393 
 2.393 
 2.453 
 0.543 
 0.543 
 0.543 
 0.543 
 0.725 
 0.725 
 0.69 
 0.537 
 0.477 
 0.477 
 0.477 
 0.621 
 0.621 
 0.621 
 0.721 
 0.721 
 0.721 
 0.721 
 0.621 
 0.621 
 0.621 
 0.621 
 0.648 
 0.648 
 0.668 
 0.668 
 0.668 
 0.668 
 0.668 
 0.668 
 0.668 
 0.524 
 0.524 
 0.557 
 0.572 
 0.497 
 0.497 
 0.557 
 0.557 
 0.607 
 0.607 
 0.607 
 0.587 
 0.587 
 0.587 
 0.687 
 0.627 
 0.627 
 0.627 
 0.627 
 0.687 
 0.687 
 0.787 
 0.774 
 0.69 
 0.69 
 0.69 
 0.69 
 0.69 
 0.843 
 0.843 
 0.883 
 0.843 
 0.903 
 0.903 
 0.903 
 0.903 
 1.038 
 0.963 
 0.903 
 0.963 
 0.863 
 0.863 
 0.863 
 0.863 
 0.863 
 0.803 
 0.803 
 0.863 
 0.863 
 0.872 
 0.719 
 0.719 
 0.719 
 0.863 
 0.938 
 0.95 
 0.95 
 0.99 
 0.99 
 0.89 
 0.83 
 0.83 
 0.7 
 0.65 
 0.65 
 0.65 
 0.65 
 0.65 
 0.65 
 0.65 
 0.638 
 0.638 
 0.793 
 0.649 
 0.649 
 0.616 
 0.616 
 0.676 
 0.776 
 0.776 
 0.776 
 0.776 
 0.776 
 0.776 
 0.776 
 0.776 
 0.716 
 2.626 
 2.626 
 2.626 
 0.716 
 0.716 
 0.749 
 0.749 
 0.749 
 0.689 
 0.689 
 0.689 
 0.689 
 0.689 
 0.689 
 0.689 
 0.689 
 0.749 
 0.757 
 0.757 
 0.792 
 0.792 
 0.792 
 0.732 
 0.732 
 0.724 
 0.724 
 0.927 
 1.08 
 1.14 
 1.14 
 0.837 
 0.837 
 0.837 
 0.837 
 0.871 
 0.862 
 0.862 
 0.862 
 0.874 
 0.859 
 0.859 
 0.868 
 0.868 
 0.808 
 0.808 
 0.808 
 0.808 
 0.843 
 0.843 
 0.698 
 0.638 
 0.618 
 0.618 
 0.618 
 0.474 
 0.474 
 0.474 
 0.474 
 0.474 
 0.474 
 0.474 
 0.604 
 0.604 
 0.604 
 0.604 
 0.629 
 0.629 
 0.569 
 0.569 
 0.509 
 0.509 
 0.509 
 0.509 
 0.509 
 0.509 
 0.05 
 0.05 
 0.05 
 0.05 
 0.05 
 0.05 
 0.05 
 0.05 
 0.05 
 0.05 
 0.05 
 0.05 
 0.05 
 0.05 
 0.05 
 0.05 
 0.05 
 0.05 
 0.05 
 0.05 
 0.05 
 0.05 
 0.05 
 0.05 
 0.05 
 0.05 
 0.05 
 0.05 
 0.05 
 0.05 
 0.203 
 0.203 
 0.203 
 0.203 
 0.203 
 0.203 
 0.203 
 0.203 
 0.203 
 0.203 
 0.203 
 0.203 
 0.203 
 0.203 
 0.203 
 0.203 
 0.203 
 0.203 
 0.203 
 0.203 
 0.203 
 0.203 
 0.05 
 0.05 
 0.05 
 0.05 
 0.05 
 0.05 
 0.05 
 0.05 
 0.05 
 0.05 
 0.05 
 0.05 
 0.05 
 0.05 
 0.05 
 0.05 
 0.05 
 0.05 
 0.05 
 0.05 
 0.05 
 0.05 
 0.194 
 0.194 
 0.194 
 0.194 
 0.194 
 0.194 
 0.194 
 0.194 
 0.194 
 0.194 
 0.194 
 0.194 
 0.194 
 0.194 
 0.194 
 0.194 
