 0.05 
 0.05 
 0.05 
 0.05 
 0.05 
 0.05 
 0.05 
 0.05 
 0.05 
 0.05 
 0.191 
 0.191 
 0.191 
 0.191 
 0.191 
 0.191 
 0.191 
 0.191 
 0.191 
 0.191 
 0.191 
 0.191 
 0.191 
 0.191 
 0.191 
 0.191 
 0.191 
 0.191 
 0.191 
 0.191 
 0.05 
 0.05 
 0.05 
 0.05 
 0.05 
 0.05 
 0.05 
 0.05 
 0.05 
 0.05 
 0.05 
 0.05 
 0.05 
 0.05 
 0.05 
 0.05 
 0.05 
 0.05 
 0.05 
 0.05 
 0.05 
 0.05 
 0.05 
 0.05 
 0.05 
 0.153 
 0.153 
 0.153 
 0.343 
 0.343 
 0.343 
 0.343 
 0.343 
 0.343 
 0.343 
 0.343 
 0.343 
 0.343 
 0.343 
 0.343 
 0.343 
 0.343 
 0.343 
 0.24 
 0.24 
 0.24 
 0.24 
 0.24 
 0.24 
 0.24 
 0.05 
 0.05 
 0.05 
 0.05 
 0.05 
 0.05 
 0.05 
 0.05 
 0.05 
 0.05 
 0.05 
 0.05 
 0.05 
 0.05 
 0.05 
 0.05 
 0.05 
 0.05 
 0.05 
 0.05 
 0.05 
 0.05 
 0.05 
 0.05 
 0.05 
 0.05 
 0.05 
 0.05 
 0.05 
 0.05 
 0.05 
 0.05 
 0.05 
 0.05 
 0.05 
 0.05 
 0.05 
 0.05 
 0.05 
 0.05 
 0.05 
 0.05 
 0.153 
 0.153 
 0.153 
 0.153 
 0.153 
 0.153 
 0.153 
 0.153 
 0.153 
 0.294 
 0.294 
 0.484 
 0.484 
 0.484 
 0.484 
 0.484 
 0.484 
 0.484 
 0.381 
 0.381 
 0.381 
 0.381 
 0.381 
 0.381 
 0.381 
 0.381 
 0.381 
 0.381 
 0.381 
 0.24 
 0.24 
 0.24 
 0.24 
 0.05 
 0.05 
 0.05 
 0.05 
 0.05 
 0.05 
 0.05 
 0.05 
 0.05 
 0.05 
 0.05 
 0.05 
 0.05 
 0.05 
 0.05 
 0.05 
 0.05 
 0.05 
 0.05 
 0.05 
 0.05 
 0.05 
 0.05 
 0.05 
 0.05 
 0.05 
 0.05 
 0.05 
 0.05 
 0.05 
 0.05 
 0.05 
 0.153 
 0.153 
 0.153 
 0.153 
 0.153 
 0.153 
 0.153 
 0.153 
 0.153 
 0.153 
 0.153 
 0.153 
 0.153 
 0.153 
 0.343 
 0.343 
 0.343 
 0.343 
 0.24 
 0.24 
 0.24 
 0.24 
 0.24 
 0.24 
 0.24 
 0.24 
 0.24 
 0.24 
 0.24 
 0.24 
 0.24 
 0.24 
 0.24 
 0.24 
 0.24 
 0.381 
 0.191 
 0.191 
 0.191 
 0.191 
 0.191 
 0.191 
 0.191 
 0.191 
 0.191 
 0.191 
 0.191 
 0.191 
 0.191 
 0.191 
 0.191 
 0.191 
 0.191 
 0.191 
 0.191 
 0.05 
 0.05 
 0.05 
 0.05 
 0.05 
 0.05 
 0.05 
 0.05 
 0.05 
 0.05 
 0.05 
 0.05 
 0.05 
 0.05 
 0.05 
 0.05 
 0.05 
 0.05 
 0.05 
 0.05 
 0.05 
 0.05 
 0.05 
 0.05 
 0.05 
 0.05 
 0.05 
 0.05 
 0.05 
 0.05 
 0.05 
 0.05 
 0.05 
 0.05 
 0.05 
 0.05 
 0.05 
 0.05 
 0.05 
 0.05 
 0.05 
 0.05 
 0.05 
 0.05 
 0.05 
 0.05 
 0.05 
 0.05 
 0.153 
 0.153 
 0.153 
 0.153 
 0.343 
 0.343 
 0.343 
 0.343 
 0.343 
 0.343 
 0.343 
 0.343 
 0.343 
 0.343 
 0.343 
 0.343 
 0.343 
 0.343 
 0.24 
 0.24 
 0.24 
 0.24 
 0.381 
 0.381 
 0.381 
 0.381 
 0.191 
 0.191 
 0.191 
 0.191 
 0.191 
 0.191 
 0.191 
 0.191 
 0.191 
 0.191 
 0.191 
 0.191 
 0.191 
 0.191 
 0.191 
 0.191 
 0.05 
 0.05 
 0.05 
 0.05 
 0.05 
 0.05 
 0.05 
 0.05 
 0.05 
 0.05 
 0.05 
 0.05 
 0.05 
 0.05 
 0.05 
 0.05 
 0.05 
 0.05 
 0.05 
 0.05 
 0.05 
 0.05 
 0.05 
 0.05 
 0.05 
 0.05 
 0.05 
 0.05 
 0.05 
 0.05 
 0.05 
 0.05 
 0.05 
 0.05 
 0.05 
 0.24 
 0.24 
 0.24 
 0.24 
 0.24 
 0.24 
 0.24 
 0.381 
 0.381 
 0.381 
 0.381 
 0.381 
 0.381 
 0.381 
 0.381 
 0.381 
 0.381 
 0.381 
 0.381 
 0.381 
 0.381 
 0.381 
 0.191 
 0.191 
 0.191 
 0.191 
 0.191 
 0.05 
 0.05 
 0.05 
 0.05 
 0.05 
 0.05 
 0.05 
 0.05 
 0.05 
 0.05 
 0.05 
 0.05 
 0.05 
 0.05 
 0.05 
 0.05 
 0.05 
 0.05 
 0.05 
 0.05 
 0.05 
 0.05 
 0.153 
 0.153 
 0.153 
 0.153 
 0.153 
 0.153 
 0.153 
 0.153 
 0.153 
 0.153 
 0.153 
 0.153 
 0.153 
 0.153 
 0.153 
 0.153 
 0.153 
 0.153 
 0.05 
 0.05 
 0.191 
 0.191 
 0.191 
 0.191 
 0.191 
 0.191 
 0.191 
 0.191 
 0.191 
 0.191 
 0.191 
 0.381 
 0.381 
 0.381 
 0.381 
 0.381 
 0.381 
 0.381 
 0.381 
 0.381 
 0.24 
 0.24 
 0.24 
 0.24 
 0.34 
 0.34 
 0.34 
 0.375 
 0.41 
 0.41 
 0.31 
 0.31 
 0.31 
 0.12 
 0.12 
 0.12 
 0.12 
 0.12 
 0.12 
 0.12 
 0.085 
 0.085 
 0.085 
 0.155 
 0.155 
 0.155 
 0.19 
 0.19 
 0.25 
 0.19 
 0.225 
 0.285 
 0.35 
 0.41 
 0.41 
 0.41 
 0.41 
 0.37 
 0.73 
 0.765 
 0.765 
 0.705 
 0.37 
 0.37 
 0.37 
 0.37 
 0.37 
 0.37 
 0.37 
 0.37 
 0.37 
 0.43 
 0.43 
 0.51 
 0.55 
 0.45 
 0.415 
 0.475 
 2.529 
 2.822 
 2.822 
 0.969 
 0.909 
 0.959 
 0.899 
 0.964 
 0.964 
 0.899 
 0.899 
 0.914 
 0.914 
 0.914 
 0.914 
 0.914 
 0.914 
 0.894 
 0.894 
 0.791 
 0.731 
 0.731 
 0.731 
 2.454 
 2.454 
 2.454 
 0.34 
 0.34 
 0.34 
 0.34 
 0.34 
 0.34 
 0.34 
 0.34 
 0.34 
 0.34 
 0.34 
 0.34 
 0.34 
 0.34 
 0.34 
 0.34 
 0.34 
 0.34 
 0.34 
 0.32 
 0.22 
 0.22 
 0.22 
 0.22 
 0.22 
 0.234 
 0.234 
 0.234 
 0.234 
 0.199 
 0.199 
 0.199 
 0.199 
 0.199 
 0.139 
 0.139 
 0.139 
 0.139 
 0.139 
 0.139 
 0.28 
 0.28 
 0.28 
 0.28 
 0.28 
 0.28 
 0.28 
 0.28 
 0.28 
 0.28 
 0.28 
 0.28 
 0.47 
 0.47 
 0.41 
 0.41 
 0.41 
 0.41 
 0.395 
 0.395 
 0.254 
 0.254 
 0.254 
 0.254 
 0.254 
 0.254 
 0.254 
 0.254 
 0.254 
 0.254 
 0.254 
 0.254 
 0.254 
 0.254 
 0.064 
 0.064 
 0.064 
 0.064 
 0.064 
 0.064 
 0.064 
 0.064 
 2.426 
 2.426 
 2.426 
 2.515 
 2.515 
 2.515 
 2.515 
 2.515 
 2.515 
 2.515 
 2.515 
 2.515 
 2.515 
 2.515 
 2.515 
 2.515 
 0.153 
 0.153 
 0.153 
 0.153 
 0.153 
 0.05 
 0.05 
 0.05 
 0.05 
 0.05 
 0.05 
 0.05 
 0.05 
 0.05 
 0.05 
 0.05 
 0.05 
 2.104 
 2.104 
 2.104 
 0.191 
 0.191 
 0.191 
 0.191 
 0.191 
 0.191 
 0.191 
 0.191 
 0.191 
 0.191 
 0.191 
 0.191 
 0.191 
 1.23 
 1.23 
 1.23 
 0.33 
 0.33 
 0.33 
 0.33 
 0.198 
 0.198 
 0.05 
 0.153 
 0.153 
 0.153 
 0.153 
 0.343 
 0.343 
 0.343 
 0.343 
 0.343 
 0.343 
 0.343 
 0.343 
 0.343 
 0.343 
 0.343 
 0.343 
 0.343 
 0.343 
 0.24 
 0.24 
 0.24 
 0.24 
 0.24 
 0.24 
 0.24 
 0.24 
 0.05 
 0.05 
 0.05 
 0.05 
 0.05 
 0.05 
 0.05 
 0.05 
 0.05 
 0.05 
 0.05 
 0.05 
 0.05 
 0.05 
 0.05 
 0.191 
 0.191 
 0.191 
 0.191 
 0.191 
 0.191 
 0.191 
 0.191 
 0.191 
 0.191 
 0.191 
 0.191 
 0.191 
 0.191 
 0.191 
 0.191 
 0.191 
 0.191 
 0.191 
 0.191 
 0.05 
 0.05 
 0.05 
 0.05 
 0.05 
 0.05 
 0.05 
 0.05 
 0.05 
 0.24 
 0.24 
 0.24 
 0.24 
 0.24 
 0.24 
 0.24 
 0.24 
 0.24 
 0.24 
 0.24 
 0.24 
 0.24 
 0.24 
 0.24 
 0.24 
 0.24 
 0.24 
 0.24 
 0.24 
 0.24 
 0.24 
 0.05 
 0.05 
 0.05 
 0.05 
 0.05 
 0.05 
 0.05 
 0.05 
 0.05 
 0.05 
 0.05 
 0.05 
 0.05 
 0.05 
 0.05 
 0.05 
 0.05 
 0.05 
 0.05 
 0.05 
 0.05 
 0.05 
 0.05 
 0.05 
 0.05 
 0.05 
 0.05 
 0.05 
 0.05 
 0.05 
 0.05 
 0.05 
 0.05 
 0.05 
 0.05 
 0.05 
 0.05 
 0.05 
 0.05 
 0.05 
 0.05 
 0.05 
 0.05 
 0.05 
 0.05 
 0.05 
 0.24 
 0.24 
 0.24 
 0.24 
 0.24 
 0.24 
 0.24 
 0.24 
 0.24 
 0.24 
 0.24 
 0.24 
 0.24 
 0.24 
 0.24 
 0.24 
 0.24 
 0.24 
 0.24 
 0.24 
 0.24 
 0.24 
 0.05 
 0.05 
 0.153 
 0.153 
 0.153 
 0.153 
 0.153 
 0.153 
 0.153 
 0.153 
 0.153 
 0.153 
 0.153 
 0.153 
 0.153 
 0.153 
 0.153 
 0.153 
 0.153 
 0.294 
 0.191 
 0.191 
 0.191 
 0.191 
 0.191 
 0.191 
 0.191 
 0.191 
 0.191 
 0.191 
 0.191 
 0.191 
 0.191 
 0.191 
 0.191 
 0.191 
 0.191 
 0.191 
 0.191 
 0.05 
 0.05 
 0.05 
 0.05 
 0.05 
 0.05 
 0.05 
 0.05 
 0.05 
 0.05 
 0.05 
 0.05 
 0.05 
 0.05 
 0.05 
 0.05 
 0.05 
 0.05 
 0.153 
 0.153 
 0.153 
 0.153 
 0.153 
 0.153 
 0.153 
 0.153 
 0.153 
 0.153 
 0.153 
 0.153 
 0.153 
 0.153 
 0.153 
 0.153 
 0.153 
 0.153 
 0.05 
 0.05 
 0.05 
 0.05 
 0.05 
 0.05 
 0.05 
 0.05 
 0.05 
 0.05 
 0.05 
 0.05 
 0.24 
 0.24 
 0.24 
 0.24 
 0.24 
 0.24 
 0.24 
 0.24 
 0.24 
 0.24 
 0.24 
 0.24 
 0.381 
 0.381 
 0.381 
 0.381 
 0.381 
 0.381 
 0.381 
 0.381 
 0.381 
 0.381 
 0.191 
 0.191 
 0.191 
 0.191 
 0.191 
 0.191 
 0.191 
 0.191 
 0.191 
 0.191 
 0.05 
 0.05 
 0.05 
 0.05 
 0.05 
 0.05 
 0.05 
 0.05 
 0.05 
 0.05 
 0.05 
 0.05 
 0.05 
 0.05 
 0.05 
 0.05 
 0.153 
 0.153 
 0.153 
 0.153 
 0.292 
 0.366 
 0.306 
 0.306 
 0.306 
 0.306 
 0.366 
 0.366 
 0.378 
 0.378 
 0.378 
 0.378 
 0.478 
 0.513 
 0.41 
 0.41 
 0.41 
 0.445 
 0.445 
 0.445 
 0.445 
 0.505 
 0.445 
 0.445 
 0.745 
 0.745 
 0.745 
 0.805 
 0.805 
 1.01 
 1.07 
 1.054 
 1.019 
 1.01 
 1.01 
 0.65 
 0.65 
 0.65 
 0.768 
 0.768 
 0.768 
 0.768 
 0.768 
 0.768 
 3.13 
 3.13 
 3.13 
 3.13 
 3.32 
 3.32 
 0.24 
 0.24 
 0.24 
 0.24 
 0.24 
 0.24 
 0.24 
 0.24 
 0.24 
 0.24 
 0.24 
 0.24 
 0.24 
 0.24 
 0.24 
 0.24 
 0.24 
 0.24 
 0.24 
 0.24 
 0.05 
 0.05 
 0.05 
 0.05 
 0.05 
 0.05 
 0.191 
 0.191 
 0.191 
 0.191 
 0.191 
 0.191 
 0.191 
 0.191 
 0.191 
 0.191 
 0.191 
 0.191 
 0.191 
 0.191 
 0.191 
 0.191 
 0.191 
 0.191 
 0.191 
 0.191 
 0.05 
 0.05 
 0.05 
 0.05 
 2.743 
 2.743 
 2.743 
 2.743 
 2.743 
 2.743 
 2.743 
 2.743 
 2.743 
 2.743 
 0.381 
 0.367 
 0.367 
 0.309 
 0.309 
 0.309 
 0.309 
 0.309 
 0.309 
 0.309 
 0.369 
 0.309 
 0.439 
 0.439 
 0.439 
 0.379 
 0.379 
 0.379 
 0.379 
 0.439 
 0.474 
 0.439 
 0.644 
 0.439 
 0.439 
 0.439 
 0.439 
 0.439 
 0.439 
 0.439 
 0.439 
 0.439 
 0.474 
 0.474 
 0.284 
 0.284 
 0.249 
 0.249 
 0.249 
 0.249 
 0.301 
 0.301 
 0.301 
 0.421 
 0.381 
 0.321 
 0.321 
 0.321 
 0.321 
 0.261 
 0.29 
 0.29 
 0.29 
 0.325 
 0.325 
 0.325 
 0.325 
 0.325 
 0.425 
 0.325 
 0.325 
 0.325 
 0.325 
 0.325 
 0.325 
 0.325 
 0.325 
 0.325 
 0.325 
 0.385 
 0.385 
 0.385 
 0.385 
 0.385 
 0.385 
 0.36 
 0.36 
 0.36 
 0.36 
 0.43 
 0.05 
 0.05 
 0.05 
 0.294 
 0.294 
 0.294 
 0.294 
 0.484 
 0.484 
 0.484 
 0.484 
 0.484 
 0.484 
 0.484 
 0.484 
 0.484 
 0.484 
 0.484 
 0.484 
 0.484 
 0.484 
 0.381 
 0.381 
 0.24 
 0.24 
 0.24 
 0.24 
 0.24 
 0.24 
 0.05 
 0.05 
 0.05 
 0.05 
 0.05 
 0.05 
 0.05 
 0.05 
 0.05 
 0.05 
 0.05 
 0.05 
 0.05 
 0.05 
 0.05 
 0.05 
 0.05 
 0.05 
 0.05 
 0.05 
 0.05 
 0.05 
 0.05 
 0.05 
 0.05 
 0.05 
 0.05 
 0.05 
 0.05 
 0.05 
 0.05 
 0.05 
 0.05 
 0.05 
 0.05 
 0.05 
 0.05 
 0.153 
 0.153 
 0.153 
 0.153 
 0.153 
 0.153 
 0.153 
 0.153 
 0.153 
 0.294 
 0.294 
 0.294 
 0.294 
 0.294 
 0.294 
 0.294 
 0.294 
 0.294 
 0.191 
 0.191 
 0.191 
 0.191 
 0.191 
 0.191 
 0.191 
 0.381 
 0.381 
 0.381 
 0.381 
 0.24 
 0.24 
 0.24 
 0.24 
 0.24 
 0.24 
 0.24 
 0.24 
 0.24 
 0.24 
 0.24 
 0.24 
 0.24 
 0.24 
 0.24 
 0.24 
 0.24 
 0.24 
 0.05 
 0.05 
 0.05 
 0.05 
 0.05 
 0.05 
 0.05 
 0.05 
 0.05 
 0.05 
 0.05 
 0.05 
 0.05 
 0.05 
 0.05 
 0.05 
 0.05 
 0.05 
 0.05 
 0.05 
 0.05 
 0.05 
 0.05 
 0.05 
 0.05 
 0.05 
 0.05 
 0.05 
 0.05 
 0.05 
 0.05 
 0.05 
 0.05 
 0.05 
 0.05 
 0.05 
 0.05 
 0.05 
 0.05 
 0.05 
 0.05 
 0.05 
 0.05 
 0.05 
 0.05 
 0.05 
 0.05 
 0.05 
 0.05 
 0.05 
 0.05 
 0.24 
 0.343 
 0.343 
 0.343 
 0.343 
 0.343 
 0.343 
 0.343 
 0.343 
 0.343 
 0.343 
 0.343 
 0.343 
 0.343 
 0.343 
 0.343 
 0.343 
 0.343 
 0.343 
 0.24 
 0.24 
 0.24 
 0.05 
 0.05 
 0.05 
 0.05 
 0.05 
 0.05 
 0.05 
 0.191 
 0.191 
 0.191 
 0.191 
 0.191 
 0.191 
 0.191 
 0.191 
 0.191 
 0.191 
 0.191 
 0.191 
 0.191 
 0.191 
 0.191 
 0.191 
 0.191 
 0.191 
 0.191 
 0.191 
 0.05 
 0.05 
 0.05 
 0.05 
 0.05 
 0.05 
 0.05 
 0.05 
 0.05 
 0.05 
 0.05 
 0.05 
 0.05 
 0.05 
 0.05 
 0.05 
 0.05 
 0.05 
 0.05 
 0.05 
 0.05 
 0.05 
 0.05 
 0.05 
 0.05 
 0.05 
 0.05 
 0.05 
 0.05 
 0.05 
 0.05 
 0.05 
 0.05 
 0.24 
 0.24 
 0.24 
 0.24 
 0.24 
 0.24 
 0.24 
 0.24 
 0.24 
 0.24 
 0.24 
 0.24 
 0.24 
 0.24 
 0.24 
 0.24 
 0.24 
 0.24 
 0.24 
 0.24 
 0.24 
 0.24 
 0.05 
 0.05 
