 0.053 
 0.053 
 0.053 
 0.053 
 0.053 
 0.053 
 0.053 
 0.053 
 0.053 
 0.053 
 0.053 
 0.053 
 0.053 
 0.053 
 0.053 
 0.053 
 0.053 
 0.053 
 0.053 
 0.053 
 0.053 
 0.053 
 0.053 
 0.053 
 0.053 
 0.053 
 0.053 
 0.053 
 0.053 
 0.053 
 0.053 
 0.053 
 0.053 
 0.053 
 0.053 
 0.053 
 0.053 
 0.053 
 0.053 
 0.053 
 0.053 
 0.053 
 0.053 
 0.053 
 0.053 
 0.053 
 0.053 
 0.053 
 0.053 
 0.053 
 0.053 
 0.053 
 0.053 
 0.053 
 0.053 
 0.053 
 0.053 
 0.053 
 0.053 
 0.053 
 0.053 
 0.053 
 0.053 
 0.053 
 0.053 
 0.053 
 0.053 
 0.053 
 0.053 
 0.053 
 0.053 
 0.053 
 0.053 
 0.053 
 0.053 
 0.053 
 0.053 
 0.053 
 0.053 
 0.053 
 0.053 
 0.053 
 0.053 
 0.053 
 0.053 
 0.053 
 0.053 
 0.053 
 0.053 
 0.053 
 0.053 
 0.053 
 0.053 
 0.053 
 0.053 
 0.053 
 0.053 
 0.053 
 0.053 
 0.053 
 0.053 
 0.053 
 0.053 
 0.053 
 0.053 
 0.053 
 0.053 
 0.053 
 0.053 
 0.053 
 0.053 
 0.053 
 0.053 
 0.053 
 0.053 
 0.053 
 0.053 
 0.053 
 0.053 
 0.053 
 0.053 
 0.053 
 0.053 
 0.053 
 0.053 
 0.053 
 0.053 
 0.053 
 0.053 
 0.053 
 0.053 
 0.053 
 0.053 
 0.053 
 0.053 
 0.053 
 0.053 
 0.053 
 0.053 
 0.053 
 0.053 
 0.053 
 0.053 
 0.053 
 0.053 
 0.053 
 0.053 
 0.053 
 0.053 
 0.053 
 0.053 
 0.053 
 0.053 
 0.053 
 0.053 
 0.053 
 0.053 
 0.053 
 0.053 
 0.053 
 0.053 
 0.053 
 0.053 
 0.053 
 0.053 
 0.053 
 0.053 
 0.053 
 0.053 
 0.053 
 0.053 
 0.053 
 0.053 
 0.053 
 0.053 
 0.053 
 0.053 
 0.053 
 0.053 
 0.053 
 0.053 
 0.053 
 0.053 
 0.053 
 0.053 
 0.053 
 0.053 
 0.053 
 0.053 
 0.053 
 0.053 
 0.053 
 0.053 
 0.053 
 0.053 
 0.053 
 0.053 
 0.053 
 0.053 
 0.053 
 0.053 
 0.053 
 0.053 
 0.053 
 0.053 
 0.053 
 0.053 
 0.053 
 0.053 
 0.053 
 0.053 
 0.053 
 0.053 
 0.053 
 0.053 
 0.053 
 0.053 
 0.053 
 0.053 
 0.053 
 0.053 
 0.053 
 0.053 
 0.053 
 0.053 
 0.053 
 0.053 
 0.053 
 0.053 
 0.053 
 0.053 
 0.053 
 0.053 
 0.053 
 0.053 
 0.053 
 0.053 
 0.053 
 0.053 
 0.053 
 0.053 
 0.053 
 0.053 
 0.053 
 0.053 
 0.053 
 0.053 
 0.053 
 0.053 
 0.053 
 0.053 
 0.053 
 0.053 
 0.053 
 0.053 
 0.053 
 0.053 
 0.053 
 0.053 
 0.053 
 0.053 
 0.053 
 0.053 
 0.053 
 0.053 
 0.053 
 0.053 
 0.053 
 0.053 
 0.053 
 0.053 
 0.053 
 0.053 
 0.053 
 0.053 
 0.053 
 0.053 
 0.053 
 0.053 
 0.053 
 0.053 
 0.053 
 0.053 
 0.053 
 0.053 
 0.053 
 0.053 
 0.053 
 0.053 
 0.053 
 0.053 
 0.053 
 0.053 
 0.053 
 0.053 
 0.053 
 0.053 
 0.053 
 0.053 
 0.053 
 0.053 
 0.053 
 0.053 
 0.053 
 0.053 
 0.053 
 0.053 
 0.053 
 0.053 
 0.053 
 0.053 
 0.053 
 0.053 
 0.053 
 0.053 
 0.053 
 0.053 
 0.053 
 0.053 
 0.053 
 0.053 
 0.053 
 0.053 
 0.053 
 0.053 
 0.053 
 0.053 
 0.053 
 0.053 
 0.053 
 0.053 
 0.053 
 0.053 
 0.053 
 0.053 
 0.053 
 0.053 
 0.053 
 0.053 
 0.053 
 0.053 
 0.053 
 0.053 
 0.053 
 0.053 
 0.053 
 0.053 
 0.053 
 0.053 
 0.053 
 0.053 
 0.053 
 0.053 
 0.053 
 0.053 
 0.053 
 0.053 
 0.053 
 0.053 
 0.053 
 0.053 
 0.053 
 0.053 
 0.053 
 0.053 
 0.053 
 0.053 
 0.053 
 0.053 
 0.053 
 0.053 
 0.053 
 0.053 
 0.053 
 0.053 
 0.053 
 0.053 
 0.053 
 0.053 
 0.053 
 0.053 
 0.053 
 0.053 
 0.053 
 0.053 
 0.053 
 0.053 
 0.053 
 0.053 
 0.053 
 0.053 
 0.053 
 0.053 
 0.053 
 0.053 
 0.053 
 0.053 
 0.053 
 0.053 
 0.053 
 0.053 
 0.053 
 0.053 
 0.053 
 0.053 
 0.053 
 0.053 
 0.053 
 0.053 
 0.053 
 0.053 
 0.053 
 0.053 
 0.053 
 0.053 
 0.053 
 0.053 
 0.053 
 0.053 
 0.053 
 0.053 
 0.053 
 0.053 
 0.053 
 0.053 
 0.053 
 0.053 
 0.053 
 0.053 
 0.053 
 0.053 
 0.053 
 0.053 
 0.053 
 0.053 
 0.053 
 0.053 
 0.053 
 0.053 
 0.053 
 0.053 
 0.053 
 0.053 
 0.053 
 0.053 
 0.053 
 0.053 
 0.053 
 0.053 
 0.053 
 0.081 
 0.081 
 0.081 
 0.081 
 0.081 
 0.081 
 0.081 
 0.081 
 0.141 
 0.141 
 0.081 
 0.081 
 0.096 
 0.096 
 0.096 
 0.068 
 0.068 
 0.103 
 0.103 
 0.103 
 0.103 
 0.103 
 0.103 
 0.138 
 0.138 
 0.147 
 0.103 
 0.103 
 0.103 
 0.163 
 0.163 
 0.163 
 0.163 
 0.163 
 0.163 
 0.163 
 0.163 
 0.163 
 0.163 
 0.163 
 0.163 
 0.163 
 0.191 
 0.191 
 0.291 
 0.291 
 0.291 
 0.191 
 0.191 
 0.191 
 0.271 
 0.271 
 0.271 
 0.271 
 0.321 
 0.321 
 0.321 
 0.321 
 0.321 
 0.321 
 0.321 
 0.321 
 0.321 
 0.321 
 0.321 
 0.321 
 0.321 
 0.321 
 0.321 
 0.321 
 0.321 
 0.321 
 0.306 
 0.306 
 0.342 
 0.342 
 0.342 
 0.342 
 0.342 
 0.342 
 0.342 
 0.351 
 0.351 
 0.351 
 0.323 
 0.323 
 0.323 
 0.323 
 0.323 
 0.323 
 0.323 
 0.323 
 2.413 
 2.363 
 2.363 
 0.273 
 0.273 
 0.273 
 0.273 
 0.273 
 0.273 
 0.273 
 0.273 
 0.273 
 0.273 
 0.273 
 0.273 
 0.273 
 0.273 
 0.273 
 0.193 
 0.193 
 0.193 
 2.283 
 2.283 
 2.283 
 0.193 
 0.193 
 0.532 
 0.532 
 0.532 
 0.532 
 0.193 
 0.193 
 0.193 
 0.193 
 0.193 
 0.193 
 0.193 
 0.193 
 0.193 
 0.193 
 0.193 
 0.193 
 0.193 
 0.193 
 0.193 
 0.193 
 0.193 
 0.193 
 0.193 
 0.193 
 0.193 
 0.193 
 0.193 
 0.193 
 2.283 
 2.247 
 2.247 
 0.157 
 0.157 
 0.157 
 0.157 
 0.157 
 0.148 
 0.148 
 0.148 
 0.148 
 0.148 
 0.148 
 0.148 
 0.148 
 0.148 
 0.148 
 0.148 
 0.148 
 0.148 
 0.148 
 0.148 
 0.148 
 0.148 
 0.148 
 0.148 
 0.148 
 0.148 
 0.148 
 0.148 
 0.148 
 0.148 
 0.148 
 0.148 
 0.148 
 0.148 
 0.148 
 0.148 
 0.148 
 0.148 
 0.148 
 0.148 
 0.148 
 0.148 
 0.148 
 0.148 
 0.148 
 0.148 
 0.148 
 0.148 
 0.148 
 0.148 
 0.148 
 0.148 
 0.148 
 0.148 
 0.148 
 0.148 
 0.148 
 0.148 
 0.148 
 0.148 
 0.148 
 0.148 
 0.148 
 0.148 
 0.088 
 0.088 
 0.088 
 0.088 
 0.215 
 0.215 
 0.215 
 0.215 
 0.215 
 0.215 
 0.215 
 0.215 
 0.215 
 0.215 
 0.215 
 0.215 
 0.215 
 0.215 
 0.215 
 0.215 
 0.215 
 0.215 
 0.215 
 0.215 
 0.215 
 0.215 
 0.215 
 0.215 
 0.215 
 0.215 
 0.215 
 0.215 
 0.215 
 0.215 
 0.215 
 0.215 
 0.215 
 0.215 
 0.215 
 0.215 
 0.215 
 0.215 
 0.215 
 0.215 
 0.215 
 0.215 
 0.215 
 0.215 
 0.215 
 0.215 
 0.215 
 0.215 
 0.215 
 0.215 
 0.215 
 0.215 
 0.215 
 0.18 
 0.18 
 0.18 
 0.18 
 0.18 
 0.18 
 2.89 
 2.89 
 2.89 
 4.211 
 4.211 
 4.211 
 4.211 
 4.211 
 4.211 
 4.211 
 4.211 
 4.211 
 4.211 
 4.211 
 4.211 
 4.211 
 1.501 
 1.501 
 1.501 
 1.501 
 1.501 
 1.501 
 1.501 
 1.501 
 1.501 
 3.591 
 3.591 
 3.591 
 1.501 
 1.501 
 1.501 
 1.501 
 1.501 
 0.18 
 0.18 
 0.18 
 0.18 
 0.18 
 0.18 
 0.18 
 0.18 
 0.18 
 0.18 
 0.18 
 0.18 
 0.18 
 0.18 
 0.18 
 0.18 
 0.18 
 0.18 
 0.18 
 0.18 
 0.18 
 0.18 
 0.18 
 0.18 
 0.18 
 0.18 
 0.18 
 0.18 
 0.18 
 0.18 
 0.18 
 0.18 
 0.18 
 0.18 
 0.18 
 0.18 
 0.18 
 0.189 
 0.18 
 0.18 
 8.297 
 8.297 
 8.297 
 0.18 
 0.18 
 0.18 
 0.18 
 0.18 
 0.18 
 0.18 
 0.18 
 0.18 
 0.18 
 0.18 
 0.18 
 0.18 
 0.18 
 0.18 
 0.18 
 0.18 
 0.18 
 0.18 
 0.18 
 0.18 
 0.18 
 0.18 
 0.18 
 0.18 
 0.18 
 0.18 
 0.18 
 0.18 
 0.18 
 0.18 
 0.18 
 0.18 
 0.18 
 0.18 
 0.18 
 0.18 
 0.18 
 0.18 
 0.18 
 0.18 
 0.18 
 0.18 
 0.18 
 0.18 
 0.18 
 0.18 
 0.18 
 0.18 
 0.18 
 0.18 
 0.18 
 0.18 
 0.18 
 0.18 
 0.18 
 0.18 
 0.18 
 0.18 
 0.18 
 0.18 
 0.18 
 0.18 
 0.18 
 0.18 
 0.18 
 0.189 
 0.189 
 0.189 
 0.189 
 0.189 
 0.189 
 0.189 
 0.189 
 0.189 
 0.189 
 0.189 
 0.189 
 0.053 
 0.053 
 0.053 
 0.053 
 0.053 
 0.053 
 0.053 
 0.053 
 0.053 
 0.053 
 0.053 
 0.053 
 0.053 
 0.053 
 0.053 
 0.053 
 0.053 
 0.053 
 0.053 
 0.053 
 0.053 
 0.053 
 0.053 
 0.053 
 0.053 
 0.053 
 0.053 
 0.053 
 0.053 
 0.053 
 0.053 
 0.053 
 0.053 
 0.053 
 0.053 
 0.053 
 0.053 
 0.053 
 0.053 
 0.053 
 0.053 
 0.053 
 0.053 
 0.053 
 0.053 
 0.053 
 0.053 
 0.053 
 0.053 
 0.053 
 0.053 
 0.053 
 0.053 
 0.053 
 0.053 
 0.053 
 0.053 
 0.053 
 0.053 
 0.053 
 0.053 
 0.053 
 0.053 
 0.053 
 0.053 
 0.053 
 0.053 
 0.053 
 0.053 
 0.053 
 0.053 
 0.053 
 0.053 
 0.053 
 0.053 
 0.053 
 0.053 
 0.053 
 0.053 
 0.053 
 0.053 
 0.053 
 0.053 
 0.053 
 0.053 
 0.053 
 0.053 
 0.053 
 0.053 
 0.053 
 0.053 
 0.053 
 0.053 
 0.053 
 0.053 
 0.053 
 0.053 
 0.053 
 0.053 
 0.053 
 0.053 
 0.053 
 0.053 
 0.053 
 0.053 
 0.053 
 0.053 
 0.053 
 0.053 
 0.053 
 0.053 
 0.053 
 0.053 
 0.053 
 0.053 
 0.053 
 0.053 
 0.053 
 0.053 
 0.053 
 0.053 
 0.053 
 0.053 
 0.053 
 0.053 
 0.053 
 0.053 
 0.053 
 0.053 
 0.053 
 0.053 
 0.053 
 0.053 
 0.053 
 0.053 
 0.053 
 0.053 
 0.053 
 0.053 
 0.053 
 0.053 
 0.053 
 0.053 
 0.053 
 0.053 
 0.053 
 0.053 
 0.053 
 0.053 
 0.053 
 0.053 
 0.053 
 0.053 
 0.053 
 0.053 
 0.053 
 0.053 
 0.053 
 0.053 
 0.053 
 0.189 
 0.189 
 0.189 
 0.189 
 0.189 
 0.189 
 0.189 
 0.189 
 0.189 
 0.189 
 0.189 
 0.189 
 0.189 
 0.189 
 0.189 
 0.189 
 0.189 
 0.189 
 0.189 
 0.189 
 0.189 
 0.189 
 0.528 
 0.528 
 0.528 
 2.618 
 2.279 
 2.279 
 0.189 
 0.289 
 0.189 
 0.189 
 0.189 
 0.189 
 0.189 
 0.189 
 0.249 
 0.249 
 0.249 
 0.249 
 0.249 
 0.249 
 0.249 
 0.249 
 0.284 
 0.32 
 0.398 
 0.433 
 0.433 
 0.448 
 0.448 
 0.448 
 0.448 
 0.448 
 0.448 
 0.448 
 0.388 
 0.438 
 0.473 
 0.473 
 0.473 
 0.464 
 0.464 
 0.464 
 0.464 
 0.464 
 0.464 
 0.464 
 0.464 
 0.464 
 0.316 
 0.316 
 0.316 
 0.429 
 0.429 
 0.429 
 0.489 
 0.429 
 0.429 
 0.529 
 0.529 
 0.629 
 0.579 
 0.579 
 0.579 
 0.579 
 0.579 
 0.452 
 0.512 
 0.412 
 0.377 
 0.377 
 0.377 
 0.277 
 0.277 
 0.277 
 0.312 
 0.312 
 0.312 
 0.312 
 0.312 
 0.312 
 0.312 
 0.362 
 0.362 
 0.362 
 0.362 
 0.362 
 0.362 
 0.347 
 0.347 
 0.347 
 0.347 
 0.347 
 0.297 
 0.297 
 0.297 
 0.297 
 0.261 
 0.261 
 0.361 
 0.361 
 0.361 
 0.361 
 0.396 
 0.396 
 0.421 
 0.421 
 0.421 
 0.421 
 0.421 
 0.421 
 0.421 
 0.421 
 0.421 
 0.521 
 0.521 
 0.521 
 0.461 
 0.496 
 0.496 
 0.496 
 0.496 
 0.496 
 0.496 
 0.496 
 0.296 
 0.236 
 0.236 
 0.245 
 0.245 
 0.245 
 0.245 
 0.245 
 0.245 
 0.245 
 0.245 
 0.21 
 0.21 
 0.21 
 0.21 
 0.21 
 0.385 
 0.385 
 0.724 
 0.724 
 0.759 
 0.759 
 0.52 
 0.52 
 0.52 
 0.58 
 0.48 
 0.48 
 0.48 
 0.405 
 0.405 
 0.505 
 0.505 
 0.445 
 0.41 
 0.41 
 0.41 
 0.41 
 0.41 
 0.41 
 0.41 
 0.435 
 0.435 
 0.435 
 0.435 
 0.435 
 0.435 
 0.435 
 0.47 
 0.809 
 0.8 
 0.8 
 0.8 
 0.401 
 0.401 
 0.401 
 0.401 
 0.401 
 0.401 
 0.437 
 0.437 
 0.437 
 0.437 
 0.437 
 0.437 
 0.437 
 0.437 
 0.437 
 0.437 
 0.437 
 0.437 
 0.437 
 0.437 
 0.437 
 0.452 
 0.452 
 0.361 
 0.421 
 0.421 
 0.456 
 0.421 
 0.421 
 0.421 
 0.421 
 0.421 
 0.421 
 0.421 
 0.421 
 0.421 
 0.421 
 0.308 
 0.258 
 0.258 
 0.258 
 0.258 
 0.258 
 0.258 
 0.158 
 0.158 
 0.158 
 0.193 
 0.193 
 0.158 
 0.158 
 0.158 
 0.158 
 0.186 
 0.158 
 0.158 
 0.158 
 0.193 
 0.193 
 0.193 
 0.193 
 0.053 
 0.053 
 0.053 
 0.053 
 0.053 
 0.053 
 0.053 
 0.053 
 0.053 
 0.053 
 0.053 
 0.053 
 0.053 
 0.053 
 0.053 
 0.053 
 0.053 
 0.053 
 0.053 
 0.053 
 0.053 
 0.053 
 0.053 
 0.053 
 0.053 
 0.053 
 0.053 
 0.053 
 0.053 
 0.053 
 0.053 
 0.053 
 0.053 
 0.053 
 0.053 
 0.053 
 0.053 
 0.053 
 0.053 
 0.053 
 0.053 
 0.053 
 0.053 
 0.053 
 0.053 
 0.053 
 0.053 
 0.053 
 0.053 
 0.053 
 0.053 
 0.053 
 0.053 
 0.053 
 0.053 
 0.053 
 0.053 
 0.053 
 0.053 
 0.053 
 0.098 
 0.098 
 0.098 
 0.098 
 0.098 
 0.098 
 0.098 
 1.419 
 1.419 
 1.532 
 1.592 
 1.592 
 1.592 
 1.592 
 1.592 
 1.592 
 1.592 
 1.592 
 1.556 
 1.556 
 1.556 
 1.556 
 1.556 
 1.556 
 1.556 
 1.556 
 1.556 
 1.556 
 1.556 
 1.616 
 1.716 
 1.716 
 1.616 
 1.616 
 1.616 
 1.607 
 1.607 
 0.286 
 0.286 
 0.286 
 0.286 
 0.286 
 0.361 
 0.361 
 0.361 
 0.396 
 0.361 
 0.361 
 0.361 
 0.361 
 0.361 
 0.361 
 0.361 
 0.361 
 0.361 
 0.286 
 0.286 
 0.295 
 0.295 
 0.314 
 0.314 
 0.314 
 0.314 
 0.314 
 0.314 
 0.314 
 0.314 
 0.314 
 0.314 
 0.314 
 0.323 
 0.323 
 0.323 
 0.323 
 0.295 
 0.295 
 0.182 
 0.182 
 0.182 
 0.182 
