 0.046 
 0.046 
 0.046 
 0.046 
 0.046 
 0.046 
 0.046 
 0.046 
 0.046 
 0.046 
 0.046 
 0.046 
 0.046 
 0.046 
 0.046 
 0.046 
 0.046 
 0.046 
 0.046 
 0.046 
 0.046 
 0.046 
 0.046 
 0.046 
 0.046 
 0.046 
 0.046 
 0.046 
 0.046 
 0.046 
 0.046 
 0.046 
 0.046 
 0.046 
 0.046 
 0.046 
 0.046 
 0.046 
 0.046 
 0.046 
 0.046 
 0.046 
 0.046 
 0.046 
 0.046 
 0.046 
 0.046 
 0.046 
 0.046 
 0.046 
 0.046 
 0.046 
 0.046 
 0.046 
 0.046 
 0.046 
 0.046 
 0.046 
 0.046 
 0.046 
 0.046 
 0.046 
 0.046 
 0.046 
 0.046 
 0.046 
 0.046 
 0.046 
 0.046 
 0.046 
 0.046 
 0.046 
 0.046 
 0.046 
 0.046 
 0.046 
 0.046 
 0.046 
 0.046 
 0.046 
 0.046 
 0.046 
 0.046 
 0.046 
 0.046 
 0.046 
 0.046 
 0.046 
 0.154 
 0.154 
 0.154 
 0.154 
 0.154 
 0.154 
 0.154 
 0.154 
 0.154 
 0.154 
 0.154 
 0.154 
 0.154 
 0.154 
 0.154 
 0.154 
 0.154 
 0.154 
 0.046 
 0.046 
 0.046 
 0.046 
 0.046 
 0.046 
 0.046 
 0.046 
 0.046 
 0.046 
 0.046 
 0.046 
 0.046 
 0.046 
 0.046 
 0.046 
 0.046 
 0.046 
 0.046 
 0.046 
 0.046 
 0.046 
 0.046 
 0.046 
 0.046 
 0.046 
 0.046 
 0.046 
 0.046 
 0.046 
 0.046 
 0.046 
 0.046 
 0.046 
 0.046 
 0.046 
 0.046 
 0.046 
 0.046 
 0.046 
 0.046 
 0.154 
 0.154 
 0.154 
 0.154 
 0.154 
 0.154 
 0.154 
 0.154 
 0.154 
 0.154 
 0.154 
 0.154 
 0.154 
 0.154 
 0.154 
 0.154 
 0.154 
 0.154 
 0.046 
 0.046 
 0.046 
 0.046 
 0.046 
 0.046 
 0.046 
 0.046 
 0.046 
 0.046 
 0.046 
 0.046 
 0.046 
 0.046 
 0.046 
 0.046 
 0.046 
 0.046 
 0.046 
 0.046 
 0.046 
 0.046 
 0.046 
 0.046 
 0.046 
 0.046 
 0.046 
 0.046 
 0.046 
 0.046 
 0.046 
 0.046 
 0.046 
 0.046 
 0.046 
 0.046 
 0.046 
 0.046 
 0.046 
 0.046 
 0.046 
 0.046 
 0.046 
 0.046 
 0.046 
 0.046 
 0.046 
 0.046 
 0.046 
 0.046 
 0.046 
 0.046 
 0.046 
 0.046 
 0.046 
 0.046 
 0.046 
 0.046 
 0.046 
 0.046 
 0.046 
 0.046 
 0.046 
 0.046 
 0.046 
 0.046 
 0.046 
 0.046 
 0.046 
 0.046 
 0.046 
 0.046 
 0.046 
 0.046 
 0.046 
 0.046 
 0.046 
 0.046 
 0.046 
 0.046 
 0.046 
 0.046 
 0.046 
 0.046 
 0.046 
 0.046 
 0.046 
 0.046 
 0.046 
 0.046 
 0.046 
 0.046 
 0.046 
 0.046 
 0.046 
 0.046 
 0.046 
 0.046 
 0.046 
 0.046 
 0.046 
 0.046 
 0.046 
 0.046 
 0.046 
 0.046 
 0.046 
 0.046 
 0.046 
 0.046 
 0.046 
 0.046 
 0.046 
 0.046 
 0.046 
 0.046 
 0.046 
 0.046 
 0.046 
 0.154 
 0.154 
 0.154 
 0.154 
 0.154 
 0.154 
 0.154 
 0.154 
 0.154 
 0.154 
 0.154 
 0.154 
 0.154 
 0.154 
 0.154 
 0.154 
 0.154 
 0.154 
 0.046 
 0.046 
 0.046 
 0.046 
 0.046 
 0.046 
 0.046 
 0.046 
 0.046 
 0.046 
 0.046 
 0.046 
 0.046 
 0.046 
 0.046 
 0.046 
 0.046 
 0.046 
 0.046 
 0.046 
 0.046 
 0.046 
 0.046 
 0.046 
 0.046 
 0.046 
 0.046 
 0.046 
 0.046 
 0.046 
 0.046 
 2.305 
 2.305 
 2.305 
 0.106 
 0.118 
 0.118 
 0.118 
 0.178 
 0.118 
 0.138 
 0.138 
 0.138 
 0.138 
 0.15 
 0.15 
 0.15 
 0.13 
 0.13 
 0.13 
 0.13 
 0.13 
 0.13 
 0.13 
 0.13 
 0.13 
 0.13 
 0.13 
 2.389 
 2.389 
 2.389 
 0.118 
 0.118 
 0.118 
 0.178 
 0.118 
 0.118 
 0.118 
 0.118 
 0.118 
 0.118 
 0.118 
 0.226 
 0.226 
 0.226 
 0.226 
 0.226 
 0.226 
 0.286 
 0.286 
 0.286 
 0.286 
 0.286 
 0.286 
 0.226 
 0.226 
 0.226 
 0.226 
 0.286 
 0.226 
 0.118 
 0.118 
 0.118 
 0.118 
 0.118 
 0.118 
 0.058 
 0.058 
 0.07 
 0.07 
 0.078 
 0.078 
 0.078 
 0.078 
 0.066 
 0.066 
 0.066 
 0.066 
 0.066 
 0.066 
 0.066 
 0.066 
 0.066 
 0.066 
 0.126 
 0.126 
 0.126 
 0.126 
 0.126 
 0.126 
 0.106 
 0.106 
 0.106 
 0.106 
 0.106 
 0.106 
 0.106 
 8.894 
 8.894 
 8.894 
 2.365 
 2.365 
 2.365 
 0.118 
 0.178 
 0.118 
 0.118 
 0.118 
 0.118 
 0.118 
 0.118 
 0.118 
 0.118 
 0.226 
 0.226 
 0.226 
 0.226 
 0.226 
 0.226 
 0.226 
 0.214 
 0.214 
 0.214 
 0.214 
 0.214 
 0.214 
 0.214 
 0.214 
 0.214 
 2.473 
 2.473 
 2.365 
 0.106 
 0.106 
 0.106 
 0.118 
 0.118 
 0.118 
 0.118 
 0.058 
 0.118 
 0.118 
 0.118 
 0.118 
 0.118 
 0.118 
 0.118 
 0.166 
 0.166 
 0.106 
 0.166 
 0.166 
 0.106 
 0.106 
 0.146 
 0.118 
 0.118 
 0.118 
 0.13 
 0.19 
 0.19 
 0.19 
 0.25 
 0.25 
 0.19 
 0.19 
 0.19 
 0.19 
 0.19 
 0.13 
 0.13 
 0.238 
 0.238 
 0.238 
 0.238 
 0.238 
 0.226 
 0.226 
 0.266 
 0.266 
 0.266 
 0.266 
 0.266 
 0.266 
 0.266 
 0.206 
 0.206 
 0.206 
 0.206 
 0.098 
 0.098 
 0.098 
 0.098 
 0.098 
 0.098 
 0.098 
 0.098 
 0.098 
 0.098 
 0.098 
 0.098 
 0.098 
 0.098 
 0.098 
 0.098 
 0.098 
 0.098 
 0.098 
 0.17 
 0.17 
 0.17 
 0.17 
 1.984 
 1.984 
 1.984 
 1.984 
 3.967 
 3.967 
 3.967 
 3.967 
 3.967 
 3.967 
 3.967 
 3.967 
 3.967 
 3.967 
 3.955 
 3.955 
 3.955 
 3.955 
 3.955 
 3.955 
 2.141 
 2.141 
 2.141 
 2.141 
 2.141 
 0.158 
 0.158 
 0.158 
 0.158 
 0.158 
 0.158 
 0.158 
 0.158 
 0.158 
 0.158 
 0.158 
 0.158 
 0.158 
 0.158 
 0.158 
 0.158 
 2.417 
 2.417 
 2.417 
 0.158 
 0.266 
 0.266 
 0.266 
 0.266 
 0.266 
 0.266 
 0.266 
 0.266 
 0.266 
 0.266 
 0.266 
 0.266 
 0.266 
 0.266 
 0.266 
 0.266 
 0.266 
 0.278 
 0.17 
 0.17 
 0.17 
 0.17 
 0.23 
 0.23 
 0.23 
 0.23 
 0.23 
 0.23 
 0.23 
 0.23 
 0.23 
 0.23 
 0.23 
 0.23 
 0.23 
 0.23 
 0.23 
 0.218 
 0.218 
 0.218 
 0.218 
 0.218 
 0.218 
 0.395 
 0.395 
 0.218 
 0.218 
 0.218 
 0.218 
 0.218 
 0.218 
 0.218 
 0.218 
 0.218 
 0.218 
 0.218 
 0.395 
 0.395 
 0.218 
 0.218 
 0.218 
 0.218 
 0.218 
 0.218 
 0.218 
 0.326 
 2.585 
 2.545 
 2.545 
 0.463 
 0.463 
 0.286 
 0.286 
 0.286 
 0.286 
 0.286 
 0.286 
 0.286 
 0.358 
 0.358 
 0.358 
 0.298 
 0.475 
 0.367 
 0.685 
 0.685 
 2.668 
 2.668 
 2.668 
 4.6 
 4.6 
 4.6 
 4.6 
 4.6 
 4.6 
 4.6 
 4.6 
 4.6 
 4.6 
 4.6 
 4.6 
 4.6 
 4.6 
 4.6 
 4.6 
 4.6 
 4.6 
 2.617 
 2.617 
 2.617 
 2.617 
 2.617 
 2.617 
 2.617 
 2.617 
 2.617 
 2.617 
 2.617 
 2.617 
 2.617 
 2.617 
 2.617 
 2.617 
 2.617 
 2.617 
 2.617 
 2.617 
 2.617 
 2.617 
 2.617 
 2.617 
 2.617 
 2.617 
 2.617 
 2.617 
 2.617 
 2.617 
 2.617 
 2.617 
 2.617 
 2.617 
 2.617 
 2.617 
 2.617 
 2.617 
 2.617 
 2.617 
 2.617 
 2.617 
 0.118 
 0.118 
 0.118 
 0.118 
 0.118 
 0.118 
 0.118 
 0.226 
 0.226 
 0.226 
 0.226 
 0.226 
 0.226 
 0.226 
 0.226 
 0.226 
 0.226 
 0.226 
 0.226 
 0.226 
 0.226 
 0.403 
 0.403 
 0.226 
 0.226 
 0.118 
 0.118 
 0.118 
 0.118 
 0.118 
 0.118 
 0.118 
 0.118 
 0.118 
 0.295 
 0.295 
 0.118 
 0.118 
 0.118 
 0.118 
 0.118 
 0.118 
 0.118 
 0.118 
 0.118 
 0.118 
 0.118 
 0.295 
 0.295 
 0.118 
 0.118 
 0.118 
 0.118 
 0.118 
 0.118 
 0.118 
 0.118 
 0.118 
 0.118 
 0.118 
 0.295 
 0.295 
 0.613 
 0.613 
 0.613 
 0.613 
 0.613 
 0.046 
 0.046 
 0.046 
 0.046 
 0.046 
 0.046 
 0.046 
 0.046 
 0.046 
 0.046 
 0.046 
 0.046 
 0.046 
 0.046 
 0.046 
 0.046 
 0.046 
 0.046 
 0.046 
 0.046 
 0.046 
 0.046 
 0.046 
 0.046 
 0.046 
 0.046 
 0.046 
 0.046 
 0.046 
 0.046 
 0.046 
 0.046 
 0.046 
 0.046 
 0.046 
 0.046 
 0.046 
 0.046 
 0.046 
 0.046 
 0.046 
 0.046 
 0.046 
 0.046 
 0.046 
 0.046 
 0.046 
 0.046 
 0.046 
 0.046 
 0.046 
 0.046 
 0.046 
 0.046 
 0.046 
 0.046 
 0.046 
 0.046 
 0.046 
 0.046 
 0.046 
 0.046 
 0.046 
 0.046 
 0.046 
 0.046 
 0.046 
 0.046 
 0.046 
 0.046 
 0.046 
 0.046 
 0.046 
 0.046 
 0.046 
 0.046 
 0.046 
 0.046 
 0.154 
 0.154 
 0.154 
 0.154 
 0.154 
 0.154 
 0.154 
 0.154 
 0.154 
 0.154 
 0.154 
 0.154 
 0.154 
 0.154 
 0.154 
 0.154 
 0.154 
 0.154 
 0.046 
 0.046 
 0.046 
 0.046 
 0.046 
 0.046 
 0.046 
 0.046 
 0.046 
 0.046 
 0.046 
 0.046 
 0.046 
 0.046 
 0.046 
 0.046 
 0.046 
 0.046 
 0.046 
 0.046 
 0.046 
 0.046 
 0.046 
 0.046 
 0.046 
 0.046 
 0.046 
 0.046 
 0.046 
 0.046 
 0.046 
 0.046 
 0.046 
 0.046 
 0.046 
 0.046 
 0.046 
 0.046 
 0.046 
 0.046 
 0.046 
 0.046 
 0.046 
 0.046 
 0.154 
 0.154 
 0.154 
 0.154 
 0.154 
 0.154 
 0.154 
 0.154 
 0.154 
 0.154 
 0.154 
 0.154 
 0.154 
 0.154 
 0.154 
 0.154 
 0.154 
 0.154 
 0.046 
 0.046 
 0.046 
 0.046 
 0.046 
 0.046 
 0.046 
 0.046 
 0.046 
 0.046 
 0.046 
 0.046 
 0.046 
 0.046 
 0.046 
 0.046 
 0.046 
 0.046 
 0.046 
 0.046 
 0.046 
 0.046 
 0.046 
 0.046 
 0.046 
 0.046 
 0.046 
 0.046 
 0.046 
 0.046 
 0.046 
 0.046 
 0.046 
 0.046 
 0.046 
 0.046 
 0.046 
 0.046 
 0.046 
 0.046 
 0.046 
 0.046 
 0.046 
 0.046 
 0.046 
 0.046 
 0.046 
 0.046 
 0.046 
 0.046 
 0.046 
 0.046 
 0.046 
 0.046 
 0.046 
 0.046 
 0.046 
 0.154 
 0.154 
 0.154 
 0.154 
 0.154 
 0.154 
 0.154 
 0.154 
 0.154 
 0.154 
 0.154 
 0.154 
 0.154 
 0.154 
 0.154 
 0.154 
 0.154 
 0.154 
 0.046 
 0.046 
 0.046 
 0.046 
 0.046 
 0.046 
 0.046 
 0.046 
 0.046 
 0.046 
 0.046 
 0.106 
 0.106 
 0.106 
 0.106 
 0.046 
 0.046 
 0.046 
 0.046 
 0.046 
 0.046 
 0.046 
 0.057 
 0.057 
 0.057 
 0.117 
 0.057 
 0.057 
 0.057 
 0.117 
 0.117 
 0.117 
 0.252 
 0.252 
 0.252 
 0.192 
 0.192 
 0.192 
 0.192 
 0.3 
 0.3 
 0.3 
 0.38 
 0.38 
 0.412 
 0.412 
 0.412 
 0.412 
 0.412 
 0.412 
 0.412 
 0.412 
 2.395 
 2.395 
 2.355 
 2.367 
 2.355 
 2.247 
 2.342 
 4.601 
 4.601 
 4.601 
 2.342 
 2.354 
 2.354 
 2.354 
 2.354 
 2.354 
 2.394 
 2.394 
 2.394 
 2.394 
 2.454 
 0.471 
 0.511 
 0.451 
 0.511 
 0.511 
 0.511 
 0.511 
 0.511 
 0.511 
 0.471 
 0.471 
 0.471 
 0.471 
 0.471 
 0.471 
 0.471 
 0.471 
 0.471 
 0.471 
 0.471 
 0.471 
 0.471 
 0.46 
 0.46 
 0.46 
 0.568 
 0.568 
 0.568 
 0.568 
 0.568 
 0.568 
 0.579 
 0.579 
 0.579 
 0.579 
 0.579 
 0.579 
 0.579 
 0.579 
 0.579 
 0.639 
 0.639 
 0.579 
 0.471 
 0.471 
 0.471 
 0.471 
 0.471 
 0.471 
 0.471 
 0.459 
 0.459 
 0.459 
 0.459 
 0.459 
 0.459 
 0.459 
 0.459 
 0.459 
 0.459 
 0.459 
 0.459 
 0.459 
 0.636 
 0.636 
 0.459 
 0.479 
 0.479 
 0.479 
 0.479 
 0.479 
 0.479 
 0.479 
 0.539 
 0.539 
 0.539 
 0.716 
 0.716 
 0.539 
 0.539 
 0.491 
 0.491 
 0.479 
 0.479 
 0.479 
 0.479 
 0.479 
 0.479 
 0.479 
 0.656 
 0.656 
 0.479 
 0.479 
 0.479 
 0.479 
 0.479 
 0.479 
 0.587 
 0.587 
 0.587 
 0.587 
 0.587 
 0.764 
 0.764 
 1.131 
 1.131 
 1.071 
 1.071 
 1.071 
 0.504 
 0.504 
 0.504 
 0.504 
 0.504 
 0.504 
 0.408 
 0.408 
 0.408 
 0.408 
 0.408 
 0.408 
 0.408 
 0.408 
 0.408 
 0.388 
 0.388 
 0.388 
 0.388 
 0.388 
 0.408 
 0.408 
 0.408 
 0.408 
 0.408 
 0.388 
 0.388 
 0.388 
 0.388 
 0.388 
 0.388 
 0.388 
 0.388 
 0.399 
 0.399 
 0.399 
 0.399 
 0.399 
 0.399 
 0.399 
 0.411 
 0.411 
 0.411 
 0.411 
 0.411 
 0.411 
 0.411 
 0.399 
 0.399 
 0.399 
 0.399 
 0.399 
 0.399 
 0.399 
 0.459 
 0.399 
 0.399 
 0.399 
 0.399 
 0.399 
 0.399 
 0.399 
 0.339 
 0.204 
 0.264 
 0.264 
 0.264 
 0.224 
 0.224 
 0.224 
 0.359 
 0.359 
 0.359 
 0.359 
 0.359 
 0.359 
 0.359 
 0.359 
 0.359 
 0.359 
 0.359 
 0.359 
 0.371 
 0.371 
 0.371 
 0.371 
 0.371 
 0.371 
 0.371 
 0.371 
 0.371 
 0.299 
 0.299 
 0.299 
 0.299 
 0.299 
 0.299 
 0.299 
 0.299 
 0.359 
 0.299 
 0.299 
 0.299 
 0.299 
 0.299 
 0.287 
 0.276 
 0.276 
 0.216 
 0.216 
 0.344 
 0.344 
 0.32 
 0.32 
 0.32 
 0.32 
 0.32 
 0.32 
 0.32 
 0.332 
 0.344 
 0.344 
 0.379 
 0.379 
 0.379 
 0.379 
 0.439 
 0.439 
 0.331 
 0.196 
 0.196 
 0.196 
 0.196 
 0.196 
 0.196 
 0.196 
 0.196 
 0.196 
 0.236 
 0.236 
 0.236 
 0.236 
 0.236 
 0.236 
 0.236 
 0.236 
 0.236 
 0.236 
 0.236 
 0.236 
 0.236 
 0.236 
 0.236 
 0.196 
 0.196 
 0.196 
 0.136 
 0.136 
 0.196 
 0.196 
 0.046 
 0.046 
 0.046 
 0.046 
 0.046 
 0.046 
 0.046 
 0.046 
 0.046 
 0.046 
 0.046 
 0.046 
 0.046 
 0.046 
 0.154 
 0.154 
 0.154 
 0.154 
 0.154 
 0.154 
 0.154 
 0.154 
 0.154 
 0.154 
 0.154 
 0.154 
 0.154 
 0.154 
 0.154 
 0.154 
 0.154 
 0.154 
 0.046 
 0.046 
 0.046 
 0.046 
 0.046 
 0.046 
 0.046 
 0.046 
 0.046 
 0.046 
 0.046 
 0.046 
 0.046 
 0.046 
 0.046 
 0.046 
 0.046 
 0.046 
 0.046 
 0.046 
 0.046 
 0.046 
 0.046 
 0.046 
 0.046 
 0.046 
 0.046 
 0.046 
