 0.054 
 0.054 
 0.054 
 0.054 
 0.054 
 0.054 
 0.054 
 0.054 
 0.054 
 0.054 
 0.054 
 0.054 
 0.054 
 0.054 
 0.054 
 0.054 
 0.054 
 0.054 
 0.054 
 0.054 
 0.054 
 0.054 
 0.054 
 0.054 
 0.054 
 0.054 
 0.054 
 0.054 
 0.054 
 0.054 
 0.054 
 0.054 
 0.054 
 0.054 
 0.054 
 0.054 
 0.054 
 0.054 
 0.054 
 0.054 
 0.054 
 0.054 
 0.054 
 0.054 
 0.054 
 0.054 
 0.054 
 0.054 
 0.054 
 0.054 
 0.054 
 0.054 
 0.054 
 0.054 
 0.054 
 0.054 
 0.054 
 0.054 
 0.054 
 0.054 
 0.054 
 0.054 
 0.054 
 0.054 
 0.054 
 0.054 
 0.054 
 0.054 
 0.054 
 0.054 
 0.054 
 0.054 
 0.054 
 0.054 
 0.054 
 0.054 
 0.054 
 0.054 
 0.054 
 0.054 
 0.22 
 0.441 
 0.441 
 0.441 
 0.441 
 0.441 
 0.441 
 0.441 
 0.441 
 0.441 
 0.441 
 0.441 
 0.441 
 0.441 
 0.441 
 0.441 
 0.441 
 0.441 
 0.441 
 0.441 
 0.275 
 0.275 
 0.275 
 0.054 
 0.054 
 0.054 
 0.054 
 0.054 
 0.054 
 0.054 
 0.054 
 0.054 
 0.054 
 0.054 
 0.054 
 0.054 
 0.054 
 0.054 
 0.054 
 0.054 
 0.054 
 0.054 
 0.054 
 0.054 
 0.054 
 0.054 
 0.054 
 0.054 
 0.054 
 0.054 
 0.054 
 0.054 
 0.054 
 0.054 
 0.054 
 0.054 
 0.054 
 0.054 
 0.054 
 0.054 
 0.054 
 0.22 
 0.22 
 0.22 
 0.22 
 0.22 
 0.22 
 0.22 
 0.22 
 0.22 
 0.22 
 0.441 
 0.441 
 0.441 
 0.441 
 0.441 
 0.441 
 0.441 
 0.441 
 0.441 
 0.441 
 0.275 
 0.275 
 0.275 
 0.275 
 0.275 
 0.275 
 0.275 
 0.275 
 0.275 
 0.275 
 0.275 
 0.275 
 0.054 
 0.054 
 0.054 
 0.054 
 0.054 
 0.054 
 0.054 
 0.054 
 0.054 
 0.054 
 0.054 
 0.054 
 0.054 
 0.054 
 0.054 
 0.054 
 0.054 
 0.054 
 0.054 
 0.054 
 0.054 
 0.054 
 0.054 
 0.054 
 0.054 
 0.054 
 0.054 
 0.054 
 0.054 
 0.054 
 0.054 
 0.054 
 0.054 
 0.054 
 0.054 
 0.054 
 0.054 
 0.054 
 0.054 
 0.054 
 0.054 
 0.054 
 0.054 
 0.054 
 0.054 
 0.054 
 0.054 
 0.054 
 0.22 
 0.22 
 0.22 
 0.22 
 0.22 
 0.22 
 0.22 
 0.22 
 0.22 
 0.22 
 0.22 
 0.22 
 0.22 
 0.22 
 0.22 
 0.22 
 0.441 
 0.441 
 0.441 
 0.441 
 0.275 
 0.275 
 0.275 
 0.275 
 0.275 
 0.275 
 0.275 
 0.275 
 0.275 
 0.275 
 0.275 
 0.275 
 0.275 
 0.275 
 0.275 
 0.275 
 0.275 
 0.275 
 0.054 
 0.054 
 0.054 
 0.054 
 0.054 
 0.054 
 0.054 
 0.054 
 0.054 
 0.054 
 0.054 
 0.054 
 0.054 
 0.054 
 0.054 
 0.054 
 0.054 
 0.054 
 0.054 
 0.054 
 0.054 
 0.054 
 0.054 
 0.054 
 0.054 
 0.054 
 0.054 
 0.054 
 0.054 
 0.054 
 0.054 
 0.054 
 0.054 
 0.054 
 0.054 
 0.054 
 0.054 
 0.054 
 0.054 
 0.054 
 0.054 
 0.054 
 0.054 
 0.22 
 0.22 
 0.22 
 0.22 
 0.22 
 0.22 
 0.22 
 0.22 
 0.22 
 0.22 
 0.22 
 0.22 
 0.22 
 0.22 
 0.22 
 0.22 
 0.22 
 0.22 
 0.22 
 0.22 
 0.054 
 0.054 
 0.054 
 0.054 
 0.054 
 0.054 
 0.054 
 0.054 
 0.054 
 0.054 
 0.054 
 0.054 
 0.054 
 0.054 
 0.054 
 0.054 
 0.054 
 0.054 
 0.275 
 0.275 
 0.275 
 0.275 
 0.275 
 0.275 
 0.275 
 0.275 
 0.275 
 0.275 
 0.275 
 0.275 
 0.275 
 0.275 
 0.275 
 0.275 
 0.275 
 0.275 
 0.275 
 0.275 
 0.275 
 0.275 
 0.054 
 0.054 
 0.054 
 0.054 
 0.054 
 0.054 
 0.054 
 0.054 
 0.054 
 0.054 
 0.054 
 0.054 
 0.054 
 0.054 
 0.054 
 0.054 
 0.054 
 0.054 
 0.054 
 0.054 
 0.054 
 0.054 
 0.054 
 0.054 
 0.054 
 0.054 
 0.054 
 0.054 
 0.054 
 0.054 
 0.054 
 0.054 
 0.054 
 0.054 
 0.054 
 0.054 
 0.054 
 0.054 
 0.054 
 0.054 
 0.054 
 0.054 
 0.054 
 0.054 
 0.054 
 0.054 
 0.054 
 0.054 
 0.054 
 0.054 
 0.054 
 0.054 
 0.054 
 0.054 
 0.054 
 0.054 
 0.054 
 0.054 
 0.054 
 0.054 
 0.054 
 0.054 
 0.22 
 0.22 
 0.22 
 0.22 
 0.22 
 0.22 
 0.22 
 0.22 
 0.22 
 0.22 
 0.441 
 0.441 
 0.441 
 0.441 
 0.441 
 0.441 
 0.441 
 0.441 
 0.441 
 0.441 
 0.275 
 0.275 
 0.275 
 0.275 
 0.275 
 0.275 
 0.275 
 0.275 
 0.275 
 0.275 
 0.275 
 0.275 
 0.054 
 0.054 
 0.054 
 0.054 
 0.054 
 0.054 
 0.054 
 0.054 
 0.054 
 0.054 
 0.054 
 0.054 
 0.054 
 0.054 
 0.154 
 0.291 
 0.291 
 0.251 
 0.311 
 0.251 
 0.251 
 0.251 
 0.251 
 0.251 
 0.251 
 0.251 
 0.251 
 0.251 
 0.251 
 0.191 
 0.191 
 0.191 
 0.203 
 0.203 
 0.203 
 0.378 
 10.38 
 10.44 
 10.44 
 0.338 
 0.338 
 0.564 
 0.564 
 0.564 
 0.564 
 0.564 
 0.564 
 0.785 
 0.785 
 0.785 
 0.885 
 0.985 
 1.02 
 1.02 
 0.441 
 0.441 
 0.441 
 0.441 
 0.441 
 0.441 
 0.441 
 0.275 
 0.275 
 0.275 
 0.275 
 0.275 
 0.275 
 0.275 
 0.275 
 0.054 
 0.054 
 0.054 
 0.054 
 0.054 
 0.054 
 0.054 
 0.054 
 0.054 
 0.054 
 0.054 
 0.054 
 0.054 
 0.054 
 0.054 
 0.054 
 0.054 
 0.054 
 0.054 
 0.054 
 0.054 
 0.054 
 0.054 
 0.054 
 0.054 
 0.054 
 0.054 
 0.054 
 0.054 
 0.054 
 0.054 
 0.054 
 0.054 
 0.054 
 0.054 
 0.203 
 0.203 
 0.203 
 10.305 
 10.305 
 10.471 
 0.369 
 0.369 
 0.369 
 0.369 
 0.59 
 0.59 
 0.59 
 0.59 
 0.59 
 0.59 
 0.59 
 0.59 
 0.59 
 0.59 
 0.59 
 0.59 
 0.59 
 0.59 
 0.59 
 0.424 
 0.424 
 0.424 
 0.424 
 0.424 
 0.424 
 0.424 
 0.203 
 0.203 
 0.203 
 0.203 
 0.203 
 0.203 
 0.191 
 0.191 
 0.191 
 0.191 
 0.191 
 0.191 
 0.251 
 0.191 
 0.191 
 0.191 
 0.191 
 0.191 
 0.191 
 0.191 
 0.191 
 0.191 
 0.191 
 0.508 
 0.508 
 0.508 
 0.508 
 0.191 
 0.191 
 0.191 
 0.191 
 0.191 
 0.191 
 0.357 
 0.357 
 0.357 
 0.357 
 0.357 
 0.357 
 0.357 
 0.357 
 0.357 
 0.357 
 0.357 
 0.357 
 2.01 
 2.01 
 2.01 
 0.357 
 0.392 
 0.392 
 0.392 
 0.392 
 0.226 
 0.226 
 0.447 
 0.447 
 0.447 
 0.447 
 0.447 
 0.447 
 0.447 
 0.447 
 0.447 
 0.447 
 0.447 
 0.447 
 0.447 
 0.447 
 0.447 
 0.447 
 0.447 
 0.447 
 0.447 
 0.447 
 10.549 
 10.549 
 10.328 
 0.226 
 0.226 
 0.226 
 0.226 
 0.226 
 0.226 
 0.226 
 0.226 
 0.226 
 0.226 
 0.226 
 0.261 
 0.226 
 0.226 
 0.226 
 0.226 
 0.226 
 0.226 
 0.226 
 0.226 
 0.226 
 0.226 
 0.226 
 0.226 
 0.226 
 0.226 
 0.226 
 2.399 
 2.399 
 2.399 
 2.399 
 2.399 
 2.399 
 2.399 
 2.399 
 2.399 
 2.399 
 2.399 
 2.399 
 2.399 
 2.399 
 2.399 
 2.399 
 2.399 
 2.424 
 2.645 
 2.645 
 2.645 
 2.645 
 2.645 
 2.811 
 2.811 
 2.811 
 2.811 
 0.638 
 0.638 
 0.638 
 0.638 
 0.638 
 0.638 
 0.638 
 0.638 
 0.638 
 0.638 
 0.638 
 0.638 
 0.638 
 0.417 
 0.357 
 0.357 
 0.191 
 0.191 
 0.191 
 0.191 
 0.191 
 0.191 
 0.191 
 0.191 
 0.191 
 0.191 
 0.191 
 0.191 
 0.191 
 0.191 
 0.191 
 0.191 
 0.191 
 0.191 
 0.191 
 0.191 
 0.191 
 0.191 
 0.191 
 0.191 
 0.191 
 0.191 
 0.191 
 0.191 
 0.191 
 0.191 
 0.191 
 0.191 
 0.191 
 0.191 
 0.191 
 0.191 
 0.191 
 0.191 
 0.191 
 0.191 
 0.191 
 0.191 
 0.191 
 0.357 
 0.357 
 0.357 
 0.357 
 0.357 
 0.357 
 0.357 
 0.392 
 0.613 
 0.613 
 0.613 
 0.746 
 0.746 
 0.746 
 0.746 
 0.746 
 0.746 
 0.746 
 0.746 
 0.746 
 0.58 
 0.58 
 0.58 
 0.58 
 0.58 
 0.58 
 0.58 
 0.58 
 0.58 
 0.58 
 0.359 
 0.359 
 0.359 
 0.359 
 0.359 
 0.359 
 0.368 
 0.368 
 0.231 
 0.231 
 0.231 
 0.231 
 0.271 
 0.271 
 0.231 
 0.231 
 0.231 
 0.231 
 0.231 
 0.231 
 0.231 
 0.231 
 0.231 
 0.231 
 0.231 
 0.231 
 0.231 
 0.231 
 0.231 
 0.231 
 0.231 
 0.231 
 0.397 
 0.397 
 0.534 
 0.534 
 0.534 
 0.534 
 0.534 
 0.534 
 0.534 
 0.534 
 0.534 
 0.534 
 0.534 
 0.534 
 0.534 
 0.534 
 0.534 
 0.755 
 0.72 
 0.72 
 0.554 
 0.554 
 0.554 
 0.554 
 0.554 
 0.554 
 0.554 
 0.554 
 0.554 
 0.554 
 0.554 
 0.554 
 0.554 
 0.554 
 0.554 
 0.554 
 0.554 
 0.554 
 0.554 
 0.333 
 0.333 
 0.333 
 0.333 
 0.333 
 0.333 
 0.333 
 0.333 
 0.324 
 0.324 
 0.324 
 0.324 
 0.324 
 0.384 
 0.384 
 0.384 
 0.384 
 0.384 
 0.384 
 0.384 
 0.424 
 0.424 
 0.393 
 0.393 
 0.393 
 0.393 
 0.393 
 0.393 
 0.393 
 0.393 
 0.393 
 0.393 
 0.393 
 0.393 
 0.393 
 0.393 
 0.393 
 0.393 
 0.393 
 0.393 
 0.393 
 0.393 
 0.393 
 0.393 
 0.393 
 0.393 
 0.393 
 0.333 
 0.333 
 0.333 
 0.333 
 0.554 
 0.554 
 0.554 
 0.554 
 0.554 
 0.554 
 0.554 
 0.554 
 0.554 
 0.554 
 0.554 
 0.554 
 0.554 
 0.554 
 0.72 
 0.72 
 0.72 
 0.72 
 0.72 
 0.72 
 0.72 
 0.72 
 0.619 
 0.559 
 0.559 
 0.634 
 0.634 
 0.659 
 0.659 
 0.659 
 0.659 
 0.659 
 0.719 
 0.719 
 0.553 
 0.553 
 0.553 
 0.553 
 0.553 
 0.553 
 0.553 
 0.653 
 0.653 
 0.52 
 0.511 
 0.511 
 0.511 
 0.411 
 2.584 
 2.584 
 2.584 
 2.644 
 2.644 
 2.744 
 2.644 
 2.644 
 2.644 
 2.719 
 2.719 
 2.619 
 2.619 
 2.619 
 4.272 
 4.272 
 4.372 
 2.719 
 2.719 
 2.719 
 2.719 
 2.719 
 2.719 
 2.754 
 2.784 
 2.784 
 2.859 
 0.621 
 0.621 
 0.621 
 0.621 
 0.561 
 0.561 
 0.561 
 0.561 
 0.561 
 0.621 
 0.561 
 0.561 
 0.782 
 0.782 
 0.782 
 0.782 
 0.782 
 0.747 
 0.747 
 0.672 
 0.732 
 0.832 
 0.732 
 0.612 
 0.612 
 0.612 
 0.612 
 0.612 
 0.612 
 0.572 
 0.572 
 0.572 
 0.572 
 0.572 
 0.286 
 0.286 
 0.452 
 0.452 
 0.512 
 0.512 
 0.452 
 0.452 
 0.829 
 0.829 
 0.904 
 0.844 
 0.527 
 0.527 
 0.527 
 0.527 
 0.492 
 0.452 
 0.452 
 0.464 
 0.464 
 0.489 
 0.323 
 0.323 
 0.323 
 0.323 
 0.323 
 0.323 
 0.263 
 0.263 
 0.263 
 0.263 
 0.263 
 0.263 
 0.263 
 0.263 
 0.263 
 0.263 
 0.418 
 0.358 
 0.358 
 0.418 
 0.383 
 0.383 
 0.483 
 0.483 
 0.423 
 0.483 
 0.423 
 0.423 
 0.423 
 0.423 
 0.644 
 0.644 
 0.644 
 0.644 
 0.644 
 0.644 
 0.544 
 0.484 
 0.559 
 0.559 
 0.559 
 0.679 
 0.779 
 0.779 
 0.441 
 0.441 
 0.441 
 0.441 
 0.441 
 0.441 
 0.441 
 0.441 
 0.22 
 0.22 
 0.378 
 0.378 
 0.378 
 0.378 
 0.443 
 0.443 
 0.503 
 0.603 
 0.377 
 0.377 
 0.377 
 0.437 
 0.477 
 0.465 
 0.465 
 0.465 
 0.465 
 0.525 
 0.525 
 0.525 
 0.525 
 0.485 
 0.425 
 0.425 
 0.425 
 0.425 
 0.485 
 0.425 
 0.425 
 0.425 
 0.365 
 0.365 
 0.365 
 0.365 
 0.425 
 0.425 
 0.485 
 0.348 
 0.348 
 0.348 
 0.348 
 0.448 
 0.448 
 0.448 
 0.448 
 0.669 
 0.609 
 0.684 
 0.684 
 0.684 
 0.684 
 0.819 
 0.784 
 0.784 
 0.784 
 0.784 
 0.844 
 0.844 
 0.95 
 0.95 
 1.01 
 0.91 
 0.91 
 0.91 
 0.91 
 2.563 
 2.663 
 2.342 
 0.689 
 0.689 
 0.689 
 0.68 
 0.58 
 0.52 
 0.48 
 0.54 
 0.54 
 0.54 
 0.314 
 0.314 
 0.314 
 0.314 
 0.314 
 0.314 
 0.314 
 0.314 
 0.323 
 0.323 
 0.323 
 0.323 
 0.323 
 0.258 
 0.258 
 0.323 
 0.323 
 0.323 
 0.383 
 0.318 
 0.318 
 0.318 
 0.478 
 0.478 
 0.478 
 0.478 
 0.478 
 0.478 
 0.478 
 0.478 
 0.513 
 0.513 
 0.513 
 0.513 
 0.478 
 0.478 
 0.418 
 0.639 
 0.639 
 0.639 
 0.639 
 0.639 
 0.639 
 0.639 
 0.579 
 0.579 
 0.579 
 0.579 
 0.579 
 0.579 
 0.579 
 0.579 
 0.579 
 0.579 
 0.639 
 0.639 
 0.614 
 0.614 
 0.614 
 0.493 
 0.593 
 0.493 
 0.493 
 0.393 
 0.393 
 0.393 
 0.393 
 0.559 
 0.459 
 0.459 
 0.399 
 0.459 
 0.459 
 0.459 
 0.399 
 0.399 
 0.399 
 0.649 
 0.549 
 0.549 
 0.549 
 0.54 
 0.54 
 0.54 
 2.193 
 2.193 
 2.193 
 0.374 
 0.374 
 0.374 
 0.374 
 0.374 
 0.224 
 0.284 
 0.284 
 0.284 
 0.284 
 0.284 
 0.209 
 0.209 
 0.209 
 0.209 
 1.862 
 1.862 
 1.902 
 0.249 
 0.249 
 0.324 
 0.324 
 0.641 
 0.862 
 0.862 
 0.871 
 0.554 
 0.554 
 0.554 
 0.554 
 0.554 
 0.554 
 0.494 
 0.519 
 0.519 
 0.519 
 0.579 
 0.579 
 0.579 
 0.579 
 0.479 
 0.479 
 0.544 
 0.544 
 0.544 
 0.323 
 0.483 
 0.483 
 0.323 
 0.323 
 0.323 
 0.235 
 0.235 
 0.235 
 0.295 
 0.295 
 0.461 
 0.461 
 0.461 
 0.461 
 0.461 
 0.461 
 0.673 
 0.733 
 0.733 
 0.733 
 0.658 
 0.658 
 0.658 
 0.658 
 0.658 
 0.658 
 0.658 
 0.658 
 0.598 
 0.598 
 0.472 
 0.472 
 0.472 
 0.472 
 0.472 
 0.472 
 0.472 
 0.472 
 2.125 
 2.185 
 2.185 
 0.532 
 0.532 
 0.705 
 0.705 
 0.705 
 0.705 
 0.78 
 0.78 
 0.78 
 0.78 
 0.78 
 0.771 
 0.731 
 0.731 
 0.731 
 0.731 
 0.656 
 0.912 
 0.912 
 0.852 
 0.852 
 0.852 
 0.852 
 0.852 
 0.84 
 0.84 
 0.94 
 1 
 1.06 
 1 
 1 
 1 
 1 
 1.175 
 1.175 
 1.175 
 1.135 
 1.15 
 1.15 
 0.929 
 0.929 
 0.929 
 0.989 
 0.989 
 0.989 
 0.989 
 0.989 
 0.989 
 0.989 
 0.989 
 1.049 
 1.049 
 0.989 
 0.823 
 0.823 
 0.823 
 0.823 
 0.823 
 0.823 
 0.823 
 0.973 
 0.973 
 0.973 
 0.973 
 0.973 
 0.823 
 0.823 
 0.823 
