 0.05 
 0.05 
 0.05 
 0.09 
 0.09 
 0.09 
 0.09 
 0.19 
 0.19 
 0.09 
 0.05 
 0.05 
 0.234 
 0.234 
 0.234 
 0.234 
 0.234 
 0.234 
 0.234 
 0.234 
 0.234 
 0.234 
 0.234 
 0.234 
 0.234 
 0.234 
 0.234 
 0.234 
 0.234 
 0.234 
 0.234 
 0.234 
 0.234 
 0.234 
 0.05 
 0.05 
 0.05 
 0.05 
 0.05 
 0.05 
 0.05 
 0.05 
 0.05 
 0.05 
 0.05 
 0.05 
 0.05 
 0.05 
 0.05 
 0.153 
 0.153 
 0.153 
 0.153 
 0.153 
 0.153 
 0.153 
 0.153 
 0.153 
 0.153 
 0.153 
 0.153 
 0.153 
 0.153 
 0.153 
 0.153 
 0.153 
 0.302 
 0.199 
 0.199 
 0.199 
 0.199 
 0.199 
 0.199 
 0.199 
 0.199 
 0.199 
 0.199 
 0.199 
 0.199 
 0.407 
 0.407 
 0.407 
 0.407 
 0.407 
 0.407 
 0.591 
 0.442 
 0.442 
 0.442 
 0.442 
 0.442 
 0.442 
 0.442 
 0.234 
 0.234 
 0.234 
 0.234 
 0.234 
 0.234 
 0.234 
 0.234 
 0.234 
 0.234 
 0.234 
 0.234 
 0.234 
 0.234 
 0.05 
 0.05 
 0.05 
 0.05 
 0.05 
 0.05 
 0.05 
 0.05 
 0.05 
 0.05 
 0.05 
 0.05 
 0.05 
 0.05 
 0.05 
 0.05 
 0.05 
 0.153 
 0.153 
 0.153 
 0.153 
 0.153 
 0.153 
 0.153 
 0.153 
 0.153 
 0.153 
 0.153 
 0.153 
 0.153 
 0.153 
 0.153 
 0.153 
 0.153 
 0.153 
 0.05 
 0.05 
 0.05 
 0.05 
 0.05 
 0.05 
 0.05 
 0.05 
 0.05 
 0.05 
 0.05 
 0.05 
 0.05 
 0.05 
 0.05 
 0.05 
 0.05 
 0.05 
 0.258 
 0.258 
 0.258 
 0.258 
 0.258 
 0.258 
 0.258 
 0.258 
 0.258 
 0.258 
 0.258 
 0.258 
 0.258 
 0.258 
 0.05 
 0.05 
 0.05 
 0.05 
 0.05 
 0.05 
 0.05 
 0.05 
 0.05 
 0.05 
 0.05 
 0.05 
 0.05 
 0.05 
 0.05 
 0.05 
 0.05 
 0.05 
 0.05 
 0.05 
 0.05 
 0.05 
 0.05 
 0.05 
 0.05 
 0.199 
 0.199 
 0.199 
 0.199 
 0.199 
 0.199 
 0.199 
 0.199 
 0.199 
 0.199 
 0.199 
 0.199 
 0.199 
 0.199 
 0.199 
 0.199 
 0.199 
 0.199 
 0.199 
 0.199 
 0.05 
 0.05 
 0.05 
 0.05 
 0.05 
 0.05 
 0.05 
 0.05 
 0.05 
 0.05 
 0.05 
 0.05 
 0.05 
 0.05 
 0.05 
 0.05 
 0.234 
 0.234 
 0.234 
 0.234 
 0.234 
 0.234 
 0.234 
 0.234 
 0.234 
 0.234 
 0.234 
 0.442 
 0.442 
 0.442 
 0.442 
 0.442 
 0.442 
 0.442 
 0.442 
 0.442 
 0.442 
 0.442 
 0.258 
 0.258 
 0.258 
 0.05 
 0.05 
 0.05 
 0.05 
 0.05 
 0.05 
 0.05 
 0.05 
 0.063 
 0.163 
 0.05 
 0.05 
 0.05 
 0.05 
 0.05 
 0.199 
 0.199 
 0.199 
 0.199 
 0.199 
 0.199 
 0.199 
 0.199 
 0.199 
 0.199 
 0.199 
 0.199 
 0.199 
 0.199 
 0.302 
 0.302 
 0.302 
 0.302 
 0.302 
 0.302 
 0.153 
 0.153 
 0.153 
 0.153 
 0.153 
 0.153 
 0.153 
 0.153 
 0.153 
 0.153 
 0.153 
 0.153 
 0.05 
 0.05 
 0.05 
 0.05 
 0.05 
 0.05 
 0.05 
 0.05 
 0.05 
 0.05 
 0.05 
 0.05 
 0.258 
 0.258 
 0.258 
 0.258 
 0.258 
 0.258 
 0.258 
 0.258 
 0.258 
 0.258 
 0.258 
 0.258 
 0.258 
 0.258 
 0.05 
 0.05 
 0.05 
 0.05 
 0.05 
 0.05 
 0.05 
 0.05 
 0.05 
 0.05 
 0.05 
 0.05 
 0.05 
 0.234 
 0.234 
 0.234 
 0.234 
 0.234 
 0.234 
 0.234 
 0.234 
 0.234 
 0.234 
 0.234 
 0.234 
 0.234 
 0.234 
 0.234 
 0.234 
 0.234 
 0.234 
 0.234 
 0.337 
 0.337 
 0.337 
 0.153 
 0.153 
 0.153 
 0.153 
 0.153 
 0.153 
 0.153 
 0.153 
 0.153 
 0.153 
 0.153 
 0.153 
 0.153 
 0.153 
 0.153 
 0.05 
 0.05 
 0.05 
 0.05 
 0.05 
 0.05 
 0.05 
 0.05 
 0.05 
 0.05 
 0.05 
 0.05 
 0.05 
 0.05 
 0.05 
 0.258 
 0.258 
 0.258 
 0.258 
 0.258 
 0.258 
 0.258 
 0.258 
 0.258 
 0.258 
 0.258 
 0.258 
 0.258 
 0.258 
 0.05 
 0.05 
 0.05 
 0.05 
 0.05 
 0.05 
 0.05 
 0.05 
 0.063 
 0.103 
 0.212 
 0.212 
 0.212 
 0.212 
 0.212 
 0.212 
 0.212 
 0.212 
 0.212 
 0.212 
 0.212 
 0.396 
 0.496 
 3.073 
 3.073 
 3.073 
 0.536 
 0.536 
 0.536 
 0.536 
 0.387 
 0.387 
 0.387 
 0.387 
 0.387 
 0.387 
 0.387 
 0.387 
 0.387 
 0.387 
 0.387 
 0.387 
 0.387 
 0.259 
 0.259 
 0.259 
 0.259 
 0.259 
 1.148 
 1.148 
 1.148 
 0.203 
 0.203 
 0.203 
 0.203 
 0.103 
 0.103 
 0.103 
 0.311 
 0.311 
 0.311 
 0.311 
 0.311 
 0.311 
 0.311 
 0.311 
 0.338 
 0.338 
 0.338 
 0.338 
 0.351 
 0.351 
 0.292 
 0.312 
 0.312 
 0.312 
 0.312 
 0.667 
 0.667 
 0.667 
 0.667 
 0.352 
 0.352 
 0.352 
 0.352 
 0.352 
 0.352 
 0.332 
 0.332 
 0.392 
 0.392 
 0.392 
 0.343 
 0.343 
 0.343 
 0.343 
 0.343 
 0.343 
 0.343 
 0.415 
 0.539 
 0.539 
 0.539 
 0.539 
 0.439 
 0.439 
 0.539 
 2.522 
 2.522 
 2.522 
 2.422 
 2.422 
 2.422 
 2.422 
 2.422 
 2.525 
 2.525 
 2.485 
 2.485 
 2.485 
 2.485 
 2.485 
 2.401 
 2.401 
 2.401 
 2.401 
 2.401 
 2.401 
 0.418 
 0.418 
 0.405 
 0.405 
 0.613 
 0.51 
 0.51 
 0.51 
 0.47 
 0.47 
 0.53 
 0.53 
 0.53 
 0.53 
 0.53 
 0.53 
 0.53 
 0.53 
 0.322 
 0.322 
 0.322 
 0.322 
 0.322 
 0.322 
 0.262 
 0.262 
 0.262 
 0.262 
 0.262 
 0.262 
 0.271 
 0.271 
 0.271 
 0.271 
 0.271 
 0.271 
 0.271 
 0.271 
 0.271 
 0.271 
 0.271 
 0.271 
 0.271 
 0.271 
 0.271 
 0.271 
 0.271 
 0.374 
 0.374 
 0.374 
 0.225 
 0.225 
 0.409 
 0.409 
 0.409 
 0.409 
 0.409 
 0.409 
 0.409 
 0.409 
 0.409 
 0.409 
 0.409 
 0.586 
 0.586 
 0.306 
 0.306 
 0.306 
 0.306 
 0.306 
 0.306 
 0.306 
 0.306 
 0.306 
 0.122 
 0.33 
 0.507 
 0.507 
 0.33 
 0.33 
 0.33 
 0.33 
 0.33 
 0.33 
 0.33 
 0.33 
 0.33 
 0.33 
 0.33 
 0.299 
 0.299 
 0.271 
 0.271 
 0.271 
 0.271 
 0.271 
 0.271 
 0.271 
 0.271 
 0.271 
 0.271 
 0.271 
 0.448 
 0.448 
 0.766 
 0.766 
 0.766 
 0.766 
 0.766 
 0.199 
 0.199 
 0.05 
 0.05 
 0.05 
 0.05 
 0.05 
 0.05 
 0.05 
 0.05 
 0.05 
 0.05 
 0.05 
 0.05 
 0.05 
 0.05 
 0.05 
 0.05 
 0.153 
 0.153 
 0.153 
 0.153 
 0.153 
 0.153 
 0.153 
 0.153 
 0.153 
 0.153 
 0.153 
 0.153 
 0.153 
 0.153 
 0.153 
 0.153 
 0.153 
 0.153 
 0.05 
 0.05 
 0.05 
 0.05 
 0.05 
 0.05 
 0.05 
 0.05 
 0.05 
 0.05 
 0.05 
 0.05 
 0.05 
 0.05 
 0.05 
 0.05 
 0.05 
 0.05 
 0.05 
 0.05 
 0.199 
 0.199 
 0.199 
 0.199 
 0.199 
 0.383 
 0.383 
 0.383 
 0.383 
 0.383 
 0.383 
 0.383 
 0.383 
 0.383 
 0.383 
 0.383 
 0.383 
 0.486 
 0.486 
 0.486 
 0.337 
 0.545 
 0.545 
 0.545 
 0.545 
 0.545 
 0.545 
 0.361 
 0.361 
 0.361 
 0.361 
 0.361 
 0.361 
 0.361 
 0.361 
 0.05 
 0.05 
 0.05 
 0.05 
 0.05 
 0.05 
 0.05 
 0.05 
 0.05 
 0.05 
 0.05 
 0.05 
 0.05 
 0.05 
 0.05 
 0.05 
 0.05 
 0.05 
 0.155 
 0.155 
 0.155 
 0.155 
 0.155 
 0.155 
 0.155 
 0.304 
 0.304 
 0.304 
 0.304 
 0.304 
 0.304 
 0.427 
 0.427 
 0.427 
 0.427 
 0.427 
 0.427 
 0.427 
 0.427 
 0.427 
 0.427 
 0.427 
 0.427 
 0.427 
 0.427 
 0.278 
 0.278 
 0.777 
 0.654 
 0.549 
 0.549 
 0.234 
 0.267 
 0.267 
 0.37 
 0.37 
 0.37 
 0.37 
 0.37 
 0.37 
 0.37 
 0.37 
 0.37 
 0.685 
 0.685 
 0.685 
 0.685 
 0.37 
 0.37 
 0.186 
 0.186 
 0.186 
 0.083 
 0.083 
 0.083 
 0.083 
 0.083 
 0.083 
 0.083 
 0.083 
 0.083 
 0.083 
 0.083 
 0.083 
 0.083 
 0.083 
 0.083 
 0.083 
 0.083 
 0.083 
 0.083 
 0.083 
 0.083 
 0.083 
 0.291 
 0.291 
 0.291 
 0.291 
 0.291 
 0.291 
 0.291 
 0.291 
 0.291 
 0.291 
 0.606 
 0.606 
 0.606 
 0.606 
 0.083 
 0.083 
 0.083 
 0.083 
 0.083 
 0.083 
 0.083 
 0.083 
 0.083 
 0.083 
 0.083 
 0.083 
 0.083 
 0.083 
 0.083 
 0.083 
 0.083 
 0.05 
 0.05 
 0.05 
 0.05 
 0.153 
 0.153 
 0.153 
 0.153 
 0.153 
 0.337 
 0.337 
 0.337 
 0.337 
 0.337 
 0.337 
 0.337 
 0.337 
 0.337 
 0.337 
 0.337 
 0.337 
 0.337 
 0.234 
 0.234 
 0.234 
 0.234 
 0.234 
 0.234 
 0.234 
 0.234 
 0.234 
 0.05 
 0.05 
 0.199 
 0.199 
 0.199 
 0.199 
 0.199 
 0.199 
 0.199 
 0.199 
 0.199 
 0.199 
 0.199 
 0.199 
 0.199 
 0.199 
 0.199 
 0.407 
 0.407 
 0.407 
 0.407 
 0.407 
 0.258 
 0.258 
 0.258 
 0.258 
 0.258 
 0.258 
 0.258 
 0.361 
 0.361 
 0.153 
 0.153 
 0.153 
 0.153 
 0.153 
 0.153 
 0.153 
 0.153 
 0.153 
 0.153 
 0.153 
 0.153 
 0.153 
 0.153 
 0.153 
 0.153 
 0.05 
 0.05 
 0.05 
 0.05 
 0.05 
 0.05 
 0.05 
 0.05 
 0.05 
 0.05 
 0.05 
 0.05 
 0.05 
 0.05 
 0.05 
 0.05 
 0.05 
 0.05 
 0.05 
 0.05 
 0.234 
 0.234 
 0.234 
 0.234 
 0.234 
 0.234 
 0.234 
 0.234 
 0.234 
 0.234 
 0.234 
 0.234 
 0.234 
 0.234 
 0.234 
 0.234 
 0.234 
 0.234 
 0.234 
 0.234 
 0.234 
 0.234 
 0.05 
 0.05 
 0.05 
 0.05 
 0.05 
 0.05 
 0.05 
 0.05 
 0.05 
 0.199 
 0.199 
 0.199 
 0.302 
 0.302 
 0.302 
 0.302 
 0.302 
 0.302 
 0.302 
 0.302 
 0.302 
 0.302 
 0.302 
 0.302 
 0.302 
 0.302 
 0.302 
 0.302 
 0.302 
 0.153 
 0.05 
 0.05 
 0.05 
 0.05 
 0.05 
 0.05 
 0.05 
 0.05 
 0.05 
 0.05 
 0.05 
 0.05 
 0.05 
 0.05 
 0.05 
 0.258 
 0.258 
 0.258 
 0.258 
 0.258 
 0.258 
 0.258 
 0.258 
 0.258 
 0.258 
 0.258 
 0.258 
 0.258 
 0.258 
 0.05 
 0.05 
 0.05 
 0.05 
 0.05 
 0.05 
 0.05 
 0.05 
 0.05 
 0.05 
 0.05 
 0.05 
 0.05 
 0.05 
 0.05 
 0.05 
 0.05 
 0.05 
 0.05 
 0.05 
 0.05 
 0.05 
 0.05 
 0.05 
 0.05 
 0.05 
 0.05 
 0.05 
 0.05 
 0.05 
 0.05 
 0.05 
 0.05 
 0.199 
 0.199 
 0.199 
 0.199 
 0.199 
 0.199 
 0.255 
 0.255 
 0.255 
 0.255 
 0.255 
 0.255 
 0.255 
 0.255 
 0.255 
 0.255 
 0.255 
 0.378 
 0.378 
 0.322 
 0.173 
 0.173 
 0.357 
 0.357 
 0.357 
 0.413 
 0.413 
 0.413 
 0.413 
 0.513 
 0.513 
 0.618 
 0.618 
 0.618 
 0.618 
 0.618 
 0.618 
 0.618 
 0.618 
 0.618 
 0.618 
 0.618 
 0.618 
 0.618 
 0.434 
 0.534 
 0.534 
 0.534 
 0.534 
 0.534 
 0.534 
 0.574 
 0.574 
 0.574 
 0.574 
 0.574 
 0.574 
 0.534 
 0.434 
 0.434 
 0.434 
 0.434 
 0.434 
 0.434 
 0.494 
 0.394 
 0.394 
 0.434 
 0.434 
 0.434 
 0.434 
 0.434 
 0.434 
 0.434 
 0.494 
 0.494 
 0.494 
 0.494 
 0.494 
 0.494 
 0.494 
 0.494 
 0.494 
 0.494 
 0.494 
 0.494 
 0.434 
 0.474 
 0.474 
 0.434 
 0.434 
 0.434 
 0.434 
 0.434 
 0.434 
 0.447 
 0.655 
 0.783 
 0.783 
 0.783 
 0.783 
 0.783 
 0.883 
 0.883 
 0.898 
 0.898 
 0.898 
 0.898 
 0.898 
 0.938 
 0.73 
 0.73 
 0.73 
 0.73 
 0.73 
 0.73 
 0.73 
 0.69 
 0.69 
 0.506 
 0.506 
 0.506 
 0.532 
 0.532 
 0.532 
 0.532 
 0.532 
 0.532 
 0.532 
 0.492 
 0.492 
 0.392 
 0.392 
 0.392 
 0.392 
 0.392 
 0.392 
 0.392 
 0.392 
 0.486 
 0.546 
 0.546 
 0.457 
 0.557 
 0.497 
 0.497 
 0.533 
 0.533 
 0.633 
 0.633 
 0.577 
 0.577 
 0.577 
 0.577 
 0.577 
 0.564 
 0.564 
 0.624 
 0.624 
 0.724 
 0.764 
 0.604 
 0.504 
 0.688 
 0.648 
 0.751 
 0.751 
 0.751 
 0.751 
 0.751 
 0.751 
 0.751 
 0.751 
 0.751 
 0.751 
 0.751 
 0.959 
 0.944 
 0.944 
 0.944 
 0.944 
 0.944 
 0.944 
 0.841 
 0.841 
 0.657 
 0.657 
 0.657 
 0.697 
 0.697 
 0.489 
 0.489 
 0.712 
 0.712 
 0.612 
 0.612 
 0.612 
 0.612 
 0.612 
 0.518 
 0.518 
 0.518 
 0.567 
 0.667 
 0.667 
 0.667 
 0.727 
 0.627 
 0.504 
 0.504 
 0.504 
 0.504 
 0.504 
 0.199 
 0.199 
 0.199 
 0.199 
 0.199 
 0.199 
 0.199 
 0.199 
 0.199 
 0.05 
 0.05 
 0.05 
 0.05 
 0.05 
 0.05 
 0.05 
 0.05 
 0.05 
 0.05 
 0.05 
 0.05 
 0.05 
 0.05 
 0.05 
 0.05 
 0.05 
 0.05 
 0.05 
 0.05 
 0.05 
 0.05 
 0.05 
 0.153 
 0.337 
 0.337 
 0.337 
 0.545 
 0.545 
 0.545 
 0.545 
 0.545 
 0.545 
 0.545 
 0.545 
 0.545 
 0.545 
 0.545 
 0.545 
 0.545 
 0.545 
 0.234 
 0.234 
 0.234 
 0.234 
 0.234 
 0.05 
 0.05 
 0.199 
 0.199 
 0.199 
 0.199 
 0.199 
 0.199 
 0.199 
 0.199 
 0.199 
 0.199 
 0.199 
 0.199 
 0.199 
 0.199 
 0.199 
 0.199 
 0.199 
 0.199 
 0.199 
 0.199 
 0.05 
 0.05 
 0.05 
 0.05 
 0.05 
 0.05 
 0.05 
 0.05 
 0.05 
 0.153 
 0.153 
 0.153 
 0.153 
 0.153 
 0.153 
 0.153 
 0.153 
 0.153 
 0.153 
 0.153 
 0.153 
 0.153 
 0.153 
 0.153 
 0.337 
 0.337 
 0.337 
 0.234 
 0.234 
 0.234 
 0.234 
 0.234 
 0.234 
 0.234 
 0.234 
 0.234 
 0.234 
 0.234 
 0.234 
 0.234 
 0.234 
 0.234 
 0.234 
 0.234 
 0.234 
 0.234 
 0.05 
 0.05 
 0.05 
 0.05 
 0.05 
 0.05 
 0.05 
 0.05 
 0.05 
 0.05 
 0.05 
 0.05 
 0.05 
 0.05 
 0.05 
 0.05 
 0.05 
 0.05 
 0.05 
 0.05 
 0.05 
 0.05 
 0.05 
 0.05 
 0.05 
 0.05 
 0.05 
