 0.048 
 0.048 
 0.048 
 0.048 
 0.048 
 0.048 
 0.048 
 0.048 
 0.048 
 0.048 
 0.048 
 0.048 
 0.048 
 0.048 
 0.048 
 0.048 
 0.048 
 0.048 
 0.048 
 0.048 
 0.048 
 0.048 
 0.048 
 0.048 
 0.048 
 0.048 
 0.048 
 0.048 
 0.108 
 0.048 
 2.76 
 2.76 
 2.76 
 2.76 
 2.76 
 2.82 
 2.82 
 3.038 
 3.038 
 3.169 
 3.169 
 3.189 
 3.209 
 3.309 
 3.309 
 3.489 
 3.489 
 3.489 
 3.469 
 3.529 
 0.831 
 0.831 
 0.831 
 0.936 
 0.936 
 0.818 
 0.818 
 0.713 
 0.713 
 0.745 
 0.745 
 0.745 
 0.745 
 0.745 
 0.745 
 0.745 
 0.745 
 0.565 
 0.565 
 0.405 
 0.405 
 0.405 
 0.405 
 0.405 
 0.405 
 0.405 
 0.405 
 0.495 
 0.595 
 0.595 
 0.595 
 0.495 
 0.495 
 0.495 
 0.595 
 0.635 
 2.582 
 2.582 
 2.582 
 0.635 
 0.635 
 0.635 
 0.545 
 0.545 
 0.545 
 0.545 
 0.545 
 0.445 
 0.523 
 0.523 
 0.523 
 0.523 
 0.583 
 0.523 
 0.583 
 0.523 
 0.523 
 0.536 
 0.536 
 0.536 
 0.166 
 0.166 
 0.166 
 0.166 
 0.166 
 0.166 
 0.048 
 0.048 
 0.048 
 0.048 
 0.048 
 0.048 
 0.048 
 0.048 
 0.048 
 0.048 
 0.228 
 0.228 
 0.228 
 0.228 
 0.228 
 0.228 
 0.228 
 0.228 
 0.228 
 0.228 
 0.228 
 0.228 
 0.228 
 0.228 
 0.228 
 0.228 
 0.228 
 0.228 
 0.228 
 0.228 
 0.228 
 0.228 
 0.048 
 0.048 
 0.048 
 0.048 
 0.048 
 0.048 
 0.048 
 0.048 
 0.048 
 0.048 
 0.048 
 0.048 
 0.048 
 0.048 
 0.048 
 0.048 
 0.048 
 0.048 
 0.048 
 0.048 
 0.048 
 0.048 
 0.048 
 0.048 
 0.048 
 0.048 
 0.166 
 0.166 
 0.166 
 0.166 
 0.166 
 0.166 
 0.166 
 0.166 
 0.166 
 0.166 
 0.166 
 0.166 
 0.166 
 0.166 
 0.166 
 0.166 
 0.166 
 0.166 
 0.048 
 0.228 
 0.228 
 0.228 
 0.228 
 0.228 
 0.228 
 0.228 
 0.228 
 0.228 
 0.228 
 0.228 
 0.228 
 0.228 
 0.228 
 0.228 
 0.228 
 0.228 
 0.228 
 0.228 
 0.228 
 0.228 
 0.228 
 0.048 
 0.048 
 0.048 
 0.048 
 0.048 
 0.048 
 0.048 
 0.048 
 0.048 
 0.048 
 0.048 
 0.048 
 0.048 
 0.048 
 0.048 
 0.048 
 0.048 
 0.048 
 0.048 
 0.048 
 0.048 
 0.048 
 0.048 
 0.048 
 0.048 
 0.048 
 0.048 
 0.048 
 0.048 
 0.048 
 0.048 
 0.048 
 0.048 
 0.048 
 0.048 
 0.048 
 0.048 
 0.048 
 0.048 
 0.048 
 0.048 
 0.048 
 0.048 
 0.048 
 0.048 
 0.048 
 0.048 
 0.048 
 0.166 
 0.166 
 0.166 
 0.166 
 0.166 
 0.166 
 0.166 
 0.166 
 0.166 
 0.166 
 0.166 
 0.166 
 0.166 
 0.166 
 0.166 
 0.166 
 0.166 
 0.166 
 0.048 
 0.048 
 0.048 
 0.048 
 0.048 
 0.048 
 0.048 
 0.048 
 0.048 
 0.048 
 0.048 
 0.048 
 0.048 
 0.048 
 0.048 
 0.048 
 0.048 
 0.048 
 0.048 
 0.048 
 0.048 
 0.048 
 0.048 
 0.048 
 0.048 
 0.048 
 0.048 
 0.048 
 0.048 
 0.048 
 0.048 
 0.228 
 0.228 
 0.228 
 0.228 
 0.228 
 0.228 
 0.228 
 0.228 
 0.228 
 0.228 
 0.228 
 0.228 
 0.228 
 0.346 
 0.346 
 0.346 
 0.346 
 0.346 
 0.346 
 0.346 
 0.346 
 0.346 
 0.166 
 0.166 
 0.166 
 0.166 
 0.166 
 0.166 
 0.166 
 0.166 
 0.166 
 0.048 
 0.048 
 0.048 
 0.048 
 0.048 
 0.048 
 0.048 
 0.048 
 0.048 
 0.048 
 0.048 
 0.048 
 0.048 
 0.048 
 0.048 
 0.048 
 0.048 
 0.048 
 0.048 
 0.048 
 0.048 
 0.048 
 0.048 
 0.048 
 0.048 
 0.048 
 0.048 
 0.048 
 0.048 
 0.048 
 0.048 
 0.048 
 0.048 
 0.048 
 0.048 
 0.048 
 0.048 
 0.048 
 0.048 
 0.048 
 0.048 
 0.048 
 0.048 
 0.048 
 0.048 
 0.048 
 0.048 
 0.048 
 0.048 
 0.048 
 0.048 
 0.048 
 0.048 
 0.048 
 0.048 
 0.048 
 0.048 
 0.048 
 0.048 
 0.048 
 0.048 
 0.048 
 0.048 
 0.048 
 0.048 
 0.048 
 0.048 
 0.166 
 0.166 
 0.166 
 0.166 
 0.166 
 0.166 
 0.166 
 0.166 
 0.166 
 0.166 
 0.166 
 0.166 
 0.166 
 0.166 
 0.166 
 0.346 
 0.346 
 0.346 
 0.228 
 0.228 
 0.228 
 0.228 
 0.228 
 0.228 
 0.228 
 0.228 
 0.228 
 0.228 
 0.228 
 0.228 
 0.228 
 0.228 
 0.228 
 0.228 
 0.228 
 0.228 
 0.228 
 0.048 
 0.048 
 0.048 
 0.048 
 0.048 
 0.048 
 0.048 
 0.048 
 0.048 
 0.048 
 0.048 
 0.048 
 0.048 
 0.224 
 0.224 
 0.224 
 0.224 
 0.224 
 0.224 
 0.264 
 2.211 
 2.211 
 2.211 
 0.264 
 0.264 
 0.356 
 0.356 
 0.396 
 0.396 
 0.456 
 0.456 
 0.456 
 0.436 
 0.416 
 0.516 
 0.472 
 0.532 
 0.532 
 0.532 
 0.532 
 0.532 
 0.532 
 0.532 
 0.532 
 0.492 
 0.492 
 0.71 
 0.579 
 0.479 
 0.479 
 0.479 
 0.439 
 0.439 
 0.439 
 0.439 
 0.439 
 0.619 
 0.619 
 0.619 
 0.619 
 0.619 
 0.619 
 0.719 
 0.346 
 0.228 
 0.228 
 0.228 
 0.228 
 0.228 
 0.228 
 0.228 
 0.228 
 0.228 
 0.228 
 0.228 
 0.228 
 0.228 
 0.228 
 0.048 
 0.048 
 0.048 
 0.048 
 0.048 
 0.048 
 0.048 
 0.048 
 0.048 
 0.048 
 0.048 
 0.048 
 0.048 
 0.048 
 0.048 
 0.048 
 0.048 
 0.048 
 0.048 
 0.048 
 0.048 
 0.048 
 0.048 
 0.048 
 0.048 
 0.048 
 0.048 
 0.048 
 0.048 
 0.048 
 0.048 
 0.048 
 0.048 
 0.048 
 0.048 
 0.048 
 0.048 
 0.048 
 0.048 
 0.048 
 0.048 
 0.048 
 0.048 
 0.048 
 0.048 
 0.048 
 0.048 
 0.048 
 0.048 
 0.048 
 0.048 
 0.048 
 0.048 
 0.048 
 0.166 
 0.166 
 0.166 
 0.166 
 0.166 
 0.166 
 0.166 
 0.166 
 0.166 
 0.166 
 0.166 
 0.166 
 0.166 
 0.346 
 0.346 
 0.346 
 0.346 
 0.346 
 0.228 
 0.228 
 0.228 
 0.228 
 0.228 
 0.228 
 0.228 
 0.228 
 0.228 
 0.228 
 0.228 
 0.228 
 0.228 
 0.228 
 0.228 
 0.228 
 0.228 
 0.048 
 0.048 
 0.048 
 0.048 
 0.048 
 0.048 
 0.048 
 0.048 
 0.048 
 0.048 
 0.048 
 0.048 
 0.048 
 0.048 
 0.048 
 0.048 
 0.048 
 0.048 
 0.048 
 0.048 
 0.048 
 0.048 
 0.048 
 0.048 
 0.048 
 0.048 
 0.048 
 0.048 
 0.048 
 0.048 
 0.048 
 0.048 
 0.166 
 0.166 
 0.166 
 0.166 
 0.166 
 0.166 
 0.166 
 0.166 
 0.166 
 0.166 
 0.166 
 0.166 
 0.166 
 0.166 
 0.179 
 0.179 
 0.179 
 0.179 
 0.061 
 0.061 
 0.061 
 0.061 
 0.061 
 0.061 
 0.061 
 0.061 
 0.061 
 2.168 
 2.168 
 2.168 
 2.168 
 2.168 
 2.228 
 2.228 
 2.215 
 2.215 
 2.215 
 2.215 
 2.215 
 2.215 
 2.215 
 4.57 
 4.51 
 4.51 
 4.51 
 4.51 
 4.51 
 4.51 
 4.51 
 4.51 
 4.51 
 4.51 
 4.51 
 4.51 
 4.51 
 4.51 
 4.51 
 2.453 
 4.4 
 4.4 
 4.4 
 2.453 
 2.453 
 2.453 
 2.453 
 2.453 
 2.453 
 2.453 
 2.453 
 2.453 
 2.453 
 2.473 
 2.473 
 2.473 
 2.473 
 2.355 
 2.355 
 2.355 
 2.355 
 2.175 
 2.175 
 2.175 
 2.175 
 2.175 
 2.175 
 2.175 
 2.175 
 2.175 
 2.175 
 2.175 
 2.175 
 2.175 
 2.175 
 2.175 
 2.175 
 2.175 
 2.175 
 2.175 
 2.175 
 2.175 
 2.175 
 2.175 
 2.175 
 2.175 
 2.235 
 2.366 
 2.366 
 2.366 
 2.366 
 2.346 
 2.346 
 2.346 
 2.346 
 2.346 
 2.346 
 2.346 
 2.346 
 2.346 
 2.346 
 2.346 
 2.346 
 2.215 
 2.215 
 2.215 
 2.215 
 2.215 
 2.215 
 2.215 
 2.215 
 2.215 
 2.215 
 2.215 
 4.57 
 4.57 
 0.048 
 0.048 
 0.048 
 0.048 
 0.048 
 0.048 
 0.048 
 0.228 
 0.228 
 0.228 
 0.228 
 0.228 
 0.228 
 0.228 
 0.228 
 0.228 
 0.228 
 0.228 
 0.228 
 0.228 
 0.228 
 0.228 
 0.228 
 0.228 
 0.228 
 0.228 
 0.228 
 0.228 
 0.228 
 0.048 
 0.048 
 0.048 
 0.048 
 0.048 
 0.048 
 0.048 
 0.048 
 0.048 
 0.048 
 0.048 
 0.048 
 0.048 
 0.048 
 0.048 
 0.048 
 0.048 
 0.048 
 0.048 
 0.048 
 0.048 
 0.048 
 0.048 
 0.048 
 0.048 
 0.048 
 0.048 
 0.048 
 0.048 
 0.048 
 0.048 
 0.048 
 0.048 
 0.166 
 0.166 
 0.166 
 0.166 
 0.166 
 0.166 
 0.166 
 0.166 
 0.166 
 0.166 
 0.166 
 0.166 
 0.166 
 0.166 
 0.166 
 0.166 
 0.166 
 0.166 
 0.048 
 0.048 
 0.048 
 0.048 
 0.228 
 0.228 
 0.228 
 0.228 
 0.228 
 0.228 
 0.228 
 0.228 
 0.228 
 0.228 
 0.228 
 0.228 
 0.228 
 0.228 
 0.228 
 0.228 
 0.228 
 0.228 
 0.228 
 0.228 
 0.228 
 0.228 
 0.048 
 0.048 
 0.048 
 0.048 
 0.048 
 0.048 
 0.048 
 0.048 
 0.048 
 0.048 
 0.048 
 0.048 
 0.048 
 0.048 
 0.048 
 0.048 
 0.048 
 0.048 
 0.048 
 0.048 
 0.048 
 0.048 
 0.048 
 0.048 
 0.048 
 0.166 
 0.166 
 0.166 
 0.166 
 0.166 
 0.166 
 0.166 
 0.166 
 0.166 
 0.166 
 0.166 
 0.166 
 0.166 
 0.166 
 0.166 
 0.166 
 0.166 
 0.166 
 0.048 
 0.048 
 0.048 
 0.048 
 0.048 
 0.048 
 0.048 
 0.048 
 0.048 
 0.048 
 0.048 
 0.048 
 0.048 
 0.048 
 0.048 
 0.048 
 0.048 
 0.048 
 0.048 
 0.048 
 0.048 
 0.048 
 0.048 
 0.228 
 0.228 
 0.228 
 0.228 
 0.228 
 0.228 
 0.228 
 0.228 
 0.228 
 0.228 
 0.228 
 0.228 
 0.228 
 0.228 
 0.228 
 0.228 
 0.228 
 0.228 
 0.228 
 0.228 
 0.228 
 0.228 
 0.048 
 0.048 
 0.048 
 0.048 
 0.048 
 0.048 
 0.048 
 0.048 
 0.048 
 0.048 
 0.048 
 0.166 
 0.166 
 0.166 
 0.166 
 0.166 
 0.166 
 0.166 
 0.166 
 0.166 
 0.166 
 0.166 
 0.166 
 0.166 
 0.166 
 0.166 
 0.166 
 0.166 
 0.166 
 0.048 
 0.048 
 0.048 
 0.048 
 0.048 
 0.048 
 0.048 
 0.048 
 0.048 
 0.048 
 0.048 
 0.048 
 0.048 
 0.048 
 0.048 
 0.048 
 0.048 
 0.048 
 0.048 
 0.048 
 0.048 
 0.048 
 0.048 
 0.048 
 0.228 
 0.228 
 0.228 
 0.228 
 0.228 
 0.228 
 0.228 
 0.228 
 0.228 
 0.228 
 0.228 
 0.228 
 0.346 
 0.346 
 0.346 
 0.346 
 0.346 
 0.346 
 0.346 
 0.346 
 0.346 
 0.346 
 0.166 
 0.166 
 0.166 
 0.166 
 0.166 
 0.166 
 0.166 
 0.166 
 0.048 
 0.048 
 0.048 
 0.048 
 0.048 
 0.048 
 0.048 
 0.048 
 0.048 
 0.048 
 0.048 
 0.048 
 0.048 
 0.048 
 0.048 
 0.048 
 0.048 
 0.048 
 0.048 
 0.048 
 0.048 
 0.048 
 0.048 
 0.048 
 0.048 
 0.048 
 0.048 
 0.048 
 0.048 
 0.048 
 0.048 
 0.048 
 0.048 
 0.048 
 0.048 
 0.048 
 0.048 
 0.048 
 0.048 
 0.166 
 0.166 
 0.166 
 0.166 
 0.346 
 0.346 
 0.346 
 0.346 
 0.346 
 0.346 
 0.346 
 0.346 
 0.346 
 0.346 
 0.346 
 0.346 
 0.346 
 0.346 
 0.228 
 0.228 
 0.228 
 0.228 
 0.228 
 0.228 
 0.228 
 0.228 
 0.048 
 0.048 
 0.048 
 0.048 
 0.048 
 0.048 
 0.048 
 0.048 
 0.048 
 0.048 
 0.048 
 0.048 
 0.048 
 0.048 
 0.048 
 0.048 
 0.048 
 0.048 
 4.51 
 4.51 
 4.53 
 4.59 
 4.59 
 4.53 
 4.53 
 4.53 
 4.53 
 4.661 
 4.661 
 4.661 
 4.811 
 4.811 
 2.456 
 2.456 
 2.456 
 2.456 
 2.456 
 2.516 
 2.516 
 2.516 
 2.516 
 2.556 
 2.556 
 2.556 
 2.556 
 2.456 
 2.456 
 2.496 
 2.378 
 2.338 
 2.338 
 2.438 
 2.478 
 2.528 
 2.528 
 2.438 
 2.438 
 2.538 
 2.718 
 2.718 
 2.718 
 2.718 
 2.718 
 2.718 
 2.718 
 2.718 
 2.822 
 2.822 
 2.802 
 2.802 
 2.802 
 2.702 
 2.702 
 2.702 
 2.702 
 2.702 
 2.662 
 2.782 
 2.795 
 2.795 
 2.615 
 2.515 
 2.515 
 2.515 
 2.515 
 2.515 
 2.425 
 2.485 
 2.485 
 2.485 
 2.485 
 2.485 
 2.585 
 2.703 
 2.703 
 2.603 
 2.603 
 4.55 
 4.55 
 4.65 
 2.703 
 2.703 
 2.703 
 2.671 
 2.671 
 2.671 
 2.671 
 3.069 
 3.109 
 3.109 
 3.209 
 2.633 
 2.633 
 2.633 
 2.533 
 2.633 
 2.723 
 2.633 
 2.533 
 2.533 
 2.545 
 2.545 
 2.445 
 2.405 
 2.465 
 2.465 
 2.451 
 2.491 
 2.479 
 2.479 
 2.348 
 2.348 
 2.348 
 2.308 
 2.308 
 2.308 
 2.368 
 2.368 
 2.308 
 2.308 
 2.288 
 2.288 
 2.288 
 0.181 
 0.181 
 0.201 
 0.201 
 0.201 
 0.201 
 0.201 
 0.241 
 0.188 
 0.188 
 0.22 
 0.22 
 0.26 
 0.365 
 0.365 
 0.365 
 0.365 
 0.365 
 0.365 
 0.365 
 3.077 
 3.177 
 3.157 
 3.257 
 3.257 
 3.342 
 3.242 
 3.242 
 3.242 
 3.177 
 3.189 
 3.32 
 3.208 
 3.388 
 5.495 
 5.555 
 5.555 
 5.555 
 5.555 
 5.555 
 2.843 
 2.843 
 2.843 
 2.843 
 2.843 
 2.857 
 2.857 
 2.857 
 2.857 
 2.857 
 2.857 
 2.857 
 2.957 
 2.857 
 2.857 
 2.717 
 2.717 
 2.717 
 2.717 
 2.717 
 2.817 
 2.817 
 2.777 
 2.777 
 2.79 
 2.79 
 2.79 
 2.79 
 2.79 
 2.79 
 2.79 
 2.79 
 2.79 
 2.79 
 2.79 
 2.79 
 2.89 
 2.89 
 2.89 
 2.79 
 2.79 
 2.79 
 2.79 
 2.778 
 2.843 
 2.875 
 2.875 
 2.875 
 2.875 
 2.875 
 2.875 
 2.895 
 2.895 
 3.025 
 3.125 
 3.125 
 3.125 
 2.994 
 2.994 
 2.994 
 2.994 
 3.034 
 3.034 
 3.034 
 3.034 
 2.96 
 2.96 
 2.96 
 2.96 
 2.96 
 2.96 
 2.92 
 2.92 
 2.92 
 2.92 
 2.92 
 2.96 
 3.078 
 2.988 
 2.988 
 2.928 
 2.928 
 2.928 
 2.928 
 2.928 
 3.108 
 3.108 
 3.108 
 3.048 
 3.048 
 2.988 
 2.988 
 2.988 
 2.988 
 3.119 
 0.228 
 0.228 
 0.228 
 0.228 
 0.228 
 0.228 
 0.228 
 0.228 
 0.228 
 0.228 
 0.228 
 0.228 
 0.048 
 0.048 
 0.048 
 0.048 
 0.048 
 0.048 
 0.048 
 0.048 
 0.048 
 0.048 
 0.048 
 0.048 
 0.048 
 0.048 
 0.048 
 0.048 
 0.048 
 0.048 
 0.048 
 0.048 
 0.048 
 0.048 
 0.048 
 0.048 
 0.048 
 0.048 
 0.048 
 0.166 
