 0.036 
 0.036 
 0.036 
 0.036 
 0.036 
 0.036 
 0.036 
 0.036 
 0.036 
 0.036 
 0.036 
 0.036 
 0.036 
 0.036 
 0.036 
 0.036 
 0.036 
 0.036 
 0.036 
 0.036 
 0.036 
 0.036 
 0.036 
 0.036 
 0.036 
 0.036 
 0.036 
 0.036 
 0.036 
 0.036 
 0.036 
 0.036 
 0.036 
 0.036 
 0.036 
 0.036 
 0.036 
 0.036 
 0.036 
 0.036 
 0.036 
 0.036 
 0.036 
 0.036 
 0.036 
 0.036 
 0.036 
 0.036 
 0.192 
 0.192 
 0.192 
 0.192 
 0.192 
 0.192 
 0.192 
 0.192 
 0.192 
 0.192 
 0.192 
 0.192 
 0.192 
 0.192 
 0.192 
 0.192 
 0.192 
 0.192 
 0.308 
 0.308 
 0.308 
 0.308 
 0.152 
 0.152 
 0.152 
 0.152 
 0.152 
 0.152 
 0.152 
 0.152 
 0.152 
 0.152 
 0.152 
 0.152 
 0.152 
 0.152 
 0.036 
 0.036 
 0.036 
 0.036 
 0.036 
 0.036 
 0.036 
 0.036 
 0.036 
 0.036 
 0.036 
 0.036 
 0.036 
 0.036 
 0.036 
 0.036 
 0.036 
 0.036 
 0.036 
 0.036 
 0.036 
 0.036 
 0.036 
 0.036 
 0.036 
 0.036 
 0.036 
 0.036 
 0.036 
 0.036 
 0.036 
 0.036 
 0.036 
 0.036 
 0.036 
 0.036 
 0.036 
 0.036 
 0.036 
 0.036 
 0.036 
 0.036 
 0.036 
 0.036 
 0.036 
 0.036 
 0.036 
 0.036 
 0.036 
 0.036 
 0.036 
 0.036 
 0.036 
 0.036 
 0.036 
 0.036 
 0.036 
 0.036 
 0.036 
 0.036 
 0.036 
 0.076 
 0.192 
 0.192 
 0.192 
 0.192 
 0.348 
 0.348 
 0.348 
 0.348 
 0.348 
 0.348 
 0.348 
 0.348 
 0.348 
 0.308 
 0.348 
 0.348 
 0.348 
 0.408 
 0.292 
 0.292 
 0.292 
 0.252 
 0.252 
 0.192 
 0.192 
 0.252 
 0.096 
 0.096 
 0.096 
 0.036 
 0.036 
 0.036 
 0.126 
 0.126 
 0.126 
 0.126 
 0.191 
 0.251 
 0.321 
 0.321 
 0.321 
 0.321 
 0.321 
 0.381 
 0.321 
 0.321 
 0.321 
 0.321 
 0.321 
 0.321 
 0.311 
 0.311 
 0.311 
 0.311 
 0.311 
 0.311 
 0.311 
 0.311 
 0.311 
 0.261 
 0.261 
 0.261 
 0.261 
 0.261 
 0.261 
 0.261 
 0.261 
 0.261 
 0.261 
 0.301 
 0.241 
 0.241 
 0.241 
 0.241 
 0.241 
 0.241 
 0.241 
 0.301 
 0.301 
 0.301 
 0.301 
 0.301 
 0.236 
 0.236 
 0.236 
 0.236 
 0.236 
 0.236 
 0.236 
 0.236 
 0.236 
 0.276 
 0.432 
 0.472 
 0.192 
 0.192 
 0.192 
 0.192 
 0.192 
 0.192 
 0.308 
 0.308 
 0.308 
 0.308 
 0.308 
 0.308 
 0.308 
 0.308 
 0.308 
 0.308 
 0.308 
 0.308 
 0.308 
 0.308 
 0.152 
 0.152 
 0.152 
 0.152 
 0.036 
 0.036 
 0.036 
 0.036 
 0.036 
 0.036 
 0.036 
 0.036 
 0.036 
 0.036 
 0.036 
 0.036 
 0.036 
 0.036 
 0.036 
 0.036 
 0.036 
 0.036 
 0.036 
 0.036 
 0.036 
 0.036 
 0.036 
 0.036 
 0.036 
 0.036 
 0.036 
 0.036 
 0.036 
 0.036 
 0.036 
 0.036 
 0.036 
 0.036 
 0.036 
 0.036 
 0.036 
 0.036 
 0.036 
 0.036 
 0.152 
 0.152 
 0.152 
 0.152 
 0.152 
 0.152 
 0.152 
 0.152 
 0.152 
 0.152 
 0.152 
 0.152 
 0.152 
 0.152 
 0.152 
 0.152 
 0.152 
 0.152 
 0.036 
 0.036 
 0.036 
 0.036 
 0.036 
 0.036 
 0.036 
 0.036 
 0.036 
 0.036 
 0.036 
 0.036 
 0.036 
 0.036 
 0.036 
 0.036 
 0.036 
 0.036 
 0.036 
 0.036 
 0.036 
 0.036 
 0.036 
 0.036 
 0.036 
 0.036 
 0.036 
 0.036 
 0.036 
 0.036 
 0.036 
 0.036 
 0.036 
 0.036 
 0.036 
 0.036 
 0.036 
 0.036 
 0.036 
 0.036 
 0.152 
 0.152 
 0.152 
 0.152 
 0.152 
 0.152 
 0.152 
 0.152 
 0.152 
 0.152 
 0.152 
 0.152 
 0.152 
 0.152 
 0.152 
 0.152 
 0.152 
 0.152 
 0.036 
 0.036 
 0.036 
 0.036 
 0.036 
 0.036 
 0.076 
 0.232 
 0.232 
 0.232 
 0.192 
 0.192 
 0.192 
 0.232 
 0.232 
 0.232 
 0.272 
 0.272 
 0.272 
 0.272 
 0.272 
 0.272 
 0.272 
 0.272 
 0.272 
 0.272 
 0.272 
 0.272 
 0.272 
 0.116 
 0.116 
 0.221 
 0.221 
 0.221 
 0.281 
 0.281 
 0.341 
 0.341 
 0.341 
 0.637 
 0.637 
 0.753 
 0.753 
 0.457 
 0.457 
 0.457 
 0.517 
 0.357 
 0.357 
 0.457 
 0.573 
 0.473 
 0.473 
 0.513 
 0.583 
 0.583 
 0.603 
 0.603 
 0.663 
 2.489 
 2.449 
 2.449 
 2.389 
 2.389 
 2.429 
 2.319 
 2.319 
 2.359 
 2.359 
 2.359 
 2.359 
 2.359 
 2.319 
 2.319 
 2.319 
 2.319 
 2.319 
 2.475 
 2.525 
 2.525 
 2.475 
 2.475 
 2.525 
 2.565 
 2.515 
 2.515 
 0.573 
 0.633 
 0.573 
 0.573 
 0.573 
 0.573 
 0.573 
 0.573 
 0.573 
 0.573 
 0.508 
 0.508 
 0.548 
 0.392 
 0.392 
 0.392 
 0.392 
 0.392 
 0.332 
 0.432 
 0.432 
 0.432 
 0.432 
 0.432 
 0.432 
 0.492 
 0.492 
 0.552 
 0.492 
 0.492 
 0.492 
 0.432 
 0.432 
 0.472 
 0.472 
 0.472 
 0.594 
 0.594 
 0.594 
 0.594 
 0.654 
 0.654 
 0.654 
 0.654 
 0.654 
 0.654 
 0.654 
 0.654 
 0.654 
 0.654 
 0.77 
 0.77 
 0.93 
 0.89 
 0.85 
 0.79 
 0.79 
 0.946 
 0.846 
 0.846 
 0.846 
 1.142 
 1.142 
 1.142 
 1.142 
 0.846 
 0.846 
 0.846 
 0.73 
 0.73 
 0.73 
 0.73 
 0.73 
 0.73 
 0.73 
 0.73 
 0.73 
 0.73 
 0.73 
 0.574 
 0.574 
 0.574 
 0.574 
 0.574 
 0.574 
 0.574 
 0.574 
 0.574 
 0.574 
 0.574 
 0.574 
 0.574 
 0.574 
 0.574 
 0.574 
 0.574 
 0.574 
 0.574 
 0.574 
 0.574 
 0.574 
 1.664 
 1.664 
 1.664 
 0.434 
 0.434 
 0.434 
 0.434 
 0.55 
 0.55 
 0.55 
 0.55 
 0.55 
 0.55 
 0.55 
 0.55 
 0.55 
 0.55 
 0.55 
 0.55 
 0.55 
 0.55 
 0.55 
 0.55 
 0.706 
 0.706 
 0.59 
 0.59 
 0.59 
 0.59 
 0.59 
 0.59 
 0.59 
 0.59 
 0.59 
 0.59 
 0.59 
 0.59 
 0.59 
 0.59 
 0.59 
 0.59 
 0.59 
 0.59 
 0.59 
 0.59 
 0.434 
 0.434 
 0.434 
 0.434 
 0.434 
 0.434 
 0.434 
 0.434 
 0.434 
 0.434 
 0.434 
 0.434 
 0.534 
 0.534 
 0.534 
 0.434 
 0.434 
 2.648 
 2.648 
 2.648 
 0.434 
 0.434 
 0.434 
 0.434 
 0.434 
 0.374 
 0.374 
 0.374 
 0.374 
 0.374 
 0.374 
 0.374 
 0.374 
 0.374 
 0.374 
 0.374 
 0.49 
 0.49 
 0.49 
 0.49 
 0.49 
 0.49 
 0.49 
 0.49 
 0.49 
 0.49 
 0.49 
 0.49 
 0.49 
 0.49 
 0.49 
 0.49 
 0.49 
 0.49 
 0.374 
 0.374 
 0.374 
 0.374 
 0.374 
 0.374 
 0.374 
 0.374 
 0.53 
 0.53 
 0.53 
 0.53 
 0.53 
 0.53 
 0.53 
 0.53 
 0.53 
 0.53 
 0.53 
 0.53 
 0.53 
 0.53 
 0.53 
 0.53 
 0.53 
 0.53 
 0.53 
 0.53 
 0.53 
 0.53 
 0.374 
 0.374 
 0.374 
 0.374 
 0.036 
 0.036 
 0.036 
 0.036 
 0.036 
 0.036 
 0.036 
 0.036 
 0.036 
 0.036 
 0.036 
 0.036 
 0.036 
 0.036 
 0.036 
 0.036 
 0.036 
 0.036 
 0.036 
 0.036 
 0.036 
 0.036 
 0.036 
 0.036 
 0.036 
 0.036 
 0.036 
 0.036 
 0.036 
 0.036 
 0.036 
 0.036 
 0.036 
 0.036 
 0.036 
 0.036 
 0.036 
 0.036 
 0.036 
 0.036 
 0.192 
 0.192 
 0.192 
 0.192 
 0.192 
 0.192 
 0.192 
 0.192 
 0.192 
 0.192 
 0.192 
 0.192 
 0.192 
 0.192 
 0.192 
 0.192 
 0.192 
 0.192 
 0.192 
 0.192 
 0.192 
 0.192 
 0.036 
 0.036 
 0.036 
 0.036 
 0.036 
 0.036 
 0.036 
 0.036 
 0.036 
 0.036 
 0.036 
 0.036 
 0.036 
 0.036 
 0.036 
 0.036 
 0.036 
 0.036 
 0.036 
 0.036 
 0.036 
 0.036 
 0.036 
 0.036 
 0.036 
 0.036 
 0.036 
 0.036 
 0.036 
 0.036 
 0.036 
 0.036 
 0.036 
 0.036 
 0.036 
 0.036 
 0.036 
 0.036 
 0.036 
 0.036 
 0.036 
 0.036 
 0.036 
 0.036 
 0.036 
 0.152 
 0.152 
 0.152 
 0.152 
 0.152 
 0.152 
 0.152 
 0.152 
 0.152 
 0.152 
 0.152 
 0.152 
 0.152 
 0.152 
 0.152 
 0.152 
 0.152 
 0.152 
 0.192 
 0.192 
 0.192 
 0.192 
 0.192 
 0.192 
 0.192 
 0.192 
 0.192 
 0.192 
 0.192 
 0.192 
 0.192 
 0.192 
 0.192 
 0.192 
 0.192 
 0.192 
 0.192 
 0.192 
 0.192 
 0.192 
 0.036 
 0.036 
 0.036 
 0.036 
 0.036 
 0.036 
 0.036 
 0.036 
 0.036 
 0.036 
 0.036 
 0.036 
 0.036 
 0.036 
 0.036 
 0.036 
 0.036 
 0.036 
 0.036 
 0.036 
 0.036 
 0.036 
 0.036 
 0.036 
 0.036 
 0.036 
 0.036 
 0.036 
 0.036 
 0.036 
 0.036 
 0.152 
 0.152 
 0.152 
 0.152 
 0.152 
 0.152 
 0.152 
 0.152 
 0.152 
 0.152 
 0.152 
 0.152 
 0.152 
 0.152 
 0.308 
 0.308 
 0.308 
 0.308 
 0.192 
 0.192 
 0.192 
 0.192 
 0.192 
 0.192 
 0.192 
 0.192 
 0.192 
 0.192 
 0.192 
 0.192 
 0.192 
 0.192 
 0.192 
 0.192 
 0.192 
 0.192 
 0.036 
 0.036 
 0.036 
 0.036 
 0.036 
 0.036 
 0.036 
 0.036 
 0.036 
 0.036 
 0.036 
 0.036 
 0.036 
 0.036 
 0.036 
 0.036 
 0.274 
 0.274 
 0.274 
 0.274 
 0.274 
 0.274 
 0.274 
 0.274 
 0.274 
 0.274 
 0.274 
 0.352 
 0.352 
 0.352 
 0.352 
 0.352 
 0.352 
 0.352 
 0.352 
 0.352 
 0.352 
 0.352 
 0.352 
 0.352 
 0.392 
 0.392 
 0.392 
 0.392 
 0.442 
 0.492 
 0.376 
 0.376 
 0.376 
 0.532 
 0.532 
 0.532 
 0.632 
 0.532 
 0.532 
 0.532 
 0.532 
 0.532 
 0.532 
 0.532 
 0.632 
 0.632 
 0.532 
 0.532 
 0.532 
 0.532 
 0.572 
 0.572 
 0.572 
 0.572 
 0.572 
 0.416 
 0.456 
 0.456 
 0.484 
 0.544 
 0.544 
 0.504 
 0.569 
 0.569 
 0.569 
 0.509 
 0.387 
 0.387 
 0.447 
 0.387 
 0.387 
 0.309 
 0.309 
 0.259 
 0.259 
 0.259 
 0.259 
 0.259 
 0.319 
 0.299 
 0.299 
 0.299 
 0.299 
 0.339 
 0.339 
 0.339 
 0.299 
 0.379 
 0.379 
 0.319 
 0.435 
 0.435 
 0.435 
 0.557 
 0.557 
 2.771 
 2.771 
 2.771 
 0.617 
 0.617 
 0.713 
 0.713 
 0.713 
 0.713 
 0.663 
 0.663 
 0.663 
 0.663 
 0.723 
 0.823 
 0.823 
 1.119 
 1.119 
 1.119 
 1.119 
 0.823 
 0.823 
 0.823 
 0.923 
 1.423 
 1.423 
 1.423 
 1.145 
 1.245 
 1.205 
 1.205 
 1.205 
 1.205 
 1.145 
 1.145 
 1.145 
 1.117 
 1.117 
 1.117 
 1.117 
 1.017 
 1.017 
 1.017 
 1.017 
 1.117 
 1.117 
 1.117 
 1.117 
 1.117 
 1.117 
 1.117 
 1.189 
 1.189 
 1.189 
 1.305 
 1.345 
 1.345 
 1.345 
 2.435 
 2.435 
 2.435 
 1.345 
 1.305 
 1.305 
 1.305 
 1.305 
 1.305 
 1.305 
 1.305 
 1.305 
 1.305 
 1.205 
 1.029 
 1.029 
 0.989 
 1.067 
 1.067 
 1.067 
 1.223 
 1.183 
 1.183 
 1.243 
 1.183 
 1.183 
 1.123 
 1.243 
 1.243 
 1.243 
 1.243 
 1.243 
 1.243 
 1.183 
 1.183 
 1.183 
 1.183 
 1.183 
 1.183 
 1.223 
 1.183 
 1.183 
 1.027 
 1.027 
 0.527 
 0.627 
 0.627 
 0.667 
 0.667 
 0.667 
 0.545 
 0.545 
 0.661 
 0.721 
 0.721 
 0.721 
 0.721 
 0.721 
 0.721 
 0.721 
 0.661 
 0.661 
 0.661 
 0.661 
 0.621 
 0.621 
 0.531 
 0.531 
 0.531 
 0.531 
 0.455 
 0.455 
 0.455 
 2.769 
 2.769 
 2.709 
 0.495 
 1.507 
 1.467 
 1.467 
 0.377 
 0.377 
 0.305 
 0.305 
 0.305 
 0.305 
 0.305 
 0.305 
 0.305 
 0.305 
 0.305 
 0.305 
 0.305 
 0.345 
 0.345 
 0.345 
 0.345 
 0.345 
 0.345 
 0.345 
 0.345 
 0.345 
 0.345 
 0.501 
 0.501 
 0.501 
 0.677 
 0.677 
 0.677 
 0.677 
 0.677 
 0.677 
 0.777 
 0.717 
 0.677 
 0.577 
 0.577 
 0.577 
 0.577 
 0.637 
 0.737 
 0.637 
 0.637 
 0.637 
 0.521 
 0.365 
 0.365 
 0.487 
 0.487 
 0.487 
 0.487 
 0.587 
 0.587 
 0.522 
 0.522 
 0.422 
 0.922 
 0.922 
 0.922 
 1.062 
 1.062 
 0.962 
 0.462 
 0.562 
 0.562 
 0.462 
 0.502 
 0.502 
 0.502 
 0.502 
 0.502 
 0.502 
 0.442 
 0.442 
 0.454 
 0.426 
 0.426 
 0.426 
 0.426 
 0.566 
 0.566 
 0.566 
 0.526 
 0.526 
 0.526 
 0.526 
 0.526 
 0.526 
 0.526 
 0.67 
 0.72 
 0.62 
 0.62 
 0.62 
 0.66 
 0.6 
 0.6 
 0.6 
 0.6 
 0.756 
 0.756 
 0.756 
 0.816 
 0.816 
 0.816 
 0.876 
 0.816 
 0.7 
 0.74 
 0.7 
 0.7 
 0.7 
 0.7 
 0.7 
 0.8 
 0.76 
 0.76 
 0.76 
 0.76 
 0.76 
 0.76 
 0.482 
 0.522 
 0.482 
 0.482 
 0.522 
 0.522 
 0.522 
 0.522 
 0.482 
 0.47 
 0.42 
 0.42 
 0.42 
 0.42 
 0.42 
 0.42 
 0.42 
 0.42 
 0.32 
 0.32 
 0.32 
 0.32 
 0.32 
 0.32 
 0.32 
 0.32 
 0.32 
 0.32 
 0.32 
 0.32 
 0.38 
 0.38 
 0.38 
 0.38 
 0.38 
 0.38 
 0.264 
 0.264 
 0.264 
 0.264 
 0.304 
 0.276 
 0.276 
 0.276 
 0.276 
 0.276 
 0.276 
 0.316 
 0.876 
 0.936 
 0.976 
 0.976 
 0.876 
 0.376 
 0.458 
 0.398 
 0.398 
 0.358 
 0.298 
 0.454 
 0.454 
 0.454 
 0.554 
 0.554 
 0.554 
 0.554 
 0.554 
 0.554 
 0.554 
 0.554 
 0.554 
 0.494 
 0.554 
 0.554 
 0.554 
 0.554 
 0.554 
 0.554 
 0.554 
 0.494 
 0.564 
 0.408 
 0.408 
 0.408 
 0.408 
 0.408 
 0.238 
 0.238 
 0.238 
 0.298 
 0.454 
 0.454 
 0.454 
 0.454 
 0.514 
 0.392 
 0.332 
 0.332 
 0.332 
 0.332 
 0.332 
 0.332 
 0.332 
 0.332 
 0.392 
 0.392 
 0.392 
 0.392 
 0.276 
 0.276 
 0.216 
 0.216 
 0.216 
 0.216 
 0.216 
 2.43 
 0.036 
 0.036 
 0.036 
 0.036 
 0.036 
 0.036 
 0.036 
 0.036 
 0.036 
 0.192 
 0.192 
 0.192 
 0.192 
 0.192 
 0.192 
 0.192 
 0.192 
 0.192 
 0.192 
 0.192 
 0.192 
 0.192 
 0.192 
 0.192 
 0.192 
 0.192 
 0.192 
 0.192 
 0.192 
 0.192 
 0.192 
 0.036 
 0.036 
 0.036 
 0.036 
 0.036 
 0.036 
 0.036 
 0.036 
 0.036 
