 0.056 
 0.056 
 0.056 
 0.056 
 0.056 
 0.056 
 0.056 
 0.056 
 0.056 
 0.056 
 0.056 
 0.056 
 0.056 
 0.056 
 0.056 
 0.056 
 0.056 
 0.056 
 0.056 
 0.056 
 0.056 
 0.056 
 0.056 
 0.056 
 0.056 
 0.056 
 0.056 
 0.056 
 0.056 
 0.056 
 0.056 
 0.056 
 0.056 
 0.056 
 0.056 
 0.056 
 0.056 
 0.056 
 0.056 
 0.056 
 0.056 
 0.056 
 0.056 
 0.056 
 0.056 
 0.056 
 0.056 
 0.056 
 0.056 
 0.056 
 0.056 
 0.056 
 0.056 
 0.056 
 0.056 
 0.056 
 0.056 
 0.056 
 0.056 
 0.056 
 0.056 
 0.056 
 0.056 
 0.056 
 0.056 
 0.056 
 0.056 
 0.056 
 0.056 
 0.056 
 0.056 
 0.056 
 0.056 
 0.056 
 0.056 
 0.056 
 0.056 
 0.056 
 0.056 
 0.056 
 0.056 
 0.056 
 0.056 
 0.056 
 0.056 
 0.056 
 0.056 
 0.056 
 0.056 
 0.056 
 0.056 
 0.056 
 0.056 
 0.056 
 0.056 
 0.056 
 0.056 
 0.056 
 0.056 
 0.056 
 0.056 
 0.056 
 0.056 
 0.056 
 0.056 
 0.056 
 0.056 
 0.056 
 0.056 
 0.056 
 0.056 
 0.056 
 0.056 
 0.056 
 0.056 
 0.056 
 0.056 
 0.056 
 0.056 
 0.056 
 0.056 
 0.056 
 0.056 
 0.056 
 0.056 
 0.056 
 0.056 
 0.056 
 0.056 
 0.056 
 0.056 
 0.056 
 0.056 
 0.056 
 0.056 
 0.056 
 0.056 
 0.056 
 0.056 
 0.056 
 0.056 
 0.056 
 0.056 
 0.056 
 0.056 
 0.056 
 0.056 
 0.056 
 0.056 
 0.056 
 0.056 
 0.056 
 0.056 
 0.056 
 0.056 
 0.056 
 0.056 
 0.056 
 0.056 
 0.056 
 0.056 
 0.056 
 0.056 
 0.056 
 0.056 
 0.056 
 0.056 
 0.056 
 0.056 
 0.056 
 0.056 
 0.056 
 0.056 
 0.056 
 0.056 
 0.056 
 0.056 
 0.056 
 0.056 
 0.056 
 0.056 
 0.056 
 0.056 
 0.056 
 0.056 
 0.056 
 0.056 
 0.056 
 0.056 
 0.056 
 0.056 
 0.056 
 0.056 
 0.056 
 0.056 
 0.056 
 0.056 
 0.056 
 0.056 
 0.056 
 0.056 
 0.056 
 0.056 
 0.056 
 0.056 
 0.056 
 0.056 
 0.056 
 0.056 
 0.056 
 0.056 
 0.056 
 0.056 
 0.056 
 0.056 
 0.056 
 0.056 
 0.056 
 0.056 
 0.056 
 0.056 
 0.056 
 0.056 
 0.056 
 0.056 
 0.056 
 0.056 
 0.056 
 0.056 
 0.056 
 0.056 
 0.056 
 0.056 
 0.056 
 0.056 
 0.056 
 0.056 
 0.056 
 0.056 
 0.056 
 0.056 
 0.056 
 0.056 
 0.056 
 0.056 
 0.056 
 0.056 
 0.056 
 0.056 
 0.056 
 0.056 
 0.056 
 0.056 
 0.056 
 0.056 
 0.056 
 0.056 
 0.056 
 0.056 
 0.056 
 0.056 
 0.056 
 0.056 
 0.056 
 0.056 
 0.056 
 0.056 
 0.056 
 0.056 
 0.056 
 0.056 
 0.056 
 0.056 
 0.056 
 0.056 
 0.056 
 0.056 
 0.056 
 0.056 
 0.056 
 0.056 
 0.056 
 0.056 
 0.056 
 0.056 
 0.056 
 0.056 
 0.056 
 0.056 
 0.056 
 0.056 
 0.056 
 0.056 
 0.056 
 0.056 
 0.056 
 0.056 
 0.056 
 0.056 
 0.056 
 0.056 
 0.056 
 0.056 
 0.056 
 0.056 
 0.056 
 0.056 
 0.056 
 0.056 
 0.056 
 0.056 
 0.056 
 0.056 
 0.056 
 0.056 
 0.056 
 0.056 
 0.056 
 0.056 
 0.056 
 0.056 
 0.056 
 0.056 
 0.056 
 0.056 
 0.056 
 0.056 
 0.056 
 0.056 
 0.056 
 0.056 
 0.056 
 0.056 
 0.056 
 0.056 
 0.056 
 0.056 
 0.056 
 0.056 
 0.056 
 0.056 
 0.056 
 0.056 
 0.056 
 0.056 
 0.056 
 0.056 
 0.056 
 0.056 
 0.056 
 0.056 
 0.056 
 0.056 
 0.056 
 0.056 
 0.056 
 0.056 
 0.056 
 0.056 
 0.056 
 0.056 
 0.056 
 0.056 
 0.056 
 0.056 
 0.056 
 0.056 
 0.056 
 0.056 
 0.056 
 0.056 
 0.056 
 0.056 
 0.056 
 0.056 
 0.056 
 0.056 
 0.056 
 0.056 
 0.056 
 0.056 
 0.056 
 0.056 
 0.056 
 0.056 
 0.056 
 0.056 
 0.056 
 0.056 
 0.056 
 0.056 
 0.056 
 0.056 
 0.056 
 0.056 
 0.056 
 0.056 
 0.056 
 0.056 
 0.056 
 0.056 
 0.056 
 0.056 
 0.056 
 0.056 
 0.056 
 0.056 
 0.056 
 0.056 
 0.056 
 0.056 
 0.056 
 0.056 
 0.056 
 0.056 
 0.056 
 0.056 
 0.056 
 0.056 
 0.056 
 0.056 
 0.056 
 0.156 
 0.156 
 0.116 
 0.176 
 0.176 
 0.176 
 0.176 
 0.176 
 0.236 
 0.236 
 0.236 
 0.236 
 0.236 
 0.236 
 0.236 
 0.236 
 0.236 
 0.325 
 0.265 
 0.377 
 0.377 
 0.377 
 0.277 
 0.265 
 0.265 
 0.265 
 0.265 
 0.265 
 1.863 
 1.963 
 1.963 
 0.405 
 0.405 
 0.405 
 0.405 
 0.405 
 0.405 
 0.405 
 0.405 
 0.325 
 0.325 
 0.325 
 0.325 
 0.385 
 0.385 
 0.385 
 0.397 
 0.385 
 0.385 
 0.385 
 0.385 
 0.385 
 0.385 
 1.983 
 1.983 
 1.983 
 0.385 
 0.325 
 0.385 
 0.385 
 0.325 
 0.325 
 0.325 
 0.365 
 0.365 
 0.365 
 0.365 
 0.365 
 0.365 
 0.365 
 0.965 
 0.965 
 0.805 
 0.805 
 0.805 
 0.805 
 0.305 
 0.305 
 0.265 
 0.265 
 0.205 
 0.305 
 0.305 
 0.305 
 0.805 
 0.805 
 0.705 
 0.685 
 0.685 
 0.745 
 0.716 
 9.242 
 9.242 
 9.242 
 0.716 
 0.716 
 0.716 
 0.716 
 0.716 
 0.716 
 0.716 
 0.656 
 0.656 
 0.656 
 0.716 
 0.716 
 0.716 
 0.716 
 0.716 
 0.716 
 0.216 
 0.216 
 0.216 
 0.216 
 0.216 
 0.216 
 0.216 
 0.216 
 0.216 
 0.216 
 0.216 
 0.216 
 0.216 
 0.156 
 0.228 
 1.826 
 1.826 
 1.826 
 0.228 
 0.228 
 0.228 
 0.228 
 2.211 
 2.211 
 2.211 
 2.211 
 2.211 
 2.211 
 2.211 
 2.211 
 2.211 
 2.211 
 2.211 
 2.211 
 2.211 
 2.211 
 2.211 
 2.211 
 2.211 
 2.211 
 2.171 
 2.171 
 2.171 
 0.188 
 0.188 
 0.188 
 0.188 
 0.188 
 1.786 
 1.786 
 1.786 
 0.188 
 0.188 
 0.188 
 0.188 
 0.188 
 0.188 
 0.188 
 2.564 
 2.564 
 2.564 
 2.564 
 2.564 
 2.564 
 2.564 
 2.564 
 2.564 
 2.564 
 2.564 
 2.564 
 2.564 
 2.564 
 2.564 
 2.564 
 2.564 
 2.564 
 2.564 
 2.564 
 2.564 
 2.564 
 2.564 
 2.564 
 2.564 
 2.624 
 2.624 
 2.624 
 2.624 
 2.624 
 2.624 
 2.624 
 2.624 
 2.564 
 2.564 
 2.564 
 2.564 
 2.564 
 2.564 
 2.564 
 2.564 
 2.564 
 2.564 
 2.564 
 2.564 
 2.564 
 2.564 
 2.564 
 2.741 
 2.741 
 2.504 
 2.504 
 2.504 
 2.504 
 2.504 
 2.504 
 2.504 
 2.504 
 2.504 
 2.504 
 0.128 
 0.305 
 0.305 
 0.128 
 0.128 
 0.128 
 0.128 
 0.128 
 0.128 
 0.128 
 0.128 
 0.128 
 0.128 
 0.128 
 0.305 
 0.305 
 0.128 
 0.128 
 0.128 
 0.128 
 0.128 
 0.128 
 0.128 
 0.128 
 0.128 
 0.128 
 0.128 
 0.305 
 0.305 
 0.623 
 0.623 
 0.623 
 0.623 
 0.623 
 0.056 
 0.056 
 0.056 
 0.056 
 0.056 
 0.056 
 0.056 
 0.056 
 0.056 
 0.056 
 0.056 
 0.056 
 0.056 
 0.056 
 0.056 
 0.056 
 0.056 
 0.056 
 0.056 
 0.056 
 0.056 
 0.056 
 0.056 
 0.056 
 0.056 
 0.056 
 0.085 
 0.085 
 0.085 
 0.085 
 0.085 
 0.085 
 0.085 
 0.085 
 0.085 
 0.085 
 0.085 
 0.085 
 0.085 
 0.085 
 0.085 
 0.085 
 0.085 
 0.085 
 0.085 
 0.085 
 0.085 
 0.085 
 0.085 
 0.085 
 0.085 
 0.085 
 0.085 
 0.085 
 0.085 
 0.085 
 0.056 
 0.056 
 0.056 
 0.056 
 0.056 
 0.056 
 0.056 
 0.056 
 0.056 
 0.056 
 0.056 
 0.056 
 0.056 
 0.056 
 0.056 
 0.056 
 0.056 
 0.056 
 0.056 
 0.056 
 0.056 
 0.056 
 0.056 
 0.056 
 0.056 
 0.056 
 0.056 
 0.056 
 0.056 
 0.056 
 0.056 
 0.056 
 0.056 
 0.056 
 0.056 
 0.056 
 0.056 
 0.056 
 0.056 
 0.056 
 0.056 
 0.056 
 0.056 
 0.056 
 0.056 
 0.056 
 0.056 
 0.056 
 0.056 
 0.056 
 0.056 
 0.056 
 0.056 
 0.056 
 0.056 
 0.056 
 0.056 
 0.056 
 0.056 
 0.056 
 0.056 
 0.056 
 0.056 
 0.056 
 0.056 
 0.056 
 0.056 
 0.056 
 0.056 
 0.056 
 0.056 
 0.056 
 0.056 
 0.056 
 0.056 
 0.056 
 0.056 
 0.056 
 0.056 
 0.056 
 0.056 
 0.056 
 0.056 
 0.056 
 0.056 
 0.056 
 0.056 
 0.056 
 0.056 
 0.056 
 0.056 
 0.056 
 0.056 
 0.056 
 0.056 
 0.056 
 0.056 
 0.056 
 0.056 
 0.056 
 0.056 
 0.056 
 0.056 
 0.056 
 0.056 
 0.056 
 0.056 
 0.056 
 0.056 
 0.056 
 0.056 
 0.056 
 0.056 
 0.056 
 0.056 
 0.056 
 0.056 
 0.056 
 0.056 
 0.056 
 0.056 
 0.056 
 0.056 
 0.056 
 0.056 
 0.056 
 0.056 
 0.056 
 0.056 
 0.056 
 0.056 
 0.056 
 0.056 
 0.056 
 0.056 
 0.056 
 0.056 
 0.056 
 0.056 
 0.056 
 0.056 
 0.056 
 0.056 
 0.056 
 0.056 
 0.056 
 0.056 
 0.056 
 0.056 
 0.056 
 0.056 
 0.056 
 0.056 
 0.056 
 0.056 
 0.056 
 0.056 
 0.056 
 0.056 
 0.056 
 0.056 
 0.056 
 0.056 
 0.056 
 0.056 
 0.056 
 0.056 
 0.056 
 0.056 
 0.056 
 0.056 
 0.056 
 0.056 
 0.056 
 0.056 
 0.056 
 0.056 
 0.056 
 0.056 
 0.056 
 0.056 
 0.056 
 0.056 
 0.056 
 0.056 
 0.056 
 0.056 
 0.056 
 0.056 
 0.056 
 0.056 
 0.056 
 0.056 
 0.056 
 0.056 
 0.056 
 0.056 
 0.056 
 0.056 
 0.056 
 0.085 
 0.085 
 0.085 
 0.085 
 0.085 
 0.085 
 0.085 
 0.085 
 0.085 
 0.085 
 0.085 
 0.085 
 0.085 
 0.085 
 0.085 
 0.085 
 0.085 
 0.085 
 0.085 
 0.085 
 0.085 
 0.085 
 0.085 
 0.145 
 0.085 
 0.085 
 0.085 
 0.145 
 0.262 
 0.262 
 0.262 
 0.262 
 0.36 
 0.42 
 0.42 
 0.42 
 0.42 
 0.42 
 0.42 
 0.42 
 0.42 
 0.42 
 0.42 
 0.391 
 0.391 
 0.391 
 0.391 
 0.4 
 0.4 
 0.4 
 0.4 
 0.4 
 0.5 
 0.5 
 0.5 
 0.5 
 0.56 
 0.56 
 0.56 
 0.56 
 0.56 
 0.56 
 0.56 
 0.56 
 0.56 
 0.56 
 0.56 
 0.56 
 0.56 
 0.56 
 0.66 
 0.56 
 0.572 
 0.572 
 0.672 
 0.572 
 0.572 
 0.632 
 0.632 
 0.632 
 0.632 
 0.632 
 1.597 
 1.597 
 1.597 
 0.632 
 0.632 
 0.572 
 0.572 
 2.17 
 2.199 
 2.199 
 0.601 
 0.601 
 0.661 
 0.601 
 0.601 
 0.601 
 0.615 
 0.615 
 0.615 
 0.615 
 0.615 
 0.615 
 0.675 
 0.675 
 0.675 
 0.675 
 0.675 
 2.273 
 2.273 
 2.213 
 0.715 
 0.715 
 0.715 
 0.715 
 0.715 
 0.715 
 0.715 
 0.715 
 0.706 
 0.706 
 0.706 
 0.706 
 0.706 
 0.706 
 0.706 
 0.706 
 0.706 
 0.706 
 0.706 
 0.726 
 0.706 
 0.706 
 0.766 
 0.766 
 0.706 
 0.706 
 0.706 
 0.706 
 0.706 
 0.795 
 0.795 
 0.795 
 0.795 
 0.795 
 0.835 
 0.835 
 0.835 
 0.835 
 0.835 
 0.835 
 0.835 
 0.835 
 0.835 
 0.895 
 0.895 
 0.895 
 0.881 
 0.783 
 0.783 
 0.771 
 0.831 
 0.831 
 0.831 
 0.771 
 0.771 
 0.723 
 0.723 
 0.723 
 0.783 
 0.771 
 0.771 
 0.771 
 0.771 
 0.771 
 0.771 
 0.771 
 0.771 
 0.642 
 0.582 
 0.582 
 0.582 
 0.522 
 0.522 
 0.522 
 0.531 
 0.531 
 0.531 
 0.531 
 0.531 
 0.531 
 0.531 
 0.531 
 0.531 
 0.471 
 0.411 
 0.423 
 0.423 
 0.423 
 0.423 
 0.423 
 0.535 
 0.535 
 0.535 
 0.535 
 0.535 
 0.535 
 0.535 
 0.475 
 0.475 
 0.475 
 0.475 
 0.475 
 0.446 
 0.446 
 0.446 
 0.446 
 0.446 
 0.446 
 0.946 
 0.946 
 0.946 
 0.946 
 0.946 
 0.946 
 1.075 
 1.075 
 1.075 
 1.075 
 1.075 
 1.075 
 1.075 
 1.075 
 1.075 
 0.946 
 0.446 
 0.446 
 0.446 
 0.446 
 0.446 
 0.446 
 0.346 
 0.358 
 0.358 
 0.36 
 0.36 
 0.36 
 0.36 
 0.36 
 0.36 
 0.372 
 0.372 
 0.36 
 0.36 
 0.36 
 0.372 
 0.372 
 0.36 
 0.351 
 0.351 
 0.339 
 0.339 
 0.339 
 0.339 
 0.399 
 0.408 
 0.408 
 0.408 
 0.408 
 0.408 
 0.408 
 0.348 
 0.408 
 0.408 
 0.408 
 0.537 
 0.537 
 0.537 
 0.537 
 0.537 
 0.537 
 0.408 
 0.468 
 0.528 
 0.528 
 0.528 
 0.528 
 0.528 
 0.488 
 0.488 
 0.488 
 0.488 
 0.488 
 0.488 
 0.488 
 0.488 
 0.488 
 0.488 
 0.488 
 0.586 
 0.526 
 0.526 
 0.586 
 0.526 
 0.512 
 0.512 
 0.512 
 0.512 
 0.572 
 0.572 
 0.572 
 0.512 
 0.512 
 0.512 
 0.512 
 0.566 
 0.626 
 0.566 
 0.666 
 0.568 
 0.697 
 0.697 
 0.637 
 0.637 
 0.396 
 0.396 
 0.396 
 0.339 
 0.239 
 0.268 
 0.328 
 0.328 
 0.328 
 0.328 
 0.328 
 0.328 
 0.328 
 0.308 
 0.299 
 0.319 
 0.319 
 0.431 
 0.529 
 0.589 
 0.589 
 0.529 
 0.529 
 0.529 
 0.529 
 0.469 
 0.469 
 0.469 
 0.469 
 0.469 
 0.569 
 0.569 
 0.569 
 0.469 
 0.469 
 0.469 
 0.469 
 0.469 
 0.469 
 0.469 
 0.469 
 0.469 
 0.598 
 0.598 
 0.598 
 1.05 
 1.038 
 1.038 
 1.038 
 1.038 
 1.047 
 1.033 
 1.033 
 0.493 
 0.493 
 0.493 
 0.533 
 0.533 
 0.533 
 0.493 
 2.091 
 2.475 
 2.475 
 0.877 
 0.877 
 0.493 
 0.493 
 0.493 
 0.493 
 0.553 
 0.553 
 0.553 
 0.553 
 0.593 
 0.593 
 0.593 
 0.593 
 0.593 
 0.564 
 0.564 
 0.564 
 0.564 
 0.564 
 0.564 
 0.564 
 0.564 
 0.524 
 0.524 
 0.524 
 0.524 
 0.524 
 0.524 
 0.524 
 0.412 
 2.064 
 2.064 
 2.064 
 0.466 
 0.466 
 0.466 
 0.466 
 0.466 
 0.466 
 0.406 
 0.406 
 0.406 
 0.406 
 0.406 
 0.406 
 0.406 
 0.406 
 0.406 
 0.406 
 0.406 
 0.406 
 0.406 
 0.406 
 0.406 
 0.406 
 0.406 
 0.406 
 0.406 
 0.406 
 0.397 
 0.397 
 0.056 
 0.056 
 0.056 
 0.056 
 0.056 
 0.056 
 0.056 
 0.056 
 0.056 
 0.056 
 0.056 
 0.056 
 0.056 
 0.056 
 0.056 
 0.056 
 0.056 
 0.056 
 0.056 
 0.056 
 0.056 
 0.056 
 0.056 
 0.056 
 0.056 
 0.056 
 0.056 
 0.056 
 0.056 
 0.056 
 0.056 
 0.056 
 0.056 
 0.056 
 0.056 
 0.056 
 0.056 
 0.056 
 0.056 
 0.056 
 0.056 
 0.056 
 0.056 
 0.056 
 0.056 
 0.056 
 0.056 
 0.056 
 0.056 
 0.056 
