 0.043 
 0.043 
 0.043 
 0.043 
 0.043 
 0.161 
 0.161 
 0.161 
 0.161 
 0.161 
 0.161 
 0.161 
 0.161 
 0.161 
 0.161 
 0.161 
 0.161 
 0.161 
 0.161 
 0.161 
 0.161 
 0.161 
 0.161 
 0.043 
 0.043 
 0.043 
 0.043 
 0.043 
 0.043 
 0.043 
 0.043 
 0.043 
 0.043 
 0.043 
 0.043 
 0.043 
 0.043 
 0.043 
 0.043 
 0.043 
 0.043 
 0.043 
 0.043 
 0.043 
 0.043 
 0.043 
 0.043 
 0.043 
 0.043 
 0.043 
 0.043 
 0.043 
 0.043 
 0.043 
 0.043 
 0.043 
 0.043 
 0.043 
 0.043 
 0.043 
 0.043 
 0.043 
 0.043 
 0.043 
 0.043 
 0.043 
 0.043 
 0.161 
 0.161 
 0.161 
 0.161 
 0.161 
 0.161 
 0.161 
 0.161 
 0.161 
 0.161 
 0.161 
 0.161 
 0.161 
 0.161 
 0.161 
 0.161 
 0.161 
 0.161 
 0.043 
 0.043 
 0.043 
 0.043 
 0.043 
 0.043 
 0.043 
 0.043 
 0.043 
 0.043 
 0.043 
 0.043 
 0.043 
 0.043 
 0.043 
 0.043 
 0.043 
 0.043 
 0.043 
 0.043 
 0.043 
 0.043 
 0.043 
 0.043 
 0.043 
 0.043 
 0.043 
 0.043 
 0.043 
 0.043 
 0.043 
 0.043 
 0.043 
 0.043 
 0.043 
 0.043 
 0.043 
 0.043 
 0.043 
 0.043 
 0.043 
 0.043 
 0.043 
 0.043 
 0.216 
 0.216 
 0.216 
 0.216 
 0.216 
 0.216 
 0.216 
 0.216 
 0.216 
 0.216 
 0.216 
 0.216 
 0.216 
 0.216 
 0.216 
 0.216 
 0.216 
 0.216 
 0.216 
 0.216 
 0.216 
 0.216 
 0.043 
 0.043 
 0.043 
 0.043 
 0.043 
 0.161 
 0.161 
 0.161 
 0.161 
 0.161 
 0.161 
 0.161 
 0.161 
 0.161 
 0.161 
 0.161 
 0.161 
 0.161 
 0.161 
 0.161 
 0.161 
 0.161 
 0.161 
 0.043 
 0.043 
 0.043 
 0.043 
 0.043 
 0.043 
 0.043 
 0.043 
 0.043 
 0.043 
 0.043 
 0.043 
 0.043 
 0.043 
 0.043 
 0.043 
 0.043 
 0.043 
 0.043 
 0.043 
 0.043 
 0.043 
 0.043 
 0.043 
 0.043 
 0.043 
 0.043 
 0.043 
 0.043 
 0.043 
 0.043 
 0.043 
 0.043 
 0.043 
 0.043 
 0.043 
 0.043 
 0.043 
 0.043 
 0.043 
 0.043 
 0.043 
 0.043 
 0.043 
 0.043 
 0.043 
 0.043 
 0.043 
 0.043 
 0.216 
 0.216 
 0.216 
 0.216 
 0.334 
 0.334 
 0.334 
 0.334 
 0.334 
 0.334 
 0.334 
 0.334 
 0.334 
 0.334 
 0.334 
 0.334 
 0.334 
 0.334 
 0.334 
 0.334 
 0.334 
 0.334 
 0.043 
 0.043 
 0.043 
 0.043 
 0.043 
 0.043 
 0.043 
 0.043 
 0.043 
 0.043 
 0.043 
 0.043 
 0.043 
 0.043 
 0.043 
 0.043 
 0.043 
 0.043 
 0.043 
 0.043 
 0.043 
 0.043 
 0.043 
 0.043 
 0.043 
 0.043 
 0.043 
 0.043 
 0.043 
 0.043 
 0.043 
 0.043 
 0.043 
 0.043 
 0.043 
 0.043 
 0.043 
 0.043 
 0.043 
 0.043 
 0.043 
 0.043 
 0.043 
 0.043 
 0.043 
 0.216 
 0.216 
 0.216 
 0.216 
 0.216 
 0.216 
 0.216 
 0.334 
 0.334 
 0.334 
 0.334 
 0.334 
 0.334 
 0.334 
 0.334 
 0.334 
 0.334 
 0.334 
 0.334 
 0.334 
 0.334 
 0.334 
 0.161 
 0.161 
 0.161 
 0.043 
 0.043 
 0.043 
 0.043 
 0.043 
 0.043 
 0.043 
 0.043 
 0.043 
 0.043 
 0.043 
 0.043 
 0.043 
 0.043 
 0.043 
 0.043 
 0.043 
 0.043 
 0.043 
 0.043 
 0.043 
 0.043 
 0.043 
 0.043 
 0.043 
 0.043 
 0.043 
 0.043 
 0.043 
 0.043 
 0.043 
 0.043 
 0.043 
 0.043 
 0.043 
 0.043 
 0.043 
 0.143 
 0.043 
 0.043 
 0.043 
 0.143 
 0.143 
 0.143 
 0.143 
 0.143 
 0.143 
 0.143 
 0.143 
 0.451 
 0.451 
 0.451 
 0.451 
 0.351 
 0.351 
 0.351 
 0.416 
 0.416 
 0.416 
 0.416 
 0.351 
 0.351 
 0.351 
 0.351 
 0.351 
 0.351 
 0.365 
 0.365 
 0.365 
 0.365 
 0.365 
 0.192 
 0.192 
 0.192 
 0.197 
 0.197 
 0.232 
 0.232 
 0.232 
 0.232 
 0.232 
 0.232 
 0.232 
 0.232 
 0.232 
 0.232 
 0.232 
 0.232 
 0.232 
 0.192 
 0.212 
 0.212 
 0.212 
 0.417 
 0.272 
 0.272 
 0.272 
 0.272 
 0.337 
 0.337 
 3.312 
 3.372 
 3.392 
 3.392 
 3.49 
 3.49 
 3.49 
 3.49 
 3.49 
 3.49 
 3.49 
 3.535 
 3.47 
 3.47 
 3.47 
 3.47 
 3.47 
 3.47 
 3.47 
 3.47 
 0.604 
 0.644 
 0.586 
 0.586 
 0.486 
 0.486 
 0.472 
 0.472 
 0.472 
 0.472 
 0.492 
 10.197 
 10.197 
 10.197 
 0.527 
 0.527 
 0.527 
 0.527 
 0.527 
 0.527 
 0.527 
 0.592 
 0.592 
 2.866 
 2.866 
 2.846 
 0.592 
 0.592 
 10.297 
 10.297 
 10.297 
 0.532 
 0.532 
 0.497 
 0.497 
 0.497 
 0.412 
 0.412 
 0.412 
 0.352 
 0.352 
 0.452 
 0.452 
 0.512 
 0.512 
 0.512 
 0.547 
 0.547 
 3.522 
 3.522 
 3.462 
 3.462 
 3.462 
 3.635 
 3.9 
 3.92 
 3.9 
 3.9 
 3.9 
 3.9 
 3.9 
 3.9 
 3.9 
 3.695 
 3.813 
 3.813 
 3.813 
 3.813 
 0.838 
 0.838 
 0.838 
 0.838 
 0.838 
 0.838 
 10.543 
 10.37 
 10.37 
 0.665 
 0.565 
 0.565 
 0.565 
 0.565 
 0.447 
 0.447 
 3.422 
 3.422 
 3.434 
 3.434 
 3.374 
 3.374 
 3.374 
 3.374 
 3.374 
 3.374 
 3.374 
 3.374 
 3.374 
 3.374 
 3.374 
 3.374 
 3.314 
 3.274 
 3.274 
 3.274 
 0.299 
 0.234 
 0.248 
 0.248 
 0.248 
 0.248 
 0.148 
 0.148 
 0.148 
 0.148 
 3.123 
 3.123 
 3.123 
 3.123 
 3.123 
 3.123 
 3.296 
 3.296 
 3.296 
 3.296 
 3.296 
 3.296 
 3.296 
 3.296 
 3.296 
 3.296 
 5.57 
 5.535 
 7.789 
 7.754 
 4.779 
 2.525 
 2.525 
 2.525 
 2.643 
 2.643 
 2.643 
 2.643 
 2.47 
 2.47 
 2.47 
 2.47 
 2.461 
 2.461 
 2.461 
 2.461 
 2.461 
 2.461 
 2.461 
 2.461 
 2.461 
 2.461 
 2.343 
 2.343 
 2.343 
 2.331 
 2.343 
 2.343 
 2.343 
 2.343 
 2.343 
 2.343 
 2.329 
 2.329 
 2.329 
 2.329 
 2.329 
 2.329 
 2.329 
 2.329 
 2.329 
 2.329 
 2.329 
 2.329 
 2.329 
 2.329 
 2.329 
 2.329 
 2.329 
 2.329 
 2.329 
 2.329 
 2.329 
 2.329 
 2.329 
 2.329 
 0.055 
 0.055 
 0.055 
 0.055 
 0.055 
 0.055 
 0.055 
 0.055 
 0.055 
 0.055 
 0.055 
 0.346 
 0.346 
 0.346 
 0.346 
 0.334 
 0.334 
 0.334 
 0.334 
 0.334 
 0.334 
 0.334 
 0.334 
 0.334 
 0.334 
 0.334 
 0.334 
 0.334 
 0.334 
 0.216 
 0.216 
 0.216 
 0.216 
 0.043 
 0.043 
 0.043 
 0.043 
 0.043 
 0.043 
 0.043 
 0.043 
 0.043 
 0.043 
 0.043 
 0.043 
 0.043 
 0.043 
 0.043 
 0.043 
 0.043 
 0.043 
 0.043 
 0.043 
 0.043 
 0.043 
 0.043 
 0.043 
 0.043 
 0.043 
 0.043 
 0.043 
 0.043 
 0.043 
 0.043 
 0.043 
 0.043 
 0.043 
 0.043 
 0.043 
 0.043 
 0.043 
 0.043 
 0.043 
 0.161 
 0.161 
 0.161 
 0.161 
 0.161 
 0.161 
 0.334 
 0.334 
 0.334 
 0.334 
 0.334 
 0.334 
 0.334 
 0.334 
 0.334 
 0.334 
 0.334 
 0.334 
 0.216 
 0.216 
 0.216 
 0.216 
 0.216 
 0.216 
 0.216 
 0.216 
 0.216 
 0.216 
 0.043 
 0.043 
 0.043 
 0.043 
 0.043 
 0.043 
 0.043 
 0.043 
 0.043 
 0.043 
 0.043 
 0.043 
 0.043 
 0.043 
 0.043 
 0.043 
 0.043 
 0.043 
 0.043 
 0.043 
 0.043 
 0.043 
 0.043 
 0.043 
 0.043 
 0.043 
 0.043 
 0.043 
 0.043 
 0.043 
 0.043 
 0.043 
 0.043 
 0.043 
 0.161 
 0.161 
 0.161 
 0.161 
 0.161 
 0.161 
 0.161 
 0.161 
 0.161 
 0.161 
 0.161 
 0.161 
 0.161 
 0.161 
 0.161 
 0.161 
 0.161 
 0.161 
 0.043 
 0.043 
 0.216 
 0.216 
 0.216 
 0.216 
 0.216 
 0.216 
 0.216 
 0.216 
 0.216 
 0.216 
 0.216 
 0.216 
 0.216 
 0.216 
 0.216 
 0.216 
 0.216 
 0.216 
 0.216 
 0.216 
 0.216 
 0.216 
 0.043 
 0.043 
 0.043 
 0.043 
 0.043 
 0.043 
 0.043 
 0.043 
 0.043 
 0.043 
 0.043 
 0.043 
 0.161 
 0.161 
 0.161 
 0.161 
 0.161 
 0.161 
 0.173 
 0.173 
 0.173 
 0.233 
 0.233 
 0.233 
 0.233 
 0.233 
 0.233 
 0.233 
 0.233 
 0.233 
 0.055 
 0.055 
 0.055 
 0.055 
 0.055 
 0.055 
 0.055 
 0.055 
 0.055 
 0.055 
 0.055 
 0.055 
 0.055 
 0.055 
 0.055 
 0.055 
 0.043 
 0.043 
 0.043 
 0.216 
 0.216 
 0.216 
 0.276 
 0.276 
 0.276 
 2.53 
 2.53 
 2.53 
 0.276 
 0.276 
 0.276 
 0.276 
 0.276 
 3.251 
 3.251 
 3.251 
 3.251 
 3.251 
 3.251 
 3.251 
 3.251 
 3.078 
 3.078 
 3.196 
 3.196 
 3.196 
 3.196 
 3.196 
 0.161 
 0.161 
 0.161 
 0.161 
 0.161 
 0.161 
 0.161 
 0.161 
 0.161 
 0.161 
 0.161 
 0.161 
 0.161 
 0.043 
 0.043 
 0.043 
 0.043 
 0.043 
 0.043 
 0.043 
 0.043 
 0.043 
 0.043 
 0.043 
 0.043 
 0.043 
 0.043 
 0.043 
 0.043 
 0.043 
 0.043 
 0.043 
 0.043 
 0.043 
 0.043 
 0.043 
 0.043 
 0.216 
 0.216 
 0.216 
 0.216 
 0.216 
 0.216 
 0.216 
 0.216 
 0.216 
 0.216 
 0.216 
 0.216 
 0.216 
 0.216 
 0.216 
 0.216 
 0.216 
 0.216 
 0.216 
 0.216 
 0.216 
 0.216 
 0.043 
 0.043 
 0.043 
 0.043 
 0.043 
 0.043 
 0.043 
 0.043 
 0.043 
 0.043 
 0.043 
 0.043 
 0.043 
 0.043 
 0.043 
 0.043 
 0.043 
 0.043 
 0.043 
 0.043 
 0.043 
 0.043 
 0.043 
 0.043 
 0.043 
 0.043 
 0.043 
 0.161 
 0.161 
 0.161 
 0.161 
 0.161 
 0.161 
 0.161 
 0.161 
 0.161 
 0.161 
 0.161 
 0.161 
 0.161 
 0.161 
 0.161 
 0.161 
 0.161 
 0.161 
 0.043 
 0.043 
 0.043 
 0.043 
 0.043 
 0.043 
 0.043 
 0.043 
 0.043 
 0.043 
 0.043 
 0.043 
 0.216 
 0.216 
 0.216 
 0.216 
 0.216 
 0.216 
 0.216 
 0.216 
 0.216 
 0.216 
 0.216 
 0.216 
 0.216 
 0.216 
 0.216 
 0.216 
 0.216 
 0.216 
 0.216 
 0.216 
 0.216 
 0.216 
 0.043 
 0.043 
 0.043 
 0.043 
 0.043 
 0.043 
 0.043 
 0.043 
 0.043 
 0.043 
 0.161 
 0.161 
 0.161 
 0.161 
 0.161 
 0.161 
 0.161 
 0.161 
 0.161 
 0.161 
 0.161 
 0.161 
 0.161 
 0.161 
 0.161 
 0.161 
 0.161 
 0.161 
 0.043 
 0.043 
 0.043 
 0.043 
 0.043 
 0.043 
 0.043 
 0.043 
 0.043 
 0.043 
 0.043 
 0.043 
 0.043 
 0.043 
 0.043 
 0.043 
 0.043 
 0.043 
 0.043 
 0.043 
 0.043 
 0.043 
 0.043 
 0.216 
 0.216 
 0.216 
 0.216 
 0.216 
 0.216 
 0.216 
 0.216 
 0.216 
 0.216 
 0.216 
 0.216 
 0.216 
 0.216 
 0.216 
 0.216 
 0.216 
 0.216 
 0.216 
 0.216 
 0.216 
 0.216 
 0.043 
 0.043 
 0.043 
 0.043 
 0.043 
 0.043 
 0.043 
 0.043 
 0.043 
 0.043 
 0.043 
 0.043 
 0.043 
 0.043 
 0.043 
 0.043 
 0.043 
 0.043 
 0.043 
 0.043 
 0.043 
 0.043 
 0.043 
 0.043 
 0.043 
 0.043 
 0.043 
 0.043 
 0.043 
 0.043 
 0.043 
 0.043 
 0.161 
 0.161 
 0.161 
 0.161 
 0.161 
 0.161 
 0.161 
 0.161 
 0.161 
 0.161 
 0.161 
 0.161 
 0.161 
 0.161 
 0.161 
 0.161 
 0.161 
 0.161 
 0.043 
 0.043 
 0.043 
 0.043 
 0.043 
 0.043 
 0.043 
 0.043 
 0.216 
 0.216 
 0.216 
 0.216 
 0.216 
 0.216 
 0.216 
 0.216 
 0.216 
 0.216 
 0.216 
 3.226 
 3.226 
 3.191 
 3.191 
 3.191 
 0.216 
 3.191 
 3.191 
 3.291 
 3.191 
 3.191 
 3.018 
 3.018 
 3.018 
 3.018 
 3.018 
 3.018 
 3.018 
 3.018 
 3.018 
 3.118 
 3.118 
 3.118 
 3.178 
 3.178 
 3.218 
 0.243 
 0.243 
 0.243 
 0.278 
 0.278 
 0.278 
 0.443 
 0.478 
 0.478 
 0.548 
 0.513 
 0.318 
 0.273 
 0.253 
 0.253 
 0.253 
 0.253 
 0.253 
 0.453 
 0.362 
 2.546 
 2.446 
 2.446 
 0.192 
 0.152 
 0.164 
 0.164 
 0.164 
 0.164 
 0.164 
 0.184 
 0.184 
 0.22 
 0.22 
 0.22 
 0.22 
 0.22 
 0.338 
 0.338 
 0.338 
 0.338 
 0.338 
 0.338 
 0.338 
 0.511 
 0.511 
 0.611 
 0.671 
 0.691 
 0.691 
 0.691 
 0.726 
 0.726 
 0.591 
 0.656 
 0.538 
 0.538 
 0.598 
 0.598 
 0.678 
 0.678 
 0.578 
 0.578 
 0.578 
 0.558 
 0.558 
 0.385 
 0.385 
 0.385 
 0.385 
 0.385 
 0.485 
 0.545 
 0.545 
 0.445 
 0.445 
 0.445 
 0.445 
 0.445 
 0.445 
 0.445 
 0.445 
 0.385 
 0.35 
 0.345 
 0.345 
 0.415 
 0.415 
 0.345 
 0.345 
 0.385 
 0.385 
 0.385 
 0.385 
 0.385 
 0.385 
 0.285 
 0.285 
 0.373 
 0.373 
 0.273 
 0.273 
 0.273 
 0.273 
 0.273 
 0.237 
 0.297 
 0.357 
 0.357 
 0.357 
 0.357 
 0.53 
 0.53 
 0.55 
 3.465 
 3.465 
 3.465 
 3.465 
 3.465 
 3.465 
 3.465 
 3.465 
 3.465 
 3.465 
 3.465 
 3.465 
 3.465 
 3.465 
 3.465 
 3.565 
 3.605 
 3.565 
 3.465 
 3.272 
 0.043 
 0.043 
 0.043 
 0.043 
 0.043 
 0.043 
 0.043 
 0.043 
 0.043 
 0.043 
 0.043 
 0.043 
 0.043 
 0.043 
 0.043 
 0.043 
 0.043 
 0.043 
 0.043 
 0.043 
 0.043 
 0.043 
 0.043 
 0.161 
 0.161 
 0.161 
 0.161 
 0.161 
 0.161 
 0.161 
 0.161 
 0.161 
 0.161 
 0.161 
 0.161 
 0.161 
 0.161 
 0.161 
 0.161 
 0.161 
 0.161 
 0.043 
 0.043 
 0.043 
 0.043 
 0.043 
 0.043 
 0.043 
 0.043 
 0.043 
 0.043 
 0.043 
 0.043 
 0.043 
 0.043 
 0.043 
 0.043 
 0.043 
 0.043 
 0.216 
 0.216 
 0.216 
 0.216 
 0.216 
 0.216 
 0.216 
 0.216 
 0.216 
 0.216 
 0.216 
 0.216 
 0.216 
 0.216 
 0.216 
 0.216 
 0.216 
 0.216 
 0.216 
 0.216 
 0.216 
 0.216 
 0.043 
 0.043 
 0.043 
 0.043 
 0.043 
 0.043 
 0.043 
 0.043 
 0.043 
 0.043 
 0.043 
 0.043 
 0.043 
 0.043 
 0.043 
 0.043 
 0.043 
 0.043 
 0.043 
 0.043 
 0.043 
 0.043 
 0.043 
 0.043 
 0.043 
 0.043 
 0.043 
 0.043 
 0.043 
 0.043 
 0.043 
 0.043 
 0.043 
 0.043 
 0.043 
 0.043 
 0.043 
 0.043 
 0.043 
