 0.048 
 0.048 
 0.057 
 0.048 
 0.048 
 0.048 
 0.048 
 0.148 
 0.148 
 2.331 
 0.048 
 0.048 
 0.048 
 0.048 
 0.048 
 0.048 
 0.048 
 0.048 
 0.048 
 0.048 
 0.048 
 0.048 
 0.048 
 0.048 
 0.048 
 0.048 
 0.048 
 0.048 
 0.048 
 0.048 
 0.048 
 0.048 
 0.048 
 0.048 
 0.048 
 0.048 
 0.048 
 0.048 
 0.048 
 0.219 
 0.219 
 0.219 
 0.219 
 0.219 
 0.219 
 0.219 
 0.219 
 0.219 
 0.219 
 0.219 
 0.219 
 0.219 
 0.219 
 0.219 
 0.219 
 0.219 
 0.219 
 0.219 
 0.219 
 0.219 
 0.219 
 0.048 
 0.048 
 0.048 
 0.048 
 0.048 
 0.048 
 0.048 
 0.048 
 0.048 
 0.048 
 0.048 
 0.048 
 0.048 
 0.048 
 0.048 
 0.048 
 0.048 
 0.048 
 0.048 
 0.048 
 0.048 
 0.048 
 0.048 
 0.048 
 0.048 
 0.048 
 0.048 
 0.048 
 0.048 
 0.048 
 0.048 
 0.048 
 0.048 
 0.048 
 0.048 
 0.048 
 0.048 
 0.048 
 0.048 
 0.048 
 0.048 
 0.048 
 0.048 
 0.048 
 0.048 
 0.048 
 0.048 
 0.048 
 0.048 
 0.048 
 0.048 
 0.048 
 0.048 
 0.048 
 0.048 
 0.048 
 0.048 
 0.048 
 0.048 
 0.048 
 0.048 
 0.048 
 0.219 
 0.219 
 0.219 
 0.219 
 0.219 
 0.219 
 0.219 
 0.219 
 0.219 
 0.219 
 0.219 
 0.219 
 0.219 
 0.219 
 0.219 
 0.219 
 0.219 
 0.219 
 0.219 
 0.219 
 0.219 
 0.219 
 0.048 
 0.048 
 0.048 
 0.048 
 0.048 
 0.048 
 0.048 
 0.048 
 0.048 
 0.048 
 0.048 
 0.048 
 0.048 
 0.048 
 0.048 
 0.048 
 0.048 
 0.048 
 0.048 
 0.048 
 0.048 
 0.048 
 0.048 
 0.048 
 0.048 
 0.048 
 0.048 
 0.048 
 0.048 
 0.048 
 0.048 
 0.048 
 0.048 
 0.048 
 0.048 
 0.048 
 0.048 
 0.048 
 0.048 
 0.048 
 0.048 
 0.048 
 0.048 
 0.048 
 0.048 
 0.048 
 0.048 
 0.048 
 0.219 
 0.219 
 0.219 
 0.219 
 0.219 
 0.219 
 0.219 
 0.219 
 0.219 
 0.219 
 0.219 
 0.219 
 0.219 
 0.219 
 0.219 
 0.219 
 0.219 
 0.219 
 0.219 
 0.219 
 0.219 
 0.219 
 0.048 
 0.048 
 0.048 
 0.048 
 0.048 
 0.048 
 0.048 
 0.048 
 0.048 
 0.048 
 0.048 
 0.048 
 0.048 
 0.048 
 0.048 
 0.048 
 0.048 
 0.048 
 0.048 
 0.048 
 0.048 
 0.048 
 0.048 
 0.048 
 0.048 
 0.048 
 0.048 
 0.048 
 0.048 
 0.048 
 0.048 
 0.048 
 0.048 
 0.048 
 0.048 
 0.048 
 0.048 
 0.048 
 0.048 
 0.048 
 0.048 
 0.048 
 0.048 
 0.048 
 0.048 
 0.219 
 0.219 
 0.219 
 0.219 
 0.219 
 0.219 
 0.219 
 0.219 
 0.219 
 0.219 
 0.219 
 0.219 
 0.219 
 0.219 
 0.219 
 0.219 
 0.219 
 0.219 
 0.219 
 0.219 
 0.219 
 0.219 
 0.048 
 0.048 
 0.048 
 0.048 
 0.048 
 0.048 
 0.048 
 0.048 
 0.048 
 0.048 
 0.048 
 0.048 
 0.048 
 0.048 
 0.048 
 0.048 
 0.048 
 0.048 
 0.048 
 0.048 
 0.048 
 0.048 
 0.048 
 0.048 
 0.048 
 0.048 
 0.048 
 0.048 
 0.048 
 0.048 
 0.048 
 0.048 
 0.048 
 0.048 
 0.048 
 0.048 
 0.048 
 0.048 
 0.048 
 0.048 
 0.048 
 0.048 
 0.048 
 0.048 
 0.048 
 0.048 
 0.048 
 0.048 
 0.048 
 0.048 
 0.048 
 0.048 
 0.048 
 0.048 
 0.048 
 0.048 
 0.048 
 0.048 
 0.048 
 0.048 
 0.048 
 0.048 
 0.048 
 0.048 
 0.048 
 0.048 
 0.219 
 0.219 
 0.219 
 0.219 
 0.219 
 0.219 
 0.219 
 0.219 
 0.219 
 0.219 
 0.219 
 0.219 
 0.219 
 0.219 
 0.219 
 0.219 
 0.219 
 0.219 
 0.219 
 0.219 
 0.219 
 0.219 
 0.048 
 0.048 
 0.048 
 0.048 
 0.048 
 0.048 
 0.048 
 0.048 
 0.048 
 0.048 
 0.048 
 0.048 
 0.048 
 0.048 
 0.048 
 0.048 
 0.048 
 0.048 
 0.048 
 0.048 
 0.048 
 0.048 
 0.048 
 0.048 
 0.048 
 0.048 
 0.048 
 0.048 
 0.048 
 0.048 
 0.048 
 0.048 
 0.048 
 0.048 
 0.048 
 0.048 
 0.048 
 0.048 
 0.048 
 0.048 
 0.048 
 0.048 
 0.048 
 0.048 
 0.048 
 0.219 
 0.219 
 0.219 
 0.219 
 0.219 
 0.219 
 0.219 
 0.219 
 0.219 
 0.219 
 0.219 
 0.219 
 0.219 
 0.219 
 0.219 
 0.219 
 0.219 
 0.219 
 0.219 
 0.219 
 0.219 
 0.219 
 0.048 
 0.048 
 0.048 
 0.048 
 0.048 
 0.048 
 0.048 
 0.048 
 0.048 
 0.048 
 0.048 
 0.048 
 0.048 
 0.048 
 0.048 
 0.048 
 0.048 
 0.048 
 0.048 
 0.048 
 0.048 
 0.048 
 0.048 
 0.048 
 0.048 
 0.048 
 0.048 
 0.048 
 0.048 
 0.048 
 0.048 
 0.048 
 0.048 
 0.048 
 0.048 
 0.048 
 0.048 
 0.048 
 0.048 
 0.048 
 0.048 
 0.048 
 0.048 
 2.271 
 2.271 
 0.108 
 0.048 
 0.048 
 0.108 
 0.117 
 0.092 
 0.092 
 0.092 
 0.132 
 0.132 
 0.132 
 0.224 
 0.224 
 0.264 
 0.264 
 0.229 
 0.229 
 0.229 
 0.229 
 0.149 
 0.209 
 0.309 
 0.309 
 0.249 
 0.289 
 0.329 
 0.329 
 0.508 
 0.508 
 0.568 
 0.568 
 0.508 
 0.508 
 0.508 
 0.408 
 0.408 
 0.408 
 0.408 
 0.408 
 0.408 
 0.408 
 0.408 
 0.408 
 0.368 
 0.368 
 0.368 
 0.368 
 0.368 
 0.368 
 0.197 
 0.197 
 0.197 
 0.21 
 0.21 
 0.21 
 0.17 
 0.17 
 0.17 
 0.17 
 0.17 
 0.17 
 0.17 
 0.17 
 0.161 
 0.161 
 0.161 
 0.161 
 0.161 
 0.161 
 0.161 
 0.245 
 0.245 
 0.245 
 0.245 
 0.245 
 0.245 
 0.245 
 0.245 
 0.245 
 0.245 
 0.257 
 0.245 
 0.245 
 0.245 
 0.161 
 0.161 
 0.161 
 0.161 
 0.161 
 0.161 
 0.161 
 0.161 
 0.161 
 0.161 
 0.161 
 0.161 
 0.161 
 0.161 
 0.048 
 0.048 
 0.048 
 0.219 
 0.219 
 0.219 
 0.219 
 0.219 
 0.219 
 0.219 
 0.219 
 0.219 
 0.219 
 0.219 
 0.219 
 0.219 
 0.219 
 0.219 
 0.219 
 0.219 
 0.219 
 0.219 
 0.219 
 0.219 
 0.219 
 0.048 
 0.048 
 0.048 
 0.048 
 0.048 
 0.048 
 0.048 
 0.048 
 0.048 
 0.048 
 0.048 
 0.048 
 0.048 
 0.048 
 0.048 
 0.048 
 0.048 
 0.048 
 0.048 
 0.048 
 0.048 
 0.048 
 0.048 
 0.048 
 0.048 
 0.048 
 0.048 
 0.048 
 0.048 
 0.048 
 0.048 
 0.048 
 0.048 
 0.048 
 0.048 
 0.048 
 0.048 
 0.048 
 0.048 
 0.048 
 0.048 
 0.048 
 0.048 
 0.048 
 0.048 
 0.048 
 0.048 
 0.048 
 0.048 
 0.048 
 0.048 
 0.048 
 0.048 
 0.048 
 0.048 
 0.048 
 0.048 
 0.048 
 0.048 
 0.048 
 0.048 
 0.048 
 0.048 
 0.219 
 0.219 
 0.219 
 0.219 
 0.219 
 0.219 
 0.219 
 0.219 
 0.219 
 0.219 
 0.219 
 0.219 
 0.219 
 0.219 
 0.219 
 0.219 
 0.219 
 0.219 
 0.219 
 0.219 
 0.219 
 0.219 
 0.048 
 0.048 
 0.048 
 0.048 
 0.048 
 0.048 
 0.048 
 0.048 
 0.048 
 0.048 
 0.048 
 0.048 
 0.048 
 0.048 
 0.048 
 0.048 
 0.048 
 0.048 
 0.048 
 0.048 
 0.048 
 0.048 
 0.048 
 0.048 
 0.048 
 0.048 
 0.048 
 0.048 
 0.048 
 0.048 
 0.048 
 0.048 
 0.048 
 0.048 
 0.048 
 0.048 
 0.048 
 0.048 
 0.048 
 0.048 
 0.048 
 0.048 
 0.048 
 0.048 
 0.048 
 0.048 
 0.048 
 0.048 
 0.048 
 0.048 
 0.048 
 0.048 
 0.048 
 0.048 
 0.048 
 0.048 
 0.048 
 0.048 
 0.048 
 0.048 
 0.048 
 0.048 
 0.048 
 0.048 
 0.048 
 0.048 
 0.048 
 0.048 
 0.048 
 0.048 
 0.048 
 0.048 
 0.048 
 0.048 
 0.048 
 0.048 
 0.048 
 0.048 
 0.048 
 0.048 
 0.048 
 0.048 
 0.048 
 0.048 
 0.219 
 0.219 
 0.219 
 0.219 
 0.219 
 0.219 
 0.219 
 0.219 
 0.219 
 0.219 
 0.219 
 0.219 
 0.219 
 0.219 
 0.219 
 0.219 
 0.219 
 0.219 
 0.219 
 0.219 
 0.219 
 0.219 
 0.048 
 0.048 
 0.048 
 0.048 
 0.048 
 0.048 
 0.048 
 0.048 
 0.048 
 0.048 
 0.048 
 0.048 
 0.048 
 0.048 
 0.048 
 0.048 
 0.048 
 0.048 
 0.048 
 0.048 
 0.048 
 0.048 
 0.048 
 0.048 
 0.061 
 0.061 
 0.061 
 0.061 
 0.061 
 0.061 
 0.061 
 0.061 
 0.061 
 0.061 
 0.061 
 0.061 
 0.061 
 0.061 
 0.048 
 0.048 
 0.048 
 0.048 
 0.048 
 0.048 
 0.048 
 0.048 
 0.048 
 0.048 
 0.048 
 0.048 
 0.048 
 0.048 
 0.048 
 0.048 
 0.219 
 0.219 
 0.219 
 0.219 
 0.219 
 0.219 
 0.219 
 0.219 
 0.279 
 0.279 
 0.279 
 0.279 
 0.279 
 0.279 
 3.01 
 3.01 
 3.01 
 3.01 
 3.01 
 3.01 
 3.01 
 3.01 
 2.839 
 2.839 
 3.153 
 3.153 
 3.153 
 3.153 
 2.839 
 2.839 
 2.839 
 2.839 
 2.779 
 2.779 
 2.779 
 2.779 
 2.779 
 2.779 
 2.779 
 2.779 
 2.779 
 2.779 
 2.779 
 2.779 
 2.779 
 2.779 
 2.779 
 2.779 
 2.779 
 2.779 
 2.779 
 2.779 
 2.779 
 2.779 
 2.779 
 2.779 
 2.779 
 2.779 
 2.779 
 2.779 
 2.779 
 2.779 
 2.779 
 2.779 
 2.779 
 2.779 
 2.779 
 2.95 
 2.95 
 2.95 
 2.95 
 2.95 
 2.95 
 2.95 
 0.219 
 0.219 
 0.219 
 0.219 
 0.219 
 0.219 
 0.219 
 0.219 
 0.219 
 0.219 
 0.219 
 0.219 
 0.219 
 0.219 
 0.219 
 0.048 
 0.048 
 0.048 
 0.048 
 0.048 
 0.048 
 0.048 
 0.048 
 0.048 
 0.048 
 0.048 
 0.048 
 0.048 
 0.048 
 0.048 
 0.048 
 0.048 
 0.048 
 0.048 
 0.048 
 0.048 
 0.048 
 0.048 
 0.048 
 0.048 
 0.048 
 0.048 
 0.048 
 0.048 
 0.048 
 0.048 
 0.048 
 0.048 
 0.048 
 0.048 
 0.048 
 0.048 
 0.048 
 0.048 
 0.048 
 0.048 
 0.048 
 0.048 
 0.048 
 0.048 
 0.048 
 0.048 
 0.048 
 0.219 
 0.219 
 0.219 
 0.219 
 0.219 
 0.219 
 0.219 
 0.219 
 0.219 
 0.219 
 0.219 
 0.219 
 0.219 
 0.219 
 0.219 
 0.219 
 0.219 
 0.219 
 0.219 
 0.219 
 0.219 
 0.219 
 0.048 
 0.048 
 0.048 
 0.048 
 0.048 
 0.048 
 0.048 
 0.048 
 0.048 
 0.048 
 0.048 
 0.048 
 0.048 
 0.048 
 0.048 
 0.048 
 0.048 
 0.048 
 0.048 
 0.048 
 0.048 
 0.048 
 0.048 
 0.048 
 0.048 
 0.048 
 0.048 
 0.048 
 0.048 
 0.048 
 0.048 
 0.048 
 0.048 
 0.048 
 0.048 
 0.048 
 0.048 
 0.048 
 0.048 
 0.048 
 0.048 
 0.048 
 0.048 
 0.048 
 0.048 
 0.048 
 0.048 
 0.048 
 0.048 
 0.048 
 0.048 
 0.048 
 0.048 
 0.048 
 0.048 
 0.048 
 0.048 
 0.048 
 0.048 
 0.048 
 0.219 
 0.219 
 0.219 
 0.219 
 0.219 
 0.219 
 0.219 
 0.219 
 0.219 
 0.219 
 0.219 
 0.219 
 0.219 
 0.219 
 0.219 
 0.219 
 0.219 
 0.219 
 0.219 
 0.219 
 0.219 
 0.219 
 0.048 
 0.048 
 0.048 
 0.048 
 0.048 
 0.048 
 0.048 
 0.048 
 0.048 
 0.048 
 0.048 
 0.048 
 0.048 
 0.048 
 0.048 
 0.048 
 0.048 
 0.048 
 0.048 
 0.048 
 0.548 
 0.548 
 0.548 
 0.548 
 0.148 
 0.188 
 0.188 
 0.088 
 0.088 
 0.148 
 0.148 
 0.24 
 0.24 
 0.24 
 0.24 
 0.24 
 0.24 
 0.24 
 0.24 
 0.24 
 0.24 
 0.252 
 0.252 
 0.252 
 0.252 
 0.252 
 0.252 
 0.192 
 0.363 
 0.219 
 0.219 
 0.219 
 0.219 
 0.219 
 0.219 
 0.219 
 0.219 
 0.219 
 0.219 
 0.311 
 0.311 
 0.311 
 0.311 
 0.386 
 2.569 
 2.569 
 2.569 
 0.386 
 0.386 
 0.386 
 0.215 
 0.215 
 0.275 
 0.275 
 0.284 
 0.284 
 0.284 
 0.784 
 2.943 
 2.859 
 2.859 
 2.859 
 2.859 
 2.859 
 2.959 
 2.959 
 2.899 
 2.899 
 2.899 
 2.899 
 2.799 
 2.799 
 2.799 
 2.799 
 2.799 
 2.799 
 2.799 
 2.799 
 2.799 
 3.299 
 3.299 
 3.299 
 3.299 
 3.299 
 3.299 
 1.14 
 1.2 
 1.2 
 1.108 
 1.108 
 1.108 
 1.108 
 1.108 
 1.108 
 1.108 
 1.108 
 1.108 
 1.108 
 1.108 
 1.108 
 1.108 
 1.168 
 1.339 
 1.439 
 1.439 
 1.499 
 1.514 
 1.514 
 1.379 
 1.379 
 1.392 
 0.892 
 0.892 
 0.892 
 0.892 
 0.952 
 0.952 
 0.952 
 0.952 
 1.012 
 1.012 
 0.512 
 0.452 
 0.452 
 0.281 
 0.281 
 0.281 
 0.281 
 0.281 
 0.221 
 0.221 
 0.281 
 0.281 
 0.281 
 0.221 
 0.221 
 0.221 
 0.221 
 0.221 
 0.221 
 0.221 
 0.221 
 0.161 
 0.161 
 0.161 
 0.161 
 0.161 
 0.161 
 0.661 
 0.161 
 0.161 
 0.161 
 0.161 
 0.161 
 0.161 
 0.253 
 0.253 
 0.253 
 0.253 
 0.253 
 0.253 
 0.253 
 0.313 
 0.313 
 0.313 
 0.409 
 0.409 
 0.409 
 0.409 
 0.409 
 0.396 
 0.396 
 0.396 
 0.396 
 0.316 
 0.316 
 0.476 
 0.476 
 0.476 
 0.376 
 0.385 
 0.375 
 0.375 
 0.375 
 0.375 
 0.375 
 0.375 
 0.375 
 0.375 
 0.375 
 0.375 
 0.435 
 0.435 
 0.435 
 0.435 
 0.435 
 0.435 
 0.435 
 0.435 
 0.435 
 0.435 
 0.435 
 0.435 
 0.435 
 0.435 
 0.47 
 0.483 
 0.483 
 0.983 
 0.948 
 0.948 
 0.948 
 0.948 
 0.948 
 0.948 
 0.948 
 1.048 
 1.048 
 1.048 
 1.148 
 1.048 
 1.048 
 1.048 
 1.048 
 1.048 
 1.048 
 1.048 
 1.036 
 1.128 
 1.128 
 1.128 
 1.568 
 1.568 
 1.068 
 1.068 
 1.068 
 1.08 
 1.08 
 1.08 
 1.08 
 1.08 
 1.08 
 1.14 
 1.311 
 0.811 
 0.811 
 0.751 
 0.751 
 1.251 
 1.251 
 1.191 
 1.191 
 1.131 
 1.131 
 1.06 
 1.072 
 1.072 
 1.072 
 1.072 
 1.072 
 1.072 
 1.072 
 1.072 
 1.132 
 1.132 
 0.901 
 0.888 
 0.888 
 0.888 
 0.888 
 0.888 
 0.888 
 0.888 
 0.848 
 0.848 
 0.848 
 0.848 
 0.748 
 0.656 
 0.731 
 0.731 
 0.731 
 0.731 
 0.731 
 0.74 
 0.74 
 0.725 
 0.716 
 0.716 
 0.716 
 0.716 
 0.716 
 0.716 
 0.716 
 0.716 
 0.656 
 0.656 
 0.656 
 0.676 
 0.768 
 0.768 
 0.768 
 0.768 
 0.768 
 0.768 
 0.768 
 0.768 
 0.828 
 0.768 
 0.048 
 0.048 
 0.048 
 0.048 
 0.048 
 0.048 
 0.048 
 0.048 
 0.048 
 0.048 
 0.048 
 0.048 
 0.048 
 0.048 
 0.048 
 0.048 
 0.048 
 0.048 
 0.048 
 0.048 
