 0.054 
 0.054 
 0.054 
 0.084 
 0.184 
 0.224 
 0.224 
 0.237 
 0.237 
 0.237 
 0.365 
 0.365 
 0.365 
 0.425 
 0.425 
 0.425 
 0.365 
 0.365 
 0.365 
 0.365 
 0.365 
 0.365 
 0.365 
 0.365 
 0.237 
 0.237 
 0.355 
 0.355 
 0.355 
 0.355 
 0.054 
 0.054 
 0.054 
 0.054 
 0.054 
 0.054 
 0.054 
 0.054 
 0.054 
 0.054 
 0.054 
 0.054 
 0.054 
 0.054 
 0.054 
 0.054 
 0.054 
 0.054 
 0.054 
 0.054 
 0.054 
 0.054 
 0.054 
 0.054 
 0.054 
 0.054 
 0.054 
 0.054 
 0.054 
 0.054 
 0.054 
 0.054 
 0.054 
 0.054 
 0.054 
 0.054 
 0.054 
 0.054 
 0.054 
 0.054 
 0.054 
 0.054 
 0.054 
 0.054 
 0.054 
 0.054 
 0.054 
 0.054 
 0.054 
 0.054 
 0.054 
 0.054 
 0.054 
 0.054 
 0.054 
 0.054 
 0.054 
 0.054 
 0.054 
 0.054 
 0.054 
 0.054 
 0.054 
 0.054 
 0.054 
 0.054 
 0.054 
 0.054 
 0.054 
 0.16 
 0.16 
 0.16 
 0.16 
 0.16 
 0.16 
 0.16 
 0.16 
 0.16 
 0.16 
 0.16 
 0.16 
 0.16 
 0.16 
 0.16 
 0.16 
 0.16 
 0.16 
 0.054 
 0.054 
 0.054 
 0.054 
 0.054 
 0.054 
 0.054 
 0.054 
 0.054 
 0.054 
 0.054 
 0.054 
 0.054 
 0.054 
 0.054 
 0.054 
 0.054 
 0.054 
 0.054 
 0.054 
 0.054 
 0.054 
 0.054 
 0.054 
 0.054 
 0.054 
 0.054 
 0.054 
 0.054 
 0.054 
 0.054 
 0.054 
 0.054 
 0.054 
 0.054 
 0.054 
 0.054 
 0.054 
 0.054 
 0.054 
 0.054 
 0.054 
 0.054 
 0.054 
 0.054 
 0.054 
 0.054 
 0.054 
 0.054 
 0.054 
 0.054 
 0.054 
 0.054 
 0.054 
 0.054 
 0.054 
 0.054 
 0.054 
 0.054 
 0.054 
 0.054 
 0.054 
 0.054 
 0.054 
 0.054 
 0.054 
 0.054 
 0.054 
 0.054 
 0.054 
 0.16 
 0.16 
 0.16 
 0.16 
 0.16 
 0.16 
 0.16 
 0.16 
 0.16 
 0.16 
 0.16 
 0.16 
 0.16 
 0.16 
 0.16 
 0.16 
 0.16 
 0.16 
 0.054 
 0.054 
 0.054 
 0.054 
 0.054 
 0.054 
 0.054 
 0.054 
 0.054 
 0.054 
 0.054 
 0.054 
 0.054 
 0.054 
 0.054 
 0.054 
 0.054 
 0.054 
 0.054 
 0.054 
 0.054 
 0.054 
 0.054 
 0.054 
 0.054 
 0.054 
 0.054 
 0.054 
 0.054 
 0.054 
 0.054 
 0.054 
 0.054 
 0.054 
 0.054 
 0.054 
 0.054 
 0.054 
 0.054 
 0.054 
 0.054 
 0.054 
 0.054 
 0.054 
 0.054 
 0.054 
 0.054 
 0.054 
 0.054 
 0.054 
 0.054 
 0.054 
 0.054 
 0.054 
 0.054 
 0.054 
 0.054 
 0.054 
 0.054 
 0.054 
 0.054 
 0.054 
 0.054 
 0.054 
 0.054 
 0.16 
 0.16 
 0.16 
 0.16 
 0.16 
 0.16 
 0.16 
 0.16 
 0.16 
 0.16 
 0.16 
 0.16 
 0.16 
 0.16 
 0.16 
 0.16 
 0.16 
 0.16 
 0.054 
 0.054 
 0.054 
 0.054 
 0.054 
 0.054 
 0.054 
 0.054 
 0.054 
 0.054 
 0.054 
 0.054 
 0.054 
 0.054 
 0.054 
 0.054 
 0.054 
 0.054 
 0.054 
 0.054 
 0.054 
 0.054 
 0.054 
 0.054 
 0.054 
 0.054 
 0.054 
 0.054 
 0.054 
 0.054 
 0.054 
 0.054 
 0.054 
 0.054 
 0.054 
 0.054 
 0.054 
 0.054 
 0.054 
 0.054 
 0.054 
 0.054 
 0.054 
 0.054 
 0.054 
 0.054 
 0.054 
 0.054 
 0.054 
 0.054 
 0.16 
 0.16 
 0.16 
 0.16 
 0.16 
 0.16 
 0.16 
 0.16 
 0.16 
 0.16 
 0.16 
 0.16 
 0.16 
 0.16 
 0.16 
 0.16 
 0.16 
 0.16 
 0.054 
 0.054 
 0.054 
 0.054 
 0.054 
 0.054 
 0.054 
 0.054 
 0.054 
 0.054 
 0.054 
 0.054 
 0.054 
 0.054 
 0.054 
 0.054 
 0.054 
 0.054 
 0.054 
 0.054 
 0.054 
 0.054 
 0.054 
 0.054 
 0.054 
 0.054 
 0.054 
 0.054 
 0.054 
 0.054 
 0.054 
 0.054 
 0.054 
 0.054 
 0.054 
 0.054 
 0.054 
 0.054 
 0.16 
 0.16 
 0.16 
 0.16 
 0.16 
 0.16 
 0.16 
 0.16 
 0.16 
 0.16 
 0.16 
 0.16 
 0.16 
 0.16 
 0.16 
 0.16 
 0.16 
 0.16 
 0.054 
 0.054 
 0.054 
 0.054 
 0.054 
 0.054 
 0.054 
 0.054 
 0.054 
 0.054 
 0.054 
 0.054 
 0.054 
 0.054 
 0.054 
 0.054 
 0.054 
 0.054 
 0.054 
 0.054 
 0.054 
 0.054 
 0.054 
 0.054 
 0.054 
 0.054 
 0.054 
 0.054 
 0.215 
 0.215 
 0.137 
 0.097 
 0.097 
 0.097 
 0.097 
 0.097 
 0.137 
 0.237 
 0.237 
 0.237 
 0.237 
 0.172 
 0.172 
 0.318 
 0.318 
 0.378 
 0.378 
 0.338 
 0.338 
 0.338 
 0.338 
 0.338 
 0.373 
 0.373 
 0.413 
 0.353 
 0.318 
 0.318 
 0.318 
 0.318 
 0.318 
 0.212 
 0.212 
 0.172 
 0.172 
 0.159 
 0.159 
 0.159 
 0.159 
 0.159 
 0.311 
 0.311 
 0.311 
 0.311 
 0.281 
 0.281 
 0.281 
 0.281 
 0.281 
 0.281 
 0.301 
 0.341 
 0.341 
 0.341 
 0.341 
 0.301 
 0.314 
 0.314 
 0.314 
 0.314 
 0.279 
 0.314 
 0.314 
 0.554 
 0.454 
 0.454 
 0.494 
 0.494 
 0.494 
 0.494 
 0.454 
 0.454 
 0.454 
 0.454 
 0.454 
 0.454 
 0.454 
 0.454 
 0.454 
 0.454 
 0.419 
 0.419 
 0.419 
 0.419 
 2.689 
 2.689 
 2.755 
 2.755 
 2.755 
 2.755 
 2.755 
 2.755 
 2.755 
 2.755 
 2.755 
 2.755 
 2.755 
 2.755 
 2.755 
 2.755 
 0.485 
 0.485 
 0.485 
 0.485 
 0.379 
 0.399 
 0.399 
 0.379 
 0.379 
 2.435 
 2.435 
 2.435 
 0.379 
 0.379 
 0.379 
 0.379 
 0.366 
 0.366 
 0.366 
 0.366 
 0.366 
 0.366 
 0.366 
 0.366 
 0.366 
 0.366 
 0.366 
 0.366 
 0.366 
 0.366 
 0.366 
 0.366 
 0.366 
 0.366 
 0.366 
 0.366 
 0.366 
 0.366 
 0.366 
 0.366 
 0.366 
 0.366 
 0.366 
 0.366 
 0.623 
 0.623 
 0.623 
 0.623 
 0.366 
 0.366 
 0.366 
 0.366 
 0.366 
 0.366 
 0.472 
 0.472 
 0.472 
 0.472 
 0.472 
 0.472 
 0.472 
 0.472 
 0.472 
 0.472 
 0.472 
 0.472 
 0.472 
 0.472 
 0.472 
 0.472 
 0.472 
 0.472 
 0.366 
 0.366 
 0.366 
 0.366 
 0.366 
 0.366 
 0.366 
 0.366 
 0.266 
 0.266 
 0.266 
 0.266 
 0.266 
 0.266 
 0.266 
 0.266 
 0.054 
 0.054 
 0.054 
 0.054 
 0.054 
 0.054 
 0.054 
 0.054 
 0.054 
 0.054 
 0.054 
 0.054 
 0.054 
 0.054 
 0.054 
 0.054 
 0.054 
 0.054 
 0.054 
 0.054 
 0.054 
 0.054 
 0.054 
 0.054 
 0.054 
 0.054 
 0.054 
 0.054 
 0.054 
 0.054 
 0.054 
 0.054 
 0.054 
 0.054 
 0.054 
 0.054 
 0.054 
 0.054 
 0.054 
 0.054 
 0.054 
 0.054 
 0.054 
 0.054 
 0.054 
 0.054 
 0.054 
 0.054 
 0.054 
 0.054 
 0.054 
 0.054 
 0.054 
 0.054 
 0.16 
 0.16 
 0.16 
 0.16 
 0.16 
 0.16 
 0.16 
 0.16 
 0.16 
 0.16 
 0.16 
 0.16 
 0.16 
 0.16 
 0.16 
 0.16 
 0.16 
 0.16 
 0.054 
 0.054 
 0.054 
 0.054 
 0.054 
 0.054 
 0.054 
 0.054 
 0.054 
 0.054 
 0.054 
 0.054 
 0.054 
 0.054 
 0.054 
 0.054 
 0.054 
 0.054 
 0.054 
 0.054 
 0.054 
 0.054 
 0.054 
 0.054 
 0.054 
 0.054 
 0.054 
 0.054 
 0.054 
 0.054 
 0.054 
 0.054 
 0.054 
 0.054 
 0.054 
 0.054 
 0.054 
 0.054 
 0.054 
 0.054 
 0.16 
 0.16 
 0.16 
 0.16 
 0.16 
 0.16 
 0.16 
 0.16 
 0.16 
 0.16 
 0.16 
 0.16 
 0.16 
 0.16 
 0.16 
 0.16 
 0.16 
 0.16 
 0.054 
 0.054 
 0.054 
 0.054 
 0.054 
 0.054 
 0.054 
 0.054 
 0.054 
 0.054 
 0.054 
 0.054 
 0.054 
 0.054 
 0.054 
 0.054 
 0.054 
 0.054 
 0.054 
 0.054 
 0.054 
 0.054 
 0.054 
 0.054 
 0.054 
 0.054 
 0.054 
 0.054 
 0.054 
 0.054 
 0.054 
 0.054 
 0.054 
 0.054 
 0.054 
 0.054 
 0.16 
 0.16 
 0.16 
 0.16 
 0.16 
 0.16 
 0.16 
 0.16 
 0.16 
 0.16 
 0.16 
 0.16 
 0.16 
 0.16 
 0.16 
 0.16 
 0.16 
 0.16 
 0.054 
 0.054 
 0.054 
 0.054 
 0.054 
 0.054 
 0.054 
 0.054 
 0.054 
 0.054 
 0.054 
 0.054 
 0.054 
 0.054 
 0.054 
 0.054 
 0.054 
 0.054 
 0.054 
 0.054 
 0.054 
 0.054 
 0.054 
 0.054 
 0.054 
 0.054 
 0.054 
 0.054 
 0.054 
 0.054 
 0.054 
 0.054 
 0.054 
 0.054 
 0.054 
 0.054 
 0.054 
 0.054 
 0.054 
 0.054 
 0.054 
 0.054 
 0.054 
 0.054 
 0.054 
 0.054 
 0.054 
 0.054 
 0.054 
 0.054 
 0.054 
 0.054 
 0.054 
 0.054 
 0.054 
 0.054 
 0.054 
 0.054 
 0.054 
 0.054 
 0.054 
 0.054 
 0.054 
 0.054 
 0.054 
 0.054 
 0.054 
 0.054 
 0.054 
 0.054 
 0.054 
 0.16 
 0.16 
 0.16 
 0.16 
 0.16 
 0.16 
 0.16 
 0.16 
 0.16 
 0.16 
 0.16 
 0.16 
 0.16 
 0.16 
 0.16 
 0.16 
 0.16 
 0.16 
 0.054 
 0.054 
 0.054 
 0.054 
 0.054 
 0.054 
 0.054 
 0.054 
 0.054 
 0.054 
 0.054 
 0.054 
 0.054 
 0.054 
 0.054 
 0.054 
 0.054 
 0.054 
 0.054 
 0.054 
 0.054 
 0.054 
 0.054 
 0.054 
 0.054 
 0.054 
 0.054 
 0.054 
 0.054 
 0.054 
 0.054 
 0.054 
 0.054 
 0.054 
 0.054 
 0.054 
 0.054 
 0.054 
 0.054 
 0.054 
 0.054 
 0.054 
 0.054 
 0.054 
 0.054 
 0.054 
 0.054 
 0.054 
 0.054 
 0.054 
 0.054 
 0.054 
 0.054 
 0.054 
 0.054 
 0.054 
 0.054 
 0.054 
 0.054 
 0.054 
 0.054 
 0.054 
 0.054 
 0.054 
 0.054 
 0.054 
 0.054 
 0.054 
 0.054 
 0.054 
 0.054 
 0.054 
 0.054 
 0.054 
 0.054 
 0.054 
 0.054 
 0.054 
 0.054 
 0.054 
 0.054 
 0.054 
 0.054 
 0.054 
 0.054 
 0.054 
 0.054 
 0.206 
 0.206 
 0.206 
 0.206 
 0.206 
 0.324 
 0.364 
 0.364 
 0.364 
 0.424 
 0.424 
 0.424 
 0.424 
 0.424 
 0.431 
 0.446 
 0.446 
 0.446 
 0.406 
 0.406 
 0.406 
 0.406 
 0.552 
 0.552 
 0.587 
 0.587 
 0.587 
 0.587 
 0.647 
 0.647 
 0.647 
 0.607 
 0.76 
 0.66 
 0.507 
 0.472 
 0.532 
 0.532 
 0.472 
 0.472 
 0.366 
 0.366 
 0.366 
 0.366 
 0.426 
 0.426 
 0.426 
 0.426 
 0.426 
 0.426 
 0.426 
 0.426 
 0.466 
 0.466 
 0.466 
 0.466 
 0.431 
 0.431 
 0.431 
 0.431 
 0.391 
 0.391 
 0.391 
 0.391 
 0.391 
 0.391 
 0.391 
 0.491 
 0.491 
 0.491 
 0.054 
 0.054 
 0.054 
 0.054 
 0.054 
 0.054 
 0.054 
 0.054 
 0.054 
 0.054 
 0.054 
 0.054 
 0.054 
 0.054 
 0.054 
 0.054 
 0.054 
 0.054 
 0.054 
 0.054 
 0.331 
 0.331 
 0.331 
 0.331 
 0.371 
 0.406 
 0.406 
 0.406 
 0.406 
 0.406 
 0.406 
 0.406 
 0.406 
 0.406 
 0.446 
 0.446 
 0.446 
 0.439 
 0.399 
 0.499 
 0.399 
 0.364 
 0.56 
 0.56 
 0.56 
 0.56 
 0.56 
 0.56 
 0.56 
 0.56 
 0.56 
 0.56 
 0.56 
 0.56 
 0.56 
 0.56 
 0.56 
 0.56 
 0.56 
 0.56 
 0.454 
 0.454 
 0.454 
 0.454 
 0.454 
 0.454 
 0.454 
 0.454 
 0.494 
 0.494 
 0.514 
 0.514 
 0.514 
 0.514 
 0.514 
 0.514 
 0.514 
 0.514 
 0.514 
 0.614 
 0.654 
 0.614 
 2.67 
 2.67 
 2.737 
 0.681 
 0.681 
 0.681 
 2.891 
 2.951 
 2.951 
 5.067 
 5.047 
 5.047 
 3.051 
 3.051 
 3.051 
 3.277 
 3.277 
 3.337 
 3.337 
 3.337 
 3.125 
 3.125 
 0.695 
 0.695 
 0.695 
 0.695 
 0.695 
 0.695 
 0.16 
 0.16 
 0.16 
 0.16 
 0.16 
 0.054 
 0.054 
 0.054 
 0.054 
 0.054 
 0.054 
 0.054 
 0.054 
 0.054 
 0.054 
 0.054 
 0.054 
 0.054 
 0.054 
 0.054 
 0.054 
 0.054 
 0.054 
 0.054 
 0.054 
 0.054 
 0.054 
 0.054 
 0.054 
 0.054 
 0.209 
 0.209 
 0.209 
 0.209 
 0.209 
 0.179 
 0.179 
 0.179 
 0.179 
 0.179 
 2.235 
 2.235 
 2.235 
 0.179 
 0.179 
 0.179 
 0.179 
 0.179 
 0.179 
 0.179 
 0.285 
 0.425 
 0.425 
 0.365 
 0.365 
 0.365 
 0.365 
 0.365 
 0.365 
 0.365 
 0.425 
 0.525 
 0.525 
 0.525 
 0.425 
 0.425 
 0.425 
 0.425 
 0.319 
 0.379 
 0.379 
 0.379 
 0.359 
 0.359 
 0.419 
 0.419 
 0.419 
 0.412 
 0.372 
 0.372 
 0.372 
 0.372 
 0.372 
 0.372 
 0.372 
 0.372 
 0.372 
 0.372 
 0.507 
 0.535 
 0.5 
 0.633 
 0.633 
 0.633 
 0.515 
 0.515 
 0.515 
 0.515 
 0.515 
 0.575 
 0.575 
 0.575 
 0.515 
 0.515 
 0.675 
 0.675 
 0.595 
 0.635 
 0.575 
 0.575 
 0.575 
 0.575 
 0.575 
 0.575 
 0.535 
 0.535 
 0.542 
 0.542 
 0.542 
 0.542 
 0.542 
 0.588 
 0.46 
 0.52 
 0.52 
 0.52 
 0.52 
 0.52 
 0.52 
 0.52 
 0.52 
 0.52 
 0.52 
 0.52 
 0.52 
 0.52 
 0.52 
 0.52 
 0.52 
 0.414 
 0.427 
 0.427 
 0.427 
 0.427 
 0.427 
 0.427 
 0.427 
 0.427 
 0.467 
 0.467 
 0.467 
 0.467 
 0.467 
 0.467 
 0.467 
 0.467 
 0.467 
 0.467 
 0.467 
 0.467 
 0.567 
 0.427 
 0.427 
 0.427 
 0.467 
 0.467 
 0.467 
 0.467 
 0.467 
 0.467 
 0.467 
 0.427 
 0.467 
 0.655 
 0.655 
 0.655 
 0.69 
 0.69 
 0.655 
 0.655 
 0.655 
 0.655 
 0.595 
 2.651 
 2.651 
 2.591 
 0.435 
 0.435 
 0.375 
 0.368 
 0.368 
 0.368 
 0.368 
 0.428 
 0.428 
 0.428 
 0.468 
 0.468 
 0.468 
 0.428 
 0.415 
 0.415 
 0.415 
 0.415 
 0.415 
 0.415 
 0.475 
 0.475 
 0.475 
 0.475 
 0.054 
 0.054 
 0.054 
 0.054 
 0.054 
 0.054 
 0.054 
 0.054 
 0.054 
 0.054 
 0.054 
 0.054 
 0.054 
 0.054 
 0.054 
 0.054 
 0.054 
 0.054 
 0.054 
 0.054 
 0.054 
 0.054 
 0.054 
 0.054 
 0.054 
 0.054 
 0.054 
 0.054 
 0.054 
 0.054 
 0.054 
 0.054 
 0.054 
 0.054 
 0.054 
 0.054 
 0.054 
 0.054 
 0.054 
 0.054 
 0.054 
 0.054 
 0.054 
 0.054 
 0.054 
 0.054 
 0.054 
 0.054 
 0.054 
 0.054 
 0.054 
 0.054 
 0.054 
 0.054 
 0.054 
 0.054 
 0.054 
 0.054 
 0.054 
 0.054 
