 0.045 
 0.045 
 0.045 
 0.045 
 0.045 
 0.045 
 0.065 
 0.093 
 0.093 
 0.093 
 0.128 
 0.128 
 0.128 
 0.128 
 0.128 
 0.188 
 0.188 
 0.188 
 0.188 
 0.188 
 0.188 
 0.188 
 0.188 
 0.188 
 0.188 
 0.188 
 0.288 
 0.288 
 0.288 
 0.288 
 0.288 
 0.288 
 0.288 
 0.253 
 0.253 
 0.253 
 0.253 
 0.253 
 0.253 
 0.193 
 0.193 
 0.293 
 0.293 
 0.293 
 0.273 
 0.333 
 0.333 
 0.293 
 0.293 
 0.293 
 0.293 
 0.497 
 0.537 
 0.537 
 0.537 
 0.549 
 0.549 
 0.549 
 0.584 
 0.584 
 0.249 
 0.249 
 0.249 
 0.249 
 0.249 
 0.249 
 0.249 
 0.249 
 0.249 
 0.249 
 0.249 
 0.249 
 0.249 
 0.045 
 0.045 
 0.045 
 0.045 
 0.045 
 0.045 
 0.045 
 0.045 
 0.045 
 0.045 
 0.045 
 0.045 
 0.045 
 0.045 
 0.045 
 0.045 
 0.045 
 0.045 
 0.045 
 0.045 
 0.045 
 0.045 
 0.045 
 0.045 
 0.045 
 0.045 
 0.045 
 0.045 
 0.045 
 0.045 
 0.045 
 0.045 
 0.045 
 0.045 
 0.045 
 0.045 
 0.045 
 0.045 
 0.045 
 0.045 
 0.045 
 0.045 
 0.045 
 0.045 
 0.045 
 0.045 
 0.045 
 0.045 
 0.045 
 0.045 
 0.045 
 0.045 
 0.045 
 0.045 
 0.249 
 0.249 
 0.249 
 0.249 
 0.249 
 0.249 
 0.249 
 0.249 
 0.249 
 0.249 
 0.249 
 0.249 
 0.249 
 0.249 
 0.249 
 0.249 
 0.249 
 0.249 
 0.249 
 0.249 
 0.249 
 0.367 
 0.163 
 0.163 
 0.163 
 0.163 
 0.163 
 0.163 
 0.163 
 0.163 
 0.163 
 0.163 
 0.163 
 0.163 
 0.163 
 0.163 
 0.163 
 0.163 
 0.163 
 0.045 
 0.045 
 0.045 
 0.045 
 0.045 
 0.045 
 0.045 
 0.045 
 0.045 
 0.045 
 0.045 
 0.045 
 0.045 
 0.045 
 0.045 
 0.045 
 0.045 
 0.045 
 0.045 
 0.045 
 0.045 
 0.045 
 0.045 
 0.045 
 0.045 
 0.045 
 0.045 
 0.045 
 0.045 
 0.045 
 0.045 
 0.045 
 0.045 
 0.045 
 0.045 
 0.045 
 0.045 
 0.045 
 0.045 
 0.045 
 0.045 
 0.045 
 0.045 
 0.045 
 0.045 
 0.045 
 0.045 
 0.045 
 0.045 
 0.045 
 0.045 
 0.045 
 0.045 
 0.045 
 0.045 
 0.045 
 0.045 
 0.045 
 0.045 
 0.045 
 0.045 
 0.045 
 0.045 
 0.045 
 0.045 
 0.045 
 0.045 
 0.045 
 0.045 
 0.045 
 0.045 
 0.045 
 0.163 
 0.163 
 0.163 
 0.163 
 0.163 
 0.163 
 0.367 
 0.367 
 0.367 
 0.367 
 0.367 
 0.367 
 0.367 
 0.367 
 0.367 
 0.367 
 0.367 
 0.367 
 0.249 
 0.249 
 0.249 
 0.249 
 0.249 
 0.249 
 0.249 
 0.249 
 0.249 
 0.249 
 0.045 
 0.045 
 0.045 
 0.045 
 0.045 
 0.045 
 0.045 
 0.045 
 0.045 
 0.045 
 0.045 
 0.045 
 0.045 
 0.045 
 0.045 
 0.045 
 0.045 
 0.045 
 0.045 
 0.045 
 0.045 
 0.045 
 0.045 
 0.045 
 0.045 
 0.045 
 0.045 
 0.045 
 0.045 
 0.045 
 0.045 
 0.045 
 0.045 
 0.045 
 0.045 
 0.045 
 0.045 
 0.045 
 0.045 
 0.045 
 0.045 
 0.045 
 0.045 
 0.045 
 0.045 
 0.045 
 0.045 
 0.045 
 0.045 
 0.045 
 0.045 
 0.045 
 0.045 
 0.045 
 0.163 
 0.163 
 0.163 
 0.163 
 0.163 
 0.163 
 0.163 
 0.163 
 0.163 
 0.163 
 0.163 
 0.367 
 0.367 
 0.367 
 0.367 
 0.367 
 0.367 
 0.367 
 0.249 
 0.249 
 0.249 
 0.249 
 0.249 
 0.249 
 0.249 
 0.249 
 0.249 
 0.249 
 0.249 
 0.249 
 0.249 
 0.249 
 0.249 
 0.045 
 0.045 
 0.045 
 0.045 
 0.045 
 0.045 
 0.045 
 0.045 
 0.045 
 0.045 
 0.045 
 0.045 
 0.045 
 0.045 
 0.045 
 0.045 
 0.045 
 0.045 
 0.045 
 0.045 
 0.045 
 0.045 
 0.045 
 0.045 
 0.045 
 0.045 
 0.045 
 0.045 
 0.045 
 0.045 
 0.045 
 0.045 
 0.045 
 0.045 
 0.045 
 0.045 
 0.045 
 0.045 
 0.163 
 0.163 
 0.163 
 0.163 
 0.163 
 0.163 
 0.163 
 0.163 
 0.163 
 0.163 
 0.163 
 0.163 
 0.163 
 0.163 
 0.163 
 0.163 
 0.163 
 0.163 
 0.045 
 0.045 
 0.045 
 0.045 
 0.045 
 0.045 
 0.045 
 0.045 
 0.045 
 0.045 
 0.045 
 0.045 
 0.045 
 0.249 
 0.249 
 0.249 
 0.249 
 0.249 
 0.249 
 0.249 
 0.249 
 0.249 
 0.249 
 0.249 
 0.249 
 0.249 
 0.249 
 0.249 
 0.249 
 0.249 
 0.249 
 0.249 
 0.249 
 0.249 
 0.249 
 0.045 
 0.045 
 0.045 
 0.045 
 0.045 
 0.163 
 0.163 
 0.163 
 0.163 
 0.163 
 0.163 
 0.163 
 0.163 
 0.163 
 0.163 
 0.163 
 0.163 
 0.163 
 0.163 
 0.163 
 0.163 
 0.163 
 0.163 
 0.045 
 0.045 
 0.045 
 0.045 
 0.045 
 0.045 
 0.045 
 0.045 
 0.045 
 0.045 
 0.045 
 0.045 
 0.045 
 1.954 
 1.954 
 1.954 
 0.073 
 0.073 
 0.073 
 0.073 
 0.073 
 0.073 
 0.073 
 0.073 
 0.073 
 0.133 
 0.145 
 0.145 
 0.165 
 0.349 
 0.349 
 0.349 
 0.478 
 0.45 
 0.45 
 0.54 
 0.48 
 0.48 
 0.48 
 0.48 
 0.48 
 0.48 
 0.48 
 0.48 
 0.48 
 0.48 
 0.48 
 0.48 
 0.48 
 0.493 
 0.493 
 0.277 
 0.277 
 0.277 
 0.277 
 0.395 
 0.395 
 0.395 
 0.395 
 0.395 
 0.395 
 0.395 
 0.395 
 0.395 
 0.395 
 0.395 
 0.395 
 0.395 
 0.395 
 0.395 
 0.395 
 0.395 
 0.395 
 0.277 
 0.277 
 0.277 
 0.277 
 0.57 
 0.57 
 0.57 
 0.57 
 0.277 
 0.277 
 0.187 
 0.187 
 0.187 
 0.187 
 0.187 
 0.187 
 0.187 
 0.187 
 0.187 
 0.187 
 0.187 
 0.187 
 0.187 
 0.187 
 0.187 
 0.187 
 0.187 
 0.391 
 0.391 
 0.391 
 0.391 
 0.391 
 0.391 
 0.391 
 0.391 
 0.391 
 0.378 
 0.378 
 0.378 
 0.378 
 0.378 
 0.378 
 0.378 
 0.378 
 0.378 
 0.378 
 0.378 
 0.378 
 0.378 
 0.274 
 0.274 
 0.274 
 0.174 
 0.174 
 0.174 
 0.174 
 0.174 
 0.174 
 0.174 
 0.174 
 0.174 
 0.174 
 0.174 
 0.174 
 0.174 
 0.174 
 0.174 
 0.174 
 0.174 
 0.292 
 0.332 
 0.332 
 0.332 
 0.332 
 0.332 
 0.332 
 0.332 
 0.332 
 0.332 
 0.332 
 0.332 
 0.332 
 0.332 
 0.332 
 0.332 
 0.332 
 0.46 
 0.342 
 0.342 
 0.342 
 0.342 
 0.342 
 0.342 
 0.342 
 0.342 
 0.342 
 0.442 
 0.442 
 0.402 
 0.402 
 0.402 
 0.462 
 0.334 
 0.334 
 0.334 
 0.334 
 0.334 
 0.274 
 0.274 
 0.274 
 0.274 
 0.274 
 0.274 
 0.274 
 0.478 
 0.478 
 0.478 
 0.526 
 0.491 
 0.491 
 0.491 
 0.491 
 0.491 
 0.491 
 0.491 
 0.491 
 0.491 
 0.491 
 0.491 
 0.491 
 0.491 
 0.491 
 0.491 
 0.491 
 0.491 
 0.491 
 0.287 
 0.287 
 0.287 
 0.287 
 0.287 
 0.287 
 0.287 
 0.287 
 0.287 
 0.287 
 0.287 
 0.287 
 0.287 
 0.287 
 0.287 
 0.287 
 0.287 
 0.287 
 0.287 
 0.287 
 0.287 
 0.287 
 0.287 
 0.287 
 0.287 
 0.287 
 0.287 
 0.287 
 0.287 
 0.287 
 0.287 
 0.287 
 0.287 
 0.287 
 0.287 
 0.287 
 0.287 
 0.287 
 0.287 
 0.287 
 0.287 
 0.274 
 0.274 
 0.274 
 0.274 
 0.274 
 0.274 
 0.274 
 0.274 
 0.274 
 0.274 
 0.274 
 0.274 
 0.274 
 0.274 
 0.274 
 0.274 
 0.274 
 0.274 
 0.274 
 0.274 
 0.274 
 0.274 
 0.478 
 0.478 
 0.478 
 0.478 
 0.478 
 0.606 
 0.606 
 0.606 
 0.606 
 0.606 
 0.606 
 0.606 
 0.606 
 0.606 
 0.478 
 0.478 
 0.478 
 0.478 
 0.478 
 0.478 
 0.478 
 0.478 
 0.274 
 0.274 
 0.274 
 0.274 
 0.274 
 0.274 
 0.274 
 0.274 
 0.274 
 0.274 
 0.274 
 0.274 
 0.274 
 0.274 
 0.274 
 0.274 
 0.274 
 0.274 
 0.274 
 0.274 
 0.174 
 0.174 
 0.174 
 0.174 
 0.174 
 0.174 
 0.174 
 0.174 
 0.174 
 0.174 
 0.174 
 0.174 
 0.174 
 0.174 
 0.174 
 0.174 
 0.174 
 0.174 
 0.045 
 0.045 
 0.045 
 0.045 
 0.045 
 0.045 
 0.045 
 0.045 
 0.045 
 0.045 
 0.045 
 0.045 
 0.045 
 0.045 
 0.045 
 0.045 
 0.045 
 0.045 
 0.045 
 0.045 
 0.045 
 0.045 
 0.045 
 0.045 
 0.045 
 0.045 
 0.045 
 0.045 
 0.045 
 0.045 
 0.045 
 0.249 
 0.249 
 0.249 
 0.249 
 0.249 
 0.249 
 0.249 
 0.249 
 0.249 
 0.249 
 0.249 
 0.249 
 0.249 
 0.249 
 0.249 
 0.249 
 0.249 
 0.249 
 0.249 
 0.249 
 0.249 
 0.249 
 0.163 
 0.163 
 0.163 
 0.163 
 0.163 
 0.163 
 0.163 
 0.163 
 0.163 
 0.163 
 0.163 
 0.163 
 0.163 
 0.163 
 0.163 
 0.163 
 0.163 
 0.163 
 0.045 
 0.045 
 0.045 
 0.045 
 0.045 
 0.045 
 0.045 
 0.045 
 0.045 
 0.045 
 0.045 
 0.045 
 0.045 
 0.045 
 0.045 
 0.045 
 0.045 
 0.045 
 0.045 
 0.045 
 0.045 
 0.045 
 0.045 
 0.045 
 0.045 
 0.045 
 0.045 
 0.045 
 0.045 
 0.249 
 0.249 
 0.249 
 0.249 
 0.249 
 0.249 
 0.249 
 0.249 
 0.249 
 0.249 
 0.249 
 0.249 
 0.249 
 0.249 
 0.249 
 0.249 
 0.249 
 0.249 
 0.367 
 0.367 
 0.367 
 0.367 
 0.163 
 0.163 
 0.163 
 0.163 
 0.163 
 0.163 
 0.163 
 0.163 
 0.163 
 0.163 
 0.163 
 0.163 
 0.163 
 0.163 
 0.045 
 0.045 
 0.045 
 0.045 
 0.045 
 0.045 
 0.045 
 0.045 
 0.045 
 0.045 
 0.045 
 0.045 
 0.045 
 0.045 
 0.045 
 0.045 
 0.045 
 0.045 
 0.045 
 0.045 
 0.045 
 0.045 
 0.045 
 0.045 
 0.045 
 0.105 
 0.105 
 0.105 
 0.233 
 0.233 
 0.233 
 0.233 
 0.233 
 0.233 
 0.233 
 0.233 
 0.333 
 0.368 
 0.368 
 0.468 
 0.368 
 0.368 
 0.403 
 0.403 
 0.403 
 0.403 
 0.403 
 0.619 
 0.619 
 0.619 
 0.619 
 0.679 
 0.679 
 0.679 
 0.679 
 0.734 
 0.734 
 0.741 
 0.686 
 0.811 
 0.751 
 0.751 
 0.751 
 0.751 
 0.751 
 0.691 
 0.691 
 0.691 
 0.691 
 0.487 
 0.487 
 0.487 
 0.487 
 0.487 
 0.535 
 0.535 
 0.535 
 0.535 
 0.535 
 0.535 
 0.673 
 1.173 
 1.025 
 1.025 
 0.525 
 0.525 
 0.49 
 0.49 
 0.49 
 0.49 
 0.51 
 0.51 
 0.638 
 0.638 
 0.638 
 1.645 
 1.645 
 1.68 
 0.555 
 0.555 
 0.555 
 0.555 
 0.555 
 0.555 
 0.555 
 0.555 
 0.555 
 0.555 
 0.684 
 0.684 
 0.664 
 0.664 
 0.689 
 0.689 
 0.689 
 0.759 
 0.759 
 0.759 
 0.699 
 0.798 
 0.798 
 0.728 
 0.728 
 2.637 
 2.637 
 2.637 
 1.256 
 1.316 
 1.356 
 1.356 
 1.349 
 1.349 
 1.349 
 1.553 
 1.54 
 1.5 
 1.5 
 1.5 
 1.5 
 1.5 
 1.5 
 1.5 
 1.5 
 1.535 
 1.535 
 0.249 
 0.249 
 0.249 
 0.249 
 0.249 
 0.249 
 0.249 
 0.249 
 0.249 
 0.249 
 0.045 
 0.045 
 0.045 
 0.045 
 0.045 
 0.045 
 0.045 
 0.045 
 0.045 
 0.045 
 0.045 
 0.045 
 0.045 
 0.045 
 0.045 
 0.045 
 0.045 
 0.045 
 0.045 
 0.045 
 0.429 
 0.429 
 0.429 
 0.469 
 0.929 
 0.489 
 0.489 
 0.524 
 0.524 
 1.024 
 0.045 
 0.045 
 0.163 
 0.163 
 0.163 
 0.163 
 0.163 
 0.163 
 0.163 
 0.163 
 0.163 
 0.163 
 0.163 
 0.163 
 0.163 
 0.163 
 0.163 
 0.163 
 0.163 
 0.163 
 0.045 
 0.045 
 0.045 
 0.045 
 0.045 
 0.045 
 0.045 
 0.045 
 0.045 
 0.045 
 0.045 
 0.045 
 0.045 
 0.045 
 0.249 
 0.249 
 0.249 
 0.249 
 0.249 
 0.249 
 0.249 
 0.249 
 0.249 
 0.249 
 0.249 
 0.249 
 0.249 
 0.249 
 0.249 
 0.249 
 0.249 
 0.249 
 0.249 
 0.249 
 0.249 
 0.249 
 0.045 
 0.045 
 0.045 
 0.045 
 0.045 
 0.045 
 0.163 
 0.163 
 0.163 
 0.163 
 0.163 
 0.163 
 0.163 
 0.163 
 0.163 
 0.163 
 0.163 
 0.163 
 0.163 
 0.163 
 0.163 
 0.163 
 0.163 
 0.163 
 0.045 
 0.045 
 0.045 
 0.045 
 0.045 
 0.045 
 0.045 
 0.045 
 0.045 
 0.045 
 0.045 
 0.045 
 0.045 
 0.045 
 0.045 
 0.045 
 0.045 
 0.045 
 0.045 
 0.045 
 0.045 
 0.045 
 0.045 
 0.045 
 0.045 
 0.045 
 0.045 
 0.045 
 0.045 
 0.045 
 0.045 
 0.045 
 0.045 
 0.045 
 0.045 
 0.045 
 0.367 
 0.367 
 0.367 
 0.367 
 0.367 
 0.367 
 0.367 
 0.367 
 0.367 
 0.367 
 0.367 
 0.367 
 0.367 
 0.367 
 0.367 
 0.367 
 0.367 
 0.367 
 0.249 
 0.249 
 0.249 
 0.249 
 0.045 
 0.045 
 0.045 
 0.045 
 0.045 
 0.045 
 0.045 
 0.045 
 0.045 
 0.045 
 0.045 
 0.045 
 0.045 
 0.045 
 0.045 
 0.045 
 0.045 
 0.045 
 0.045 
 0.045 
 0.045 
 0.045 
 0.045 
 0.045 
 0.045 
 0.045 
 0.045 
 0.045 
 0.045 
 0.045 
 0.045 
 0.045 
 0.045 
 0.045 
 0.045 
 0.045 
 0.045 
 0.045 
 0.045 
 0.045 
 0.045 
 0.045 
 0.045 
 0.045 
 0.045 
 0.045 
 0.045 
 0.045 
 0.045 
 0.045 
 0.045 
 0.045 
 0.045 
 0.045 
 0.045 
 0.045 
 0.045 
 0.249 
 0.249 
 0.367 
 0.367 
 0.367 
 0.367 
 0.367 
 0.367 
 0.367 
 0.367 
 0.367 
 0.367 
 0.367 
 0.367 
 0.367 
 0.367 
 0.367 
 0.367 
 0.367 
 0.367 
 0.249 
 0.249 
 0.045 
 0.045 
 0.045 
 0.045 
 0.045 
 0.045 
 0.045 
 0.045 
 0.045 
 0.045 
 0.045 
 0.045 
 0.045 
 0.045 
 0.045 
 0.045 
 0.045 
 0.045 
 0.045 
 0.045 
 0.045 
 0.045 
 0.045 
 0.045 
 0.045 
 0.045 
 0.045 
 0.045 
 0.045 
 0.045 
 0.045 
 0.045 
 0.045 
 0.045 
 0.045 
 0.045 
 0.045 
 0.045 
 0.045 
 0.045 
 0.045 
 0.163 
 0.163 
 0.163 
 0.163 
 0.163 
 0.163 
 0.163 
 0.163 
 0.163 
 0.163 
 0.163 
 0.163 
 0.163 
 0.163 
 0.163 
 0.163 
 0.163 
 0.163 
 0.045 
 0.045 
 0.045 
 0.045 
 0.045 
 0.045 
 0.045 
 0.045 
 0.045 
 0.045 
 0.045 
 0.045 
 0.045 
 0.045 
 0.045 
 0.249 
 0.249 
 0.249 
 0.249 
 0.249 
 0.249 
 0.249 
 0.249 
 0.249 
 0.249 
 0.249 
 0.249 
 0.249 
 0.249 
 0.249 
 0.249 
 0.249 
 0.249 
 0.249 
 0.249 
 0.249 
 0.249 
 0.045 
 0.045 
 0.045 
 0.045 
 0.045 
 0.045 
 0.163 
