 0.048 
 0.048 
 0.048 
 0.048 
 0.048 
 0.048 
 0.048 
 0.048 
 0.048 
 0.048 
 0.048 
 0.048 
 0.048 
 0.048 
 0.048 
 0.048 
 0.048 
 0.048 
 0.048 
 0.048 
 0.048 
 0.048 
 0.048 
 0.048 
 0.048 
 0.048 
 0.048 
 0.048 
 0.048 
 0.048 
 0.048 
 0.048 
 0.048 
 0.048 
 0.048 
 0.048 
 0.048 
 0.048 
 0.048 
 0.048 
 0.048 
 0.088 
 0.123 
 0.123 
 0.123 
 0.133 
 0.133 
 0.133 
 0.133 
 0.133 
 0.133 
 0.133 
 0.133 
 0.133 
 0.133 
 0.133 
 0.133 
 0.133 
 0.168 
 0.168 
 0.048 
 0.048 
 0.048 
 0.048 
 0.048 
 0.048 
 0.048 
 0.048 
 0.048 
 0.048 
 0.048 
 0.048 
 0.249 
 0.249 
 0.249 
 0.249 
 0.249 
 0.249 
 0.249 
 0.249 
 0.249 
 0.249 
 0.249 
 0.249 
 0.249 
 0.249 
 0.249 
 0.249 
 0.249 
 0.249 
 0.249 
 0.249 
 0.249 
 0.249 
 0.048 
 0.048 
 0.048 
 0.048 
 0.048 
 0.048 
 0.048 
 0.048 
 0.048 
 0.048 
 0.048 
 0.048 
 0.048 
 0.048 
 0.048 
 0.048 
 0.048 
 0.048 
 0.048 
 0.048 
 0.048 
 0.048 
 0.048 
 0.048 
 0.048 
 0.048 
 0.048 
 0.048 
 0.048 
 0.048 
 0.048 
 0.048 
 0.048 
 0.048 
 0.048 
 0.048 
 0.048 
 0.048 
 0.048 
 0.048 
 0.048 
 0.048 
 0.048 
 0.048 
 0.249 
 0.249 
 0.249 
 0.249 
 0.249 
 0.249 
 0.249 
 0.249 
 0.249 
 0.249 
 0.249 
 0.249 
 0.249 
 0.249 
 0.249 
 0.249 
 0.249 
 0.249 
 0.249 
 0.249 
 0.249 
 0.249 
 0.048 
 0.048 
 0.048 
 0.048 
 0.048 
 0.048 
 0.048 
 0.048 
 0.048 
 0.048 
 0.048 
 0.048 
 0.048 
 0.048 
 0.048 
 0.048 
 0.048 
 0.048 
 0.048 
 0.048 
 0.048 
 0.048 
 0.048 
 0.048 
 0.048 
 0.048 
 0.048 
 0.048 
 0.048 
 0.048 
 0.048 
 0.048 
 0.048 
 0.048 
 0.048 
 0.048 
 0.048 
 0.048 
 0.048 
 0.048 
 0.048 
 0.048 
 0.048 
 0.048 
 0.048 
 0.048 
 0.048 
 0.048 
 0.048 
 0.048 
 0.048 
 0.048 
 0.048 
 0.048 
 0.048 
 0.048 
 0.048 
 0.048 
 0.048 
 0.048 
 0.048 
 0.048 
 0.048 
 0.048 
 0.048 
 0.048 
 0.048 
 0.048 
 0.048 
 0.048 
 0.048 
 0.048 
 0.048 
 0.048 
 0.249 
 0.249 
 0.249 
 0.249 
 0.249 
 0.249 
 0.249 
 0.249 
 0.249 
 0.249 
 0.249 
 0.249 
 0.249 
 0.249 
 0.249 
 0.249 
 0.249 
 0.249 
 0.249 
 0.249 
 0.249 
 0.249 
 0.048 
 0.048 
 0.048 
 0.048 
 0.048 
 0.048 
 0.048 
 0.048 
 0.048 
 0.048 
 0.048 
 0.048 
 0.048 
 0.048 
 0.048 
 0.048 
 0.048 
 0.048 
 0.048 
 0.048 
 0.048 
 0.048 
 0.048 
 0.048 
 0.048 
 0.048 
 0.048 
 0.048 
 0.048 
 0.048 
 0.048 
 0.048 
 0.048 
 0.048 
 0.048 
 0.048 
 0.048 
 0.048 
 0.048 
 0.048 
 0.048 
 0.048 
 0.048 
 0.048 
 0.048 
 0.048 
 0.048 
 0.048 
 0.048 
 0.048 
 0.249 
 0.249 
 0.249 
 0.249 
 0.249 
 0.249 
 0.249 
 0.249 
 0.249 
 0.249 
 0.249 
 0.249 
 0.249 
 0.249 
 0.249 
 0.249 
 0.249 
 0.249 
 0.249 
 0.249 
 0.249 
 0.249 
 0.048 
 0.048 
 0.048 
 0.048 
 0.048 
 0.048 
 0.048 
 0.048 
 0.048 
 0.048 
 0.048 
 0.048 
 0.048 
 0.048 
 0.048 
 0.048 
 0.048 
 0.048 
 0.048 
 0.048 
 0.048 
 0.048 
 0.048 
 0.048 
 0.048 
 0.048 
 0.048 
 0.048 
 0.048 
 0.048 
 0.048 
 0.048 
 0.048 
 0.048 
 0.048 
 0.048 
 0.048 
 0.048 
 0.048 
 0.048 
 0.048 
 0.048 
 0.048 
 0.048 
 0.048 
 0.048 
 0.048 
 0.048 
 0.048 
 0.048 
 0.048 
 0.048 
 0.048 
 0.048 
 0.048 
 0.048 
 0.048 
 0.048 
 0.048 
 0.048 
 0.048 
 0.048 
 0.048 
 0.048 
 0.048 
 0.048 
 0.249 
 0.249 
 0.249 
 0.249 
 0.249 
 0.249 
 0.249 
 0.249 
 0.249 
 0.249 
 0.249 
 0.249 
 0.249 
 0.249 
 0.249 
 0.249 
 0.249 
 0.249 
 0.249 
 0.249 
 0.249 
 0.249 
 0.048 
 0.048 
 0.048 
 0.048 
 0.048 
 0.048 
 0.048 
 0.048 
 0.048 
 0.048 
 0.048 
 0.048 
 0.048 
 0.048 
 0.048 
 0.048 
 0.048 
 0.048 
 0.048 
 0.048 
 0.048 
 0.048 
 0.048 
 0.048 
 0.048 
 0.048 
 0.048 
 0.048 
 0.048 
 0.048 
 0.048 
 0.048 
 0.048 
 0.048 
 0.048 
 0.048 
 0.048 
 0.048 
 0.048 
 0.048 
 0.048 
 0.048 
 0.048 
 0.048 
 0.048 
 0.048 
 0.048 
 0.048 
 0.048 
 0.048 
 0.249 
 0.249 
 0.249 
 0.249 
 0.249 
 0.249 
 0.249 
 0.249 
 0.249 
 0.249 
 0.249 
 0.249 
 0.249 
 0.249 
 0.294 
 0.334 
 0.334 
 0.334 
 0.334 
 0.334 
 0.334 
 0.294 
 0.093 
 0.168 
 0.168 
 0.168 
 0.168 
 0.228 
 0.228 
 0.228 
 0.228 
 0.228 
 0.288 
 0.288 
 0.288 
 0.288 
 0.288 
 0.288 
 0.288 
 0.288 
 0.288 
 0.288 
 0.228 
 0.228 
 0.228 
 0.228 
 0.248 
 0.228 
 0.228 
 0.228 
 0.228 
 0.268 
 0.268 
 0.268 
 0.268 
 0.268 
 0.228 
 0.228 
 0.228 
 0.228 
 0.228 
 0.228 
 0.228 
 0.228 
 0.228 
 0.228 
 0.228 
 0.228 
 0.429 
 0.429 
 0.429 
 0.429 
 0.419 
 0.419 
 0.419 
 0.479 
 0.479 
 0.479 
 0.419 
 0.419 
 0.419 
 0.419 
 0.419 
 0.419 
 0.359 
 0.324 
 0.324 
 0.324 
 0.249 
 0.249 
 0.048 
 0.048 
 0.048 
 0.048 
 0.048 
 0.048 
 0.048 
 0.048 
 0.048 
 0.048 
 0.048 
 0.048 
 0.048 
 0.048 
 0.048 
 0.048 
 0.048 
 0.048 
 0.048 
 0.048 
 0.048 
 0.048 
 0.048 
 0.048 
 0.175 
 0.175 
 0.175 
 0.175 
 0.235 
 0.609 
 0.609 
 0.609 
 0.609 
 0.235 
 0.235 
 0.235 
 0.235 
 0.175 
 0.175 
 0.175 
 0.048 
 0.048 
 0.048 
 0.048 
 0.048 
 0.048 
 0.048 
 0.048 
 0.048 
 0.048 
 0.048 
 0.048 
 0.048 
 0.048 
 0.048 
 0.048 
 0.048 
 0.048 
 0.048 
 0.048 
 0.048 
 0.048 
 0.048 
 0.048 
 0.048 
 0.048 
 0.048 
 0.048 
 0.048 
 0.048 
 0.048 
 0.048 
 0.048 
 0.048 
 0.048 
 0.048 
 0.048 
 0.048 
 0.048 
 0.048 
 0.048 
 0.048 
 0.048 
 0.048 
 0.048 
 0.048 
 0.048 
 0.048 
 0.048 
 0.048 
 0.048 
 0.048 
 0.048 
 0.048 
 0.048 
 0.048 
 0.048 
 0.048 
 0.048 
 0.048 
 0.048 
 0.048 
 0.048 
 0.048 
 0.048 
 0.048 
 0.048 
 0.048 
 0.048 
 0.048 
 0.048 
 0.048 
 0.048 
 0.048 
 0.048 
 0.048 
 0.048 
 0.048 
 0.048 
 0.048 
 0.048 
 0.048 
 0.048 
 0.048 
 0.048 
 0.048 
 0.048 
 0.249 
 0.249 
 0.249 
 0.249 
 0.249 
 0.249 
 0.249 
 0.249 
 0.249 
 0.249 
 0.249 
 0.249 
 0.249 
 0.249 
 0.249 
 0.249 
 0.249 
 0.249 
 0.249 
 0.249 
 0.249 
 0.249 
 0.048 
 0.048 
 0.048 
 0.048 
 0.048 
 0.048 
 0.048 
 0.048 
 0.048 
 0.048 
 0.048 
 0.048 
 0.048 
 0.048 
 0.048 
 0.048 
 0.048 
 0.048 
 0.048 
 0.048 
 0.048 
 0.048 
 0.048 
 0.048 
 0.048 
 0.048 
 0.048 
 0.048 
 0.048 
 0.048 
 0.048 
 0.048 
 0.048 
 0.048 
 0.048 
 0.048 
 0.048 
 0.048 
 0.048 
 0.048 
 0.048 
 0.048 
 0.048 
 0.048 
 0.048 
 0.048 
 0.048 
 0.048 
 0.249 
 0.249 
 0.249 
 0.249 
 0.249 
 0.249 
 0.249 
 0.249 
 0.249 
 0.249 
 0.249 
 0.249 
 0.249 
 0.249 
 0.249 
 0.249 
 0.249 
 0.249 
 0.249 
 0.249 
 0.249 
 0.249 
 0.048 
 0.048 
 0.048 
 0.048 
 0.048 
 0.048 
 0.048 
 0.048 
 0.048 
 0.048 
 0.048 
 0.048 
 0.048 
 0.048 
 0.048 
 0.048 
 0.048 
 0.048 
 0.048 
 0.048 
 0.048 
 0.048 
 0.048 
 0.048 
 0.048 
 0.048 
 0.048 
 0.048 
 0.048 
 0.048 
 0.048 
 0.048 
 0.048 
 0.048 
 0.048 
 0.048 
 0.048 
 0.048 
 0.048 
 0.048 
 0.048 
 0.048 
 0.048 
 0.048 
 0.048 
 0.249 
 0.249 
 0.249 
 0.249 
 0.249 
 0.249 
 0.249 
 0.249 
 0.249 
 0.249 
 0.249 
 0.249 
 0.249 
 0.249 
 0.249 
 0.249 
 0.249 
 0.249 
 0.249 
 0.249 
 0.249 
 0.249 
 0.048 
 0.048 
 0.048 
 0.048 
 0.048 
 0.048 
 0.048 
 0.048 
 0.048 
 0.048 
 0.048 
 0.048 
 0.048 
 0.048 
 0.048 
 0.048 
 0.048 
 0.048 
 0.048 
 0.048 
 0.048 
 0.048 
 0.048 
 0.048 
 0.048 
 0.048 
 0.048 
 0.048 
 0.048 
 0.048 
 0.048 
 0.048 
 0.048 
 0.048 
 0.048 
 0.048 
 0.048 
 0.048 
 0.048 
 0.048 
 0.048 
 0.048 
 0.048 
 0.048 
 0.048 
 0.048 
 0.048 
 0.048 
 0.048 
 0.048 
 0.048 
 0.048 
 0.048 
 0.048 
 0.048 
 0.048 
 0.048 
 0.048 
 0.048 
 0.048 
 0.048 
 0.048 
 0.048 
 0.048 
 0.048 
 0.048 
 0.048 
 0.048 
 0.048 
 0.048 
 0.048 
 0.048 
 0.048 
 0.048 
 0.048 
 0.249 
 0.249 
 0.249 
 0.249 
 0.249 
 0.249 
 0.249 
 0.249 
 0.249 
 0.249 
 0.249 
 0.249 
 0.249 
 0.249 
 0.249 
 0.249 
 0.249 
 0.249 
 0.249 
 0.249 
 0.249 
 0.249 
 0.048 
 0.048 
 0.048 
 0.048 
 0.048 
 0.048 
 0.048 
 0.048 
 0.048 
 0.048 
 0.048 
 0.048 
 0.048 
 0.048 
 0.048 
 0.048 
 0.048 
 0.048 
 0.048 
 0.048 
 0.048 
 0.048 
 0.048 
 0.048 
 0.048 
 0.048 
 0.048 
 0.048 
 0.048 
 0.048 
 0.048 
 0.058 
 0.058 
 0.058 
 0.058 
 0.058 
 0.058 
 0.058 
 0.058 
 0.058 
 0.058 
 0.058 
 0.058 
 0.098 
 0.098 
 0.158 
 0.158 
 0.258 
 0.258 
 0.258 
 0.318 
 0.318 
 0.393 
 0.393 
 0.393 
 0.393 
 0.594 
 0.534 
 0.534 
 0.534 
 0.534 
 0.534 
 0.534 
 0.534 
 0.434 
 0.434 
 0.434 
 0.434 
 0.434 
 0.434 
 0.434 
 0.434 
 0.434 
 0.494 
 0.394 
 0.394 
 0.394 
 0.394 
 0.193 
 0.193 
 0.282 
 0.282 
 0.282 
 0.282 
 0.282 
 0.282 
 0.253 
 0.253 
 0.193 
 0.193 
 0.233 
 0.233 
 0.233 
 0.233 
 0.233 
 0.233 
 0.233 
 0.233 
 0.268 
 0.268 
 0.268 
 0.268 
 0.268 
 0.268 
 0.258 
 0.258 
 0.183 
 0.203 
 0.263 
 0.263 
 0.275 
 0.275 
 0.275 
 0.275 
 0.275 
 0.275 
 0.275 
 0.275 
 0.275 
 0.275 
 0.255 
 0.255 
 0.27 
 0.27 
 0.31 
 0.35 
 0.35 
 0.35 
 0.35 
 0.31 
 0.31 
 0.31 
 0.35 
 0.35 
 0.31 
 0.31 
 0.31 
 0.33 
 0.33 
 0.33 
 0.23 
 0.604 
 0.604 
 0.604 
 0.604 
 0.23 
 0.23 
 0.215 
 0.215 
 0.215 
 0.31 
 0.235 
 0.215 
 0.215 
 0.215 
 0.215 
 0.215 
 0.215 
 0.215 
 0.215 
 0.215 
 0.215 
 0.215 
 0.215 
 0.215 
 0.215 
 0.215 
 0.175 
 0.175 
 0.175 
 0.175 
 0.14 
 0.14 
 0.24 
 0.28 
 0.28 
 0.28 
 0.28 
 0.28 
 0.28 
 0.28 
 0.28 
 0.28 
 0.32 
 0.32 
 0.32 
 0.521 
 0.521 
 0.521 
 0.521 
 0.521 
 0.521 
 0.561 
 0.561 
 2.545 
 2.545 
 2.545 
 0.561 
 0.549 
 0.584 
 0.549 
 0.549 
 0.549 
 0.549 
 0.549 
 0.549 
 0.509 
 0.509 
 0.308 
 0.308 
 0.308 
 0.308 
 0.308 
 0.308 
 0.348 
 0.348 
 0.348 
 0.348 
 0.348 
 0.308 
 0.308 
 0.308 
 0.348 
 0.348 
 0.348 
 0.348 
 0.348 
 0.36 
 0.26 
 0.248 
 0.248 
 0.248 
 0.248 
 0.248 
 0.248 
 0.248 
 0.248 
 0.348 
 0.288 
 0.288 
 0.248 
 0.248 
 0.298 
 0.298 
 0.238 
 0.238 
 0.238 
 0.238 
 0.138 
 0.138 
 0.138 
 0.138 
 0.138 
 0.138 
 0.198 
 0.198 
 0.198 
 0.138 
 0.138 
 0.178 
 0.178 
 0.178 
 0.178 
 0.238 
 0.439 
 0.499 
 0.499 
 0.499 
 0.499 
 0.539 
 0.539 
 0.539 
 0.579 
 0.639 
 0.639 
 0.639 
 0.634 
 0.634 
 0.634 
 0.574 
 0.574 
 0.514 
 0.888 
 0.988 
 0.988 
 0.888 
 0.313 
 0.313 
 0.313 
 0.313 
 0.313 
 0.313 
 0.313 
 0.313 
 0.313 
 0.313 
 0.313 
 0.313 
 0.313 
 0.313 
 0.313 
 0.313 
 0.313 
 0.313 
 0.313 
 0.313 
 0.313 
 0.313 
 0.313 
 0.313 
 0.44 
 0.44 
 0.44 
 0.44 
 0.5 
 0.49 
 0.49 
 0.49 
 0.51 
 0.43 
 0.43 
 0.43 
 0.43 
 0.43 
 0.43 
 0.53 
 0.53 
 0.59 
 0.59 
 0.59 
 0.59 
 0.791 
 0.791 
 0.731 
 0.731 
 0.731 
 0.731 
 0.731 
 0.731 
 2.715 
 2.715 
 2.735 
 0.751 
 0.751 
 0.751 
 0.751 
 0.751 
 0.751 
 0.751 
 0.716 
 0.716 
 0.736 
 0.736 
 0.535 
 0.535 
 0.535 
 0.535 
 0.595 
 0.575 
 0.575 
 0.575 
 0.575 
 0.575 
 0.575 
 0.575 
 0.575 
 0.555 
 0.555 
 0.555 
 0.555 
 0.595 
 0.595 
 0.555 
 0.555 
 0.555 
 0.555 
 0.575 
 0.523 
 0.523 
 0.583 
 0.71 
 0.71 
 0.71 
 0.71 
 0.71 
 0.71 
 0.67 
 0.67 
 0.63 
 0.57 
 0.57 
 0.605 
 0.615 
 0.615 
 0.615 
 0.54 
 0.54 
 0.54 
 0.54 
 0.6 
 0.54 
 0.54 
 0.54 
 0.54 
 0.681 
 0.681 
 0.681 
 0.681 
 0.681 
 0.681 
 0.681 
 0.681 
 0.681 
 0.681 
 0.681 
 0.681 
 0.661 
 0.661 
 0.661 
 0.661 
 0.661 
 0.661 
 0.661 
 0.661 
 0.661 
 0.661 
 0.46 
 0.46 
 0.46 
 0.46 
 0.46 
 0.46 
 0.46 
 0.48 
 0.48 
 0.46 
 0.46 
 0.42 
 0.42 
 0.42 
 0.46 
 0.46 
 0.46 
 0.46 
 0.46 
 0.46 
 0.46 
 0.46 
 0.46 
 0.46 
 0.535 
 0.535 
 0.595 
 0.595 
 0.595 
 0.595 
 0.595 
 0.595 
 0.595 
 0.595 
 0.595 
 0.595 
 0.595 
 0.595 
 0.56 
 0.55 
 0.55 
 0.475 
 0.475 
 0.475 
 0.616 
 0.616 
 0.616 
 0.616 
 0.636 
 0.636 
 0.636 
 0.596 
 0.596 
 0.596 
 0.596 
 0.249 
 0.249 
 0.249 
 0.249 
 0.249 
 0.249 
 0.249 
 0.249 
 0.249 
 0.249 
 0.249 
 0.048 
 0.048 
 0.048 
 0.048 
 0.048 
 0.048 
 0.048 
 0.048 
 0.048 
