0
0
0
0
0
0
0
0
0
0
0
0
0
0
0
0
0
0
0
0
0
0
0
0
0
0
0
0
0
0
0
0
0
0
0
0
0
0
0
0
0
0
0
0
0
0
0
0
0
0
0
0
0
0
0
0
0
0
0
0
0
0
0
0
0
0
0
0
0
0
0
0
0
0
0
0
0
0
0
0
0
0
0
0
0
0
0
0
0
0
0
0
0
0
0
0
0
0
0
0
0
0
0
0
0
0
0
0
0
0
0
0
0
0
0
0
0
0
0
0
0
0
0
0
0
0
0
0
0
0
0
0
0
0
0
0
0
0
0
0
0
0
0
0
0
0
0
0
0
0
0
0
0
0
0
0
0
0
0
0
0
0
0
0
0
0
0
0
0
0
0
0
0
0
0
0
0
0
0
0
0
0
0
0
0
0
0
0
0
0
0
0
0
0
0
0
0
0
0
0
0
0
0
0
0
0
0
0
0
0
0
0
0
0
0
0
0
0
0
0
0
0
0
0
0
0
0
0
0
0
0
0
0
0
0
0
0
0
0
0
0
0
0
0
0
0
0
0
0
0
0
0
0
0
0
0
0
0
0
0
0
0
0
0
0
0
0
0
0
0
0
0
0
0
0
0
0
0
0
0
0
0
0
0
0
0
0
0
0
0
0
0
0
0
0
0
0
0
0
0
0
0
0
0
0
0
0
0
0
0
0
0
0
0
0
0
0
0
0
0
0
0
0
0
0
0
0
0
0
0
0
0
0
0
0
0
0
0
0
0
0
0
0
0
0
0
0
0
0
0
0
0
0
0
0
0
0
0
0
0
0
0
0
0
0
0
1.0565e-79
9.885e-25
7.4677e-16
2.997e-12
2.8575e-10
4.609e-09
2.9794e-08
1.2464e-07
2.2989e-07
5.6403e-07
1.1713e-06
2.0726e-06
1.6407e-06
2.5596e-06
3.4991e-06
3.8333e-06
5.0095e-06
6.3479e-06
7.8392e-06
9.0213e-06
1.07e-05
1.1865e-05
1.366e-05
1.3084e-05
1.7487e-05
1.9499e-05
2.1564e-05
2.6163e-05
2.8533e-05
3.3879e-05
3.8123e-05
4.0913e-05
4.3716e-05
4.8465e-05
4.7281e-05
5.2144e-05
6.1811e-05
6.4946e-05
7.0586e-05
7.3798e-05
7.4237e-05
7.7286e-05
8.0307e-05
8.3298e-05
8.6258e-05
0.00021801
0.00022508
0.00031863
0.00033144
0.00035198
0.00036123
0.00037035
0.0003175
0.00032492
0.0003193
0.00032623
0.00032856
0.00034898
0.00031834
0.00031958
0.00032541
0.00041517
0.00042226
0.00042414
0.00042574
0.00024254
0.0002462
0.00026609
0.00025334
0.00024008
0.00023764
0.00021781
0.00020895
0.0002174
0.00024379
0.00025264
0.00024334
0.00024604
0.00024869
0.00025758
0.00019675
0.00019871
0.00021359
0.00021562
0.00021762
0.00021294
0.00021482
0.00020314
0.00020485
0.00019966
0.00017351
0.00018187
0.00015508
0.00014915
0.00015741
0.00014413
0.00016693
0.00017539
0.00016187
0.00019257
0.00017892
0.00019506
0.00020383
0.00020508
0.0002216
0.00022291
0.00017105
0.000172
0.00018866
0.00018968
0.00019862
0.00019166
0.00019264
0.0001936
0.00020265
0.00019548
0.00019641
0.00021376
0.00023952
0.0002323
0.00023332
0.00022596
0.00022693
0.00024476
0.00027119
0.00029782
0.00029047
0.00041169
0.00040467
0.00037164
0.00037303
0.00034828
0.00034955
0.00036833
0.00040483
0.00045039
0.00045193
0.00052458
0.00051739
0.00070702
0.00070031
0.00070253
0.00069568
0.00067063
0.00066358
0.00070203
0.00070409
0.00069696
0.00073574
0.00070093
0.00070288
0.00030603
0.00031616
0.000317
0.00034588
0.0003374
0.00034766
0.00036738
0.00033997
0.00033134
0.00034163
0.00066587
0.00051488
0.00034405
0.00035442
0.00039451
0.00039539
0.00040591
0.0003971
0.00029118
0.00029179
0.00030215
0.00044927
0.00039146
0.00036282
0.00037336
0.00039378
0.0004044
0.00042493
0.00042573
0.00048604
0.00043724
0.00042808
0.00046874
0.00066938
0.00059048
0.00060153
0.00083353
0.00080476
0.00074564
0.00064594
0.00062678
0.00058728
0.00061864
0.00058914
0.00059005
0.00061134
0.00057145
0.00063362
0.00048104
0.00047149
0.00047218
0.00047285
0.00047352
0.00048449
0.00070194
0.00056852
0.00047613
0.00058042
0.00059156
0.00062351
0.00064513
0.00064596
0.00073023
0.00048046
0.00079479
0.00079577
0.00068141
0.00051429
0.00052541
0.00067331
0.00073729
0.00069596
0.00067563
0.001058
0.0010592
0.0010603
0.0010615
0.0010626
0.0010637
0.0010648
0.0010659
0.001067
0.00077969
0.00096221
0.00084544
0.00087839
0.00086852
0.00079421
0.00079496
0.00087097
0.00086101
0.00089411
0.00089492
0.00084175
0.00083169
0.00084323
0.00085478
0.00086634
0.0008779
0.00088948
0.00044511
0.00045634
0.00057632
0.0005659
0.00057724
0.00053409
0.00095992
0.0010262
0.00051346
0.00049198
0.00051423
0.0005146
0.00040541
0.0010965
0.0010973
0.001098
0.0010988
0.0010995
0.0011003
0.001046
0.0010467
0.0010694
0.0010259
0.0010266
0.0010383
0.0010389
0.0010396
0.00089636
0.00088583
0.00088636
0.00088688
0.00095395
0.0010994
0.0011111
0.0011118
0.0011124
0.001113
0.0011136
0.0011142
0.0011147
0.0011153
0.0011159
0.0011164
0.001117
0.0011176
0.0011181
0.0011186
0.0011192
0.0011197
0.0011202
0.0011207
0.0011212
0.0011217
0.0011222
0.0011227
0.0011232
0.0011236
0.0011241
0.0011246
0.001125
0.0011255
0.0011259
0.0011264
0.0011268
0.0011272
0.0011276
0.001128
0.0011285
0.0011289
0.0011292
0.0011296
0.00113
0.0010626
0.0010516
0.001052
0.0010184
0.0004867
0.00049817
0.000487
0.00047581
0.00046462
0.00055544
0.00060095
0.00058978
0.00061263
0.0006128
0.00068107
0.00068124
0.00079499
0.00084063
0.00093174
0.0010345
0.00071635
0.0010008
0.00088731
0.00089889
0.00091046
0.0009448
0.00085391
0.00087685
0.0011162
0.0011392
0.0011394
0.0011396
0.0011398
0.00114
0.0011402
0.0011404
0.0011406
0.0011408
0.0011409
0.0011411
0.0011413
0.0011414
0.0011416
0.0011417
0.0011419
0.001142
0.0011421
0.0011423
0.0011424
0.0011425
0.0011426
0.0011427
0.0011428
0.0011429
0.001143
0.00097164
0.0011432
0.0011433
0.0011433
0.0011434
0.0011435
0.0011435
0.0011436
0.0010407
0.0010636
0.0010408
0.000549
0.00052614
0.00050328
0.00050329
0.00066343
0.00067488
0.00052618
0.00051474
0.00053762
0.00053762
0.00072063
0.0010638
0.0010752
0.0010751
0.0010637
0.0011322
0.0011436
0.0011436
0.0011435
0.0011435
0.0011434
0.0011433
0.0011433
0.0011432
0.0011431
0.001143
0.0010972
0.00093712
0.00093703
0.00093695
0.00094828
0.00093676
0.00098235
0.00098224
0.00091361
0.0010848
0.00095906
0.00095894
0.00095881
0.00086738
0.00074173
0.00077586
0.00063884
0.00061593
0.00063865
0.00063854
0.00067264
0.00066113
0.00067241
0.00082042
0.00087724
0.00087707
0.0009794
0.00099059
0.00099039
0.00097881
0.00093309
0.00093289
0.00096681
0.00094385
0.00094364
0.0011367
0.0011364
0.0011361
0.0011358
0.0011356
0.0011353
0.001135
0.0011347
0.0011344
0.0011341
0.0010541
0.0008045
0.00079294
0.00078138
0.00080379
0.00055456
0.00054307
0.00053159
0.00053142
0.00053125
0.00047458
0.00047442
0.00048555
0.0004741
0.00053035
0.0004512
0.00074422
0.00058614
0.00048452
0.00093488
0.00094579
0.00085538
0.0008663
0.00095593
0.00096679
0.00093269
0.00093231
0.0010442
0.0010438
0.00067311
0.00063918
0.00098637
0.0010083
0.0010191
0.00099624
0.00083914
0.00062627
0.0006148
0.0006145
0.00068121
0.00052461
0.00052436
0.00052409
0.00057956
0.00057926
0.0005901
0.00057866
0.00061172
0.00068921
0.00072217
0.00076619
0.00077686
0.00058787
0.00097553
0.00099713
0.00099656
0.00099598
0.00099539
0.0010501
0.0010377
0.00093781
0.00094825
0.0009146
0.00092503
0.00090242
0.0005499
0.00054954
0.00054917
0.00058173
0.00053746
0.00054805
0.00044909
0.00045972
0.0004594
0.00054651
0.00053519
0.0005348
0.0005344
0.0005776
0.00055538
0.00055496
0.00090247
0.00090177
0.0010856
0.0010847
0.0010839
0.001083
0.0010821
0.0010812
0.0010803
0.0010794
0.0010785
0.0010775
0.0010766
0.0010756
0.0010747
0.0010737
0.00098692
0.00099673
0.0010065
0.001027
0.0010687
0.0010677
0.0010667
0.00094842
0.00094748
0.00092526
0.00091371
0.00090216
0.00089063
0.0008897
0.00087818
0.00088782
0.0010558
0.0010546
0.0010535
0.0010523
0.0010511
0.0010487
0.00091135
0.00091029
0.00089876
0.00083506
0.00086533
0.00085386
0.00085281
0.0010076
0.00069506
0.00045588
0.00049668
0.00064071
0.00060891
0.0006081
0.0005867
0.00090455
0.00092383
0.0009328
0.00094173
0.00094039
0.0010207
0.0010192
0.0010177
0.0010162
0.0010147
0.0010131
0.0010116
0.00101
0.0010084
0.0010068
0.0010052
0.0010036
0.0010019
0.0010003
0.0009986
0.0009969
0.00099519
0.00099345
0.00099171
0.00098994
0.00098816
0.00098635
0.00098453
0.00097287
0.00095141
0.00097896
0.00097707
0.00074112
0.00097322
0.00097127
0.00096929
0.0009673
0.00096529
0.00096325
0.00090352
0.00092075
0.0008996
0.00088805
0.00087454
0.00036987
0.00040686
0.00037758
0.00034842
0.00033818
0.00032798
0.00028978
0.00028904
0.0002883
0.00028756
0.00029605
0.00029526
0.00026686
0.00026613
0.0002837
0.00029202
0.00026389
0.00024498
0.00023522
0.00024353
0.0002428
0.00034964
0.00043792
0.00045436
0.00042626
0.00041603
0.00039701
0.00035172
0.00035053
0.00038425
0.00025237
0.00026015
0.00025921
0.00024965
0.00024014
0.00042721
0.00051068
0.00049173
0.00055734
0.00052986
0.00053607
0.00054218
0.00059802
0.00066161
0.00065872
0.00065578
0.00065282
0.00072291
0.00072761
0.00080461
0.0008007
0.00079675
0.00079274
0.00078869
0.00078458
0.00078041
0.0007762
0.00077192
0.00068688
0.00066011
0.00056568
0.00040482
0.00044703
0.00030354
0.00030895
0.00042384
0.00048634
0.00044697
0.00044385
0.00043358
0.00046571
0.00048325
0.00048654
0.00053103
0.00053366
0.00030538
0.00032304
0.00024022
0.0002646
0.00021635
0.00020139
0.00019308
0.00016573
0.00016411
0.00016247
0.0001608
0.0001591
0.00015738
0.00014965
0.00015386
0.00015791
0.00014446
0.00015979
0.0001634
0.00016127
0.00015361
0.00015149
0.00013867
0.00013138
0.0001294
0.00012738
0.00012534
0.00012326
0.00013085
0.00012854
0.00012619
0.00012381
0.00012589
0.00013216
0.00010352
9.7052e-05
7.8372e-05
0.00018532
0.00015724
0.00019161
0.00018659
0.00027953
0.00028069
0.00028531
0.00028576
0.00027304
0.00029038
0.0002768
0.00021621
0.00020745
0.00020117
0.00019216
0.00018078
0.00017179
0.00020868
0.00019709
0.00016509
0.00015479
0.00014777
0.00013884
0.00013257
0.00011932
0.0001102
9.8924e-05
8.6184e-05
7.5196e-05
6.1149e-05
5.3413e-05
4.9464e-05
4.1531e-05
3.5476e-05
2.8691e-05
2.2389e-05
1.7382e-05
1.0893e-05
8.0614e-06
5.512e-06
3.6795e-06
2.1733e-06
1.1381e-06
5.7897e-07
2.2874e-07
6.5533e-08
1.2042e-08
1.0723e-09
2.7651e-11
6.134e-14
1.0745e-19
5.9874e-39
0
0
0
0
0
0
0
0
0
0
0
0
0
0
0
0
0
0
0
0
0
0
0
0
0
0
0
0
0
0
0
0
0
0
0
0
0
0
0
0
0
0
0
0
0
0
0
0
0
0
0
0
0
0
0
0
0
0
0
0
0
0
0
0
0
0
0
0
0
0
0
0
0
0
0
0
0
0
0
0
0
0
0
0
0
0
0
0
0
0
0
0
0
0
0
0
0
0
0
0
0
0
0
0
0
0
0
0
0
0
0
0
0
0
0
0
0
0
0
0
0
0
0
0
0
0
0
0
0
0
0
0
0
0
0
0
0
0
0
0
0
0
0
0
0
0
0
0
0
0
0
0
0
0
0
0
0
0
0
0
0
0
0
0
0
0
0
0
0
0
0
0
0
0
0
0
0
0
0
0
0
0
0
0
0
0
0
0
0
0
0
0
0
0
0
0
0
0
0
0
0
0
0
0
0
0
0
0
0
0
0
0
0
0
0
0
0
0
0
0
0
0
0
0
0
0
0
0
0
0
0
0
0
0
0
0
0
0
0
0
0
0
0
0
0
0
0
0
0
0
0
0
0
0
0
0
0
0
0
0
0
0
0
0
0
0
0
0
0
0
0
0
