0
0
0
0
0
0
0
0
0
0
0
0
0
0
0
0
0
0
0
0
0
0
0
0
0
0
0
0
0
0
0
0
0
0
0
0
0
0
0
0
0
0
0
0
0
0
0
0
0
0
0
0
0
0
0
0
0
0
0
0
0
0
0
0
0
0
0
0
0
0
0
0
0
0
0
0
0
0
0
0
0
0
0
0
0
0
0
0
0
0
0
0
0
0
0
0
0
0
0
0
0
0
0
0
0
0
0
0
0
0
0
0
0
0
0
0
0
0
0
0
0
0
0
0
0
0
0
0
0
0
0
0
0
0
0
0
0
0
0
0
0
0
0
0
0
0
0
0
0
0
0
0
0
0
0
0
0
0
0
0
0
0
0
0
0
0
0
0
0
0
0
0
0
0
0
0
0
0
0
0
0
0
0
0
0
0
0
0
0
0
0
0
0
0
0
0
0
0
0
0
0
0
0
0
0
0
0
0
0
0
0
0
0
0
0
0
0
0
0
0
0
0
0
0
0
0
0
0
0
0
0
0
0
0
0
0
0
0
0
0
0
0
0
0
0
0
0
0
0
0
0
0
0
0
0
0
0
0
0
0
0
0
0
0
0
0
0
0
0
0
0
0
0
0
0
0
0
0
0
0
0
0
0
0
0
0
0
0
0
0
0
0
0
0
0
0
0
0
0
0
0
0
0
0
0
0
0
0
0
0
0
0
0
0
0
0
0
0
0
0
0
0
0
0
0
0
0
0
0
0
0
0
0
0
0
0
0
0
0
0
0
0
0
0
0
0
0
0
0
0
0
0
0
0
0
0
0
0
0
0
0
0
0
0
0
0
1.0565e-79
1.0087e-24
7.5432e-16
2.7714e-12
2.7359e-10
4.4501e-09
3.0548e-08
1.278e-07
4.0348e-07
1.0949e-06
2.188e-06
3.8715e-06
6.2473e-06
9.2904e-06
1.3458e-05
1.8254e-05
2.3855e-05
3.0228e-05
3.733e-05
4.4655e-05
5.35e-05
6.2449e-05
7.1895e-05
8.1777e-05
9.2039e-05
0.00010263
0.00011349
0.00012459
0.00013587
0.0001473
0.00015885
0.00017047
0.00018215
0.00019386
0.00020146
0.00021292
0.00022206
0.00021889
0.00024453
0.00026093
0.00027495
0.00028625
0.00029743
0.00030851
0.0003067
0.00033032
0.00034103
0.00036208
0.0003724
0.00038259
0.00039264
0.00040256
0.00041234
0.00042198
0.00043148
0.00039677
0.00040508
0.00040408
0.00041197
0.0004102
0.00043226
0.00044977
0.00048761
0.00049568
0.0005192
0.00052727
0.00053521
0.00054304
0.00055074
0.00055833
0.00056581
0.00057317
0.00058042
0.00058757
0.0005946
0.00060154
0.00060836
0.00061509
0.00062171
0.00062824
0.00063467
0.00064101
0.00063431
0.0006338
0.00065946
0.00066544
0.00067132
0.00067713
0.00068285
0.00068848
0.00069404
0.00069951
0.00070491
0.00071024
0.00071549
0.00072066
0.00072576
0.0007308
0.00073576
0.00074065
0.00074548
0.00066772
0.0006719
0.00068362
0.00068773
0.00076865
0.00077749
0.00078183
0.0007861
0.00079032
0.00079448
0.00079859
0.00080265
0.00080665
0.0008106
0.00081451
0.00081018
0.0007975
0.00082592
0.00082133
0.00081662
0.0008369
0.00084047
0.00083556
0.00084748
0.00085092
0.00085432
0.00085768
0.00086099
0.00086427
0.00086751
0.00087071
0.00087386
0.00087699
0.00088007
0.00088312
0.00088613
0.00088911
0.00089205
0.00089496
0.00089784
0.00090068
0.00090349
0.00090626
0.00090901
0.00091172
0.0009144
0.00091706
0.00091968
0.00092227
0.00092484
0.00092737
0.00092988
0.00093236
0.00093481
0.00093723
0.00093963
0.00094201
0.00094435
0.00094667
0.00094897
0.00095124
0.00095348
0.00095571
0.0009579
0.00096223
0.00096436
0.00096646
0.00096855
0.00097061
0.00097265
0.00097467
0.00097666
0.00097864
0.0009806
0.00098253
0.00098445
0.00098634
0.00098822
0.00099008
0.00099191
0.00099373
0.00099553
0.00099731
0.00097909
0.0007306
0.00073186
0.00074315
0.00077458
0.00069526
0.00068631
0.00033361
0.00034427
0.00035496
0.00034536
0.0003052
0.00031586
0.00033674
0.00034747
0.00035822
0.00037924
0.00037979
0.00038034
0.00038088
0.00040203
0.00041291
0.00076492
0.00061069
0.00045604
0.00045665
0.00042607
0.00040581
0.00039591
0.00044857
0.00047002
0.00046014
0.00049212
0.00054513
0.00053529
0.00054643
0.00054707
0.0005793
0.00054833
0.00054895
0.00057133
0.00054018
0.00053017
0.00054135
0.00059505
0.00059568
0.00063889
0.00066086
0.00064019
0.00064084
0.00074839
0.00078123
0.00063202
0.0006219
0.00062249
0.00055862
0.00055914
0.00057042
0.00057094
0.00057145
0.000518
0.00054006
0.00055134
0.00056264
0.00061726
0.00098629
0.00097626
0.00091193
0.00091268
0.00092429
0.00091414
0.00091486
0.00091558
0.00087265
0.00087332
0.00084121
0.00076531
0.00083152
0.00083213
0.00084368
0.00052631
0.00049376
0.00049411
0.00049445
0.00056076
0.00049512
0.00049545
0.00068308
0.00082684
0.001037
0.0010376
0.0010162
0.0010721
0.00098429
0.00026559
0.00026575
0.00029915
0.00027715
0.0002884
0.00028873
0.0002889
0.00027794
0.00025584
0.00025598
0.00025612
0.00024511
0.00025639
0.00025652
0.00030129
0.00031261
0.00032393
0.00029056
0.00030189
0.00029084
0.00027979
0.00029112
0.00029125
0.0003138
0.00031394
0.00034773
0.00031422
0.00030313
0.00026956
0.00026967
0.00029227
0.00029239
0.00029251
0.00029262
0.00031526
0.00034917
0.00033804
0.00038325
0.00065403
0.0006317
0.00057551
0.00059829
0.00064367
0.00074556
0.00068931
0.0008365
0.00084808
0.00083704
0.00083731
0.00082626
0.00073594
0.00066821
0.00062309
0.00061194
0.00069147
0.00085041
0.0004877
0.00047649
0.00053336
0.00031783
0.00030656
0.000318
0.00030672
0.00030679
0.00030694
0.00028427
0.00028433
0.00025027
0.00021619
0.000239
0.00025043
0.00023909
0.00021637
0.0002278
0.00030759
0.00034183
0.00036468
0.00039894
0.00038761
0.00035347
0.00036493
0.00039921
0.00036504
0.00038792
0.00038797
0.00038803
0.0003995
0.00038813
0.0003996
0.00043391
0.0009136
0.0011193
0.0010851
0.0010624
0.0010625
0.0010626
0.0010627
0.0010628
0.0010629
0.0009487
0.00092591
0.00086882
0.00092604
0.00086894
0.00086899
0.0011435
0.0011435
0.0011436
0.0011436
0.0011437
0.0011437
0.0011438
0.0011438
0.0011438
0.0011438
0.0011439
0.0011439
0.0011439
0.0011439
0.0011439
0.00032028
0.00033172
0.00032027
0.00034314
0.00040031
0.00050324
0.00051466
0.00054894
0.00052605
0.00052602
0.0005603
0.00064031
0.00066314
0.00067453
0.00070878
0.00062871
0.00064009
0.00069718
0.00069712
0.00073134
0.00075413
0.00076548
0.00070828
0.0011194
0.0011079
0.0010392
0.0010505
0.0010618
0.0010503
0.0011414
0.0011413
0.0011411
0.001141
0.0011408
0.0011406
0.0011404
0.0011403
0.0011401
0.0010487
0.0010485
0.00092297
0.00087724
0.0011277
0.0011388
0.0011386
0.0010928
0.0010926
0.001081
0.0010125
0.0010123
0.00098934
0.0010005
0.0011139
0.0010568
0.0011361
0.0011358
0.0011356
0.0011353
0.0010782
0.0010212
0.0010436
0.001032
0.0010314
0.0010085
0.0010082
0.00086065
0.00084907
0.00084882
0.00084855
0.00065601
0.00053142
0.00054255
0.00056498
0.00082459
0.0011179
0.0011288
0.0011284
0.001128
0.0011276
0.0011272
0.0011268
0.0011264
0.0011259
0.0011255
0.0011251
0.0011246
0.0011242
0.0011237
0.0011233
0.0011228
0.0011223
0.00052727
0.00056068
0.00058285
0.00054898
0.00060473
0.00095146
0.00095103
0.00095059
0.0009725
0.00097203
0.00097157
0.0010939
0.0010933
0.0010928
0.00107
0.0010694
0.0010466
0.001046
0.0011122
0.0011116
0.001111
0.0011104
0.0011098
0.0011092
0.0011086
0.0011079
0.0011073
0.0011066
0.001106
0.0011053
0.001104
0.0011033
0.0011026
0.0011019
0.0011012
0.0011005
0.0010998
0.0010881
0.0010983
0.0010976
0.0010969
0.0010961
0.0010953
0.00044878
0.00042658
0.00039349
0.00040412
0.00040383
0.00038172
0.00043592
0.00041381
0.00046791
0.00046754
0.00053237
0.00062965
0.00061831
0.00061781
0.00069312
0.00070337
0.00070279
0.00068059
0.0008851
0.00088434
0.00093746
0.00062443
0.00037648
0.00039763
0.00035433
0.000354
0.00035368
0.00036406
0.0008772
0.00087637
0.00086485
0.00058668
0.0005861
0.00071327
0.00098908
0.00097745
0.00096584
0.0010073
0.0010168
0.00078296
0.00078213
0.00078129
0.00078044
0.00079012
0.00075767
0.00074631
0.00074461
0.00033521
0.00035575
0.00033442
0.00033402
0.00031277
0.00031239
0.000312
0.00031161
0.00031122
0.00032119
0.00035182
0.00036169
0.0003509
0.00035043
0.00032937
0.00037004
0.000349
0.00035877
0.0003685
0.0003782
0.00039807
0.0003873
0.00036638
0.00074183
0.00075087
0.00074973
0.00074858
0.00067672
0.00066557
0.00064438
0.00084439
0.00084302
0.00084163
0.00084023
0.00082884
0.00082743
0.0008061
0.0008345
0.00056527
0.00055437
0.00056325
0.0008384
0.00098453
0.0009827
0.00098084
0.00097896
0.00097707
0.00097515
0.00097322
0.00097127
0.00096929
0.0009673
0.00096529
0.00096325
0.00096119
0.00095912
0.00095702
0.00095489
0.00095058
0.00094839
0.00094618
0.00094395
0.00094169
0.0009394
0.00093709
0.00093476
0.0009324
0.00093001
0.0009276
0.00092517
0.00080275
0.000865
0.00085345
0.00091515
0.00091257
0.00090997
0.00090734
0.00087753
0.0008659
0.00066545
0.00067238
0.00059879
0.00058799
0.00059499
0.00063732
0.0007058
0.00064189
0.00063095
0.00055891
0.00073971
0.00072841
0.00076898
0.00076616
0.00073758
0.0007348
0.00072346
0.00072064
0.00072623
0.0007233
0.00072034
0.000709
0.00064786
0.00062853
0.00055167
0.00053283
0.00044881
0.00047111
0.00046891
0.00020115
0.00020818
0.00020715
0.00021404
0.00022083
0.00020399
0.00020291
0.00024062
0.00021614
0.00019843
0.00017451
0.00017348
0.00051728
0.00057368
0.00057007
0.00041193
0.00051884
0.00052263
0.00054789
0.00065861
0.00064681
0.00049393
0.00047625
0.00046568
0.00044138
0.00043788
0.00042075
0.00059897
0.00059388
0.00058873
0.00058349
0.00057168
0.0005921
0.00058007
0.00057439
0.00055614
0.00024119
0.00026313
0.00026028
0.00024542
0.00025446
0.00024564
0.00023113
0.00022257
0.0001972
0.00018907
0.00017556
0.00017313
0.00018134
0.00017868
0.00017081
0.00015796
0.00016043
0.00017257
0.000189
0.00017138
0.00016358
0.00017425
0.00020233
0.00019824
0.00018547
0.0001941
0.00021037
0.00020949
0.00020835
0.00021077
0.00015301
0.00036302
0.00034231
0.00033175
0.00032108
0.00031028
0.00029936
0.00028833
0.0002772
0.00026596
0.00025464
0.00024324
0.00023177
0.00022025
0.00020868
0.00019709
0.0001855
0.00017392
0.00016238
0.00015091
0.00013954
0.00012317
0.00011723
0.00010637
9.576e-05
8.545e-05
7.5492e-05
6.5941e-05
5.6855e-05
4.8292e-05
4.0314e-05
3.2978e-05
2.634e-05
2.0449e-05
1.5343e-05
9.2761e-06
6.3426e-06
4.1152e-06
2.8596e-06
1.5023e-06
6.9058e-07
1.1831e-07
3.3511e-08
6.842e-09
6.2345e-10
1.7241e-11
3.0347e-14
1.3754e-19
7.563e-39
0
0
0
0
0
0
0
0
0
0
0
0
0
0
0
0
0
0
0
0
0
0
0
0
0
0
0
0
0
0
0
0
0
0
0
0
0
0
0
0
0
0
0
0
0
0
0
0
0
0
0
0
0
0
0
0
0
0
0
0
0
0
0
0
0
0
0
0
0
0
0
0
0
0
0
0
0
0
0
0
0
0
0
0
0
0
0
0
0
0
0
0
0
0
0
0
0
0
0
0
0
0
0
0
0
0
0
0
0
0
0
0
0
0
0
0
0
0
0
0
0
0
0
0
0
0
0
0
0
0
0
0
0
0
0
0
0
0
0
0
0
0
0
0
0
0
0
0
0
0
0
0
0
0
0
0
0
0
0
0
0
0
0
0
0
0
0
0
0
0
0
0
0
0
0
0
0
0
0
0
0
0
0
0
0
0
0
0
0
0
0
0
0
0
0
0
0
0
0
0
0
0
0
0
0
0
0
0
0
0
0
0
0
0
0
0
0
0
0
0
0
0
0
0
0
0
0
0
0
0
0
0
0
0
0
0
0
0
0
0
0
0
0
0
0
0
0
0
0
0
0
0
0
0
0
0
0
0
0
0
0
0
0
0
0
0
0
0
0
0
0
0
