0
0
0
0
0
0
0
0
0
0
0
0
0
0
0
0
0
0
0
0
0
0
0
0
0
0
0
0
0
0
0
0
0
0
0
0
0
0
0
0
0
0
0
0
0
0
0
0
0
0
0
0
0
0
0
0
0
0
0
0
0
0
0
0
0
0
0
0
0
0
0
0
0
0
0
0
0
0
0
0
0
0
0
0
0
0
0
0
0
0
0
0
0
0
0
0
0
0
0
0
0
0
0
0
0
0
0
0
0
0
0
0
0
0
0
0
0
0
0
0
0
0
0
0
0
0
0
0
0
0
0
0
0
0
0
0
0
0
0
0
0
0
0
0
0
0
0
0
0
0
0
0
0
0
0
0
0
0
0
0
0
0
0
0
0
0
0
0
0
0
0
0
0
0
0
0
0
0
0
0
0
0
0
0
0
0
0
0
0
0
0
0
0
0
0
0
0
0
0
0
0
0
0
0
0
0
0
0
0
0
0
0
0
0
0
0
0
0
0
0
0
0
0
0
0
0
0
0
0
0
0
0
0
0
0
0
0
0
0
0
0
0
0
0
0
0
0
0
0
0
0
0
0
0
0
0
0
0
0
0
0
0
0
0
0
0
0
0
0
0
0
0
0
0
0
0
0
0
0
0
0
0
0
0
0
0
0
0
0
0
0
0
0
0
0
0
0
0
0
0
0
0
0
0
0
0
0
0
0
0
0
0
0
0
0
0
0
0
0
0
0
0
0
0
0
0
0
0
0
0
0
0
0
0
0
0
0
0
0
0
0
0
0
0
0
0
0
0
0
0
0
0
0
0
0
0
0
0
0
0
0
0
0
0
0
0
1.3734e-80
1.2104e-25
9.8061e-17
4.1893e-13
4.8638e-11
7.9465e-10
5.2799e-09
2.2089e-08
6.0991e-08
1.4377e-07
2.8731e-07
4.3017e-07
7.5725e-07
1.0428e-06
1.4804e-06
2.0079e-06
2.8626e-06
3.9296e-06
5.2262e-06
4.9617e-06
5.885e-06
6.8694e-06
7.9084e-06
8.9955e-06
1.1045e-05
1.4368e-05
1.5889e-05
1.7442e-05
2.0381e-05
2.0622e-05
2.2238e-05
2.7276e-05
2.9144e-05
2.9079e-05
3.4947e-05
3.9108e-05
4.1207e-05
3.8487e-05
3.5293e-05
3.6899e-05
3.5744e-05
3.7212e-05
4.1641e-05
4.3192e-05
4.7921e-05
4.2941e-05
4.0924e-05
4.3449e-05
3.3516e-05
3.4433e-05
4.3191e-05
4.4281e-05
4.5357e-05
4.2198e-05
4.3148e-05
4.8494e-05
4.0508e-05
4.5918e-05
5.6178e-05
5.7238e-05
5.8282e-05
5.931e-05
5.5296e-05
5.6211e-05
5.192e-05
5.2727e-05
5.3521e-05
5.9734e-05
6.6089e-05
7.2583e-05
7.3555e-05
6.8781e-05
6.3847e-05
6.4632e-05
5.946e-05
6.6169e-05
6.692e-05
6.766e-05
7.4606e-05
6.9106e-05
6.9814e-05
7.6921e-05
7.767e-05
8.4942e-05
8.573e-05
9.3161e-05
0.00010741
0.00010834
0.00011608
0.00011704
0.00011105
0.00011192
0.00011984
0.00010654
0.00011448
0.00011531
0.00010886
0.00010962
0.00010301
0.0001185
0.00012673
0.00014255
0.00013589
0.00013672
0.00012226
0.00010761
0.00011662
9.3819e-05
9.4332e-05
9.4838e-05
9.5338e-05
9.5831e-05
9.6318e-05
9.6798e-05
9.7273e-05
0.00011403
0.00012275
0.0001151
0.00010737
0.00011615
0.00012499
0.0001339
0.00013448
0.00014348
0.00019492
0.00015317
0.00017941
0.00017154
0.00016359
0.00016421
0.0001735
0.00035699
0.00033207
0.00034202
0.00058085
0.00058286
0.00035445
0.00037343
0.0003479
0.00034904
0.00040403
0.00048637
0.00048788
0.00048032
0.0004545
0.00045586
0.0004572
0.00045853
0.00045984
0.00044269
0.0005549
0.00058424
0.00059512
0.00062468
0.00036458
0.00036552
0.00036646
0.00040506
0.00042496
0.00055854
0.00055989
0.00048513
0.00047674
0.00045874
0.00042148
0.000433
0.0004436
0.00044457
0.00032931
0.00033001
0.0003307
0.00033139
0.00034183
0.00037188
0.00030398
0.00029476
0.00036425
0.00035508
0.00035576
0.00046534
0.00043644
0.00046705
0.00052763
0.00049866
0.00060944
0.00057047
0.00054138
0.00053226
0.00045268
0.0003829
0.00040371
0.00050546
0.00068854
0.00067949
0.00065008
0.00073248
0.00071323
0.00056124
0.00063362
0.00068573
0.00055349
0.00053376
0.00046257
0.00048382
0.00043295
0.00048516
0.00051684
0.00055894
0.00068406
0.00075762
0.00061312
0.0005827
0.00057303
0.00046943
0.0005118
0.00093074
0.00094235
0.00091204
0.00090264
0.00094574
0.00085216
0.00094795
0.0010228
0.0010557
0.001058
0.0010592
0.0010603
0.0010615
0.0010626
0.0010637
0.0010648
0.0010659
0.001067
0.0010681
0.0010691
0.0010702
0.0010712
0.0010722
0.0010733
0.0010743
0.0010753
0.0010763
0.0010772
0.0010782
0.0010792
0.0010801
0.0010811
0.001082
0.0010829
0.0010838
0.0010847
0.0010856
0.0010865
0.0010874
0.0010883
0.0010891
0.00109
0.0010908
0.0010917
0.0010925
0.0010933
0.0010941
0.0010949
0.0010957
0.0010965
0.0010973
0.001098
0.0010988
0.0010995
0.0011003
0.001101
0.0011017
0.0011025
0.0011032
0.0011039
0.0011046
0.0011053
0.0011059
0.0011066
0.0011073
0.0011079
0.0011086
0.0011092
0.0011105
0.0011111
0.0011118
0.0011124
0.001113
0.0011136
0.0011142
0.0011147
0.0011153
0.0011159
0.0011164
0.0010388
0.0010393
0.00095038
0.00095084
0.0009289
0.00091814
0.00091857
0.00038104
0.00030273
0.00025799
0.00025811
0.00031435
0.00030326
0.00029215
0.00026979
0.0002699
0.00027001
0.0002476
0.00023644
0.00019148
0.00020282
0.0002029
0.00020297
0.00018049
0.00018055
0.00018062
0.00018068
0.00018074
0.0001808
0.00018086
0.00016962
0.00016967
0.00016973
0.00059988
0.00071329
0.00071351
0.00072505
0.00067994
0.00054411
0.00049891
0.0004877
0.00053322
0.00053336
0.00070377
0.0006926
0.00076092
0.00077247
0.00082947
0.0008185
0.00077321
0.00095536
0.0009897
0.00093302
0.0011039
0.00076267
0.00097915
0.0011046
0.00086563
0.00085441
0.00085457
0.00083193
0.00079788
0.00079802
0.00091218
0.00091232
0.00082122
0.00091261
0.0009698
0.00096994
0.00097007
0.00095879
0.00094751
0.00095904
0.00095916
0.0010963
0.00049112
0.00047975
0.00038841
0.00037702
0.00041134
0.00038852
0.00049141
0.00048003
0.00050293
0.00062871
0.00067448
0.00068596
0.000686
0.00065174
0.00097195
0.000972
0.00098348
0.0010636
0.0010064
0.00099504
0.00090357
0.0011438
0.0011438
0.0011095
0.001121
0.0011324
0.0010066
0.00099517
0.0010981
0.00083502
0.0011439
0.0011438
0.0011438
0.0011438
0.0011437
0.0011437
0.0011436
0.0011436
0.0011435
0.0011435
0.0011434
0.0011433
0.0010632
0.001086
0.0010631
0.0010401
0.0010515
0.00104
0.0011427
0.0011426
0.0011425
0.00097103
0.00098235
0.00098224
0.0010392
0.0010391
0.0010846
0.0011416
0.0011414
0.0011413
0.0011411
0.0010839
0.0010838
0.0010266
0.00098078
0.00069556
0.00063844
0.00051294
0.00043308
0.000433
0.00043292
0.00042145
0.00035304
0.00035297
0.00029598
0.00029592
0.00030724
0.00032992
0.00031848
0.00031841
0.0002956
0.00029553
0.00029546
0.00028403
0.0002726
0.00028389
0.00034058
0.00034049
0.00032905
0.00034031
0.00032888
0.00032869
0.00031727
0.00031718
0.00030576
0.00024906
0.00023767
0.00022628
0.00022621
0.00022614
0.00024867
0.00025989
0.0002598
0.00024842
0.00023705
0.00024825
0.00025944
0.00025935
0.00030434
0.0003155
0.00033791
0.00032652
0.00029263
0.00030377
0.00028116
0.00028104
0.0003034
0.00031451
0.00030315
0.00031425
0.00033655
0.00031398
0.00030264
0.0003025
0.00031357
0.00029104
0.0002909
0.00029077
0.00031299
0.00031284
0.00027919
0.0003237
0.00031238
0.00033453
0.0003455
0.00036761
0.00034515
0.00034497
0.00034479
0.00032237
0.00033331
0.00035533
0.00035514
0.00035494
0.00036582
0.00033238
0.00034326
0.00033199
0.00030968
0.00028739
0.00028704
0.00028686
0.00028668
0.00029752
0.00028632
0.00029714
0.00028595
0.00029675
0.00031852
0.00029635
0.00028518
0.00036171
0.00033956
0.00032837
0.0003172
0.0003607
0.00037136
0.00037108
0.00037081
0.00050131
0.00050093
0.00050055
0.0004458
0.00046718
0.00047767
0.00044475
0.00070452
0.0008664
0.00085487
0.00081091
0.00079943
0.00083113
0.00083042
0.0008297
0.00069979
0.00070993
0.00069855
0.00068718
0.00063292
0.00056803
0.00050326
0.00050279
0.00043818
0.00070469
0.00078935
0.00053282
0.00054294
0.0005424
0.00050998
0.0007005
0.00066797
0.00065668
0.00070889
0.00065529
0.00070738
0.00068552
0.00096921
0.00096813
0.00097756
0.00097534
0.0007647
0.00077427
0.00059569
0.00058454
0.00060469
0.00079138
0.00079041
0.0007271
0.00096479
0.00093248
0.0008485
0.00080606
0.00097012
0.00096883
0.00096753
0.0009765
0.00096489
0.00096355
0.0009622
0.00096083
0.00096966
0.00095806
0.00095666
0.00079264
0.00079146
0.00081052
0.00060696
0.00059591
0.00055464
0.00054369
0.00091475
0.00094337
0.00093181
0.00090025
0.00089874
0.00090718
0.00091557
0.00095372
0.00097187
0.00097014
0.00068183
0.00071017
0.00068917
0.00068789
0.00041195
0.0003818
0.00037129
0.00038031
0.00039902
0.00040793
0.0004071
0.00043529
0.00033785
0.00046236
0.00049021
0.00047956
0.00050722
0.00056339
0.00054183
0.00056904
0.00031224
0.00036814
0.00036726
0.00036637
0.0002249
0.00022434
0.00022378
0.0002325
0.0002319
0.00023129
0.0002399
0.00023005
0.00024778
0.00024709
0.00023727
0.00027299
0.00044459
0.00043424
0.00042393
0.00030575
0.00029585
0.00030386
0.00032072
0.00037298
0.00038947
0.00038819
0.0003781
0.00037682
0.00041045
0.00043512
0.00078911
0.00051841
0.00021521
0.00020584
0.00020506
0.00021278
0.00021195
0.00017733
0.00018503
0.00061145
0.00058388
0.00058141
0.0005541
0.00052697
0.00052463
0.00055489
0.00053609
0.00050933
0.00049886
0.00048042
0.00048602
0.00079274
0.00078869
0.00070612
0.00047605
0.00052005
0.00051719
0.00042739
0.0004856
0.00049026
0.00053227
0.00049173
0.00048863
0.000434
0.00050423
0.00034842
0.00033883
0.00037942
0.00039093
0.00036692
0.00032217
0.00031972
0.00025517
0.00023946
0.00023073
0.00021536
0.00020019
0.00019845
0.00021635
0.00021438
0.00019308
0.00023585
0.0003156
0.00041242
0.00039581
0.00039163
0.0003874
0.0003412
0.00047342
0.00047958
0.00047381
0.00045084
0.00046202
0.00045599
0.00044438
0.00044906
0.00043201
0.00043093
0.00041925
0.00047387
0.0004813
0.00047826
0.00048463
0.00047607
0.00046738
0.00045856
0.00044962
0.00033921
0.00036231
0.00035867
0.00035061
0.00035452
0.00034593
0.00033339
0.00032094
0.00023234
0.00018827
0.00017915
0.00017659
0.00020168
0.00020955
0.00021048
0.0002079
0.00019681
0.00017061
0.00016784
0.00016224
0.00019161
0.00018364
0.00015373
0.00014283
0.00013392
0.00012341
8.4512e-05
8.2331e-05
7.9549e-05
9.027e-05
8.1905e-05
7.3735e-05
6.3233e-05
1.5853e-05
1.3848e-05
1.1371e-05
1.0141e-05
8.4658e-06
6.9253e-06
5.5315e-06
4.4989e-06
3.5289e-06
2.5399e-06
1.8122e-06
1.1619e-06
7.1491e-07
3.9454e-07
1.9531e-07
7.3617e-08
2.3086e-08
4.3789e-09
4.7382e-10
1.1711e-11
1.937e-14
4.1549e-20
2.1271e-39
0
0
0
0
0
0
0
0
0
0
0
0
0
0
0
0
0
0
0
0
0
0
0
0
0
0
0
0
0
0
0
0
0
0
0
0
0
0
0
0
0
0
0
0
0
0
0
0
0
0
0
0
0
0
0
0
0
0
0
0
0
0
0
0
0
0
0
0
0
0
0
0
0
0
0
0
0
0
0
0
0
0
0
0
0
0
0
0
0
0
0
0
0
0
0
0
0
0
0
0
0
0
0
0
0
0
0
0
0
0
0
0
0
0
0
0
0
0
0
0
0
0
0
0
0
0
0
0
0
0
0
0
0
0
0
0
0
0
0
0
0
0
0
0
0
0
0
0
0
0
0
0
0
0
0
0
0
0
0
0
0
0
0
0
0
0
0
0
0
0
0
0
0
0
0
0
0
0
0
0
0
0
0
0
0
0
0
0
0
0
0
0
0
0
0
0
0
0
0
0
0
0
0
0
0
0
0
0
0
0
0
0
0
0
0
0
0
0
0
0
0
0
0
0
0
0
0
0
0
0
0
0
0
0
0
0
0
0
0
0
0
0
0
0
0
0
0
0
0
0
0
0
0
0
0
0
0
0
0
0
0
0
0
0
0
0
0
0
0
0
0
0
