0
0
0
0
0
0
0
0
0
0
0
0
0
0
0
0
0
0
0
0
0
0
0
0
0
0
0
0
0
0
0
0
0
0
0
0
0
0
0
0
0
0
0
0
0
0
0
0
0
0
0
0
0
0
0
0
0
0
0
0
0
0
0
0
0
0
0
0
0
0
0
0
0
0
0
0
0
0
0
0
0
0
0
0
0
0
0
0
0
0
0
0
0
0
0
0
0
0
0
0
0
0
0
0
0
0
0
0
0
0
0
0
0
0
0
0
0
0
0
0
0
0
0
0
0
0
0
0
0
0
0
0
0
0
0
0
0
0
0
0
0
0
0
0
0
0
0
0
0
0
0
0
0
0
0
0
0
0
0
0
0
0
0
0
0
0
0
0
0
0
0
0
0
0
0
0
0
0
0
0
0
0
0
0
0
0
0
0
0
0
0
0
0
0
0
0
0
0
0
0
0
0
0
0
0
0
0
0
0
0
0
0
0
0
0
0
0
0
0
0
0
0
0
0
0
0
0
0
0
0
0
0
0
0
0
0
0
0
0
0
0
0
0
0
0
0
0
0
0
0
0
0
0
0
0
0
0
0
0
0
0
0
0
0
0
0
0
0
0
0
0
0
0
0
0
0
0
0
0
0
0
0
0
0
0
0
0
0
0
0
0
0
0
0
0
0
0
0
0
0
0
0
0
0
0
0
0
0
0
0
0
0
0
0
0
0
0
0
0
0
0
0
0
0
0
0
0
0
0
0
0
0
0
0
0
0
0
0
0
0
0
0
0
0
0
0
0
0
0
0
0
0
0
0
0
0
0
0
0
0
0
0
0
0
0
0
6.6556e-80
6.4555e-25
4.9785e-16
2.1269e-12
1.9759e-10
3.4435e-09
2.3383e-08
9.7822e-08
2.815e-07
6.6356e-07
1.2597e-06
2.3073e-06
3.7232e-06
5.4984e-06
1.1036e-05
1.5151e-05
2.0038e-05
2.5392e-05
3.4343e-05
4.1498e-05
2.461e-05
2.7478e-05
3.1634e-05
3.68e-05
4.1418e-05
3.592e-05
3.9722e-05
4.1114e-05
8.0163e-05
9.7219e-05
0.00014932
0.00015513
0.00016211
0.00017641
0.00017885
0.00019337
0.00020375
0.00023092
0.00023949
0.00012388
0.00011273
0.0001145
0.00019631
0.00025298
0.00026516
0.0003138
0.00031034
0.00030777
0.00024206
0.00024486
0.00016884
0.0001892
0.00018143
0.00018145
0.00021574
0.00039677
0.00043208
0.00044082
0.00026684
0.00026234
0.00028655
0.00031138
0.00029156
0.00028616
0.00029075
0.00030581
0.00029437
0.00021721
0.00020928
0.00020658
0.00018672
0.00017768
0.00017413
0.00017039
0.00016054
0.00014437
0.00015209
0.00014762
0.00015543
0.00015078
0.00015232
0.00015384
0.00016829
0.00016335
0.00015827
0.00013974
0.00013426
0.00013543
0.00012974
0.00013081
0.00013881
0.00012591
0.00015508
0.00016335
0.00016456
0.00015134
0.00016693
0.00016078
0.00015451
0.00015554
0.00063366
0.00059269
0.00058885
0.00062285
0.00064188
0.00064567
0.00063754
0.0006411
0.00069177
0.00070338
0.00069914
0.00028749
0.00026487
0.00027426
0.00029992
0.00029322
0.00031098
0.0003042
0.00033037
0.00037333
0.00044997
0.0004603
0.00045386
0.00052328
0.00051696
0.00050204
0.00048696
0.00048888
0.00050799
0.00059635
0.00061593
0.00075751
0.00077774
0.00075421
0.00067766
0.00045922
0.00046079
0.00048012
0.00053523
0.00056383
0.00052075
0.00051339
0.00048788
0.00047126
0.00046359
0.00046498
0.00047549
0.00045853
0.00049663
0.0004888
0.00049016
0.00046369
0.00036265
0.00037294
0.00035523
0.00031866
0.00032887
0.00032028
0.00030219
0.00030294
0.00029418
0.00029488
0.00028605
0.00028671
0.00028737
0.00027905
0.00027966
0.00028027
0.00027119
0.00027177
0.00027234
0.00023392
0.0002344
0.00024466
0.00024515
0.00021616
0.00021658
0.00024659
0.00025694
0.00025742
0.00063482
0.00061611
0.00058736
0.00057844
0.00099908
0.0010008
0.0010025
0.00099422
0.001006
0.0010076
0.0010093
0.0010109
0.0010126
0.0010142
0.0010158
0.0010173
0.0010189
0.0010204
0.001022
0.0010235
0.001025
0.0010265
0.0010279
0.0010294
0.0010308
0.0010323
0.0010337
0.0010351
0.0010365
0.0010378
0.0010392
0.0010405
0.0010419
0.0010432
0.0010445
0.0010458
0.00091094
0.00088059
0.00089214
0.0008932
0.00089425
0.00092688
0.00094903
0.00093955
0.00094164
0.00094268
0.00093309
0.00092348
0.00090321
0.00090415
0.00090509
0.00089536
0.00089627
0.00090785
0.00067355
0.00069561
0.00067486
0.00073985
0.00075128
0.00076273
0.00076344
0.00075338
0.0010449
0.0010782
0.0010468
0.0010693
0.0010594
0.0010712
0.0010721
0.00091042
0.00091118
0.00090108
0.00090181
0.00091341
0.00091414
0.00090397
0.00109
0.0010908
0.0010917
0.0010925
0.0010933
0.0010941
0.00094162
0.00093134
0.00093201
0.00093266
0.00052705
0.00058235
0.00063773
0.0010343
0.001046
0.00092546
0.00097016
0.00098182
0.00089414
0.00090575
0.00090631
0.00091793
0.00092956
0.00094119
0.00094175
0.00093122
0.00095395
0.00094394
0.00094447
0.00094499
0.00096776
0.00094602
0.0009354
0.00094703
0.00090294
0.00097032
0.00097082
0.0010495
0.0010388
0.0010281
0.0010286
0.0010851
0.00098486
0.00099652
0.00094097
0.0009414
0.00093061
0.00094224
0.00093143
0.00093184
0.00094346
0.00094386
0.00093301
0.0007872
0.00078752
0.00075407
0.00075437
0.00093488
0.00069861
0.00073269
0.00073296
0.00065427
0.00064322
0.00062087
0.00063238
0.00047445
0.00050851
0.00048607
0.00056539
0.00052032
0.00052049
0.00049802
0.00049817
0.00052097
0.00096296
0.00097457
0.00096352
0.00098647
0.00094138
0.00094164
0.0011348
0.0011351
0.0011354
0.0011357
0.0011246
0.0011135
0.0011141
0.00097788
0.00098948
0.00087594
0.00088751
0.0011039
0.00081958
0.0010019
0.0010021
0.00097953
0.00097972
0.0009799
0.00098008
0.00093466
0.00093482
0.00087797
0.00086671
0.0011292
0.0010495
0.0009698
0.00067325
0.00066193
0.00054788
0.00063928
0.00065078
0.0011419
0.001142
0.0011193
0.001108
0.0011195
0.0011311
0.0010855
0.001097
0.0010171
0.0010172
0.00080011
0.00076588
0.00076593
0.0006288
0.00064027
0.0009719
0.00088047
0.00098344
0.0010178
0.00099496
0.00078914
0.00082348
0.00083494
0.00053758
0.00052615
0.001018
0.001018
0.0010409
0.00052618
0.00048043
0.00045755
0.00045755
0.0004461
0.00043466
0.00043464
0.00043463
0.00054899
0.00050322
0.0005032
0.00050318
0.00050315
0.00034304
0.00043449
0.00043447
0.00045731
0.00045727
0.0005144
0.00075439
0.00078862
0.00077712
0.00081133
0.00068557
0.00067408
0.00077683
0.00067394
0.00069671
0.00068521
0.00065087
0.00068504
0.0010046
0.0011414
0.0011413
0.0011411
0.001141
0.0011408
0.0011406
0.0011404
0.00084379
0.00086645
0.00099169
0.00099152
0.00099134
0.0010026
0.0010024
0.0010477
0.0010475
0.00088794
0.00088776
0.00088757
0.00088738
0.0010578
0.00092111
0.0011369
0.0011367
0.0011364
0.0011361
0.0011358
0.0011356
0.0011353
0.001135
0.0011347
0.0011344
0.0011341
0.0011334
0.0011218
0.0011328
0.0011324
0.0010981
0.00086013
0.00087118
0.00087091
0.0009837
0.00097208
0.00063277
0.0010505
0.0010501
0.00077887
0.00076732
0.00093625
0.00094719
0.00095812
0.00095777
0.00096867
0.0009683
0.0010242
0.0010688
0.0010909
0.001068
0.0010451
0.0010446
0.0010891
0.00097642
0.00098722
0.00091952
0.00091911
0.00085149
0.00067193
0.00062685
0.00060418
0.00059272
0.0006148
0.0011173
0.0011167
0.0011162
0.0011156
0.0011151
0.0011145
0.0010026
0.001002
0.0009904
0.00098988
0.00097823
0.00098881
0.00095496
0.00084345
0.00084298
0.00085359
0.00088634
0.0008969
0.00087425
0.00085161
0.00077373
0.00070655
0.00068405
0.0010254
0.0010138
0.0009911
0.00096845
0.0010338
0.0010221
0.0010983
0.0010976
0.0010969
0.0010961
0.0010953
0.0010946
0.0010938
0.001093
0.00092839
0.00092771
0.00092703
0.00095903
0.0009583
0.00093581
0.00098945
0.00098868
0.0010096
0.0010088
0.00099717
0.00093138
0.00094143
0.00092984
0.00095067
0.00094986
0.00095984
0.00079738
0.00081821
0.00092506
0.00094572
0.00095561
0.00094401
0.00075023
0.00093156
0.00052418
0.00036337
0.00036302
0.00033067
0.00027707
0.00028744
0.00028715
0.00029749
0.00027595
0.00027567
0.00027538
0.00027509
0.0002748
0.00033785
0.00033749
0.00035819
0.00034727
0.00031534
0.00031462
0.00030378
0.00029297
0.00032397
0.00029227
0.00029192
0.00030198
0.0002912
0.00029084
0.00030085
0.0002901
0.00032077
0.00032036
0.00029929
0.00023706
0.00022644
0.00024669
0.00069801
0.00072779
0.00072677
0.00090973
0.00092883
0.00087653
0.00062081
0.00047762
0.00043631
0.00042552
0.00042487
0.00039391
0.00055464
0.00055376
0.00048251
0.00045162
0.00045087
0.00039011
0.00069902
0.00071777
0.00056726
0.00055633
0.00059502
0.00058406
0.00059289
0.00058195
0.00057103
0.00057979
0.00057869
0.00064612
0.00054716
0.00071186
0.0009051
0.00090328
0.00077544
0.0006094
0.00060813
0.0004431
0.00045176
0.00047956
0.00047851
0.0004106
0.00038974
0.00038884
0.00037847
0.00038702
0.00038609
0.0004697
0.00084338
0.00083193
0.00083916
0.00081841
0.00082557
0.0008234
0.00080275
0.00080058
0.00079839
0.00078703
0.00077569
0.00077347
0.0008166
0.00081421
0.00064943
0.0006025
0.00058273
0.00052729
0.00050781
0.00054171
0.00055766
0.00077638
0.00077379
0.00074487
0.00075104
0.00073971
0.00074575
0.00074306
0.00074034
0.00038594
0.00039303
0.00036599
0.00033912
0.00038845
0.00083264
0.00068684
0.00067564
0.00065616
0.00056237
0.00029642
0.00028691
0.00028561
0.00028429
0.00025062
0.00024138
0.00027224
0.00026293
0.00025368
0.00026027
0.00025891
0.00026534
0.00024838
0.00022386
0.00020606
0.00020486
0.00015839
0.00015743
0.00016391
0.00017768
0.00017654
0.00018269
0.00020324
0.00019465
0.00019329
0.00019191
0.00019052
0.0001821
0.00015986
0.00015862
0.00017789
0.00016966
0.00017498
0.00019351
0.00020506
0.00019668
0.00019489
0.00019308
0.00020398
0.0002083
0.00021871
0.00020409
0.00020194
0.00022396
0.00020951
0.00021304
0.00025149
0.00021957
0.00022257
0.00022538
0.00020575
0.00018653
0.00017313
0.000176
0.00017868
0.00026397
0.00025986
0.00020054
0.00015285
0.00014054
0.0001333
0.00013087
0.00013757
0.00021582
0.00024229
0.0001294
0.00011393
0.00011549
0.00011683
0.000114
0.00011496
0.00011196
0.00010165
9.5846e-05
9.2891e-05
9.3112e-05
0.00010549
0.00010178
9.8032e-05
9.1475e-05
9.0428e-05
8.4032e-05
8.027e-05
6.9531e-05
6.8276e-05
6.4691e-05
6.1098e-05
5.9359e-05
5.5654e-05
5.3586e-05
4.6784e-05
4.3259e-05
3.9774e-05
3.2825e-05
2.872e-05
2.5855e-05
2.2217e-05
2.6422e-05
1.9123e-05
1.5919e-05
1.4005e-05
1.1288e-05
9.5636e-06
6.3217e-06
5.1124e-06
3.8357e-06
2.7607e-06
1.8877e-06
1.2104e-06
6.8631e-07
3.6419e-07
1.6044e-07
6.0471e-08
1.6383e-08
2.8737e-09
2.6185e-10
6.1807e-12
1.3559e-14
3.0087e-20
1.6544e-39
0
0
0
0
0
0
0
0
0
0
0
0
0
0
0
0
0
0
0
0
0
0
0
0
0
0
0
0
0
0
0
0
0
0
0
0
0
0
0
0
0
0
0
0
0
0
0
0
0
0
0
0
0
0
0
0
0
0
0
0
0
0
0
0
0
0
0
0
0
0
0
0
0
0
0
0
0
0
0
0
0
0
0
0
0
0
0
0
0
0
0
0
0
0
0
0
0
0
0
0
0
0
0
0
0
0
0
0
0
0
0
0
0
0
0
0
0
0
0
0
0
0
0
0
0
0
0
0
0
0
0
0
0
0
0
0
0
0
0
0
0
0
0
0
0
0
0
0
0
0
0
0
0
0
0
0
0
0
0
0
0
0
0
0
0
0
0
0
0
0
0
0
0
0
0
0
0
0
0
0
0
0
0
0
0
0
0
0
0
0
0
0
0
0
0
0
0
0
0
0
0
0
0
0
0
0
0
0
0
0
0
0
0
0
0
0
0
0
0
0
0
0
0
0
0
0
0
0
0
0
0
0
0
0
0
0
0
0
0
0
0
0
0
0
0
0
0
0
0
0
0
0
0
0
0
0
0
0
0
0
0
0
0
0
0
0
0
0
0
0
0
0
