0
0
0
0
0
0
0
0
0
0
0
0
0
0
0
0
0
0
0
0
0
0
0
0
0
0
0
0
0
0
0
0
0
0
0
0
0
0
0
0
0
0
0
0
0
0
0
0
0
0
0
0
0
0
0
0
0
0
0
0
0
0
0
0
0
0
0
0
0
0
0
0
0
0
0
0
0
0
0
0
0
0
0
0
0
0
0
0
0
0
0
0
0
0
0
0
0
0
0
0
0
0
0
0
0
0
0
0
0
0
0
0
0
0
0
0
0
0
0
0
0
0
0
0
0
0
0
0
0
0
0
0
0
0
0
0
0
0
0
0
0
0
0
0
0
0
0
0
0
0
0
0
0
0
0
0
0
0
0
0
0
0
0
0
0
0
0
0
0
0
0
0
0
0
0
0
0
0
0
0
0
0
0
0
0
0
0
0
0
0
0
0
0
0
0
0
0
0
0
0
0
0
0
0
0
0
0
0
0
0
0
0
0
0
0
0
0
0
0
0
0
0
0
0
0
0
0
0
0
0
0
0
0
0
0
0
0
0
0
0
0
0
0
0
0
0
0
0
0
0
0
0
0
0
0
0
0
0
0
0
0
0
0
0
0
0
0
0
0
0
0
0
0
0
0
0
0
0
0
0
0
0
0
0
0
0
0
0
0
0
0
0
0
0
0
0
0
0
0
0
0
0
0
0
0
0
0
0
0
0
0
0
0
0
0
0
0
0
0
0
0
0
0
0
0
0
0
0
0
0
0
0
0
0
0
0
0
0
0
0
0
0
0
0
0
0
0
0
0
0
0
0
0
0
0
0
0
0
0
0
0
0
0
0
0
0
1.0353e-79
9.885e-25
7.3169e-16
3.1903e-12
3.0095e-10
5.2977e-09
3.7714e-08
1.5778e-07
4.6916e-07
1.1059e-06
2.2101e-06
3.9106e-06
6.3104e-06
9.4801e-06
1.3458e-05
1.8254e-05
2.3855e-05
3.0228e-05
3.733e-05
4.5106e-05
5.35e-05
6.2449e-05
7.1895e-05
6.9511e-05
7.8233e-05
8.7234e-05
9.6469e-05
0.00010465
0.00012092
0.00013404
0.00014614
0.00014149
0.00014936
0.00016672
0.00017885
0.00019119
0.00020146
0.00021649
0.00022688
0.00023457
0.00017047
0.00020323
0.00021118
0.00023755
0.000246
0.00028077
0.00027283
0.00028966
0.0002942
0.00029842
0.00021988
0.00023348
0.00025153
0.00026163
0.0003193
0.00033505
0.00033756
0.00035357
0.00036984
0.00034343
0.00033026
0.00037069
0.00023627
0.00028105
0.00026479
0.00026891
0.0002462
0.00038556
0.00036349
0.00041875
0.00042436
0.00043561
0.0004121
0.00034079
0.00035082
0.00035491
0.00032243
0.00033215
0.00033573
0.00033925
0.00033003
0.00032691
0.00036893
0.00033324
0.00034292
0.00038595
0.00038265
0.00036565
0.00037556
0.00035113
0.00035396
0.00037074
0.0003736
0.00036932
0.00040783
0.00040357
0.00030482
0.00030693
0.00030166
0.00042958
0.00045474
0.00052517
0.00040012
0.00044055
0.00046613
0.00046119
0.00036542
0.00035964
0.00037733
0.00039516
0.00039724
0.00074269
0.00074646
0.00069372
0.00071333
0.00070862
0.00072016
0.0007235
0.00077636
0.00078814
0.0005833
0.00056909
0.00056312
0.00058236
0.00059324
0.00058714
0.0005724
0.00068614
0.0006888
0.00069142
0.00056388
0.00055725
0.00037576
0.00038587
0.00037843
0.00032675
0.00031901
0.00055125
0.00058876
0.00084126
0.00081703
0.00081061
0.0008041
0.00090626
0.00090901
0.00051968
0.00057607
0.0006236
0.0005794
0.00058103
0.00069363
0.00069553
0.00067881
0.00068062
0.00068241
0.00073104
0.00074231
0.0007536
0.00084047
0.00084254
0.00085407
0.00085611
0.00080093
0.00057342
0.00052685
0.00050036
0.00050147
0.00050256
0.00048427
0.0004756
0.00046687
0.00022417
0.0002344
0.00022509
0.00022554
0.00022598
0.00022642
0.00022686
0.00022729
0.00021782
0.00019838
0.00019875
0.00019911
0.00019946
0.00020981
0.00020016
0.00019048
0.00020085
0.00021125
0.0002116
0.00023214
0.0002224
0.00022276
0.00022312
0.00022347
0.00022381
0.00021397
0.00021429
0.00018395
0.00018423
0.0001845
0.00020529
0.00020559
0.00019558
0.00018555
0.00018581
0.00016539
0.00015526
0.00015547
0.00015567
0.00016627
0.00015608
0.00014586
0.00016691
0.00018801
0.00017778
0.00021988
0.00023063
0.0002414
0.00028372
0.0003051
0.00030545
0.0003058
0.00030615
0.00030683
0.00030716
0.0003181
0.00030783
0.0002869
0.00027656
0.00025556
0.00029845
0.00034144
0.00029906
0.00029935
0.00051368
0.00052489
0.00067551
0.00066542
0.00067679
0.00067742
0.00061347
0.00060326
0.00061458
0.00074463
0.00068048
0.00069188
0.00067084
0.00068224
0.00068281
0.00070508
0.00067309
0.00028249
0.00028272
0.0003156
0.00030495
0.00032699
0.00034906
0.00036024
0.00034959
0.00044825
0.00044858
0.00089782
0.0008656
0.00086622
0.00083391
0.00083449
0.00080211
0.00068171
0.00067117
0.0007597
0.00066104
0.0006725
0.00067293
0.00056298
0.00064065
0.00089526
0.00089581
0.00090743
0.00090797
0.0010858
0.00085362
0.00086521
0.0008662
0.00083335
0.00084493
0.0008454
0.00085699
0.00085745
0.00084676
0.00050163
0.00037921
0.00039056
0.00036843
0.00030159
0.00029056
0.00032425
0.00033559
0.00034694
0.0003471
0.00035846
0.00038104
0.00038121
0.0003253
0.00029177
0.00031435
0.00032572
0.00033709
0.00033723
0.00033737
0.00034876
0.00033764
0.00034903
0.00036043
0.00037184
0.00039452
0.00039467
0.0004061
0.00041753
0.00073375
0.0007453
0.00039537
0.00040681
0.00038434
0.00038446
0.00035065
0.00035077
0.00033956
0.00033966
0.00027181
0.00028322
0.00028331
0.00028339
0.00026079
0.00027221
0.00027228
0.00027235
0.00028378
0.00034062
0.00036342
0.00036351
0.00035224
0.00036378
0.00036386
0.00036394
0.00038678
0.00038686
0.00037556
0.0006716
0.00067174
0.00066049
0.00064923
0.00034176
0.00034183
0.00034189
0.00034195
0.00033061
0.00031926
0.00031931
0.00031936
0.00031941
0.00031946
0.00031951
0.00038803
0.00038808
0.00037672
0.00081062
0.00077647
0.00070804
0.00073096
0.00075389
0.00084536
0.00065122
0.00067414
0.00052565
0.00053713
0.00056003
0.00064009
0.000663
0.00066305
0.00067453
0.00057167
0.00054884
0.00062891
0.00052602
0.00046887
0.00042315
0.00041172
0.00038887
0.00038888
0.00040033
0.0003889
0.00041178
0.00042322
0.00042323
0.00041179
0.00041179
0.00036604
0.0003546
0.00066343
0.0010523
0.0010752
0.0010751
0.0010751
0.0010522
0.0010521
0.0011436
0.0011435
0.0011435
0.0011434
0.0011433
0.0010518
0.0010517
0.0010402
0.0010287
0.0010401
0.0010285
0.00099417
0.00098265
0.00099398
0.00089106
0.00089097
0.0011421
0.001142
0.0011419
0.0011417
0.0011416
0.0011414
0.0011413
0.0011411
0.001141
0.0011408
0.0011406
0.0011404
0.0011403
0.0011401
0.0011399
0.00094593
0.00095716
0.00096838
0.0009682
0.00095662
0.00097921
0.00097901
0.00097881
0.00091033
0.00088738
0.00080757
0.00080739
0.00078447
0.00096615
0.00088638
0.00084072
0.00086323
0.00093115
0.00091956
0.00090798
0.00090774
0.00095287
0.00097529
0.00097475
0.00097447
0.00097419
0.00096257
0.00096228
0.0010073
0.00098432
0.0010179
0.0010063
0.0010173
0.0010283
0.0010505
0.001005
0.0010046
0.000993
0.0010039
0.0010148
0.0010032
0.0010141
0.00093488
0.0009683
0.00097919
0.00099006
0.00095593
0.00095555
0.00095516
0.00095477
0.00097683
0.00097642
0.00099844
0.0010317
0.0010088
0.00096352
0.00097429
0.00090669
0.00087271
0.0008723
0.00087189
0.00087148
0.00071472
0.00070321
0.00082558
0.00078057
0.00084704
0.00084661
0.00081277
0.00081235
0.00078968
0.00077814
0.00041108
0.00041086
0.00093224
0.00083189
0.00041017
0.00040993
0.00042077
0.00044266
0.00043133
0.00042002
0.00041951
0.00055165
0.00055131
0.00053994
0.00052859
0.00051724
0.00050591
0.00081331
0.00081277
0.00080125
0.00073489
0.00069055
0.00069007
0.00054729
0.00047033
0.00047
0.00050242
0.00055663
0.00067618
0.00045772
0.00050093
0.00048967
0.00063064
0.00066274
0.00072736
0.00074848
0.00073704
0.001083
0.0010821
0.0010812
0.0010803
0.0010794
0.0010785
0.0010775
0.0010766
0.0010756
0.0010747
0.0010737
0.0010727
0.0010718
0.0010708
0.0010698
0.0010687
0.00099298
0.00099201
0.00099104
0.00097942
0.00097844
0.00036123
0.00039271
0.00047712
0.00051899
0.00077238
0.00078213
0.00027451
0.00027421
0.00028444
0.00026308
0.00026278
0.00023072
0.00021998
0.00020926
0.00020901
0.00019833
0.00018766
0.00016661
0.000156
0.00014542
0.00018673
0.00019686
0.00018626
0.00018601
0.00019609
0.00019583
0.00022644
0.00023642
0.00023609
0.00024601
0.0002559
0.0002351
0.00023476
0.00019365
0.00020354
0.00020324
0.00020294
0.0001925
0.00018209
0.0001818
0.00020169
0.00017116
0.00017089
0.00017061
0.00018035
0.00017005
0.00016976
0.00011963
0.00011942
0.00012915
0.00015867
0.00017819
0.00019763
0.00022686
0.0002166
0.00024567
0.0002354
0.00021537
0.0002345
0.00022429
0.00021411
0.00022339
0.00023263
0.00022248
0.00023167
0.00025045
0.00025952
0.00023978
0.00024882
0.00024827
0.00024715
0.00025607
0.00025547
0.00027374
0.00028251
0.00030061
0.0002905
0.00029912
0.00027972
0.00036271
0.00037104
0.00059211
0.00060898
0.00058894
0.00048638
0.00050333
0.00048366
0.00050048
0.00050811
0.00053376
0.00053217
0.00044064
0.00070824
0.00070604
0.00071272
0.00062164
0.00061077
0.00087343
0.00081775
0.0007624
0.0007685
0.00083543
0.00082379
0.00081218
0.00081782
0.00077189
0.00077752
0.00064686
0.00062738
0.00061645
0.00084105
0.0008376
0.00083412
0.00083059
0.00082701
0.0008234
0.00081973
0.00081602
0.00081226
0.00080846
0.00080461
0.0008007
0.00050992
0.00047565
0.00039434
0.00036875
0.00036679
0.00033376
0.00027789
0.00029765
0.0003035
0.0003017
0.00035235
0.00063329
0.00062189
0.00064732
0.00064307
0.00063877
0.00048301
0.00035078
0.0003625
0.00035986
0.00062333
0.00061859
0.00051034
0.00053366
0.00051576
0.00050475
0.00064059
0.00062841
0.00062938
0.00062365
0.00045051
0.00049083
0.00058071
0.00057488
0.00056279
0.00056297
0.00056294
0.00055669
0.00055035
0.00058485
0.00057782
0.00057069
0.00049019
0.0004838
0.00048827
0.00048153
0.00047467
0.00046772
0.00051759
0.00050954
0.00026572
0.00039444
0.00028593
0.00041894
0.00042532
0.00041729
0.00043613
0.00042732
0.00043132
0.00042197
0.00021862
0.00020546
0.00020048
0.00019161
0.00019406
0.00018877
0.000178
0.00016256
0.00015733
0.00016755
0.00015866
0.00023066
0.00021344
0.00020479
0.00019862
0.00018973
9.5026e-05
9.2503e-05
8.7646e-05
8.2778e-05
0.00010017
7.4785e-05
0.00010068
0.00011319
6.9772e-05
6.5435e-05
6.6823e-05
7.2332e-05
5.3626e-05
4.6998e-05
4.5295e-05
3.8905e-05
3.923e-05
3.3805e-05
2.8219e-05
1.9457e-05
1.6331e-05
1.0429e-05
1.12e-05
8.1718e-06
5.7386e-06
4.6962e-06
2.7452e-06
1.396e-06
6.9755e-07
2.6292e-07
7.447e-08
1.3684e-08
1.2469e-09
3.253e-11
6.4568e-14
9.5992e-20
5.042e-39
0
0
0
0
0
0
0
0
0
0
0
0
0
0
0
0
0
0
0
0
0
0
0
0
0
0
0
0
0
0
0
0
0
0
0
0
0
0
0
0
0
0
0
0
0
0
0
0
0
0
0
0
0
0
0
0
0
0
0
0
0
0
0
0
0
0
0
0
0
0
0
0
0
0
0
0
0
0
0
0
0
0
0
0
0
0
0
0
0
0
0
0
0
0
0
0
0
0
0
0
0
0
0
0
0
0
0
0
0
0
0
0
0
0
0
0
0
0
0
0
0
0
0
0
0
0
0
0
0
0
0
0
0
0
0
0
0
0
0
0
0
0
0
0
0
0
0
0
0
0
0
0
0
0
0
0
0
0
0
0
0
0
0
0
0
0
0
0
0
0
0
0
0
0
0
0
0
0
0
0
0
0
0
0
0
0
0
0
0
0
0
0
0
0
0
0
0
0
0
0
0
0
0
0
0
0
0
0
0
0
0
0
0
0
0
0
0
0
0
0
0
0
0
0
0
0
0
0
0
0
0
0
0
0
0
0
0
0
0
0
0
0
0
0
0
0
0
0
0
0
0
0
0
0
0
0
0
0
0
0
0
0
0
0
0
0
0
0
0
0
0
0
