0.17866666666666667
0.34073333333333333
0.6637333333333333
1.1559333333333333
0.23420000000000005
0.072
0.072
0.072
0.19300000000000003
0.09620000000000001
0.072
0.072
0.072
0.23226666666666668
0.33853333333333324
0.072
0.072
0.08813333333333333
0.3849999999999999
0.1696666666666667
0.072
0.072
0.2698
0.2882000000000001
0.0848
0.072
0.072
0.16160000000000002
0.2640000000000001
0.13653333333333337
0.1526666666666667
0.35133333333333333
0.5964666666666666
0.8105999999999999
0.7732666666666665
0.8240666666666668
0.9744
2.8246000000000007
1.8850000000000005
1.2586000000000002
0.5895333333333332
0.5337999999999999
0.5286000000000001
2.3487333333333336
1.4547999999999999
1.6562666666666668
1.4723333333333337
3.6581333333333332
3.538733333333333
1.4720000000000004
0.7584666666666668
0.5214666666666666
0.9988
0.6997333333333333
0.40566666666666656
0.7034666666666668
0.33713333333333334
0.5281333333333332
0.2208666666666667
0.072
0.072
0.11199999999999997
0.3571333333333334
0.39000000000000007
0.6706666666666669
0.5901999999999998
2.572666666666667
1.3769999999999998
0.7724666666666665
2.3234
2.5588
1.794466666666667
2.0732666666666666
1.2892666666666666
0.897
0.9611333333333331
0.7779333333333335
0.7864000000000002
1.1501999999999997
1.2780666666666667
1.4063333333333332
1.2653999999999996
1.2147999999999999
1.3816666666666664
1.4075999999999997
1.4836666666666665
1.2102
0.8460666666666669
0.7846666666666665
0.8382666666666668
1.0553333333333332
1.0661999999999998
1.2623999999999997
1.1182666666666667
0.17440000000000003
0.06466666666666669
