0.056666666666666685
0.05200000000000002
0.057333333333333354
0.06200000000000003
0.06200000000000003
0.06200000000000003
0.09620000000000002
0.23300000000000007
0.10760000000000004
0.06200000000000003
0.06200000000000003
0.06200000000000003
0.19880000000000003
0.176
0.06200000000000003
0.06200000000000003
0.06200000000000003
0.19880000000000003
0.176
0.06200000000000003
0.06200000000000003
0.07340000000000003
0.23300000000000007
0.13040000000000004
0.06200000000000003
0.06200000000000003
0.4298000000000001
2.277133333333333
2.6338666666666666
1.3173333333333332
0.9006
0.6519333333333333
0.8421999999999998
0.6853333333333331
0.469
0.4700000000000001
0.6036666666666668
0.6336666666666665
0.3118000000000001
0.34199999999999997
0.276
0.5808666666666666
0.23973333333333338
0.3164666666666667
0.3780000000000001
0.7255999999999998
0.7352666666666667
0.5949333333333334
0.3933333333333334
0.06200000000000003
0.06200000000000003
0.21020000000000005
0.16459999999999997
0.06200000000000003
0.06200000000000003
0.10760000000000002
0.23300000000000007
0.09620000000000005
0.06200000000000003
0.06200000000000003
0.11900000000000002
0.23300000000000007
0.08480000000000004
0.06200000000000003
0.24566666666666667
2.2231333333333336
0.38480000000000003
0.822
0.6526666666666666
0.36633333333333334
1.5642000000000003
1.7446666666666668
0.8368
0.6809999999999999
0.8129333333333335
0.9355333333333334
0.7323333333333333
0.8133333333333336
1.2158666666666667
2.0160000000000005
1.1745999999999994
0.4940000000000001
0.5319999999999999
0.4829999999999998
1.4178000000000002
2.2743333333333338
0.712
0.5820000000000001
0.5600000000000002
0.6159999999999999
1.2953333333333332
0.833066666666667
0.5128
0.4096666666666666
0.2539999999999999
0.18740000000000004
