0.17140000000000002
0.3884
0.3506666666666668
0.13566666666666669
0.26100000000000007
0.09806666666666662
0.07299999999999998
0.07299999999999998
0.07299999999999998
0.07299999999999998
0.16073333333333337
0.26100000000000007
0.07299999999999998
0.07299999999999998
0.07299999999999998
0.09806666666666665
0.26100000000000007
0.13566666666666666
0.07299999999999998
0.07299999999999998
0.07299999999999998
0.09806666666666665
0.26100000000000007
0.13566666666666666
0.07299999999999998
0.07299999999999998
0.07299999999999998
0.121
0.2587333333333333
2.5294000000000003
1.8534
2.2590666666666666
0.5734666666666667
0.8092666666666666
3.340666666666666
1.2715999999999996
1.5699999999999998
3.1532666666666676
0.8625333333333334
0.9129333333333336
0.6383333333333334
0.8111333333333336
0.5173333333333334
0.4180000000000001
0.40840000000000004
0.43906666666666666
0.7102666666666667
0.48280000000000006
0.7495999999999998
0.8612000000000001
0.48913333333333336
0.7665333333333333
3.5304000000000006
0.8586666666666666
0.5536666666666666
0.7424666666666667
0.07299999999999998
0.22340000000000007
0.19833333333333336
0.07299999999999998
0.07299999999999998
0.09806666666666665
0.26100000000000007
0.13566666666666666
0.07299999999999998
0.07299999999999998
0.15799999999999997
0.5151333333333334
0.5287333333333334
0.6354000000000001
0.6912666666666667
0.4949333333333334
0.7161333333333333
0.7930666666666665
0.5132
0.5367999999999999
0.8272666666666667
0.9473333333333331
3.8740666666666668
3.1832666666666674
2.944666666666667
0.9671333333333332
1.0566000000000002
1.0021333333333335
0.9336666666666668
0.8996666666666668
0.9263333333333335
1.0807333333333335
1.4995999999999998
1.0543333333333333
0.9585333333333333
0.35600000000000026
0.1732666666666667
0.24846666666666675
0.07299999999999998
0.06433333333333331
