0.06866666666666667
0.07533333333333335
0.2653333333333334
0.15200000000000005
0.072
0.072
0.072
0.11199999999999997
0.27200000000000013
0.12533333333333338
0.072
0.072
0.21866666666666673
0.21866666666666673
0.072
0.072
0.072
0.072
0.072
0.13866666666666666
0.27200000000000013
0.09866666666666668
0.072
0.072
0.15200000000000002
0.27200000000000013
0.09266666666666665
0.16493333333333335
0.28319999999999995
0.3470666666666666
0.35466666666666663
0.33013333333333333
0.09480000000000002
0.09600000000000002
0.10133333333333333
0.26933333333333326
0.2045333333333333
0.07933333333333333
0.072
0.072
0.27200000000000013
0.16533333333333336
0.072
0.072
0.072
0.072
0.2053333333333334
0.2320000000000001
0.072
0.072
0.072
0.15200000000000002
0.2833333333333333
0.6254666666666667
0.242
0.22999999999999998
0.16199999999999995
0.21533333333333332
0.23799999999999996
0.09666666666666668
0.1873333333333333
0.25133333333333335
0.3793333333333333
0.5566
0.46166666666666656
0.527
2.0827999999999998
4.001933333333333
3.2959999999999994
1.7499333333333333
0.9231999999999999
2.5407333333333333
0.8077333333333335
0.8086000000000001
0.5728000000000001
0.4438666666666668
1.2222000000000002
2.0993999999999997
1.73
1.1142666666666665
0.44
0.9888666666666667
1.6623333333333339
1.8207333333333335
1.7244666666666668
1.0401333333333331
0.46806666666666674
0.5054000000000001
0.6758000000000001
0.37566666666666676
0.072
0.072
0.072
0.24533333333333343
0.19200000000000006
0.072
