0.075
0.075
0.069
0.065
0.065
0.065
0.065
0.065
0.07100000000000001
0.075
0.283
0.283
0.283
0.283
0.15819999999999995
0.075
0.075
0.075
0.075
0.075
0.075
0.075
0.075
0.24139999999999998
0.283
0.283
0.283
0.19979999999999998
0.075
0.075
0.075
0.075
0.075
0.075
0.075
0.075
0.075
0.075
0.1166
0.283
0.283
0.283
0.283
0.1166
0.075
0.075
0.075
0.075
0.075
0.075
0.075
0.075
0.075
0.075
0.22599999999999998
0.40040000000000003
0.502
0.522
0.522
0.6477999999999999
0.543
0.519
0.543
0.583
0.583
0.583
0.543
1.5670000000000002
0.6222
0.727
0.711
0.622
6.465999999999999
0.414
0.49399999999999994
0.5499999999999999
0.526
2.566
3.064
2.952
3.04
3.019
2.099
0.549
1.5699999999999998
0.5864
0.597
0.593
0.657
0.617
0.6912
0.765
0.765
0.765
0.725
0.43899999999999995
0.479
0.41659999999999997
0.075
0.075
0.075
0.075
0.075
0.075
0.075
0.075
0.075
0.075
0.075
0.15819999999999998
0.283
0.283
0.422
0.422
0.21400000000000002
0.21400000000000002
0.3588
0.35879999999999995
0.21400000000000002
0.21400000000000002
0.21400000000000002
0.21400000000000002
0.2218
0.891
0.5589999999999999
0.227
0.227
0.227
0.086
0.16920000000000002
0.294
0.3198
0.42299999999999993
0.42299999999999993
0.2072
0.866
0.8747999999999999
0.543
0.5082
0.504
0.45600000000000007
0.45600000000000007
0.45600000000000007
0.45600000000000007
0.45600000000000007
0.45600000000000007
0.45600000000000007
0.45600000000000007
0.6224000000000001
0.664
0.6587999999999999
0.7398
0.7078000000000001
0.603
0.683
0.683
0.715
0.723
0.723
0.723
0.723
0.723
0.7188
0.8019999999999999
0.8019999999999999
0.702
0.7088
0.525
0.525
0.525
0.509
0.485
0.485
0.485
0.49660000000000004
0.514
0.643
0.651
0.683
0.5706
0.583
0.615
0.283
0.283
0.075
0.075
0.075
0.075
0.2654
0.404
0.5640000000000001
1.6
0.556
0.7472000000000001
0.9683999999999999
2.5398000000000005
3.0506
3.063
3.063
3.083
1.9926000000000001
0.6392
0.5842
0.556
0.6809999999999999
0.6101999999999999
0.483
0.483
0.483
0.45919999999999994
0.5647999999999999
0.534
0.582
1.254
0.858
0.6317999999999999
0.779
0.8724000000000001
0.8870000000000001
0.8573999999999999
0.691
2.2966
0.6832
1.366
1.05
0.738
0.6299999999999999
0.598
0.598
0.782
0.766
0.766
0.6769999999999999
0.5032
0.422
0.414
0.53
0.549
0.6546
1.6884000000000001
0.704
1.688
3.2350000000000003
3.3289999999999997
3.557
3.6189999999999998
3.5482
1.27
2.1092
2.058
2.008
2.008
2.036
1.7892
0.8012
0.787
0.8109999999999999
0.8710000000000001
0.743
0.747
0.9134
0.959
0.8550000000000001
0.9030000000000001
0.7958000000000001
0.6888000000000001
0.729
0.8089999999999998
0.8231999999999999
0.7638
0.651
0.7948000000000001
0.8516000000000001
0.9206
1.429
1.1418000000000001
0.8058
0.8193999999999999
0.283
0.283
0.283
0.19979999999999998
0.075
0.075
0.075
0.075
0.075
0.075
