0.0966
0.1762
0.215
0.19459999999999997
1.5652
3.661
3.5585999999999998
3.7399999999999998
2.4828
0.534
0.5996
0.6738
0.663
0.699
0.699
0.6444000000000001
0.43479999999999996
0.492
0.07
0.07
0.07
0.07
0.07
0.07
0.07
0.07
0.23160000000000003
0.272
0.272
0.272
0.19120000000000004
0.07
0.07
0.07
0.07
0.07
0.07
0.07
0.07
0.07
0.07
0.07
0.07
0.07
0.07
0.1912
0.272
0.272
0.272
0.23160000000000003
0.07
0.07
0.07
0.07
0.07
0.07
0.07
0.07
0.07
0.23160000000000003
0.272
0.272
0.272
0.19120000000000004
0.07
0.07
0.07
0.07
0.07
0.07
0.07
0.07
0.07
0.07
0.07
0.1508
0.272
0.272
0.272
0.272
0.07
0.07
0.07
0.07
0.07
0.07
0.07
0.07
0.7862
1.2678
0.48500000000000004
0.5234
0.7650000000000001
1.6114000000000002
1.2114
0.8741999999999999
0.8644000000000001
0.768
0.891
1.5466000000000002
4.0054
4.024000000000001
4.071
3.3806
0.8560000000000001
0.8392
4.302
4.29
4.217599999999999
4.24
0.8908000000000001
0.7898
2.7518000000000002
4.0512
4.073
6.008000000000001
4.047200000000001
2.7120000000000006
2.688
1.1016
0.6077999999999999
0.6077999999999999
0.582
0.784
0.784
0.784
1.9869999999999997
0.6388
2.8559999999999994
2.8214000000000006
2.809
1.0097999999999998
0.5534000000000001
1.1676
3.8367999999999993
3.7923999999999998
3.7494
2.9722000000000004
0.505
0.5638
0.9687999999999999
2.9386
4.340199999999999
4.656
4.656
5.8902
3.4661999999999997
2.673
4.1454
6.325799999999999
5.960000000000001
5.978
5.3284
0.7087999999999999
1.5542
1.6350000000000002
0.344
0.344
1.5046
1.4138
1.359
1.4574
1.392
1.392
0.21280000000000002
0.142
0.1774
0.5734
0.18340000000000006
0.07
0.11040000000000001
0.272
0.272
0.272
0.272
0.11040000000000001
0.07
0.07
0.07
0.07
0.07
0.07
0.07
0.07
0.1912
0.272
0.272
0.272
0.23160000000000003
0.07
0.07
0.07
0.07
0.07
0.07
0.07
1.28
1.3279999999999998
1.6384
0.9613999999999999
0.441
0.43100000000000005
0.49399999999999994
0.5486
0.7004
0.9676
2.2918000000000003
3.4223999999999997
3.786
3.0031999999999996
2.1048
0.9728
1.02
0.954
1.1884000000000001
1.4464
0.95
0.85
0.8698
0.9234
1.105
1.1194000000000002
1.2172000000000003
1.2992000000000001
2.2565999999999997
1.7252000000000003
4.307
4.298
4.3988
3.7263999999999995
2.291
2.6792000000000002
2.3861999999999997
2.1553999999999993
2.1498
2.0759999999999996
0.851
0.9956000000000002
0.9174000000000001
0.8912000000000001
0.9410000000000001
0.9662000000000001
0.61
0.6068
0.666
0.634
0.726
0.6666
0.49000000000000005
0.63
0.7929999999999999
0.869
0.9738
1.5044
1.198
1.1734
1.0768
0.8783999999999998
0.8559999999999999
0.9339999999999999
0.9339999999999999
0.874
0.8960000000000001
0.9640000000000001
0.9640000000000001
0.9040000000000001
2.0982
0.8640000000000001
0.8640000000000001
0.9120000000000001
0.8879999999999999
0.9176
1.2399999999999998
1.1248
1.168
1.192
0.9486000000000001
0.891
0.881
0.881
0.781
0.781
0.781
0.907
0.9709999999999999
0.8936
0.9228
1.0219999999999998
