0.069
0.065
0.059
0.059
0.059
0.059
0.11699999999999999
0.20800000000000002
0.21400000000000002
0.21400000000000002
0.156
0.10200000000000001
0.23400000000000004
0.23400000000000004
0.23400000000000004
0.23400000000000004
0.10200000000000001
0.069
0.069
0.069
0.21400000000000002
0.21400000000000002
0.21400000000000002
0.21400000000000002
0.069
0.069
0.135
0.23400000000000004
0.23400000000000004
0.23400000000000004
0.23400000000000004
0.069
0.069
0.069
0.069
0.21400000000000002
0.21400000000000002
0.21400000000000002
0.21400000000000002
0.069
0.069
0.23400000000000004
0.23400000000000004
0.23400000000000004
0.23400000000000004
0.135
0.069
0.069
0.069
0.069
0.21400000000000002
0.21400000000000002
0.21400000000000002
0.21400000000000002
0.069
0.069
0.201
0.23400000000000004
0.23400000000000004
0.23400000000000004
0.168
0.069
0.069
0.069
0.069
0.069
0.069
0.069
0.069
0.069
0.069
0.069
0.069
0.15599999999999997
0.21400000000000002
0.21400000000000002
0.24699999999999997
0.292
0.23400000000000004
0.23400000000000004
0.23400000000000004
0.10200000000000001
0.069
0.069
0.069
0.069
0.069
0.185
0.21400000000000002
0.21400000000000002
0.21400000000000002
0.098
0.069
0.069
0.069
0.16799999999999998
0.23400000000000004
0.23400000000000004
0.23400000000000004
0.201
0.069
0.069
0.069
0.069
0.069
0.069
0.069
0.069
0.21400000000000002
0.21400000000000002
0.379
0.379
0.23400000000000004
0.23400000000000004
0.135
0.069
0.069
0.069
0.069
0.069
0.069
0.069
0.069
0.069
0.21400000000000002
0.21400000000000002
0.21400000000000002
0.21400000000000002
0.069
0.23400000000000004
0.23400000000000004
0.23400000000000004
0.23400000000000004
0.135
0.069
0.069
0.069
0.069
0.127
0.21400000000000002
0.21200000000000002
0.21200000000000002
0.154
0.067
0.18480000000000002
0.33540000000000003
0.349
0.349
0.28700000000000003
0.19899999999999998
0.263
0.263
0.22700000000000004
0.21500000000000002
0.21500000000000002
0.203
0.069
0.135
0.23400000000000004
0.23400000000000004
0.23400000000000004
0.23400000000000004
0.069
0.069
0.069
0.069
0.069
0.069
0.069
0.069
0.069
0.069
0.069
0.23400000000000004
0.23400000000000004
0.23400000000000004
0.23400000000000004
0.135
0.069
0.069
0.069
0.069
0.127
0.21400000000000002
0.21400000000000002
0.21400000000000002
0.156
0.069
0.069
0.10200000000000001
0.23400000000000004
0.23400000000000004
0.23400000000000004
0.23400000000000004
0.10200000000000001
0.069
0.069
0.069
0.14700000000000002
0.2646
0.275
0.24539999999999998
0.29619999999999996
0.225
0.3
0.24300000000000002
0.27699999999999997
0.513
0.529
0.578
0.6859999999999999
0.73
1.1179999999999999
1.258
1.1949999999999998
1.25
1.3519999999999999
1.481
1.432
1.296
1.3320000000000003
1.3039999999999998
1.3774000000000002
1.4590000000000003
1.403
1.0290000000000001
1.0
0.984
1.2558
1.085
1.03
0.9419999999999998
0.8834
0.898
0.842
0.818
0.812
0.7577999999999999
0.691
0.775
1.1309999999999998
1.4136000000000002
1.3989999999999998
1.463
1.5026
1.248
1.244
1.223
1.8896000000000002
1.5557999999999996
1.134
1.236
2.8004
3.472
3.3968
3.4825999999999993
3.3914
3.261
4.356
3.184
3.1439999999999997
3.247
3.2329999999999997
3.2689999999999997
1.9156000000000002
0.974
0.916
1.129
1.097
0.914
0.794
0.626
0.069
0.069
0.069
0.069
0.2286
0.43899999999999995
0.472
0.561
0.6449999999999999
0.6300000000000001
1.8164000000000002
0.394
0.069
0.069
0.069
0.069
