0.05600000000000001
0.05600000000000001
0.05600000000000001
0.05600000000000001
0.05600000000000001
0.06000000000000001
0.066
0.066
0.0874
0.173
0.173
0.173
0.10880000000000001
0.066
0.066
0.066
0.066
0.066
0.066
0.066
0.066
0.066
0.066
0.066
0.066
0.066
0.066
0.066
0.066
0.1516
0.173
0.173
0.1516
0.066
0.066
0.066
0.066
0.066
0.066
0.066
0.066
0.066
0.066
0.066
0.066
0.066
0.066
0.10880000000000001
0.173
0.173
0.173
0.0874
0.066
0.066
0.066
0.066
0.066
0.066
0.0874
0.173
0.173
0.173
0.10880000000000001
0.066
0.066
0.066
0.066
0.066
0.066
0.066
0.066
0.066
0.066
0.066
0.066
0.066
0.066
0.066
0.066
0.066
0.066
0.066
0.066
0.066
0.066
0.066
0.064
0.07780000000000001
0.1572
0.31799999999999995
0.358
0.362
3.556
1.984
0.515
0.7102
0.636
0.46900000000000003
0.3584
0.42400000000000004
0.42400000000000004
0.512
0.518
0.511
0.4788
0.519
0.173
0.1516
0.066
0.066
0.24699999999999997
0.24699999999999997
0.24699999999999997
0.24420000000000003
0.233
0.233
0.233
0.233
0.233
0.233
0.233
0.205
0.066
0.066
0.066
0.10880000000000001
0.173
0.173
0.173
0.0874
0.066
0.066
0.066
0.066
0.066
0.066
0.198
0.198
0.198
0.198
0.198
0.198
0.198
0.2408
0.3338
0.377
1.9633999999999996
2.2744
2.253
2.253
1.0701999999999998
0.305
0.305
0.34059999999999996
0.354
0.354
0.3968
0.461
0.461
0.461
0.37540000000000007
0.354
0.354
0.4248
0.138
0.2088
0.138
0.138
0.273
0.24500000000000002
0.2804
0.6763999999999999
2.1786
2.565
2.565
2.565
2.565
2.565
2.565
2.565
2.565
2.565
2.565
2.565
0.5657999999999999
0.066
0.1302
0.173
0.173
0.173
0.066
0.066
0.066
0.066
0.066
0.066
0.066
0.066
0.066
0.1302
0.173
0.173
0.173
0.066
0.066
0.066
0.066
0.066
0.066
0.066
0.066
0.1302
0.173
0.173
0.173
0.066
0.29
0.341
0.38
0.32480000000000003
0.066
0.066
0.066
0.1302
0.2278
0.29200000000000004
0.3156
0.24100000000000002
0.066
0.066
0.066
0.066
0.066
0.066
0.0874
0.173
0.185
0.22199999999999998
0.2068
0.164
0.244
0.20400000000000001
0.20400000000000001
0.22160000000000002
0.275
0.382
0.321
0.321
0.369
0.46840000000000004
0.488
0.8854
1.2733999999999999
0.371
0.4109999999999999
0.4706
0.5602
0.644
0.6487999999999999
0.6839999999999999
0.5454000000000001
0.6634
0.662
0.8454
0.8211999999999999
0.7062000000000002
0.6407999999999999
0.9708000000000002
1.4068
0.53
0.446
0.505
0.585
0.6970000000000001
0.581
0.5197999999999999
0.4948
0.519
0.484
0.499
0.43660000000000004
0.42800000000000005
0.32
0.44400000000000006
0.41159999999999997
0.377
0.377
0.373
