0.067
0.063
0.063
0.063
0.063
0.063
0.135
0.183
0.183
0.183
0.11699999999999999
0.073
0.073
0.073
0.073
0.073
0.073
0.073
0.073
0.073
0.073
0.073
0.073
0.36100000000000004
0.383
0.383
0.383
0.175
0.073
0.073
0.073
0.073
0.073
0.073
0.073
0.073
0.233
0.273
0.273
0.273
0.215
0.183
0.183
0.183
0.16699999999999998
0.20739999999999997
0.073
0.073
0.073
0.073
0.073
0.073
0.073
0.073
0.073
0.073
0.095
0.183
0.183
0.223
0.36100000000000004
0.273
0.273
0.273
0.11300000000000002
0.073
0.073
0.073
0.073
0.073
0.073
0.073
0.073
0.073
0.073
0.073
0.073
0.073
0.193
0.273
0.339
0.383
0.343
0.183
0.11699999999999999
0.073
0.073
0.073
0.073
0.073
0.073
0.073
0.073
0.343
0.383
0.383
0.383
0.193
0.073
0.073
0.073
0.073
0.073
0.073
0.073
0.073
0.073
0.263
0.514
0.538
0.5860000000000001
0.404
0.192
0.192
0.192
0.2
0.23200000000000004
0.2896
0.7006
2.8890000000000002
4.694999999999999
2.2642
4.187
1.8375999999999997
0.684
1.866
2.3400000000000003
0.37400000000000005
0.334
3.2936
0.3088000000000001
0.334
0.7862
1.2384
0.334
0.4112
0.35
0.35
0.3558
1.0158
2.9753999999999996
0.9833999999999999
0.752
0.6858000000000001
4.5022
0.908
3.404
0.38760000000000006
0.378
0.356
1.1724
1.9722000000000002
2.1339999999999995
0.3258
0.317
0.317
0.317
0.9189999999999999
2.725
0.35
0.55
0.502
0.512
0.4991999999999999
2.7619999999999996
0.876
0.252
1.4256
0.073
0.073
0.073
0.073
0.073
0.073
0.11299999999999999
0.36100000000000004
0.383
0.383
0.383
0.13499999999999998
0.073
0.073
0.073
0.073
0.073
0.073
0.073
0.16099999999999998
0.183
0.263
3.2776000000000005
1.4609999999999999
1.407
1.5694
1.481
1.2937999999999998
0.39720000000000005
0.21939999999999998
0.27880000000000005
0.47800000000000004
2.4406
2.5070000000000006
2.5154
2.629
1.0806
2.0566
0.504
0.5309999999999999
0.7010000000000001
2.6350000000000002
2.619
3.2588
1.0104000000000002
2.4151999999999996
1.2470000000000003
0.784
0.6474
0.6354
1.4300000000000002
0.913
0.29960000000000003
0.8719999999999999
2.7487999999999997
0.27
0.6178
1.1164
0.6040000000000001
0.758
0.9
2.817
2.251
1.0554000000000001
0.7514
2.0888
2.553
0.7998000000000001
0.8593999999999999
0.906
0.8779999999999999
1.0057999999999998
1.722
3.6694000000000004
1.1232
1.098
1.5859999999999999
0.966
0.767
0.8038000000000001
0.7074
0.597
0.5169999999999999
0.5518000000000001
0.565
0.6594
0.799
0.8198000000000001
0.968
1.084
1.092
1.056
0.99
0.8019999999999999
3.29
3.1452
1.905
0.6944
0.6799999999999999
0.6646
3.809
0.8748000000000001
1.031
1.2069999999999999
1.219
1.0642
1.013
0.885
0.639
0.687
0.687
6.353399999999999
0.073
0.073
0.073
0.073
0.073
0.11699999999999999
0.223
0.383
