0.058399999999999994
0.13340000000000002
0.259
0.219
0.209
0.233
0.065
0.065
0.065
0.065
0.065
0.065
0.065
0.065
0.16099999999999998
0.185
0.185
0.16099999999999998
0.065
0.065
0.065
0.065
0.23400000000000004
0.23400000000000004
0.23400000000000004
0.258
0.25260000000000005
0.185
0.185
0.11299999999999999
0.065
0.065
0.065
0.065
0.065
0.1664
0.23400000000000004
0.354
0.354
0.3202
0.13699999999999996
0.065
0.065
0.065
0.065
0.065
0.065
0.065
0.065
0.065
0.065
0.065
0.065
0.137
0.2526
0.354
0.354
0.23400000000000004
0.23400000000000004
0.065
0.065
0.065
0.065
0.065
0.065
0.065
0.065
0.0988
0.28200000000000003
0.354
0.354
0.354
0.12279999999999998
0.065
0.15
0.16199999999999998
0.21000000000000002
0.22199999999999998
0.39060000000000006
0.5349999999999999
0.541
0.40680000000000005
0.4464
0.642
0.732
0.792
0.7342000000000001
5.9664
0.603
0.619
0.655
0.591
0.499
0.46699999999999997
0.507
0.587
0.631
0.7325999999999999
0.7958000000000001
0.783
0.787
1.2358
0.694
0.7323999999999999
0.718
0.71
0.065
0.065
0.065
0.065
0.065
0.065
0.065
0.20020000000000002
0.23400000000000004
0.23400000000000004
0.23400000000000004
0.16640000000000002
0.065
0.065
0.07
0.07
0.07
0.07
0.07
0.07
0.5054000000000001
0.9477999999999998
0.065
0.065
0.1664
0.23400000000000004
0.23400000000000004
0.23400000000000004
0.20020000000000002
0.16099999999999998
0.185
0.185
0.16099999999999998
0.065
0.065
0.065
0.065
0.065
0.5616000000000001
0.063
0.1644
0.23200000000000004
0.23200000000000004
0.256
0.3182
0.183
0.183
0.11099999999999999
0.063
0.063
0.063
0.063
0.063
0.063
0.063
0.23200000000000004
0.2334
0.23899999999999996
0.23899999999999996
0.16160000000000002
0.19
0.19180000000000003
0.199
0.18280000000000002
0.5386
2.125
3.4522
2.125
2.2602
0.3318
1.205
2.5027999999999997
2.4324
2.0469999999999997
1.2227999999999999
0.6920000000000001
0.2664
0.296
0.27999999999999997
0.3356
0.377
0.43979999999999997
0.365
0.41580000000000006
0.5357999999999999
0.37679999999999997
0.4084
0.46440000000000003
0.46180000000000004
0.6958
0.9195999999999998
0.4957999999999999
0.45499999999999996
0.30379999999999996
0.30079999999999996
0.299
0.263
0.42000000000000004
0.33280000000000004
0.4579999999999999
0.34040000000000004
0.354
0.34600000000000003
0.217
0.277
0.3146
0.32499999999999996
0.40259999999999996
0.556
0.584
0.5912
0.623
0.466
0.488
0.5966
1.0992000000000002
2.7007999999999996
2.6784000000000003
2.684
0.652
0.8078
0.991
0.791
0.741
0.701
0.5658000000000001
0.532
0.6440000000000001
0.692
0.6672
1.5218
0.9914
0.561
0.5506000000000001
0.7048
0.732
0.7844
1.6288
1.049
0.635
0.659
0.655
0.675
0.543
0.5294000000000001
0.472
0.48
0.472
0.065
0.065
0.065
0.1326
0.23400000000000004
0.32999999999999996
0.354
0.354
0.16099999999999998
0.065
0.065
0.065
0.065
0.065
0.065
0.065
0.065
0.065
0.065
0.065
0.065
0.23400000000000004
0.23400000000000004
0.23400000000000004
0.30600000000000005
0.25260000000000005
0.185
0.185
0.065
0.065
0.065
0.065
0.065
0.065
