0.051000000000000004
0.051000000000000004
0.051000000000000004
0.045
0.041
0.041
0.051000000000000004
0.051000000000000004
0.051000000000000004
0.051000000000000004
0.1958
0.23200000000000004
0.23200000000000004
0.23200000000000004
0.15960000000000002
0.051000000000000004
0.051000000000000004
0.051000000000000004
0.051000000000000004
0.051000000000000004
0.051000000000000004
0.051000000000000004
0.051000000000000004
0.051000000000000004
0.051000000000000004
0.051000000000000004
0.051000000000000004
0.0872
0.23200000000000004
0.23200000000000004
0.23200000000000004
0.23200000000000004
0.0872
0.051000000000000004
0.051000000000000004
0.051000000000000004
0.051000000000000004
0.051000000000000004
0.051000000000000004
0.051000000000000004
0.051000000000000004
0.051000000000000004
0.051000000000000004
0.051000000000000004
0.051000000000000004
0.15960000000000002
0.23200000000000004
0.23200000000000004
0.23200000000000004
0.19580000000000003
0.051000000000000004
0.051000000000000004
0.051000000000000004
0.051000000000000004
0.051000000000000004
0.051000000000000004
0.051000000000000004
0.051000000000000004
0.051000000000000004
0.051000000000000004
0.15960000000000002
0.23200000000000004
0.23200000000000004
0.23200000000000004
0.19580000000000003
0.051000000000000004
0.051000000000000004
0.051000000000000004
0.051000000000000004
0.051000000000000004
0.051000000000000004
0.051000000000000004
0.051000000000000004
0.051000000000000004
0.15960000000000002
0.23200000000000004
0.23200000000000004
0.23200000000000004
0.19580000000000003
0.051000000000000004
0.051000000000000004
0.051000000000000004
0.051000000000000004
0.051000000000000004
0.065
0.069
0.078
3.7352000000000003
1.9015999999999995
0.1276
0.22760000000000002
0.266
0.266
0.276
0.338
0.367
0.4042
0.462
0.40499999999999997
1.7353999999999998
0.421
0.4166
0.31120000000000003
0.383
0.363
0.387
0.3742
0.377
0.44499999999999995
0.45359999999999995
0.40099999999999997
0.377
0.377
0.377
0.48339999999999994
0.51
0.5568
0.627
0.6882
0.77
0.654
0.654
1.7382000000000002
2.28
2.1268
2.163
1.1256
0.48579999999999995
0.505
0.505
0.505
0.505
0.4784
0.372
0.372
1.6824
0.312
0.30419999999999997
0.438
0.3912
0.321
0.321
0.1506
0.10800000000000001
0.7289999999999999
0.10800000000000001
0.068
0.0508
0.049
0.049
0.049
0.049
0.049
0.049
0.2258
0.27
0.27
0.262
0.15760000000000002
0.9385999999999999
0.49379999999999996
0.049
0.049
0.12560000000000002
0.198
0.198
0.12840000000000001
0.121
0.40939999999999993
0.42399999999999993
0.41200000000000003
0.41200000000000003
0.3034
1.0106000000000002
0.5658000000000001
0.121
0.1266
0.1368
0.1248
0.11200000000000002
0.21200000000000002
0.1066
0.0872
0.23200000000000004
0.23200000000000004
0.23200000000000004
0.23200000000000004
0.0872
0.051000000000000004
0.051000000000000004
0.051000000000000004
0.051000000000000004
0.093
0.11499999999999999
0.1162
0.196
0.123
0.123
0.0828
0.11839999999999999
0.36960000000000004
0.523
2.522
2.564
2.6642
2.654
1.0395999999999999
0.627
0.615
0.599
0.5218
0.45899999999999996
0.6796
0.717
0.608
0.616
0.636
0.516
0.5514
1.8858000000000001
0.516
0.5868
0.54
0.6
0.6468
0.588
0.6628000000000001
1.2235999999999998
3.3427999999999995
3.429
3.429
3.3568
3.2548000000000004
3.2706000000000004
3.3289999999999997
3.281
3.229
3.2954
3.3045999999999998
3.2642
0.7514000000000001
0.725
0.7684
0.8008
0.8320000000000001
0.8356
0.633
0.7486
0.7929999999999999
0.7598
0.6910000000000001
0.7782
0.8150000000000001
0.6977999999999999
0.8240000000000001
0.796
0.8280000000000001
0.8577999999999999
0.9872
1.192
1.2319999999999998
1.1738
1.2206
1.0231999999999999
0.8949999999999999
0.8469999999999999
0.8030000000000002
0.8030000000000002
0.853
0.8475999999999999
0.9640000000000001
0.9758000000000001
0.866
0.7138
0.7136
0.698
0.6846
0.6039999999999999
0.46740000000000004
0.4944
0.508
0.524
0.578
0.506
0.5866
0.731
0.743
0.8029999999999999
