0.075
0.075
0.067
0.065
0.065
0.065
0.065
0.065
0.07300000000000001
0.075
0.075
0.19680000000000003
0.278
0.278
0.278
0.2374
0.075
0.075
0.075
0.075
0.075
0.075
0.075
0.075
0.075
0.075
0.075
0.11560000000000001
0.278
0.278
0.278
0.278
0.1156
0.075
0.075
0.075
0.075
0.075
0.075
0.075
0.075
0.075
0.075
0.1562
0.278
0.278
0.278
0.278
0.075
0.075
0.075
0.075
0.075
0.075
0.075
0.075
0.075
0.075
0.075
0.075
0.075
0.075
0.1562
0.278
0.278
0.278
0.278
0.075
0.075
0.075
0.075
0.075
0.075
0.075
0.075
0.075
0.075
0.075
0.075
0.075
0.075
0.075
0.2374
0.278
0.278
0.278
0.1968
0.075
0.075
0.075
0.075
0.075
0.075
0.075
0.075
0.075
0.075
0.075
0.075
0.075
0.11560000000000001
0.278
0.278
0.278
0.278
0.1156
0.075
0.075
0.075
0.075
0.075
0.075
0.075
0.075
0.075
0.1562
0.278
0.278
0.278
0.278
0.8231999999999999
0.4485999999999999
0.074
0.2838
2.3602
3.207
3.185
3.316
1.431
0.11300000000000002
0.11300000000000002
0.125
0.2542
0.376
0.376
0.376
0.376
0.173
0.2516
1.5615999999999999
2.4
4.8888
5.511
4.23
3.376
0.8872
0.265
0.134
0.3438
0.6415999999999998
0.4064
0.44699999999999995
0.44699999999999995
0.381
0.25579999999999997
0.134
0.134
0.148
0.148
0.148
0.148
0.148
0.148
0.2698
0.351
0.399
0.4109999999999999
0.37039999999999995
0.2112
0.202
0.202
0.202
0.2076
0.21600000000000003
0.21600000000000003
0.316
0.3238
0.558
0.49800000000000005
0.5366
0.589
0.47920000000000007
0.398
0.3916
0.5624
0.49399999999999994
0.49399999999999994
0.514
0.58
0.524
0.524
0.5366
0.557
0.5644
0.5599999999999999
0.626
1.9556
3.9879999999999995
3.9800000000000004
3.996000000000001
2.6616
0.6199999999999999
0.5980000000000001
0.532
0.532
0.52
0.561
0.677
0.638
0.6980000000000001
0.677
0.755
0.9349999999999999
1.001
0.977
0.945
0.702
2.0886000000000005
2.973
2.945
2.985
3.045
2.897
2.1456
2.15
2.165
2.086
2.038
1.7697999999999996
0.7996000000000001
0.9743999999999999
1.095
1.125
1.7182000000000002
4.1098
4.045
4.129
3.5067999999999997
0.9843999999999999
0.9385999999999999
1.0266
1.026
1.014
0.9349999999999999
0.9390000000000001
0.8276
1.2196
2.9436
4.4236
3.9846000000000004
3.7619999999999996
2.4586
0.62
0.668
0.6294
0.8078
0.8469999999999999
0.9398
2.1154
3.9579999999999997
4.058
4.07
2.7656000000000005
0.8870000000000001
1.1488
1.19
1.0850000000000002
0.969
0.9164
0.8019999999999999
0.7744
0.787
0.8305999999999999
0.7012
0.7030000000000001
0.757
1.3612
3.818
3.8802
9.4948
3.3068
0.818
0.7988000000000001
0.842
1.0696
1.27
1.3379999999999999
1.4087999999999998
