0.076
0.074
0.066
0.066
0.066
0.066
0.066
0.11400000000000002
0.191
0.191
0.191
0.14499999999999996
0.076
0.076
0.076
0.076
0.076
0.076
0.1488
0.258
0.258
0.258
0.258
0.14500000000000002
0.191
0.191
0.191
0.122
0.076
0.076
0.076
0.076
0.076
0.076
0.076
0.076
0.076
0.22160000000000002
0.35
0.373
0.373
0.3002
0.099
0.076
0.076
0.076
0.076
0.076
0.076
0.076
0.1852
0.258
0.373
0.373
0.3366
0.191
0.076
0.076
0.076
0.076
0.076
0.076
0.076
0.076
0.22160000000000002
0.258
0.258
0.258
0.18519999999999998
0.168
0.191
0.191
0.191
0.099
0.076
0.076
0.076
0.076
0.11240000000000001
0.258
0.258
0.258
0.258
0.11240000000000001
0.076
0.14500000000000002
0.191
0.191
0.191
0.122
0.076
0.076
0.11499999999999999
0.19779999999999998
0.34299999999999997
0.41899999999999993
0.575
0.487
0.369
0.362
0.4888
0.3136
0.242
0.23499999999999996
0.23499999999999996
0.2638
0.363
0.472
0.42399999999999993
3.069
3.1794
3.021
0.9282
0.387
0.5326
0.569
0.569
0.668
0.5871999999999999
0.5816000000000001
0.7417999999999999
0.5530000000000002
0.562
0.36619999999999997
0.2424
0.252
0.252
0.252
0.252
0.252
0.2799999999999999
0.287
0.3142
0.3786
0.7896
2.4488
2.666
2.638
2.638
0.6477999999999999
0.346
0.346
0.346
0.6244
0.346
0.346
0.3392
0.312
0.3382
0.44299999999999995
0.148
0.21879999999999997
0.148
0.148
0.21880000000000002
0.3358
0.48040000000000005
0.48040000000000005
0.445
0.4997999999999999
1.0294
2.575
2.575
2.575
2.575
2.575
2.575
2.575
2.575
2.757
2.757
2.757
2.2572
0.1488
0.076
0.076
0.076
0.076
0.076
0.076
0.076
0.122
0.191
0.191
0.191
0.14499999999999996
0.22160000000000002
0.258
0.258
0.258
0.18519999999999998
0.076
0.076
0.076
0.076
0.076
0.076
0.14500000000000002
0.558
0.6759999999999999
0.726
0.807
0.8962
0.8454
0.7478
0.747
0.715
0.553
0.633
0.7070000000000002
0.695
0.707
0.7408
0.649
0.8108000000000001
0.7121999999999999
0.7737999999999999
0.7564
0.544
0.5388
0.627
0.362
0.362
0.3084
0.32799999999999996
0.24
0.2
0.188
0.236
0.33259999999999995
0.4728
0.642
0.8629999999999999
0.9410000000000001
1.1234000000000002
0.6342000000000001
0.532
0.41899999999999993
0.291
0.303
0.3206
0.323
0.30700000000000005
0.30300000000000005
0.40659999999999996
0.6378
0.6934
0.6801999999999999
0.6930000000000001
0.7098
0.545
0.37300000000000005
0.37
0.47000000000000003
0.49160000000000004
0.524
0.6134000000000001
0.655
0.6866
0.675
0.692
0.7030000000000001
0.7010000000000001
1.8931999999999998
0.5793999999999999
0.597
0.5964
0.6068
0.516
0.395
0.389
0.40099999999999997
0.40099999999999997
0.516
0.45599999999999996
0.442
0.5002
0.502
0.359
0.261
0.466
0.5197999999999999
0.417
0.7146
1.9537999999999998
0.735
0.764
0.728
