1.0196
2.4844
2.8770000000000002
3.179
2.613
2.6142
0.44699999999999995
0.5347999999999999
0.6762
0.6334
0.639
0.6748000000000001
0.722
0.976
1.4696
0.6828
0.598
0.598
0.066
0.066
0.066
0.0902
0.187
0.31060000000000004
0.393
0.3688
0.1072
0.066
0.066
0.066
0.066
0.066
0.066
0.066
0.31
0.28600000000000003
0.066
0.066
0.066
0.066
0.066
0.1484
0.272
0.272
0.24520000000000003
0.187
0.187
0.187
0.0902
0.066
0.066
0.066
0.066
0.066
0.066
0.066
0.272
0.272
0.23080000000000003
0.066
0.066
0.066
0.1386
0.187
0.187
0.187
0.11440000000000002
0.066
0.066
0.066
0.066
0.066
0.272
0.272
0.23080000000000003
0.066
0.066
0.1386
0.4246
0.489
0.545
0.46980000000000005
0.417
0.417
0.417
0.40099999999999997
0.5422
0.583
0.7253999999999999
0.6960000000000001
0.728
0.643
0.592
0.584
0.6839999999999999
0.6420000000000001
0.5
0.7727999999999999
1.9486
1.9970000000000003
2.8962000000000003
4.1777999999999995
0.11440000000000002
0.066
0.066
0.066
0.23080000000000003
0.272
3.94
3.4940000000000007
3.636
2.6508000000000003
0.5152
0.612
0.612
0.612
0.5878
0.491
0.491
0.4932
0.5432
0.7135999999999999
0.692
0.6095999999999998
0.462
0.4984
2.66
2.7664000000000004
2.797
2.797
2.797
1.4774
0.638
0.698
0.6021999999999998
0.49399999999999994
0.49399999999999994
0.534
0.594
0.5843999999999999
0.4779999999999999
0.4779999999999999
0.4779999999999999
0.346
1.4209999999999998
0.41899999999999993
0.42539999999999994
1.437
0.314
0.314
0.314
0.9739999999999999
0.628
0.302
0.5312
0.7283999999999999
0.618
0.49959999999999993
0.27959999999999996
0.2132
0.21000000000000002
0.186
0.8540000000000001
1.5632000000000001
1.5142
1.719
1.7429999999999999
1.719
1.6948
0.5548
0.4588
0.4968
0.484
0.278
0.278
0.278
0.278
0.399
1.493
0.5654
0.187
0.066
0.066
0.066
0.066
0.18960000000000002
0.272
0.272
0.1072
0.066
0.3686
0.6527999999999999
0.8240000000000001
0.776
0.8160000000000001
0.804
0.5810000000000001
0.8257999999999999
0.9382000000000001
1.1644
0.655
0.8133999999999999
0.845
0.8450000000000001
0.623
0.5728
0.558
0.522
0.4556
0.512
0.42800000000000005
0.368
0.5045999999999999
0.679
0.674
0.7163999999999999
0.8952
0.797
0.6214000000000001
0.479
0.9026
0.6748
0.441
0.529
0.45299999999999996
0.5810000000000001
0.585
0.541
0.5605999999999999
0.5815999999999999
0.6424
0.771
0.787
0.9358000000000001
1.1684
2.1932
2.0100000000000002
2.5027999999999997
4.138
4.1006
4.21
2.1158
2.2274000000000003
2.0260000000000002
1.97
2.05
2.13
0.8939999999999999
1.092
1.309
1.229
1.0706
0.7542
0.6995999999999999
0.493
0.493
0.5569999999999999
0.5286000000000001
0.487
0.611
0.6236
0.692
0.7116
0.7356
0.5593999999999999
0.547
0.515
0.5496000000000001
0.8862
0.643
0.8002
0.6994
0.6688
1.7458000000000002
2.6474
2.7919999999999994
2.828
2.0348
0.8446
0.784
0.138
0.138
0.138
0.138
0.138
0.138
0.128
0.20060000000000003
