0.068
0.068
0.068
0.068
0.068
0.06
0.064
0.068
0.068
0.068
0.068
0.068
0.068
0.068
0.19160000000000002
0.274
0.274
0.274
0.23280000000000003
0.068
0.068
0.068
0.068
0.068
0.068
0.068
0.068
0.068
0.068
0.1092
0.274
0.274
0.274
0.274
0.1092
0.068
0.068
0.068
0.068
0.068
0.068
0.068
0.068
0.068
0.068
0.23280000000000003
0.274
0.274
0.274
0.19160000000000005
0.068
0.068
0.068
0.068
0.068
0.068
0.068
0.068
0.068
0.23280000000000003
0.30200000000000005
0.751
1.1138000000000001
0.29860000000000003
2.2174
3.5829999999999997
3.7030000000000003
3.6309999999999993
3.571
3.6390000000000002
3.571
3.6109999999999998
1.5586000000000002
0.44980000000000003
0.5200000000000001
0.4904
0.438
0.39859999999999995
0.333
0.315
0.361
0.373
0.5157999999999999
0.5038
0.383
0.363
0.346
0.3096
0.287
0.3782
0.555
0.5906
0.6594
0.7742
0.1092
0.068
0.068
0.068
0.068
0.068
0.068
0.068
0.068
0.068
0.068
0.068
0.19160000000000002
0.274
0.274
0.274
0.23280000000000003
0.068
0.066
0.13740000000000002
0.2802
0.2802
0.1614
0.10600000000000001
0.10600000000000001
0.10600000000000001
0.10600000000000001
0.10600000000000001
0.068
0.068
0.1092
0.274
0.274
0.274
0.274
0.1092
0.068
0.068
0.068
0.068
0.068
0.068
0.068
0.068
0.068
0.1504
0.274
0.274
0.274
0.274
0.068
0.068
0.068
0.068
0.068
0.068
0.068
0.068
0.068
0.068
0.068
0.068
0.19160000000000002
0.274
0.274
0.274
0.23280000000000003
0.068
0.068
0.068
0.068
0.068
0.068
0.068
0.068
0.068
0.068
0.068
0.068
0.1504
0.274
0.274
0.274
0.274
0.068
0.068
0.068
0.068
0.068
0.068
0.068
0.068
0.068
0.23280000000000003
0.274
0.274
0.274
0.19160000000000005
0.068
0.068
0.068
0.068
0.068
0.068
0.068
0.068
0.068
0.274
0.292
0.49720000000000003
0.554
0.5264
0.46720000000000006
1.3012
0.33399999999999996
0.34199999999999997
0.334
0.246
0.362
0.29639999999999994
0.44880000000000003
0.458
0.466
0.6247999999999999
0.4766
0.2794
0.327
0.24699999999999997
0.35540000000000005
0.485
0.565
0.5992
0.6319999999999999
0.53
0.53
0.6136
0.656
0.7057999999999999
0.685
0.5958
0.46299999999999997
2.5473999999999997
3.835
3.811
3.8229999999999995
1.8046
0.38
1.4312
0.33419999999999994
0.281
0.277
0.277
0.3274
0.5841999999999999
0.7249999999999999
1.5762
0.6122
0.33899999999999997
0.6166
0.383
0.2754
0.25
0.242
0.28700000000000003
0.319
0.471
0.6058
0.5229999999999999
0.475
0.518
0.46559999999999996
0.40700000000000003
0.379
0.479
0.479
0.41419999999999996
0.592
0.618
0.4782
0.421
0.529
0.537
0.525
0.513
0.446
0.652
0.592
0.6022000000000001
0.629
0.5094000000000001
0.5486000000000001
3.2302
3.8594
3.842
