0.05
0.05
0.042
0.04
0.04
0.08800000000000001
0.042
0.042
0.049999999999999996
0.052000000000000005
0.052000000000000005
0.052000000000000005
0.052000000000000005
0.1804
0.266
0.266
0.266
0.2232
0.052000000000000005
0.052000000000000005
0.052000000000000005
0.052000000000000005
0.052000000000000005
0.052000000000000005
0.052000000000000005
0.052000000000000005
0.052000000000000005
0.2232
0.266
0.266
0.266
0.18040000000000003
0.052000000000000005
0.052000000000000005
0.052000000000000005
0.052000000000000005
0.052000000000000005
0.052000000000000005
0.052000000000000005
0.052000000000000005
0.052000000000000005
0.052000000000000005
0.052000000000000005
0.1804
0.266
0.266
0.266
0.2232
0.052000000000000005
0.052000000000000005
0.052000000000000005
0.052000000000000005
0.052000000000000005
0.052000000000000005
0.052000000000000005
0.052000000000000005
0.052000000000000005
0.1804
0.266
0.266
0.266
0.2232
0.052000000000000005
0.052000000000000005
0.052000000000000005
0.052000000000000005
0.052000000000000005
0.052000000000000005
0.052000000000000005
0.052000000000000005
0.052000000000000005
0.052000000000000005
0.052000000000000005
0.2232
0.266
0.266
0.266
0.18040000000000003
0.052000000000000005
0.052000000000000005
0.052000000000000005
0.052000000000000005
0.052000000000000005
0.052000000000000005
0.052000000000000005
0.052000000000000005
0.052000000000000005
0.052000000000000005
0.1804
0.266
0.266
0.266
0.2232
0.052000000000000005
0.052000000000000005
0.052000000000000005
0.05
0.05
0.05
0.05
0.05
0.1806
0.339
0.343
0.356
0.34299999999999997
4.8473999999999995
0.168
0.163
0.139
0.179
0.21800000000000003
0.21800000000000003
1.7468
3.2826
0.175
0.4779999999999999
0.418
0.418
0.418
0.13760000000000003
0.052000000000000005
0.052000000000000005
0.052000000000000005
0.052000000000000005
0.052000000000000005
0.052000000000000005
0.052000000000000005
0.052000000000000005
0.052000000000000005
0.052000000000000005
0.1376
0.266
0.266
0.266
0.266
0.052000000000000005
0.052000000000000005
0.052000000000000005
0.052000000000000005
0.052000000000000005
0.052000000000000005
0.052000000000000005
0.052000000000000005
0.052000000000000005
0.052000000000000005
0.184
0.184
0.184
0.184
0.197
0.197
0.197
0.197
0.27699999999999997
0.297
0.297
0.46820000000000006
0.511
0.511
0.5398
0.4974
1.922
2.121
2.105
2.105
0.9151999999999999
0.122
0.15400000000000003
0.162
0.13
0.122
0.1648
0.336
0.336
0.336
0.3464
0.1778
0.135
0.48260000000000003
0.135
0.2298
0.183
0.223
0.3258
0.262
0.5114
0.9114000000000001
0.5474
0.44400000000000006
1.9118000000000002
3.0138
2.177
2.193
1.4638
0.6388
0.40119999999999995
0.43600000000000005
0.5088
0.472
0.6272
0.732
0.338
0.338
0.2524
0.124
0.124
0.1948
0.124
0.1594
0.1594
0.124
0.19479999999999997
0.25240000000000007
0.338
0.7058
0.4928
0.2232
0.052000000000000005
0.052000000000000005
0.052000000000000005
0.052000000000000005
0.052000000000000005
0.052000000000000005
0.052000000000000005
0.052000000000000005
0.052000000000000005
0.052000000000000005
0.0948
0.266
0.266
0.266
0.266
0.0948
0.052000000000000005
0.052000000000000005
0.184
0.21400000000000002
0.259
0.259
0.259
0.319
0.34299999999999997
0.39740000000000003
0.4614
0.335
0.052000000000000005
0.052000000000000005
0.052000000000000005
0.052000000000000005
0.1044
0.082
0.18760000000000002
0.4391999999999999
0.49399999999999994
0.542
0.5690000000000001
0.6966
0.496
0.4368
0.398
0.4624
0.576
0.576
0.5848
0.5448000000000001
0.47840000000000005
0.5108
0.524
0.5626
0.584
0.4984
0.43
0.43
0.442
0.43
0.43
0.4568
0.564
2.0898
0.052000000000000005
0.052000000000000005
0.052000000000000005
0.052000000000000005
0.1376
0.266
0.266
0.266
