0.133
0.23899999999999996
0.3944
0.413
0.45499999999999996
5.795599999999999
1.6194
0.483
0.483
0.46699999999999997
0.273
0.333
0.5744
0.68
0.7424
0.744
0.5369999999999999
0.4902
0.43200000000000005
0.3726
0.475
0.46499999999999997
0.47220000000000006
0.537
0.5469999999999999
0.7630000000000001
0.7882
0.96
1.0
0.9399999999999998
0.8508000000000001
0.747
1.0678
1.3985999999999996
0.5925999999999999
0.46299999999999997
0.567
0.5589999999999999
0.547
0.44699999999999995
0.6154
0.85
0.77
0.7879999999999999
0.7296
0.685
0.5783999999999999
0.6539999999999999
0.6891999999999999
0.658
0.742
0.794
0.724
1.5135999999999998
1.1107999999999998
0.72
0.7
0.7
2.4762
4.2544
0.671
0.6869999999999999
0.512
0.7064
1.9134
0.8298
0.7989999999999999
0.6446
0.6828
0.6859999999999999
0.6819999999999999
0.6779999999999999
0.659
0.659
2.4912
4.3686
0.242
0.242
0.242
0.17279999999999998
0.069
0.069
0.23699999999999996
0.36619999999999997
0.5880000000000001
0.544
0.6639999999999999
0.604
0.7340000000000002
0.9968
1.003
0.9667999999999999
1.0701999999999998
1.087
1.087
1.0151999999999999
0.884
0.696
0.738
0.738
0.778
0.8139999999999998
0.6587999999999999
0.6958
2.2687999999999997
2.659
2.631
2.727
1.0726
0.314
0.314
0.314
0.1756
0.141
0.141
0.141
0.141
0.141
0.141
0.141
0.141
0.3502
0.314
0.3848
0.314
0.1756
0.2118
0.141
0.17639999999999997
0.5724
0.18239999999999998
0.069
0.069
0.069
0.069
0.069
0.069
0.069
0.069
0.1036
0.242
0.242
0.242
0.20739999999999997
0.069
0.069
0.332
0.332
0.332
0.332
0.3408
0.343
0.343
0.343
1.6354
0.493
0.6314
0.666
0.666
0.666
0.5276
0.493
0.36219999999999997
1.5390000000000001
0.371
0.371
0.371
0.383
0.5694
0.604
0.604
0.544
0.4056
0.371
0.371
0.36439999999999995
0.36
0.36
0.388
0.45600000000000007
0.5640000000000001
0.6466
0.746
0.766
0.69
0.7326
0.769
0.6369999999999999
0.7262
0.665
0.737
0.725
0.8385999999999999
0.861
0.8545999999999999
0.8710000000000001
0.8629999999999999
1.0184
1.083
1.0786
1.072
0.7136
0.649
0.559
0.647
0.6690000000000002
0.647
0.6906000000000001
1.0686
2.8529999999999998
2.9046000000000003
3.3506
2.745
2.8137999999999996
2.908
2.867
0.8389999999999999
0.701
0.821
0.717
0.531
0.5509999999999999
0.587
0.647
0.6629999999999999
0.6222
0.6546000000000001
0.873
0.8878
0.8987999999999999
0.8634000000000001
0.6562
0.43
0.41739999999999994
0.4226
0.4184
1.7582
1.3094000000000001
2.867
2.9718000000000004
3.1095999999999995
3.3340000000000005
3.6098
3.5230000000000006
3.5150000000000006
3.4614000000000003
3.4092
3.3869999999999996
3.407
2.9672
0.7172
0.6996
0.069
0.069
0.069
0.1728
0.242
0.242
0.242
0.13819999999999996
0.069
0.069
0.069
0.069
0.069
0.069
0.069
0.069
0.242
0.242
0.242
0.242
0.069
0.069
0.069
0.069
0.069
0.069
0.069
0.069
0.069
0.069
0.354
0.396
0.524
0.476
0.067
0.059
