0.071
0.071
0.071
0.065
0.061
0.071
0.071
0.071
0.071
0.071
0.071
0.071
0.071
0.215
0.375
0.4149999999999999
0.4149999999999999
0.271
0.191
0.071
0.071
0.071
0.071
0.071
0.071
0.071
0.0998
0.215
0.215
0.215
0.34619999999999995
0.271
0.271
0.271
0.191
0.071
0.071
0.071
0.071
0.071
0.071
0.071
0.071
0.071
0.215
0.215
0.215
0.215
0.071
0.071
0.071
0.071
0.071
0.071
0.071
0.071
0.151
0.271
0.271
0.271
0.271
0.071
0.071
0.071
0.11699999999999999
0.21000000000000002
0.1694
0.097
0.12079999999999999
0.2758
0.342
0.374
0.3532
0.238
0.438
0.4444
0.484
0.504
0.46399999999999997
0.27999999999999997
0.3314
0.253
0.18100000000000002
0.16419999999999998
0.1162
0.10900000000000001
0.10900000000000001
0.129
0.10900000000000001
0.1302
0.11499999999999999
0.227
0.2746
0.221
0.417
0.40499999999999997
0.429
0.501
0.425
0.301
0.493
0.5104
0.4808
0.45600000000000007
1.1046
1.6688000000000003
1.73
1.73
1.8052
1.8316
1.75
1.7740000000000002
1.7740000000000002
1.574
1.574
1.574
1.3378
1.5500000000000003
1.658
2.5556000000000005
3.902
3.902
3.7144000000000004
2.7513999999999994
1.405
1.405
1.405
1.405
1.1574
0.548
0.548
0.6056000000000001
0.572
0.492
0.492
0.4096
0.22400000000000003
1.3610000000000002
0.22400000000000003
0.22400000000000003
0.22400000000000003
0.384
1.5897999999999999
0.496
2.0824000000000003
2.399
2.3078
2.423
3.4976
2.9214000000000007
2.6692
2.6036
0.8948
0.47000000000000003
0.434
0.434
0.59
0.7203999999999999
0.6628000000000001
0.778
0.49000000000000005
0.36699999999999994
0.2562
0.2118
0.141
0.16499999999999998
0.5326000000000001
0.201
0.2364
0.6324
2.2416
2.628
2.7144000000000004
2.772
2.812
2.9552
2.8576
2.8
2.8
2.652
2.6569999999999996
2.69
0.6918000000000001
0.22799999999999998
0.2104
0.18039999999999998
0.256
0.256
0.368
0.488
0.484
0.62
0.271
0.271
0.271
0.15099999999999997
0.1286
0.215
0.215
0.215
0.15739999999999998
0.071
0.071
0.071
0.191
0.271
0.271
0.271
0.231
0.071
0.071
0.071
0.071
0.071
0.071
0.071
0.071
0.071
0.071
0.18619999999999998
0.255
0.4149999999999999
0.4149999999999999
0.2998
0.271
0.11100000000000002
0.071
0.071
0.0914
0.16999999999999998
0.22399999999999998
0.148
0.133
0.217
0.41
0.518
0.5868
0.732
0.5439999999999999
0.5927999999999999
0.8588000000000001
0.9560000000000001
0.9369999999999999
0.783
0.687
0.687
0.7582000000000001
0.6776
0.662
0.6434000000000001
0.747
0.6990000000000002
0.8022
0.819
0.751
0.7062
0.5778
0.739
0.819
0.8202
0.825
0.7449999999999999
0.637
0.6894
0.7055999999999999
0.661
0.6738000000000001
0.693
0.645
0.627
0.595
1.0108000000000001
1.3289999999999997
0.6566
0.616
0.616
0.616
1.6278000000000001
0.422
0.422
0.071
0.071
0.071
0.071
0.071
0.2998
0.4149999999999999
0.4149999999999999
