0.06
0.06
0.06
0.06
0.1
0.168
0.17
0.17
0.09000000000000001
0.14679999999999999
0.262
0.262
0.262
0.262
0.07
0.09000000000000001
0.17
0.17
0.17
0.11000000000000001
0.07
0.07
0.07
0.07
0.07
0.07
0.22360000000000002
0.262
0.262
0.262
0.18520000000000003
0.07
0.07
0.07
0.07
0.07
0.07
0.07
0.07
0.07
0.07
0.09000000000000001
0.362
0.362
0.362
0.302
0.14680000000000004
0.07
0.07
0.07
0.07
0.07
0.07
0.07
0.07
0.07
0.13000000000000003
0.3236
0.362
0.362
0.262
0.18520000000000003
0.07
0.07
0.07
0.07
0.07
0.07
0.07
0.07
0.07
0.07
0.07
0.07
0.07
0.07
0.1852
0.262
0.262
0.262
0.22360000000000002
0.07
0.07
0.07
0.07860000000000002
0.14100000000000001
0.24980000000000002
0.28400000000000003
0.304
0.304
0.344
0.4136
0.378
0.4948
0.613
0.7706000000000001
0.785
0.605
0.609
0.5546
0.485
0.525
0.445
0.4488
0.638
0.758
0.758
0.7
1.4266
2.73
2.754
2.79
2.3838
0.6294000000000001
0.5238
0.511
0.511
0.511
0.511
0.4109999999999999
0.425
0.425
0.425
0.425
0.4314
0.5277999999999999
0.6544
0.658
0.7287999999999999
1.2610000000000001
0.5786
0.4406
0.429
0.7497999999999999
1.7079999999999997
2.856
2.816
2.756
2.7643999999999997
2.7892
2.93
2.921
2.921
2.921
2.7674
2.7890000000000006
1.8294000000000001
0.33
0.33
0.23000000000000004
0.22160000000000002
0.21600000000000003
0.21600000000000003
0.46480000000000005
0.527
0.527
0.527
0.4702
0.49260000000000004
0.9036000000000002
2.49
2.4300000000000006
2.4024
2.2556
0.141
2.529
3.126
4.5078000000000005
5.436
5.464
4.521800000000001
3.126
3.126
3.146
3.226
3.258
3.3288
0.8099999999999999
0.173
0.49260000000000004
0.187
0.20839999999999997
0.2084
0.693
2.0658000000000003
3.2436
4.075999999999999
4.1924
4.318
3.8906
3.069
3.0113999999999996
2.9994
2.853
2.8674
2.877
2.8289999999999997
2.3052
0.2556
0.35100000000000003
0.43800000000000006
0.466
0.41800000000000004
0.373
0.8019999999999999
0.9832000000000001
0.5196
0.4868
0.47000000000000003
0.4149999999999999
0.495
0.515
0.4149999999999999
0.40119999999999995
0.392
0.392
0.392
0.3594
0.3482
0.626
0.626
0.6332
0.6284
0.4102
0.3388
0.434
0.434
0.38639999999999997
0.315
0.3866
0.41500000000000004
0.40099999999999997
0.38639999999999997
0.301
0.33940000000000003
0.4875999999999999
0.49800000000000005
5.8576
0.5524
0.43839999999999996
0.4
0.5184000000000001
0.5609999999999999
0.542
0.542
0.4706
0.446
0.364
0.35239999999999994
0.33540000000000003
0.5479999999999999
0.541
0.8022
2.1302
0.798
0.835
0.6822000000000001
0.55
1.891
0.578
0.5506
0.44299999999999995
0.575
1.8060000000000003
0.48
0.4488
0.37160000000000004
0.4324
0.5908
0.5811999999999999
0.5332000000000001
0.6652
0.5144
0.47240000000000004
0.5676
0.5326
0.517
0.43900000000000006
0.45519999999999994
0.552
0.672
0.5554
0.495
0.624
0.5126000000000001
0.495
0.525
0.27860000000000007
