0.059
0.059
0.059
0.059
0.059
0.061
0.069
0.069
0.069
0.069
0.069
0.069
0.069
0.069
0.069
0.069
0.069
0.069
0.069
0.069
0.069
0.069
0.069
0.23400000000000004
0.23400000000000004
0.201
0.069
0.069
0.069
0.069
0.069
0.069
0.069
0.069
0.069
0.069
0.069
0.069
0.069
0.069
0.069
0.069
0.069
0.069
0.16799999999999998
0.23400000000000004
0.23400000000000004
0.10200000000000001
0.069
0.069
0.069
0.069
0.069
0.069
0.069
0.069
0.069
0.069
0.069
0.069
0.069
0.069
0.069
0.23400000000000004
0.23400000000000004
0.201
0.069
0.069
0.069
0.069
0.069
0.069
0.069
0.069
0.069
0.069
0.069
0.10200000000000001
0.23400000000000004
0.23400000000000004
0.168
0.069
0.069
0.069
0.067
0.079
0.067
0.067
0.067
0.42460000000000003
0.23900000000000002
0.319
0.279
0.244
0.36
0.34800000000000003
0.266
0.279
0.287
0.287
0.251
0.347
0.367
0.367
0.367
0.367
0.7718
1.1766
0.367
0.367
0.395
0.402
0.402
0.47400000000000003
0.391
1.5814
0.202
0.21400000000000002
0.302
0.24100000000000002
0.227
0.227
0.9272
0.227
0.2278
0.17400000000000002
0.158
0.22399999999999998
0.323
0.323
0.22400000000000003
1.3724
0.158
0.158
0.122
1.3763999999999998
0.178
0.178
0.1318
0.10700000000000001
2.059
2.5862000000000003
8.6698
2.743
4.4642
4.812
4.910399999999999
4.935
3.0986
3.5780000000000003
4.865200000000001
4.945
2.993
1.6114000000000002
0.819
0.7949999999999999
0.7524000000000001
0.9649999999999999
1.0236
1.051
0.931
0.931
0.931
0.8949999999999999
0.8710000000000001
0.9693999999999999
1.8636
1.4748
0.5433999999999999
0.421
0.46299999999999997
0.496
0.526
0.495
0.28300000000000003
1.3951999999999998
0.10700000000000001
0.10700000000000001
0.10700000000000001
0.131
0.327
0.30699999999999994
0.287
0.263
0.227
0.251
0.2572
0.49000000000000005
1.0054
1.2182
0.8178000000000001
0.851
0.851
0.859
0.907
0.867
0.951
0.951
0.9564
0.858
0.8379999999999999
0.8166
0.7462000000000001
0.8916000000000001
1.144
1.214
1.1869999999999998
1.3546
2.537
2.545
2.4718
2.3126
2.435
2.511
2.499
2.439
2.5065999999999997
2.7994
2.9677999999999995
2.5088
1.3649999999999998
1.363
1.391
1.6288
1.0754
0.843
0.843
0.827
0.8030000000000002
0.6564000000000002
0.5628
0.601
0.7008
0.7550000000000001
1.0952
2.8350000000000004
2.963
3.279
3.147
3.186
1.5556
1.1393999999999997
1.173
0.765
0.6588
0.618
0.6420000000000001
0.5369999999999999
0.597
0.7096
0.555
1.7202000000000002
0.36800000000000005
0.46699999999999997
0.6839999999999999
0.82
0.6950000000000001
0.643
0.7152000000000001
0.751
0.7396
0.677
0.657
0.629
0.46259999999999996
0.8140000000000001
0.398
0.38999999999999996
0.639
0.7350000000000001
0.559
1.7388000000000001
0.5882
1.4225999999999999
1.0457999999999998
0.5706
0.527
0.595
0.594
0.654
0.5820000000000001
0.534
0.534
0.5918
0.6577999999999999
0.742
0.23400000000000004
0.23200000000000004
