0.07
0.066
0.1396
0.259
0.259
0.259
0.259
0.064
0.07
0.07
0.07
0.07
0.07
0.07
0.07
0.07
0.07
0.1894
0.269
0.269
0.269
0.22920000000000001
0.07
0.07
0.07
0.07
0.07
0.07
0.07
0.07
0.07
0.07
0.07
0.07
0.07
0.07
0.07
0.07
0.07
0.07
0.22920000000000001
0.269
0.269
0.269
0.1894
0.07
0.07
0.07
0.07
0.07
0.07
0.07
0.07
0.07
0.07
0.07
0.07
0.07
0.07
0.07
0.07
0.07
0.07
0.07
0.07
0.07
0.07
0.07
0.07
0.07
0.1496
0.269
0.269
0.269
0.269
0.07
0.07
0.07
0.068
0.068
5.799800000000001
0.0724
0.079
0.079
0.1504
0.898
3.113
3.1129999999999995
3.101
2.5646
0.39399999999999996
0.394
0.358
0.32959999999999995
0.31099999999999994
0.362
0.07
0.07
0.07
0.07
0.07
0.07
0.269
0.269
0.269
0.269
0.3378
0.28500000000000003
1.0071999999999999
0.38
0.3882
0.277
0.277
1.4596
1.4435999999999998
3.066
3.1298
3.2649999999999997
2.1834
0.561
0.5582
0.3802
0.26680000000000004
0.21800000000000003
0.21800000000000003
0.21800000000000003
1.256
1.998
2.3722000000000003
2.7464
3.1275999999999997
4.316
2.783
2.8708
2.0203999999999995
0.41200000000000003
0.41200000000000003
0.41200000000000003
1.0012
2.2096
0.07
0.07
0.07
0.07
2.917
2.917
2.917
1.2946
0.202
0.202
0.202
0.41200000000000003
0.4922000000000001
0.5134
0.505
0.38560000000000005
0.306
0.306
1.0544
0.6802
0.199
0.2102
0.213
0.202
0.202
0.202
0.07
0.1894
0.269
0.269
0.269
0.22920000000000001
0.07
0.07
0.07
0.07
0.07
0.07
0.07
0.07
0.07
0.07
0.1894
0.269
0.269
0.269
0.22920000000000001
0.07
0.07
0.07
0.07
0.07
0.39080000000000004
3.153
3.213
3.249
3.2963999999999998
0.708
0.269
0.269
0.22920000000000001
0.07
0.07
0.07
0.07
0.07
0.07
0.07
0.269
0.389
0.5404
0.657
0.793
0.825
0.9934000000000001
0.8009999999999999
0.6618
0.5227999999999999
0.5908
0.6262000000000001
0.6262000000000001
0.7010000000000001
0.693
0.6809999999999999
1.6666
3.2376000000000005
3.032
3.032
1.9713999999999998
0.5126
0.6479999999999999
0.784
0.8390000000000001
0.7975999999999999
0.5672
0.7220000000000001
0.8219999999999998
0.747
0.747
0.763
0.654
0.6458
2.9042000000000003
3.4302
3.4549999999999996
3.5544
1.486
1.008
0.925
0.9885999999999999
0.7329999999999999
0.763
0.7778
0.8600000000000001
1.03
0.8639999999999999
0.95
0.968
0.8639999999999999
0.711
0.8642
0.817
1.0059999999999998
0.891
0.7120000000000001
0.8039999999999999
0.6888
0.5624
0.555
0.5788
0.646
0.739
0.7769999999999999
0.6906000000000001
0.8470000000000001
0.951
1.0976000000000001
1.015
1.0177999999999998
0.9839999999999998
0.575
0.545
0.5109999999999999
1.6725999999999999
0.07
0.07
0.07
0.07
