0.044000000000000004
0.04
0.04
0.04
0.04
0.04
0.046
0.05
0.0854
0.2858
0.325
0.325
0.325
0.0854
0.05
0.05
0.05
0.05
0.05
0.05
0.05
0.05
0.1916
0.2466
0.325
0.325
0.2542
0.08919999999999999
0.05
0.05
0.05
0.05
0.05
0.05
0.05
0.1562
0.227
0.227
0.227
0.19160000000000002
0.05
0.05
0.05
0.08920000000000002
0.148
0.148
0.148
0.0696
0.05
0.05
0.05
0.05
0.0854
0.227
0.227
0.227
0.227
0.10500000000000001
0.148
0.148
0.148
0.08919999999999999
0.05
0.05
0.05
0.05
0.12079999999999999
0.227
0.227
0.227
0.227
0.05
0.05
0.10880000000000001
0.148
0.148
0.148
0.05
0.05
0.0854
0.225
0.3378
0.2946
0.345
0.24339999999999998
0.21799999999999997
0.298
0.298
0.298
0.32999999999999996
1.8948
3.5818
3.078
3.1043999999999996
1.5535999999999999
0.4680000000000001
0.5416
0.533
0.581
3.119
3.0682
2.9812000000000003
3.012
0.548
0.5680000000000001
0.6096
0.466
0.49000000000000005
0.3872
0.363
0.56
0.56
0.54
0.516
0.37379999999999997
0.303
0.3618
0.40099999999999997
0.40099999999999997
0.40099999999999997
0.303
0.603
0.3869999999999999
0.2326
0.35960000000000003
0.387
0.387
0.387
0.3162
0.21000000000000002
0.21000000000000002
0.2076
0.2826
0.4058
0.473
0.497
0.497
0.399
0.363
0.4806
0.516
1.44
0.54
0.5151999999999999
0.41900000000000004
1.3846
2.863
2.863
2.8372
1.7144
0.196
0.196
0.098
0.18119999999999997
0.194
0.194
0.05
0.05
0.05
0.05
0.05
0.05
0.05
0.05
0.12079999999999999
0.227
0.227
0.227
0.227
0.05
0.05
0.05
0.10880000000000001
0.148
0.148
0.148
0.05
0.05
0.05
0.05
0.2286
1.299
0.4406
0.43899999999999995
0.3956
0.254
0.18
0.184
2.1808
3.2177999999999995
5.209
5.159000000000001
5.237399999999999
4.8202
2.9234
2.927
3.107
3.2074
3.1610000000000005
3.129
1.1969999999999998
0.72
0.7232
0.825
0.781
0.773
0.805
0.7327999999999999
0.698
0.7776
1.432
1.1118
1.703
0.8608
0.7674
1.7046
3.193
3.372
3.284
2.4143999999999997
0.968
0.8618
0.743
0.731
0.731
0.7554000000000001
0.804
0.804
0.6719999999999999
0.44400000000000006
0.7462
0.8960000000000001
0.9200000000000002
1.3632
3.4292000000000002
3.401
3.489
1.169
0.9238
0.615
0.5462
2.0974
3.0262000000000002
2.9997999999999996
3.129
1.6465999999999998
0.8809999999999999
0.7090000000000001
0.5074
0.45200000000000007
0.524
0.5192
0.7023999999999999
1.0082
3.0092
3.3595999999999995
3.272
3.2560000000000002
1.1608
0.4096
0.529
0.613
0.5444
0.508
0.38899999999999996
0.263
0.44700000000000006
2.0776000000000003
3.2622
2.9124000000000003
0.148
0.10879999999999998
0.05
0.05
0.05
0.1916
0.227
0.227
0.227
0.15620000000000003
0.05
0.05
0.12840000000000001
0.148
0.148
0.12840000000000001
0.05
0.05
