0.067
0.067
0.063
0.05700000000000001
0.05700000000000001
0.05700000000000001
0.05700000000000001
0.05700000000000001
0.06100000000000001
0.067
0.067
0.067
0.1068
0.266
0.266
0.266
0.266
0.1068
0.067
0.067
0.067
0.067
0.067
0.067
0.067
0.067
0.067
0.067
0.2262
0.266
0.266
0.266
0.18639999999999998
0.067
0.067
0.067
0.067
0.067
0.067
0.067
0.067
0.067
0.067
0.067
0.067
0.067
0.067
0.067
0.067
0.067
0.067
0.067
0.067
0.067
0.067
0.067
0.067
0.1864
0.266
0.266
0.266
0.2262
0.067
0.067
0.067
0.067
0.067
0.067
0.067
0.067
0.067
0.1466
0.266
0.266
0.266
0.266
0.067
0.067
0.067
0.067
1.1065999999999998
0.0674
0.1082
0.20339999999999997
0.189
0.15860000000000002
0.40099999999999997
0.488
0.5304
0.6823999999999999
0.7342
0.749
0.7666000000000001
0.5638000000000001
0.379
0.279
0.30300000000000005
0.29700000000000004
0.288
0.288
0.3176
0.3246
0.30979999999999996
0.46719999999999995
0.445
0.385
0.385
0.365
0.27959999999999996
0.43520000000000003
0.5146
0.541
0.6078
1.3135999999999999
2.384
2.384
2.354
1.9094000000000002
0.323
0.323
0.323
0.323
0.323
0.522
0.522
0.522
0.522
0.40259999999999996
0.323
0.323
0.3938
0.323
0.323
0.3938
0.323
0.39380000000000004
0.323
0.4822
0.7908
0.7902
0.45
0.37039999999999995
1.2835999999999999
0.251
0.251
0.251
0.125
0.125
0.101
0.065
0.065
0.065
0.1446
0.264
0.264
0.264
0.264
0.065
0.065
0.065
0.065
0.07020000000000001
0.078
0.078
0.078
0.10600000000000001
0.067
0.067
0.067
0.1864
0.266
0.266
0.266
0.2262
0.067
0.067
0.067
0.067
0.067
0.067
0.067
0.067
0.067
0.2262
0.266
0.266
0.266
0.18639999999999998
0.067
0.067
0.067
0.067
0.067
0.067
0.067
0.067
0.2508
0.3396
0.41739999999999994
0.426
0.414
0.414
0.3742
0.215
0.2096
0.14279999999999998
0.22759999999999997
0.265
0.2774
0.27780000000000005
0.2428
0.2732
0.39039999999999997
0.4662
0.5082
0.511
0.483
0.5448000000000001
0.397
0.3956
0.446
0.41000000000000003
0.362
0.3162
0.20579999999999998
0.30100000000000005
0.383
0.535
0.5406000000000001
0.5638
0.576
0.5308
0.5113999999999999
0.48460000000000003
0.462
0.562
0.5770000000000002
0.5732000000000002
0.5732
0.5178
0.5593999999999999
0.6872
0.817
0.8586
0.8844
0.8363999999999999
1.7062000000000002
0.699
0.6632
0.6716
0.707
0.6609999999999999
0.771
0.8333999999999999
0.759
0.8542
0.7788
0.775
0.655
0.5244
0.381
0.381
0.381
0.517
0.5918000000000001
0.49779999999999996
0.5598000000000001
0.636
0.648
0.8880000000000001
0.8880000000000001
0.8244
1.4272000000000002
0.9308
0.4526
0.43
0.372
0.422
0.4
0.33359999999999995
0.384
0.36479999999999996
0.351
0.454
0.509
0.5938000000000001
0.615
0.5788
