0.05800000000000001
0.05800000000000001
0.05800000000000001
0.064
0.068
0.068
0.068
0.068
0.068
0.068
0.068
0.068
0.068
0.068
0.068
0.068
0.068
0.068
0.068
0.068
0.068
0.068
0.068
0.068
0.068
0.068
0.068
0.068
0.068
0.068
0.068
0.068
0.068
0.068
0.068
0.068
0.068
0.068
0.068
0.068
0.068
0.068
0.068
0.068
0.068
0.068
0.068
0.068
0.068
0.068
0.068
0.068
0.068
0.068
0.068
0.068
0.068
0.068
0.068
0.068
0.068
0.068
0.068
0.068
0.068
0.068
0.068
0.068
0.068
0.068
0.068
0.068
0.068
0.068
0.068
0.068
0.068
0.068
0.068
0.068
0.068
0.068
0.068
0.068
0.066
0.066
0.13640000000000002
0.10600000000000001
0.164
0.164
0.8676
0.5266000000000001
0.176
0.176
0.18960000000000005
0.193
0.193
0.193
0.3122
0.367
0.3634
0.341
0.386
0.41500000000000004
0.507
0.523
0.523
0.523
0.5196
0.506
0.48600000000000004
0.45600000000000007
0.45600000000000007
0.4516
0.068
0.068
0.068
0.068
0.068
0.068
0.068
0.068
0.068
0.068
0.068
0.068
0.068
0.068
0.068
0.068
0.068
0.068
0.068
0.068
0.068
0.068
0.068
0.068
0.068
0.068
0.068
0.068
0.068
0.068
0.068
0.068
0.068
0.068
0.068
0.068
0.068
0.068
0.068
0.068
0.068
0.068
0.068
0.068
0.068
0.068
0.068
0.068
0.068
0.068
0.068
0.068
0.068
0.068
0.068
0.068
0.068
0.068
0.068
0.068
0.068
0.068
0.068
0.068
0.068
0.068
0.068
0.068
0.068
0.068
0.068
0.068
0.068
0.068
0.068
0.068
0.068
0.068
0.068
0.068
0.068
0.068
0.068
0.068
0.068
0.068
0.068
0.068
0.068
0.068
0.19
0.19
0.19
0.19
0.19
0.21600000000000003
0.22759999999999997
0.22679999999999997
0.23159999999999997
0.24159999999999998
0.2772
0.348
0.45599999999999996
0.493
1.0101999999999998
1.3678
0.308
1.1368
1.404
2.1664
2.2646
3.812
3.9
3.1872000000000007
3.027
3.047
2.2628
0.755
0.743
0.725
0.6809999999999999
0.555
0.5593999999999999
1.4580000000000002
0.9802
0.566
0.566
0.566
0.6050000000000001
0.643
0.583
0.611
0.7150000000000001
0.6930000000000001
0.5774000000000001
0.5660000000000001
0.634
0.606
0.606
0.594
0.48599999999999993
0.5851999999999999
0.61
0.6236
0.6292
1.6898
0.6739999999999999
0.675
0.621
0.5630000000000001
0.595
0.591
0.595
0.629
0.5858
0.577
0.5888
0.5058
0.433
0.44020000000000004
0.505
0.513
0.49779999999999996
0.4266
0.35
0.33940000000000003
0.33699999999999997
0.40120000000000006
0.4948
0.5299999999999999
0.568
0.627
0.5599999999999999
0.48760000000000003
