0.17079999999999995
0.12666666666666662
0.07099999999999998
0.07099999999999998
0.07099999999999998
0.132
0.18080000000000007
0.07099999999999998
0.07099999999999998
0.07099999999999998
0.132
0.18080000000000007
0.07099999999999998
0.07099999999999998
0.07099999999999998
0.1808
0.13199999999999998
0.07099999999999998
0.07099999999999998
0.07099999999999998
0.2418
0.07099999999999998
0.07099999999999998
0.07099999999999998
0.07099999999999998
0.2174
0.09539999999999996
0.07099999999999998
0.07099999999999998
0.07099999999999998
0.09566666666666666
0.5317999999999999
0.34540000000000004
0.36166666666666664
0.46726666666666666
0.27446666666666675
0.28659999999999997
0.10366666666666664
0.1808
0.13199999999999998
0.07099999999999998
0.07099999999999998
0.07099999999999998
0.193
0.11979999999999996
0.07099999999999998
0.07099999999999998
0.07099999999999998
0.2296
0.08319999999999997
0.07099999999999998
0.07099999999999998
0.10559999999999999
0.26660000000000006
0.21
0.27773333333333344
0.42366666666666675
0.4169333333333334
0.31133333333333335
0.34600000000000003
2.375666666666667
2.3924
0.8212666666666668
0.706
0.07099999999999998
0.07099999999999998
0.2673333333333333
0.29133333333333333
0.49086666666666656
0.4490666666666668
0.45399999999999996
0.5049999999999999
0.4903333333333334
0.5441333333333332
0.6192666666666666
0.4629333333333335
0.35633333333333334
0.3243999999999999
0.07099999999999998
0.07099999999999998
0.38246666666666673
0.21986666666666668
0.5356
0.5733333333333334
0.16999999999999996
0.6477333333333332
1.0226666666666668
0.6729333333333332
0.5746666666666667
0.6466666666666666
0.6207999999999999
0.7400000000000001
0.07099999999999998
0.07099999999999998
0.07099999999999998
0.06633333333333331
