0.07033333333333332
0.06299999999999997
0.06566666666666664
0.15379999999999996
0.23159999999999997
0.24373333333333333
0.07299999999999998
0.07299999999999998
0.07299999999999998
0.14706666666666662
0.30399999999999994
0.17806666666666665
0.07299999999999998
0.07299999999999998
0.07299999999999998
0.13866666666666666
0.2700000000000001
0.09926666666666663
0.07299999999999998
0.1403333333333333
0.12686666666666663
0.2306
0.20433333333333334
0.07299999999999998
0.15379999999999996
0.11339999999999996
0.2306
0.20433333333333334
0.18773333333333328
1.9078000000000006
2.755666666666666
0.8094
0.43246666666666667
0.26320000000000005
0.2582
0.22100000000000006
0.44220000000000004
0.5714000000000001
0.4508666666666668
0.4643333333333335
0.1124
0.2700000000000001
0.1255333333333333
0.07299999999999998
0.07299999999999998
0.07299999999999998
0.29019999999999996
0.2659333333333333
0.07299999999999998
0.07299999999999998
0.5992666666666667
0.2710666666666667
0.2607333333333334
0.2568666666666667
0.15379999999999996
0.11339999999999996
0.24366666666666675
0.7679333333333335
0.8534666666666667
0.4421999999999999
0.3619333333333333
2.2289999999999996
0.12553333333333333
0.2700000000000001
0.11239999999999997
0.13359999999999997
0.13359999999999997
0.20433333333333334
0.2306
0.07299999999999998
0.0999333333333333
1.088
0.2644
2.067266666666667
1.5823333333333334
0.6636000000000002
0.49326666666666663
0.6657333333333333
0.5722666666666666
1.0868666666666666
0.07299999999999998
0.07299999999999998
0.38786666666666664
0.5562666666666665
0.4968666666666667
0.44473333333333337
0.6468000000000002
0.6593333333333332
0.2568666666666667
0.17806666666666665
0.11339999999999997
0.15379999999999996
0.07299999999999998
0.07299999999999998
0.07299999999999998
0.2568666666666667
