0.07033333333333332
0.06299999999999997
0.20913333333333334
0.3102
0.08379999999999997
0.11199999999999997
0.17439999999999997
0.07299999999999998
0.07299999999999998
0.08859999999999998
0.27773333333333333
0.20093333333333332
0.2349999999999999
0.11799999999999995
0.18999999999999997
0.12313333333333333
0.33873333333333344
0.14859999999999995
0.07299999999999998
0.07299999999999998
0.10539999999999997
0.3442
0.12579999999999997
0.2359333333333334
0.10113333333333331
0.33039999999999997
0.15639999999999996
0.07299999999999998
0.24846666666666675
0.07299999999999998
0.2241999999999999
0.24699999999999994
0.10419999999999997
0.09806666666666665
0.36380000000000007
0.14859999999999995
0.10419999999999999
0.18219999999999997
0.07299999999999998
0.12699999999999995
0.2349999999999999
0.31226666666666675
0.14959999999999996
0.07299999999999998
0.07299999999999998
0.18099999999999994
0.24366666666666664
0.26380000000000003
0.1354
0.07299999999999998
0.07299999999999998
0.12699999999999995
0.35559999999999997
0.25266666666666665
0.08859999999999997
0.07299999999999998
0.07299999999999998
0.1276
0.3096
0.3136666666666667
0.07299999999999998
0.07299999999999998
0.07299999999999998
0.07299999999999998
0.09639999999999999
0.3196
0.15939999999999993
0.2108
0.3297333333333334
0.3425333333333334
0.4728666666666667
0.36546666666666666
0.3171333333333333
0.2203333333333333
0.3214666666666667
0.33766666666666667
1.5362000000000002
3.1436666666666673
1.5779999999999996
0.5882666666666665
0.737
0.5712
0.7735999999999997
0.5750000000000001
0.8882666666666668
0.6977333333333334
0.8300666666666667
0.6659999999999999
0.6712
0.8011999999999998
0.6568000000000002
0.21426666666666663
0.2349999999999999
0.18060000000000004
0.17326666666666668
0.10419999999999999
