0.05600000000000002
0.06066666666666669
0.06600000000000003
0.06600000000000003
0.2244000000000001
0.19799999999999998
0.06600000000000003
0.06600000000000003
0.06600000000000003
0.19800000000000004
0.22440000000000004
0.06600000000000003
0.06600000000000003
0.06600000000000003
0.07920000000000002
0.2640000000000001
0.1452
0.06600000000000003
0.06600000000000003
0.18480000000000002
0.23760000000000006
0.06600000000000003
0.06600000000000003
0.06600000000000003
0.132
0.2640000000000001
0.09240000000000005
0.06600000000000003
0.06600000000000003
0.06600000000000003
0.06600000000000003
0.06600000000000003
0.06600000000000003
0.09673333333333334
0.3814
0.4586666666666667
0.5588000000000001
0.2640000000000001
0.30333333333333345
0.30433333333333346
0.2843333333333333
0.30233333333333334
0.29300000000000004
0.3672000000000001
0.47199999999999975
0.3096
1.6783333333333332
1.6632000000000002
0.13799999999999996
0.28319999999999995
0.28319999999999995
0.14979999999999996
0.17339999999999994
0.16159999999999997
0.3266
0.17160000000000006
0.2508000000000001
0.06600000000000003
0.06600000000000003
0.06600000000000003
0.2508000000000001
0.17159999999999992
0.06600000000000003
0.06600000000000003
0.06600000000000003
0.06600000000000003
0.06600000000000003
0.07920000000000002
0.2640000000000001
0.1452
0.06600000000000003
0.06600000000000003
0.06600000000000003
0.06600000000000003
0.06600000000000003
0.09240000000000002
0.2640000000000001
0.18333333333333326
0.23553333333333323
0.20193333333333338
0.26619999999999994
0.3598
0.43379999999999996
0.6910000000000002
0.2779999999999999
0.21899999999999997
0.36486666666666673
0.30100000000000005
0.2640000000000001
0.07920000000000003
0.06600000000000003
0.06600000000000003
0.1584
0.2640000000000001
0.06600000000000003
0.06133333333333336
