0.060000000000000026
0.08673333333333334
0.23566666666666675
0.10720000000000003
0.060000000000000026
0.060000000000000026
0.16620000000000001
0.21340000000000006
0.060000000000000026
0.2289333333333334
0.060000000000000026
0.23700000000000007
0.14260000000000003
0.08413333333333337
0.20480000000000007
0.060000000000000026
0.07180000000000003
0.23700000000000007
0.17906666666666674
0.18066666666666673
0.060000000000000026
0.060000000000000026
0.20160000000000003
0.17800000000000005
0.060000000000000026
0.1444666666666667
0.14446666666666672
0.17800000000000002
0.20160000000000006
0.060000000000000026
0.060000000000000026
0.060000000000000026
0.5635999999999999
0.20593333333333336
0.060000000000000026
0.17800000000000002
0.20160000000000006
0.09620000000000001
0.1927333333333334
0.060000000000000026
0.22520000000000007
0.15440000000000004
0.13240000000000002
0.15653333333333339
0.060000000000000026
0.23700000000000007
0.14260000000000003
0.060000000000000026
0.2289333333333334
0.060000000000000026
0.21340000000000006
0.16620000000000004
0.060000000000000026
0.060000000000000026
0.060000000000000026
0.1806666666666667
0.1908666666666667
0.23700000000000007
0.060000000000000026
0.060000000000000026
0.060000000000000026
0.2289333333333334
0.16620000000000001
0.21340000000000006
0.1482
0.24020000000000005
0.20480000000000007
0.060000000000000026
0.060000000000000026
0.20160000000000003
0.17800000000000005
0.0720666666666667
0.21686666666666674
0.0954
0.23700000000000007
0.10720000000000003
0.13240000000000002
0.15653333333333339
0.20160000000000003
2.1766666666666667
2.1613333333333333
0.2004
2.6653333333333333
1.7049333333333325
0.17706666666666665
0.2846666666666666
0.31033333333333335
0.4681999999999999
0.31139999999999995
1.7942666666666665
3.0027333333333335
0.2735333333333333
0.23333333333333336
0.060000000000000026
0.060000000000000026
0.1678
