0.06266666666666669
0.05600000000000002
0.059333333333333356
0.06600000000000003
0.06600000000000003
0.06600000000000003
0.06600000000000003
0.06600000000000003
0.20866666666666672
0.23720000000000005
0.14066666666666666
0.17799999999999996
0.06600000000000003
0.06600000000000003
0.06600000000000003
0.06600000000000003
0.10880000000000002
0.31733333333333336
0.26306666666666667
0.07533333333333338
0.06600000000000003
0.06600000000000003
0.1972
0.36400000000000005
0.13733333333333336
0.06600000000000003
0.06600000000000003
0.06600000000000003
0.06600000000000003
0.28000000000000014
0.1652
0.1602666666666667
0.4053333333333332
0.3399999999999999
0.06600000000000003
0.06600000000000003
0.06600000000000003
0.1873333333333333
0.18840000000000004
0.28000000000000014
0.10880000000000005
0.16866666666666666
0.14999999999999997
0.19440000000000007
0.2514666666666667
0.15
0.16800000000000004
0.06400000000000003
0.06400000000000003
0.27799999999999997
0.2478666666666668
0.17466666666666666
0.06400000000000003
3.218266666666666
1.6402666666666663
0.9822666666666667
1.3623999999999998
1.7809333333333328
2.4777333333333336
2.504
0.7119999999999999
0.2213333333333334
0.28000000000000014
0.23440000000000008
0.8660000000000001
0.4870666666666667
0.20866666666666672
0.23720000000000005
0.09400000000000001
0.206
0.08466666666666671
0.2229333333333334
0.22293333333333334
0.32933333333333337
1.2996666666666665
1.441
0.5803333333333334
0.6646666666666667
1.421066666666667
0.7634666666666665
0.5326666666666667
0.5033999999999998
0.8130666666666665
0.8120666666666666
0.7806
0.699
0.48826666666666685
0.2087999999999999
0.06600000000000003
0.06600000000000003
0.06600000000000003
0.2372000000000001
0.20866666666666667
0.06600000000000003
0.06600000000000003
0.06600000000000003
