0.19533333333333333
0.10066666666666664
0.06233333333333331
0.07099999999999998
0.07099999999999998
0.07099999999999998
0.07099999999999998
0.23133333333333336
0.3537333333333333
0.07099999999999998
0.07099999999999998
0.07099999999999998
0.2066666666666667
0.3661333333333333
0.08326666666666664
0.07099999999999998
0.07099999999999998
0.16966666666666666
0.24366666666666678
0.24273333333333327
0.07099999999999998
0.07099999999999998
0.15733333333333335
0.2560000000000001
0.07099999999999998
0.15686666666666663
0.15686666666666668
0.145
0.2560000000000001
0.0833333333333333
0.09553333333333332
0.21819999999999998
0.145
0.2560000000000001
0.0833333333333333
0.15686666666666663
0.15686666666666668
0.145
0.2560000000000001
0.0833333333333333
0.4862666666666667
2.4966666666666666
0.2066666666666667
0.20666666666666675
0.07099999999999998
0.09553333333333332
0.21819999999999998
0.07099999999999998
0.12033333333333333
0.2560000000000001
0.10799999999999996
0.15686666666666663
0.15686666666666668
0.07099999999999998
0.21900000000000006
0.19699999999999995
0.10153333333333334
0.21819999999999998
0.07099999999999998
0.16966666666666666
0.24366666666666678
0.07099999999999998
0.10779999999999997
0.23059999999999997
0.4530000000000001
0.6283333333333334
0.532
0.5529333333333334
0.6658000000000001
0.9996666666666667
0.14500000000000002
0.07099999999999998
0.1323333333333333
0.29240000000000005
0.23133333333333345
0.07099999999999998
0.07099999999999998
0.1323333333333333
0.18140000000000003
0.07099999999999998
0.07099999999999998
0.23133333333333336
0.5981333333333333
0.5491999999999998
0.7030000000000002
0.43479999999999996
0.5173333333333333
0.33719999999999994
0.09553333333333329
0.07099999999999998
0.07099999999999998
0.16966666666666666
0.3172666666666667
0.16913333333333339
0.07099999999999998
0.07099999999999998
