0.058000000000000024
0.24293333333333328
0.16986666666666667
0.06800000000000003
0.06800000000000003
0.06800000000000003
0.15713333333333332
0.25899999999999995
0.06800000000000003
0.06800000000000003
0.06800000000000003
0.2335333333333333
0.18259999999999998
0.06800000000000003
0.06800000000000003
0.1444
0.25899999999999995
0.08073333333333337
0.06800000000000003
0.06800000000000003
0.2080666666666666
0.20806666666666665
0.06800000000000003
0.06800000000000003
0.1062
0.25899999999999995
0.11893333333333338
0.06800000000000003
0.06800000000000003
0.06800000000000003
0.06800000000000003
0.29166666666666674
3.094933333333334
1.7348666666666661
0.5476666666666666
0.321
1.4123999999999997
3.5969999999999995
1.082133333333333
0.4426666666666667
0.43133333333333346
1.3881333333333334
3.6228000000000002
0.6988666666666663
2.8586666666666662
2.1231333333333335
0.19553333333333325
0.27899999999999997
0.2843333333333333
0.28300000000000003
0.4023333333333334
0.7276666666666666
1.968
0.46346666666666686
0.2320000000000001
0.764
0.3964
0.266
0.2766666666666666
1.1358666666666666
0.39106666666666673
1.4764000000000002
3.9756
0.3543333333333333
0.6626666666666667
0.8160000000000003
0.8112000000000001
0.8130000000000001
3.1166
3.501866666666667
0.7414000000000001
0.5283333333333332
0.9458666666666666
0.5846
0.8421333333333333
1.6483333333333334
3.774933333333334
0.4893333333333334
0.8594666666666665
0.9842666666666666
4.033333333333334
1.3843999999999999
0.9372
1.0314
1.1006666666666667
1.2203333333333335
0.7008666666666667
0.5966666666666666
0.06800000000000003
0.06800000000000003
0.1444
0.25899999999999995
0.08073333333333337
0.06800000000000003
0.06800000000000003
0.11226666666666668
