0.06233333333333331
0.06099999999999997
0.06966666666666664
0.07099999999999998
0.07099999999999998
0.07099999999999998
0.07099999999999998
0.07099999999999998
0.07099999999999998
0.07099999999999998
0.07099999999999998
0.07099999999999998
0.07099999999999998
0.07099999999999998
0.07099999999999998
0.07099999999999998
0.07099999999999998
0.07099999999999998
0.07099999999999998
0.07099999999999998
0.07099999999999998
0.07099999999999998
0.07099999999999998
0.07099999999999998
0.07099999999999998
0.07099999999999998
0.07099999999999998
0.07099999999999998
0.11566666666666665
0.08699999999999997
0.07099999999999998
0.07099999999999998
0.10913333333333336
0.14999999999999997
0.9902666666666666
3.1929999999999996
0.31393333333333323
0.07099999999999998
0.07099999999999998
0.06966666666666664
0.48479999999999995
0.06899999999999998
0.09220000000000002
0.09800000000000002
0.09800000000000002
0.09800000000000002
0.106
0.5097333333333334
4.230333333333334
3.8331999999999993
4.625
3.5097999999999994
1.383666666666666
0.1914
0.2292
0.2948666666666666
0.3174666666666667
0.25
0.2621333333333333
0.2613999999999999
0.303
0.283
1.1098000000000001
3.7908000000000004
1.791466666666667
3.5794000000000006
0.33199999999999996
0.36800000000000005
0.37199999999999994
0.44613333333333327
0.31599999999999995
0.44153333333333333
0.4464666666666666
0.3286
1.0903999999999998
2.4401333333333333
0.6135999999999998
4.978066666666667
4.5478
2.8105999999999995
2.8580666666666668
0.6359999999999999
2.761333333333333
2.4324
0.8093333333333332
0.812866666666667
0.07099999999999998
0.07099999999999998
0.07099999999999998
0.07099999999999998
0.07099999999999998
0.07099999999999998
0.07099999999999998
0.07099999999999998
0.07099999999999998
0.07099999999999998
