0.17173333333333335
0.3232
0.26066666666666677
0.6910000000000001
0.2277333333333333
0.06600000000000003
0.06600000000000003
0.186
0.11400000000000005
0.06600000000000003
0.06600000000000003
0.06600000000000003
0.15
0.14999999999999997
0.06600000000000003
0.06600000000000003
0.06600000000000003
0.198
0.10200000000000005
0.06600000000000003
0.06600000000000003
0.06600000000000003
0.07800000000000003
0.22199999999999998
0.06600000000000003
0.06600000000000003
0.06600000000000003
0.138
0.17866666666666667
0.1062
0.21339999999999998
0.22986666666666672
0.2280000000000001
0.6042000000000001
0.2828
0.06600000000000003
0.06600000000000003
0.06600000000000003
0.20020000000000004
0.4757999999999999
0.09499999999999999
0.4557999999999999
0.08533333333333333
0.198
0.10200000000000005
0.06600000000000003
0.06600000000000003
0.06600000000000003
0.198
0.10200000000000005
0.06600000000000003
0.06600000000000003
0.06600000000000003
0.23399999999999999
0.06600000000000003
0.06600000000000003
0.06600000000000003
0.06600000000000003
0.186
0.11400000000000005
0.06600000000000003
0.06600000000000003
0.06600000000000003
0.174
0.12600000000000003
0.06600000000000003
0.06600000000000003
0.06600000000000003
0.191
0.3304
0.2245333333333333
0.06600000000000003
0.2272666666666667
0.3602666666666668
0.5093333333333334
0.28346666666666676
0.06600000000000003
0.06600000000000003
0.06600000000000003
0.06600000000000003
0.2206
0.33920000000000006
0.5465999999999999
0.5226666666666666
0.5264000000000001
0.5654
0.5038000000000001
0.4236666666666665
0.29799999999999993
0.22199999999999998
0.06600000000000003
0.06600000000000003
0.06600000000000003
0.06600000000000003
0.162
0.138
