0.0686666666666667
0.060000000000000026
0.06133333333333336
0.1016666666666667
0.17620000000000002
0.24900000000000008
0.10580000000000005
0.07000000000000003
0.07000000000000003
0.14160000000000003
0.23706666666666673
0.07000000000000003
0.07000000000000003
0.08900000000000002
0.165
0.07000000000000003
0.07000000000000003
0.07000000000000003
0.165
0.14866666666666672
0.24900000000000008
0.07000000000000003
0.15866666666666668
0.09533333333333337
0.07000000000000003
0.08900000000000002
0.34400000000000003
0.1296666666666667
0.09200000000000003
0.14160000000000006
0.41406666666666675
0.41439999999999994
2.503133333333333
2.5021333333333335
0.37800000000000006
0.33946666666666664
0.4928666666666668
0.4619333333333333
0.49679999999999985
2.249199999999999
0.4082666666666666
0.4792000000000001
0.2400666666666666
0.165
0.1366666666666667
0.17113333333333333
0.3116666666666667
0.3559333333333334
0.31939999999999996
0.21200000000000008
0.24999999999999997
0.43053333333333327
0.38799999999999996
0.38466666666666666
0.2773333333333333
0.226
0.4066666666666666
0.3704666666666668
0.4971333333333333
0.3893333333333333
0.8232666666666667
0.5249333333333335
0.165
0.08266666666666671
0.23706666666666673
0.14160000000000003
0.07000000000000003
0.07000000000000003
0.07000000000000003
0.07000000000000003
0.07000000000000003
0.1016666666666667
0.17620000000000002
0.24900000000000008
0.3592
0.4399333333333333
0.15233333333333332
0.07000000000000003
0.07000000000000003
0.07000000000000003
0.0826666666666667
0.28433333333333327
0.19566666666666663
0.07000000000000003
0.0826666666666667
0.165
0.3844666666666666
0.8504666666666666
0.10580000000000005
0.24900000000000008
0.09386666666666672
0.07000000000000003
0.07000000000000003
0.07000000000000003
0.07000000000000003
0.1572
