0.09033333333333333
0.095
0.072
0.26719999999999994
0.23466666666666666
0.072
0.072
0.072
0.072
0.072
0.13706666666666667
0.31599999999999995
0.12080000000000005
0.072
0.072
0.1696
0.31599999999999995
0.08826666666666667
0.072
0.072
0.26719999999999994
0.23466666666666666
0.072
0.072
0.072
0.072
0.1696
0.31599999999999995
0.08826666666666667
0.072
0.4950000000000001
0.40026666666666666
0.48059999999999997
0.38799999999999996
5.261533333333334
4.1198000000000015
2.149666666666667
3.2759999999999994
0.37299999999999994
0.15233333333333338
0.13706666666666667
0.31599999999999995
0.12080000000000005
0.072
0.072
0.15333333333333332
0.31599999999999995
0.10453333333333335
0.072
0.072
0.072
0.072
0.072
0.2509333333333333
0.25093333333333334
0.072
0.072
0.072
0.1696
0.31599999999999995
0.08826666666666667
0.072
0.072
0.072
0.2021333333333333
0.2997333333333333
0.072
0.072
0.072
0.072
0.072
0.2997333333333333
0.20213333333333336
0.072
0.072
0.072
0.1686
0.6036666666666667
0.5311333333333332
2.1348666666666665
1.5018
0.38119999999999993
0.36426666666666674
0.5722666666666665
2.534733333333334
0.4694666666666666
0.9183333333333336
0.2003333333333334
0.072
0.18586666666666665
0.31599999999999995
0.072
0.072
0.072
1.2106666666666668
3.7305999999999995
