0.06400000000000003
0.06999999999999999
0.074
0.074
0.074
0.074
0.074
0.074
0.074
0.074
0.074
0.074
0.074
0.074
0.074
0.074
0.074
0.074
0.074
0.074
0.074
0.074
0.074
0.074
0.074
0.074
0.074
0.074
0.074
0.074
0.074
0.074
0.07333333333333332
0.072
0.19160000000000002
0.29500000000000004
0.28966666666666663
0.22299999999999995
0.22559999999999997
0.12800000000000003
0.074
0.074
0.11466666666666665
0.1442
0.08499999999999998
0.15733333333333335
0.23740000000000006
0.2400000000000001
0.18466666666666665
0.074
0.074
0.074
0.12933333333333333
0.2474000000000001
0.3423333333333334
0.338
0.43426666666666675
0.36866666666666664
0.3998666666666667
0.4810000000000001
0.364
0.2840000000000001
0.074
0.074
0.17900000000000002
0.4409999999999999
0.4366
0.4615333333333333
0.7531333333333335
0.7390000000000003
0.7979333333333334
0.6758666666666665
0.5863333333333333
0.4053333333333333
0.492
0.4441333333333333
0.3713333333333334
0.5262666666666667
0.7218666666666668
0.7940000000000002
0.6606
0.507
0.4262000000000001
0.45546666666666674
0.3894
0.8241999999999999
0.474
1.1544
0.074
0.074
0.074
0.074
0.074
0.074
0.074
0.06800000000000003
