0.05533333333333335
0.17200000000000001
0.232
0.06200000000000003
0.06200000000000003
0.06200000000000003
0.23533333333333334
0.18199999999999994
0.06200000000000003
0.06200000000000003
0.142
0.262
0.07533333333333338
0.06200000000000003
0.06200000000000003
0.23533333333333334
0.18199999999999994
0.06200000000000003
0.06200000000000003
0.06200000000000003
0.2486666666666667
0.1686666666666666
0.06200000000000003
0.06200000000000003
0.06200000000000003
0.15533333333333335
0.262
0.06200000000000003
0.06200000000000003
0.06200000000000003
0.08866666666666669
0.26413333333333333
0.1286666666666667
0.06200000000000003
0.06200000000000003
0.10200000000000002
0.262
0.11533333333333337
0.06200000000000003
0.06200000000000003
0.06200000000000003
0.06200000000000003
0.15533333333333335
0.262
0.06200000000000003
0.06200000000000003
0.06200000000000003
0.06200000000000003
0.06200000000000003
0.1686666666666667
0.24866666666666667
0.06200000000000003
0.06200000000000003
0.06200000000000003
0.262
0.15533333333333327
0.06200000000000003
0.06200000000000003
0.07533333333333335
0.262
0.142
0.06200000000000003
0.06200000000000003
0.06200000000000003
0.1686666666666667
0.24866666666666667
0.2856666666666667
0.3446666666666667
0.5923333333333333
0.5004000000000001
0.5035333333333333
0.8302666666666665
0.5106666666666667
0.06200000000000003
0.06200000000000003
0.06200000000000003
0.222
0.19533333333333328
0.06200000000000003
0.06200000000000003
0.11533333333333334
0.262
0.10200000000000005
0.06200000000000003
0.06200000000000003
0.182
0.2353333333333333
0.06200000000000003
0.06200000000000003
0.06200000000000003
0.15533333333333335
0.262
0.06200000000000003
0.06200000000000003
0.06200000000000003
0.06200000000000003
