0.06600000000000003
0.07533333333333332
0.076
0.076
0.12293333333333333
0.31033333333333324
0.2028666666666667
0.2636000000000001
0.076
0.3016666666666666
0.2584666666666666
0.08939999999999998
0.2502000000000001
0.076
0.3019999999999999
0.2581333333333334
0.14300000000000004
0.19660000000000008
0.09946666666666665
0.26033333333333325
0.2596666666666667
0.09266666666666667
0.2636000000000001
0.20166666666666663
0.3417999999999999
0.09266666666666667
0.10279999999999999
0.2368000000000001
0.15933333333333338
0.1426666666666667
0.076
0.18159999999999996
0.3977333333333333
0.43939999999999996
0.7553333333333334
0.9828000000000002
0.7200000000000002
0.3552
0.35919999999999985
0.076
0.076
0.076
0.2519999999999999
0.38560000000000005
0.18613333333333337
0.076
0.076
0.18159999999999996
0.27853333333333324
0.4442000000000001
0.23040000000000005
0.22860000000000003
0.4724
0.36519999999999986
1.3886666666666665
1.897666666666667
1.7802666666666669
2.6714
0.862866666666667
0.5701999999999999
0.741
1.1256000000000002
0.8286000000000002
0.4277333333333332
0.19519999999999998
0.37333333333333313
0.16960000000000003
1.0732
1.7861333333333336
1.2928666666666662
0.3598666666666666
0.3218666666666667
0.5513333333333333
0.4771333333333334
0.3559333333333334
0.6799333333333333
0.9577333333333335
1.4230666666666665
1.0108000000000001
0.6402
0.5930666666666667
0.8043333333333336
1.0490000000000002
0.9658666666666665
0.7869333333333333
0.6941999999999998
0.20100000000000004
0.24006666666666676
0.2921999999999999
0.15813333333333335
0.076
0.076
0.15100000000000005
0.15100000000000005
0.20166666666666663
0.36326666666666674
