0.060000000000000026
0.06400000000000003
0.07000000000000003
0.07000000000000003
0.07000000000000003
0.07000000000000003
0.07000000000000003
0.07000000000000003
0.16760000000000005
0.24080000000000007
0.07000000000000003
0.07000000000000003
0.07000000000000003
0.22860000000000008
0.1798
0.07000000000000003
0.07000000000000003
0.07000000000000003
0.14320000000000005
0.25300000000000006
0.08220000000000004
0.07000000000000003
0.07000000000000003
0.11880000000000003
0.25300000000000006
0.10660000000000004
0.07000000000000003
0.07000000000000003
0.13680000000000003
0.25300000000000006
0.10660000000000004
0.07000000000000003
0.07000000000000003
0.07000000000000003
0.19200000000000006
0.21640000000000004
0.07000000000000003
0.07000000000000003
0.07000000000000003
0.07000000000000003
0.11880000000000003
0.25300000000000006
0.10660000000000004
0.07000000000000003
0.07000000000000003
0.07000000000000003
0.10660000000000004
0.25300000000000006
0.11880000000000004
0.07000000000000003
0.07000000000000003
0.09440000000000003
0.25300000000000006
0.13100000000000006
0.07000000000000003
0.07000000000000003
0.20420000000000008
0.20420000000000002
0.07000000000000003
0.07000000000000003
0.07000000000000003
0.10666666666666667
0.2416666666666666
0.3613333333333333
0.4673333333333332
3.0376000000000003
1.9305333333333332
2.9648000000000008
3.4619333333333344
4.884133333333334
2.582666666666667
2.6335333333333324
2.4426666666666668
0.5793333333333333
0.7641333333333333
0.7638666666666667
1.0603333333333333
0.8283333333333334
0.8630666666666665
0.7781999999999999
0.7300666666666669
0.9090666666666667
0.9351999999999999
0.7867333333333336
0.6596000000000001
0.5521999999999999
0.6872666666666666
0.894
0.6622666666666664
0.39613333333333334
0.27133333333333326
0.13100000000000003
0.25300000000000006
0.09440000000000005
0.07000000000000003
0.06600000000000003
