0.06333333333333337
0.060000000000000026
0.0666666666666667
0.07000000000000003
0.07000000000000003
0.07853333333333336
0.37826666666666664
0.2118666666666666
0.07000000000000003
0.07000000000000003
0.07000000000000003
0.09240000000000004
0.4059999999999999
0.1702666666666666
0.07000000000000003
0.12119999999999999
0.2278666666666667
0.27799999999999997
0.11160000000000006
0.07000000000000003
0.07400000000000001
0.25446666666666673
0.2492
0.26413333333333333
0.07000000000000003
0.07000000000000003
0.07000000000000003
0.07000000000000003
0.30146666666666666
0.29720000000000013
0.07000000000000003
0.07000000000000003
0.07000000000000003
0.07000000000000003
0.07000000000000003
0.07000000000000003
0.34313333333333323
0.7472666666666665
0.3479333333333333
0.3743333333333332
0.34446666666666664
0.49699999999999994
0.18846666666666667
0.4463333333333333
0.3926666666666666
0.30666666666666675
0.2364
0.08706666666666668
0.19799999999999998
0.07853333333333337
0.07000000000000003
0.07000000000000003
0.07000000000000003
0.07000000000000003
0.2502666666666667
0.19479999999999995
0.07853333333333336
0.19799999999999998
0.1702666666666667
0.27799999999999997
0.08386666666666671
0.16386666666666666
0.5214
0.6991999999999998
0.6275333333333335
0.5452000000000001
0.5728666666666666
0.5723999999999999
0.8102666666666668
1.2239333333333338
0.8457333333333331
0.8398
0.7427333333333335
0.15320000000000003
0.27799999999999997
0.08386666666666671
0.48413333333333325
0.6281333333333332
0.17453333333333332
0.27799999999999997
0.13933333333333336
0.19799999999999998
0.09560000000000006
0.1948
0.2502666666666667
0.07000000000000003
0.07000000000000003
0.11160000000000002
0.27799999999999997
0.12546666666666673
0.12119999999999999
0.17239999999999997
0.13933333333333336
0.27799999999999997
0.0977333333333334
0.12119999999999999
