0.05899999999999997
0.04900000000000001
0.04900000000000001
0.05899999999999997
0.05899999999999997
0.05899999999999997
0.05899999999999997
0.05899999999999997
0.05899999999999997
0.05899999999999997
0.05899999999999997
0.05899999999999997
0.05899999999999997
0.05899999999999997
0.05899999999999997
0.05899999999999997
0.05899999999999997
0.05899999999999997
0.05899999999999997
0.05899999999999997
0.05899999999999997
0.05899999999999997
0.05899999999999997
0.05899999999999997
0.08233333333333333
0.2488666666666667
0.2889999999999999
0.39793333333333336
0.4543333333333334
1.6720666666666666
1.5473333333333332
0.13166666666666663
0.05899999999999997
0.05899999999999997
0.05899999999999997
0.05899999999999997
0.05899999999999997
0.05899999999999997
0.05899999999999997
0.05899999999999997
0.05899999999999997
0.05899999999999997
0.05899999999999997
0.05899999999999997
0.05899999999999997
0.05899999999999997
0.05899999999999997
0.05899999999999997
0.05899999999999997
0.05899999999999997
0.05899999999999997
0.05899999999999997
0.05899999999999997
0.05899999999999997
0.05899999999999997
0.05899999999999997
0.05899999999999997
0.05899999999999997
0.05899999999999997
0.05899999999999997
0.05899999999999997
0.05899999999999997
0.05899999999999997
0.05899999999999997
0.05899999999999997
0.05899999999999997
0.05899999999999997
0.05899999999999997
0.05899999999999997
0.05899999999999997
0.17726666666666668
0.22280000000000003
0.22080000000000008
0.05899999999999997
0.30033333333333334
0.4803333333333333
0.5325333333333333
0.5244666666666666
0.4483333333333334
0.36299999999999993
0.3413999999999999
0.724066666666667
0.4149999999999999
0.4103333333333334
0.4092000000000001
0.4646666666666666
1.0915333333333332
0.762
0.7633333333333333
0.5919333333333334
0.7200666666666666
0.2836666666666668
0.05899999999999997
0.05899999999999997
0.05899999999999997
0.05899999999999997
