0.06099999999999997
0.06766666666666664
0.07099999999999998
0.07099999999999998
0.07099999999999998
0.1394
0.24946666666666667
0.19439999999999996
0.08593333333333329
0.07099999999999998
0.07099999999999998
0.10519999999999999
0.242
0.16886666666666664
0.1531333333333334
0.07099999999999998
0.09379999999999997
0.242
0.12799999999999997
0.07099999999999998
0.16793333333333335
0.39339999999999997
0.242
0.08239999999999997
0.07099999999999998
0.10086666666666666
0.2439333333333334
0.242
0.11506666666666665
0.11066666666666664
0.07099999999999998
0.1964
0.2710666666666667
0.1307333333333333
0.07099999999999998
0.09379999999999997
0.3166666666666667
0.18773333333333342
0.07099999999999998
0.07099999999999998
0.07099999999999998
0.185
0.275
0.13820000000000002
0.07099999999999998
0.07099999999999998
0.18299999999999997
0.26439999999999997
0.15080000000000002
0.07846666666666664
0.18299999999999997
0.08593333333333329
0.1394
0.242
0.08239999999999997
0.1755333333333333
0.10086666666666663
0.1964
0.19640000000000005
0.07099999999999998
0.07099999999999998
0.07099999999999998
0.1158
0.1948
0.242
0.11659999999999997
0.07099999999999998
0.07099999999999998
0.07099999999999998
0.07099999999999998
0.128
0.29426666666666673
0.17593333333333339
0.07099999999999998
0.07099999999999998
0.18773333333333336
0.4446666666666666
0.33780000000000004
0.36299999999999993
0.5333333333333333
2.7329333333333334
0.6667333333333334
0.4766666666666667
0.5143999999999999
0.6971333333333333
0.8582000000000002
0.5494666666666668
0.07099999999999998
0.07099999999999998
0.07099999999999998
0.2372666666666667
0.2899333333333333
0.07099999999999998
0.10746666666666664
0.15593333333333334
0.20233333333333334
