0.060000000000000026
0.06200000000000003
0.06400000000000003
0.06400000000000003
0.06400000000000003
0.2077333333333333
0.14613333333333334
0.06400000000000003
0.06400000000000003
0.08453333333333335
0.218
0.11533333333333337
0.06400000000000003
0.06400000000000003
0.06400000000000003
0.09480000000000001
0.218
0.1050666666666667
0.06400000000000003
0.06400000000000003
0.06400000000000003
0.06400000000000003
0.06400000000000003
0.10506666666666667
0.218
0.09480000000000004
0.06400000000000003
0.06400000000000003
0.06400000000000003
0.06400000000000003
0.16666666666666666
0.21673333333333333
0.16739999999999997
0.14866666666666664
0.10773333333333333
0.24140000000000006
0.1531333333333334
0.07099999999999998
0.5281999999999998
0.07099999999999998
0.1948
0.17966666666666667
0.11326666666666664
0.07699999999999999
0.07426666666666669
0.218
0.12560000000000004
0.06400000000000003
0.5373333333333333
0.07499999999999998
0.17806666666666668
1.338666666666667
1.283266666666667
0.099
0.11200000000000004
0.21773333333333336
0.324
0.11533333333333337
0.06400000000000003
0.06400000000000003
0.06400000000000003
0.06400000000000003
0.06400000000000003
0.06400000000000003
0.06400000000000003
0.06400000000000003
0.06400000000000003
0.14613333333333334
0.20773333333333335
0.06400000000000003
0.06400000000000003
0.06400000000000003
0.10506666666666667
0.218
0.09480000000000004
0.06400000000000003
0.06400000000000003
0.17693333333333333
0.17693333333333336
0.06400000000000003
0.06400000000000003
0.06400000000000003
0.09480000000000001
0.218
0.1582
0.23106666666666664
0.28653333333333336
0.3963999999999999
0.4336
0.5284
0.7490666666666667
0.06400000000000003
0.06400000000000003
0.19746666666666665
0.1564
0.06400000000000003
