0.0666666666666667
0.06400000000000003
0.07133333333333332
0.074
0.09799999999999999
0.254
0.13400000000000004
0.074
0.074
0.146
0.254
0.08600000000000001
0.074
0.074
0.20906666666666668
0.33100000000000007
0.08153333333333333
0.074
0.08906666666666666
0.28300000000000003
0.24953333333333333
0.074
0.10413333333333334
0.17946666666666664
0.194
0.21799999999999997
0.074
0.13426666666666667
0.14933333333333332
0.12199999999999998
0.254
0.11000000000000003
0.074
0.11166666666666666
0.21993333333333337
0.254
0.11000000000000003
0.074
0.11166666666666666
0.17193333333333333
0.10799999999999997
0.2519999999999999
1.6062666666666667
0.28606666666666664
0.31939999999999996
0.6799333333333333
2.1667333333333327
0.5911999999999998
0.5888000000000001
0.33480000000000015
0.15799999999999997
0.20106666666666667
0.2986000000000001
0.2849333333333333
0.5717333333333333
0.2320000000000001
0.15799999999999995
0.074
0.10413333333333334
0.17946666666666664
0.23
0.18199999999999994
0.08906666666666666
0.18699999999999997
0.08153333333333333
0.23
0.18199999999999994
0.074
0.074
0.18699999999999997
0.1926
0.242
0.13746666666666668
0.37306666666666666
0.31646666666666673
0.3020666666666667
0.35000000000000003
0.47633333333333333
0.10553333333333334
0.074
0.074
0.30393333333333333
0.24366666666666661
0.074
0.074
0.074
0.11166666666666666
0.3159333333333333
0.19399999999999995
0.074
0.074
0.11
0.254
0.12200000000000005
0.074
0.074
