0.048
0.048
0.048
0.048
0.048
0.048
0.048
0.048
0.048
0.163
0.163
0.163
0.163
0.163
0.163
0.163
0.163
0.163
0.163
0.163
0.163
0.163
0.163
0.163
0.163
0.163
0.163
0.048
0.048
0.048
0.058
0.058
0.058
0.058
0.058
0.058
0.058
0.058
0.058
0.058
0.058
0.058
0.058
0.058
0.058
0.058
0.244
0.244
0.244
0.244
0.244
0.384
0.384
0.384
0.384
0.384
0.384
0.384
0.384
0.384
0.384
0.384
0.384
0.384
0.384
0.384
0.384
0.384
0.198
0.198
0.198
0.058
0.058
0.058
0.058
0.058
0.058
0.058
0.058
0.058
0.058
0.058
0.058
0.058
0.058
0.058
0.058
0.058
0.058
0.058
0.058
0.058
0.058
0.058
0.058
0.058
0.058
0.058
0.058
0.058
0.058
0.058
0.058
0.058
0.058
0.058
0.058
0.058
0.058
0.058
0.058
0.058
0.058
0.173
0.173
0.173
0.173
0.359
0.359
0.359
0.359
0.359
0.359
0.359
0.359
0.359
0.359
0.359
0.359
0.359
0.359
0.244
0.244
0.244
0.244
0.244
0.244
0.244
0.244
0.058
0.058
0.058
0.058
0.058
0.058
0.058
0.058
0.058
0.058
0.058
0.058
0.198
0.198
0.198
0.198
0.198
0.198
0.198
0.198
0.198
0.198
0.198
0.198
0.198
0.198
0.198
0.198
0.198
0.198
0.198
0.198
0.058
0.058
0.058
0.058
0.058
0.058
0.058
0.058
0.058
0.058
0.058
0.058
0.058
0.058
0.058
0.058
0.058
0.058
0.058
0.058
0.058
0.058
0.058
0.058
0.058
0.058
0.058
0.058
0.058
0.058
0.058
0.058
0.058
0.058
0.244
0.244
0.244
0.244
0.244
0.244
0.244
0.244
0.244
0.244
0.244
0.244
0.244
0.244
0.244
0.244
0.244
0.244
0.244
0.244
0.244
0.244
0.058
0.058
0.058
0.058
0.058
0.058
0.058
0.058
0.058
0.058
0.058
0.058
0.058
0.058
0.058
0.058
0.058
0.058
0.058
0.058
0.058
0.058
0.058
0.058
0.058
0.058
0.058
0.058
0.058
0.058
0.058
0.058
0.058
0.058
0.058
0.058
0.058
0.058
0.058
0.058
0.058
0.058
0.058
0.058
0.058
0.058
0.058
0.058
0.058
0.058
0.058
0.058
0.244
0.244
0.244
0.244
0.244
0.244
0.244
0.244
0.244
0.244
0.244
0.244
0.244
0.244
0.244
0.244
0.244
0.244
0.244
0.244
0.244
0.244
0.058
0.058
0.058
0.058
0.058
0.058
0.058
0.058
0.058
0.058
0.058
0.058
0.058
0.058
0.058
0.058
0.198
0.198
0.198
0.198
0.198
0.198
0.198
0.198
0.198
0.198
0.198
0.198
0.198
0.198
0.198
0.198
0.198
0.198
0.198
0.198
0.058
0.058
0.058
0.058
0.058
0.058
0.058
0.058
0.058
0.244
0.244
0.244
0.244
0.244
0.244
0.244
0.244
0.244
0.244
0.244
0.244
0.244
0.244
0.244
0.244
0.244
0.244
0.244
0.244
0.244
0.244
0.058
0.173
0.173
0.173
0.173
0.173
0.173
0.173
0.173
0.173
0.173
0.173
0.173
0.173
0.173
0.173
0.173
0.173
0.173
0.058
0.058
0.058
0.058
0.058
0.058
0.058
0.198
0.198
0.198
0.198
0.198
0.198
0.198
0.198
0.198
0.198
0.198
0.198
0.198
0.198
0.198
0.198
0.198
0.198
0.198
0.198
0.058
0.058
0.058
0.058
0.058
0.058
0.058
0.058
0.058
0.058
0.058
0.058
0.058
0.058
0.058
0.058
0.058
0.058
0.058
0.058
0.058
0.058
0.058
0.058
0.058
0.058
0.058
0.058
0.244
0.244
0.244
0.244
0.244
0.244
0.244
0.244
0.282
0.282
0.282
0.282
0.282
0.295
0.295
0.295
0.355
0.355
0.47
0.53
0.53
0.53
0.284
0.284
0.284
0.284
0.284
0.284
0.284
0.284
0.284
0.344
0.344
0.344
0.344
0.344
0.229
0.229
0.369
0.469
0.369
0.429
0.369
0.369
0.369
0.369
0.469
0.469
0.409
0.409
0.409
0.409
0.409
0.409
0.469
0.369
0.309
3.39
3.35
3.35
3.35
3.35
3.25
3.25
3.29
3.29
3.43
3.616
3.616
3.616
3.616
3.716
3.831
3.818
3.818
3.778
3.778
0.697
0.597
0.597
0.597
0.597
0.597
0.657
0.657
0.657
0.657
0.657
0.697
0.451
0.296
0.296
0.296
0.296
0.296
0.296
0.296
0.296
0.356
0.496
0.496
0.496
0.496
3.577
3.577
3.577
3.577
3.577
3.577
3.577
3.577
3.577
3.577
3.677
3.677
3.677
3.677
3.677
3.677
3.537
3.537
3.537
3.537
0.396
0.396
0.396
0.296
0.296
0.296
0.296
0.296
0.296
0.296
0.296
0.296
0.296
0.296
0.296
0.296
0.296
0.296
0.296
0.256
0.256
0.256
0.256
0.256
0.256
3.337
3.337
3.337
3.337
3.337
3.337
3.337
3.337
3.523
3.523
3.523
3.523
3.523
3.523
3.523
3.638
3.638
3.778
3.778
3.778
0.697
0.697
0.697
0.697
0.697
0.697
0.697
0.697
0.697
0.697
0.511
0.511
0.511
0.396
0.396
0.396
0.396
0.256
0.256
0.256
0.256
0.256
0.256
0.256
0.256
0.256
0.256
0.256
0.256
0.256
0.256
0.256
0.256
0.256
0.256
0.256
0.256
0.256
0.256
0.256
0.256
0.256
0.256
0.256
0.256
0.256
0.256
0.256
0.256
0.256
0.371
0.371
0.371
0.371
0.371
0.384
0.384
0.498
0.498
0.498
0.498
0.498
0.684
0.684
0.684
0.684
0.684
0.684
0.569
0.569
0.569
0.569
0.569
0.569
0.569
0.569
0.569
0.569
0.669
2.407
0.244
0.244
0.244
0.384
0.198
0.198
0.198
0.198
0.198
0.198
0.198
0.198
0.198
0.198
0.198
0.198
0.198
0.198
0.198
0.198
0.198
0.198
0.198
0.058
0.058
0.058
0.058
0.058
0.058
0.058
0.058
0.058
0.058
0.058
0.058
0.058
0.058
0.058
0.058
0.058
2.121
2.121
2.121
2.121
2.121
2.121
2.121
2.121
2.121
2.121
2.121
2.121
2.121
2.121
2.121
0.323
0.323
0.323
0.509
0.509
0.509
0.509
0.509
0.509
0.509
0.509
0.52
0.52
0.52
0.52
0.52
0.52
0.52
0.52
0.52
0.507
0.507
0.507
0.507
0.507
0.321
0.321
0.321
0.321
0.321
0.321
0.207
0.207
0.347
0.347
0.198
0.198
0.198
0.198
0.198
0.198
0.198
0.198
0.198
0.198
0.198
0.313
0.313
0.313
0.313
0.313
0.313
0.313
0.173
0.173
0.173
0.173
0.173
0.173
0.173
0.173
0.173
0.173
0.173
0.058
0.058
0.058
0.058
0.058
0.058
0.058
0.058
0.058
0.058
0.058
0.058
0.058
0.244
0.244
0.244
0.244
0.244
0.244
0.244
0.244
0.244
0.244
0.244
0.244
0.244
0.244
0.244
0.244
0.244
0.244
0.244
0.244
0.244
0.244
0.058
0.058
0.058
0.058
0.058
0.058
0.058
0.058
0.058
0.058
0.058
0.058
0.058
0.058
0.198
0.198
0.347
0.347
0.347
0.347
3.428
3.428
3.428
3.428
3.428
3.488
3.488
3.528
3.488
3.488
3.488
3.488
3.488
3.488
3.348
3.348
3.348
3.348
3.348
3.348
0.207
0.207
0.207
0.207
0.436
0.469
0.469
0.469
0.469
0.469
0.469
0.469
0.469
0.469
0.469
0.469
0.469
0.469
0.655
0.667
0.667
0.655
0.54
0.54
0.426
0.415
0.415
0.415
0.415
0.415
0.415
0.415
0.415
0.515
0.515
0.629
0.629
0.629
0.629
0.629
0.443
0.443
0.483
0.443
0.303
0.303
0.303
0.303
0.303
0.303
0.303
0.303
0.303
0.303
0.303
0.303
0.443
0.443
0.503
0.603
0.563
0.578
0.578
0.578
0.578
0.578
0.578
0.578
0.578
0.578
0.591
0.591
0.591
0.531
0.531
0.531
0.391
0.391
0.358
0.243
0.183
0.183
0.183
0.183
0.183
0.183
0.369
0.369
0.369
0.369
0.369
0.369
0.419
0.419
0.419
0.419
0.479
0.479
0.479
0.419
0.419
0.419
0.419
0.419
0.419
0.419
0.419
0.419
0.233
2.031
2.031
2.031
2.031
2.031
2.091
2.151
2.091
2.091
2.131
2.131
5.212
5.232
5.232
5.232
5.232
3.434
0.058
0.058
0.058
0.058
0.058
0.058
0.058
0.058
0.058
0.058
0.173
0.173
0.173
0.173
0.173
0.173
0.173
0.173
0.173
0.173
0.173
0.173
0.173
0.173
0.173
0.173
0.313
0.313
0.198
0.198
0.198
0.198
0.198
0.198
0.198
0.198
0.198
0.198
0.198
0.198
0.198
0.198
0.384
0.384
0.384
0.384
0.244
0.244
0.244
0.244
3.336
3.336
3.336
3.336
3.323
3.323
3.323
3.323
3.323
3.323
3.323
3.323
3.323
3.323
0.056
0.056
0.056
0.056
0.17
0.17
0.17
0.17
0.17
0.17
0.17
0.23
0.23
0.23
0.23
0.23
0.23
0.33
0.27
0.27
0.33
0.33
0.27
0.27
0.27
0.27
0.281
0.281
0.281
0.281
0.281
0.281
0.179
0.179
0.179
0.179
0.058
0.058
0.058
0.058
0.058
0.058
0.058
0.058
0.198
0.384
0.384
0.384
0.384
0.384
0.384
0.384
0.384
0.384
0.384
0.384
0.384
0.384
0.384
0.384
0.384
0.384
0.384
0.384
0.244
0.244
0.244
0.058
0.058
0.058
0.058
0.058
0.058
0.058
0.058
0.058
0.058
0.058
0.058
0.058
0.058
0.173
0.173
0.173
0.173
0.173
0.173
0.173
0.173
0.173
0.173
0.173
0.173
0.173
0.173
0.173
0.173
0.173
0.173
0.058
0.058
0.058
0.058
0.058
0.058
0.058
0.058
0.058
0.058
0.058
0.058
0.058
0.058
0.058
0.058
0.058
0.058
0.058
0.058
0.058
0.058
0.058
0.058
0.058
0.058
0.058
0.058
0.058
0.058
0.058
0.058
0.058
0.058
0.058
0.058
0.058
0.058
0.198
0.198
0.198
0.198
0.198
0.198
0.198
0.198
0.198
0.198
0.198
0.198
0.198
0.198
0.198
0.198
0.198
0.384
0.384
0.384
0.244
0.244
0.244
0.244
0.244
0.244
0.244
0.244
0.244
0.244
0.244
0.244
0.244
0.244
0.244
0.244
0.244
0.244
0.244
0.058
0.058
0.058
0.058
0.058
0.058
0.058
0.058
0.058
0.058
0.058
0.058
0.058
0.058
0.058
0.058
0.058
0.058
0.058
0.058
0.058
0.058
0.058
0.058
0.058
0.058
0.198
0.198
0.198
0.198
0.198
0.198
0.198
0.313
0.313
0.313
0.313
0.313
0.313
0.313
0.313
0.313
0.313
0.313
0.499
0.499
0.359
0.359
0.359
0.359
0.359
0.244
0.244
0.244
0.244
0.244
0.244
0.244
0.244
0.244
0.244
0.244
0.244
0.244
0.244
0.244
0.058
0.058
0.058
0.058
0.058
0.058
0.058
0.058
0.058
0.058
0.058
0.058
0.058
0.058
0.058
0.058
0.058
0.058
0.058
0.058
0.058
0.058
0.058
0.058
0.067
0.067
0.067
0.067
0.067
0.067
0.067
0.067
0.167
0.167
0.257
0.267
0.267
0.267
0.267
0.167
0.167
0.217
0.297
0.297
0.297
0.297
0.397
0.397
0.397
0.397
0.711
0.723
0.723
0.723
0.723
0.723
0.858
0.858
0.858
0.858
0.858
0.783
0.593
0.593
0.593
0.581
0.614
0.614
0.559
0.559
0.559
3.64
3.454
3.504
0.058
0.058
0.058
0.058
0.058
0.058
0.058
0.058
0.058
0.058
0.058
0.058
0.058
0.058
0.058
0.058
0.058
0.058
0.058
0.058
0.058
0.058
0.058
0.058
0.058
0.058
0.058
0.058
0.058
0.058
0.058
0.058
0.058
0.058
0.058
0.058
0.058
0.058
0.058
0.058
0.058
0.058
0.058
0.058
0.058
0.058
0.058
0.244
0.244
0.244
