0.196
0.196
0.236
0.236
0.296
0.325
0.325
0.325
0.385
0.385
0.385
0.385
0.385
0.485
0.485
0.385
0.385
0.385
0.385
0.385
0.385
0.385
0.41
0.301
0.301
0.292
0.292
0.292
0.292
0.292
0.392
0.232
0.197
0.197
0.306
0.306
0.306
0.053
0.053
0.053
0.053
0.053
0.053
0.053
0.053
0.053
0.053
0.053
0.053
0.053
0.053
0.053
0.053
0.053
0.053
0.053
0.053
0.063
0.063
0.063
0.063
0.063
0.063
0.063
0.063
0.063
0.063
0.063
0.063
0.063
0.063
0.063
0.063
0.063
0.063
0.063
0.063
0.063
0.063
0.063
0.063
0.063
0.171
0.171
0.171
0.171
0.171
0.171
0.171
0.171
0.171
0.171
0.171
0.171
0.171
0.171
0.171
0.171
0.171
0.171
0.063
0.063
0.063
0.063
0.063
0.063
0.063
0.063
0.211
0.211
0.211
0.211
0.211
0.211
0.211
0.211
0.211
0.211
0.211
0.211
0.405
0.405
0.405
0.405
0.405
0.405
0.405
0.405
0.257
0.257
0.257
0.257
0.257
0.257
0.257
0.257
0.257
0.365
0.365
0.365
0.365
0.365
0.171
0.171
0.171
0.171
0.171
0.171
0.171
0.171
0.171
0.171
0.171
0.171
0.171
0.063
0.063
0.229
0.229
0.229
0.229
0.229
0.229
0.229
0.229
0.229
0.229
0.229
0.229
0.229
0.229
0.063
0.063
0.063
0.063
0.063
0.063
0.063
0.063
0.063
0.063
0.063
0.063
0.063
0.063
0.063
0.063
0.063
0.257
0.257
0.257
0.257
0.257
0.257
0.257
0.257
0.257
0.405
0.405
0.405
0.405
0.405
0.405
0.405
0.405
0.405
0.405
0.405
0.405
0.405
0.211
0.211
0.211
0.211
0.211
0.211
0.211
0.063
0.063
0.063
0.063
0.063
0.063
0.063
0.063
0.063
0.063
0.063
0.063
0.063
0.063
0.063
0.063
0.063
0.063
0.229
0.229
0.229
0.229
0.229
0.229
0.229
0.229
0.229
0.229
0.229
0.229
0.229
0.229
0.063
0.063
0.063
0.063
0.063
0.063
0.063
0.063
0.063
0.063
0.063
0.063
0.063
0.063
0.171
0.171
0.171
0.171
0.171
0.171
0.171
0.171
0.171
0.171
0.171
0.171
0.171
0.171
0.171
0.171
0.171
0.171
0.063
0.063
0.063
0.063
0.063
0.063
0.063
0.257
0.257
0.257
0.257
0.257
0.257
0.257
0.257
0.257
0.257
0.257
0.257
0.257
0.257
0.257
0.257
0.257
0.257
0.257
0.423
0.423
0.423
0.229
0.229
0.229
0.229
0.229
0.229
0.229
0.229
0.229
0.229
0.229
0.063
0.063
0.063
0.063
0.063
0.063
0.063
0.063
0.063
0.063
0.063
0.063
0.063
0.063
0.063
0.063
0.063
0.063
0.063
0.063
0.063
0.063
0.063
0.063
0.063
0.063
0.063
0.063
0.063
0.211
0.211
0.211
0.211
0.211
0.211
0.211
0.211
0.211
0.211
0.211
0.211
0.211
0.211
0.211
0.211
0.211
0.211
0.211
0.211
0.063
0.063
0.063
0.063
0.063
0.063
0.063
0.063
0.063
0.063
0.063
0.063
0.063
0.229
0.229
0.229
0.229
0.229
0.229
0.229
0.229
0.229
0.229
0.229
0.229
0.229
0.229
0.063
0.257
0.257
0.365
0.365
0.365
0.365
0.365
0.365
0.365
0.364
0.364
0.364
0.364
0.364
0.364
0.364
0.364
0.364
0.364
0.364
0.256
0.256
0.083
0.183
0.183
0.183
0.183
0.223
2.008
2.008
2.008
0.223
0.223
0.283
0.283
0.283
0.283
0.283
0.283
0.283
0.283
0.283
0.343
0.343
0.343
0.343
0.343
0.343
0.343
0.343
0.343
0.243
0.243
0.243
0.243
0.243
0.243
0.243
0.343
0.343
0.355
0.355
0.355
0.355
0.395
0.355
0.355
0.355
0.334
0.334
0.334
0.334
0.334
0.334
0.334
0.588
0.588
0.588
0.588
0.795
0.795
0.795
0.795
0.795
0.816
0.816
0.816
0.924
0.924
0.758
0.758
0.758
0.758
0.758
0.818
0.57
0.57
0.57
0.57
0.57
0.57
0.376
2.161
2.161
2.161
0.268
0.268
0.268
0.268
0.268
0.268
0.268
0.268
0.268
0.308
0.443
0.403
0.403
0.291
0.291
0.291
0.291
0.291
0.291
0.291
0.291
0.291
0.256
0.256
0.256
0.256
0.256
0.256
0.256
0.256
0.504
0.504
0.404
0.404
0.391
0.391
0.499
0.499
0.499
0.499
0.499
0.539
0.499
0.499
0.511
0.511
0.705
0.705
0.733
0.693
0.545
0.545
0.485
0.651
0.543
0.543
0.643
0.643
0.643
0.643
0.703
0.682
0.582
0.595
0.595
0.595
0.595
0.469
0.275
0.275
0.315
0.315
0.315
0.315
0.415
0.415
0.415
0.415
0.315
0.315
0.315
0.315
0.315
0.315
0.215
0.236
0.176
0.176
0.155
0.155
0.263
0.384
0.484
0.384
0.384
0.384
0.284
0.284
0.284
0.284
0.284
0.384
0.523
0.523
0.523
0.523
0.595
0.495
0.495
0.495
0.347
0.347
0.347
0.347
2.33
2.33
2.478
2.478
2.478
2.513
2.513
2.513
2.513
2.5
2.5
2.5
2.5
2.5
2.5
2.5
2.5
2.5
2.5
2.5
2.558
0.575
0.575
0.575
0.575
0.575
0.575
0.575
0.575
0.585
0.585
0.585
0.585
0.545
0.379
0.379
0.379
0.339
0.339
0.339
0.339
0.533
0.533
0.533
0.533
0.533
0.533
0.533
0.533
0.533
0.533
0.533
0.533
0.533
0.533
0.533
0.533
0.641
0.641
0.641
0.641
0.641
0.641
0.447
0.447
0.447
0.447
0.447
0.447
0.447
0.447
0.447
0.447
0.447
0.447
0.339
0.339
0.339
0.304
0.304
0.304
0.304
0.304
0.304
0.481
0.481
0.304
0.304
0.304
0.304
0.304
0.304
0.304
0.304
0.304
0.304
0.304
0.481
0.481
0.304
0.304
0.304
0.294
0.294
0.294
0.294
0.294
0.294
0.294
0.294
0.471
0.471
0.294
0.294
0.294
0.294
0.46
0.46
0.46
0.46
0.46
0.321
0.321
0.498
0.646
0.964
0.999
0.999
0.999
0.999
0.46
0.46
0.46
0.46
0.46
0.46
0.46
0.46
0.46
0.46
0.46
0.46
0.568
0.568
0.42
0.42
0.42
0.42
0.42
0.42
0.42
0.42
0.226
0.226
0.322
0.322
0.322
0.301
0.301
0.301
0.193
0.193
0.193
0.193
0.193
0.193
0.193
0.193
0.193
0.193
0.193
0.193
0.193
0.193
0.193
0.193
0.193
0.193
0.193
0.193
0.193
0.193
0.193
0.193
0.193
0.193
0.193
0.193
0.193
0.193
0.193
0.193
0.193
0.193
0.193
0.193
0.359
0.359
0.359
0.518
0.518
0.518
0.632
0.632
0.632
0.632
0.632
0.632
0.632
0.632
0.466
0.574
0.609
0.609
0.513
1.884
1.884
1.884
1.884
1.884
1.77
1.576
1.69
1.69
1.69
1.69
1.69
1.69
1.69
1.582
1.582
1.582
1.582
1.582
1.582
1.434
1.434
1.434
1.434
1.434
1.455
1.455
1.455
1.455
1.455
0.245
0.245
0.245
0.245
0.245
0.245
0.245
0.245
0.245
0.245
0.245
0.245
0.245
0.245
0.245
0.245
0.245
0.245
0.245
0.245
0.245
0.439
0.439
0.547
0.607
0.607
0.547
0.647
0.687
0.687
0.687
0.687
0.687
0.687
0.853
0.853
0.853
0.853
0.853
0.853
0.818
0.71
0.71
0.495
0.495
0.495
0.455
0.455
0.249
0.289
0.289
0.447
0.447
0.447
0.487
0.487
0.487
0.487
0.487
0.487
0.474
0.514
0.514
0.514
0.514
0.514
0.549
0.549
0.549
0.469
0.529
0.381
0.381
0.481
0.481
0.481
0.481
0.481
0.481
0.589
0.589
0.589
0.589
0.589
0.589
0.589
0.589
0.589
0.629
0.594
0.594
0.788
0.888
0.888
0.888
0.783
0.783
0.675
0.675
0.775
0.835
0.835
0.835
0.835
0.835
0.835
0.835
0.835
0.835
0.835
0.835
0.835
1.001
0.807
0.807
0.807
0.807
0.807
0.807
0.807
0.807
0.707
0.707
0.707
0.697
0.697
0.531
0.531
0.531
0.531
0.531
0.531
0.531
0.579
0.579
0.579
0.579
0.579
0.579
0.579
0.619
0.619
0.659
0.619
0.619
0.619
0.654
0.654
0.654
0.654
0.654
1.646
1.646
1.846
0.646
0.706
0.646
0.646
0.646
0.646
0.586
0.686
0.686
0.686
0.686
0.696
0.844
0.804
0.769
0.73
0.73
0.73
0.73
0.73
0.73
0.73
0.63
0.63
0.63
0.63
0.63
0.769
0.769
0.655
0.655
0.655
0.507
0.467
0.467
0.467
0.467
0.467
0.507
0.507
0.507
0.507
0.507
0.507
0.507
0.701
0.701
0.701
0.701
0.701
0.701
0.801
0.951
0.951
0.951
0.951
0.951
0.951
0.951
0.851
0.959
0.959
0.959
1.125
1.085
1.085
1.085
0.931
0.781
0.741
0.741
0.741
0.741
0.781
0.821
0.721
0.781
0.555
0.447
0.447
0.447
0.447
0.447
0.447
0.437
0.585
0.585
0.585
0.585
0.545
2.33
2.33
2.33
0.545
0.545
0.545
0.545
0.505
0.505
0.505
0.545
0.545
0.505
0.505
0.505
0.357
0.357
0.357
0.357
0.392
0.392
0.392
0.392
0.392
0.392
0.392
0.402
0.402
0.402
0.402
0.51
0.51
0.51
0.61
0.704
0.704
0.704
0.704
0.704
0.744
0.704
0.704
0.704
0.704
0.704
0.704
0.704
0.704
0.596
0.596
0.696
0.762
0.762
0.762
0.762
0.762
0.568
0.568
0.568
0.568
0.568
0.229
0.229
0.229
0.229
0.063
0.063
0.063
0.063
0.063
0.063
0.063
0.063
0.063
0.063
0.063
0.063
0.063
0.063
0.063
0.063
0.063
0.063
0.063
0.063
0.063
0.063
0.063
0.171
0.171
0.171
0.171
0.171
0.171
0.171
0.319
0.319
0.319
0.319
0.319
0.319
0.319
0.319
0.319
0.319
0.513
0.405
0.405
0.405
0.405
0.405
0.588
0.588
0.588
0.588
0.44
0.44
0.44
0.44
0.44
0.301
0.301
0.301
0.301
0.301
0.301
0.415
0.221
0.221
0.221
0.221
0.261
0.261
0.261
0.261
0.221
0.221
0.221
0.221
0.221
0.221
0.221
0.186
0.286
0.286
0.286
0.346
0.386
0.386
0.336
0.336
0.336
0.336
0.357
0.357
0.523
0.523
0.523
0.423
0.531
0.531
0.531
0.531
0.51
0.51
0.51
0.51
0.65
0.65
0.505
0.505
0.505
0.545
0.545
0.445
0.545
0.545
0.537
0.731
0.731
0.631
0.631
0.631
1.617
1.677
1.677
0.577
0.477
0.477
0.477
0.477
0.437
0.437
0.437
0.437
0.437
0.437
0.437
0.437
0.477
0.223
0.223
0.371
0.371
0.371
0.371
0.371
0.371
0.485
0.485
0.485
0.485
0.485
0.485
0.485
0.485
0.485
0.485
0.485
0.485
0.485
0.485
0.337
0.337
0.337
0.337
0.223
0.223
0.366
0.366
0.366
0.366
0.366
0.366
0.366
0.366
0.532
0.532
0.532
0.532
0.532
0.532
0.532
0.532
0.532
0.532
0.424
0.424
0.424
0.424
0.258
0.258
0.237
0.237
0.237
0.237
0.237
0.237
0.237
0.237
0.237
0.451
0.451
0.451
0.491
0.491
0.491
0.491
0.63
0.63
0.63
0.778
0.778
0.778
0.718
0.718
0.739
0.739
0.739
0.933
0.912
0.912
0.912
0.912
0.912
0.912
0.912
0.912
0.912
0.922
0.922
0.774
0.786
0.746
0.746
0.746
0.746
0.746
0.746
0.746
0.746
0.517
0.505
0.505
0.505
0.526
0.692
0.692
0.692
0.692
0.692
0.229
0.229
0.229
0.229
0.229
0.229
0.337
0.337
0.337
0.171
0.171
0.171
0.171
0.171
0.171
0.171
0.171
0.171
0.171
0.171
0.171
0.171
0.171
