0.065
0.065
0.065
0.065
0.065
0.065
0.065
0.065
0.065
0.065
0.065
0.065
0.065
0.065
0.065
0.065
0.065
0.065
0.065
0.065
0.065
0.065
0.065
0.065
0.055
0.055
0.055
0.055
0.055
0.055
0.055
0.055
0.055
0.055
0.055
0.055
0.055
0.058
0.058
0.058
0.058
0.058
0.058
0.058
0.058
0.058
0.058
0.058
0.058
0.058
0.058
0.058
0.058
0.058
0.058
0.058
0.058
0.058
0.058
0.058
0.058
0.058
0.058
0.058
0.058
0.068
0.068
0.068
0.068
0.068
0.068
0.068
0.068
0.068
0.068
0.068
0.068
0.068
0.068
0.068
0.068
0.175
0.175
0.175
0.175
0.175
0.175
0.175
0.175
0.175
0.175
0.175
0.175
0.175
0.175
0.175
0.175
0.175
0.175
0.068
0.068
0.068
0.068
0.068
0.068
0.068
0.068
0.068
0.068
0.068
0.068
0.068
0.068
0.068
0.068
0.068
0.068
0.068
0.068
0.068
0.068
0.068
0.068
0.068
0.068
0.068
0.068
0.068
0.068
0.068
0.068
0.068
0.068
0.068
0.068
0.068
0.068
0.068
0.068
0.068
0.175
0.175
0.175
0.175
0.175
0.175
0.175
0.175
0.175
0.175
0.175
0.175
0.175
0.175
0.175
0.175
0.175
0.175
0.068
0.068
0.068
0.068
0.068
0.068
0.068
0.068
0.068
0.068
0.068
0.068
0.068
0.068
0.068
0.068
0.068
0.068
0.068
0.066
0.066
2.13
2.13
2.13
0.066
0.106
0.146
0.106
0.106
0.226
0.186
0.186
0.126
0.126
0.126
0.126
0.126
0.126
0.126
0.126
0.126
0.126
0.126
0.126
0.126
0.126
0.126
0.126
0.126
0.265
0.265
0.305
0.305
0.305
0.345
0.345
0.345
0.345
0.345
0.345
0.345
0.345
0.345
0.345
0.345
0.345
0.385
0.345
0.385
0.385
0.405
0.405
0.465
0.477
0.417
0.417
0.417
0.417
0.515
0.515
0.515
0.515
0.376
0.376
0.436
0.416
0.416
0.416
0.476
2.54
2.54
2.382
0.318
0.318
0.318
0.318
0.358
0.488
0.448
0.496
0.536
0.536
0.536
0.496
0.496
0.496
0.496
0.496
0.496
0.496
0.531
0.631
2.655
2.62
2.62
0.616
0.616
0.616
0.616
0.616
0.616
0.616
0.616
0.616
0.616
0.616
0.616
0.616
0.576
0.576
0.576
0.576
0.576
0.576
0.576
0.476
0.476
0.476
0.416
0.416
0.416
0.416
0.416
0.416
0.416
0.416
0.416
0.416
0.416
0.476
0.476
0.476
0.476
0.476
0.476
0.476
0.476
0.488
0.488
0.595
0.595
0.635
0.595
0.595
0.595
0.555
0.555
0.435
0.435
0.475
0.55
0.475
0.475
0.475
0.475
0.475
0.515
0.468
0.468
0.428
0.428
0.428
0.428
0.483
0.428
0.428
0.471
0.471
0.471
0.471
0.569
0.569
0.569
0.569
0.569
0.569
0.569
0.609
0.609
0.597
0.537
0.537
0.537
0.537
0.537
0.537
0.537
0.537
0.537
0.497
0.414
0.414
0.414
0.414
0.414
0.414
0.414
0.414
0.414
0.394
0.394
0.354
0.354
0.354
0.354
0.354
0.354
0.354
0.394
0.394
0.394
0.394
0.394
0.394
0.454
0.394
0.394
0.454
0.454
0.454
0.454
0.454
0.454
0.454
0.454
0.454
0.454
0.454
0.561
0.561
0.621
0.621
0.561
0.561
0.521
0.521
0.521
0.521
0.521
0.481
0.461
0.461
0.461
0.461
0.501
0.501
0.394
0.394
0.434
0.434
0.394
0.394
0.394
0.434
0.434
0.434
0.434
0.434
0.434
0.434
0.434
0.434
0.434
0.434
0.434
0.434
0.494
0.434
0.443
0.517
0.517
0.477
0.477
0.339
0.399
0.399
0.399
0.399
0.399
0.356
0.456
0.456
0.531
0.531
0.531
0.531
0.531
0.531
0.606
0.646
0.606
0.606
0.546
0.546
0.546
0.486
0.486
0.486
0.636
0.636
0.696
0.653
0.653
0.653
0.653
0.613
0.613
0.613
2.677
2.737
2.757
0.618
0.618
0.558
0.558
0.558
0.491
0.551
0.551
0.551
0.551
0.511
0.511
2.575
2.595
2.572
0.488
0.528
0.531
0.531
0.488
0.488
0.488
0.588
0.548
2.592
2.532
2.532
0.468
0.468
0.468
0.468
0.456
0.456
0.456
0.456
0.456
0.456
0.516
0.516
0.516
0.516
0.556
0.556
0.556
0.516
0.576
0.576
0.576
0.576
0.576
0.536
0.536
0.536
2.707
2.707
2.707
0.643
0.643
0.643
0.643
0.643
0.643
0.643
0.643
0.643
0.643
0.573
0.703
0.703
0.743
0.743
0.596
0.536
0.536
0.536
0.571
0.571
0.611
0.611
0.709
0.723
0.625
0.625
0.565
0.565
0.565
0.565
0.565
0.565
0.565
0.565
0.565
0.585
0.585
0.585
0.585
0.585
0.585
0.585
0.585
0.565
0.49
0.49
0.49
0.49
0.49
0.49
0.49
0.49
0.49
0.502
0.502
0.502
0.502
0.542
0.502
0.502
0.502
0.502
0.482
0.482
0.482
0.442
0.442
0.442
0.442
0.442
0.442
0.442
0.442
0.442
0.442
0.442
0.442
0.442
0.442
0.442
0.442
0.442
0.442
0.428
0.428
0.428
0.328
0.328
0.328
0.328
0.328
0.43
2.494
2.494
2.494
0.43
0.43
0.43
0.43
0.43
0.466
0.466
0.466
0.466
0.466
0.466
0.466
0.466
0.466
0.466
0.466
0.466
0.466
0.466
0.466
0.466
0.466
0.466
0.466
0.466
0.466
0.466
0.466
0.466
0.466
0.466
0.454
0.454
0.454
0.454
0.454
0.454
0.454
0.454
0.454
0.454
0.394
0.394
0.394
0.394
0.394
0.394
0.394
0.394
0.394
0.394
0.394
0.434
2.498
2.498
2.498
0.332
0.332
0.332
0.332
0.332
0.43
0.332
0.471
0.471
0.471
0.471
0.471
0.471
0.471
0.471
0.431
0.431
0.431
0.431
0.431
0.431
0.431
0.395
0.395
0.395
0.395
0.395
0.395
0.395
0.395
0.395
0.395
0.395
0.395
0.395
0.256
0.363
0.363
0.363
0.363
0.363
0.363
0.363
0.363
0.363
0.375
0.375
0.375
0.375
0.375
0.375
0.375
0.435
0.435
0.328
0.328
0.328
0.328
0.328
0.328
0.328
0.328
0.364
0.364
0.364
0.364
0.364
0.364
0.364
0.364
0.364
0.364
0.364
0.364
0.364
0.364
0.364
0.364
0.304
0.304
0.304
0.304
0.304
0.304
0.304
0.304
0.304
0.304
0.304
0.304
0.304
0.304
0.304
0.304
0.304
0.304
2.368
2.368
2.368
0.304
0.304
0.304
0.411
0.411
0.411
0.411
0.411
0.411
0.411
0.411
0.411
0.411
0.411
0.411
0.411
0.411
0.411
0.411
0.399
0.399
0.292
0.292
0.292
0.292
0.232
0.232
0.232
0.232
0.232
0.232
0.232
0.232
0.232
0.232
0.232
2.413
2.413
2.413
2.413
2.413
2.413
2.449
2.449
2.489
2.489
2.489
2.489
2.489
2.489
2.489
2.489
0.272
0.272
0.272
0.286
0.286
2.35
2.35
2.35
0.156
0.295
0.295
0.295
0.295
0.295
0.295
2.359
2.359
2.359
0.295
0.295
0.295
0.295
0.295
0.295
0.295
0.295
0.255
0.255
0.255
0.255
0.255
0.255
0.255
0.255
0.255
0.255
0.255
0.255
0.255
0.255
0.255
0.315
0.315
0.255
0.255
0.362
0.362
0.362
0.362
0.362
0.362
0.362
0.362
0.223
0.223
0.223
0.223
0.223
0.223
0.223
0.223
0.223
0.223
0.066
0.066
0.066
0.106
0.106
0.106
0.066
0.066
0.106
0.106
0.066
0.066
0.066
0.066
0.066
0.066
0.066
0.066
0.066
0.066
0.066
0.066
0.066
0.066
0.126
0.265
0.265
0.265
0.265
0.265
0.265
0.265
0.285
0.285
0.285
0.285
0.392
0.392
0.372
0.233
0.333
0.313
0.333
0.373
0.333
0.333
0.175
0.175
0.175
0.175
0.175
0.175
0.175
0.175
0.068
0.068
0.068
0.068
0.068
0.068
0.068
0.068
0.068
0.068
0.068
0.068
0.068
0.068
0.068
0.068
0.068
0.068
0.068
0.068
0.068
0.068
0.068
0.068
0.068
0.068
0.068
0.068
0.068
0.068
0.068
0.068
0.068
0.068
0.068
0.068
0.068
0.068
0.068
0.068
0.068
0.068
0.068
0.068
0.068
0.068
0.068
0.068
0.068
0.068
0.068
0.068
0.068
0.068
0.068
0.068
0.068
0.068
0.068
0.068
0.068
0.068
0.068
0.068
0.068
0.068
0.068
0.068
0.068
0.068
0.068
0.068
0.068
0.068
0.068
0.068
0.068
0.068
0.068
0.068
0.068
0.068
0.068
0.068
0.068
0.068
0.068
0.068
0.068
0.068
0.068
0.068
0.068
0.068
0.068
0.068
0.068
0.068
0.068
0.068
0.175
0.175
0.175
0.175
0.175
0.175
0.175
0.175
0.175
0.175
0.175
0.175
0.175
0.175
0.175
0.175
0.175
0.175
0.068
0.068
0.068
0.068
0.068
0.068
0.068
0.068
0.068
0.068
0.068
0.068
0.068
0.068
0.068
0.068
0.068
0.068
0.068
0.068
0.068
0.068
0.068
0.068
0.068
0.068
0.068
0.068
0.068
0.068
0.068
0.068
0.068
0.068
0.068
0.068
0.068
0.068
0.068
0.068
0.068
0.068
0.068
0.068
0.068
0.068
0.068
0.068
0.175
0.175
0.175
0.175
0.175
0.175
0.173
0.173
0.173
0.233
0.268
0.268
0.268
0.268
0.343
0.383
0.359
0.359
0.252
0.252
0.177
0.177
0.177
0.177
0.177
2.241
2.241
2.241
0.177
0.177
0.197
0.189
0.189
0.249
0.249
0.189
0.189
0.189
0.189
0.249
0.249
0.249
0.249
0.249
0.249
0.249
0.289
0.289
0.344
0.344
0.249
0.249
0.249
0.249
2.313
2.313
2.313
0.408
0.408
0.408
0.468
0.408
0.408
0.388
0.446
0.446
0.446
0.446
0.446
0.446
0.466
0.466
0.466
0.466
0.526
0.526
0.526
0.491
0.491
0.531
0.471
0.471
0.471
0.511
0.511
0.511
0.471
0.471
0.471
0.375
0.375
0.375
0.375
0.375
0.375
0.375
0.375
0.415
0.415
0.415
0.415
0.415
0.415
0.415
0.403
0.403
0.51
0.51
0.53
0.53
0.53
0.59
0.59
0.602
0.602
0.542
0.542
0.542
0.542
0.542
0.542
0.542
0.542
0.542
0.435
0.435
0.435
0.447
0.447
0.447
0.447
0.447
0.447
0.447
0.447
0.447
0.447
0.447
0.447
0.447
0.507
0.507
0.507
0.447
0.447
0.447
0.427
0.427
0.427
0.427
0.427
0.557
0.557
0.557
0.597
0.597
0.633
0.735
0.735
0.735
0.735
0.795
0.795
0.87
0.93
0.93
0.93
0.89
0.945
0.945
0.945
0.945
0.945
0.87
0.87
0.87
0.87
0.87
0.87
0.87
0.87
0.87
0.87
0.87
0.87
0.925
0.878
0.913
0.913
0.873
0.873
0.913
0.873
0.873
0.873
0.815
0.815
0.775
0.775
0.775
0.775
0.775
0.775
0.775
0.775
0.775
0.775
0.775
0.815
0.815
0.815
0.815
0.815
0.815
0.815
0.815
0.772
0.65
0.65
0.748
0.748
0.688
0.688
0.688
0.728
0.728
0.728
0.728
0.728
0.732
0.732
0.732
0.752
0.827
0.827
0.863
0.903
0.828
0.828
0.828
2.892
2.892
2.852
0.788
0.828
0.883
0.883
0.883
0.883
0.923
0.823
0.823
0.823
0.823
0.763
0.763
0.806
0.806
0.806
0.766
0.766
0.766
0.711
0.711
0.711
0.771
0.771
0.791
0.791
0.851
0.851
0.851
0.851
0.851
0.791
0.831
0.831
0.831
0.831
0.831
0.831
0.831
0.831
0.871
0.871
0.871
0.871
0.871
0.931
0.919
0.859
0.761
0.801
0.801
0.741
0.741
0.701
0.701
0.661
0.661
0.661
0.661
0.661
0.661
0.661
0.776
0.776
0.883
0.847
