0.559
0.559
0.559
0.499
0.499
0.499
0.499
0.499
2.247
2.247
2.247
0.479
0.479
0.479
0.479
0.479
0.539
0.489
0.489
0.464
0.404
0.404
0.404
0.404
0.461
0.461
0.461
0.069
0.069
0.069
0.069
0.069
0.209
0.209
0.209
0.209
0.209
0.071
0.071
0.071
0.071
0.061
0.061
0.061
0.061
0.061
0.061
0.061
0.061
0.061
0.061
0.061
0.061
0.061
0.061
0.061
0.061
0.061
0.061
0.061
0.061
0.061
0.061
0.061
0.061
0.061
0.061
0.061
0.061
0.061
0.061
0.071
0.071
0.071
0.071
0.071
0.239
0.239
0.239
0.239
0.239
0.239
0.239
0.239
0.239
0.239
0.239
0.239
0.239
0.239
0.239
0.239
0.239
0.239
0.239
0.239
0.239
0.239
0.071
0.071
0.071
0.071
0.071
0.071
0.071
0.071
0.071
0.071
0.071
0.071
0.071
0.071
0.071
0.071
0.071
0.071
0.071
0.071
0.071
0.071
0.071
0.071
0.071
0.071
0.071
0.071
0.071
0.071
0.071
0.071
0.071
0.071
0.071
0.071
0.071
0.071
0.071
0.071
0.071
0.071
0.071
0.071
0.071
0.071
0.071
0.071
0.071
0.071
0.071
0.071
0.071
0.071
0.071
0.071
0.071
0.071
0.071
0.071
0.071
0.071
0.071
0.071
0.071
0.071
0.071
0.071
0.071
0.071
0.071
0.071
0.071
0.071
0.071
0.071
0.071
0.071
0.071
0.071
0.071
0.071
0.071
0.239
0.239
0.239
0.239
0.239
0.239
0.239
0.239
0.239
0.239
0.239
0.239
0.239
0.239
0.239
0.239
0.239
0.239
0.239
0.239
0.239
0.239
0.071
0.071
0.071
0.071
0.071
0.071
0.071
0.071
0.071
0.071
0.071
0.071
0.071
0.071
0.071
0.071
0.071
0.071
0.071
0.071
0.071
0.071
0.071
0.071
0.071
0.071
0.071
0.071
0.071
0.071
0.071
0.071
0.071
0.071
0.071
0.071
0.071
0.071
0.071
0.071
0.071
0.071
0.071
0.071
0.239
0.239
0.239
0.239
0.239
0.239
0.239
0.239
0.239
0.239
0.239
0.239
0.239
0.239
0.239
0.239
0.239
0.239
0.239
0.239
0.239
0.239
0.071
0.071
0.071
0.071
0.071
0.071
0.071
0.071
0.071
0.071
0.071
0.071
0.071
0.071
0.071
0.071
0.071
0.071
0.071
0.071
0.071
0.071
0.071
0.071
0.071
0.071
0.071
0.071
0.071
0.071
0.071
0.071
0.071
0.071
0.071
0.071
0.071
0.071
0.071
0.071
0.071
0.071
0.071
0.071
0.071
0.071
0.071
0.071
0.071
0.071
0.071
0.071
0.071
0.071
0.071
0.071
0.071
0.071
0.071
0.071
0.071
0.071
0.071
0.071
0.071
0.071
0.239
0.239
0.239
0.239
0.239
0.239
0.239
0.239
0.239
0.239
0.239
0.239
0.239
0.239
0.239
0.239
0.239
0.239
0.239
0.239
0.239
0.239
0.071
0.071
0.071
0.071
0.071
0.071
0.071
0.071
0.071
0.071
0.071
0.071
0.071
0.071
0.071
0.071
0.071
0.071
0.071
0.071
0.071
0.071
0.071
0.071
0.071
0.071
0.071
0.071
0.071
0.071
0.071
0.071
0.071
0.071
0.071
0.071
0.071
0.071
0.071
0.071
0.071
0.071
0.071
0.071
0.071
0.071
0.071
0.071
0.071
0.071
0.239
0.239
0.239
0.239
0.239
0.239
0.239
0.239
0.239
0.239
0.239
0.239
0.239
0.239
0.239
0.239
0.239
0.239
0.239
0.239
0.239
0.239
0.071
0.071
0.071
0.071
0.071
0.071
0.071
0.071
0.071
0.071
0.071
0.071
0.071
0.071
0.071
0.071
0.071
0.071
0.071
0.071
0.071
0.071
0.071
0.071
0.071
0.071
0.071
0.071
0.071
0.071
0.071
0.071
0.071
0.071
0.071
0.071
0.071
0.071
0.071
0.071
0.071
0.071
0.071
0.071
0.071
0.071
0.071
0.071
0.069
0.069
0.069
0.069
0.069
0.144
0.144
0.144
0.144
0.144
0.144
0.204
0.204
0.204
0.204
0.204
0.204
0.264
0.204
0.069
0.083
0.083
0.083
0.083
0.083
0.143
0.143
0.143
0.218
0.218
0.218
0.218
0.28
0.28
0.347
0.347
0.347
0.347
0.347
0.287
0.287
0.555
0.555
0.555
0.555
0.655
0.593
0.593
0.593
0.593
0.533
0.533
0.533
0.533
0.553
0.573
0.573
0.573
0.573
0.506
0.506
0.506
0.506
0.378
0.378
0.378
0.378
0.378
0.378
0.358
0.358
0.358
0.458
0.439
0.559
0.559
0.459
0.459
0.459
0.459
0.526
0.539
0.499
0.499
0.539
0.539
0.539
0.539
0.539
0.539
0.519
0.519
0.519
0.681
0.681
0.681
0.681
0.753
0.753
0.855
0.855
0.855
0.855
0.855
0.855
2.898
2.958
2.958
3.066
2.991
2.991
2.991
2.991
3.091
3.031
3.031
3.031
3.031
3.031
2.964
2.964
2.964
2.848
2.915
3.019
3.019
1.036
1.036
1.036
1.016
0.848
0.848
0.848
2.714
2.714
2.781
0.875
0.875
0.875
0.875
0.875
0.862
0.862
0.862
0.862
0.922
0.922
0.922
0.922
0.922
0.922
0.922
0.922
0.922
0.922
0.922
0.922
0.922
0.922
0.922
0.922
0.922
0.922
0.922
0.922
0.922
0.922
0.922
0.922
0.822
0.822
0.822
0.822
0.822
0.822
0.822
0.822
0.822
0.822
0.822
0.822
0.822
0.822
0.928
0.928
0.928
0.928
0.928
0.928
1.105
1.045
0.868
0.868
0.868
0.868
0.868
0.868
0.868
0.868
0.868
0.868
0.868
1.045
1.045
0.868
0.7
0.7
0.619
0.619
0.619
0.619
0.619
2.525
2.525
2.525
0.796
0.941
0.764
0.764
0.764
0.764
0.764
0.764
0.764
0.764
0.764
0.764
0.764
0.941
0.941
1.259
1.259
1.259
1.259
3.319
2.752
2.752
2.752
2.752
2.752
4.658
4.658
4.658
2.752
2.752
2.752
2.752
2.752
2.752
2.692
2.692
2.692
2.692
2.592
2.592
2.592
2.592
2.447
2.447
2.447
2.447
2.447
2.347
2.347
2.347
2.347
2.347
2.347
2.347
2.515
2.515
2.515
2.515
2.515
2.515
2.515
2.515
2.515
2.515
2.515
2.528
2.528
2.528
2.528
2.528
2.528
2.528
2.528
2.528
2.528
2.528
2.36
2.36
2.441
0.381
0.381
0.381
0.381
0.381
0.381
0.3
0.3
0.3
0.3
0.3
0.4
0.4
0.4
0.4
0.4
0.4
0.4
0.4
0.4
0.4
0.4
0.4
0.4
0.4
0.4
2.239
2.239
2.239
0.333
0.333
0.333
0.333
0.333
0.333
0.333
0.333
0.408
0.553
0.553
0.553
0.553
0.553
0.553
0.553
0.553
0.54
0.54
0.54
0.54
0.54
0.54
0.54
0.54
0.54
0.554
0.654
0.621
0.621
0.546
0.546
0.546
0.546
0.546
0.577
0.745
0.745
1.868
1.868
1.868
0.745
0.745
0.678
0.678
0.678
0.678
0.678
0.678
0.678
0.678
0.678
0.678
0.678
0.678
0.678
0.678
0.678
0.51
0.51
0.51
0.51
0.51
0.51
0.51
0.51
0.51
0.51
0.51
0.51
0.51
0.51
0.51
0.51
0.51
0.51
0.51
0.41
0.41
0.41
0.41
0.41
0.41
0.41
0.41
0.41
0.41
0.41
0.41
0.41
0.41
0.41
0.41
0.41
0.41
0.577
0.577
0.517
0.517
0.503
0.503
0.352
0.352
0.312
0.312
0.312
0.325
0.325
0.294
0.294
0.294
0.294
0.294
0.294
0.294
0.375
0.375
0.375
0.375
0.375
0.41
0.51
0.51
0.678
0.678
0.678
0.778
0.778
0.818
0.88
0.88
0.88
0.88
0.94
0.981
0.981
0.914
0.914
0.865
0.905
0.905
0.905
0.905
0.905
0.905
0.737
0.737
0.737
0.737
0.737
0.737
0.737
0.737
0.737
0.737
0.737
0.596
0.596
0.596
0.596
0.496
0.496
0.596
0.596
0.596
0.596
0.583
0.583
0.583
0.583
0.683
0.683
0.683
0.683
0.583
0.583
0.583
0.383
0.383
0.383
0.383
0.383
0.383
0.383
0.343
0.383
0.397
0.397
0.397
0.397
0.397
0.437
0.512
0.537
0.537
0.537
0.537
0.537
0.537
0.637
0.637
0.637
0.537
0.537
0.597
0.684
0.892
0.892
0.992
0.992
1.108
1.108
1.108
1.108
1.108
1.108
1.108
1.108
1.048
1.088
1.088
0.948
0.948
0.948
0.908
0.908
0.908
0.908
0.74
0.74
0.74
0.673
0.673
0.673
0.673
0.673
0.557
0.557
0.557
0.557
0.617
0.617
0.617
0.63
0.63
0.63
0.63
0.53
0.53
0.53
0.43
0.49
0.43
0.43
0.43
0.43
0.45
0.45
0.43
0.43
0.43
0.43
0.43
0.49
0.49
0.59
0.63
0.646
0.646
0.821
0.741
0.808
0.883
0.883
0.808
0.808
0.727
0.741
0.741
0.666
0.666
0.766
0.766
0.866
0.941
0.941
1.081
0.981
1.021
0.981
1.074
0.927
1.002
1.062
0.867
0.867
0.948
0.948
0.948
0.948
0.948
0.948
0.948
0.875
0.875
1.035
1.035
1.095
1.095
1.035
1.035
1.035
0.907
0.867
0.942
0.942
0.942
0.942
0.767
0.767
0.767
0.767
0.687
0.627
0.627
0.627
0.527
0.527
0.527
0.527
0.627
0.627
0.687
0.775
0.775
0.735
0.635
0.635
0.635
0.635
0.695
0.695
0.695
0.695
0.695
0.695
0.735
0.695
0.695
0.695
0.6
0.54
0.58
0.58
0.58
0.58
0.505
0.505
0.505
0.505
0.465
0.527
0.465
0.465
0.625
0.625
0.525
0.625
0.81
0.891
0.951
0.706
0.726
0.645
0.72
0.726
0.726
0.666
0.964
0.964
1.045
0.978
0.978
0.978
1.105
1.085
1.085
1.085
1.125
1.125
1.125
1.125
1.058
1.205
1.218
1.118
1.118
1.118
1.218
1.118
0.95
0.95
0.89
0.828
0.753
0.653
0.753
0.918
0.985
0.985
0.985
0.858
0.858
0.858
0.918
2.839
2.914
2.833
0.919
1.051
1.051
1.051
0.981
0.981
0.981
0.981
0.906
0.906
0.906
0.937
1.082
1.082
1.082
1.082
1.082
1.082
1.102
1.102
1.027
1.027
1.027
1.027
1.089
1.089
1.189
1.229
1.229
1.229
1.129
1.129
1.129
1.067
1.007
1.053
1.04
1.115
1.115
1.215
1.315
1.315
1.315
1.315
1.24
1.24
1.215
1.114
1.114
1.214
1.114
1.357
1.417
1.417
1.417
1.417
3.323
3.363
3.343
1.537
1.537
1.437
1.262
1.262
1.222
1.077
1.077
0.976
1.057
1.057
1.057
0.976
0.976
0.964
1.109
1.028
1.028
1.028
1.028
0.908
0.908
0.908
0.908
0.908
0.877
0.877
0.939
0.877
0.958
0.877
0.877
0.877
0.952
0.952
0.877
0.877
0.877
0.877
0.81
0.877
0.877
0.877
0.877
0.937
1.018
0.942
0.942
0.902
1.002
1.002
1.002
1.002
0.942
1.004
1.044
1.044
0.982
0.982
1.082
1.082
0.968
1.068
1.128
1.168
1.168
1.128
1.128
1.128
1.128
1.148
1.108
1.108
1.128
1.128
1.128
1.027
1.027
1.027
1.127
1.194
1.194
1.214
1.254
1.348
1.408
1.408
1.408
1.408
1.308
1.308
1.456
1.456
1.396
1.396
1.396
1.396
1.396
1.396
1.396
3.202
3.182
3.175
1.309
1.309
1.309
1.309
1.309
1.309
1.269
1.269
1.209
1.189
1.041
1.041
1.122
1.189
1.249
1.309
1.242
1.242
1.242
1.242
1.242
1.182
1.082
1.082
1.082
1.082
1.082
1.082
1.095
1.095
1.095
1.055
1.055
1.122
1.182
1.182
1.182
1.037
1.037
1.037
0.977
0.817
0.917
0.977
0.917
0.836
0.936
0.936
0.896
0.836
0.936
0.936
0.876
0.936
0.922
0.862
0.662
0.662
0.662
0.662
