0.07
0.07
0.07
0.07
0.06
0.06
0.06
0.06
0.06
0.06
0.06
0.06
0.06
0.06
0.06
0.06
0.06
0.06
0.15
0.15
0.15
0.15
0.15
0.15
0.15
0.15
0.15
0.15
0.15
0.15
0.15
0.15
0.15
0.15
0.16
0.16
0.07
0.07
0.07
0.07
0.07
0.07
0.07
0.07
0.07
0.07
0.07
0.07
0.26
0.26
0.26
0.26
0.26
0.26
0.26
0.26
0.26
0.26
0.26
0.26
0.26
0.26
0.26
0.26
0.26
0.26
0.26
0.26
0.26
0.26
0.07
0.07
0.07
0.07
0.07
0.07
0.07
0.07
0.16
0.16
0.16
0.16
0.16
0.16
0.16
0.16
0.16
0.16
0.16
0.16
0.16
0.16
0.16
0.327
0.327
0.327
0.237
0.237
0.367
0.367
0.367
0.367
0.367
0.367
0.367
0.367
0.367
0.2
0.2
0.2
0.2
0.2
0.2
0.2
0.2
0.2
0.2
0.2
0.07
0.07
0.07
0.07
0.07
0.07
0.07
0.07
0.07
0.07
0.07
0.07
0.26
0.26
0.26
0.26
0.26
0.26
0.26
0.26
0.26
0.26
0.26
0.26
0.26
0.26
0.26
0.26
0.26
0.26
0.26
0.26
0.26
0.26
0.16
0.16
0.16
0.16
0.16
0.16
0.16
0.16
0.16
0.29
0.29
0.29
0.29
0.29
0.29
0.29
0.29
0.29
0.2
0.2
0.2
0.2
0.2
0.2
0.2
0.2
0.2
0.2
0.2
0.07
0.07
0.07
0.07
0.07
0.07
0.07
0.07
0.07
0.07
0.07
0.07
0.07
0.07
0.07
0.07
0.07
0.07
0.07
0.07
0.07
0.07
0.07
0.07
0.237
0.237
0.237
0.237
0.427
0.517
0.517
0.517
0.517
0.517
0.517
0.517
0.517
0.517
0.35
0.35
0.35
0.35
0.35
0.35
0.35
0.35
0.35
0.26
0.26
0.26
0.07
0.07
0.07
0.07
0.07
0.07
0.07
0.07
0.07
0.07
0.07
0.07
0.07
0.07
0.07
0.07
0.07
0.2
0.2
0.2
0.2
0.2
0.2
0.2
0.2
0.2
0.2
0.2
0.2
0.2
0.2
0.2
0.2
0.2
0.2
0.2
0.2
0.07
0.07
0.07
0.07
0.07
0.07
0.07
0.07
0.237
0.237
0.237
0.237
0.237
0.237
0.237
0.237
0.237
0.237
0.237
0.237
0.237
0.327
0.16
0.16
0.16
0.16
0.16
0.16
0.16
0.16
0.16
0.16
0.16
0.16
0.16
0.16
0.16
0.16
0.16
0.07
0.07
0.07
0.07
0.26
0.26
0.26
0.26
0.26
0.26
0.26
0.26
0.26
0.26
0.26
0.26
0.26
0.26
0.26
0.26
0.26
0.26
0.26
0.26
0.26
0.26
0.07
0.07
0.07
0.2
0.2
0.2
0.2
0.2
0.2
0.2
0.2
0.2
0.2
0.2
0.2
0.2
0.2
0.2
0.2
0.2
0.2
0.2
0.2
0.07
0.07
0.07
0.07
0.07
0.07
0.07
0.07
0.07
0.07
0.07
0.07
0.07
0.07
0.07
0.16
0.16
0.16
0.16
0.16
0.16
0.16
0.16
0.16
0.16
0.16
0.16
0.16
0.16
0.327
0.327
0.327
0.327
0.237
0.237
0.237
0.237
0.237
0.237
0.237
0.237
0.237
0.367
0.2
0.2
0.39
0.39
0.39
0.39
0.39
0.39
0.39
0.39
0.39
0.39
0.39
0.39
0.39
0.39
0.39
0.39
0.39
0.26
0.26
0.26
0.26
0.26
0.07
0.07
0.07
0.07
0.07
0.07
0.07
0.07
0.07
0.07
0.07
0.07
0.07
0.07
0.07
0.07
0.07
0.07
0.07
0.07
0.07
0.07
0.07
0.07
0.07
0.07
0.07
0.07
0.07
0.07
0.07
0.07
0.07
0.07
0.07
0.07
0.07
0.068
0.325
0.325
0.325
0.325
0.325
0.325
0.515
0.515
0.515
0.515
0.515
0.515
0.515
0.605
0.438
0.438
0.438
0.618
0.528
0.438
0.438
0.438
0.438
2.453
2.453
2.513
0.498
0.498
0.308
0.308
0.308
0.308
0.308
0.308
0.308
0.368
0.428
0.298
0.398
0.398
0.47
0.47
0.37
0.37
0.37
0.37
0.31
0.31
2.362
2.362
2.362
2.362
2.362
2.293
2.293
2.293
2.293
2.293
2.293
2.293
2.183
2.233
2.233
2.233
2.183
2.183
2.183
2.195
2.285
0.302
0.302
0.302
0.302
0.362
0.362
2.964
3.131
3.131
3.171
3.171
3.171
3.171
3.146
3.146
3.146
3.106
3.016
3.016
3.016
3.016
2.849
2.849
2.849
2.849
2.849
0.287
0.287
0.287
0.287
0.287
0.287
0.287
0.287
0.287
0.287
0.287
0.287
0.417
0.377
0.377
0.567
2.582
2.522
2.522
0.507
2.216
2.216
2.216
2.216
0.462
0.462
0.462
0.462
0.462
0.462
0.462
0.462
0.332
0.332
0.332
0.332
0.332
0.319
0.319
0.142
0.142
0.142
0.142
0.142
0.142
0.142
0.142
0.232
0.232
0.232
0.409
0.409
0.232
0.232
0.232
0.232
0.232
0.232
0.232
0.232
0.232
0.232
0.232
0.576
0.576
0.309
0.309
0.309
0.309
0.309
0.309
0.309
0.309
0.309
0.309
0.309
0.486
0.319
0.637
0.637
0.637
0.637
0.637
0.07
0.07
0.07
0.07
0.07
0.07
0.07
0.07
0.07
0.07
0.07
0.07
0.07
0.07
0.07
0.07
0.07
0.07
0.07
0.07
0.07
0.07
0.07
0.07
0.07
0.07
0.07
0.07
0.07
0.07
0.07
0.07
0.07
0.07
0.07
0.07
0.07
0.26
0.26
0.26
0.26
0.39
0.39
0.39
0.39
0.39
0.39
0.39
0.39
0.39
0.39
0.39
0.39
0.39
0.39
0.39
0.39
0.48
0.48
0.29
0.29
0.16
0.16
0.16
0.16
0.16
0.16
0.16
0.16
0.16
0.16
0.16
0.16
0.16
0.16
0.07
0.07
0.07
0.07
0.07
0.07
0.07
0.07
0.07
0.07
0.07
0.07
0.07
0.07
0.237
0.237
0.237
0.237
0.237
0.237
0.237
0.237
0.237
0.237
0.237
0.237
0.237
0.367
0.2
0.39
0.39
0.39
0.39
0.39
0.39
0.39
0.39
0.48
0.48
0.48
0.48
0.48
0.48
0.48
0.48
0.48
0.48
0.35
0.35
0.35
0.35
0.16
0.16
0.16
0.16
0.07
0.07
0.07
0.07
0.07
0.07
0.07
0.07
0.07
0.07
0.07
0.07
0.07
0.07
0.07
0.07
0.07
0.07
0.07
0.07
0.07
0.07
0.07
0.07
0.07
0.07
0.07
0.07
0.07
0.07
0.07
0.07
0.07
0.07
0.2
0.2
0.2
0.2
0.2
0.2
0.2
0.2
0.2
0.2
0.2
0.367
0.367
0.367
0.367
0.367
0.367
0.367
0.367
0.367
0.237
0.237
0.237
0.237
0.237
0.07
0.07
0.07
0.07
0.07
0.07
0.07
0.16
0.35
0.35
0.35
0.35
0.35
0.35
0.35
0.35
0.35
0.35
0.35
0.35
0.35
0.35
0.35
0.35
0.35
0.26
0.26
0.26
0.26
0.26
0.07
0.07
0.07
0.07
0.07
0.07
0.07
0.07
0.07
0.07
0.07
0.07
0.07
0.07
0.07
0.07
0.07
0.07
0.07
0.07
0.07
0.07
0.07
0.07
0.07
0.07
0.07
0.07
0.07
0.07
0.237
0.237
0.237
0.237
0.237
0.237
0.237
0.237
0.237
0.237
0.237
0.237
0.237
0.237
0.07
0.26
0.26
0.26
0.26
0.26
0.35
0.35
0.35
0.35
0.35
0.35
0.35
0.35
0.35
0.48
0.48
0.48
0.48
0.48
0.48
0.48
0.48
0.29
0.2
0.2
0.2
0.2
0.2
0.2
0.2
0.2
0.2
0.2
0.2
0.07
0.07
0.07
0.07
0.07
0.07
0.07
0.07
0.07
0.07
0.07
0.07
0.07
0.07
0.07
0.07
0.07
0.07
0.07
0.07
0.07
0.07
0.07
0.07
0.07
0.237
0.237
0.237
0.237
0.237
0.237
0.237
0.237
0.237
0.237
0.237
0.237
0.327
0.327
0.16
0.16
0.16
0.16
0.16
0.16
0.16
0.16
0.16
0.16
0.16
0.16
0.16
0.29
0.29
0.29
0.2
0.2
0.2
0.2
0.2
0.2
0.2
0.2
0.2
0.2
0.2
0.2
0.2
0.2
0.2
0.2
0.2
0.07
0.07
0.07
0.07
0.26
0.26
0.26
0.26
0.26
0.26
0.26
0.26
0.26
0.26
0.26
0.26
0.26
0.26
0.26
0.26
0.26
2.002
2.002
2.002
2.002
2.002
1.812
1.812
1.812
1.902
1.94
1.94
2
2
2
2.04
2.04
0.518
0.518
0.458
0.458
0.508
0.508
0.458
0.458
0.458
0.458
0.368
0.368
0.368
0.368
0.201
0.261
0.391
2.406
2.406
2.406
0.356
0.356
0.356
0.526
0.526
0.466
0.466
0.466
0.466
0.466
0.406
0.406
0.406
0.406
0.406
0.406
0.276
0.276
0.276
0.276
0.336
0.336
0.386
0.446
0.446
0.336
0.336
0.396
0.396
0.396
0.586
0.646
0.646
10.134
10.074
10.134
0.586
0.586
0.576
0.576
0.576
3.074
3.074
3.074
3.074
3.074
3.063
3.063
3.063
2.953
2.953
2.953
2.763
2.93
2.93
2.93
2.914
3.004
3.004
3.004
3.004
3.004
3.004
3.004
3.004
3.004
3.004
2.747
2.747
2.747
2.697
2.697
2.697
2.697
2.697
2.697
2.697
2.697
2.697
2.637
2.637
2.637
2.637
2.637
2.637
2.637
2.637
2.637
5.239
5.239
5.239
5.239
5.239
5.299
5.299
5.299
5.489
5.579
5.639
5.579
5.679
3.401
3.401
3.401
3.401
3.401
3.511
3.571
1.099
10.587
10.587
10.705
1.157
1.157
1.157
1.067
0.949
0.949
0.759
0.759
0.759
0.759
0.759
0.759
0.759
0.759
0.759
0.926
0.796
0.835
0.835
3.454
3.514
3.414
3.414
3.414
3.474
3.474
3.514
3.514
3.404
3.197
3.197
3.197
3.197
3.197
3.197
0.578
0.578
0.468
0.468
0.468
0.468
0.528
0.539
0.539
0.539
0.379
0.379
0.379
0.379
0.379
0.319
0.319
0.319
0.319
0.319
0.319
0.409
0.409
0.409
0.409
0.409
0.409
0.409
0.409
0.599
0.599
3.141
3.251
3.251
3.251
3.291
3.291
3.291
3.291
3.161
3.161
3.161
3.101
3.101
3.101
3.101
5.116
5.176
5.116
3.101
3.101
0.309
0.309
0.476
0.401
0.401
0.451
0.451
0.451
0.451
0.401
0.401
0.401
0.401
0.401
0.401
0.461
0.294
0.234
0.234
0.234
0.234
0.234
0.234
0.274
0.274
0.274
0.274
0.274
0.274
0.263
0.263
0.263
0.313
0.313
0.313
0.313
0.313
0.324
0.324
0.324
0.324
0.324
0.324
0.324
0.324
0.324
0.324
0.324
0.324
0.324
0.324
1.622
1.732
1.692
1.692
1.692
1.692
1.692
4.294
4.294
4.294
4.294
4.294
4.294
4.294
4.294
0.26
0.26
0.26
0.26
0.26
0.26
0.26
0.07
0.07
0.07
0.16
0.16
0.16
0.16
0.16
0.16
0.16
0.16
0.16
0.16
0.327
0.327
0.327
0.327
0.327
0.327
0.327
0.327
0.237
0.237
0.237
0.237
0.237
0.237
0.07
0.07
0.07
0.07
0.07
0.07
0.07
0.07
0.07
0.07
0.2
0.2
0.2
0.2
0.2
0.2
0.2
0.2
0.2
0.39
0.39
0.39
0.39
0.39
0.39
0.39
0.39
0.39
0.39
0.39
0.26
0.26
0.26
0.26
0.26
0.26
0.26
0.26
0.26
0.26
0.26
0.07
0.07
0.07
0.07
0.07
0.07
0.07
0.07
0.07
0.07
0.07
0.07
0.07
0.16
0.16
0.16
0.16
0.16
0.16
0.16
0.16
0.16
0.16
0.16
0.16
0.327
0.327
0.327
0.327
0.457
0.457
0.367
0.367
0.367
0.367
