0.055
0.055
0.055
0.055
0.055
0.055
0.055
0.055
0.055
0.055
0.055
0.055
0.055
0.055
0.055
0.055
0.055
0.055
0.055
0.055
0.055
0.055
0.055
0.055
0.055
0.055
0.055
0.065
0.065
0.065
0.065
0.065
0.065
0.065
0.065
0.065
0.065
0.065
0.065
0.065
0.065
0.065
0.065
0.065
0.065
0.065
0.065
0.065
0.065
0.065
0.065
0.065
0.065
0.065
0.065
0.065
0.065
0.065
0.065
0.065
0.065
0.065
0.065
0.065
0.065
0.065
0.065
0.065
0.065
0.065
0.065
0.065
0.065
0.065
0.065
0.065
0.065
0.065
0.065
0.065
0.065
0.065
0.065
0.065
0.065
0.065
0.065
0.065
0.065
0.293
0.293
0.293
0.293
0.293
0.293
0.293
0.293
0.293
0.293
0.293
0.498
0.498
0.498
0.498
0.498
0.498
0.498
0.498
0.498
0.498
0.498
0.27
0.27
0.27
0.065
0.065
0.065
0.065
0.065
0.065
0.065
0.065
0.065
0.065
0.065
0.065
0.065
0.065
0.065
0.065
0.065
0.065
0.065
0.065
0.065
0.065
0.065
0.065
0.065
0.065
0.065
0.065
0.065
0.065
0.065
0.065
0.065
0.065
0.065
0.065
0.065
0.065
0.065
0.065
0.065
0.065
0.065
0.293
0.293
0.293
0.293
0.293
0.293
0.293
0.293
0.293
0.293
0.293
0.293
0.293
0.293
0.293
0.293
0.293
0.293
0.498
0.498
0.498
0.498
0.27
0.27
0.27
0.27
0.27
0.27
0.27
0.27
0.27
0.27
0.065
0.065
0.065
0.065
0.065
0.065
0.065
0.065
0.065
0.065
0.065
0.065
0.065
0.065
0.065
0.065
0.065
0.065
0.065
0.065
0.065
0.065
0.065
0.065
0.065
0.065
0.065
0.065
0.065
0.065
0.065
0.065
0.065
0.065
0.065
0.065
0.065
0.065
0.065
0.065
0.293
0.293
0.293
0.293
0.293
0.293
0.293
0.293
0.293
0.293
0.293
0.293
0.293
0.293
0.293
0.293
0.293
0.293
0.293
0.293
0.293
0.293
0.065
0.065
0.065
0.065
0.065
0.065
0.065
0.065
0.065
0.065
0.065
0.065
0.065
0.065
0.065
0.065
0.065
0.065
0.065
0.065
0.27
0.27
0.27
0.27
0.27
0.27
0.27
0.27
0.27
0.27
0.27
0.27
0.27
0.27
0.065
0.065
0.065
0.065
0.065
0.065
0.065
0.065
0.065
0.065
0.065
0.293
0.293
0.293
0.293
0.293
0.293
0.293
0.293
0.293
0.293
0.293
0.293
0.293
0.293
0.293
0.293
0.293
0.293
0.293
0.293
0.293
0.293
0.065
0.065
0.065
0.065
0.065
0.065
0.065
0.065
0.065
0.065
0.065
0.065
0.065
0.065
0.065
0.065
0.065
0.065
0.065
0.065
0.065
0.065
0.065
0.065
0.27
0.27
0.27
0.27
0.27
0.27
0.27
0.27
0.27
0.27
0.27
0.27
0.27
0.27
0.065
0.065
0.065
0.065
0.065
0.065
0.293
0.293
0.293
0.293
0.293
0.293
0.293
0.293
0.293
0.293
0.293
0.293
0.293
0.293
0.293
0.293
0.293
0.293
0.293
0.293
0.293
0.293
0.065
0.065
0.065
0.065
0.065
0.065
0.065
0.065
0.065
0.065
0.065
0.065
0.065
0.065
0.065
0.065
0.065
0.065
0.065
0.065
0.065
0.065
0.065
0.065
0.065
0.065
0.065
0.065
0.065
0.065
0.065
0.065
0.27
0.27
0.27
0.27
0.27
0.27
0.27
0.27
0.27
0.27
0.27
0.27
0.27
0.27
0.065
0.065
0.065
0.065
0.065
0.065
0.293
0.293
0.293
0.293
0.293
0.293
0.293
0.293
0.293
0.293
0.293
0.293
0.293
0.293
0.291
0.291
0.291
0.291
0.291
0.291
0.41
0.41
0.182
0.182
0.242
0.242
0.182
0.222
0.222
0.222
0.262
0.262
0.262
0.262
0.262
0.262
0.362
0.362
0.322
0.362
0.362
0.362
0.362
0.362
0.362
0.362
0.362
0.422
0.422
0.522
0.727
0.727
0.727
0.812
0.852
0.752
0.752
0.752
0.752
0.712
0.772
0.721
0.721
0.712
0.388
0.388
0.388
0.388
0.388
0.616
0.616
2.542
2.602
2.602
2.602
2.517
2.457
2.417
2.467
2.467
2.507
2.627
2.627
2.567
2.567
2.567
2.567
2.457
2.468
2.408
2.408
0.254
0.254
0.254
0.254
0.254
0.254
0.254
0.254
0.254
0.254
0.254
0.254
0.254
0.254
0.254
0.254
0.254
0.154
0.154
0.154
0.154
0.154
0.154
0.154
0.154
0.154
0.154
0.114
0.114
0.114
0.114
0.074
0.074
0.074
0.074
0.074
0.074
0.074
0.074
0.074
0.074
0.074
0.074
0.074
0.074
0.074
0.074
0.074
0.074
0.074
0.074
0.074
0.074
0.074
0.074
0.074
0.074
0.063
0.063
0.063
0.063
0.063
0.063
0.063
0.179
0.179
0.179
0.179
0.179
0.179
0.179
0.179
0.179
0.179
0.179
0.384
0.384
0.384
0.384
0.384
0.384
0.384
0.384
0.27
0.27
0.27
0.27
0.27
0.27
0.065
0.065
0.065
0.065
0.065
0.065
0.065
0.065
0.065
0.065
0.065
0.065
0.065
0.065
0.179
0.179
0.179
0.179
0.179
0.179
0.179
0.239
0.239
0.239
0.179
0.179
0.407
0.407
0.407
0.407
0.407
0.407
0.407
0.407
0.407
0.407
0.407
0.407
0.407
0.407
0.407
0.407
0.407
0.407
0.407
0.407
0.407
0.407
0.179
0.179
0.179
0.179
0.179
0.179
0.179
0.179
0.179
0.179
0.179
0.179
0.179
0.179
0.179
0.179
0.179
0.179
0.179
0.179
0.179
0.179
0.179
0.179
0.384
0.384
0.384
0.384
0.384
0.384
0.384
0.384
0.384
0.384
0.384
0.384
0.384
0.384
0.179
0.179
0.179
0.179
0.179
0.179
0.179
0.179
0.179
0.179
0.179
0.407
0.407
0.407
0.407
0.407
0.407
0.407
0.407
0.407
0.407
0.407
0.407
0.407
0.407
0.407
0.407
0.407
0.407
0.407
0.407
0.407
0.407
0.179
0.179
0.179
0.19
0.19
0.19
0.19
0.19
0.19
0.19
0.19
0.19
0.19
0.19
0.19
0.19
0.25
0.25
0.25
0.25
0.25
0.25
0.25
0.25
0.25
0.25
0.25
0.322
0.322
0.322
0.262
0.262
0.262
0.262
0.262
2.245
2.245
2.245
2.45
2.45
2.45
2.45
2.45
2.45
2.45
2.45
2.45
2.45
2.45
2.45
2.45
2.45
2.245
2.245
2.305
2.305
0.322
0.322
0.322
0.322
0.322
0.322
0.322
0.311
0.311
0.311
0.251
0.251
0.251
0.251
0.251
0.251
0.251
0.251
0.251
0.251
0.251
0.251
0.251
0.251
0.251
0.251
0.251
0.251
0.251
0.251
0.251
0.251
0.251
0.251
0.251
0.262
0.262
0.301
0.301
0.301
0.42
0.42
0.42
0.42
0.42
0.42
2.467
2.467
2.467
0.648
0.529
0.529
0.529
0.569
0.569
0.569
0.569
0.529
0.529
0.529
0.569
0.569
0.609
0.786
0.746
0.569
0.569
0.569
0.569
0.629
0.629
0.401
0.401
0.401
0.401
0.401
0.823
0.863
0.686
0.686
0.686
0.686
0.686
0.686
0.686
0.686
0.686
0.686
0.646
0.823
0.618
0.441
0.441
0.441
0.501
0.49
0.49
0.49
0.609
0.49
0.49
2.537
2.714
2.714
1.085
1.085
1.085
1.085
0.925
0.358
0.319
0.379
0.379
0.379
0.379
0.379
0.379
0.379
0.379
0.379
0.263
0.263
0.263
0.263
0.263
0.263
0.323
0.323
0.323
0.323
0.263
0.263
0.263
0.263
0.263
0.263
0.263
0.263
0.203
0.203
0.203
0.431
0.431
0.431
0.431
0.431
0.431
0.44
0.54
0.579
0.579
0.579
0.519
0.519
0.579
0.639
0.599
0.599
0.539
0.539
0.579
0.729
0.639
0.411
0.382
0.382
0.382
0.322
0.322
0.27
0.27
0.27
0.27
0.27
0.27
0.27
0.27
0.27
0.27
0.27
0.27
0.27
0.27
0.065
0.065
0.065
0.065
0.065
0.065
0.065
0.065
0.065
0.065
0.065
0.065
0.065
0.065
0.065
0.065
0.065
0.065
0.065
0.065
0.065
0.065
0.065
0.065
0.065
0.065
0.065
0.065
0.065
0.065
0.065
0.065
0.065
0.065
0.065
0.065
0.065
0.065
0.065
0.065
0.065
0.065
0.065
0.065
0.293
0.293
0.293
0.293
0.293
0.293
0.293
0.293
0.293
0.293
0.293
0.293
0.293
0.293
0.293
0.293
0.293
0.293
0.293
0.293
0.293
0.293
0.27
0.27
0.27
0.27
0.27
0.27
0.27
0.27
0.27
0.27
0.27
0.27
0.27
0.27
0.065
0.065
0.065
0.065
0.065
0.065
0.065
0.065
0.065
0.065
0.065
0.065
0.065
0.065
0.065
0.065
0.065
0.065
0.065
0.065
0.065
0.065
0.065
0.065
0.065
0.065
0.065
0.065
0.065
0.065
0.065
0.293
0.293
0.293
0.293
0.293
0.293
0.293
0.293
0.293
0.293
0.293
0.293
0.293
0.293
0.293
0.293
0.293
0.293
0.293
0.293
0.293
0.293
0.065
0.065
0.065
0.065
0.065
0.065
0.065
0.065
0.065
0.065
0.065
0.065
0.065
0.065
0.065
0.065
0.065
0.065
0.065
0.065
0.065
0.065
0.065
0.113
0.113
0.113
0.173
0.173
0.378
0.318
0.318
0.318
0.318
0.318
0.318
0.437
0.437
0.437
0.437
0.437
0.437
2.524
2.319
2.319
0.272
0.272
0.272
0.272
0.282
0.282
0.432
0.372
0.372
0.372
0.472
0.472
0.472
0.472
0.472
0.472
0.472
0.472
0.472
0.532
0.532
0.541
0.769
0.769
0.829
0.829
0.789
0.789
0.789
0.789
0.789
0.789
0.75
0.75
0.67
0.67
0.679
0.679
0.839
0.839
0.779
0.779
0.729
0.769
0.541
0.501
0.501
0.501
0.501
0.501
0.501
0.54
0.54
0.54
0.54
0.54
0.6
0.635
0.635
0.635
0.635
0.6
0.6
0.805
0.845
0.845
0.845
0.845
0.905
0.905
0.945
0.945
0.766
0.806
0.806
0.766
0.666
0.451
0.351
0.391
0.391
0.391
0.391
0.51
0.501
0.501
0.501
0.501
0.501
0.501
0.461
0.521
0.561
0.561
0.849
0.849
0.869
0.809
0.809
0.809
0.809
0.809
0.809
0.809
0.809
0.809
0.809
0.809
0.809
0.809
0.809
0.809
0.809
0.749
0.749
0.749
0.461
0.461
0.461
0.461
0.461
0.461
0.461
0.461
0.422
0.422
0.422
0.422
0.433
0.433
0.433
0.433
0.443
0.443
0.443
0.443
0.443
0.443
0.443
0.443
0.483
0.688
0.628
0.628
0.773
0.773
0.753
0.753
0.813
0.813
0.853
0.793
0.853
0.853
0.813
0.701
0.701
0.701
0.701
0.701
0.761
0.761
0.77
0.77
0.761
0.761
0.861
0.861
0.801
0.801
0.701
0.701
0.701
0.721
0.812
1.04
1.04
1.04
1.04
1.04
1.08
1.14
1.14
1.14
1.1
1.14
1.14
1.18
1.129
1.129
1.129
1.129
1.129
1.129
1.129
1.129
1.069
0.841
0.841
0.901
0.841
0.841
0.88
0.88
0.84
0.83
0.83
0.83
0.83
0.83
0.83
0.83
0.83
0.83
0.78
0.687
0.687
0.687
0.727
0.727
0.727
0.727
0.727
0.687
0.687
0.587
0.587
0.587
0.587
0.627
0.627
0.627
0.627
0.627
0.687
0.892
0.832
0.832
0.832
0.832
0.832
0.867
0.867
0.907
0.907
0.907
0.867
0.867
0.867
0.662
0.622
0.622
0.582
0.582
0.582
0.582
0.582
0.582
0.582
0.065
0.065
0.065
0.065
0.065
0.065
0.065
0.065
0.065
0.065
0.065
0.065
0.065
0.065
0.293
0.293
0.293
0.293
0.293
0.293
0.293
0.293
0.293
0.293
0.293
0.293
0.293
0.283
0.283
0.283
