0.076
0.076
0.076
0.076
0.076
0.076
0.076
0.076
0.076
0.076
0.076
0.076
0.076
0.076
0.076
0.076
0.076
0.076
0.076
0.076
0.076
0.076
0.076
0.076
0.076
0.076
0.076
0.076
0.076
0.076
0.076
0.076
0.076
0.076
0.076
0.076
0.076
0.058
0.058
0.058
0.058
0.058
0.058
0.058
0.058
0.058
0.058
0.058
0.058
0.058
0.058
0.058
0.058
0.235
0.235
0.235
0.235
0.235
0.235
0.245
0.245
0.245
0.245
0.245
0.245
0.245
0.245
0.245
0.245
0.245
0.245
0.245
0.245
0.245
0.245
0.068
0.068
0.068
0.068
0.068
0.068
0.068
0.068
0.068
0.068
0.068
0.068
0.068
0.068
0.068
0.068
0.068
0.068
0.068
0.068
0.068
0.068
0.068
0.068
0.068
0.068
0.068
0.068
0.068
0.068
0.068
0.068
0.068
0.068
0.068
0.068
0.068
0.068
0.068
0.068
0.068
0.068
0.068
0.068
0.068
0.068
0.245
0.245
0.245
0.245
0.245
0.245
0.245
0.424
0.424
0.424
0.424
0.424
0.424
0.424
0.424
0.424
0.424
0.424
0.424
0.424
0.424
0.424
0.247
0.247
0.247
0.247
0.247
0.068
0.068
0.068
0.068
0.068
0.068
0.068
0.068
0.068
0.068
0.068
0.068
0.068
0.068
0.068
0.068
0.068
0.068
0.068
0.068
0.068
0.068
0.068
0.068
0.068
0.068
0.068
0.068
0.068
0.068
0.068
0.068
0.068
0.068
0.068
0.068
0.068
0.068
0.068
0.068
0.068
0.245
0.245
0.245
0.245
0.245
0.245
0.245
0.245
0.245
0.245
0.245
0.245
0.245
0.245
0.245
0.245
0.245
0.245
0.245
0.245
0.245
0.245
0.068
0.068
0.068
0.068
0.068
0.068
0.068
0.068
0.068
0.068
0.068
0.068
0.068
0.068
0.068
0.068
0.068
0.068
0.068
0.068
0.068
0.068
0.068
0.068
0.068
0.068
0.068
0.068
0.068
0.068
0.068
0.068
0.068
0.068
0.068
0.247
0.247
0.247
0.247
0.247
0.247
0.247
0.247
0.247
0.247
0.247
0.247
0.247
0.247
0.247
0.424
0.424
0.424
0.424
0.424
0.245
0.243
0.243
0.362
0.422
0.482
0.482
0.482
0.482
0.482
0.482
0.482
0.482
0.482
0.482
0.482
0.482
0.305
0.325
0.325
0.325
0.305
0.305
0.325
0.325
0.325
0.443
0.443
0.443
0.443
3.72
3.72
3.72
3.72
3.72
3.72
3.72
3.72
3.7
3.7
3.7
3.7
3.7
3.7
3.7
3.7
3.7
3.7
3.64
3.522
0.245
0.245
0.245
0.245
0.245
0.245
0.245
0.245
0.245
0.345
0.345
0.445
0.445
0.505
0.505
0.405
0.305
0.305
0.305
0.305
0.305
0.068
0.068
0.068
0.068
0.068
0.068
0.068
0.068
0.068
0.068
0.068
0.068
0.068
0.068
0.068
0.068
0.068
0.068
0.068
0.068
0.068
0.245
0.245
0.245
0.245
0.245
0.245
0.245
0.245
0.245
0.245
0.424
0.424
0.424
0.424
0.424
0.424
0.424
0.424
0.424
0.424
0.424
0.424
0.247
0.247
0.247
0.247
0.247
0.247
0.247
0.247
0.068
0.068
0.068
0.068
0.068
0.068
0.068
0.068
0.068
0.068
0.068
0.068
0.068
0.068
0.068
0.068
0.068
0.068
0.068
0.068
0.068
0.068
0.068
0.068
0.068
0.068
0.068
0.068
0.068
0.068
0.068
0.068
0.068
0.068
0.068
0.068
0.068
0.068
0.068
0.068
0.068
0.068
0.245
0.245
0.245
0.245
0.245
0.245
0.245
0.245
0.245
0.245
0.245
0.245
0.245
0.245
0.245
0.245
0.245
0.245
0.245
0.245
0.245
0.245
0.068
0.068
0.068
0.068
0.068
0.068
0.068
0.068
0.068
0.068
0.247
0.247
0.247
0.247
0.247
0.247
0.247
0.247
0.247
0.247
0.247
0.247
0.247
0.247
0.247
0.247
0.247
0.247
0.247
0.247
0.068
0.068
0.068
0.068
0.068
0.068
0.068
0.068
0.068
0.068
0.068
0.068
0.068
0.068
0.068
0.068
0.068
0.068
0.068
0.068
0.068
0.068
0.068
0.068
0.068
0.068
0.068
0.068
0.068
0.068
0.068
0.068
0.068
0.068
0.068
0.068
0.068
0.068
0.068
0.068
0.068
0.068
0.068
0.247
0.247
0.247
0.247
0.247
0.247
0.247
0.247
0.424
0.424
0.424
0.424
0.424
0.424
0.424
0.424
0.424
0.424
0.424
0.424
0.245
0.245
0.245
0.245
0.245
0.245
0.245
0.245
0.245
0.245
0.068
0.068
0.068
0.068
0.068
0.068
0.068
0.068
0.068
0.068
0.068
0.068
0.068
0.068
0.068
0.068
0.068
0.068
0.068
0.068
0.068
0.068
0.068
0.068
0.068
0.068
0.068
0.068
0.068
0.068
0.068
0.068
0.068
0.068
0.068
0.068
0.068
0.068
0.068
0.068
0.068
0.068
0.068
0.068
0.068
0.068
0.068
0.068
0.245
0.245
0.245
0.245
0.245
0.245
0.245
0.245
0.245
0.245
0.245
0.245
0.245
0.245
0.245
0.245
0.245
0.245
0.245
0.245
0.245
0.245
0.068
0.068
0.068
0.068
0.068
0.068
0.068
0.068
0.068
0.068
0.068
0.068
0.068
0.068
0.068
0.068
0.068
0.068
0.068
0.068
0.247
0.247
0.247
0.247
0.247
0.247
0.247
0.247
0.247
0.247
0.247
0.247
0.247
0.247
0.247
0.247
0.247
0.247
0.247
0.247
0.068
0.068
0.068
0.068
0.068
0.068
0.068
0.068
0.245
0.245
0.245
0.245
0.245
0.245
0.245
0.245
0.245
0.245
0.245
0.245
0.245
0.245
0.245
0.245
0.245
0.245
0.245
0.245
0.245
0.245
0.068
0.068
0.068
0.068
0.068
0.068
0.068
0.068
0.068
0.068
0.068
0.068
0.068
0.068
0.068
0.068
0.068
0.068
0.068
0.068
0.068
0.068
0.247
0.247
0.247
0.247
0.247
0.247
0.247
0.247
0.247
0.247
0.364
0.364
0.364
0.364
0.364
0.364
0.364
0.364
0.364
0.364
0.185
0.185
0.185
0.185
0.185
0.185
0.185
0.362
0.362
0.362
0.362
0.362
0.362
0.362
0.362
0.362
0.362
0.362
0.362
0.362
0.362
0.362
0.362
0.362
0.362
0.362
0.362
0.362
0.362
0.185
0.185
0.185
0.185
0.185
0.185
0.185
0.185
0.185
0.185
0.185
0.185
0.185
0.185
0.185
0.185
0.364
0.364
0.364
0.364
0.364
0.364
0.364
0.364
0.364
0.364
0.364
0.364
0.364
0.364
0.364
0.364
0.364
0.364
0.364
0.364
0.185
0.185
0.185
0.185
0.185
0.185
0.185
0.185
0.362
0.462
0.462
0.462
0.462
0.462
0.462
0.462
0.462
0.462
0.462
0.462
0.462
0.462
0.462
0.462
0.462
0.477
0.477
0.477
0.477
0.477
0.3
0.3
0.418
0.418
0.418
0.418
0.418
0.418
0.418
0.418
0.418
0.418
0.418
0.418
0.418
0.418
0.418
0.418
0.418
0.418
0.318
0.318
0.318
0.318
0.418
0.418
0.418
0.418
0.418
0.418
0.318
0.318
0.318
0.318
2.233
2.246
2.246
0.331
0.331
0.331
0.331
0.331
0.331
0.331
0.331
0.331
0.412
0.589
0.508
0.508
0.508
0.508
0.508
0.687
0.687
0.687
0.687
0.687
0.687
0.687
0.687
0.687
0.687
0.687
0.796
0.796
0.796
0.796
0.781
0.604
0.604
0.604
0.604
0.425
0.425
0.425
0.425
0.465
0.465
0.465
0.456
0.456
0.456
0.456
0.456
0.456
0.456
0.456
0.456
0.511
0.511
0.511
0.62
0.62
0.62
0.607
0.607
0.708
3.985
3.985
3.985
3.945
3.945
3.864
3.844
3.844
3.844
3.844
3.844
3.844
3.844
3.861
3.861
3.861
3.861
3.861
3.752
3.752
0.556
0.665
0.864
0.864
0.864
0.864
0.864
0.783
0.783
0.664
0.664
0.664
0.724
0.724
0.664
0.664
0.664
0.724
0.664
0.564
0.547
0.547
0.368
0.368
0.545
0.545
0.545
0.545
0.545
0.545
0.545
3.922
3.922
4.022
4.022
4.022
4.022
4.022
4.022
4.022
3.922
3.922
3.922
3.922
3.789
3.889
3.772
3.772
3.712
3.772
3.772
0.495
0.415
0.415
0.415
0.415
0.415
0.415
0.432
0.494
0.477
0.477
0.477
0.377
0.377
0.417
0.472
0.472
0.357
0.357
0.357
0.417
0.417
0.417
0.357
0.357
0.357
0.357
0.397
0.397
0.397
0.397
0.357
0.297
0.297
0.297
0.297
0.297
0.297
0.417
0.417
0.417
0.417
0.417
0.417
0.417
0.417
0.417
0.594
0.634
0.634
0.634
0.594
0.594
0.675
0.675
0.675
0.675
0.675
0.675
0.675
0.695
0.695
0.695
0.695
0.633
0.633
0.633
0.633
0.633
0.531
0.511
0.511
0.511
0.511
0.491
0.491
0.491
0.491
0.491
2.675
2.6
5.877
5.877
5.877
5.877
6.056
6.156
6.156
6.096
6.096
6.215
6.175
6.275
6.275
6.388
6.428
6.428
6.428
6.428
6.428
6.428
3.251
3.251
3.191
3.191
2.932
0.728
0.728
0.728
0.728
0.728
0.728
0.728
0.728
0.688
0.688
0.688
0.75
0.75
0.688
0.688
2.872
2.872
3.049
3.049
3.049
3.049
3.009
3.009
3.009
3.081
3.081
3.081
3.081
3.081
3.081
3.081
3.101
8.28
8.3
8.28
8.28
8.28
8.28
8.28
8.103
8.103
8.103
5.959
5.959
5.959
5.959
5.959
5.959
5.906
5.906
5.906
5.906
2.649
0.646
0.646
0.646
0.646
0.646
0.646
0.646
0.497
0.497
0.497
0.497
0.477
0.477
0.477
0.477
0.477
0.477
0.14
0.14
0.14
0.14
0.14
0.14
0.14
0.14
0.14
0.14
0.27
0.33
0.33
0.27
0.27
0.53
0.707
0.707
0.707
0.707
0.707
0.727
0.707
0.707
0.707
0.707
0.707
0.707
0.707
0.727
0.802
0.92
0.905
0.905
0.864
0.745
0.745
0.745
0.588
0.528
0.528
0.528
0.488
0.488
0.488
0.488
2.58
2.58
2.403
0.488
0.488
0.488
0.488
2.403
2.403
2.403
0.488
0.488
0.488
0.665
0.665
0.588
0.488
0.488
0.488
0.488
0.488
0.488
0.37
0.43
0.417
0.417
0.594
0.634
0.437
0.437
0.437
0.477
0.517
0.517
0.557
0.557
0.517
0.557
0.557
0.754
0.754
1.072
1.229
1.229
1.229
1.229
0.622
0.622
0.622
0.622
0.863
0.863
0.883
4.16
0.424
0.424
0.424
0.424
0.424
0.424
0.424
0.424
0.424
0.424
0.247
0.247
0.247
0.247
0.247
0.247
0.068
0.068
0.068
0.068
0.068
0.068
0.068
0.068
0.068
0.068
0.068
0.068
0.068
0.068
0.068
0.068
0.068
0.068
0.068
0.068
0.068
0.068
0.068
0.068
0.068
0.068
0.068
0.068
0.068
0.068
0.068
0.068
0.068
0.068
0.068
0.068
0.068
0.068
0.068
0.068
0.068
0.068
0.247
0.247
0.247
0.247
0.247
0.247
0.247
0.247
0.424
0.424
0.424
0.424
0.424
0.424
0.424
0.424
0.424
0.424
0.424
0.424
0.245
0.245
3.639
3.639
3.639
3.748
3.768
3.768
3.888
3.888
3.711
5.646
5.646
5.706
3.791
3.746
3.746
3.726
3.726
3.743
3.843
0.566
0.466
0.466
0.466
0.466
0.466
0.466
0.466
0.466
0.466
0.466
0.068
0.068
0.068
0.068
0.068
0.068
0.068
0.068
0.068
0.068
0.068
0.068
0.068
0.068
0.068
0.068
0.068
0.068
0.068
0.068
0.068
0.068
0.068
0.068
0.068
0.068
0.068
0.068
0.068
0.068
0.068
0.068
0.068
0.068
0.068
0.068
0.068
0.068
0.068
0.068
0.068
0.245
0.245
0.245
0.245
0.245
0.245
0.245
0.245
0.245
0.245
0.245
0.245
