0.062
0.062
0.062
0.062
0.062
0.062
0.062
0.062
0.062
0.062
0.061
0.161
0.161
0.161
0.161
0.161
0.161
0.161
2.493
2.593
0.062
0.072
0.072
0.072
0.072
0.072
0.072
0.072
0.072
0.072
0.072
0.072
0.072
0.072
0.072
0.072
0.072
0.072
0.072
0.072
0.072
0.072
0.072
0.072
0.072
0.072
0.072
0.072
0.072
0.072
0.072
0.072
0.072
0.072
0.072
0.072
0.072
0.072
0.072
0.072
0.072
0.072
0.072
0.072
0.072
0.072
0.072
0.072
0.072
0.072
0.072
0.072
0.072
0.072
0.072
0.072
0.072
0.072
0.072
0.072
0.072
0.072
0.072
0.072
0.072
0.072
0.072
0.072
0.072
0.072
0.072
0.072
0.072
0.072
0.072
0.072
0.072
0.072
0.072
0.072
0.072
0.072
0.072
0.072
0.072
0.072
0.072
0.072
0.072
0.072
0.072
0.072
0.072
0.072
0.072
0.072
0.072
0.072
0.072
0.072
0.072
0.072
0.072
0.072
0.072
0.072
0.072
0.072
0.072
0.072
0.072
0.072
0.072
0.072
0.072
0.072
0.072
0.072
0.072
0.072
0.072
0.072
0.072
0.072
0.072
0.072
0.072
0.072
0.072
0.072
0.072
0.072
0.072
0.072
0.072
0.072
0.072
0.072
0.072
0.072
0.072
0.072
0.072
0.072
0.072
0.072
0.072
0.072
0.072
0.072
0.072
0.072
0.072
0.072
0.072
0.072
0.072
0.072
0.072
0.072
0.072
0.072
0.072
0.072
0.072
0.072
0.072
0.072
0.072
0.072
0.072
0.072
0.072
0.072
0.072
0.072
0.072
0.072
0.072
0.072
0.072
0.072
0.072
0.072
0.072
0.072
0.072
0.072
0.072
0.072
0.072
0.072
0.072
0.072
0.072
0.072
0.072
0.072
0.072
0.072
0.072
0.072
0.072
0.072
0.072
0.072
0.072
0.072
0.072
0.072
0.072
0.072
0.072
0.072
0.072
0.072
0.072
0.072
0.072
0.072
0.072
0.072
0.072
0.072
0.072
0.072
0.072
0.072
0.072
0.072
0.072
0.072
0.072
0.072
0.072
0.072
0.072
0.072
0.072
0.072
0.072
0.072
0.072
0.072
0.072
0.072
0.072
0.072
0.072
0.072
0.072
0.072
0.072
0.072
0.072
0.072
0.072
0.072
0.072
0.072
0.072
0.072
0.072
0.072
0.072
0.072
0.072
0.072
0.072
0.072
0.072
0.072
0.072
0.072
0.072
0.072
0.072
0.072
0.072
0.072
0.072
0.072
0.072
0.072
0.072
0.072
0.072
0.072
0.072
0.072
0.072
0.072
0.072
0.072
0.072
0.072
0.072
0.072
0.072
0.072
0.072
0.072
0.072
0.072
0.072
0.072
0.072
0.072
0.072
0.072
0.072
0.072
0.072
0.072
0.072
0.072
0.072
0.072
0.072
0.072
0.072
0.072
0.072
0.072
0.072
0.072
0.072
0.072
0.072
0.072
0.072
0.072
0.072
0.072
0.072
0.072
0.072
0.072
0.072
0.072
0.072
0.072
0.072
0.072
0.072
0.072
0.072
0.072
0.072
0.072
0.072
0.072
0.072
0.072
0.072
0.072
0.072
0.072
0.072
0.072
0.072
0.072
0.072
0.072
0.072
0.072
0.072
0.072
0.072
0.072
0.072
0.072
0.072
0.072
0.072
0.072
0.072
0.072
0.072
0.072
0.072
0.072
0.072
0.072
0.072
0.072
0.072
0.072
0.072
0.072
0.072
0.072
0.072
0.072
0.072
0.072
0.072
0.072
0.072
0.072
0.072
0.072
0.072
0.072
0.072
0.072
0.072
0.072
0.072
0.072
0.072
0.072
0.072
0.072
0.072
0.072
0.072
0.072
0.072
0.072
2.463
0.071
0.071
0.071
0.071
0.071
0.171
0.171
0.171
0.171
0.171
0.171
0.171
0.171
0.171
0.171
0.171
0.171
0.171
0.231
0.231
0.231
0.231
0.331
0.331
0.331
0.331
0.331
0.331
0.331
0.331
0.371
0.331
0.331
0.331
0.331
0.331
0.271
0.271
0.271
0.171
0.171
0.171
0.271
0.271
0.171
0.183
0.183
0.183
0.183
0.183
0.183
0.171
0.171
0.171
0.171
0.171
0.231
0.231
0.231
0.231
0.231
0.231
0.231
0.231
0.231
0.391
0.556
0.496
0.496
0.496
0.533
0.473
0.473
0.473
0.473
0.473
0.473
0.368
0.268
0.268
0.268
0.268
0.268
0.288
0.338
0.338
0.288
0.288
0.288
0.388
0.388
0.388
0.388
0.388
0.338
0.301
0.301
0.301
0.301
0.301
0.406
0.606
0.606
0.606
0.606
0.506
0.506
0.506
0.486
0.486
0.486
0.486
0.486
0.486
0.486
0.486
0.486
0.486
0.486
0.486
0.486
0.486
0.486
0.486
0.486
0.486
0.486
0.486
0.486
0.486
0.486
0.486
0.486
0.486
0.486
0.486
0.486
0.426
0.426
0.426
0.426
0.426
0.426
0.389
0.389
0.389
0.389
0.284
0.284
0.284
0.284
0.284
0.284
0.284
0.284
0.171
0.171
0.171
0.071
0.071
0.071
0.071
0.071
0.071
0.071
0.071
0.071
0.071
0.071
0.071
0.071
0.071
0.071
0.071
0.071
0.071
0.071
0.071
0.071
0.071
0.071
0.071
0.071
0.071
0.071
0.106
0.106
0.106
0.106
0.106
0.106
0.106
0.106
0.071
0.071
0.071
0.071
0.071
0.071
0.071
0.071
0.071
0.071
0.071
0.071
0.071
0.071
0.071
0.071
0.071
0.071
0.071
0.071
2.044
2.044
2.044
2.044
2.044
2.044
2.044
2.044
2.044
2.044
2.044
2.044
2.044
2.044
2.044
2.116
2.116
2.116
2.116
2.116
0.143
0.143
0.143
2.126
2.126
2.126
2.126
2.126
2.126
2.126
2.262
2.262
2.312
2.312
2.362
2.362
2.312
2.312
2.312
2.312
2.312
2.312
2.312
3.246
1.263
1.276
1.276
1.276
1.276
1.276
1.276
2.655
2.655
2.655
2.655
2.655
2.643
2.643
2.643
2.643
2.643
2.643
2.643
2.643
2.643
2.643
2.643
2.593
2.593
2.593
2.593
2.593
2.593
1.659
1.659
1.772
1.772
1.772
1.772
1.772
1.772
0.393
0.393
0.393
0.393
0.393
0.393
0.393
0.393
0.393
0.393
0.393
0.393
0.393
0.393
0.393
0.393
0.393
0.393
0.393
0.393
0.393
0.393
0.393
0.393
0.38
0.38
0.557
0.557
0.38
0.38
0.38
0.38
0.38
0.38
0.38
0.38
0.48
0.48
0.48
0.657
0.657
0.48
0.38
0.38
0.38
0.38
0.256
0.256
0.256
0.256
0.541
1.662
1.839
1.839
0.256
0.256
0.256
0.256
0.256
0.256
0.256
0.256
0.256
0.256
0.256
0.433
0.433
0.751
0.751
0.751
0.751
0.751
2.683
2.683
2.683
2.683
2.683
2.683
2.683
2.683
2.683
2.683
2.683
2.683
2.683
2.683
2.683
2.683
2.683
2.683
2.683
2.683
2.683
2.683
2.683
2.683
2.683
2.683
2.683
2.683
2.683
2.683
2.683
2.683
2.683
2.683
2.807
2.807
2.807
2.807
2.807
2.807
2.82
2.696
2.696
2.696
2.696
2.756
2.696
2.696
2.696
2.696
2.696
2.696
2.696
2.696
2.696
2.696
2.896
2.956
2.956
2.856
0.357
0.357
0.357
0.297
0.297
0.297
2.629
2.629
2.629
0.297
0.297
0.197
0.197
0.197
0.197
0.209
0.209
0.209
0.209
0.209
0.209
0.197
0.197
0.197
0.197
0.197
0.197
0.197
0.197
0.197
0.197
0.197
0.197
0.197
0.297
0.297
0.297
0.297
0.297
0.357
0.344
0.404
0.384
0.384
0.384
0.284
0.284
0.284
0.284
0.284
0.284
0.344
0.344
0.344
0.334
0.344
0.344
0.344
0.404
0.344
0.444
0.494
0.494
0.494
0.444
0.344
0.344
0.344
0.344
0.344
0.344
0.344
0.394
0.394
0.394
0.454
0.394
0.394
0.394
0.394
0.394
0.394
0.394
0.394
0.394
0.394
0.454
0.454
0.394
0.394
0.394
0.394
0.394
0.394
0.344
0.284
0.344
0.344
0.344
0.444
0.284
0.284
0.284
0.284
0.304
0.284
0.284
0.284
0.284
0.284
0.334
0.334
0.334
0.534
0.534
0.574
0.574
0.474
0.474
0.474
0.474
0.487
0.387
0.337
0.397
0.397
0.397
0.397
0.457
0.457
0.457
0.457
0.517
0.517
0.641
0.641
0.581
0.618
9.433
9.369
9.369
0.554
0.659
0.659
0.659
0.659
0.381
0.381
0.381
0.441
0.441
0.441
0.546
0.546
0.546
0.546
0.546
0.546
0.546
0.546
0.546
0.546
0.546
0.546
0.546
0.596
1.548
1.56
1.56
1.51
1.45
1.45
1.35
1.35
1.338
1.338
1.338
1.49
1.49
1.49
1.39
1.377
1.377
1.377
1.377
1.377
1.377
1.377
1.377
1.377
1.377
1.377
1.377
1.377
1.377
1.377
1.377
1.377
1.527
1.527
1.527
1.527
1.527
1.482
1.482
1.422
1.422
1.422
1.41
1.41
1.373
1.433
1.433
1.433
1.533
1.533
1.433
1.538
1.438
1.438
1.438
1.333
1.333
1.333
1.333
1.433
0.481
0.581
0.531
0.491
0.491
0.491
0.404
0.404
0.404
0.404
2.636
2.576
2.681
0.349
0.349
0.244
0.267
0.267
0.267
0.327
0.387
0.387
0.387
0.387
0.387
0.487
0.587
0.437
0.437
0.437
0.437
0.437
0.437
0.437
0.437
0.437
0.437
0.437
0.437
0.437
0.437
0.387
0.399
0.399
0.399
0.399
0.399
0.399
0.399
0.387
0.387
0.387
0.387
0.387
0.437
0.437
0.437
0.437
0.437
0.437
0.437
0.437
0.437
0.437
0.437
0.437
0.424
0.424
0.424
0.424
0.424
0.424
0.424
0.424
0.424
0.424
0.424
0.424
0.424
0.424
0.424
0.424
0.412
0.412
0.412
0.412
0.412
0.536
0.673
0.662
0.662
0.662
0.662
0.662
0.662
0.662
0.662
0.602
0.502
0.502
0.502
0.502
0.488
0.488
0.488
0.364
0.364
0.364
0.364
0.364
0.364
0.364
0.364
0.364
0.364
0.364
0.364
0.364
0.364
0.364
0.364
0.404
0.304
0.304
0.304
0.204
0.264
0.264
0.264
0.264
0.364
0.364
0.364
0.328
0.388
0.388
0.388
0.388
0.388
0.673
0.673
0.613
0.613
0.328
0.328
0.465
0.465
0.405
0.505
0.618
0.618
0.618
0.618
0.618
0.518
0.618
0.618
0.618
0.678
0.678
0.668
0.642
0.582
0.532
0.532
0.532
0.532
0.532
0.532
0.532
0.432
0.432
0.432
0.432
0.492
0.492
0.492
0.777
0.777
0.777
0.777
0.492
0.492
0.552
0.552
0.529
0.529
0.529
0.529
0.529
0.579
0.529
0.529
0.429
0.429
0.429
0.529
0.629
0.529
0.529
0.529
0.529
0.529
0.529
0.529
0.516
0.516
0.516
0.516
0.403
0.403
0.403
0.403
0.403
0.403
0.343
0.343
0.343
0.343
0.343
0.243
0.243
0.243
0.243
0.243
0.243
0.243
0.243
0.243
0.243
0.243
0.303
0.303
0.243
0.232
0.232
0.232
0.232
0.232
0.332
0.344
0.367
0.367
0.367
0.367
0.367
0.417
0.417
0.417
0.517
0.58
0.61
0.486
0.486
0.486
0.486
0.486
0.436
0.436
0.436
0.496
0.496
0.496
0.496
0.496
0.496
0.496
0.496
0.496
0.446
0.446
0.446
0.396
0.396
0.52
0.805
0.805
0.805
0.905
0.62
0.62
0.585
0.525
0.525
0.501
0.501
0.551
0.072
0.072
0.072
0.072
0.072
0.072
0.072
0.072
0.072
0.072
0.072
0.072
0.072
0.072
0.072
0.072
0.072
0.072
0.072
0.072
0.072
0.072
0.072
0.072
0.072
0.072
0.072
0.072
0.072
0.072
0.072
0.072
0.072
0.072
0.072
0.072
0.072
0.072
0.072
0.072
0.072
0.072
0.072
0.072
0.072
0.072
0.072
0.072
0.072
0.072
0.072
0.062
0.062
0.062
0.062
0.062
0.062
0.062
0.062
0.062
