0.071
0.071
0.061
0.061
0.061
0.061
0.061
0.061
0.061
0.061
0.061
0.061
0.061
0.061
0.061
0.061
0.061
0.061
0.061
0.061
0.061
0.061
0.061
0.061
0.061
0.061
0.061
0.061
0.061
0.061
0.061
0.061
0.071
0.071
0.071
0.231
0.231
0.231
0.231
0.231
0.231
0.231
0.362
0.362
0.362
0.362
0.362
0.362
0.362
0.362
0.362
0.362
0.362
0.362
0.362
0.362
0.362
0.202
0.202
0.202
0.202
0.202
0.071
0.071
0.071
0.071
0.071
0.071
0.071
0.071
0.071
0.071
0.071
0.071
0.071
0.071
0.071
0.071
0.071
0.071
0.071
0.071
0.071
0.071
0.071
0.071
0.071
0.071
0.071
0.071
0.071
0.071
0.071
0.071
0.071
0.071
0.071
0.071
0.071
0.071
0.071
0.071
0.071
0.071
0.071
0.071
0.071
0.071
0.071
0.071
0.071
0.071
0.071
0.071
0.231
0.231
0.231
0.231
0.362
0.362
0.362
0.362
0.362
0.362
0.362
0.362
0.362
0.362
0.362
0.362
0.362
0.362
0.362
0.362
0.362
0.362
0.202
0.202
0.071
0.071
0.071
0.071
0.071
0.071
0.071
0.071
0.071
0.071
0.071
0.071
0.071
0.071
0.071
0.071
0.071
0.071
0.071
0.071
0.071
0.071
0.071
0.071
0.071
0.071
0.071
0.071
0.071
0.071
0.071
0.071
0.071
0.071
0.071
0.071
0.071
0.071
0.071
0.071
0.071
0.071
0.071
0.071
0.071
0.071
0.231
0.231
0.231
0.231
0.231
0.362
0.362
0.362
0.362
0.362
0.362
0.362
0.362
0.362
0.362
0.362
0.362
0.362
0.362
0.362
0.362
0.362
0.202
0.202
0.202
0.071
0.071
0.071
0.071
0.071
0.071
0.071
0.071
0.071
0.071
0.071
0.071
0.071
0.071
0.071
0.071
0.071
0.071
0.071
0.071
0.071
0.071
0.071
0.071
0.071
0.071
0.071
0.071
0.071
0.071
0.071
0.071
0.071
0.071
0.071
0.071
0.071
0.071
0.071
0.071
0.071
0.071
0.071
0.071
0.071
0.071
0.071
0.071
0.071
0.071
0.071
0.071
0.071
0.071
0.071
0.071
0.071
0.071
0.071
0.071
0.071
0.071
0.071
0.071
0.202
0.202
0.202
0.202
0.202
0.202
0.202
0.202
0.202
0.202
0.202
0.202
0.202
0.202
0.202
0.202
0.202
0.202
0.202
0.202
0.071
0.071
0.071
0.071
0.071
0.071
0.071
0.071
0.231
0.231
0.231
0.231
0.231
0.231
0.231
0.231
0.231
0.231
0.231
0.231
0.231
0.231
0.231
0.231
0.231
0.231
0.231
0.231
0.231
0.231
0.071
0.071
0.071
0.071
0.071
0.071
0.071
0.071
0.071
0.071
0.071
0.071
0.071
0.071
0.202
0.202
0.202
0.202
0.202
0.202
0.202
0.202
0.202
0.202
0.202
0.202
0.202
0.202
0.202
0.202
0.202
0.202
0.202
0.202
0.071
0.071
0.071
0.071
0.071
0.071
0.071
0.071
0.071
0.071
0.071
0.071
0.071
0.071
0.071
0.071
0.071
0.071
0.071
0.071
0.071
0.071
0.071
0.071
0.071
0.071
0.071
0.071
0.071
0.071
0.071
0.071
0.071
0.071
0.071
0.071
0.071
0.071
0.071
0.071
0.071
0.071
0.071
0.231
0.231
0.231
0.231
0.231
0.231
0.231
0.231
0.362
0.362
0.362
0.362
0.362
0.362
0.362
0.362
0.362
0.362
0.362
0.362
0.362
0.362
0.202
0.202
0.202
0.202
0.202
0.202
0.071
0.071
0.071
0.071
0.071
0.071
0.071
0.071
0.071
0.071
0.071
0.071
0.071
0.071
0.071
0.071
0.071
0.071
0.071
0.071
0.071
0.071
0.071
0.071
0.071
0.071
0.071
0.071
0.071
0.071
0.071
0.071
0.071
0.071
0.071
0.071
0.071
0.071
0.231
0.231
0.231
0.231
0.231
0.231
0.231
0.362
0.362
0.362
0.362
0.362
0.362
0.362
0.362
0.362
0.362
0.362
0.362
0.362
0.362
0.362
0.202
0.202
0.202
0.202
0.202
0.071
0.071
0.071
0.071
0.071
0.071
0.071
0.071
0.071
0.071
0.071
0.071
0.071
0.071
0.071
0.071
0.071
0.071
0.071
0.071
0.071
0.071
0.071
0.071
0.071
0.071
0.071
0.071
0.071
0.071
0.071
0.071
0.071
0.071
0.071
0.071
0.071
0.071
0.071
0.071
0.071
0.071
0.071
0.071
0.071
0.071
0.071
0.231
0.231
0.231
0.231
0.231
0.231
0.231
0.231
0.362
0.362
0.362
0.362
0.362
0.362
0.362
0.362
0.362
0.362
0.362
0.362
0.362
0.362
0.202
0.202
0.202
0.202
0.202
0.202
0.071
0.071
0.071
0.071
0.071
0.071
0.071
0.071
0.071
0.071
0.071
0.071
0.071
0.071
0.071
0.071
0.071
0.071
0.071
0.071
0.071
0.071
0.071
0.071
0.071
0.071
0.071
0.071
0.071
0.071
0.071
0.071
0.069
0.069
0.069
0.069
0.069
0.069
0.229
0.229
0.36
0.36
0.36
0.36
0.36
0.36
0.36
0.36
0.36
0.36
0.36
0.36
0.36
0.36
0.36
0.393
0.393
0.393
0.393
0.393
0.102
0.102
0.102
0.102
0.102
0.102
0.102
0.102
0.152
0.152
0.152
0.152
0.152
0.152
0.152
0.152
0.152
0.152
0.152
0.152
0.152
0.152
0.152
0.152
0.152
0.152
0.212
0.212
0.212
0.212
0.212
0.212
0.212
0.212
0.212
0.212
0.212
0.212
0.212
0.212
0.212
0.212
0.212
0.212
0.212
0.212
0.212
0.212
0.212
0.212
0.212
0.212
0.212
0.212
0.228
0.228
0.228
0.228
0.228
0.228
0.228
0.228
2.22
2.38
2.38
0.388
0.388
2.73
2.697
2.697
2.697
2.737
2.737
2.737
2.737
2.737
2.737
2.737
2.737
2.737
2.737
2.737
2.737
2.737
2.737
2.451
2.451
2.32
2.32
2.28
2.28
2.28
2.28
2.28
0.069
0.069
0.069
0.069
2.19
2.19
2.19
2.19
2.19
2.19
2.19
2.19
2.19
2.19
2.19
2.19
2.19
2.323
2.19
2.19
0.069
0.069
0.069
0.069
0.069
0.069
0.069
0.069
0.069
0.069
0.069
0.069
0.069
0.069
0.069
0.229
0.229
0.229
0.229
0.229
0.229
0.229
0.229
0.229
0.36
0.36
0.36
0.36
0.36
0.36
0.36
0.36
0.36
0.36
0.36
0.36
0.36
0.2
0.202
0.202
0.202
0.202
0.202
0.202
0.071
0.071
0.071
0.071
0.071
0.071
0.071
0.071
0.071
0.071
0.071
0.071
0.071
0.071
0.071
0.071
0.071
0.071
0.071
0.071
0.071
0.071
0.071
0.071
0.071
0.071
0.071
0.071
0.071
0.071
0.071
0.071
0.071
0.071
0.071
0.071
0.071
0.071
0.071
0.071
0.071
0.071
0.071
0.231
0.231
0.231
0.231
0.231
0.231
0.231
0.231
0.231
0.231
0.231
0.231
0.231
0.231
0.231
0.231
0.231
0.231
0.231
0.231
0.231
0.231
0.071
0.071
0.071
0.071
0.071
0.071
0.071
0.071
0.071
0.071
0.071
0.071
0.071
0.071
0.071
0.071
0.071
0.071
0.071
0.071
0.071
0.071
0.071
0.071
0.071
0.071
0.071
0.071
0.071
0.071
0.071
0.071
0.071
0.071
0.071
0.071
0.071
0.071
0.071
0.071
0.071
0.071
0.071
0.071
0.071
0.202
0.202
0.202
0.202
0.202
0.202
0.202
0.202
0.202
0.202
0.202
0.202
0.202
0.202
0.202
0.202
0.202
0.202
0.202
0.202
0.231
0.231
0.231
0.231
0.231
0.231
0.231
0.231
0.231
0.231
0.231
0.231
0.231
0.231
0.231
0.231
0.231
0.231
0.231
0.231
0.231
0.231
0.071
0.071
0.071
0.071
0.071
0.071
0.071
0.071
0.071
0.071
0.071
0.071
0.071
0.071
0.071
0.071
0.071
0.071
0.071
0.071
0.071
0.071
0.071
0.071
0.071
0.071
0.071
0.071
0.071
0.071
0.071
0.071
0.071
0.071
0.071
0.071
0.071
0.202
0.202
0.202
0.202
0.202
0.202
0.202
0.202
0.362
0.362
0.362
0.362
0.362
0.362
0.362
0.362
0.362
0.362
0.362
0.362
0.231
0.231
0.231
0.231
0.231
0.229
0.229
0.229
0.289
0.362
0.202
0.202
0.202
0.202
0.202
0.213
0.263
0.263
0.263
0.263
0.263
0.303
0.363
0.363
0.363
0.489
0.489
0.489
0.489
0.489
0.489
0.489
0.489
0.356
0.356
0.356
0.446
0.506
0.506
0.506
0.506
0.506
2.627
2.627
2.627
2.627
2.627
2.527
2.527
2.527
2.527
2.527
2.567
2.567
2.567
2.567
2.698
2.698
0.577
0.577
0.577
0.577
0.517
0.517
0.517
0.557
0.517
0.517
0.517
0.557
0.557
0.557
0.584
0.584
0.584
0.573
0.442
0.442
0.442
0.442
0.442
0.482
0.482
0.482
0.554
0.502
0.502
0.502
0.502
0.475
0.475
0.475
0.584
0.584
0.644
0.644
0.584
0.584
0.644
0.518
0.468
0.568
0.568
0.488
1.536
1.596
1.596
0.548
0.548
0.548
0.548
0.548
0.548
0.548
0.681
0.681
0.681
0.681
0.681
0.681
0.812
0.812
0.812
0.652
0.652
0.652
0.652
0.712
0.712
2.833
2.7
2.7
2.7
2.7
2.7
2.69
2.621
2.621
2.621
2.621
2.49
2.44
2.492
2.492
2.492
0.371
0.371
0.371
0.371
0.371
0.311
0.311
0.371
0.371
0.311
0.351
0.351
0.351
0.351
0.351
0.311
0.351
0.351
0.384
0.384
0.344
0.344
0.344
0.57
0.57
0.57
0.57
0.57
0.57
0.537
0.67
0.67
0.63
0.63
0.63
0.67
0.72
0.72
0.72
0.72
0.72
0.853
0.863
0.863
0.863
0.863
0.863
0.863
0.863
0.863
0.863
0.737
0.577
0.577
0.577
0.703
0.703
0.703
0.703
0.703
0.703
0.703
0.703
0.703
0.703
0.945
0.945
0.845
0.845
0.872
0.872
0.872
0.872
0.872
0.872
0.872
0.872
0.872
0.872
0.932
0.932
0.972
0.972
0.972
0.932
0.801
0.787
0.796
0.756
0.666
0.666
0.693
0.693
0.693
0.693
0.693
0.693
0.693
0.753
0.693
0.693
0.626
0.626
0.666
2.658
2.658
2.658
0.766
0.766
0.766
0.793
0.753
0.726
0.726
0.886
0.886
0.886
0.919
0.919
0.919
0.231
0.231
0.231
0.231
0.231
0.231
0.231
0.362
0.362
0.362
0.362
0.362
0.362
0.362
0.362
0.362
0.202
0.202
0.202
0.202
0.202
0.202
0.202
0.202
0.202
0.202
0.202
0.071
0.071
0.071
0.071
0.071
0.071
0.071
0.071
0.071
0.071
0.071
0.071
0.071
0.071
0.071
0.071
0.071
0.071
0.071
0.071
0.071
0.071
0.071
0.071
0.071
0.071
0.071
0.071
0.071
0.071
0.071
0.071
0.071
0.071
0.071
0.071
0.071
0.071
0.071
0.231
0.231
0.231
0.231
0.231
0.231
0.231
0.231
0.231
0.231
0.231
0.231
0.231
0.231
0.231
0.231
0.231
0.231
0.231
0.231
0.231
0.231
0.071
0.071
0.071
0.071
0.071
0.071
0.071
0.071
0.071
0.071
0.071
0.071
0.071
0.071
0.071
0.071
0.071
0.071
0.071
0.071
0.071
0.071
0.071
0.071
0.071
0.071
0.071
0.071
0.071
0.071
0.071
0.071
0.071
0.071
0.071
0.071
0.071
0.202
0.202
0.202
0.202
0.202
0.202
0.202
0.202
0.202
0.202
0.202
0.202
0.202
0.202
0.202
0.202
0.202
0.202
0.202
0.202
0.071
0.071
0.071
0.071
0.071
0.071
0.071
0.071
0.071
0.071
0.071
0.071
0.071
0.071
0.071
0.071
0.071
0.071
0.071
0.231
0.231
0.231
0.231
0.231
0.231
0.231
0.231
0.231
0.231
0.231
0.231
0.231
0.231
0.231
0.231
