0.068
0.068
0.068
0.068
0.068
0.068
0.068
0.068
0.068
0.068
0.068
0.068
0.068
0.068
0.068
0.068
0.068
0.068
0.068
0.068
0.068
0.068
0.068
0.068
0.068
0.068
0.068
0.068
0.068
0.068
0.068
0.068
0.068
0.068
0.068
0.068
0.068
0.068
0.068
0.068
0.068
0.068
0.068
0.068
0.068
0.068
0.068
0.068
0.068
0.068
0.068
0.068
0.068
0.068
0.068
0.068
0.068
0.068
0.068
0.068
0.068
0.068
0.068
0.068
0.068
0.068
0.068
0.068
0.068
0.068
0.237
0.237
0.237
0.237
0.237
0.237
0.237
0.237
0.237
0.237
0.237
0.237
0.237
0.237
0.237
0.237
0.237
0.237
0.237
0.237
0.237
0.406
0.237
0.237
0.237
0.237
0.237
0.237
0.237
0.237
0.237
0.237
0.237
0.237
0.237
0.237
0.237
0.237
0.237
0.237
0.237
0.068
0.068
0.068
0.068
0.068
0.068
0.068
0.068
0.068
0.068
0.068
0.068
0.068
0.068
0.068
0.068
0.068
0.068
0.068
0.068
0.068
0.068
0.068
0.068
0.068
0.068
0.068
0.068
0.068
0.068
0.068
0.068
0.068
0.068
0.068
0.237
0.237
0.237
0.237
0.237
0.237
0.237
0.237
0.237
0.237
0.237
0.237
0.406
0.406
0.406
0.406
0.406
0.406
0.406
0.406
0.406
0.406
0.237
0.237
0.237
0.237
0.237
0.237
0.237
0.237
0.237
0.237
0.068
0.068
0.068
0.068
0.068
0.068
0.068
0.068
0.068
0.068
0.068
0.068
0.068
0.068
0.068
0.068
0.068
0.068
0.068
0.068
0.068
0.068
0.068
0.068
0.068
0.068
0.068
0.068
0.068
0.068
0.068
0.068
0.068
0.068
0.068
0.068
0.068
0.068
0.068
0.068
0.068
0.068
0.068
0.068
0.068
0.068
0.068
0.068
0.068
0.237
0.237
0.237
0.237
0.237
0.237
0.237
0.237
0.237
0.237
0.237
0.237
0.237
0.237
0.237
0.237
0.237
0.237
0.237
0.237
0.068
0.068
0.068
0.068
0.068
0.068
0.068
0.068
0.068
0.068
0.068
0.068
0.068
0.068
0.068
0.068
0.237
0.237
0.237
0.237
0.237
0.237
0.237
0.237
0.237
0.237
0.237
0.237
0.237
0.237
0.237
0.237
0.237
0.237
0.237
0.237
0.237
0.237
0.068
0.068
0.068
0.068
0.068
0.068
0.068
0.068
0.068
0.068
0.068
0.068
0.068
0.068
0.237
0.237
0.237
0.237
0.237
0.237
0.237
0.237
0.237
0.237
0.237
0.237
0.237
0.237
0.237
0.237
0.237
0.237
0.237
0.237
0.068
0.068
0.068
0.068
0.068
0.068
0.068
0.068
0.068
0.068
0.068
0.068
0.068
0.068
0.068
0.068
0.068
0.068
0.068
0.068
0.068
0.068
0.068
0.068
0.068
0.068
0.068
0.068
0.068
0.068
0.068
0.068
0.068
0.068
0.068
0.068
0.068
0.068
0.068
0.237
0.237
0.406
0.406
0.406
0.406
0.406
0.406
0.406
0.406
0.406
0.406
0.406
0.406
0.406
0.406
0.406
0.406
0.406
0.406
0.406
0.406
0.068
0.068
0.068
0.068
0.068
0.068
0.068
0.068
0.068
0.068
0.068
0.068
0.068
0.068
0.068
0.068
0.068
0.068
0.068
0.068
0.068
0.068
0.068
0.068
0.068
0.068
0.068
0.068
0.068
0.068
0.068
0.068
0.068
0.068
0.068
0.068
0.068
0.068
0.068
0.068
0.126
0.295
0.295
0.235
0.275
0.275
0.275
0.284
0.344
0.344
0.335
0.335
0.335
0.335
0.335
0.335
0.275
0.288
0.288
0.288
0.406
0.237
0.237
0.237
0.237
0.237
0.237
0.237
0.237
0.237
0.237
0.237
0.237
0.237
0.237
0.237
0.237
0.237
0.237
0.237
0.237
0.237
0.068
0.068
0.068
0.068
0.068
0.068
0.068
0.068
0.068
0.068
0.068
0.068
0.068
0.068
0.068
0.068
0.068
0.068
0.088
0.148
0.148
0.148
0.148
0.148
0.148
0.088
0.123
0.183
0.183
0.174
0.174
0.174
0.174
0.343
0.343
0.343
0.343
0.343
0.308
0.308
0.308
0.308
0.308
0.308
0.308
0.308
0.308
0.477
0.517
0.517
0.457
0.457
0.457
0.288
0.288
0.288
0.297
0.297
0.297
0.297
0.297
0.297
0.297
0.288
8.455
8.455
8.455
0.288
0.288
0.269
0.269
0.269
0.269
0.269
0.269
0.316
0.316
0.316
0.316
0.316
0.316
0.316
0.316
0.316
0.316
0.316
0.316
0.316
0.316
0.316
0.316
0.316
0.316
0.316
0.316
0.316
0.316
0.316
0.316
0.316
0.316
0.316
0.316
0.276
0.276
0.276
0.276
0.309
0.309
0.309
0.309
0.309
0.309
0.309
0.309
0.478
0.478
0.478
0.478
0.478
0.478
0.478
0.478
0.478
0.478
0.478
0.478
0.478
0.478
0.478
0.478
0.478
0.478
0.647
0.647
0.478
0.478
0.478
0.237
0.237
0.237
0.237
0.237
0.237
0.237
0.237
0.237
0.237
0.237
0.237
0.237
0.237
0.237
0.237
0.237
0.068
0.068
0.068
0.068
0.068
0.068
0.068
0.068
0.068
0.068
0.068
0.068
0.068
0.068
0.068
0.068
0.068
0.068
0.068
0.068
0.068
0.068
0.068
0.068
0.068
0.068
0.068
0.068
0.068
0.068
0.068
0.068
0.068
0.068
0.068
0.068
0.068
0.068
0.068
0.068
0.237
0.237
0.237
0.237
0.237
0.237
0.237
0.237
0.237
0.237
0.237
0.237
0.237
0.237
0.406
0.406
0.406
0.406
0.406
0.406
0.237
0.237
0.237
0.237
0.237
0.237
0.237
0.237
0.237
0.237
0.237
0.237
0.237
0.237
0.237
0.237
0.068
0.068
0.068
0.068
0.068
0.068
0.068
0.068
0.068
0.068
0.068
0.068
0.068
0.068
0.068
0.068
0.068
0.068
0.068
0.068
0.068
0.068
0.068
0.068
0.068
0.068
0.068
0.068
0.068
0.068
0.237
0.237
0.237
0.237
0.237
0.237
0.237
0.237
0.237
0.237
0.237
0.237
0.237
0.237
0.237
0.237
0.237
0.237
0.237
0.237
0.068
0.068
0.068
0.068
0.068
0.068
0.068
0.068
0.068
0.068
0.068
0.068
0.068
0.068
0.068
0.068
0.068
0.068
0.068
0.068
0.068
0.068
0.068
0.068
0.068
0.068
0.068
0.237
0.237
0.237
0.237
0.237
0.237
0.237
0.237
0.237
0.237
0.237
0.237
0.237
0.237
0.237
0.237
0.237
0.237
0.237
0.237
0.237
0.237
0.068
0.068
0.068
0.068
0.068
0.068
0.068
0.068
0.068
0.068
0.068
0.068
0.068
0.068
0.068
0.068
0.068
0.068
0.068
0.068
0.068
0.068
0.068
0.068
0.237
0.237
0.237
0.237
0.237
0.237
0.237
0.237
0.237
0.237
0.237
0.237
0.237
0.237
0.237
0.237
0.237
0.237
0.237
0.237
0.068
0.068
0.068
0.068
0.068
0.068
0.068
0.068
0.068
0.068
0.068
0.068
0.068
0.068
0.068
0.068
0.068
0.068
0.068
0.237
0.237
0.237
0.237
0.237
0.418
0.418
0.418
0.418
0.418
0.418
0.418
0.418
0.431
0.431
0.431
0.431
0.431
0.431
0.431
0.431
0.431
0.262
0.262
0.262
0.262
0.262
0.262
0.262
0.262
0.262
0.262
0.262
0.262
0.262
0.262
0.262
0.262
0.262
0.322
0.357
0.297
0.297
0.297
0.297
0.297
0.306
0.273
0.273
0.273
0.273
0.273
0.273
0.264
0.264
0.264
0.433
0.433
0.433
0.433
0.433
0.433
0.433
0.442
1.459
1.459
1.459
0.442
0.442
0.611
0.611
0.611
0.611
0.611
0.611
0.611
0.442
0.442
0.455
0.455
0.455
0.455
0.455
0.455
0.455
0.455
0.442
0.442
0.442
0.442
0.442
0.273
0.333
0.333
0.333
0.333
0.358
0.358
0.393
0.393
0.393
0.393
0.393
0.393
0.393
0.384
0.453
0.453
0.444
0.444
0.444
0.444
0.444
0.384
0.384
0.384
0.384
0.444
0.444
0.444
0.673
0.673
0.673
0.733
0.776
0.776
0.776
0.776
0.776
0.741
0.681
0.681
0.681
0.721
0.681
0.681
0.681
0.681
0.668
0.703
0.534
0.534
0.534
0.703
0.703
0.763
0.763
0.763
0.763
0.772
0.772
0.772
0.832
0.772
0.772
0.772
0.772
0.88
0.88
0.88
0.82
0.82
0.82
0.82
0.76
0.591
0.651
0.651
0.651
0.591
0.591
3.092
3.092
3.092
3.083
3.083
3.083
3.083
3.083
3.083
3.083
3.083
3.083
3.083
3.083
3.092
3.092
0.544
0.544
0.544
0.509
0.509
0.509
0.569
0.738
0.738
0.738
0.738
0.738
0.738
0.738
0.738
0.738
0.738
0.738
0.738
0.738
0.738
0.738
0.738
0.738
0.738
0.773
0.738
0.569
0.569
0.569
0.401
0.401
0.401
0.401
1.366
1.366
1.366
1.366
1.366
1.366
1.366
1.366
1.57
1.603
3.224
3.224
3.224
1.716
1.716
1.566
1.566
1.566
1.566
1.566
1.566
1.566
1.566
1.566
1.566
1.566
1.626
1.626
1.626
1.626
0.552
0.592
0.617
0.577
0.517
0.517
0.517
0.517
0.517
0.504
0.504
0.504
0.504
0.504
0.504
0.504
0.504
0.504
0.555
1.572
1.512
1.512
0.495
0.495
0.495
0.495
0.508
0.448
0.617
2.238
2.238
2.238
0.617
0.617
0.617
0.617
0.617
0.626
0.686
0.626
0.626
0.626
0.626
0.626
0.626
0.626
0.626
0.626
0.457
0.457
0.457
0.457
0.424
2.045
2.045
2.214
0.593
0.593
0.644
0.644
0.644
0.644
0.644
0.644
0.584
0.584
0.584
0.584
0.584
0.584
0.584
0.584
0.584
0.584
0.524
0.524
0.524
0.355
0.355
0.355
0.388
0.328
0.328
0.328
0.328
0.328
0.328
0.328
0.328
0.388
0.328
0.388
0.397
0.397
0.397
0.457
0.457
0.457
0.457
0.444
0.444
0.444
0.444
0.435
0.435
0.435
0.435
0.435
0.375
0.544
0.544
0.484
0.484
0.484
0.484
0.484
0.544
0.524
0.524
0.584
0.584
0.544
0.544
0.544
0.713
0.713
0.713
0.713
0.713
0.544
0.544
0.544
0.544
0.544
0.579
0.579
0.579
0.579
0.579
0.639
0.639
0.639
0.639
0.639
0.639
0.526
0.357
0.357
0.357
0.357
0.357
0.357
0.357
0.357
0.357
0.322
0.322
0.322
0.322
0.322
0.322
0.322
0.331
0.262
0.262
0.262
0.262
0.375
0.375
0.375
0.375
0.384
0.384
0.384
1.996
1.996
2.005
0.375
0.375
0.375
0.375
0.375
0.375
0.375
0.375
0.375
0.384
0.384
0.384
0.384
0.384
0.384
0.432
0.432
0.432
0.432
0.372
0.372
0.492
0.492
0.492
0.661
0.601
0.601
0.601
0.601
0.601
0.601
0.661
0.661
0.601
0.601
0.601
0.541
0.541
0.541
0.71
0.71
0.71
0.71
0.71
0.541
0.541
0.541
0.541
0.541
0.508
0.508
0.508
0.473
0.473
0.473
0.473
0.37
0.37
0.37
1.991
1.991
1.822
0.201
0.201
8.419
8.419
8.419
0.252
0.252
0.252
0.252
0.252
0.252
0.252
0.252
0.252
0.252
0.252
0.192
0.192
0.192
0.192
0.192
0.192
0.225
0.394
0.394
0.454
0.441
0.441
0.441
0.441
0.501
0.501
0.604
0.604
0.604
0.237
0.237
0.237
0.237
0.237
0.237
0.237
0.237
0.068
0.068
0.068
0.068
0.237
0.237
0.237
0.237
0.237
0.237
0.237
0.237
0.237
0.237
0.237
0.237
0.237
0.237
0.237
0.237
0.237
0.237
0.237
0.237
0.237
0.237
0.068
0.068
0.068
0.068
0.068
0.068
0.068
0.068
0.068
0.068
0.068
0.068
0.068
0.068
0.068
0.068
0.058
0.058
0.058
0.068
0.068
0.068
0.068
0.068
0.068
0.068
