0.072
0.072
0.072
0.072
0.072
0.072
0.072
0.062
0.062
0.062
0.062
0.062
0.062
0.062
0.177
0.177
0.177
0.177
0.177
0.177
0.177
0.177
0.177
0.177
0.177
0.177
0.177
0.177
0.177
0.177
0.177
0.177
0.062
0.062
0.062
0.062
0.062
0.072
0.072
0.072
0.072
0.072
0.072
0.072
0.072
0.072
0.072
0.072
0.072
0.072
0.072
0.072
0.072
0.072
0.072
0.072
0.072
0.072
0.072
0.072
0.072
0.072
0.072
0.072
0.072
0.072
0.072
0.072
0.072
0.072
0.072
0.072
0.072
0.072
0.072
0.072
0.072
0.072
0.072
0.072
0.072
0.072
0.072
0.072
0.072
0.072
0.072
0.072
0.072
0.268
0.268
0.268
0.268
0.268
0.383
0.383
0.383
0.383
0.383
0.383
0.383
0.383
0.383
0.383
0.383
0.383
0.383
0.383
0.383
0.383
0.383
0.187
0.072
0.072
0.072
0.072
0.072
0.072
0.072
0.072
0.072
0.072
0.072
0.072
0.072
0.072
0.072
0.072
0.072
0.072
0.072
0.072
0.072
0.072
0.072
0.072
0.072
0.072
0.072
0.072
0.072
0.072
0.072
0.072
0.072
0.072
0.072
0.072
0.072
0.072
0.072
0.072
0.072
0.072
0.072
0.072
0.268
0.268
0.268
0.268
0.268
0.268
0.268
0.268
0.268
0.268
0.268
0.383
0.383
0.383
0.383
0.383
0.383
0.383
0.383
0.383
0.383
0.383
0.187
0.187
0.187
0.187
0.187
0.187
0.187
0.072
0.072
0.072
0.072
0.072
0.072
0.072
0.072
0.072
0.072
0.072
0.072
0.072
0.072
0.072
0.072
0.072
0.072
0.072
0.072
0.072
0.072
0.072
0.072
0.072
0.072
0.072
0.072
0.072
0.072
0.072
0.072
0.072
0.072
0.072
0.072
0.072
0.072
0.072
0.072
0.072
0.072
0.072
0.072
0.072
0.072
0.072
0.072
0.072
0.072
0.072
0.072
0.072
0.072
0.072
0.072
0.072
0.072
0.072
0.072
0.072
0.072
0.072
0.268
0.268
0.268
0.268
0.268
0.268
0.268
0.268
0.268
0.268
0.268
0.268
0.268
0.268
0.268
0.268
0.268
0.268
0.268
0.268
0.268
0.268
0.072
0.187
0.187
0.187
0.187
0.187
0.187
0.187
0.187
0.187
0.187
0.187
0.187
0.187
0.187
0.187
0.187
0.187
0.187
0.072
0.072
0.072
0.072
0.072
0.072
0.072
0.072
0.072
0.072
0.072
0.072
0.072
0.072
0.072
0.072
0.072
0.072
0.072
0.072
0.072
0.072
0.072
0.072
0.072
0.072
0.072
0.072
0.072
0.072
0.072
0.072
0.072
0.072
0.072
0.072
0.072
0.072
0.072
0.072
0.187
0.187
0.187
0.187
0.383
0.383
0.383
0.383
0.383
0.383
0.383
0.383
0.383
0.383
0.383
0.383
0.383
0.383
0.268
0.268
0.268
0.268
0.268
0.268
0.268
0.268
0.072
0.072
0.072
0.072
0.072
0.072
0.072
0.072
0.072
0.072
0.072
0.072
0.072
0.072
0.072
0.072
0.072
0.072
0.072
0.072
0.072
0.072
0.072
0.072
0.072
0.072
0.072
0.072
0.072
0.072
0.072
0.072
0.187
0.187
0.187
0.187
0.187
0.187
0.187
0.187
0.187
0.187
0.187
0.187
0.187
0.187
0.187
0.383
0.383
0.383
0.268
0.268
0.268
0.268
0.268
0.266
0.498
0.498
0.498
0.498
0.498
0.498
0.498
1.652
1.652
1.652
1.652
1.652
1.652
1.456
1.456
3.825
3.825
3.86
3.86
3.86
3.86
3.86
3.825
3.825
3.825
3.825
3.825
3.825
3.825
3.825
3.866
1.497
1.497
1.497
1.497
1.497
1.497
0.343
0.343
0.343
0.343
0.383
0.383
0.383
0.378
0.378
0.478
0.478
0.363
0.363
0.263
0.263
0.263
0.263
0.263
0.263
0.263
0.263
0.263
0.276
0.276
0.296
0.296
0.296
0.296
0.492
0.492
0.492
0.532
0.532
0.532
0.472
0.492
0.492
0.552
0.552
0.552
0.492
0.457
0.457
0.457
0.552
0.552
0.552
0.552
0.492
0.592
0.396
0.461
0.576
0.576
0.576
0.576
0.556
0.556
0.491
0.491
0.491
0.491
0.491
0.491
0.591
0.591
0.565
0.565
0.565
0.565
0.45
0.45
0.072
0.072
0.072
0.072
0.072
0.072
0.072
0.072
0.072
0.072
0.215
0.215
0.215
0.25
0.25
0.25
0.215
0.215
0.215
0.215
0.202
0.202
0.202
0.202
0.202
0.302
0.302
0.302
0.498
0.498
0.498
0.498
0.518
0.518
0.518
0.518
0.518
0.518
0.518
0.418
0.268
0.268
0.268
0.383
0.383
0.383
0.383
0.383
0.383
0.383
0.187
0.187
0.187
0.187
0.187
0.187
0.187
0.187
0.187
0.187
0.187
0.072
0.072
0.072
0.072
0.072
0.072
0.072
0.072
0.072
0.072
0.072
0.072
0.072
0.072
0.072
0.072
0.072
0.072
0.072
0.072
0.072
0.072
0.072
0.072
0.072
0.072
0.072
0.072
0.072
0.072
0.072
0.072
0.072
0.072
0.072
0.072
0.072
0.072
0.072
0.187
0.187
0.187
0.187
0.383
0.383
0.383
0.383
0.383
0.383
0.383
0.383
0.383
0.383
0.383
0.383
0.383
0.383
0.268
0.268
0.268
0.268
0.268
0.268
0.268
0.268
0.072
0.072
0.072
0.072
0.072
0.072
0.072
0.072
0.072
0.072
0.072
0.072
0.072
0.072
0.072
0.072
0.072
0.072
0.072
0.072
0.072
0.072
0.072
0.072
0.072
0.072
0.072
0.072
0.072
0.072
0.072
0.072
0.072
0.072
0.072
0.072
0.072
0.072
0.072
0.072
0.072
0.072
0.072
0.072
0.072
0.072
0.072
0.072
0.072
0.072
0.072
0.072
0.072
0.072
0.072
0.268
0.268
0.268
0.268
0.268
0.268
0.268
0.268
0.268
0.268
0.268
0.268
0.268
0.268
0.268
0.268
0.268
0.268
0.268
0.268
0.268
0.268
0.072
0.072
0.072
0.072
0.072
0.072
0.072
0.202
0.202
0.202
0.202
0.202
0.202
0.202
0.202
0.202
0.202
0.072
0.072
0.072
0.072
0.072
0.072
0.072
0.072
0.072
0.072
0.072
0.072
0.072
0.072
0.072
0.072
0.072
0.072
0.072
0.072
0.202
0.202
0.202
0.202
0.202
0.202
0.202
0.202
0.202
0.202
0.202
0.202
0.212
0.327
0.327
0.327
0.327
0.327
0.327
0.327
0.523
0.523
0.523
0.523
0.523
0.523
2.426
3.58
3.58
3.58
3.58
3.465
3.465
3.465
3.465
5.445
5.445
5.445
3.465
3.465
3.465
3.465
3.269
3.269
3.269
3.269
3.269
3.269
3.269
3.269
3.269
3.269
3.269
1.366
1.366
1.366
1.366
0.212
0.212
0.212
0.212
0.212
0.212
0.212
0.212
0.212
0.212
0.212
0.212
0.212
0.212
0.212
0.212
0.212
0.212
0.212
0.212
0.212
0.212
0.212
0.212
0.212
0.212
0.212
0.212
0.202
0.202
0.398
0.398
0.398
0.398
0.513
0.513
0.613
0.613
0.773
0.773
0.713
0.673
0.673
0.673
0.573
0.573
0.573
0.573
0.573
0.573
0.573
0.573
0.242
0.242
0.262
0.262
0.262
0.362
0.362
0.362
0.362
0.362
0.362
0.362
0.362
0.362
0.362
0.362
0.397
0.397
0.397
0.397
0.417
0.417
0.417
0.317
0.317
0.317
0.257
0.237
0.237
0.237
0.381
0.381
0.381
0.381
0.381
0.381
0.381
0.346
0.346
0.346
0.346
0.346
0.214
0.214
0.214
0.214
0.227
0.267
0.267
0.442
0.382
0.382
0.382
0.238
0.238
0.238
0.298
0.298
0.298
0.298
0.298
0.298
0.298
0.298
0.358
0.358
0.298
0.183
0.288
0.388
0.388
0.388
0.584
0.544
0.544
0.544
0.544
0.544
0.544
0.544
0.484
0.484
0.484
0.484
0.544
0.544
0.544
0.544
0.544
0.544
0.544
0.544
0.544
0.544
0.348
0.288
0.288
0.288
0.288
0.288
0.288
0.183
0.183
0.183
0.183
0.183
0.285
0.285
0.285
0.285
0.285
0.285
0.285
0.285
0.285
0.285
0.385
0.529
0.529
0.529
0.529
0.529
0.829
0.829
0.714
0.714
0.714
0.714
0.714
0.714
0.714
0.846
0.846
0.846
0.846
0.846
0.846
0.586
0.606
0.762
0.782
2.685
2.685
2.685
2.685
2.685
2.685
2.685
2.685
2.685
2.685
2.685
2.685
2.685
2.685
2.725
2.725
2.725
2.725
2.725
2.725
2.529
2.529
2.529
2.529
2.529
2.529
2.529
0.626
0.626
0.626
0.626
0.626
0.626
0.626
0.626
0.626
0.626
0.626
0.626
0.626
0.626
0.626
0.586
0.721
0.621
0.621
0.621
0.681
0.681
0.681
0.741
0.741
0.741
0.741
0.741
0.597
0.597
0.577
0.517
0.517
0.517
0.402
0.402
0.402
0.442
0.442
0.542
0.442
0.442
0.442
0.342
0.342
0.342
0.342
0.342
0.342
0.342
0.342
0.342
0.342
0.342
0.342
0.342
1.241
1.241
1.241
0.302
0.498
0.498
0.498
0.498
0.498
0.498
0.598
0.598
0.598
0.624
0.624
0.624
0.624
0.624
0.624
0.624
0.624
0.624
0.624
0.524
0.534
0.534
0.338
0.338
0.338
0.338
0.338
0.338
0.338
0.338
0.338
0.351
0.351
0.351
0.351
0.351
0.351
0.351
0.351
0.451
0.451
0.451
0.451
0.072
0.072
0.072
0.072
0.072
0.072
0.072
0.072
0.072
0.072
0.072
0.072
0.072
0.072
0.072
0.072
0.072
0.072
0.072
0.072
0.072
0.072
0.072
0.072
0.072
0.072
0.072
0.072
0.072
0.072
0.072
0.072
0.072
0.072
0.187
0.187
0.187
0.187
0.187
0.187
0.187
0.187
0.187
0.383
0.383
0.383
0.383
0.383
0.383
0.383
0.383
0.383
0.268
0.268
0.268
0.268
0.268
0.268
0.268
0.268
0.447
0.447
0.447
0.447
0.527
0.251
0.311
0.311
0.311
0.311
0.411
0.311
0.311
0.251
0.251
0.251
0.251
0.251
0.251
0.251
0.395
0.395
0.395
0.395
0.395
0.395
0.415
0.415
0.415
0.415
0.53
0.63
0.63
0.63
0.53
0.53
0.53
0.63
0.63
0.639
0.639
0.639
0.565
0.565
0.565
0.565
0.565
0.565
0.875
0.875
0.865
0.865
0.527
0.527
0.527
0.527
0.527
0.527
0.527
0.527
0.527
0.537
0.537
0.537
0.537
0.537
0.537
0.537
0.537
0.597
0.072
0.072
0.072
0.072
0.072
0.072
0.268
0.268
0.268
0.268
0.578
0.578
0.578
0.578
0.578
0.434
0.434
0.434
0.434
0.434
0.494
0.434
0.434
0.434
9.273
9.273
9.273
0.872
0.338
0.338
0.438
0.438
0.438
0.438
0.582
0.582
0.582
0.582
0.582
0.582
0.642
0.642
0.642
0.582
0.582
0.582
0.737
0.637
0.637
0.637
0.937
0.95
0.95
0.95
0.95
0.824
0.524
0.584
0.71
0.61
0.57
0.57
0.57
0.57
0.455
0.455
0.455
0.455
0.455
0.455
0.455
0.475
0.475
0.475
0.465
0.465
0.465
0.465
0.465
0.485
0.681
0.681
0.681
0.716
0.716
0.716
0.716
0.716
0.716
0.716
0.716
0.716
0.716
0.726
0.666
0.666
0.766
0.766
0.766
0.766
0.734
0.734
0.538
0.538
0.598
0.598
0.538
0.518
0.518
0.518
0.072
0.072
0.072
0.072
0.072
0.072
0.072
0.072
0.072
0.072
0.072
0.072
0.072
0.072
0.072
0.072
0.072
0.072
0.072
0.072
0.072
0.072
0.072
0.072
0.072
0.072
0.072
0.072
0.072
0.072
0.072
0.072
0.072
0.072
0.072
0.072
0.072
0.187
0.187
0.187
0.187
0.187
0.187
0.187
0.187
0.187
0.187
0.187
0.187
0.187
0.187
0.187
0.187
0.187
0.187
0.072
0.268
0.268
0.268
0.268
