2.793
2.768
2.768
0.417
0.417
0.417
0.417
0.417
0.717
0.717
0.717
0.717
0.717
0.777
0.777
0.777
0.477
0.537
0.537
0.721
0.721
0.86
0.86
0.825
0.815
0.815
0.815
0.815
0.767
0.767
0.767
0.767
0.755
0.755
0.755
0.755
0.755
0.063
0.063
0.063
0.063
0.063
0.063
0.063
0.063
0.053
0.053
0.053
0.053
0.053
0.053
0.053
0.053
0.053
0.053
0.053
0.053
0.053
0.053
0.053
0.053
0.053
0.053
0.053
0.053
0.053
0.053
0.053
0.053
0.053
0.053
0.053
0.053
0.053
0.053
0.063
0.063
0.063
0.063
0.063
0.063
0.063
0.063
0.063
0.063
0.063
0.063
0.063
0.063
0.063
0.063
0.063
0.063
0.063
0.063
0.063
0.196
0.196
0.196
0.338
0.338
0.338
0.338
0.338
0.338
0.338
0.338
0.338
0.338
0.338
0.338
0.338
0.338
0.196
0.196
0.402
0.269
0.269
0.269
0.269
0.269
0.269
0.269
0.269
0.269
0.269
0.269
0.269
0.269
0.269
0.269
0.269
0.269
0.269
0.269
0.269
0.269
0.063
0.063
0.063
0.063
0.063
0.063
0.063
0.063
0.063
0.063
0.063
0.063
0.063
0.063
0.063
0.063
0.063
0.063
0.063
0.063
0.063
0.196
0.196
0.196
0.196
0.196
0.196
0.196
0.196
0.196
0.196
0.196
0.196
0.196
0.196
0.196
0.196
0.196
0.196
0.196
0.196
0.063
0.063
0.063
0.205
0.205
0.205
0.205
0.205
0.205
0.205
0.205
0.205
0.205
0.205
0.205
0.205
0.205
0.063
0.063
0.063
0.063
0.063
0.063
0.063
0.063
0.063
0.063
0.063
0.063
0.063
0.063
0.063
0.063
0.063
0.063
0.063
0.063
0.063
0.063
0.063
0.063
0.063
0.063
0.063
0.063
0.196
0.196
0.196
0.196
0.196
0.196
0.196
0.196
0.196
0.196
0.196
0.196
0.196
0.196
0.196
0.196
0.196
0.196
0.196
0.196
0.063
0.063
0.063
0.063
0.063
0.063
0.063
0.063
0.063
0.063
0.063
0.063
0.063
0.063
0.269
0.269
0.269
0.269
0.269
0.269
0.269
0.269
0.269
0.269
0.269
0.269
0.269
0.269
0.269
0.269
0.269
0.269
0.269
0.269
0.269
0.269
0.063
0.063
0.063
0.063
0.063
0.063
0.063
0.063
0.063
0.063
0.063
0.196
0.196
0.196
0.196
0.196
0.196
0.196
0.196
0.196
0.196
0.196
0.196
0.196
0.196
0.196
0.196
0.196
0.196
0.196
0.196
0.063
0.063
0.063
0.063
0.063
0.063
0.063
0.063
0.063
0.063
0.063
0.063
0.063
0.063
0.063
0.063
0.063
0.063
0.063
0.063
0.063
0.063
0.063
0.063
0.411
0.411
0.411
0.411
0.411
0.411
0.411
0.411
0.411
0.411
0.411
0.411
0.411
0.411
0.269
0.269
0.269
0.269
0.269
0.269
0.269
0.269
0.063
0.063
0.063
0.063
0.063
0.063
0.063
0.063
0.063
0.063
0.063
0.063
0.063
0.063
0.063
0.063
0.063
0.063
0.063
0.063
0.063
0.063
0.063
0.063
0.063
0.063
0.063
0.063
0.063
0.063
0.063
0.063
0.063
0.063
0.063
0.063
0.063
0.063
0.063
0.063
0.063
0.062
0.062
0.062
0.062
1.065
1.065
1.065
0.195
0.295
0.295
0.195
0.215
0.215
0.195
0.195
0.195
0.195
0.195
0.255
0.255
0.255
0.255
0.295
0.295
0.162
0.222
0.162
0.162
0.162
0.162
0.162
0.162
0.462
0.462
0.462
0.512
0.412
0.512
0.412
0.412
0.412
0.412
0.412
0.412
0.412
0.452
0.412
0.412
0.412
0.412
0.412
0.412
0.412
0.412
0.412
0.412
0.412
0.412
0.618
0.76
0.76
0.76
0.76
0.76
0.76
0.76
0.76
0.46
0.46
0.52
0.46
0.56
0.66
0.518
0.518
0.518
0.53
0.538
0.638
0.638
0.432
0.432
0.432
0.432
0.432
0.432
0.432
0.402
0.402
0.41
0.47
0.47
0.47
0.47
0.49
0.49
0.47
0.47
0.47
0.47
0.47
0.47
0.47
0.47
0.47
0.47
0.47
0.47
0.43
0.43
0.43
0.43
0.43
0.43
0.43
0.41
0.41
0.41
0.41
0.543
0.543
0.543
0.543
0.543
0.543
0.543
0.543
0.543
0.543
0.543
1.413
1.619
1.639
0.769
0.769
0.769
0.769
0.769
0.769
0.636
0.636
0.636
0.636
0.636
0.636
0.636
0.636
0.616
0.616
0.616
0.708
0.708
0.608
0.302
0.302
0.302
0.302
0.302
0.302
0.302
0.302
0.302
0.302
0.302
0.242
0.242
0.242
0.384
0.384
0.384
0.205
0.205
0.205
0.205
0.205
0.205
0.205
0.205
0.205
0.338
0.338
0.196
0.196
0.196
0.196
0.196
0.196
0.196
0.196
0.196
0.196
0.196
0.196
0.196
0.196
0.196
0.196
0.196
0.196
0.063
0.063
0.063
0.063
0.063
0.063
0.063
0.063
0.063
0.063
0.063
0.063
0.063
0.269
0.269
0.269
0.269
0.269
0.269
0.269
0.269
0.269
0.269
0.269
0.269
0.269
0.269
0.269
0.269
0.269
0.269
0.269
0.269
0.269
0.269
0.063
0.063
0.063
0.063
0.063
0.063
0.063
0.063
0.063
0.063
0.063
0.063
0.063
0.196
0.196
0.196
0.338
0.338
0.338
0.338
0.338
0.338
0.338
0.338
0.338
0.338
0.338
0.338
0.338
0.338
0.196
0.196
0.196
0.063
0.063
0.063
0.063
0.063
0.063
0.063
0.063
0.063
0.063
0.063
0.063
0.063
0.063
0.269
0.269
0.269
0.269
0.269
0.269
0.269
0.269
0.269
0.269
0.269
0.269
0.269
0.269
0.269
0.269
0.269
0.269
0.269
0.269
0.269
0.269
0.063
0.063
0.063
0.063
0.063
0.063
0.063
0.063
0.196
0.196
0.196
0.196
0.196
0.196
0.196
0.196
0.196
0.196
0.196
0.196
0.196
0.338
0.338
0.338
0.338
0.338
0.338
0.338
0.205
0.205
0.205
0.205
0.205
0.205
0.205
0.063
0.063
0.063
0.063
0.063
0.063
0.063
0.063
0.063
0.063
0.063
0.063
0.063
0.063
0.063
0.063
0.063
0.063
0.063
0.063
0.063
0.063
0.063
0.269
0.269
0.269
0.269
0.269
0.269
0.269
0.269
0.269
0.269
0.269
0.269
0.269
0.269
0.269
0.269
0.269
0.269
0.269
0.269
0.269
0.269
0.063
0.063
0.063
0.063
0.063
0.063
0.063
0.063
0.196
0.196
0.196
0.196
0.196
0.196
0.196
0.196
0.196
0.196
0.196
0.338
0.338
0.338
0.338
0.338
0.338
0.338
0.338
0.338
0.205
0.205
0.205
0.205
0.205
0.063
0.063
0.063
0.063
0.063
0.063
0.063
0.063
0.063
0.063
0.063
0.063
0.063
0.063
0.063
0.063
0.063
0.063
0.063
0.063
0.063
0.063
0.063
0.063
0.063
0.063
0.063
0.063
0.063
0.063
0.063
0.063
0.063
0.063
0.063
0.063
0.063
0.063
0.063
0.063
0.063
0.063
0.063
0.063
0.062
0.062
0.062
0.195
0.195
0.401
0.401
0.401
0.409
0.409
0.409
0.409
0.409
0.409
0.409
0.409
0.409
0.409
0.409
0.409
0.409
0.409
0.409
0.418
0.418
0.418
0.418
0.212
0.212
0.212
0.212
0.232
0.232
0.292
0.292
0.292
0.292
0.15
0.15
0.21
0.21
0.21
0.21
0.15
0.15
0.17
0.15
0.15
0.15
0.15
0.15
0.15
0.15
0.15
0.15
0.15
0.21
0.15
0.15
0.15
0.15
0.15
0.15
0.15
0.15
0.15
0.15
0.19
0.19
0.25
0.25
0.25
0.25
0.25
0.25
0.25
0.25
0.35
0.35
0.19
0.323
0.515
0.515
0.515
0.575
0.575
0.515
0.515
0.515
0.515
0.515
0.515
0.615
0.615
0.775
0.675
0.675
0.675
0.675
0.735
0.602
0.808
0.808
0.808
0.808
0.908
0.848
0.908
0.908
0.98
1.082
1.082
1.082
1.082
1.022
1.022
1.022
3.005
3.005
2.985
2.985
2.985
2.985
2.779
2.637
2.637
2.537
2.697
2.597
2.597
2.597
2.609
2.609
2.609
2.609
2.745
2.745
2.745
0.762
0.762
0.762
0.762
0.762
0.895
0.903
1.003
1.003
1.003
0.943
0.843
0.843
0.831
0.831
0.831
0.831
0.831
0.831
0.831
0.831
0.851
0.911
0.911
0.911
0.778
0.838
0.838
0.838
0.878
0.818
0.818
0.798
0.798
0.758
0.758
0.758
0.758
0.658
0.658
0.658
0.658
0.658
0.658
0.658
0.658
0.658
0.8
0.8
0.8
0.74
0.76
2.751
2.751
2.759
2.779
2.779
2.985
2.985
2.985
2.985
2.883
2.883
3.1
3.06
2.863
2.863
2.863
2.891
2.891
2.891
3.024
3.096
3.096
3.096
3.096
3.273
3.273
3.096
0.983
0.983
0.983
0.983
0.983
2.262
2.262
2.182
2.182
2.182
2.359
2.279
1.969
1.969
1.969
1.969
2.069
2.089
1.889
1.889
1.889
1.889
1.929
2.106
2.066
2.384
2.384
2.284
2.284
2.284
1.717
1.767
1.767
1.767
1.867
0.588
0.576
0.576
0.576
0.576
0.576
0.556
0.556
0.556
0.798
0.798
0.798
0.798
0.798
0.798
0.798
0.798
0.798
0.798
0.798
0.798
0.798
0.798
0.656
0.656
0.656
0.656
0.628
0.628
0.628
0.528
0.528
0.392
0.392
0.525
0.525
0.525
0.525
0.525
0.661
0.661
0.661
0.661
0.661
0.661
0.661
0.661
0.867
0.867
0.867
0.887
0.887
0.887
0.887
0.754
0.754
0.704
0.684
0.684
0.684
0.684
0.692
0.692
0.692
0.692
0.692
0.692
0.692
0.632
0.426
0.426
0.386
0.386
0.386
0.386
0.386
0.386
0.386
0.386
0.486
0.486
0.486
0.486
0.546
0.546
0.526
0.39
0.378
0.52
0.46
0.36
0.36
0.3
0.4
0.4
0.3
0.3
0.3
2.435
2.435
2.435
0.35
0.308
0.348
0.348
0.448
0.348
0.388
0.388
0.408
0.368
0.368
0.368
0.368
0.368
0.71
0.71
0.71
0.75
0.983
0.983
0.983
0.983
0.983
0.933
1.033
1.033
1.093
1.093
0.993
0.993
0.797
0.797
0.837
0.829
0.829
0.829
0.623
0.623
0.45
0.61
0.61
0.61
0.61
0.61
0.61
0.61
0.61
0.61
0.61
0.61
0.746
0.746
0.686
0.686
0.646
0.646
0.586
0.586
0.646
0.618
0.618
0.618
0.618
0.618
0.658
0.658
0.658
0.718
0.718
0.718
0.658
0.618
0.618
0.638
0.638
0.666
0.666
0.666
0.666
2.781
2.841
2.931
0.816
0.816
0.816
0.836
0.836
0.836
0.969
0.969
0.969
0.969
0.981
0.981
0.981
0.839
0.839
0.839
0.839
0.879
0.879
0.839
0.703
0.663
0.663
0.663
0.663
0.799
0.726
0.726
0.726
0.666
0.666
0.666
0.666
0.666
0.666
0.666
0.666
0.666
0.654
0.654
0.654
0.654
0.654
0.498
0.498
0.498
0.498
0.634
0.634
0.634
0.84
0.84
0.84
0.84
0.84
0.84
0.84
0.84
0.9
0.9
0.9
0.9
9.878
9.878
9.878
0.269
0.269
0.269
0.269
0.411
0.411
0.411
0.205
0.205
0.205
0.205
0.205
0.205
0.205
0.205
0.205
0.205
0.205
0.063
0.063
0.063
0.063
0.063
0.063
0.196
0.196
0.196
0.196
0.196
0.196
0.196
0.196
0.196
0.196
0.196
0.196
0.196
0.196
0.196
0.196
0.196
0.196
0.196
0.196
0.063
0.063
0.063
0.063
0.063
0.063
0.063
0.063
0.063
0.269
0.269
0.269
0.269
0.269
0.269
0.269
0.269
0.269
0.269
0.269
0.269
0.269
0.269
0.269
0.269
0.269
0.269
0.269
0.269
0.269
0.269
0.063
0.063
0.063
0.063
0.063
0.063
0.063
0.063
