0.063
0.063
0.063
0.063
0.063
0.063
0.063
0.063
0.063
0.063
0.063
0.063
0.063
0.063
0.063
0.063
0.063
0.063
0.063
0.063
0.063
0.063
0.063
0.063
0.063
0.263
0.263
0.263
0.253
0.253
0.253
0.253
0.253
0.253
0.253
0.253
0.253
0.069
0.069
0.069
0.069
0.069
0.069
0.069
0.069
0.069
0.069
0.069
0.069
0.069
0.059
0.059
0.059
0.059
0.059
0.059
0.059
0.059
0.059
0.059
0.059
0.059
0.059
0.059
0.059
0.059
0.059
0.059
0.059
0.059
0.059
0.059
0.059
0.059
0.059
0.059
0.059
0.059
0.059
0.059
0.069
0.069
0.069
0.069
0.069
0.069
0.069
0.069
0.069
0.069
0.069
0.069
0.069
0.069
0.069
0.069
0.069
0.069
0.069
0.069
0.069
0.069
0.069
0.069
0.069
0.069
0.069
0.069
0.069
0.069
0.069
0.069
0.069
0.069
0.069
0.069
0.069
0.069
0.069
0.069
0.069
0.069
0.069
0.069
0.069
0.069
0.069
0.069
0.069
0.069
0.069
0.069
0.069
0.069
0.175
0.175
0.175
0.175
0.175
0.175
0.175
0.175
0.175
0.175
0.175
0.175
0.175
0.175
0.175
0.175
0.175
0.175
0.069
0.069
0.069
0.069
0.069
0.069
0.069
0.069
0.069
0.069
0.069
0.069
0.069
0.069
0.069
0.069
0.069
0.069
0.069
0.069
0.069
0.069
0.069
0.069
0.069
0.069
0.069
0.069
0.069
0.069
0.069
0.069
0.069
0.069
0.069
0.069
0.069
0.069
0.069
0.069
0.069
0.069
0.069
0.069
0.069
0.069
0.069
0.069
0.069
0.069
0.069
0.069
0.069
0.069
0.069
0.069
0.069
0.069
0.069
0.069
0.069
0.069
0.069
0.069
0.069
0.175
0.175
0.175
0.175
0.175
0.175
0.175
0.175
0.175
0.175
0.175
0.175
0.175
0.175
0.175
0.175
0.175
0.175
0.069
0.069
0.069
0.069
0.069
0.069
0.069
0.069
0.069
0.069
0.069
0.069
0.069
0.069
0.069
0.069
0.069
0.069
0.069
0.069
0.069
0.069
0.069
0.069
0.069
0.069
0.069
0.069
0.069
0.069
0.069
0.069
0.069
0.069
0.069
0.069
0.069
0.175
0.175
0.175
0.175
0.175
0.175
0.175
0.175
0.175
0.175
0.175
0.175
0.175
0.175
0.175
0.175
0.175
0.175
0.069
0.069
0.069
0.069
0.069
0.069
0.069
0.069
0.069
0.069
0.069
0.069
0.069
0.069
0.069
0.069
0.069
0.069
0.069
0.069
0.069
0.069
0.069
0.069
0.069
0.069
0.069
0.069
0.069
0.069
0.069
0.069
0.069
0.069
0.069
0.069
0.069
0.175
0.175
0.175
0.175
0.175
0.175
0.175
0.175
0.175
0.175
0.175
0.175
0.175
0.175
0.175
0.175
0.175
0.175
0.069
0.069
0.069
0.069
0.069
0.069
0.069
0.069
0.069
0.069
0.069
0.069
0.069
0.069
0.069
0.069
0.069
0.069
0.069
0.069
0.069
0.069
0.069
0.069
0.069
0.069
0.069
0.069
0.069
0.069
0.069
0.069
0.069
0.069
0.069
0.069
0.175
0.175
0.175
0.175
0.175
0.175
0.175
0.175
0.175
0.175
0.175
0.175
0.175
0.175
0.175
0.175
0.175
0.175
0.069
0.069
0.069
0.069
0.069
0.069
0.069
0.069
0.069
0.069
0.069
0.069
0.069
0.069
0.069
0.069
0.069
0.069
0.069
0.069
0.069
0.069
0.069
0.069
0.069
0.069
0.069
0.069
0.069
0.069
0.069
0.069
0.069
0.069
0.069
0.069
0.069
0.175
0.175
0.175
0.175
0.175
0.175
0.175
0.175
0.175
0.175
0.175
0.175
0.175
0.175
0.175
0.175
0.175
0.175
0.069
0.069
0.069
0.069
0.069
0.069
0.069
0.069
0.069
0.069
0.069
0.069
0.069
0.069
0.069
0.069
0.069
0.069
0.069
0.069
0.069
0.069
0.069
0.069
0.069
0.069
0.069
0.069
0.069
0.069
0.069
0.069
0.069
0.069
0.069
0.069
0.069
0.069
0.069
0.069
0.069
0.069
0.069
0.069
0.069
0.069
0.069
0.069
0.175
0.175
0.175
0.175
0.175
0.273
0.273
0.273
0.273
0.273
0.273
0.273
0.273
0.273
0.273
0.273
0.273
0.273
0.167
0.191
0.191
0.191
0.191
0.191
0.191
0.179
0.179
0.179
0.179
0.179
0.179
0.179
0.179
0.179
0.179
0.179
0.179
0.179
0.179
0.179
0.179
0.308
0.308
1.413
1.413
0.069
0.069
0.069
0.069
0.069
0.069
0.069
0.069
0.069
0.069
0.069
0.069
0.069
0.069
0.069
0.069
0.069
0.069
0.069
0.069
0.069
0.069
0.069
0.069
0.069
0.069
0.069
0.069
0.069
0.069
0.175
0.175
0.175
0.175
0.175
0.175
0.175
0.175
0.175
0.175
0.175
0.175
0.175
0.175
0.175
0.175
0.175
0.175
0.069
0.069
1.313
0.196
0.296
0.296
0.296
0.296
0.296
0.296
0.296
0.296
0.296
0.296
0.296
0.296
0.296
0.296
0.296
0.415
0.415
0.415
0.415
0.415
0.415
0.415
0.415
0.415
0.415
0.415
0.415
0.415
0.415
0.415
0.415
0.415
0.415
0.415
0.415
0.415
0.415
0.415
0.415
0.415
0.415
0.315
0.315
0.315
2.611
2.611
2.611
2.611
2.611
2.611
2.611
2.611
2.611
2.611
2.611
2.611
2.611
2.611
2.611
2.611
2.611
2.611
2.611
2.611
2.611
2.611
2.611
2.611
2.611
2.611
2.611
0.315
0.315
0.315
0.315
0.315
0.315
0.315
0.315
0.315
0.315
0.315
0.315
0.315
0.315
0.315
0.315
0.186
0.186
0.186
0.295
0.295
0.295
0.295
0.295
0.309
0.415
0.415
0.415
0.415
0.415
0.415
0.415
0.415
0.415
0.415
0.415
0.415
0.415
0.306
2.684
2.684
2.684
0.306
0.2
0.2
0.309
0.309
0.309
0.309
0.309
0.309
0.617
0.617
0.617
0.617
0.309
0.309
0.309
0.309
0.309
0.309
2.113
2.113
2.113
2.113
2.113
2.113
2.113
2.113
2.113
2.113
2.113
2.113
2.113
2.113
2.113
2.113
2.113
2.113
2.113
2.113
0.2
0.2
0.2
0.186
0.186
0.186
0.186
0.186
0.186
0.186
0.186
0.186
0.186
0.186
0.186
0.186
0.186
0.186
0.186
0.186
0.186
0.186
0.186
0.186
0.186
0.186
0.186
0.186
0.186
0.186
0.186
0.186
0.186
0.186
0.186
0.186
0.186
0.186
2.564
2.564
2.564
0.186
0.186
0.186
0.186
0.186
0.186
1.303
1.303
1.303
0.186
0.186
0.186
0.186
0.186
0.186
0.186
0.186
0.186
0.186
0.186
0.186
0.186
0.186
0.186
0.186
0.186
0.292
0.292
0.292
0.292
0.292
0.292
0.292
0.292
0.292
0.292
0.292
0.292
0.292
0.292
0.292
0.292
0.292
0.292
0.186
0.186
0.186
0.186
0.186
0.186
0.186
0.186
0.186
0.186
0.186
0.186
0.186
0.186
0.295
0.295
0.295
0.309
0.309
0.309
0.409
0.409
0.409
0.409
0.409
0.409
0.409
0.409
0.409
0.409
0.409
0.409
0.441
0.441
0.441
0.441
0.441
0.441
0.441
0.441
0.441
0.332
0.232
0.232
0.232
0.232
0.232
0.232
0.232
0.232
0.232
0.232
0.54
0.54
0.54
0.54
0.232
0.232
0.232
0.232
0.232
0.232
0.232
0.232
0.232
0.232
0.232
0.232
0.232
0.232
0.232
0.232
0.338
0.338
0.338
0.338
0.338
0.324
0.205
0.225
0.205
0.205
0.205
0.205
0.205
0.205
0.205
0.205
0.205
0.205
0.099
0.149
0.149
0.149
0.149
0.149
0.149
0.149
0.161
0.161
0.161
0.161
0.149
0.149
0.149
0.117
0.117
0.117
0.117
0.117
0.117
0.117
0.117
0.117
0.131
0.131
0.131
0.131
0.131
0.131
0.131
0.131
0.131
0.251
0.251
0.34
0.469
0.381
0.381
0.381
0.381
0.381
0.381
0.441
0.441
0.441
0.441
0.441
0.441
0.441
0.381
0.381
0.381
0.381
0.381
0.418
0.418
0.418
0.524
0.512
0.512
0.512
0.512
0.383
0.383
0.383
0.383
0.383
0.383
0.383
0.383
0.383
0.383
0.383
0.383
0.383
0.277
0.277
0.277
0.277
0.277
0.277
0.277
0.277
0.363
0.363
0.326
0.326
0.326
0.326
0.326
0.326
0.326
0.326
0.326
0.326
0.326
0.326
0.326
0.386
0.277
0.277
0.277
0.277
0.277
0.277
0.277
0.277
2.573
2.573
2.573
2.573
2.573
2.788
5.295
5.295
5.295
2.917
2.917
2.917
2.939
2.939
2.927
2.927
2.927
2.927
2.927
2.927
2.927
2.927
2.927
2.821
2.821
2.721
2.721
0.425
0.425
0.425
0.425
0.425
0.425
0.425
0.425
0.425
0.425
0.525
0.525
0.525
0.525
0.296
0.296
0.296
0.296
0.296
0.296
0.296
0.296
0.296
0.296
0.296
0.296
0.296
0.296
0.31
0.31
0.31
0.31
0.31
0.322
0.322
0.201
0.201
0.201
0.33
0.33
0.436
0.436
0.436
0.436
0.436
0.307
0.307
0.307
0.307
0.307
0.307
0.307
0.307
0.307
0.307
0.307
0.307
0.307
0.191
0.191
0.191
0.191
0.191
0.191
0.191
0.191
0.191
0.191
0.251
0.251
0.251
0.251
0.251
0.26
0.26
0.251
0.251
0.251
0.251
0.141
0.141
0.25
0.25
0.25
0.25
0.31
0.31
0.36
0.358
0.298
0.298
0.238
0.338
0.288
0.288
0.288
0.288
0.288
0.288
0.288
0.288
0.288
0.288
0.288
0.348
0.348
0.348
0.348
0.348
0.348
0.288
0.288
0.288
0.288
0.288
0.288
0.288
0.288
0.288
0.288
0.288
0.288
0.288
0.288
0.288
0.288
0.288
0.288
0.308
0.308
0.308
0.288
0.276
0.276
0.276
0.276
0.276
0.276
0.336
0.336
0.336
0.336
0.356
0.356
2.746
2.746
2.875
0.497
0.497
0.547
0.547
0.547
0.547
0.547
0.547
0.547
0.547
0.547
0.547
0.547
0.547
0.547
0.447
0.447
0.447
0.447
0.447
0.461
0.461
0.352
0.352
0.352
0.352
0.352
0.352
0.362
0.362
0.362
0.362
0.362
0.362
0.362
0.362
0.362
0.362
0.362
0.362
0.362
0.362
0.362
0.362
0.362
0.394
0.394
0.394
0.394
0.394
0.394
0.394
0.394
0.394
0.394
0.394
0.394
0.382
0.488
0.488
0.488
0.488
0.488
0.488
0.488
0.488
0.488
0.488
0.488
0.488
0.488
0.428
0.428
0.428
0.428
0.428
0.322
0.322
0.322
0.322
0.308
0.308
0.32
0.332
0.32
0.308
0.308
0.308
0.308
0.308
0.308
0.308
0.308
0.308
0.308
0.308
0.308
0.308
0.179
0.179
0.239
0.229
0.358
0.358
0.358
0.358
0.358
0.37
0.37
0.37
0.37
0.35
0.35
0.35
0.35
0.35
0.41
0.41
0.378
0.318
0.35
0.35
0.35
0.35
0.221
0.35
0.35
0.35
0.35
0.41
0.41
0.41
0.41
0.41
0.35
0.35
0.338
0.338
0.338
0.444
0.456
0.456
0.456
0.396
0.396
0.396
0.396
0.396
0.396
0.396
0.396
0.396
0.346
0.346
0.346
0.346
0.346
0.24
0.29
0.29
0.29
0.29
0.29
0.29
0.29
0.29
0.29
0.29
0.29
0.29
0.29
0.29
0.29
0.29
0.29
0.29
0.161
0.161
0.161
0.161
0.149
0.149
0.149
0.149
0.149
0.149
0.149
0.149
0.149
0.149
0.149
0.149
0.149
0.177
0.177
0.485
0.485
0.485
0.499
0.211
0.248
0.228
0.228
0.228
0.228
0.168
0.168
0.188
0.188
0.188
0.188
0.248
0.248
0.248
0.258
0.258
0.258
0.258
0.258
0.258
0.258
0.258
0.258
0.258
0.258
0.258
0.258
0.258
0.258
0.258
0.367
0.33
