0.075
0.075
0.075
0.075
0.075
0.075
0.075
0.075
0.065
0.065
0.065
0.065
0.065
0.065
0.065
0.065
0.065
0.065
0.065
0.065
0.065
0.065
0.065
0.065
0.065
0.173
0.173
0.173
0.173
0.173
0.173
0.173
0.173
0.173
0.173
0.173
0.173
0.173
0.183
0.183
0.183
0.183
0.183
0.075
0.075
0.075
0.075
0.075
0.075
0.075
0.075
0.075
0.075
0.075
0.075
0.075
0.075
0.075
0.075
0.075
0.075
0.075
0.075
0.075
0.075
0.075
0.075
0.075
0.075
0.075
0.075
0.075
0.075
0.075
0.075
0.075
0.075
0.075
0.075
0.075
0.075
0.075
0.075
0.075
0.075
0.075
0.075
0.289
0.289
0.289
0.289
0.289
0.289
0.289
0.289
0.289
0.289
0.289
0.289
0.289
0.289
0.289
0.289
0.289
0.289
0.289
0.397
0.397
0.397
0.183
0.183
0.183
0.183
0.183
0.183
0.183
0.183
0.183
0.183
0.183
0.183
0.183
0.183
0.183
0.075
0.075
0.075
0.075
0.075
0.075
0.075
0.075
0.075
0.075
0.075
0.075
0.075
0.075
0.075
0.075
0.075
0.075
0.075
0.075
0.075
0.075
0.075
0.075
0.075
0.075
0.075
0.075
0.075
0.075
0.075
0.075
0.075
0.075
0.075
0.075
0.075
0.075
0.075
0.075
0.075
0.075
0.075
0.075
0.075
0.075
0.289
0.289
0.289
0.289
0.289
0.289
0.289
0.289
0.289
0.289
0.289
0.289
0.289
0.289
0.397
0.397
0.397
0.397
0.397
0.397
0.397
0.397
0.183
0.183
0.183
0.183
0.183
0.183
0.183
0.183
0.183
0.183
0.075
0.075
0.075
0.075
0.075
0.075
0.075
0.075
0.075
0.075
0.075
0.075
0.075
0.075
0.075
0.075
0.075
0.075
0.075
0.075
0.075
0.075
0.075
0.075
0.075
0.075
0.075
0.075
0.075
0.075
0.075
0.075
0.075
0.075
0.075
0.075
0.075
0.075
0.075
0.183
0.183
0.183
0.183
0.183
0.183
0.183
0.183
0.183
0.183
0.183
0.183
0.183
0.183
0.183
0.183
0.183
0.183
0.289
0.289
0.289
0.289
0.289
0.289
0.289
0.289
0.289
0.289
0.289
0.289
0.289
0.289
0.289
0.289
0.289
0.289
0.289
0.289
0.289
0.289
0.075
0.075
0.075
0.075
0.075
0.075
0.075
0.075
0.075
0.075
0.075
0.075
0.075
0.075
0.075
0.075
0.075
0.075
0.075
0.075
0.075
0.075
0.075
0.075
0.075
0.075
0.075
0.075
0.075
0.075
0.075
0.075
0.075
0.075
0.075
0.075
0.075
0.075
0.075
0.075
0.075
0.075
0.075
0.075
0.075
0.075
0.075
0.075
0.075
0.075
0.075
0.075
0.075
0.075
0.075
0.075
0.075
0.075
0.075
0.075
0.075
0.075
0.075
0.075
0.075
0.075
0.075
0.075
0.075
0.075
0.075
0.075
0.075
0.075
0.075
0.075
0.075
0.075
0.075
0.075
0.075
0.075
0.075
0.075
0.183
0.183
0.183
0.183
0.183
0.183
0.183
0.183
0.183
0.183
0.183
0.183
0.183
0.183
0.183
0.183
0.183
0.183
0.075
0.075
0.075
0.075
0.075
0.289
0.289
0.289
0.289
0.289
0.289
0.289
0.289
0.289
0.289
0.289
0.289
0.289
0.289
0.289
0.289
0.289
0.289
0.289
0.289
0.289
0.289
0.075
0.075
0.075
0.075
0.075
0.075
0.075
0.075
0.075
0.075
0.075
0.075
0.075
0.075
0.075
0.075
0.075
0.075
0.075
0.075
0.075
0.075
0.075
0.075
0.075
0.075
0.075
0.075
0.075
0.075
0.075
0.075
0.075
0.075
0.075
0.075
0.075
0.075
0.075
0.075
0.075
0.075
0.075
0.075
0.075
0.075
0.075
0.075
0.075
0.075
0.075
0.075
0.075
0.075
0.075
0.075
0.075
0.075
0.075
0.075
0.075
0.289
0.289
0.289
0.397
0.397
0.397
0.397
0.397
0.397
0.397
0.397
0.397
0.397
0.397
0.397
0.397
0.397
0.397
0.397
0.397
0.397
0.289
0.075
0.075
0.075
0.075
0.075
0.075
0.075
0.075
0.075
0.075
0.075
0.075
0.075
0.075
0.075
0.075
0.075
0.075
0.075
0.075
0.075
0.075
0.075
0.075
0.075
0.075
0.075
0.075
0.075
0.075
0.075
0.075
0.075
0.075
0.075
0.075
0.075
0.075
0.075
0.075
0.075
0.075
0.075
0.075
0.075
0.075
0.075
0.289
0.289
0.289
0.289
0.289
0.397
0.397
0.397
0.397
0.397
0.397
0.397
0.397
0.397
0.397
0.397
0.397
0.397
0.397
0.397
0.397
0.397
0.183
0.075
0.075
0.075
0.075
0.075
0.075
0.075
0.073
0.073
2.885
2.885
2.885
2.885
2.885
2.885
2.885
2.885
2.885
2.885
2.885
2.885
2.885
2.885
2.885
3.233
3.233
3.233
3.233
2.885
0.073
0.073
0.073
0.073
0.073
0.073
0.073
0.073
0.073
0.073
0.073
0.073
0.073
0.073
0.073
0.073
0.073
0.073
0.073
0.073
0.111
0.111
0.245
0.245
0.245
0.245
0.245
3.057
3.057
3.057
3.057
3.057
3.057
3.057
3.057
3.057
3.057
3.057
3.057
3.291
3.291
3.363
3.363
3.343
3.343
3.343
3.343
0.531
0.531
2.514
2.514
2.514
2.514
2.514
2.514
2.514
2.514
2.514
2.514
2.514
2.757
2.543
2.543
2.543
2.543
2.543
2.543
2.543
2.543
2.543
0.56
0.56
0.56
0.56
0.56
0.56
0.56
0.56
0.452
0.452
0.452
0.452
0.452
0.452
0.452
0.452
0.452
0.452
0.452
0.452
0.452
0.452
0.452
0.452
0.452
0.452
0.452
0.452
0.452
0.452
0.452
0.452
0.452
0.452
0.452
0.452
0.452
0.452
0.452
0.452
0.452
0.452
0.452
0.452
0.452
0.452
0.452
0.452
0.452
0.452
0.452
0.452
0.452
0.452
0.452
0.452
0.452
0.452
0.452
0.452
0.452
0.452
0.452
0.629
0.629
0.452
0.452
0.452
0.147
0.147
0.147
0.147
0.147
0.147
0.147
0.147
0.324
0.324
0.147
0.255
0.255
0.255
0.255
0.255
0.255
0.255
0.469
0.469
0.469
0.646
0.646
0.469
0.469
0.469
0.469
0.469
0.469
0.361
0.361
0.361
0.361
0.361
0.538
0.538
0.856
0.856
0.856
0.856
0.642
0.075
0.075
0.075
0.075
0.075
0.075
0.075
0.075
0.075
0.075
0.075
0.075
0.075
0.075
0.075
0.075
0.075
0.075
0.075
0.075
0.075
0.075
0.075
0.075
0.075
0.075
0.075
0.075
0.075
0.075
0.183
0.183
0.183
0.183
0.183
0.183
0.183
0.183
0.183
0.183
0.183
0.183
0.183
0.183
0.183
0.183
0.183
0.397
0.289
0.289
0.289
0.289
0.289
0.289
0.289
0.289
0.289
0.289
0.289
0.289
0.289
0.289
0.289
0.289
0.289
0.289
0.289
0.289
0.289
0.38
0.38
0.38
0.38
0.38
0.38
0.38
0.38
0.42
0.42
0.42
0.42
0.48
0.48
0.48
0.48
0.38
0.38
0.38
0.38
0.38
0.38
0.38
0.38
0.38
0.38
0.38
0.38
0.342
0.342
0.342
0.342
0.342
0.342
0.342
0.342
0.342
0.69
0.69
0.69
0.69
0.342
3.154
3.154
3.154
3.154
3.368
3.368
3.368
3.368
3.368
3.368
3.368
3.368
3.368
3.368
3.368
3.368
3.368
3.368
3.368
3.368
0.556
0.556
0.556
0.556
0.556
0.596
0.382
0.382
0.075
0.075
0.075
0.075
0.075
0.075
0.075
0.075
0.075
0.075
0.075
0.075
0.075
0.075
0.075
0.075
0.075
0.075
0.075
0.075
0.075
0.075
0.075
0.075
0.075
0.075
0.075
0.075
0.075
0.075
0.075
0.075
0.075
0.075
0.075
0.075
0.075
0.075
0.075
0.075
0.075
0.075
0.075
0.075
0.075
0.075
0.075
0.075
0.075
0.075
0.075
0.075
0.075
0.075
0.075
0.075
0.075
0.075
0.075
0.075
0.075
0.075
0.075
0.289
0.289
0.289
0.289
0.289
0.289
0.289
0.289
0.289
0.289
0.289
0.289
0.289
0.289
0.289
0.289
0.289
0.664
0.664
3.476
3.476
3.476
3.262
3.262
3.262
3.262
3.262
3.322
3.322
3.322
5.339
5.339
5.339
3.492
3.492
3.384
3.384
3.384
3.384
0.572
0.572
0.438
0.438
0.438
0.447
0.487
0.487
0.487
0.527
0.487
0.487
0.487
0.353
0.393
0.393
0.393
0.393
0.393
0.393
0.393
0.353
0.317
0.317
0.317
0.317
0.317
0.317
0.317
0.317
0.317
0.317
0.317
0.352
0.317
0.317
0.317
0.317
0.317
0.317
0.317
0.257
0.257
0.257
0.257
0.257
2.238
2.238
2.238
0.257
0.257
0.257
0.365
0.385
0.365
0.365
0.365
0.365
0.499
0.499
0.459
0.459
0.459
0.459
0.459
0.459
0.459
0.459
0.459
0.459
0.351
0.351
0.351
0.391
0.391
0.391
0.391
0.441
0.441
0.441
0.441
0.441
0.476
0.476
3.288
3.288
3.288
3.288
3.288
3.253
3.253
3.253
3.213
3.213
3.213
3.213
3.213
3.213
3.213
3.213
3.23
3.23
3.27
3.27
0.458
0.496
0.496
0.496
0.496
0.556
0.591
0.805
0.805
0.805
3.577
3.577
3.577
3.577
3.443
3.443
3.443
3.463
3.463
3.463
3.463
3.463
3.463
3.463
3.463
3.463
3.462
3.442
3.442
3.228
0.381
1.716
1.751
1.751
1.756
1.756
1.756
1.756
1.716
1.716
1.716
1.776
1.776
1.776
1.776
1.776
1.776
1.816
1.776
1.776
1.776
1.776
1.776
1.776
1.91
1.91
1.893
1.893
1.893
1.893
1.893
1.893
1.893
1.992
1.967
1.967
1.967
1.967
1.987
1.967
1.967
1.967
2.007
2.007
1.969
2.183
2.183
4.995
4.995
4.995
5.13
5.025
5.034
5.034
4.994
5.011
5.051
5.051
5.061
5.061
5.061
3.726
3.726
3.726
3.726
3.746
3.746
0.72
0.72
0.72
0.621
0.621
0.621
0.621
0.075
0.075
0.075
0.075
0.075
0.075
0.075
0.075
0.075
0.075
0.075
0.075
0.075
0.075
0.075
0.075
0.075
0.183
0.183
0.183
0.183
0.183
0.183
0.183
0.183
0.183
0.183
0.183
0.183
0.183
0.183
0.183
0.183
0.183
0.183
0.075
0.075
0.075
0.075
0.075
0.075
0.075
0.075
0.075
0.075
0.075
0.075
0.289
0.289
0.289
0.487
0.487
0.487
0.487
0.487
0.487
0.487
0.487
0.487
0.487
0.289
0.289
0.289
0.289
0.289
0.289
0.289
0.289
0.289
0.075
0.075
0.075
0.075
0.075
0.075
0.075
0.075
0.075
0.075
0.075
0.075
0.075
0.075
0.075
0.075
0.075
0.075
0.075
0.075
0.075
0.075
0.075
0.075
0.075
0.075
0.075
0.075
0.075
0.075
0.075
0.075
0.183
0.183
0.183
0.183
0.183
0.183
0.183
0.183
0.183
0.183
0.183
0.183
0.183
0.183
0.183
0.183
0.183
0.183
0.075
0.075
0.075
0.075
0.075
0.075
0.075
0.075
0.289
0.289
0.289
0.289
0.289
0.289
0.289
0.289
0.289
0.289
0.289
0.289
0.289
0.289
0.289
0.289
0.289
0.289
0.289
0.289
0.289
0.289
0.075
0.075
0.075
0.075
0.075
0.075
0.075
0.075
0.075
0.075
0.075
0.075
0.075
0.075
0.075
0.075
0.075
0.075
0.075
0.075
0.075
0.075
0.075
0.075
0.075
0.075
0.075
0.075
0.075
0.075
0.075
0.075
0.075
0.075
0.075
0.075
0.075
0.075
0.075
0.075
0.075
0.075
0.075
0.075
0.183
0.183
0.183
0.397
0.397
0.397
0.397
0.397
0.397
0.397
0.397
0.397
0.397
0.397
0.397
0.397
0.397
0.397
0.289
0.289
0.289
0.289
0.289
0.289
0.289
0.075
0.075
