0.065
0.065
0.065
0.065
0.065
0.065
0.065
0.065
0.065
0.065
0.065
0.065
0.065
0.065
0.065
0.065
0.065
0.065
0.065
0.065
0.065
0.065
0.065
0.065
0.065
0.055
0.055
0.055
0.055
0.055
0.055
0.055
0.055
0.055
0.055
0.055
0.055
0.069
0.059
0.059
0.059
0.059
0.059
0.059
0.059
0.059
0.059
0.059
0.059
0.059
0.059
0.059
0.059
0.169
0.169
0.169
0.169
0.169
0.169
0.169
0.169
0.169
0.169
0.169
0.169
0.169
0.169
0.169
0.179
0.179
0.179
0.069
0.069
0.069
0.069
0.069
0.069
0.069
0.069
0.069
0.069
0.069
0.069
0.069
0.069
0.069
0.069
0.069
0.069
0.069
0.069
0.069
0.069
0.069
0.069
0.069
0.069
0.069
0.069
0.069
0.069
0.069
0.069
0.069
0.069
0.069
0.069
0.069
0.069
0.069
0.069
0.069
0.069
0.069
0.069
0.069
0.069
0.069
0.069
0.069
0.069
0.069
0.069
0.069
0.069
0.069
0.069
0.069
0.069
0.069
0.069
0.069
0.069
0.069
0.069
0.069
0.179
0.179
0.179
0.179
0.179
0.179
0.179
0.179
0.179
0.179
0.179
0.179
0.179
0.179
0.179
0.179
0.179
0.179
0.069
0.069
0.069
0.069
0.069
0.069
0.069
0.069
0.069
0.069
0.069
0.069
0.069
0.069
0.069
0.069
0.069
0.069
0.069
0.069
0.069
0.069
0.069
0.069
0.069
0.069
0.069
0.069
0.069
0.069
0.069
0.069
0.069
0.069
0.069
0.069
0.069
0.069
0.069
0.069
0.069
0.069
0.069
0.069
0.069
0.069
0.069
0.069
0.069
0.069
0.069
0.069
0.069
0.069
0.069
0.069
0.069
0.069
0.069
0.069
0.069
0.069
0.069
0.069
0.069
0.069
0.069
0.069
0.069
0.069
0.069
0.069
0.069
0.069
0.069
0.069
0.069
0.069
0.069
0.069
0.069
0.069
0.069
0.069
0.069
0.069
0.069
0.069
0.069
0.069
0.069
0.069
0.069
0.069
0.069
0.069
0.069
0.069
0.069
0.069
0.069
0.069
0.069
0.069
0.069
0.069
0.069
0.069
0.069
0.069
0.069
0.069
0.069
0.069
0.069
0.069
0.069
0.069
0.069
0.069
0.069
0.069
0.069
0.069
0.069
0.069
0.069
0.069
0.069
0.069
0.069
0.069
0.069
0.069
0.069
0.069
0.069
0.069
0.069
0.069
0.069
0.069
0.069
0.069
0.069
0.069
0.069
0.069
0.069
0.179
0.179
0.179
0.179
0.179
0.179
0.179
0.179
0.179
0.179
0.179
0.179
0.179
0.179
0.179
0.179
0.179
0.179
0.069
0.069
0.069
0.069
0.069
0.069
0.069
0.069
0.069
0.069
0.069
0.069
0.069
0.069
0.069
0.069
0.069
0.069
0.069
0.069
0.069
0.069
0.069
0.069
0.069
0.069
0.069
0.069
0.069
0.069
0.069
0.069
0.069
0.069
0.069
0.069
0.069
0.069
0.069
0.069
0.069
0.069
0.069
0.069
0.069
0.069
0.069
0.069
0.069
0.069
0.069
0.069
0.069
0.069
0.069
0.069
0.069
0.069
0.069
0.069
0.069
0.069
0.069
0.069
0.069
0.069
0.069
0.069
0.069
0.069
0.069
0.069
0.069
0.069
0.069
0.069
0.069
0.069
0.069
0.069
0.069
0.069
0.069
0.069
0.069
0.069
0.069
0.069
0.069
0.069
0.069
0.069
0.069
0.069
0.069
0.069
0.069
0.069
0.069
0.069
0.069
0.069
0.069
0.069
0.069
0.069
0.069
0.069
0.069
0.069
0.069
0.069
0.069
0.069
0.069
0.069
0.069
0.069
0.069
0.069
0.069
0.069
0.069
0.069
0.069
0.069
0.069
0.069
0.069
0.069
0.069
0.069
0.069
0.069
0.069
0.069
0.128
0.163
0.163
0.163
0.163
0.163
0.163
0.163
0.163
0.203
0.203
0.203
0.203
0.203
0.203
0.143
0.143
0.143
0.143
0.143
0.143
0.143
0.143
0.143
0.456
0.456
0.456
0.496
0.148
0.148
0.148
0.148
0.208
0.208
0.318
0.318
0.318
0.318
0.287
0.287
0.278
0.378
0.278
0.278
0.43
0.39
0.39
0.39
0.39
0.39
0.39
0.39
0.34
0.28
0.28
0.28
0.28
0.28
0.28
0.28
0.293
0.293
0.305
0.353
0.353
0.341
0.341
0.341
0.341
0.341
0.341
0.341
0.361
0.361
0.361
0.361
0.361
0.361
0.361
0.361
0.373
0.361
0.361
0.373
0.373
0.373
0.373
0.373
0.373
0.438
0.438
0.438
0.548
0.548
0.548
0.488
0.488
0.488
0.528
0.528
0.488
0.488
0.488
0.488
0.488
0.388
0.4
0.4
0.4
0.4
0.29
0.29
0.29
0.302
0.302
0.237
0.237
0.237
0.237
0.237
0.337
0.337
0.337
0.225
0.225
0.225
0.225
0.237
0.237
0.213
0.213
0.313
0.373
0.372
0.384
0.384
0.384
0.396
0.509
0.437
0.372
0.3
0.2
0.14
0.14
0.14
0.14
0.14
0.14
0.14
0.069
0.069
0.179
0.179
0.179
0.179
0.179
0.179
0.179
0.179
0.179
0.179
0.179
0.179
0.179
0.179
0.179
0.179
0.179
0.179
0.069
0.069
0.069
0.069
0.069
0.069
0.069
0.069
0.069
0.069
0.069
0.069
0.069
0.069
0.069
0.069
0.069
0.069
0.069
0.069
0.069
0.069
0.069
0.069
0.069
0.069
0.069
0.069
0.069
0.069
0.069
0.069
0.069
0.069
0.069
0.069
0.069
0.069
0.069
0.069
0.069
0.069
0.069
0.069
0.069
0.069
0.069
0.069
0.069
0.069
0.068
0.068
0.068
0.068
0.068
0.068
0.068
0.068
0.068
0.068
0.068
0.068
0.068
0.068
0.068
0.108
0.108
0.108
0.108
0.108
0.108
0.108
0.108
0.108
0.108
0.108
0.108
0.108
0.108
0.108
0.108
0.108
0.218
0.218
0.218
0.218
0.218
0.218
0.218
0.218
0.218
0.218
0.218
0.342
0.342
0.342
0.342
0.342
0.342
0.342
0.232
0.232
0.232
0.232
0.232
0.192
0.505
0.505
0.545
0.505
0.192
0.192
0.192
0.202
0.202
0.202
0.202
0.202
0.202
0.202
0.202
0.202
0.202
0.202
0.202
0.202
0.202
0.202
0.202
0.202
0.202
0.202
0.214
0.214
0.214
0.214
0.214
0.214
0.202
0.202
0.202
0.202
0.202
0.202
0.202
0.202
0.202
0.202
0.202
0.202
0.262
0.262
0.202
0.202
0.202
0.202
0.202
0.202
0.202
0.202
0.202
0.202
0.202
0.202
0.202
0.202
0.202
0.202
0.202
0.202
0.202
0.202
0.202
0.192
0.192
0.192
0.192
0.192
0.192
0.192
0.192
0.505
0.505
0.505
0.505
0.192
0.192
0.192
0.192
0.192
0.192
0.192
0.192
0.192
0.192
0.192
0.192
0.242
0.242
0.352
0.352
0.352
0.352
0.352
0.352
0.352
0.352
0.352
0.352
0.352
0.352
0.352
0.352
0.352
0.352
0.352
0.352
0.242
0.242
0.555
0.555
0.694
0.644
0.331
0.331
0.331
0.331
0.331
0.331
0.331
0.331
0.331
0.331
0.331
0.331
0.331
0.331
0.331
0.331
0.331
0.331
0.331
0.331
0.331
0.331
0.331
0.331
0.344
0.344
0.344
0.344
0.344
0.344
0.344
0.344
0.22
0.22
0.23
0.23
0.23
0.23
0.23
0.23
0.23
0.23
0.23
0.23
0.23
0.23
0.23
0.23
0.23
0.23
0.23
0.23
0.27
0.38
0.38
0.38
0.38
0.34
0.34
0.34
0.34
0.34
0.34
0.38
2.158
2.218
2.206
0.392
0.532
0.532
0.592
0.482
0.482
0.482
0.482
0.594
0.594
0.574
0.554
0.554
0.554
0.614
0.614
0.614
0.554
0.554
0.554
0.554
0.554
0.554
0.614
0.674
0.674
0.694
0.696
0.696
0.696
0.683
0.623
0.623
0.623
0.623
0.624
0.624
0.624
0.604
0.564
0.564
0.564
0.564
0.564
0.576
0.596
0.596
0.596
0.596
0.584
0.069
0.069
0.069
0.069
0.069
0.069
0.069
0.069
0.069
0.069
0.069
0.069
0.069
0.069
0.069
0.069
0.069
0.069
0.069
0.069
0.069
0.069
0.069
0.069
0.069
0.069
0.069
0.069
0.069
0.069
0.069
0.069
0.069
0.069
0.069
0.069
0.069
0.069
0.069
0.069
0.069
0.069
0.069
0.069
0.069
0.069
0.069
0.069
0.069
0.069
0.442
0.442
0.442
0.442
0.442
0.442
0.442
0.442
0.442
0.442
0.454
0.454
0.767
0.767
0.767
0.767
0.454
0.454
0.384
0.384
0.384
0.384
0.384
0.384
0.344
0.344
0.332
0.272
0.272
0.272
0.272
0.272
0.272
0.272
0.272
0.272
0.272
0.272
0.272
0.272
0.312
0.312
0.372
0.422
0.484
0.484
0.668
0.668
0.608
0.608
0.608
0.608
0.532
0.592
0.652
0.652
0.592
0.592
0.579
0.579
0.591
2.345
2.455
2.455
0.713
0.733
0.713
0.713
0.713
0.713
0.801
0.801
0.801
0.821
0.821
0.821
0.821
0.821
0.868
0.918
0.723
0.755
0.755
0.755
0.755
0.755
0.755
0.755
0.775
0.82
0.069
0.069
0.069
0.069
0.069
0.069
0.069
0.069
0.069
0.069
0.447
0.427
0.427
0.467
0.467
0.427
0.427
0.427
0.427
0.527
0.527
0.463
0.403
0.403
0.343
0.343
0.343
0.473
0.473
0.482
0.513
0.573
0.573
0.573
0.573
0.573
0.685
0.685
0.685
0.685
0.697
0.697
0.697
0.697
0.706
0.52
0.532
0.592
0.492
0.432
0.432
0.432
0.432
0.372
0.372
0.4
0.388
0.453
0.453
0.513
0.513
0.513
0.525
0.525
0.525
0.525
0.525
0.513
0.513
0.513
0.573
0.573
0.573
0.573
0.573
0.573
0.573
0.613
0.638
0.538
0.538
0.538
0.526
0.466
0.466
0.466
0.466
0.526
0.636
0.636
0.636
0.636
0.636
0.696
0.756
0.696
0.696
0.696
0.756
0.756
0.756
0.617
0.577
0.577
0.568
0.568
0.458
0.398
0.398
0.398
0.398
0.398
0.398
0.398
0.398
0.418
0.388
0.388
0.388
0.388
0.388
0.388
0.388
0.4
0.4
0.44
0.44
0.44
2.194
2.194
2.194
0.54
0.54
0.54
0.54
0.54
0.54
0.428
0.428
0.428
0.428
0.428
0.538
2.292
2.304
2.304
0.55
0.45
0.45
0.45
0.45
0.437
0.437
0.437
0.437
0.437
0.437
0.437
0.437
0.549
0.439
0.439
0.439
0.439
0.487
0.362
0.362
0.362
0.362
0.362
0.362
0.362
0.362
0.362
0.435
0.375
0.377
0.317
0.317
0.317
0.317
0.317
0.317
0.305
0.305
0.325
0.458
0.518
0.518
0.558
0.658
0.658
0.658
0.658
0.618
0.618
0.618
0.618
0.618
0.618
0.628
0.588
0.648
0.648
0.758
0.758
0.758
0.758
0.77
0.77
0.77
0.798
2.552
2.602
2.602
0.848
0.848
0.908
0.908
0.908
0.908
0.899
0.789
0.789
0.825
0.825
0.885
0.885
0.713
0.713
0.713
0.713
0.713
0.653
0.653
0.713
0.725
0.713
0.713
0.773
0.833
0.785
0.845
0.845
0.725
0.601
0.601
0.588
0.588
0.576
0.576
0.576
0.576
0.516
0.528
0.528
0.568
0.528
0.525
0.476
0.406
0.346
0.346
0.346
0.346
0.346
0.346
0.358
0.358
0.346
0.346
0.346
0.406
0.406
0.446
0.446
0.446
0.458
0.458
0.438
0.438
0.438
0.438
0.498
0.498
0.498
0.448
0.448
0.408
0.408
0.485
0.42
0.42
0.42
0.42
0.46
0.48
0.504
0.504
0.504
0.493
0.493
0.493
0.493
0.505
0.629
0.739
0.739
0.679
0.555
0.555
0.555
0.555
0.555
0.739
0.739
0.739
0.759
0.759
0.759
0.759
0.759
0.795
0.795
0.685
0.797
2.551
2.491
2.491
0.717
0.717
0.717
0.717
