0.055
0.055
0.055
0.055
0.055
0.055
0.055
0.055
0.055
0.055
0.055
0.055
0.055
0.055
0.055
0.055
0.055
0.055
0.055
0.055
0.055
0.055
0.055
0.055
0.055
0.055
0.065
0.065
0.065
0.065
0.065
0.065
0.065
0.065
0.065
0.065
0.065
0.065
0.065
0.065
0.065
0.065
0.065
0.065
0.065
0.176
0.176
0.176
0.176
0.176
0.176
0.176
0.176
0.176
0.176
0.176
0.176
0.176
0.176
0.176
0.176
0.176
0.176
0.065
0.065
0.065
0.065
0.065
0.065
0.065
0.065
0.065
0.065
0.065
0.065
0.065
0.065
0.065
0.065
0.065
0.065
0.065
0.065
0.065
0.065
0.065
0.065
0.065
0.065
0.065
0.065
0.065
0.065
0.065
0.065
0.065
0.065
0.065
0.065
0.065
0.065
0.065
0.065
0.065
0.065
0.065
0.065
0.065
0.065
0.065
0.065
0.065
0.065
0.065
0.065
0.065
0.065
0.247
0.247
0.247
0.247
0.247
0.247
0.247
0.247
0.247
0.247
0.247
0.358
0.358
0.358
0.358
0.358
0.358
0.358
0.358
0.358
0.176
0.176
0.176
0.176
0.176
0.176
0.176
0.176
0.176
0.065
0.065
0.065
0.065
0.065
0.065
0.065
0.065
0.065
0.065
0.065
0.065
0.065
0.065
0.065
0.065
0.065
0.065
0.065
0.065
0.065
0.065
0.065
0.065
0.065
0.065
0.065
0.065
0.065
0.065
0.065
0.065
0.065
0.065
0.065
0.247
0.247
0.247
0.247
0.247
0.247
0.247
0.247
0.247
0.247
0.247
0.247
0.247
0.247
0.247
0.247
0.247
0.247
0.247
0.247
0.065
0.065
0.065
0.176
0.176
0.176
0.176
0.176
0.176
0.176
0.176
0.176
0.176
0.176
0.176
0.176
0.176
0.176
0.176
0.176
0.176
0.065
0.065
0.065
0.065
0.065
0.065
0.065
0.065
0.065
0.065
0.065
0.065
0.065
0.065
0.065
0.065
0.065
0.065
0.065
0.065
0.065
0.065
0.065
0.065
0.065
0.065
0.065
0.065
0.065
0.065
0.065
0.065
0.065
0.065
0.065
0.065
0.247
0.247
0.247
0.247
0.247
0.247
0.247
0.247
0.247
0.247
0.247
0.247
0.247
0.247
0.247
0.247
0.247
0.247
0.247
0.247
0.065
0.065
0.065
0.065
0.065
0.065
0.065
0.065
0.176
0.176
0.176
0.176
0.176
0.176
0.176
0.176
0.176
0.176
0.176
0.176
0.176
0.176
0.176
0.176
0.176
0.176
0.065
0.065
0.065
0.065
0.065
0.065
0.065
0.065
0.065
0.065
0.065
0.065
0.065
0.065
0.065
0.065
0.065
0.065
0.065
0.065
0.065
0.065
0.065
0.065
0.065
0.065
0.065
0.065
0.065
0.065
0.065
0.065
0.065
0.065
0.065
0.065
0.065
0.065
0.065
0.065
0.065
0.247
0.247
0.247
0.247
0.247
0.247
0.247
0.247
0.247
0.247
0.247
0.247
0.247
0.247
0.247
0.247
0.247
0.247
0.247
0.247
0.065
0.065
0.065
0.065
0.065
0.065
0.065
0.065
0.065
0.065
0.065
0.065
0.065
0.065
0.065
0.065
0.065
0.065
0.065
0.065
0.065
0.065
0.065
0.065
0.065
0.065
0.065
0.065
0.065
0.065
0.065
0.065
0.065
0.065
0.065
0.065
0.065
0.065
0.065
0.065
0.065
0.065
0.065
0.065
0.065
0.065
0.176
0.176
0.176
0.176
0.176
0.176
0.176
0.176
0.176
0.176
0.176
0.176
0.176
0.176
0.176
0.176
0.176
0.176
0.065
0.065
0.065
0.065
0.065
0.065
0.065
0.065
0.065
0.065
0.065
0.065
0.065
0.065
0.065
0.065
0.065
0.065
0.065
0.065
0.065
0.065
0.065
0.065
0.065
0.065
0.065
0.065
0.065
0.065
0.065
0.065
0.065
0.065
0.065
0.247
0.247
0.247
0.247
0.247
0.247
0.247
0.247
0.247
0.247
0.247
0.247
0.247
0.247
0.247
0.358
0.396
0.396
0.396
0.396
0.214
0.214
0.274
0.274
0.374
0.374
0.374
0.409
0.409
0.469
0.469
0.469
0.469
0.418
0.418
0.418
0.453
0.453
0.518
0.518
0.518
0.518
0.543
0.543
0.483
0.483
0.483
0.483
0.483
0.483
0.483
0.483
0.483
0.483
0.483
0.483
0.483
0.483
0.383
0.383
0.423
0.423
0.423
0.421
0.421
0.421
0.603
0.603
0.663
0.663
0.663
0.663
0.698
0.698
0.698
0.638
0.698
0.698
0.573
0.573
0.633
0.673
0.673
0.673
0.673
0.613
0.481
0.481
0.481
0.481
0.481
0.481
0.421
0.421
0.421
0.421
0.386
0.386
0.386
0.326
0.326
0.226
0.226
0.226
0.226
0.226
0.226
0.226
0.226
0.226
0.226
0.226
2.509
2.459
2.459
2.459
2.459
2.459
2.459
2.459
2.459
2.459
2.459
2.472
2.472
2.472
2.472
2.472
2.472
2.472
2.472
2.472
0.189
0.3
0.3
0.3
0.262
0.262
0.262
0.262
0.262
0.262
0.262
0.262
0.262
0.322
0.322
0.262
0.262
0.262
0.322
0.211
0.211
0.211
0.211
0.211
0.211
0.211
0.211
0.211
0.251
0.251
0.251
0.251
0.251
0.251
0.251
0.211
0.211
0.211
0.211
0.211
0.211
0.211
0.211
0.211
0.211
0.211
0.211
0.211
0.211
0.211
0.211
0.258
0.258
0.258
0.258
0.258
0.293
0.258
0.258
0.258
0.258
0.258
0.258
0.258
0.258
0.258
0.258
0.258
0.258
0.369
0.369
0.551
0.551
0.551
0.551
0.551
0.551
0.699
0.699
0.699
0.699
0.699
0.699
0.699
0.699
0.699
0.699
0.588
0.588
0.588
0.588
0.406
0.306
0.306
0.306
0.306
0.306
0.306
0.306
0.306
0.306
0.306
0.306
0.306
0.306
0.366
0.366
0.366
0.366
0.306
0.306
0.306
0.306
0.306
0.065
0.065
0.065
0.065
0.065
0.065
0.065
0.065
0.065
0.065
0.065
0.065
0.065
0.176
0.176
0.176
0.176
0.176
0.176
0.176
0.176
0.176
0.176
0.176
0.176
0.176
0.176
0.176
0.176
0.176
0.176
0.065
0.065
0.065
0.065
0.065
0.065
0.065
0.065
0.065
0.065
0.065
0.065
0.065
0.065
0.247
0.247
0.247
0.247
0.247
0.247
0.247
0.247
0.247
0.247
0.247
0.247
0.247
0.247
0.247
0.247
0.247
0.247
0.247
0.247
0.065
0.065
0.065
0.065
0.176
0.176
0.176
0.176
0.176
0.176
0.176
0.176
0.176
0.176
0.176
0.176
0.176
0.176
0.176
0.176
0.176
0.176
0.065
0.065
0.065
0.065
0.065
0.065
0.065
0.065
0.065
0.065
0.065
0.065
0.065
0.211
0.211
0.211
0.211
0.211
0.211
0.211
0.211
0.393
0.393
0.393
0.393
0.393
0.393
0.393
0.393
0.393
0.393
0.393
0.393
0.393
2.204
2.204
2.204
0.393
0.393
0.405
0.405
0.223
0.223
0.223
0.223
0.223
0.223
0.223
0.223
0.223
0.263
0.263
0.263
0.223
0.223
0.223
0.223
0.323
0.323
0.323
0.383
0.383
0.383
0.383
0.383
0.423
0.423
0.383
0.383
0.383
0.383
0.443
0.443
0.443
0.443
0.443
0.443
0.383
0.383
0.383
0.383
0.383
0.383
0.383
0.383
0.383
0.383
0.323
0.323
0.323
0.323
0.383
0.383
0.443
0.443
0.383
0.383
0.373
0.373
0.373
0.433
0.675
0.615
0.726
0.786
0.851
0.851
0.786
0.786
0.846
0.761
0.761
0.749
0.749
0.809
0.749
0.749
0.749
0.749
0.749
0.699
0.466
0.466
0.479
0.479
0.479
0.479
0.479
0.319
0.379
0.379
0.379
0.379
0.439
0.439
0.499
0.439
0.439
0.439
0.439
0.439
0.439
0.439
0.577
0.577
0.517
0.517
0.457
0.457
1.27
1.27
1.27
1.27
1.27
1.305
1.305
1.305
1.305
1.305
1.305
1.305
3.116
3.116
3.116
1.416
1.416
1.278
1.338
1.338
1.338
1.378
1.443
1.443
1.443
1.443
1.443
1.443
1.443
1.563
0.75
0.75
0.69
0.639
0.626
0.736
0.736
0.686
0.626
0.686
0.868
0.868
0.868
0.808
0.808
0.808
0.808
0.748
0.748
0.748
0.748
0.748
0.748
0.748
0.708
0.708
0.708
0.708
0.768
0.768
0.646
0.586
0.586
0.586
0.551
0.551
0.526
0.526
0.486
0.426
0.426
0.439
0.439
0.439
0.439
0.439
0.544
0.544
0.544
0.479
0.479
0.479
0.539
0.539
2.35
2.35
2.35
0.539
0.599
0.599
0.524
0.524
0.524
0.524
0.464
0.464
0.464
0.464
0.464
0.464
0.504
0.504
0.504
0.504
0.504
0.686
0.686
0.686
0.686
0.686
0.686
0.686
0.724
0.724
0.724
0.724
0.724
0.724
0.724
0.724
0.664
0.775
0.815
0.815
0.815
0.633
0.633
0.485
0.485
0.485
0.485
0.532
0.532
0.472
0.472
0.472
0.472
0.447
0.412
0.301
0.301
0.301
0.241
0.241
0.241
0.306
0.306
0.241
0.241
0.241
0.241
0.241
0.241
0.241
0.301
0.341
0.281
0.281
0.281
0.341
0.341
0.301
0.301
0.301
0.301
0.361
0.361
0.361
0.421
0.361
0.421
0.421
0.361
0.361
0.301
0.241
0.483
0.483
0.631
0.742
0.742
0.742
0.682
0.682
0.622
0.584
0.584
0.584
0.584
0.584
0.596
0.656
0.656
0.656
0.656
0.716
0.534
0.423
0.423
2.234
2.234
2.234
0.463
0.463
0.463
0.463
0.423
0.423
0.423
0.483
0.483
0.483
0.483
0.483
0.423
0.483
0.483
0.423
0.423
0.488
0.488
0.528
0.528
0.528
0.488
0.528
0.528
0.528
0.528
0.588
0.588
0.588
0.548
0.548
0.548
0.548
0.548
0.548
0.548
0.548
0.548
0.548
0.548
0.548
0.548
0.548
0.608
0.608
0.608
0.608
0.548
0.686
0.686
0.746
0.746
0.746
0.746
0.746
0.746
0.746
0.686
0.797
0.857
0.785
0.785
0.785
0.785
0.785
0.82
0.82
0.82
0.88
0.88
0.94
0.94
0.88
0.88
0.88
1.062
0.951
0.916
0.916
0.916
0.956
1.016
1.016
0.976
1.011
0.873
0.873
0.838
0.838
0.838
0.838
0.898
0.898
0.898
0.898
0.716
0.716
0.716
0.776
0.716
0.656
0.656
0.656
0.536
0.571
0.536
0.471
0.471
0.483
0.543
0.543
0.543
0.654
0.654
0.654
0.654
0.614
0.614
0.614
0.614
0.614
0.176
0.176
0.176
0.176
0.176
0.176
0.176
0.176
0.176
0.065
0.065
0.065
0.065
0.065
0.065
0.065
0.065
0.065
0.065
0.065
0.065
0.065
0.065
0.065
0.065
0.065
0.247
0.247
0.247
0.247
0.247
0.247
0.247
0.247
0.247
0.247
0.247
0.247
0.247
0.247
0.247
0.247
0.247
0.247
0.247
0.247
0.065
0.065
0.065
0.065
0.065
0.065
0.065
0.065
0.065
0.065
0.065
0.065
0.065
0.065
0.065
0.065
0.065
0.065
0.065
0.065
0.065
0.065
0.065
0.065
0.065
0.065
0.065
0.065
0.065
0.065
0.065
0.065
0.065
0.065
0.065
0.065
0.065
0.065
0.065
0.065
0.065
0.065
0.065
0.176
0.176
0.176
0.176
0.176
0.176
0.176
0.176
0.176
0.176
0.176
0.176
0.176
0.176
0.176
0.176
0.176
0.176
0.065
0.065
0.065
0.065
0.065
0.065
0.065
0.065
0.065
0.065
0.065
0.065
0.065
0.065
0.065
0.065
0.065
0.065
0.065
0.065
0.065
0.065
0.247
0.247
0.247
0.247
0.247
0.247
0.247
0.247
0.247
0.247
0.247
0.247
0.247
0.247
0.247
0.358
0.358
0.358
0.358
0.358
0.176
0.176
0.176
0.176
0.176
0.176
0.176
0.176
0.176
0.176
0.176
0.176
0.176
0.065
0.065
0.065
0.065
0.055
0.055
0.055
0.055
