0.056
0.056
0.056
0.056
0.056
0.056
0.056
0.056
0.056
0.056
0.056
0.056
0.056
0.056
0.056
0.056
0.056
0.056
0.056
0.056
0.056
0.056
0.056
0.066
0.066
0.066
0.066
0.066
0.066
0.066
0.262
0.262
0.262
0.262
0.262
0.262
0.262
0.262
0.262
0.262
0.262
0.262
0.262
0.262
0.066
0.066
0.066
0.066
0.066
0.066
0.066
0.066
0.066
0.066
0.066
0.066
0.066
0.066
0.066
0.066
0.066
0.066
0.066
0.066
0.066
0.066
0.066
0.066
0.066
0.066
0.066
0.066
0.066
0.066
0.066
0.066
0.066
0.066
0.066
0.066
0.066
0.066
0.066
0.066
0.066
0.066
0.066
0.066
0.066
0.066
0.066
0.263
0.263
0.263
0.263
0.263
0.263
0.263
0.263
0.263
0.263
0.263
0.263
0.263
0.263
0.263
0.263
0.263
0.263
0.263
0.263
0.263
0.263
0.066
0.066
0.066
0.066
0.066
0.066
0.066
0.066
0.066
0.066
0.066
0.066
0.066
0.066
0.066
0.066
0.066
0.066
0.066
0.066
0.066
0.066
0.066
0.066
0.066
0.066
0.066
0.066
0.066
0.066
0.066
0.066
0.066
0.066
0.066
0.066
0.066
0.066
0.066
0.066
0.066
0.066
0.066
0.066
0.262
0.262
0.262
0.262
0.262
0.262
0.262
0.262
0.262
0.262
0.262
0.262
0.262
0.262
0.066
0.066
0.066
0.066
0.066
0.066
0.263
0.263
0.263
0.263
0.263
0.263
0.263
0.263
0.263
0.263
0.263
0.263
0.263
0.263
0.263
0.263
0.263
0.263
0.263
0.263
0.263
0.263
0.066
0.066
0.066
0.066
0.066
0.066
0.066
0.066
0.066
0.066
0.066
0.066
0.066
0.066
0.066
0.066
0.066
0.066
0.066
0.066
0.066
0.066
0.066
0.066
0.066
0.066
0.066
0.066
0.066
0.066
0.066
0.066
0.066
0.066
0.262
0.262
0.262
0.262
0.262
0.262
0.262
0.262
0.262
0.262
0.262
0.262
0.262
0.262
0.066
0.066
0.066
0.066
0.066
0.066
0.066
0.066
0.066
0.066
0.066
0.066
0.066
0.263
0.263
0.263
0.263
0.263
0.263
0.263
0.263
0.263
0.263
0.263
0.263
0.263
0.263
0.263
0.263
0.263
0.263
0.263
0.263
0.263
0.263
0.066
0.066
0.066
0.066
0.066
0.066
0.066
0.066
0.066
0.066
0.066
0.066
0.066
0.066
0.066
0.066
0.066
0.066
0.066
0.066
0.066
0.066
0.066
0.066
0.066
0.066
0.066
0.066
0.066
0.066
0.066
0.066
0.066
0.066
0.066
0.066
0.262
0.262
0.262
0.262
0.262
0.262
0.262
0.262
0.262
0.262
0.262
0.262
0.262
0.262
0.066
0.066
0.066
0.066
0.066
0.066
0.066
0.066
0.066
0.066
0.066
0.066
0.066
0.066
0.066
0.066
0.263
0.263
2.431
2.491
2.491
0.382
2.491
2.491
2.591
0.422
0.422
0.422
0.422
0.422
0.422
0.422
0.362
0.362
0.402
0.402
0.402
0.402
0.205
0.165
0.165
0.165
0.165
0.165
0.165
0.165
0.225
0.165
0.165
0.165
0.165
0.165
0.295
0.295
0.165
0.165
0.165
0.165
0.066
0.066
0.066
0.066
0.262
0.262
0.262
0.262
0.262
0.262
0.262
0.262
0.262
0.262
0.262
0.262
0.262
0.262
0.066
0.066
0.065
0.065
0.065
0.065
0.065
0.065
0.065
0.125
0.125
0.185
0.185
0.185
0.185
0.185
0.185
0.225
0.285
0.285
0.305
0.305
0.305
0.502
0.482
0.482
0.482
0.482
0.482
0.497
0.497
0.547
0.547
0.497
0.517
0.517
0.497
0.497
0.497
0.497
0.497
0.497
0.497
0.597
0.597
0.35
0.35
0.35
0.35
0.4
0.35
0.49
0.35
0.39
0.39
0.39
0.412
0.352
0.352
0.442
0.442
0.442
0.442
0.442
2.425
2.425
2.425
2.425
2.425
2.425
2.365
2.325
2.325
2.275
2.275
2.275
2.325
2.325
2.325
2.325
2.325
2.325
2.521
2.471
2.471
0.488
0.488
0.488
0.548
0.473
0.473
0.473
0.473
0.487
0.537
0.537
0.341
0.341
0.341
0.301
0.301
0.301
0.301
0.301
0.301
0.301
0.351
0.351
0.351
0.391
0.451
0.411
0.461
0.413
0.413
0.473
0.67
0.67
0.67
0.67
0.67
0.67
0.335
0.335
0.335
0.335
0.335
0.335
0.335
0.335
0.335
0.335
0.335
0.335
0.335
0.335
0.335
0.335
0.138
0.138
0.138
0.138
0.138
0.138
0.138
0.138
0.138
0.138
0.315
0.315
0.138
0.138
0.138
0.138
0.138
0.138
0.138
0.138
0.138
0.138
0.138
0.315
0.315
0.138
0.138
0.138
0.138
0.334
0.334
0.334
0.334
0.334
0.334
0.334
0.511
0.511
0.334
0.334
0.334
0.334
0.334
0.138
0.138
0.138
0.138
0.138
0.138
0.315
0.512
0.83
0.83
0.83
0.83
0.83
0.263
0.263
0.263
0.263
0.263
0.263
0.263
0.263
0.263
0.263
0.263
0.263
0.263
0.263
0.263
0.263
0.066
0.066
0.066
0.066
0.066
0.066
0.066
0.066
0.066
0.066
0.066
0.066
0.066
0.066
0.066
0.066
0.066
0.066
0.066
0.066
0.066
0.066
0.066
0.066
0.066
0.066
0.066
0.066
0.066
0.066
0.066
0.066
0.066
0.066
0.066
0.066
0.066
0.066
0.066
0.066
0.066
0.066
0.066
0.066
0.066
0.066
0.066
0.066
0.262
0.262
0.262
0.262
0.262
0.262
0.262
0.262
0.262
0.262
0.262
0.262
0.262
0.262
0.066
0.066
0.066
0.066
0.066
0.066
0.066
0.066
0.066
0.066
0.066
0.066
0.066
0.066
0.066
0.066
0.263
0.263
0.263
0.263
0.263
0.263
0.263
0.263
0.263
0.263
0.263
0.263
0.263
0.263
0.263
0.263
0.263
0.263
0.263
0.263
0.263
0.263
0.066
0.066
0.066
0.066
0.066
0.066
0.066
0.066
0.066
0.066
0.066
0.066
0.066
0.066
0.066
0.066
0.066
0.066
0.066
0.066
0.066
0.066
0.066
0.066
0.066
0.066
0.066
0.066
0.262
0.262
0.262
0.262
0.262
0.262
0.262
0.262
0.262
0.262
0.262
0.262
0.262
0.262
0.066
0.066
0.066
0.066
0.066
0.066
0.066
0.066
0.066
0.066
0.066
0.263
0.263
0.263
0.263
0.263
0.263
0.263
0.263
0.263
0.276
0.276
0.276
0.276
0.276
0.276
0.276
0.276
2.385
2.385
2.385
0.276
0.276
0.079
0.079
0.079
0.079
0.079
0.079
0.079
0.079
0.079
0.079
0.079
0.079
0.079
0.079
0.079
0.079
0.079
0.066
0.066
0.066
0.066
0.066
0.066
0.066
0.066
0.066
0.066
0.066
0.066
0.066
0.066
0.066
0.066
0.066
0.066
0.066
0.262
0.262
0.262
0.262
0.262
0.262
0.262
0.262
0.262
0.262
0.262
0.262
0.262
0.262
0.066
0.066
0.066
0.066
0.066
0.066
0.066
0.066
0.066
0.066
0.066
0.066
0.263
0.263
0.263
0.263
0.263
0.263
0.263
0.263
0.263
0.263
0.263
0.263
0.263
0.263
0.263
0.263
0.263
0.263
0.263
0.263
0.263
0.263
0.066
0.066
0.066
0.066
0.066
0.066
0.066
0.066
0.066
0.066
0.066
0.066
0.066
0.066
0.066
0.066
0.066
0.066
0.066
0.066
0.066
0.066
0.066
0.079
0.079
0.079
0.079
0.139
0.139
0.139
0.179
0.179
0.239
0.139
0.079
0.275
0.275
0.311
0.311
0.311
0.361
0.361
0.361
0.311
0.508
0.508
0.508
0.508
0.508
0.312
0.312
0.312
0.312
0.312
0.324
0.374
0.362
0.395
0.395
0.395
0.395
0.395
0.395
0.395
0.395
0.395
0.198
0.198
0.218
0.218
0.218
0.218
0.198
0.198
0.198
0.198
0.198
0.258
0.198
0.198
0.198
0.198
0.198
0.198
0.25
0.25
0.21
0.21
0.27
0.27
0.198
0.198
0.318
0.33
0.33
0.33
0.33
0.33
0.33
0.33
0.33
0.33
0.33
0.33
0.35
0.35
0.35
0.41
0.41
0.41
0.39
0.33
0.33
0.066
0.066
0.066
0.066
0.066
0.066
0.066
0.066
0.066
0.066
0.263
0.263
0.263
0.459
0.459
0.459
0.459
0.459
0.459
0.459
0.459
0.459
0.459
0.459
0.459
0.459
0.459
0.263
0.263
0.263
0.263
0.263
0.066
0.066
0.066
0.066
0.066
0.066
0.066
0.066
0.066
0.066
0.066
0.066
0.066
0.066
0.066
0.066
0.066
0.066
0.066
0.066
0.066
0.066
0.066
0.066
0.066
0.066
0.066
0.066
0.066
0.066
0.066
0.066
0.066
0.066
0.066
0.066
0.066
0.066
0.066
0.066
0.066
0.066
0.066
0.066
0.066
0.066
0.066
0.066
0.066
0.066
0.066
0.066
0.066
0.066
0.263
0.263
0.263
0.263
0.263
0.263
0.263
0.263
0.263
0.263
0.263
0.263
0.263
0.263
0.263
0.263
0.263
0.263
0.263
0.263
0.263
0.263
0.066
0.066
0.066
0.066
0.066
0.066
0.066
0.066
0.066
0.066
0.066
0.066
0.066
0.066
0.066
0.066
0.262
0.262
0.262
0.262
0.262
0.262
0.262
0.262
0.262
0.262
0.262
0.262
0.262
0.262
0.066
0.066
0.066
0.066
0.066
0.066
0.066
0.066
0.066
0.066
0.066
0.066
0.066
0.066
0.263
0.263
0.263
0.263
0.263
0.263
0.263
0.263
0.263
0.263
0.263
0.263
0.263
0.263
0.263
0.263
0.263
0.263
0.263
0.263
0.263
0.263
0.066
0.066
0.066
0.066
0.066
0.066
0.066
0.066
0.066
0.066
0.066
0.066
0.066
0.066
0.066
0.066
0.066
0.066
0.066
0.066
0.262
0.262
0.262
0.262
0.262
0.262
0.262
0.262
0.262
0.262
0.262
0.262
0.262
0.262
0.066
0.066
0.066
0.066
0.066
0.066
0.066
0.066
0.066
0.066
0.066
0.066
0.066
0.066
0.066
0.066
0.066
0.066
0.066
0.066
0.066
0.066
0.066
0.066
0.066
0.066
0.066
0.066
0.066
0.066
0.066
0.066
0.066
0.066
0.066
0.066
0.066
0.066
0.066
0.066
0.066
0.066
0.066
0.066
0.066
0.066
0.066
0.066
0.066
0.066
0.066
0.066
0.066
0.066
0.066
0.066
0.066
0.263
0.263
0.263
0.263
0.263
0.263
0.263
0.459
0.459
0.459
0.459
0.459
0.459
0.459
0.459
0.459
0.459
0.459
0.459
0.459
0.459
0.263
0.066
0.066
0.066
0.098
0.148
0.098
0.098
0.098
0.098
0.098
0.098
0.098
0.098
0.148
0.148
0.148
0.158
0.158
0.158
0.158
0.125
0.125
0.065
0.065
0.065
0.065
0.065
0.065
0.065
0.125
0.209
0.209
0.309
0.309
0.309
0.309
0.309
0.309
0.309
0.309
0.309
0.342
0.342
0.242
0.242
0.242
0.242
0.242
0.282
0.282
0.342
0.302
0.242
0.242
0.282
0.282
0.282
0.282
0.282
0.282
0.282
0.282
0.332
0.332
0.332
0.344
0.344
0.332
0.292
0.292
0.292
0.292
0.292
0.292
0.292
0.292
0.292
0.488
0.488
0.488
0.488
0.488
0.488
0.488
0.488
0.508
0.508
0.508
0.458
0.458
0.458
0.262
0.262
0.262
0.262
0.262
0.262
0.262
0.262
0.322
0.322
0.322
0.322
0.066
0.066
0.066
0.066
0.066
0.066
0.066
0.066
0.066
0.066
0.066
0.066
0.066
0.263
0.263
0.263
0.263
0.263
0.263
0.263
0.263
0.263
0.263
0.263
0.263
0.263
0.263
0.263
0.263
0.263
0.263
0.263
0.263
0.263
0.263
0.066
0.066
0.066
0.066
0.066
0.066
0.066
0.066
0.066
0.066
0.066
0.066
0.066
0.066
0.262
0.262
0.262
0.262
0.252
0.252
0.252
0.252
0.252
0.252
0.252
