0.072
0.072
0.072
0.072
0.072
0.072
0.072
0.072
0.072
0.072
0.072
0.072
0.072
0.072
0.072
0.072
0.072
0.072
0.072
0.072
0.072
0.072
0.072
0.072
0.072
0.072
0.072
0.384
0.419
0.424
0.557
0.557
0.417
0.417
0.417
0.417
0.417
0.049
0.049
0.049
0.056
0.056
0.116
0.056
0.056
0.056
0.056
0.056
0.056
0.056
0.056
0.056
0.066
0.066
0.193
0.276
0.396
0.336
0.336
0.336
0.336
0.336
0.336
0.336
0.336
0.336
0.436
0.436
0.436
0.436
0.506
0.506
0.687
0.604
0.664
0.764
0.764
0.764
0.764
0.664
0.664
0.664
0.664
0.594
0.594
0.594
0.594
0.634
0.634
0.694
0.694
0.694
0.694
0.694
0.694
0.706
0.706
0.706
0.706
0.706
0.666
0.666
0.904
0.944
0.944
0.883
0.883
0.883
0.823
0.923
0.923
0.703
0.703
0.696
0.696
0.569
0.569
0.669
0.669
0.689
0.689
0.689
0.689
0.689
0.491
0.491
0.551
0.591
0.591
0.591
0.591
0.591
0.591
0.614
0.554
0.554
0.554
0.554
0.454
0.514
2.306
2.306
2.306
0.542
0.542
0.542
0.542
0.542
0.542
0.542
0.542
0.459
0.459
0.459
0.459
0.447
0.447
0.447
0.447
0.447
0.586
0.586
0.586
0.586
0.586
0.546
0.546
0.546
0.546
0.546
0.546
0.744
0.744
0.744
0.744
0.744
0.744
0.744
0.744
0.744
0.744
0.684
0.684
0.684
0.584
0.584
0.584
0.259
0.259
0.259
0.259
0.259
0.259
0.061
0.061
0.061
0.061
0.061
0.061
0.061
0.061
0.061
0.061
0.061
0.061
0.061
0.061
0.061
0.061
0.061
0.144
0.144
0.144
0.144
0.144
0.144
0.144
0.144
0.144
0.144
0.144
0.144
0.144
0.144
0.144
0.144
0.144
0.144
0.061
0.061
0.061
0.061
0.061
0.061
0.061
0.061
0.061
0.061
0.061
0.061
0.259
0.259
0.259
0.259
0.259
0.259
0.259
0.259
0.259
0.259
0.259
0.259
0.259
0.259
0.259
0.259
0.259
0.259
0.259
0.259
0.259
0.259
0.061
0.061
0.061
0.061
0.061
0.061
0.061
0.061
0.061
0.061
0.061
0.061
0.061
0.061
0.061
0.061
0.144
0.144
0.144
0.144
0.144
0.144
0.144
0.144
0.144
0.144
0.144
0.144
0.144
0.144
0.144
0.144
0.144
0.144
0.061
0.061
0.061
0.061
0.061
0.061
0.061
0.061
0.061
0.061
0.061
0.061
0.061
0.061
0.061
0.061
0.061
0.061
0.061
0.061
0.061
0.061
0.061
0.061
0.061
0.061
0.061
0.061
0.061
0.061
0.061
0.259
0.259
0.259
0.259
0.259
0.259
0.342
0.342
0.342
0.342
0.342
0.342
0.342
0.342
0.342
0.342
0.342
0.342
0.342
0.342
0.342
0.342
0.144
0.144
0.061
0.061
0.061
0.061
0.061
0.061
0.061
0.061
0.061
0.061
0.061
0.061
0.061
0.061
0.061
0.061
0.061
0.061
0.061
0.061
0.061
0.061
0.061
0.061
0.061
0.061
0.061
0.061
0.061
0.061
0.061
0.061
0.061
0.061
0.061
0.061
0.061
0.061
0.061
0.061
0.061
0.061
0.061
0.061
0.061
0.144
0.144
0.144
0.144
0.144
0.144
0.144
0.144
0.144
0.144
0.144
0.144
0.144
0.144
0.144
0.144
0.144
0.144
0.061
0.061
0.061
0.259
0.259
0.259
0.259
0.259
0.259
0.259
0.259
0.259
0.259
0.259
0.259
0.259
0.259
0.259
0.259
0.259
0.259
0.259
0.259
0.259
0.259
0.061
0.061
0.061
0.061
0.061
0.061
0.061
0.061
0.061
0.061
0.061
0.061
0.061
0.061
0.061
0.061
0.061
0.061
0.061
0.061
0.061
0.061
0.061
0.061
0.061
0.061
0.061
0.061
0.061
0.061
0.061
0.061
0.061
0.061
0.061
0.144
0.144
0.144
0.144
0.144
0.144
0.144
0.144
0.144
0.342
0.342
0.342
0.342
0.447
0.447
0.507
0.507
0.577
0.494
0.534
0.595
0.545
0.545
0.605
0.605
0.605
0.545
0.52
0.519
0.519
2.311
2.113
2.173
0.321
0.381
0.381
0.381
0.381
0.321
0.321
0.321
2.213
2.137
2.125
0.333
0.333
0.314
0.354
0.354
0.354
0.354
0.354
0.354
0.354
0.354
0.354
0.402
0.402
0.402
0.462
0.482
0.482
0.482
0.382
0.462
0.582
0.482
0.562
0.562
0.562
0.562
0.462
0.587
0.462
0.379
0.577
0.577
0.677
0.677
0.477
0.417
0.417
0.417
0.417
0.417
0.417
0.517
0.517
0.537
0.537
0.537
0.537
0.517
0.517
0.537
0.529
0.517
0.271
0.271
0.331
0.331
0.331
0.271
0.271
0.271
0.271
0.171
0.171
0.171
0.171
0.232
0.232
0.232
0.232
1.402
1.485
1.485
1.485
1.585
1.585
1.445
1.445
1.444
1.444
1.384
1.384
1.384
1.384
1.384
1.384
1.384
1.384
1.384
1.301
1.301
1.301
1.301
1.301
1.301
1.301
1.301
1.301
1.301
1.301
1.321
1.421
1.421
1.421
1.421
1.421
1.421
1.421
1.421
1.421
1.421
1.421
1.421
1.409
1.409
1.389
1.389
1.389
1.389
1.389
1.389
1.389
1.389
1.389
1.389
1.389
1.389
1.389
1.389
1.329
0.159
0.159
0.159
0.159
0.159
0.159
0.159
0.159
0.159
0.159
0.159
0.159
0.159
0.059
0.059
0.059
0.059
0.059
0.059
0.059
0.059
0.059
0.059
0.059
0.059
0.059
0.059
0.059
0.059
0.059
0.059
0.059
0.059
0.059
0.071
0.071
0.071
0.071
0.071
0.071
0.071
0.071
0.078
0.078
0.078
0.198
0.198
0.198
0.198
0.198
0.281
0.281
0.281
0.479
0.479
0.479
0.479
0.479
0.479
0.479
0.479
0.479
0.479
0.479
0.479
0.479
0.479
0.479
0.396
0.396
0.396
0.396
0.396
0.396
0.396
0.198
0.198
0.198
0.277
0.277
0.277
0.277
0.277
0.277
0.277
0.277
0.277
0.277
0.277
0.277
2.097
2.097
2.224
0.432
0.42
0.42
0.42
0.42
0.42
0.42
0.42
0.42
0.42
0.42
0.42
0.42
0.42
0.42
0.42
0.42
0.42
0.42
0.42
0.42
0.42
0.413
0.413
0.413
0.413
0.286
0.286
0.286
0.484
0.484
0.484
0.484
0.484
0.484
0.484
0.259
0.259
0.259
0.259
0.259
0.259
0.259
0.259
0.259
0.259
0.259
0.259
0.259
0.259
0.259
0.061
0.061
0.061
0.061
0.061
0.061
0.061
0.061
0.061
0.061
0.061
0.061
0.061
0.061
0.061
0.061
0.061
0.061
0.061
0.061
0.061
0.061
0.144
0.144
0.144
0.144
0.144
0.144
0.144
0.144
0.144
0.144
0.144
0.144
0.144
0.381
0.381
0.381
0.381
0.381
0.298
0.298
0.178
0.178
0.099
0.099
0.099
0.099
0.099
0.099
0.099
0.099
0.099
0.099
0.099
0.099
0.099
0.099
0.099
0.099
0.099
0.099
0.099
0.099
0.099
0.099
0.099
0.099
0.099
0.071
0.071
0.071
0.071
0.071
0.071
0.071
0.071
0.071
0.071
0.131
0.131
0.131
0.278
0.438
0.438
0.521
0.719
0.719
0.779
0.779
0.719
0.719
0.779
0.779
0.779
0.767
0.767
0.767
0.707
0.707
0.707
0.707
0.707
0.624
0.624
0.631
0.631
0.571
0.373
0.373
0.373
0.373
0.373
0.373
0.373
0.373
0.473
0.373
0.373
0.373
0.373
0.373
0.373
0.373
0.313
0.413
0.413
0.413
0.463
0.463
0.463
0.463
0.463
0.463
0.513
0.513
0.513
0.513
0.513
0.513
0.574
0.574
0.574
0.486
0.546
0.646
0.558
0.558
0.558
0.546
0.546
0.546
1.716
1.716
1.716
0.625
0.625
0.625
0.625
0.625
0.525
0.525
0.525
0.525
0.425
0.425
0.425
0.425
0.425
0.485
0.485
0.485
0.425
0.595
0.595
0.595
0.595
0.595
0.588
0.528
0.528
0.548
0.631
0.591
0.591
0.591
0.711
0.711
0.711
0.711
0.771
0.771
0.771
0.871
0.744
0.744
0.744
0.744
0.644
0.684
0.601
0.661
0.601
0.601
0.601
0.601
0.524
0.464
0.429
0.429
0.359
0.359
0.359
0.419
0.419
0.459
0.549
0.509
0.509
0.409
0.409
0.409
0.509
0.509
0.509
0.509
0.349
0.547
0.627
0.627
0.627
0.527
0.527
0.527
0.627
0.627
0.688
0.688
0.688
0.688
0.667
0.767
0.727
0.727
0.727
0.727
0.727
0.619
0.619
0.321
0.381
0.381
0.381
0.381
0.381
0.464
0.464
0.664
0.664
0.664
0.664
0.664
0.752
0.752
0.752
0.752
0.692
0.692
0.752
0.752
0.752
0.692
0.813
0.73
0.67
0.67
0.77
0.79
0.79
0.75
0.63
0.63
0.69
0.69
0.63
0.63
0.53
0.53
0.49
0.53
0.65
0.65
0.71
0.67
0.67
0.67
0.73
0.61
0.55
0.557
0.557
0.557
0.557
0.755
0.717
0.657
0.645
0.653
0.693
0.693
0.645
0.645
0.645
0.645
0.745
0.745
0.745
0.745
0.757
0.657
0.657
0.645
0.745
0.845
0.745
0.547
0.547
0.547
0.607
0.607
0.447
0.387
0.387
0.387
0.447
0.419
0.359
0.359
0.419
0.419
0.519
0.519
0.519
0.519
0.519
1.529
1.529
1.529
0.459
0.459
0.459
0.459
0.447
0.447
0.547
0.447
0.447
0.447
0.447
0.507
0.387
0.487
0.587
0.587
0.499
0.499
0.499
0.499
0.499
0.499
0.487
0.582
0.575
0.743
0.783
1.733
1.893
1.693
1.693
1.793
1.793
1.693
1.693
1.891
1.891
1.83
1.83
1.957
1.957
1.897
1.885
1.802
1.802
1.802
1.742
1.802
1.802
1.802
1.802
1.814
1.814
1.814
1.814
1.814
1.814
1.616
1.556
1.556
1.516
1.516
1.516
1.456
1.556
1.556
1.456
1.456
1.456
1.656
1.656
1.691
1.691
1.591
1.651
1.556
1.556
1.588
1.649
1.589
1.589
1.828
1.828
4.134
4.134
4.134
4.134
2.924
2.924
2.924
2.924
2.952
2.892
2.892
2.892
2.892
2.952
2.959
3.019
0.653
0.653
0.653
0.653
0.688
0.688
0.788
1.146
1.126
1.209
1.109
1.209
1.197
1.097
0.97
0.97
0.97
0.87
0.87
0.91
0.81
0.81
0.81
0.91
0.91
0.91
0.91
0.767
0.767
0.569
0.63
0.63
0.63
0.63
0.63
0.63
0.63
0.53
0.53
0.53
0.53
0.53
0.53
0.68
0.53
0.53
0.53
0.53
0.53
0.59
0.59
0.717
0.817
0.817
0.817
0.877
0.817
0.817
0.817
0.817
0.817
0.817
0.817
0.917
0.987
1.019
1.019
1.019
0.959
0.987
0.887
0.88
0.88
0.88
0.98
1.178
1.078
1.078
1.078
1.161
1.121
1.061
1.111
1.111
1.111
1.111
1.111
1.111
1.111
1.151
1.151
1.211
1.211
1.211
1.211
1.211
1.211
0.81
0.81
0.81
0.91
0.95
0.95
0.95
0.95
0.95
2.742
2.769
2.809
1.017
1.017
1.077
1.027
0.967
0.867
0.867
0.867
0.927
0.927
0.927
1.087
1.087
0.987
0.987
0.987
0.927
0.927
0.8
0.8
0.8
0.8
0.74
0.8
0.907
0.907
0.847
0.887
0.887
0.747
0.747
0.747
0.83
0.762
0.795
0.775
0.775
0.775
0.895
0.835
0.835
0.835
1.002
1.002
1.074
1.014
0.914
0.914
0.926
0.826
0.743
0.743
0.643
0.643
0.643
0.643
0.643
0.643
0.703
0.703
0.703
0.703
0.901
0.901
1.021
1.021
1.021
1.021
1.021
1.021
1.021
1.114
1.053
1.113
1.113
1.053
1.053
1.053
1.053
1.053
1.053
1.053
1.053
1.053
0.815
0.815
0.815
0.78
0.78
0.78
0.78
0.78
