1.57
1.758
1.758
1.758
1.758
1.802
3.46
3.51
3.56
0.704
0.654
0.654
0.654
0.654
0.654
0.619
0.619
0.619
0.619
0.619
0.619
0.619
0.609
0.412
0.412
0.472
0.472
0.472
0.492
0.432
0.423
0.423
0.463
0.423
0.411
0.37
0.382
0.059
0.059
0.059
0.059
0.059
0.059
0.059
0.059
0.059
0.059
0.059
0.059
0.059
0.059
0.059
0.059
0.059
0.059
0.059
0.059
0.059
0.059
0.069
0.069
0.069
0.069
0.268
0.268
0.268
0.268
0.268
0.268
0.268
0.268
0.268
0.268
0.268
0.268
0.268
0.268
0.268
0.268
0.268
0.268
0.268
0.268
0.268
0.268
0.069
0.069
0.069
0.069
0.069
0.069
0.069
0.069
0.069
0.069
0.069
0.069
0.069
0.069
0.069
0.069
0.069
0.069
0.069
0.069
0.069
0.069
0.069
0.069
0.069
0.069
0.069
0.069
0.069
0.069
0.069
0.069
0.069
0.069
0.069
0.069
0.069
0.069
0.069
0.069
0.069
0.069
0.069
0.069
0.069
0.069
0.069
0.069
0.069
0.069
0.069
0.069
0.069
0.069
0.069
0.069
0.069
0.069
0.069
0.069
0.268
0.268
0.268
0.268
0.268
0.268
0.268
0.268
0.268
0.268
0.268
0.268
0.268
0.268
0.268
0.268
0.268
0.268
0.268
0.268
0.268
0.268
0.069
0.069
0.069
0.069
0.069
0.069
0.069
0.069
0.069
0.069
0.069
0.069
0.069
0.069
0.069
0.069
0.069
0.069
0.069
0.069
0.069
0.069
0.069
0.069
0.069
0.069
0.069
0.069
0.069
0.069
0.069
0.069
0.069
0.069
0.069
0.069
0.069
0.069
0.069
0.069
0.069
0.069
0.069
0.069
0.069
0.069
0.069
0.069
0.069
0.069
0.069
0.069
0.069
0.069
0.069
0.069
0.069
0.069
0.069
0.069
0.069
0.069
0.069
0.069
0.069
0.069
0.069
0.069
0.069
0.069
0.069
0.069
0.069
0.069
0.069
0.268
0.268
0.268
0.268
0.268
0.268
0.268
0.268
0.268
0.268
0.268
0.268
0.268
0.268
0.268
0.268
0.268
0.268
0.268
0.268
0.268
0.268
0.069
0.069
0.069
0.069
0.069
0.069
0.069
0.069
0.069
0.069
0.069
0.069
0.069
0.069
0.069
0.069
0.069
0.069
0.069
0.069
0.069
0.069
0.069
0.069
0.069
0.069
0.069
0.069
0.069
0.069
0.069
0.069
0.069
0.069
0.069
0.069
0.069
0.069
0.069
0.069
0.069
0.069
0.069
0.069
0.069
0.069
0.069
0.069
0.069
0.069
0.069
0.069
0.069
0.069
0.069
0.069
0.069
0.069
0.069
0.069
0.069
0.069
0.069
0.069
0.069
0.069
0.069
0.069
0.069
0.069
0.069
0.069
0.069
0.069
0.069
0.069
0.069
0.069
0.069
0.069
0.069
0.069
0.069
0.069
0.069
0.069
0.069
0.069
0.069
0.069
0.069
0.069
0.069
0.069
0.069
0.069
0.069
0.069
0.069
0.268
0.268
0.268
0.268
0.268
0.268
0.268
0.268
0.268
0.268
0.268
0.268
0.268
0.268
0.268
0.268
0.268
0.268
0.268
0.268
0.268
0.268
0.069
0.069
0.069
0.069
0.069
0.069
0.069
0.069
0.069
0.069
0.069
0.069
0.069
0.069
0.069
0.069
0.069
0.069
0.069
0.069
0.069
0.069
0.069
0.069
0.069
0.069
0.069
0.069
0.069
0.069
0.069
0.069
0.069
0.069
0.069
0.069
0.069
0.069
0.069
0.069
0.069
0.069
0.069
0.069
0.069
0.069
0.069
0.268
0.268
0.268
0.268
0.268
0.268
0.268
0.268
0.268
0.268
0.268
0.268
0.268
0.268
0.268
0.268
0.268
0.268
0.268
0.268
0.268
0.268
0.069
0.069
0.069
0.067
0.067
2.803
2.803
2.803
2.803
2.803
2.803
2.863
2.863
2.863
2.863
2.863
2.863
2.863
2.863
2.863
2.863
2.863
2.863
2.863
2.863
0.167
0.067
0.127
0.127
0.127
0.127
0.247
0.247
0.247
0.187
0.187
0.247
0.247
0.247
0.247
0.247
0.247
0.247
0.247
0.247
0.247
0.247
0.247
0.187
0.187
0.187
0.187
0.222
0.222
0.222
0.222
0.222
0.222
0.222
0.421
0.421
0.421
0.421
0.421
0.421
0.421
0.421
0.421
0.421
0.421
0.421
0.421
0.421
0.521
0.521
0.521
0.581
0.581
0.581
0.593
0.593
0.394
0.494
0.494
0.494
0.494
0.554
0.554
0.454
3.13
3.13
3.13
3.13
3.118
3.118
3.118
3.118
3.118
3.518
3.518
3.518
3.518
3.518
3.518
3.518
3.518
3.518
3.578
3.278
0.542
0.864
0.729
0.729
0.729
0.407
0.407
0.407
0.407
0.347
0.347
0.347
0.347
0.382
0.382
0.382
0.382
0.546
0.586
0.586
0.719
0.719
0.719
0.659
0.759
0.739
0.739
0.839
0.739
0.749
0.749
0.749
0.749
0.749
0.749
0.749
0.749
0.709
0.669
0.47
0.47
0.47
0.47
0.47
0.069
0.069
0.069
0.069
0.069
0.069
0.069
0.069
0.069
0.069
0.069
0.069
0.069
0.069
0.069
0.069
0.069
0.069
0.069
0.069
0.069
0.069
0.069
0.069
0.069
0.069
0.069
0.069
0.069
0.069
0.21
0.21
0.21
0.21
0.21
0.21
0.21
0.21
0.21
0.21
0.21
0.21
0.21
0.21
0.21
0.282
0.282
0.282
0.282
0.282
0.282
0.282
0.282
4.233
4.233
4.233
2.265
2.265
2.265
2.265
2.265
2.265
2.265
2.265
2.265
2.265
2.265
2.265
2.265
5.001
5.001
5.001
5.001
5.001
3.018
3.018
3.018
3.018
3.018
3.018
3.018
3.018
3.018
3.018
3.018
3.018
3.018
3.018
3.008
0.272
0.272
0.272
0.272
0.272
0.272
0.272
0.272
0.272
0.272
3.008
3.008
3.008
3.008
3.008
3.018
3.018
3.018
3.018
3.018
3.018
3.018
3.943
3.943
3.943
3.943
3.943
3.943
3.943
3.943
1.207
1.207
1.207
1.207
1.207
1.207
1.207
1.406
1.406
1.406
1.406
1.406
2.328
2.328
2.328
1.406
1.406
1.406
1.583
1.583
1.406
1.406
0.481
0.481
0.481
0.481
0.481
0.481
0.481
0.282
0.282
0.459
0.459
0.282
0.282
0.282
0.282
0.282
0.282
0.282
0.282
0.282
0.282
0.282
0.459
0.459
0.282
0.282
0.282
0.282
0.282
0.282
0.282
0.282
0.282
0.282
0.282
0.459
0.449
0.767
0.767
0.767
0.767
0.767
0.2
0.2
0.2
0.2
0.2
0.2
0.2
0.2
0.2
0.2
0.2
0.2
0.2
0.24
0.24
0.24
0.24
2.976
2.976
2.936
2.936
2.936
2.936
2.936
2.936
3.135
3.135
3.135
3.135
3.135
3.135
3.135
3.135
3.135
3.135
3.135
3.135
0.399
0.399
0.399
0.399
0.439
0.439
0.399
0.399
0.399
0.399
0.2
0.2
0.2
0.2
0.2
0.2
0.2
0.2
0.2
0.2
0.2
0.2
0.26
0.26
0.26
0.26
0.26
0.26
0.26
0.26
0.26
0.26
0.26
0.26
0.26
0.26
0.26
0.26
0.26
0.26
0.26
0.26
0.26
0.26
0.26
0.26
0.26
0.26
0.26
0.26
0.26
0.26
0.26
0.26
0.26
0.26
0.26
0.26
0.26
0.26
0.26
0.26
0.771
0.771
0.699
0.699
0.699
0.699
0.699
0.699
0.699
0.759
0.759
0.759
0.759
0.759
0.759
0.759
0.759
0.759
0.759
0.759
0.759
0.759
0.56
0.66
0.527
0.467
0.167
0.227
0.069
0.069
0.069
0.069
0.069
0.069
0.069
0.069
0.069
0.069
0.069
0.069
0.069
0.069
0.069
0.069
0.069
0.069
0.069
0.069
0.069
0.069
0.069
0.069
0.069
0.069
0.069
0.069
0.069
0.069
0.069
0.069
0.069
0.069
0.069
0.069
0.069
0.069
0.069
0.069
0.069
0.069
0.268
0.268
0.268
0.268
0.268
0.268
0.268
0.268
0.268
0.268
0.268
0.268
0.268
0.268
0.268
0.268
0.268
0.268
0.268
0.268
0.268
0.268
0.069
0.069
0.069
0.069
0.069
0.069
0.069
0.069
0.069
0.069
0.069
0.069
0.069
0.069
0.069
0.069
0.069
0.069
0.069
0.069
0.069
0.069
0.069
0.069
0.069
0.069
0.069
0.069
0.069
0.069
0.069
0.069
0.069
0.069
0.069
0.069
0.069
0.069
0.069
0.069
0.069
0.069
0.069
0.069
0.069
0.069
0.069
0.069
0.069
0.069
0.069
0.069
0.069
0.069
0.069
0.069
0.069
0.069
0.069
0.069
0.069
0.268
0.268
0.268
0.268
0.268
0.268
0.268
0.268
0.268
0.268
0.268
0.268
0.268
0.268
0.268
0.268
0.268
0.268
0.268
0.268
0.268
0.268
0.069
0.069
0.069
0.069
0.069
0.069
0.069
0.069
0.069
0.069
0.069
0.069
0.069
0.067
0.167
0.067
0.067
0.067
0.067
0.067
0.127
0.127
0.127
0.187
0.187
0.351
0.291
0.271
0.271
0.306
0.331
0.331
0.331
0.331
0.271
0.271
0.291
0.291
2.185
2.225
2.121
2.121
2.121
2.121
2.021
2.021
2.22
2.22
2.22
2.22
2.22
2.22
2.22
2.28
2.28
2.28
2.28
2.22
2.22
2.22
2.22
2.22
2.22
2.22
2.22
0.366
0.366
0.401
0.202
0.202
0.202
0.262
0.262
0.262
0.202
0.202
0.252
0.312
0.312
0.312
0.416
0.456
0.416
0.416
0.416
0.476
0.416
0.476
0.476
0.476
0.476
0.476
1.398
1.398
1.398
0.476
0.476
0.476
0.476
0.476
0.476
0.476
0.476
0.476
0.476
0.476
0.441
0.381
0.381
0.381
0.381
2.235
2.235
2.235
2.245
2.245
2.245
2.444
2.444
2.404
2.404
2.404
2.464
2.504
2.504
2.544
2.544
2.544
2.544
2.564
2.564
2.564
2.564
2.564
2.604
2.604
2.544
2.644
0.79
0.491
0.491
0.491
0.491
0.441
0.441
0.441
0.381
0.381
0.381
0.441
0.441
0.441
0.481
0.481
0.337
0.337
0.441
0.441
0.441
0.441
0.441
0.441
0.441
0.441
0.441
0.441
0.441
0.441
0.441
0.441
0.441
0.441
0.381
0.421
0.421
0.421
0.421
0.421
0.421
0.381
0.381
0.381
0.381
3.117
3.117
3.157
3.157
3.147
3.147
3.147
3.147
3.147
3.147
3.182
3.182
3.381
3.381
3.381
3.381
3.381
3.441
3.441
3.381
0.705
0.645
0.645
0.705
0.645
0.645
0.645
0.645
0.645
0.945
0.645
0.645
0.645
0.645
0.446
0.446
0.446
0.446
0.386
0.386
0.386
0.386
0.386
0.386
0.446
0.446
0.596
0.536
0.436
0.436
0.436
0.436
0.461
0.461
0.461
0.461
0.461
0.461
0.461
0.461
0.461
0.461
0.461
0.461
0.461
0.461
0.461
0.461
0.461
0.461
0.501
0.561
0.561
0.561
0.501
0.391
0.391
0.351
0.411
0.61
0.61
0.61
0.61
0.61
0.61
0.57
0.57
0.466
0.526
0.566
0.566
0.566
0.566
0.566
3.362
3.362
3.362
3.242
3.242
3.242
3.242
3.055
3.055
3.055
3.043
3.043
3.043
3.043
3.043
3.043
2.983
2.983
2.983
2.983
0.247
0.242
0.302
0.302
0.495
0.535
0.635
0.679
0.579
0.579
0.639
2.667
2.677
2.677
0.659
0.624
0.624
0.624
0.52
0.52
0.52
0.52
0.52
0.52
0.52
0.46
0.46
0.46
0.46
0.76
0.81
0.81
0.81
0.709
0.709
0.609
0.609
0.609
0.609
0.609
0.609
0.609
0.609
0.609
0.609
0.609
0.609
0.609
0.609
0.609
0.569
0.579
0.579
0.579
0.579
0.38
0.069
0.069
0.069
0.069
0.069
0.069
0.069
0.069
0.069
0.069
0.069
0.069
0.069
0.069
0.069
0.069
0.069
0.069
0.069
0.069
0.069
0.069
0.069
