0.073
0.073
0.073
0.073
0.073
0.073
0.073
0.073
0.063
0.063
0.063
0.063
0.063
0.063
0.063
0.063
0.063
0.063
0.063
0.063
0.063
0.063
0.063
0.063
0.063
0.063
0.063
0.063
0.063
0.063
0.063
0.063
0.063
0.063
0.063
0.063
0.063
0.063
0.073
0.073
0.073
0.073
0.073
0.073
0.073
0.073
0.073
0.073
0.073
0.073
0.073
0.073
0.073
0.073
0.073
0.073
0.073
0.073
0.073
0.073
0.073
0.073
0.073
0.073
0.073
0.073
0.073
0.073
0.073
0.073
0.073
0.073
0.073
0.073
0.073
0.073
0.073
0.073
0.073
0.073
0.073
0.073
0.073
0.073
0.073
0.073
0.073
0.223
0.223
0.223
0.223
0.223
0.223
0.223
0.223
0.223
0.223
0.223
0.223
0.223
0.223
0.223
0.223
0.223
0.223
0.223
0.223
0.223
0.223
0.073
0.073
0.073
0.073
0.073
0.073
0.073
0.073
0.073
0.073
0.073
0.073
0.073
0.073
0.073
0.073
0.073
0.073
0.073
0.073
0.073
0.073
0.073
0.073
0.073
0.073
0.073
0.073
0.073
0.073
0.073
0.073
0.073
0.073
0.073
0.073
0.073
0.073
0.073
0.073
0.073
0.073
0.073
0.073
0.073
0.073
0.073
0.073
0.073
0.073
0.073
0.073
0.073
0.073
0.073
0.073
0.223
0.223
0.223
0.223
0.223
0.223
0.223
0.223
0.223
0.223
0.223
0.223
0.223
0.223
0.223
0.223
0.223
0.223
0.223
0.223
0.223
0.223
0.073
0.073
0.073
0.073
0.073
0.073
0.073
0.073
0.073
0.073
0.073
0.073
0.073
0.073
0.073
0.073
0.073
0.073
0.073
0.073
0.073
0.073
0.073
0.073
0.073
0.073
0.073
0.073
0.073
0.073
0.073
0.073
0.073
0.073
0.073
0.073
0.073
0.073
0.073
0.073
0.073
0.073
0.073
0.073
0.073
0.073
0.223
0.223
0.223
0.223
0.223
0.223
0.223
0.223
0.223
0.223
0.223
0.223
0.223
0.223
0.223
0.223
0.223
0.223
0.223
0.223
0.223
0.223
0.073
0.073
0.073
0.073
0.073
0.073
0.073
0.073
0.073
0.073
0.073
0.073
0.073
0.073
0.073
0.073
0.073
0.073
0.073
0.073
0.073
0.073
0.073
0.073
0.073
0.073
0.073
0.073
0.073
0.073
0.073
0.073
0.073
0.073
0.073
0.073
0.073
0.073
0.073
0.073
0.073
0.073
0.073
0.073
0.073
0.073
0.073
0.073
0.073
0.073
0.073
0.073
0.073
0.073
0.073
0.073
0.073
0.073
0.073
0.073
0.073
0.073
0.223
0.223
0.223
0.223
0.223
0.223
0.223
0.223
0.223
0.223
0.223
0.223
0.223
0.223
0.223
0.223
0.223
0.223
0.223
0.223
0.223
0.223
0.073
0.073
0.073
0.073
0.073
0.073
0.073
0.073
0.073
0.073
0.073
0.073
0.073
0.073
0.073
0.073
0.073
0.073
0.073
0.073
0.073
0.073
0.073
0.073
0.073
0.073
0.073
0.073
0.073
0.073
0.073
0.073
0.073
0.073
0.073
0.073
0.073
0.073
0.073
0.073
0.073
0.073
0.073
0.073
0.073
0.223
0.223
0.223
0.223
0.223
0.223
0.223
0.223
0.223
0.223
0.223
0.223
0.223
0.223
0.223
0.223
0.223
0.223
0.223
0.223
0.223
0.223
0.073
0.073
0.073
0.073
0.071
0.171
0.171
0.171
0.231
0.231
0.231
0.331
0.331
0.331
0.331
0.331
0.331
0.331
0.431
0.431
0.431
0.431
0.431
0.431
0.331
0.331
0.331
0.331
0.331
0.331
0.331
0.331
0.331
0.331
0.331
0.331
0.331
0.331
0.391
0.391
0.491
0.491
0.591
0.491
0.491
0.391
0.391
0.391
0.331
0.331
0.331
0.331
0.562
0.502
0.602
0.502
0.752
0.752
0.764
0.764
0.664
0.684
0.684
0.684
0.684
0.684
0.684
0.684
0.684
0.684
0.684
0.684
0.684
0.684
0.684
0.684
0.684
0.684
0.534
0.534
0.534
0.534
0.534
0.534
0.534
0.534
0.534
0.534
0.534
0.534
0.534
0.534
0.534
0.534
0.534
0.534
0.434
0.434
0.434
0.434
0.422
0.422
0.422
0.422
0.422
0.422
0.422
0.422
0.422
0.422
0.422
0.462
0.462
0.462
0.522
0.462
0.462
0.462
0.462
0.462
0.462
0.462
0.462
0.462
0.462
0.462
0.462
0.612
0.612
0.592
0.592
0.592
0.492
0.492
0.492
0.492
0.492
0.492
0.492
0.492
0.492
0.492
0.492
0.492
0.492
0.492
0.492
0.492
0.492
0.342
0.342
0.342
0.342
0.342
0.342
0.342
0.342
0.342
2.617
2.617
2.617
2.617
2.617
2.617
2.617
2.617
2.617
2.617
2.617
2.617
2.617
2.617
2.617
2.617
2.617
2.617
2.617
2.617
0.342
0.342
0.342
0.342
0.342
0.342
0.342
0.342
0.342
0.342
0.342
0.342
0.342
0.342
0.342
0.342
0.342
0.342
0.342
0.302
0.302
0.302
0.302
0.302
0.302
0.302
0.302
0.302
0.302
0.302
0.302
0.302
0.302
0.302
0.302
0.302
0.302
0.302
0.302
0.302
0.302
0.302
0.302
0.302
0.302
0.302
0.202
0.202
0.202
0.202
0.202
0.202
0.202
0.202
0.202
0.202
0.202
0.202
0.202
0.202
0.202
0.202
0.202
0.202
0.202
0.202
0.202
0.202
0.202
0.202
0.202
0.202
0.202
0.202
0.202
0.202
0.202
0.352
0.352
0.452
0.452
0.452
0.452
0.452
0.452
0.452
0.452
0.452
0.452
0.452
0.452
0.352
0.352
0.352
0.352
0.352
0.352
0.352
0.352
0.202
0.202
0.202
0.202
0.202
0.202
0.202
0.202
0.202
0.202
0.202
0.202
0.202
0.202
0.202
0.202
0.202
0.202
0.202
0.202
0.202
0.202
0.202
0.202
0.202
0.202
0.202
0.202
0.202
0.202
0.202
0.202
0.202
0.202
0.202
0.202
0.202
0.202
0.202
0.202
0.202
0.202
0.202
0.329
0.202
0.202
0.202
0.073
0.073
0.073
0.073
0.073
0.073
0.073
0.073
0.073
0.073
0.073
0.073
0.073
0.073
0.073
0.073
0.073
0.073
0.073
0.073
0.223
0.223
0.223
0.223
0.223
0.223
0.223
0.223
0.223
0.223
0.223
0.223
0.223
0.223
0.223
0.223
0.223
0.223
0.223
0.223
0.223
0.223
0.073
0.073
0.073
0.073
0.073
0.073
0.073
0.073
0.073
0.073
0.073
0.073
0.073
0.073
0.073
0.073
0.073
0.073
0.073
0.073
0.073
0.073
0.073
0.073
0.073
0.073
0.073
0.073
0.073
0.073
0.073
0.073
0.073
0.073
0.073
0.073
0.073
0.073
0.073
0.073
0.073
0.073
0.073
0.073
0.073
0.073
0.073
0.073
0.073
0.073
0.073
0.073
0.073
0.073
0.073
0.073
0.073
0.073
0.073
0.073
0.073
0.073
0.073
0.073
0.073
0.073
0.073
0.073
0.073
0.073
0.073
0.073
0.073
0.073
0.073
0.073
0.073
0.223
0.223
0.223
0.223
0.223
0.223
0.223
0.223
0.223
0.223
0.223
0.223
0.223
0.223
0.223
0.223
0.223
0.223
0.223
0.223
0.223
0.223
0.073
0.073
0.073
0.073
0.073
0.073
0.073
0.073
0.073
0.073
0.073
0.073
0.073
0.073
0.073
0.073
0.073
0.073
0.073
0.073
0.073
0.073
0.073
0.073
0.073
0.073
0.073
0.073
0.073
0.073
0.073
0.073
0.073
0.073
0.073
0.073
0.073
0.073
0.073
0.073
0.073
0.073
0.073
0.073
0.073
0.073
0.073
0.073
0.073
0.073
0.073
0.073
0.073
0.073
0.073
0.073
0.073
0.073
0.223
0.223
0.223
0.223
0.223
0.223
0.223
0.223
0.223
0.223
0.223
0.223
0.223
0.223
0.223
0.223
0.223
0.223
0.223
0.223
0.223
0.223
0.073
0.073
0.073
0.073
0.073
0.073
0.073
0.073
0.073
0.073
0.073
0.073
0.073
0.073
0.073
0.073
0.073
0.073
0.073
0.073
0.073
0.073
0.073
0.073
0.073
0.073
0.073
0.073
0.073
0.073
0.073
0.073
0.073
0.073
0.073
0.073
0.073
0.073
0.073
0.302
0.302
0.342
0.342
0.342
0.342
0.242
0.242
0.242
0.242
0.242
0.369
0.329
0.329
0.329
0.479
0.519
0.619
0.619
0.619
0.706
0.706
0.706
0.806
0.806
0.806
0.806
0.806
0.766
0.806
0.706
0.706
0.706
0.631
0.631
0.631
0.631
0.481
0.481
0.481
0.481
0.481
0.381
0.381
0.381
0.381
0.381
0.381
0.381
0.381
0.381
0.25
0.25
0.25
0.25
0.123
0.223
0.223
0.223
0.183
0.073
0.073
0.073
0.073
0.073
0.073
0.073
0.073
0.073
0.073
0.073
0.073
0.073
0.073
0.073
0.073
0.073
0.073
0.073
0.073
0.073
0.073
0.073
0.223
0.223
0.223
0.223
0.223
0.223
0.223
0.223
0.223
0.223
0.223
0.223
0.223
0.223
0.223
0.223
0.223
0.223
0.223
0.223
0.223
0.223
0.073
0.073
0.073
0.073
0.073
0.073
0.073
0.073
0.073
0.073
0.073
0.073
0.073
0.073
0.073
0.071
0.146
0.071
0.071
0.071
0.071
0.071
0.071
0.071
1.87
1.858
1.858
0.071
0.071
0.071
0.071
0.091
0.091
0.191
0.191
0.191
0.191
0.191
0.271
0.271
0.271
0.271
0.271
0.271
2.058
2.191
2.191
0.404
0.554
0.554
0.554
0.554
0.554
0.554
0.554
0.554
0.554
0.554
0.554
0.554
0.554
0.554
0.629
0.629
0.629
0.554
0.554
0.554
0.554
0.554
0.404
0.304
0.304
0.304
0.304
0.304
0.304
0.304
0.304
0.304
0.304
0.304
0.304
0.304
0.304
0.304
0.304
0.304
0.431
0.662
0.662
0.662
0.662
0.662
0.662
0.662
0.662
0.662
0.662
0.662
0.662
0.662
0.662
0.662
0.662
0.662
0.662
0.662
0.682
0.682
0.782
0.782
0.782
0.782
0.782
0.882
0.782
0.794
0.785
0.685
0.585
0.585
0.585
0.585
0.585
0.585
0.585
0.585
0.625
0.625
0.625
0.625
0.625
0.775
0.775
0.786
0.786
0.786
0.786
0.786
0.686
0.674
0.674
0.674
0.674
0.674
0.547
0.547
0.436
0.436
0.416
0.416
0.416
0.416
0.491
0.341
0.341
0.341
0.341
0.401
0.466
0.466
0.466
0.466
0.466
0.406
0.406
0.441
0.441
0.441
0.441
0.441
0.441
0.441
0.462
0.462
0.462
0.462
0.462
0.462
0.462
0.462
0.442
0.442
0.482
0.482
0.542
0.542
0.542
0.542
0.542
0.542
0.542
0.542
0.542
0.531
0.471
0.571
0.571
0.571
0.571
0.571
0.571
0.571
0.571
0.571
0.571
0.698
0.698
0.698
0.698
0.698
0.698
0.698
0.698
0.698
0.698
0.698
0.698
0.698
0.698
0.698
0.698
0.698
0.698
0.598
0.609
0.609
0.609
0.609
0.759
0.759
0.759
0.759
0.759
0.759
0.759
0.89
0.89
0.89
0.89
0.95
0.95
0.95
0.95
0.95
0.95
0.941
0.881
0.881
0.921
0.981
0.831
0.771
0.771
0.771
0.771
0.691
0.691
0.688
0.688
0.688
0.688
0.688
0.688
0.728
0.728
0.728
0.728
0.728
0.928
0.948
0.848
0.748
0.748
0.748
0.748
0.748
0.748
0.848
0.848
0.848
0.848
0.848
0.848
0.073
0.073
0.073
0.073
0.073
0.073
0.073
0.073
0.073
0.073
0.073
0.073
0.073
0.073
0.073
0.073
0.073
0.073
0.073
0.073
0.073
0.073
0.073
0.073
0.073
0.073
0.073
0.073
0.073
0.073
0.073
0.073
0.073
0.073
0.073
0.073
0.073
0.073
0.073
0.073
0.073
0.073
0.073
0.073
0.073
0.073
0.223
0.223
0.223
0.223
0.223
0.223
0.223
0.223
0.223
0.223
0.223
0.223
0.223
0.223
