0.062
0.062
0.062
0.062
0.062
0.062
0.062
0.062
0.062
0.062
0.062
0.062
0.062
0.062
0.062
0.072
0.072
0.072
0.072
0.072
0.072
0.072
0.072
0.072
0.072
0.072
0.072
0.072
0.072
0.072
0.072
0.072
0.072
0.072
0.072
0.072
0.072
0.072
0.072
0.072
0.072
0.072
0.072
0.072
0.072
0.072
0.072
0.072
0.072
0.072
0.072
0.072
0.072
0.072
0.072
0.072
0.072
0.072
0.072
0.072
0.072
0.072
0.072
0.072
0.072
0.072
0.072
0.072
0.072
0.072
0.072
0.072
0.072
0.072
0.072
0.072
0.072
0.072
0.072
0.072
0.072
0.072
0.072
0.072
0.072
0.072
0.072
0.072
0.072
0.072
0.072
0.072
0.072
0.072
0.072
0.072
0.072
0.072
0.072
0.072
0.072
0.072
0.072
0.072
0.072
0.072
0.072
0.072
0.072
0.072
0.072
0.072
0.072
0.072
0.072
0.072
0.072
0.072
0.072
0.072
0.072
0.072
0.072
0.072
0.072
0.072
0.072
0.072
0.072
0.072
0.072
0.072
0.072
0.072
0.072
0.072
0.072
0.072
0.072
0.072
0.072
0.072
0.072
0.072
0.072
0.072
0.072
0.072
0.072
0.072
0.072
0.072
0.072
0.072
0.072
0.072
0.072
0.072
0.072
0.072
0.072
0.072
0.072
0.072
0.072
0.072
0.072
0.072
0.072
0.072
0.072
0.072
0.072
0.072
0.072
0.072
0.072
0.072
0.072
0.072
0.072
0.072
0.072
0.072
0.072
0.072
0.072
0.072
0.072
0.072
0.072
0.072
0.072
0.072
0.072
0.072
0.072
0.072
0.072
0.072
0.072
0.072
0.072
0.072
0.072
0.072
0.072
0.072
0.072
0.072
0.072
0.072
0.072
0.072
0.072
0.072
0.072
0.072
0.072
0.072
0.072
0.072
0.072
0.072
0.072
0.072
0.072
0.072
0.072
0.072
0.072
0.072
0.072
0.072
0.072
0.072
0.072
0.072
0.072
0.072
0.072
0.072
0.072
0.072
0.072
0.072
0.072
0.072
0.072
0.072
0.072
0.072
0.072
0.072
0.072
0.072
0.072
0.072
0.072
0.072
0.072
0.072
0.072
0.072
0.072
0.072
0.072
0.072
0.072
0.072
0.072
0.072
0.072
0.072
0.072
0.072
0.072
0.072
0.072
0.072
0.072
0.072
0.072
0.072
0.072
0.072
0.072
0.072
0.072
0.072
0.072
0.072
0.072
0.072
0.072
0.072
0.072
0.072
0.072
0.072
0.072
0.072
0.072
0.072
0.072
0.072
0.072
0.072
0.072
0.072
0.072
0.072
0.072
0.072
0.072
0.072
0.072
0.072
0.072
0.072
0.072
0.072
0.072
0.072
0.072
0.072
0.072
0.072
0.072
0.072
0.072
0.072
0.072
0.072
0.072
0.072
0.072
0.072
0.072
0.072
0.072
0.072
0.072
0.072
0.072
0.072
0.072
0.072
0.072
0.072
0.072
0.072
0.072
0.072
0.072
0.072
0.072
0.072
0.072
0.072
0.072
0.072
0.072
0.072
0.072
0.072
0.072
0.072
0.072
0.072
0.072
0.072
0.072
0.072
0.072
0.072
0.072
0.072
0.072
0.072
0.072
0.072
0.072
0.072
0.072
0.072
0.072
0.072
0.072
0.072
0.072
0.072
0.072
0.072
0.072
0.072
0.072
0.072
0.072
0.072
0.072
0.072
0.072
0.072
0.072
0.072
0.072
0.072
0.072
0.072
0.072
0.072
0.072
0.072
0.072
0.072
0.072
0.072
0.072
0.072
0.072
0.072
0.072
0.072
0.072
0.072
0.072
0.072
0.072
0.072
0.072
0.072
0.072
0.072
0.072
0.072
0.072
0.072
0.072
0.072
0.072
0.072
0.072
0.072
0.072
0.072
0.072
0.072
0.072
0.072
0.072
0.072
0.072
0.072
0.072
0.072
0.072
0.072
0.072
0.072
0.072
0.072
0.072
0.072
0.072
0.072
0.072
0.072
0.072
0.072
0.072
0.072
0.072
0.072
0.072
0.072
0.072
0.072
0.072
0.072
0.072
0.072
0.072
0.072
0.072
0.072
0.072
0.072
0.072
0.072
0.072
0.072
0.072
0.072
0.072
0.072
0.072
0.072
0.072
0.072
0.072
0.072
0.072
0.072
0.072
0.072
0.072
0.072
0.072
0.072
0.072
0.072
0.072
0.072
0.072
0.072
0.072
0.072
0.072
0.072
0.072
0.072
0.072
0.072
0.072
0.072
0.072
0.072
0.072
0.072
0.07
0.07
0.07
0.07
0.07
0.07
0.07
0.238
0.238
0.238
0.238
0.198
0.198
0.198
0.198
0.07
0.07
0.07
0.07
0.07
0.07
0.07
0.07
0.07
0.07
0.07
0.07
0.07
0.21
0.21
0.21
0.21
0.21
0.21
0.21
0.21
0.21
0.21
0.21
0.21
0.21
0.21
0.21
0.21
0.344
0.344
0.344
0.344
0.344
0.344
0.344
0.344
0.344
0.344
0.344
0.344
0.344
0.344
0.344
0.344
0.344
0.344
0.344
0.344
0.344
0.344
0.344
0.344
0.344
0.344
0.344
0.344
0.344
0.344
0.344
0.344
0.344
0.344
0.344
0.344
0.344
0.344
0.344
0.344
0.344
0.344
0.344
0.344
0.344
0.416
0.416
0.416
0.416
0.416
0.416
0.416
0.416
2.399
2.399
2.399
2.399
2.399
2.399
2.399
2.399
2.399
2.399
2.399
2.399
2.399
2.399
2.399
2.399
2.399
2.399
2.399
2.399
2.399
0.416
0.416
0.144
0.144
0.144
0.144
0.144
0.144
0.144
0.144
0.144
0.144
0.144
0.144
0.144
0.144
0.144
0.144
0.144
0.144
0.144
0.144
0.144
0.144
0.144
0.144
0.144
0.144
0.144
0.144
0.144
0.144
0.144
0.144
0.144
0.144
0.144
0.144
0.144
0.144
0.144
0.144
0.144
0.144
0.144
0.144
0.144
0.144
0.144
0.144
0.144
0.144
0.144
0.144
0.144
0.144
0.144
0.144
0.144
0.144
0.144
0.144
0.144
0.321
0.321
0.144
0.144
0.144
0.144
0.144
0.144
0.144
0.144
0.144
0.144
0.144
0.321
0.321
0.144
0.144
0.144
0.144
0.144
0.144
0.144
0.144
0.144
0.144
0.144
0.321
0.321
0.144
0.144
0.144
0.144
0.144
0.144
0.144
0.144
0.144
0.144
0.144
0.321
0.321
0.639
0.639
0.639
0.639
0.639
0.072
0.072
0.072
0.072
0.072
0.072
0.072
0.072
0.072
0.072
0.072
0.072
0.072
0.072
0.072
0.072
0.072
0.072
0.072
0.072
0.072
0.072
0.072
0.072
0.072
0.072
0.072
0.072
0.072
0.072
0.072
0.072
0.072
0.072
0.072
0.072
0.072
0.072
0.072
0.072
0.072
0.072
0.072
0.072
0.072
0.072
0.072
0.072
0.072
0.072
0.072
0.072
0.072
0.072
0.072
0.072
0.072
0.072
0.072
0.072
0.072
0.072
0.072
0.344
0.344
0.344
0.344
0.344
0.344
0.344
0.344
0.344
0.344
0.344
0.344
0.344
0.344
0.344
0.344
0.344
0.344
0.344
0.344
0.344
0.344
0.344
0.344
0.344
0.384
0.384
0.384
0.384
0.484
0.484
0.484
0.484
0.384
0.384
0.384
0.384
0.474
0.474
0.474
0.474
0.474
0.474
0.474
0.434
0.454
0.454
0.454
0.434
0.454
0.454
0.454
0.454
0.454
0.454
0.454
0.454
0.454
0.454
0.454
0.454
0.454
0.514
0.514
0.454
0.434
0.434
0.434
0.434
0.434
0.434
0.434
0.434
0.434
0.434
0.434
0.434
0.434
0.434
0.434
0.434
0.494
0.594
0.594
0.594
0.594
0.594
0.594
0.594
0.607
0.607
0.607
0.607
0.607
0.607
0.607
0.607
2.037
2.037
1.887
1.787
1.787
1.787
1.822
1.822
1.822
1.822
1.822
1.822
1.822
1.842
1.842
1.842
1.842
1.822
1.822
1.822
1.822
1.822
1.822
1.922
1.922
1.922
3.903
3.903
3.903
1.922
0.492
0.492
0.492
0.492
0.492
0.492
0.532
0.532
0.532
0.532
0.532
0.532
0.532
0.532
0.532
0.532
0.532
0.532
0.398
0.398
0.398
0.398
0.398
0.398
0.398
0.398
0.398
0.298
0.298
0.298
0.298
0.298
0.358
0.358
0.358
0.345
0.345
0.345
0.345
0.285
0.285
0.285
0.285
0.285
0.285
0.285
0.285
0.285
0.285
0.285
0.285
2.266
2.266
2.266
0.285
0.25
0.25
0.25
0.25
0.25
0.25
0.25
0.25
0.384
0.384
0.384
0.384
0.384
0.384
0.384
0.384
0.384
0.384
0.512
0.384
0.384
0.384
0.384
0.384
0.384
0.384
0.304
0.304
0.304
0.304
0.304
0.304
0.804
0.804
0.844
0.744
0.744
0.744
0.744
0.804
0.744
0.744
0.744
0.744
0.744
0.744
0.744
0.744
0.744
0.744
0.804
3.008
2.948
2.948
2.948
2.948
2.948
2.988
2.988
2.488
2.488
2.488
2.488
2.488
2.488
2.488
2.488
2.488
2.354
2.354
2.354
2.354
2.354
2.354
2.454
2.454
2.454
2.494
0.29
0.25
0.25
0.29
0.29
0.29
0.29
0.29
0.29
0.29
0.29
0.29
0.29
0.29
0.25
0.15
0.19
0.19
0.19
0.19
0.19
0.19
0.19
0.218
0.218
0.218
0.218
0.278
0.278
0.318
0.318
0.278
0.278
0.278
0.278
0.278
0.278
0.29
0.29
0.29
0.85
0.85
0.79
0.79
0.79
2.773
2.808
2.808
2.808
2.808
2.808
2.808
2.808
2.808
2.808
2.808
2.768
2.768
2.768
2.768
2.768
2.768
2.768
2.868
2.868
2.868
0.885
0.885
0.885
0.885
0.898
0.898
0.898
0.898
0.986
0.986
0.986
0.986
0.986
0.986
0.986
0.986
0.986
0.986
0.986
0.986
0.986
0.986
0.986
0.986
0.986
0.946
0.946
0.946
0.946
0.846
0.818
0.818
0.818
0.818
0.818
0.818
0.818
0.318
0.318
0.346
0.346
0.346
0.381
0.381
0.381
0.421
0.421
0.421
0.381
0.381
0.381
0.441
0.441
0.441
0.441
0.501
0.501
0.675
0.695
0.695
0.695
0.695
0.695
0.872
0.872
0.695
0.695
0.695
0.695
0.695
0.695
0.695
0.567
0.567
0.627
0.567
0.744
0.731
0.554
0.554
0.554
0.554
0.554
0.567
0.567
0.567
0.527
0.527
0.527
0.744
0.744
1.067
1.067
1.067
1.067
1.067
1.067
1.067
1.067
1.067
1.067
1.067
1.244
1.244
1.562
1.562
1.69
1.69
1.65
1.183
1.183
1.183
1.155
1.195
1.155
1.195
1.195
1.195
1.195
1.195
1.195
1.195
1.195
0.695
0.695
0.695
0.695
0.723
0.763
0.763
0.763
0.763
2.744
2.804
2.804
0.683
0.683
0.773
0.773
0.773
0.773
1.273
1.273
1.273
1.273
1.273
1.273
1.273
1.273
1.238
1.358
1.358
1.338
1.338
1.338
1.398
1.385
1.385
1.385
1.385
1.317
1.317
1.257
1.297
1.297
1.297
1.425
1.385
1.385
1.385
1.405
1.405
1.345
1.405
1.405
1.385
1.385
10.153
10.153
10.193
1.325
1.325
1.325
1.325
1.325
1.235
1.235
1.235
1.235
1.175
1.175
1.175
1.195
1.195
1.195
1.195
1.255
1.255
1.255
1.255
1.227
1.227
1.167
1.167
1.227
1.287
1.287
1.342
1.282
1.282
1.282
1.282
1.222
1.032
1.032
1.032
1.032
1.032
1.045
1.045
1.045
1.045
1.045
1.045
1.045
1.045
0.545
0.545
0.553
0.553
0.553
0.553
0.553
0.553
0.072
0.072
0.072
0.072
0.072
0.072
0.072
0.072
0.072
0.072
0.072
0.072
0.072
0.072
0.072
0.072
0.072
0.072
0.072
0.072
0.072
0.072
0.072
0.072
0.072
0.072
0.072
0.072
0.072
0.072
0.072
0.072
0.072
0.072
0.072
0.072
0.072
0.072
0.072
0.072
0.072
0.072
0.072
0.072
0.072
0.072
0.072
0.072
0.072
0.072
0.072
0.072
0.072
0.072
0.072
0.072
0.072
0.072
0.062
0.062
