0.047
0.057
0.057
0.057
0.057
0.057
0.057
0.057
0.057
0.057
0.057
0.057
0.057
0.057
0.057
0.057
0.057
0.057
0.057
0.057
0.057
0.057
0.057
0.057
0.057
0.057
0.057
0.057
0.057
0.057
0.057
0.057
0.057
0.057
0.233
0.233
0.233
0.233
0.233
0.233
0.233
0.233
0.233
0.233
0.233
0.233
0.233
0.233
0.057
0.057
0.057
0.057
0.057
0.057
0.057
0.057
0.057
0.057
0.057
0.057
0.057
0.057
0.057
0.057
0.057
0.057
0.057
0.057
0.057
0.057
0.057
0.057
0.057
0.057
0.057
0.057
0.057
0.057
0.057
0.057
0.057
0.057
0.057
0.057
0.057
0.057
0.057
0.057
0.057
0.057
0.057
0.057
0.057
0.057
0.057
0.057
0.057
0.057
0.057
0.057
0.057
0.057
0.057
0.057
0.057
0.057
0.057
0.057
0.057
0.057
0.057
0.057
0.057
0.057
0.057
0.057
0.057
0.057
0.057
0.057
0.057
0.057
0.057
0.057
0.057
0.057
0.057
0.057
0.057
0.057
0.057
0.057
0.057
0.057
0.057
0.233
0.233
0.233
0.233
0.233
0.233
0.233
0.233
0.233
0.233
0.233
0.233
0.233
0.233
0.057
0.057
0.057
0.057
0.057
0.057
0.057
0.057
0.057
0.057
0.057
0.057
0.057
0.057
0.057
0.057
0.057
0.057
0.057
0.057
0.057
0.057
0.057
0.057
0.057
0.057
0.057
0.057
0.057
0.057
0.057
0.057
0.057
0.057
0.057
0.057
0.057
0.057
0.057
0.057
0.057
0.057
0.057
0.057
0.057
0.057
0.057
0.057
0.057
0.057
0.147
0.147
0.147
0.147
0.147
0.147
0.147
0.323
0.323
0.323
0.323
0.323
0.323
0.323
0.323
0.323
0.323
0.323
0.233
0.233
0.233
0.057
0.057
0.057
0.057
0.057
0.057
0.057
0.057
0.057
0.057
0.057
0.057
0.057
0.057
0.057
0.057
0.057
0.057
0.057
0.057
0.057
0.057
0.057
0.057
0.057
0.057
0.057
0.057
0.057
0.057
0.057
0.057
0.057
0.057
0.057
0.057
0.147
0.147
0.147
0.147
0.147
0.147
0.147
0.147
0.147
0.147
0.147
0.147
0.147
0.147
0.147
0.147
0.147
0.147
0.057
0.057
0.057
0.233
0.233
0.233
0.233
0.233
0.233
0.233
0.233
0.233
0.233
0.233
0.233
0.233
0.233
0.057
0.057
0.057
0.057
0.057
0.057
0.057
0.057
0.057
0.057
0.057
0.057
0.057
0.057
0.057
0.057
0.057
0.057
0.057
0.057
0.057
0.057
0.057
0.057
0.057
0.057
0.057
0.057
0.057
0.057
0.057
0.057
0.057
0.057
0.057
0.057
0.147
0.147
0.147
0.147
0.147
0.147
0.147
0.147
0.147
0.147
0.147
0.147
0.147
0.147
0.147
0.147
0.147
0.147
0.057
0.057
0.057
0.057
0.057
0.057
0.057
0.057
0.057
0.233
0.233
0.233
0.233
0.233
0.233
0.233
0.233
0.233
0.233
0.233
0.233
0.233
0.233
0.057
0.057
0.057
0.057
0.057
0.057
0.057
0.057
0.057
0.057
0.057
0.057
0.057
0.057
0.057
0.057
0.057
0.147
0.147
0.147
0.147
0.147
0.147
0.147
0.147
0.147
0.147
0.147
0.147
0.147
0.147
0.147
0.147
0.147
0.147
0.057
0.057
0.057
0.057
0.057
0.057
0.057
0.057
0.057
0.057
0.057
0.057
0.057
0.057
0.057
0.057
0.057
0.057
0.057
0.057
0.057
0.057
0.057
0.057
0.057
0.057
0.057
0.057
0.057
0.057
0.057
0.057
0.057
0.057
0.057
0.057
0.057
0.057
0.233
0.233
0.233
0.233
0.233
0.233
0.233
0.233
0.233
0.233
0.233
0.233
0.233
0.233
0.057
0.057
0.057
0.147
0.147
0.147
0.147
0.147
0.147
0.147
0.147
0.147
0.147
0.147
0.147
0.147
0.147
0.147
0.147
0.147
0.147
0.057
0.057
0.057
0.057
0.057
0.057
0.057
0.057
0.057
0.057
0.057
0.057
0.057
0.057
0.057
0.057
0.057
0.057
0.057
0.057
0.057
0.057
0.057
0.057
0.057
0.057
0.057
0.057
0.057
0.057
0.057
0.057
0.057
0.057
0.057
0.057
0.057
0.057
0.057
0.057
0.057
0.057
0.057
0.147
0.147
0.147
0.147
0.147
0.147
0.147
0.147
0.147
0.147
0.147
0.147
0.147
0.147
0.147
0.147
0.147
0.147
0.057
0.057
0.057
0.057
0.057
0.057
0.057
0.057
0.057
0.057
0.057
0.057
0.057
0.055
0.055
0.055
0.055
0.055
0.055
0.055
0.155
0.155
0.155
0.155
0.155
0.155
0.331
0.331
2.918
2.918
5.047
5.047
5.047
2.918
2.918
2.918
2.918
2.918
2.918
2.918
2.832
2.832
2.832
2.832
2.832
2.832
2.832
2.832
2.832
2.832
2.832
2.832
2.832
2.832
2.832
0.245
0.245
0.245
0.155
0.155
0.167
0.167
0.167
0.167
0.167
0.167
0.167
0.167
0.167
0.167
0.167
0.067
0.067
0.067
0.067
0.067
0.067
0.067
0.067
0.067
0.067
0.08
0.08
0.08
0.08
2.209
2.209
2.209
0.08
0.08
0.08
0.08
0.08
0.08
0.08
0.187
0.187
0.187
0.187
0.187
0.187
0.363
0.363
0.363
0.363
0.363
0.363
0.363
0.363
0.453
0.453
0.453
0.453
2.582
2.582
2.406
0.277
0.277
0.277
0.277
0.277
0.277
2.406
2.406
2.406
0.277
0.277
0.187
0.187
0.221
0.338
0.338
0.338
0.338
0.338
0.338
0.338
0.338
0.338
0.338
0.338
0.325
0.325
2.454
2.454
2.454
0.325
0.325
0.325
0.325
0.325
0.325
0.325
0.325
0.325
0.325
0.325
0.325
0.325
0.325
0.325
0.325
0.325
0.325
0.325
0.208
0.208
0.208
0.208
0.208
0.208
0.208
0.208
0.208
0.208
0.208
0.208
0.208
0.384
0.384
0.384
0.384
0.384
0.384
0.384
0.384
0.384
0.384
0.384
0.384
0.384
0.384
0.208
0.208
0.208
0.208
0.208
0.208
0.208
0.208
0.208
0.208
0.174
0.174
0.174
0.174
0.174
0.174
0.174
0.174
0.174
0.174
0.174
0.174
2.303
2.303
2.303
0.174
0.174
0.174
0.174
0.174
0.174
0.174
0.174
0.174
0.264
0.264
0.264
0.264
0.264
0.264
0.264
0.264
0.264
0.264
0.252
0.252
0.252
0.252
0.252
0.252
0.252
0.252
0.162
0.162
0.162
0.162
0.162
0.162
0.162
0.338
0.338
0.338
0.338
0.338
0.338
0.338
0.338
0.338
0.338
0.338
0.338
0.338
0.338
0.162
0.162
0.162
0.162
0.162
0.162
0.162
0.162
0.162
0.162
0.182
0.182
0.182
0.182
0.182
0.182
0.182
0.182
0.182
0.182
0.182
0.182
0.182
0.182
0.182
0.182
0.182
0.182
0.182
0.182
0.182
0.182
0.182
0.182
0.194
0.174
0.162
0.252
0.252
0.252
1.272
1.292
1.292
0.272
0.252
0.252
0.252
0.252
0.252
0.252
0.252
0.252
0.252
0.252
0.263
0.173
0.173
0.173
0.233
0.276
0.276
0.288
0.198
0.198
0.158
0.138
0.138
0.138
0.138
0.138
0.138
0.138
0.138
0.138
0.138
0.138
0.138
0.138
0.057
0.057
0.057
0.057
0.057
0.057
0.057
0.057
0.057
0.057
0.057
0.057
0.057
0.057
0.057
0.057
0.057
0.057
0.057
0.057
0.057
0.057
0.057
0.057
0.057
0.057
0.057
0.057
0.057
0.057
0.057
0.057
0.057
0.057
0.057
0.057
0.057
0.057
0.057
0.057
0.057
0.057
0.057
0.057
0.057
0.057
0.057
0.057
0.057
0.057
0.057
0.057
0.057
0.057
0.057
0.057
0.057
0.233
0.323
0.323
0.323
0.323
0.323
0.323
0.323
0.323
0.323
0.323
0.323
0.323
0.332
0.156
0.156
0.156
0.156
0.156
0.166
0.178
0.178
0.091
0.091
0.179
0.179
1.581
1.581
1.581
1.671
1.671
1.671
1.671
1.671
1.671
1.671
1.671
1.671
1.683
1.683
1.683
1.683
1.783
1.783
1.683
1.683
1.653
1.653
1.653
1.641
1.641
1.641
1.661
1.661
1.661
1.661
0.309
0.309
0.369
0.369
0.309
0.309
0.298
0.298
0.298
0.31
0.298
0.298
0.298
0.298
0.474
0.474
0.564
0.564
0.564
0.564
0.564
0.564
0.564
0.564
0.564
0.564
0.551
0.323
0.147
0.147
0.147
0.147
0.147
0.147
0.057
0.057
0.057
0.057
0.057
0.057
0.057
0.057
0.057
0.057
0.057
0.057
0.057
0.057
0.057
0.057
0.057
0.057
0.057
0.057
0.057
0.057
0.057
0.057
0.057
0.057
0.057
0.057
0.057
0.057
0.057
0.057
0.057
0.057
0.057
0.057
0.057
0.057
0.057
0.057
0.057
0.057
0.057
0.057
0.057
0.057
0.147
0.147
0.147
0.147
0.147
0.147
0.147
0.145
0.145
0.145
0.145
0.145
0.262
0.262
0.538
0.538
0.538
0.638
0.548
0.548
0.548
0.548
0.548
0.56
0.56
0.56
0.56
0.56
0.384
0.384
0.384
0.534
0.554
0.554
0.554
0.554
0.554
0.554
0.554
0.554
0.554
0.554
0.614
0.614
0.554
0.554
0.554
0.554
0.454
0.442
0.442
0.442
0.442
0.442
0.442
0.442
0.442
0.442
0.462
0.462
0.462
2.485
2.485
2.485
2.485
2.485
2.435
2.435
2.446
2.553
2.553
2.453
2.515
2.515
2.453
2.453
2.433
0.41
0.41
0.422
0.422
0.422
0.422
0.315
0.315
0.315
0.315
0.315
0.315
0.315
0.315
0.315
0.315
0.315
0.215
0.215
0.215
0.365
0.472
0.472
0.648
0.648
0.648
0.648
0.648
0.648
0.648
0.748
0.748
0.748
0.748
0.748
0.748
0.858
0.662
0.662
0.662
0.682
0.682
0.682
0.682
0.682
0.682
0.682
0.682
0.682
0.682
0.682
0.642
0.656
0.656
0.506
0.506
0.506
0.506
0.506
0.506
0.506
0.506
0.506
0.506
0.495
0.495
0.515
0.503
0.503
0.503
0.503
0.503
0.496
0.496
0.496
0.396
0.396
0.396
0.396
0.503
0.503
0.503
0.396
0.396
0.396
0.396
0.396
0.396
0.396
0.408
0.408
0.408
0.408
0.408
0.408
0.508
0.408
0.408
0.291
0.291
0.291
0.291
0.398
0.398
0.418
0.43
0.418
0.429
0.429
0.429
0.429
0.429
0.429
0.429
0.429
0.429
0.429
0.605
0.665
0.605
0.605
0.605
0.695
0.695
0.695
0.711
0.711
0.745
0.745
0.758
0.875
0.649
0.749
0.749
0.749
0.849
0.749
0.749
0.749
0.749
0.719
0.719
0.719
0.719
0.719
0.719
0.699
0.699
0.699
0.711
0.057
0.057
0.057
0.057
0.057
0.057
0.057
0.057
0.057
0.057
0.057
0.057
0.057
0.057
0.057
0.057
0.057
0.057
0.057
0.057
0.057
0.057
0.057
0.057
0.057
0.057
0.057
0.057
0.057
0.057
0.057
0.057
0.057
0.057
0.057
0.057
0.057
0.057
0.233
0.323
0.323
0.323
0.323
0.323
0.323
0.323
0.323
0.323
0.323
0.323
0.323
0.323
0.147
0.147
0.147
0.147
0.147
0.057
0.057
0.057
0.057
0.057
0.057
0.057
0.057
0.057
0.057
0.057
0.057
0.057
0.057
0.057
0.057
0.057
0.057
0.057
0.057
0.057
0.057
0.057
0.057
0.057
0.057
0.057
0.057
0.057
0.057
0.057
0.057
0.057
0.057
0.057
0.057
0.057
0.057
0.057
0.057
0.057
0.057
0.057
0.057
0.057
0.057
0.057
0.057
0.057
0.057
0.057
0.057
0.057
0.057
0.057
0.057
0.057
0.057
0.057
0.057
0.057
0.057
0.057
0.057
0.057
0.057
0.057
0.057
0.057
0.057
0.147
0.147
0.147
0.147
0.147
0.147
0.147
0.147
0.147
0.147
0.147
0.147
0.137
