0.045
0.045
0.045
0.045
0.045
0.045
0.045
0.045
0.085
0.085
0.185
0.194
0.194
0.254
0.214
0.233
0.233
0.233
0.233
0.233
0.233
0.233
0.233
0.233
0.233
0.233
0.233
0.269
0.269
0.329
0.057
0.057
0.057
0.057
0.057
0.057
0.057
0.057
0.057
0.057
0.057
0.057
0.057
0.057
0.057
0.057
0.057
0.057
0.057
0.057
0.057
0.057
0.057
0.057
0.057
0.057
0.057
0.164
0.164
0.164
0.164
0.164
0.164
0.164
0.164
0.164
0.164
0.164
0.164
0.164
0.164
0.164
0.164
0.164
0.164
0.057
0.057
0.057
0.057
0.057
0.057
0.057
0.057
0.057
0.057
0.057
0.057
0.057
0.057
0.057
0.057
0.057
0.057
0.057
0.057
0.057
0.057
0.057
0.057
0.057
0.057
0.057
0.057
0.057
0.057
0.057
0.057
0.057
0.057
0.057
0.057
0.057
0.057
0.057
0.057
0.057
0.057
0.057
0.057
0.057
0.057
0.057
0.057
0.057
0.057
0.057
0.057
0.057
0.057
0.057
0.057
0.057
0.057
0.057
0.057
0.057
0.057
0.057
0.164
0.164
0.164
0.164
0.164
0.164
0.164
0.164
0.164
0.164
0.164
0.164
0.164
0.164
0.164
0.164
0.164
0.164
0.057
0.057
0.057
0.057
0.057
0.057
0.057
0.057
0.057
0.057
0.057
0.057
0.057
0.057
0.057
0.057
0.057
0.057
0.057
0.057
0.057
0.057
0.057
0.057
0.057
0.057
0.057
0.057
0.057
0.057
0.057
0.057
0.057
0.057
0.057
0.057
0.057
0.057
0.057
0.057
0.057
0.057
0.057
0.057
0.057
0.057
0.057
0.164
0.164
0.164
0.164
0.164
0.164
0.164
0.164
0.164
0.164
0.164
0.164
0.164
0.164
0.164
0.164
0.164
0.164
0.057
0.057
0.057
0.057
0.057
0.057
0.057
0.057
0.057
0.057
0.057
0.057
0.057
0.057
0.057
0.057
0.057
0.057
0.057
0.057
0.057
0.057
0.057
0.057
0.057
0.057
0.057
0.057
0.057
0.057
0.057
0.057
0.057
0.057
0.057
0.057
0.057
0.057
0.057
0.057
0.164
0.164
0.164
0.164
0.164
0.164
0.164
0.164
0.164
0.164
0.164
0.164
0.164
0.164
0.164
0.164
0.164
0.164
0.057
0.057
0.057
0.057
0.057
0.057
0.057
0.057
0.057
0.057
0.057
0.057
0.057
0.057
0.057
0.057
0.057
0.057
0.057
0.057
0.057
0.057
0.057
0.057
0.057
0.057
0.057
0.057
0.057
0.057
0.057
0.057
0.057
0.057
0.057
0.057
0.057
0.057
0.057
0.057
0.057
0.057
0.057
0.057
0.057
0.057
0.057
0.057
0.057
0.057
0.057
0.057
0.057
0.057
0.057
0.057
0.057
0.057
0.057
0.057
0.057
0.057
0.057
0.057
0.057
0.057
0.057
0.057
0.057
0.164
0.164
0.164
0.164
0.164
0.164
0.164
0.164
0.164
0.164
0.164
0.164
0.164
0.164
0.164
0.164
0.164
0.164
0.057
0.057
0.057
0.057
0.057
0.057
0.057
0.057
0.057
0.057
0.057
0.057
0.057
0.057
0.057
0.057
0.057
0.057
0.057
0.057
0.057
0.057
0.057
0.057
0.057
0.057
0.057
0.057
0.057
0.057
0.057
0.057
0.057
0.057
0.057
0.057
0.057
0.057
0.057
0.057
0.057
0.057
0.164
0.164
0.198
0.198
0.198
0.198
2.107
2.107
2.107
0.198
0.33
0.33
0.33
0.33
0.33
0.33
0.33
0.33
0.223
0.223
0.223
0.283
0.403
0.403
0.343
0.343
0.343
0.343
0.343
0.283
0.283
0.343
0.343
0.283
0.283
0.283
0.283
0.283
0.323
0.323
0.323
0.323
0.323
0.373
0.333
0.333
0.333
0.333
0.333
0.333
0.333
0.333
0.333
0.333
0.342
0.342
0.342
0.342
0.342
0.342
0.292
0.332
0.332
0.439
0.499
0.499
0.439
0.439
0.439
0.439
0.439
0.499
0.463
0.463
0.403
0.403
0.403
0.403
0.403
0.403
0.403
0.296
0.296
2.205
2.145
2.145
0.236
0.236
0.236
0.236
0.236
0.236
0.236
0.236
0.296
0.296
0.236
0.236
0.236
0.236
0.236
0.236
0.236
0.236
0.236
0.236
0.236
0.296
0.296
0.296
0.236
0.236
0.236
0.236
0.296
0.296
0.296
0.296
0.296
0.296
0.346
0.346
0.346
0.346
0.346
0.346
0.346
0.346
0.337
0.337
0.337
0.287
0.287
0.227
0.227
0.227
0.227
0.227
0.227
0.227
0.227
0.227
0.227
0.227
0.227
0.227
0.227
0.227
0.227
0.227
0.227
0.227
0.227
0.227
0.227
0.227
0.227
0.227
0.227
0.227
0.227
0.227
0.227
0.227
0.227
0.227
0.24
0.347
0.347
0.347
0.347
0.347
0.347
0.347
0.347
0.347
0.347
0.347
0.347
0.347
0.347
0.347
0.347
0.347
0.347
0.24
0.24
0.24
0.24
2.149
2.149
2.149
0.24
0.24
0.24
0.24
0.24
0.24
0.24
0.24
0.24
0.24
0.24
0.24
0.24
0.24
0.24
0.24
0.24
0.24
0.24
0.24
0.24
0.2
0.2
0.2
0.26
0.26
0.2
0.2
0.2
0.2
0.2
0.2
0.2
0.2
0.187
0.187
0.187
0.187
0.187
0.187
0.187
0.187
0.187
0.187
0.187
0.187
0.187
0.187
0.187
0.187
0.187
0.187
0.187
0.223
0.223
0.263
0.223
0.223
0.223
0.223
0.223
0.223
0.223
0.223
0.223
0.223
0.223
0.223
0.223
0.223
0.223
0.223
0.223
0.223
0.223
0.223
0.223
0.223
0.223
0.223
0.223
0.223
0.223
0.223
0.223
0.223
0.223
0.223
0.223
0.223
0.223
0.223
0.223
0.223
0.223
0.223
0.223
0.223
0.223
0.223
0.223
0.223
0.223
0.223
0.223
0.223
0.223
0.223
0.223
0.223
0.223
0.223
0.223
0.223
0.223
0.223
0.223
0.223
0.091
0.091
0.091
0.091
0.091
0.091
0.091
0.091
0.055
0.055
0.055
0.055
0.055
0.055
0.055
0.055
0.055
0.055
0.055
0.055
0.055
0.162
0.162
0.162
0.162
0.162
0.162
0.162
0.162
0.162
0.162
0.162
0.162
0.162
0.162
0.162
0.162
0.162
1.497
1.39
1.39
1.39
1.39
1.39
1.39
1.39
1.39
1.39
1.39
1.39
1.39
1.39
1.39
1.39
1.39
1.39
1.39
1.39
1.39
1.39
1.39
1.39
1.39
1.39
1.39
1.39
1.39
1.39
0.055
0.055
0.055
0.055
0.055
0.055
0.055
0.055
0.055
0.055
0.055
0.055
0.055
0.055
0.055
0.055
0.055
0.055
0.055
0.055
0.055
0.173
0.173
0.173
0.173
0.173
0.173
0.173
0.173
0.173
0.173
0.173
0.28
0.28
0.28
0.28
0.175
0.175
0.175
0.175
0.175
0.175
0.175
0.175
0.164
0.164
0.164
0.164
0.164
0.164
0.057
0.057
0.057
0.057
0.057
0.057
0.057
0.057
0.057
0.057
0.057
0.057
0.057
0.057
0.057
0.057
0.057
0.057
0.057
0.057
0.057
0.057
0.057
0.057
0.057
0.057
0.057
0.057
0.057
0.057
0.057
0.057
0.057
0.057
0.057
0.057
0.057
0.057
0.057
0.057
0.057
0.057
0.057
0.057
0.057
0.057
0.057
0.057
0.057
0.057
0.057
0.057
0.057
0.057
0.068
0.068
0.068
0.2
0.2
0.2
0.2
0.26
0.26
0.26
0.26
0.3
0.3
0.3
0.3
0.407
0.407
0.407
0.407
0.407
0.407
0.407
0.447
0.507
0.507
0.447
0.552
0.552
0.572
0.572
0.164
0.164
0.164
0.057
0.057
0.057
0.057
0.057
0.057
0.057
0.057
0.057
0.057
0.057
0.057
0.057
0.057
0.057
0.057
0.057
0.057
0.057
0.057
0.057
0.057
0.057
0.057
0.057
0.057
0.057
0.305
0.305
0.305
0.305
0.305
0.365
0.365
0.405
0.445
0.445
0.445
0.445
0.445
0.505
0.518
0.458
0.518
0.518
0.518
0.518
0.505
0.445
0.405
0.465
2.374
2.374
2.481
0.572
0.572
0.572
0.512
0.512
0.512
0.512
0.512
0.512
0.612
0.572
0.572
0.572
0.572
0.572
0.572
0.572
0.405
0.341
0.341
0.381
0.381
0.441
0.441
0.441
0.441
0.441
0.441
0.441
0.441
0.441
0.441
0.441
0.441
0.441
0.441
0.501
0.501
0.551
0.551
0.551
0.551
0.551
0.551
0.551
0.551
0.551
0.538
0.538
0.538
0.538
0.538
0.538
0.638
0.638
0.638
0.638
0.638
0.638
0.638
0.578
0.578
0.638
0.578
0.578
0.638
0.578
0.578
0.578
0.578
0.578
0.578
0.578
0.685
0.685
0.685
0.685
0.685
0.685
0.645
0.645
0.695
0.695
0.695
0.695
0.695
0.695
0.695
0.59
0.59
0.59
0.447
0.447
0.487
0.487
0.487
0.637
0.637
0.637
0.637
1.474
1.534
1.534
0.717
0.717
0.777
0.777
0.777
0.717
0.717
0.717
0.717
0.717
0.717
0.717
0.717
0.717
0.717
0.717
0.717
0.717
0.617
0.617
0.557
0.557
0.557
0.557
0.557
0.557
0.617
0.617
0.617
0.617
0.617
0.617
0.617
0.617
0.617
0.617
0.617
0.617
0.677
0.677
0.677
0.677
0.677
0.677
0.677
0.677
0.737
0.737
2.701
2.701
2.701
0.792
0.792
0.792
0.792
0.792
0.792
0.792
0.792
0.792
0.792
0.792
0.792
0.692
0.637
0.637
0.637
0.637
0.637
0.577
0.577
0.577
0.577
0.577
0.677
0.677
0.677
0.727
0.727
0.667
0.057
0.057
0.057
0.057
0.057
0.057
0.057
0.057
0.057
0.057
0.057
0.057
0.057
0.057
0.057
0.057
0.057
0.057
0.057
0.057
0.057
0.057
0.057
0.057
0.164
0.164
0.164
0.164
0.164
0.164
0.307
0.307
0.307
0.307
0.367
0.427
0.427
0.427
0.487
0.487
0.547
0.757
0.65
0.5
0.44
0.476
0.416
0.521
0.521
0.581
0.581
0.581
0.581
0.521
0.521
0.521
0.521
0.521
0.521
0.521
0.521
0.521
0.521
0.581
0.581
0.581
0.581
0.581
0.581
0.581
0.581
0.581
0.476
0.476
2.385
2.385
2.385
0.476
0.583
0.623
0.623
0.773
0.773
0.713
0.713
0.713
0.713
0.713
0.818
0.818
0.878
2.787
2.787
2.655
0.706
0.706
0.599
0.599
0.599
0.599
0.449
0.449
0.449
0.496
0.536
0.536
0.536
0.536
0.536
0.536
0.536
0.536
0.536
0.536
0.536
0.536
0.536
0.536
0.5
0.5
0.513
0.513
0.513
0.513
0.513
0.513
0.513
0.513
0.513
0.513
0.513
0.513
0.513
0.513
0.513
0.453
0.453
0.453
0.453
0.453
0.453
0.453
0.453
0.453
0.348
0.348
0.348
0.348
0.455
0.455
0.455
0.455
0.455
0.515
0.515
0.515
0.515
0.515
0.515
0.515
0.164
0.164
0.164
0.164
0.164
0.164
0.057
0.057
0.057
0.057
0.057
0.057
0.057
0.057
0.057
0.057
0.057
0.057
0.057
0.057
0.057
0.057
0.057
0.057
0.057
0.057
0.057
0.057
0.057
0.057
0.057
0.057
0.057
0.057
0.057
0.057
0.057
0.057
0.057
0.057
0.057
0.057
0.057
0.057
0.057
0.057
0.057
0.057
0.057
0.057
0.057
0.057
0.057
0.057
0.057
0.057
0.057
0.057
0.057
0.057
0.057
0.057
0.057
0.057
0.057
0.057
0.057
0.057
0.057
0.057
0.057
0.057
0.057
0.057
0.057
0.057
0.057
0.164
0.164
0.164
0.164
0.164
0.164
0.164
0.164
0.164
0.164
0.164
0.164
0.164
0.164
0.164
0.164
0.164
0.164
0.057
0.057
0.057
0.057
0.057
0.057
0.057
0.057
0.057
0.057
0.057
0.057
0.057
0.057
0.057
0.057
0.057
0.057
0.057
0.057
0.057
0.057
0.057
0.057
0.057
