0.068
0.068
0.068
0.068
0.068
0.273
0.273
0.273
0.273
0.273
0.273
0.273
0.273
0.273
0.273
0.273
0.273
0.273
0.273
0.273
0.273
0.273
0.273
0.273
0.273
0.273
0.273
0.068
0.068
0.068
0.068
0.068
0.068
0.068
0.068
0.068
0.068
0.076
0.076
0.076
0.076
0.076
0.076
0.076
0.066
0.066
0.066
0.066
0.066
0.066
0.066
0.066
0.066
0.066
0.066
0.066
0.066
0.066
0.066
0.066
0.066
0.066
0.066
0.066
0.066
0.066
0.066
0.066
0.066
0.066
0.066
0.066
0.066
0.066
0.076
0.076
0.076
0.076
0.076
0.076
0.076
0.076
0.076
0.076
0.076
0.076
0.076
0.076
0.076
0.076
0.076
0.076
0.076
0.076
0.076
0.076
0.076
0.076
0.076
0.076
0.076
0.076
0.076
0.076
0.076
0.076
0.076
0.076
0.076
0.076
0.076
0.076
0.076
0.076
0.076
0.076
0.076
0.076
0.076
0.076
0.076
0.076
0.076
0.076
0.232
0.232
0.232
0.232
0.232
0.232
0.232
0.232
0.232
0.232
0.232
0.232
0.232
0.232
0.232
0.232
0.232
0.232
0.232
0.232
0.076
0.076
0.076
0.076
0.076
0.076
0.076
0.076
0.076
0.076
0.076
0.076
0.076
0.076
0.076
0.076
0.076
0.076
0.076
0.076
0.076
0.076
0.076
0.076
0.076
0.076
0.076
0.076
0.076
0.076
0.076
0.076
0.076
0.076
0.076
0.076
0.076
0.076
0.076
0.076
0.076
0.076
0.076
0.076
0.076
0.076
0.076
0.232
0.232
0.232
0.232
0.232
0.232
0.232
0.232
0.232
0.232
0.232
0.232
0.232
0.232
0.232
0.232
0.232
0.232
0.232
0.232
0.076
0.076
0.076
0.076
0.076
0.076
0.076
0.076
0.076
0.076
0.076
0.076
0.076
0.076
0.076
0.076
0.076
0.076
0.076
0.076
0.076
0.076
0.076
0.076
0.076
0.076
0.076
0.076
0.076
0.076
0.076
0.076
0.076
0.076
0.076
0.076
0.076
0.076
0.076
0.076
0.076
0.076
0.076
0.076
0.232
0.232
0.232
0.232
0.232
0.232
0.232
0.232
0.232
0.232
0.232
0.232
0.232
0.232
0.232
0.232
0.232
0.232
0.232
0.232
0.076
0.076
0.076
0.076
0.076
0.076
0.076
0.076
0.076
0.076
0.076
0.076
0.076
0.076
0.076
0.076
0.076
0.076
0.076
0.076
0.076
0.076
0.076
0.076
0.076
0.076
0.076
0.076
0.076
0.076
0.076
0.076
0.076
0.076
0.076
0.076
0.076
0.076
0.076
0.076
0.232
0.232
0.232
0.232
0.232
0.232
0.232
0.232
0.232
0.232
0.232
0.232
0.232
0.232
0.232
0.232
0.232
0.232
0.232
0.232
0.076
0.076
0.089
0.109
0.109
0.109
0.12
0.1
0.16
0.16
0.16
0.16
0.16
0.16
0.16
0.16
0.16
0.16
0.16
0.16
0.16
0.16
0.16
0.215
0.275
0.275
0.301
0.301
0.265
0.297
0.297
0.297
0.357
0.366
0.43
0.49
0.49
0.43
0.43
0.43
0.53
0.53
0.43
0.37
0.593
1.918
10.443
10.443
10.807
2.213
2.213
2.213
2.005
2.005
2.005
2.005
2.005
2.005
2.005
2.005
2.005
2.005
1.99
1.99
1.99
1.99
2.05
2.05
2.05
2.05
2.11
2.11
1.954
1.954
1.954
0.644
0.644
0.68
0.62
1.732
1.732
1.732
0.609
0.549
0.549
0.549
0.649
0.649
0.649
0.649
0.649
0.594
0.594
0.594
0.53
0.53
0.53
0.59
0.59
0.59
0.65
9.244
9.282
9.282
0.688
0.788
0.788
0.788
0.788
0.788
0.838
0.838
0.838
0.898
0.898
0.898
0.798
0.798
0.898
0.998
0.998
0.998
0.962
0.912
0.912
0.912
0.912
0.912
0.912
0.912
0.921
0.921
0.921
0.921
0.921
9.5
9.5
9.5
0.942
0.942
0.942
0.942
0.906
0.906
0.906
0.906
0.906
0.906
0.906
0.906
0.906
0.906
0.897
0.897
0.897
0.897
0.897
0.897
0.897
0.993
1.053
0.993
1.059
1.059
1.114
1.054
1.054
1.054
0.999
0.999
0.999
1.049
0.983
0.833
0.869
0.809
0.809
0.809
0.909
0.753
0.653
0.653
0.713
0.713
0.713
0.713
0.713
0.553
0.553
0.553
0.553
0.553
0.553
0.553
0.568
0.568
0.568
0.668
0.668
0.668
0.568
0.568
0.568
0.568
0.568
0.568
0.568
0.623
0.683
0.628
0.628
0.694
0.076
0.076
0.076
0.076
0.076
0.076
0.076
0.076
0.076
0.076
0.076
0.232
0.232
0.232
0.232
0.232
0.232
0.232
0.232
0.232
0.232
0.232
0.232
0.232
0.232
0.232
0.232
0.232
0.232
0.232
0.232
0.076
0.076
0.076
0.076
0.076
0.076
0.076
0.076
0.076
0.076
0.076
0.076
0.076
0.076
0.076
0.076
0.076
0.076
0.076
0.076
0.076
0.076
0.076
0.076
0.076
0.076
0.076
0.076
0.076
0.076
0.076
0.076
0.076
0.076
0.076
0.076
0.076
0.076
0.076
0.076
0.076
0.076
0.076
0.076
0.076
0.076
0.076
0.076
0.076
0.076
0.076
0.076
0.076
0.232
0.232
0.232
0.232
0.232
0.232
0.232
0.232
0.232
0.232
0.232
0.232
0.232
0.232
0.232
0.232
0.232
0.232
0.232
0.232
0.076
0.076
0.076
0.076
0.076
0.076
0.076
0.076
0.076
0.076
0.076
0.076
0.076
0.076
0.076
0.076
0.076
0.076
0.076
0.076
0.076
0.076
0.076
0.076
0.076
0.076
0.076
0.076
0.076
0.076
0.076
0.076
0.076
0.076
0.076
0.076
0.076
0.076
0.076
0.076
0.076
0.076
0.076
0.076
0.076
0.076
0.252
0.252
0.252
0.252
0.252
0.274
0.274
0.274
0.274
0.274
0.076
0.076
0.076
0.076
0.076
0.076
0.076
0.076
0.076
0.076
0.076
0.076
0.076
0.076
0.076
0.076
0.076
0.232
0.232
0.232
0.232
0.232
0.232
0.232
0.232
0.232
0.232
0.232
0.232
0.232
0.232
0.232
0.232
0.232
0.232
0.232
0.232
0.076
0.076
0.076
0.274
0.274
0.274
0.274
0.274
0.274
0.274
0.274
0.374
0.374
0.374
0.374
0.374
0.374
0.374
0.374
0.374
0.374
0.374
0.374
0.374
0.374
0.374
0.374
0.374
0.374
0.374
0.374
0.374
0.374
0.374
0.374
0.359
0.359
0.359
0.359
0.359
0.359
0.359
0.359
0.359
0.359
0.359
0.374
0.374
0.374
0.374
0.374
0.374
0.374
0.374
0.374
0.374
0.374
0.374
0.374
0.374
0.374
0.374
0.374
0.374
0.374
0.374
0.374
0.374
0.374
0.374
0.374
0.352
0.352
0.352
0.352
0.352
0.352
0.352
0.352
0.352
0.352
0.352
0.352
0.352
0.352
0.352
0.352
0.352
0.352
0.352
0.352
0.508
0.508
0.508
0.508
2.73
2.73
2.73
2.73
2.73
2.73
2.73
2.73
2.79
2.79
2.79
2.775
2.775
2.775
2.715
2.715
2.559
2.559
2.559
2.559
2.559
2.559
2.559
2.559
2.559
2.559
2.559
0.337
0.337
0.337
0.174
0.174
0.174
0.174
0.174
0.174
0.174
0.174
0.174
0.174
0.174
0.174
0.174
0.174
0.174
0.174
0.174
0.174
0.174
0.174
0.174
0.174
0.174
0.174
0.174
0.174
0.174
0.174
0.174
2.532
2.532
2.532
0.174
0.174
0.174
0.174
0.174
0.174
0.174
0.174
0.174
0.174
0.174
0.174
0.174
0.174
0.174
0.234
0.39
0.39
0.39
0.33
0.33
0.33
0.33
0.38
0.38
0.38
0.44
0.44
0.5
0.5
0.5
0.5
0.44
0.44
0.44
0.44
0.404
0.426
0.426
0.426
0.481
0.596
0.611
0.611
0.611
0.556
0.556
0.556
0.556
0.556
0.556
0.556
0.556
0.656
0.606
0.606
0.606
0.606
0.606
0.606
0.606
0.606
0.606
0.606
0.606
0.606
0.661
0.601
0.601
0.601
0.661
0.697
0.697
0.697
0.757
0.757
0.757
0.817
0.817
0.817
0.817
0.817
0.877
0.877
1.033
1.033
1.033
1.093
1.033
1.033
1.093
1.093
1.045
1.105
1.116
1.116
1.056
1.056
1.056
1.056
1.056
1.42
1.405
1.405
1.249
0.785
0.785
0.785
0.785
2.945
2.923
2.923
2.923
3.043
3.043
3.007
3.007
3.007
2.887
2.887
2.887
2.887
2.887
2.896
2.896
0.636
0.576
0.576
0.576
0.739
0.739
0.679
0.624
0.684
0.684
0.684
0.624
0.624
1.048
1.048
0.813
0.813
0.545
0.545
0.545
0.545
0.545
0.545
0.545
0.565
0.545
0.701
0.761
0.701
0.701
0.701
0.701
0.701
0.761
0.761
1.884
1.884
1.884
0.761
0.761
0.761
0.752
0.741
0.741
0.741
0.741
0.585
0.585
0.685
0.685
0.685
0.685
0.685
0.685
0.685
0.685
0.685
0.625
0.625
0.625
0.625
0.625
0.625
0.625
0.625
0.625
0.625
0.625
0.625
0.625
0.725
0.725
0.725
0.725
0.565
0.405
0.405
0.405
0.405
0.405
0.405
0.405
0.405
0.414
0.474
0.474
0.534
0.534
0.534
0.534
0.534
0.498
0.498
0.378
0.378
0.378
0.378
0.438
0.438
0.378
0.438
0.498
0.498
0.498
0.438
0.438
0.438
0.438
0.438
0.438
0.498
0.498
0.498
0.498
0.498
0.498
0.438
0.474
11.228
11.228
11.228
2.634
2.634
2.656
2.656
11.25
11.31
11.35
2.856
3.012
2.912
2.912
2.932
2.932
0.832
0.832
0.783
0.763
0.703
0.703
0.751
0.751
0.751
0.751
0.851
0.851
0.791
0.791
0.791
0.635
0.599
0.499
0.599
0.599
0.599
0.599
0.619
0.679
0.679
0.679
0.679
0.679
0.679
0.679
0.679
0.679
0.679
0.679
0.619
0.619
0.619
0.619
0.679
0.619
0.619
0.619
0.619
0.679
0.619
0.559
0.619
0.619
0.679
0.679
0.679
0.739
0.739
0.739
0.679
0.714
0.714
0.714
0.594
0.594
0.594
0.559
0.537
0.693
0.693
0.808
0.708
0.708
0.708
3.066
3.066
3.066
0.708
0.768
0.768
0.817
0.757
0.757
0.757
0.857
0.857
0.857
0.857
0.601
0.601
0.601
0.621
0.657
0.657
0.767
0.767
0.767
0.887
0.887
0.887
0.947
0.947
0.947
0.947
1.047
1.047
1.047
0.987
1.087
0.987
0.987
0.987
0.987
0.987
0.987
0.987
0.987
1.049
1.049
1.06
1.06
1.06
1.06
1.06
1.06
1.16
1.22
1.16
1.22
1.26
1.26
1.2
1.2
1.2
1.356
1.356
1.357
1.297
1.237
1.237
1.177
1.297
1.297
1.237
1.237
1.177
1.177
1.177
1.177
1.117
1.177
1.237
1.237
1.237
1.081
1.081
1.081
1.021
1.021
1.021
0.981
0.981
0.981
0.981
0.981
0.981
1.041
1.087
1.027
0.961
0.961
0.961
0.961
0.961
0.961
0.798
0.798
0.798
0.798
0.798
0.798
0.798
0.798
0.898
0.898
0.898
0.798
0.798
0.798
0.798
0.716
0.716
0.765
0.765
0.765
0.921
0.971
0.971
0.971
3.329
3.477
3.417
0.993
0.993
0.893
0.953
0.993
1.216
1.156
1.216
1.216
1.156
1.156
1.216
1.276
1
1
1
1
1
1.06
1.1
1.1
1.1
1.12
1.06
1.06
1.06
1.12
1.12
1.12
1.12
1.12
1.12
1.12
1.12
1.12
1.12
1.12
1.06
1.12
1.12
1.08
1.04
0.92
0.92
0.92
0.92
0.92
0.92
0.92
0.86
0.86
0.86
0.86
0.86
0.86
0.86
1.016
1.016
1.016
1.016
0.232
0.232
0.232
0.232
0.232
0.232
0.232
0.232
0.232
0.232
0.232
0.232
0.232
0.232
0.232
0.232
0.076
0.076
0.076
0.076
0.076
0.076
0.076
