0.073
0.073
0.073
0.368
0.368
0.404
0.404
0.109
0.109
0.224
0.224
2.48
2.53
2.53
2.57
2.57
2.53
2.53
2.48
2.48
0.179
0.179
0.179
0.179
0.179
0.179
0.179
0.064
0.064
0.064
0.064
0.064
0.064
0.064
0.064
0.064
0.064
0.064
0.064
0.064
0.064
0.074
0.074
0.074
0.074
0.074
0.074
0.074
0.074
0.074
0.074
0.074
0.074
0.074
0.074
0.074
0.074
0.074
0.074
0.074
0.074
0.074
0.074
0.074
0.074
0.074
0.074
0.074
0.074
0.074
0.074
0.074
0.074
0.074
0.074
0.074
0.074
0.074
0.074
0.074
0.074
0.074
0.074
0.189
0.189
0.189
0.189
0.189
0.189
0.189
0.189
0.189
0.189
0.189
0.189
0.189
0.189
0.189
0.189
0.189
0.189
0.074
0.074
0.074
0.074
0.074
0.074
0.074
0.074
0.074
0.074
0.074
0.074
0.074
0.074
0.074
0.074
0.074
0.074
0.074
0.074
0.074
0.074
0.074
0.074
0.074
0.074
0.074
0.074
0.074
0.074
0.074
0.074
0.074
0.074
0.074
0.074
0.074
0.074
0.074
0.074
0.074
0.074
0.074
0.074
0.074
0.074
0.074
0.189
0.189
0.189
0.189
0.189
0.189
0.189
0.189
0.189
0.189
0.189
0.189
0.189
0.189
0.189
0.189
0.189
0.189
0.074
0.074
0.074
0.074
0.074
0.074
0.074
0.074
0.074
0.074
0.074
0.074
0.074
0.074
0.074
0.074
0.074
0.074
0.074
0.074
0.074
0.074
0.074
0.074
0.074
0.074
0.074
0.074
0.074
0.074
0.074
0.074
0.074
0.074
0.074
0.074
0.074
0.074
0.074
0.074
0.074
0.074
0.074
0.074
0.074
0.074
0.074
0.074
0.074
0.074
0.074
0.074
0.074
0.074
0.074
0.074
0.074
0.074
0.074
0.074
0.074
0.074
0.074
0.074
0.074
0.074
0.074
0.074
0.074
0.074
0.074
0.074
0.074
0.074
0.074
0.074
0.074
0.074
0.074
0.189
0.189
0.189
0.189
0.189
0.189
0.189
0.189
0.189
0.189
0.189
0.189
0.189
0.189
0.189
0.189
0.189
0.189
0.074
0.074
0.074
0.074
0.074
0.074
0.074
0.074
0.074
0.074
0.074
0.074
0.074
0.074
0.074
0.074
0.074
0.074
0.074
0.074
0.074
0.074
0.074
0.074
0.074
0.074
0.074
0.074
0.074
0.074
0.074
0.074
0.074
0.074
0.074
0.074
0.074
0.074
0.074
0.074
0.074
0.074
0.074
0.074
0.074
0.074
0.074
0.074
0.074
0.074
0.074
0.074
0.074
0.074
0.074
0.074
0.074
2.375
2.375
2.375
2.49
2.49
2.49
2.499
2.499
2.499
2.499
2.499
2.499
2.499
2.499
2.49
2.49
2.49
2.49
0.224
0.224
0.224
0.109
0.109
0.109
0.109
0.109
0.209
0.249
0.249
0.249
0.249
0.249
0.249
0.249
0.249
0.249
0.261
0.261
0.261
0.321
0.321
0.381
0.381
0.381
0.393
0.381
0.381
0.381
0.381
0.381
0.481
0.481
0.481
0.481
0.481
0.481
0.481
0.521
0.485
0.445
0.445
0.445
0.445
0.445
0.385
0.385
0.385
0.385
0.385
0.385
0.385
0.385
0.285
0.285
0.285
0.285
0.285
0.285
0.285
0.41
0.41
0.36
0.325
0.325
0.44
0.4
0.4
0.4
0.4
0.4
0.446
0.446
0.446
0.458
0.458
10.14
10.14
10.19
0.508
0.508
0.508
0.508
0.393
0.381
0.381
0.381
0.335
0.335
0.335
0.395
0.395
0.395
0.43
0.37
0.335
0.335
0.335
0.335
0.335
0.335
0.335
0.335
0.335
0.335
0.335
0.335
0.335
0.335
0.335
0.335
0.335
0.275
0.275
0.275
0.275
0.275
0.275
0.275
0.275
0.286
0.286
0.286
0.286
9.968
9.968
9.968
0.286
0.286
0.286
0.286
0.286
0.286
0.286
0.286
0.436
0.436
0.436
0.551
0.551
0.551
2.569
2.669
2.669
0.651
0.651
0.651
0.651
0.663
0.663
2.681
2.681
2.681
0.663
0.663
0.663
0.548
0.598
0.588
0.712
0.712
0.712
0.712
0.712
0.672
0.672
0.683
0.683
0.683
0.683
0.683
0.671
0.671
0.671
0.671
0.671
0.671
0.731
0.791
0.791
0.768
0.768
0.788
0.788
0.888
0.728
0.728
0.728
0.728
0.728
0.728
0.728
0.728
0.728
0.728
0.728
0.728
0.728
0.778
0.778
0.787
0.074
0.074
0.074
0.074
0.074
0.074
0.074
0.074
0.074
0.074
0.074
0.074
0.074
0.074
0.074
0.074
0.074
0.074
0.074
0.074
0.074
0.074
0.074
0.074
0.074
0.074
0.074
0.074
0.074
0.074
0.074
0.074
0.074
0.074
0.074
0.074
0.074
0.074
0.074
0.074
0.074
0.074
0.074
0.074
0.074
0.074
0.074
0.074
0.074
0.074
0.074
0.074
0.074
0.074
0.074
0.074
0.074
0.074
0.074
0.074
0.074
0.074
0.074
0.074
0.074
0.074
0.074
0.074
0.074
0.074
0.074
0.074
0.074
0.074
0.074
0.074
0.074
0.074
0.074
0.074
0.074
0.074
0.074
0.074
0.074
0.074
0.074
0.074
0.074
0.074
0.074
0.074
0.074
0.074
0.074
0.074
0.074
0.074
0.074
0.074
0.074
0.074
0.074
0.074
0.074
0.074
0.074
0.074
0.074
0.074
0.074
0.074
0.074
0.074
0.074
0.074
0.074
0.074
0.074
0.074
0.074
0.074
0.074
0.074
0.074
0.189
0.189
0.189
0.189
0.189
0.189
0.189
0.189
0.189
0.189
0.189
0.189
0.189
0.189
0.189
0.189
0.189
0.189
0.074
0.074
0.074
0.074
0.074
0.074
0.074
0.074
0.074
0.074
0.074
0.074
0.074
0.074
0.074
0.074
0.074
0.074
0.074
0.074
0.074
0.074
0.074
0.074
0.074
0.074
0.074
0.074
0.074
0.074
0.074
0.074
0.074
0.074
0.074
0.074
0.074
0.074
0.074
0.074
0.074
0.074
0.074
0.074
0.074
0.074
0.074
0.074
0.074
0.074
0.074
0.189
0.189
0.189
0.189
0.189
0.189
0.189
0.189
0.189
0.189
0.189
0.189
0.189
0.189
0.189
0.189
0.189
0.189
0.074
0.074
0.074
0.074
0.074
0.074
0.074
0.074
0.074
0.074
0.074
0.074
0.074
0.074
0.074
0.074
0.074
0.074
0.074
0.074
0.074
0.074
0.074
0.074
0.074
0.074
0.074
0.074
0.074
0.074
0.074
0.074
0.074
0.074
0.074
0.074
0.074
0.074
0.074
0.189
0.189
0.189
0.189
0.189
0.189
0.189
0.189
0.189
0.189
0.189
0.189
0.189
0.189
0.189
0.189
0.189
0.189
0.074
0.074
0.074
0.074
0.074
0.074
0.074
0.074
0.074
0.074
0.074
0.074
0.074
0.074
0.074
0.074
0.074
0.074
0.074
0.074
0.074
0.074
0.074
0.074
0.074
0.074
0.074
0.074
0.074
0.074
0.074
0.074
0.074
0.074
0.074
0.074
0.074
0.074
0.074
0.074
0.074
0.074
0.074
0.074
0.074
0.074
0.074
0.074
0.074
0.189
0.189
0.189
0.189
0.189
0.189
0.189
0.189
0.189
0.189
0.189
0.189
0.189
0.189
0.189
0.189
0.189
0.189
0.074
0.074
0.074
0.074
0.074
0.074
0.074
0.074
0.074
0.074
0.074
0.074
0.074
0.074
0.074
0.074
0.074
0.074
0.074
0.074
0.074
0.074
0.074
0.074
0.074
0.074
0.074
0.074
0.074
0.074
0.074
0.074
0.074
0.074
0.074
0.074
0.074
0.074
0.074
0.074
0.074
0.074
0.074
0.074
0.074
0.074
0.074
0.074
0.074
0.074
0.074
0.074
0.074
0.074
0.074
0.074
0.074
0.074
0.074
0.074
0.074
0.074
0.074
0.074
0.074
0.074
0.074
0.074
0.074
0.074
0.189
0.189
0.189
0.189
0.189
0.189
0.189
0.189
0.189
0.189
0.189
0.189
0.189
0.189
0.189
0.189
0.189
0.189
0.074
0.074
0.074
0.074
0.074
0.074
0.074
0.074
0.074
0.074
0.074
0.074
0.074
0.074
0.074
0.074
0.074
0.074
0.074
0.074
0.074
0.074
0.074
0.074
0.074
0.074
0.074
0.074
0.074
0.074
0.074
0.074
0.074
0.074
0.074
0.074
0.074
0.074
0.074
0.074
0.074
0.074
0.074
0.074
0.074
0.074
0.074
0.074
0.074
0.074
0.189
0.189
0.189
0.189
0.189
0.189
0.189
0.189
0.189
0.189
0.189
0.189
0.189
0.189
0.189
0.189
0.189
0.189
0.074
0.074
0.074
0.074
0.074
0.074
0.074
0.074
0.074
0.074
0.074
0.074
0.074
0.074
0.074
0.074
0.074
0.074
0.074
0.074
0.074
0.074
0.074
0.074
0.074
0.074
0.074
0.074
0.208
0.208
0.308
0.368
0.377
0.377
0.277
0.277
0.217
0.217
0.217
0.208
0.373
0.373
0.423
0.423
0.423
0.463
0.563
0.563
0.503
2.521
2.521
2.521
0.503
0.503
0.503
0.503
0.503
0.503
0.503
0.503
0.503
0.503
0.503
0.503
0.503
0.503
0.492
0.492
0.492
0.492
0.287
0.287
0.287
0.287
0.287
0.287
0.287
0.582
0.582
0.582
0.582
0.287
0.287
0.359
0.359
0.347
0.347
0.287
0.287
0.287
0.287
0.287
0.287
0.287
0.287
0.287
0.287
0.287
0.287
0.287
0.237
0.237
0.237
0.297
0.297
0.297
0.237
0.237
0.237
0.323
0.323
0.418
0.372
0.372
0.372
0.372
0.312
0.312
0.312
0.448
0.448
0.448
0.448
0.448
0.448
0.448
0.448
0.448
0.508
0.393
0.405
0.405
0.405
0.405
0.345
0.445
0.433
0.493
0.433
0.433
0.433
0.433
0.433
0.433
0.473
0.473
0.473
0.473
0.473
0.533
0.533
0.533
0.593
0.593
0.701
0.712
0.712
0.723
0.623
0.623
0.623
0.623
0.523
0.463
0.463
0.463
0.463
0.355
0.355
0.355
0.355
0.355
0.355
0.295
0.295
0.456
0.606
0.556
0.616
0.616
0.616
0.666
0.606
0.456
0.456
0.456
0.456
0.456
0.456
0.456
0.456
0.456
0.42
0.305
0.305
0.305
0.341
0.341
0.341
0.353
0.353
0.353
0.353
0.413
0.413
0.521
0.521
0.521
0.521
0.449
0.449
0.449
0.449
0.449
0.461
0.501
0.551
0.54
0.54
0.54
0.54
0.54
0.64
0.64
0.64
0.64
0.64
0.651
0.6
0.6
0.715
0.715
0.607
0.607
0.607
0.607
0.607
0.607
0.607
0.595
0.595
0.595
0.595
0.595
0.595
0.595
0.595
0.595
0.48
0.585
0.585
0.585
0.585
0.585
0.585
0.585
0.585
0.645
0.645
0.745
0.785
2.803
2.743
2.643
0.625
0.636
0.736
0.736
0.736
0.6
0.6
0.708
0.758
0.758
0.758
0.818
0.818
0.818
0.818
0.768
0.768
0.768
0.718
0.718
0.718
0.718
0.594
0.583
0.475
0.475
0.475
0.435
0.435
0.435
0.435
0.435
0.435
0.375
0.375
0.375
0.375
0.375
0.435
0.435
0.435
0.435
0.435
0.435
0.33
0.33
0.33
0.29
0.29
0.33
0.33
0.39
0.344
0.344
0.379
0.379
0.379
0.487
0.487
0.427
0.427
0.427
0.427
0.367
0.367
0.367
0.662
0.662
0.662
0.662
0.367
0.403
0.403
0.403
0.074
0.074
0.074
0.074
0.074
0.074
0.074
0.074
0.074
0.074
0.074
0.074
0.074
0.074
0.074
0.074
0.074
0.074
0.074
0.074
0.074
0.074
0.074
0.074
0.074
0.074
0.074
0.189
0.189
0.189
0.189
0.189
0.189
0.189
0.189
0.189
0.189
0.189
0.189
0.189
0.189
0.189
0.189
0.189
0.189
0.074
0.074
0.074
0.074
0.074
0.074
0.074
0.074
0.074
0.074
0.074
0.074
0.074
0.074
0.074
0.074
0.074
0.074
0.074
0.074
0.074
0.074
0.074
0.074
0.074
