0.472
0.472
0.472
0.472
0.472
0.412
0.412
0.412
0.412
0.487
0.487
0.496
0.546
0.496
0.436
0.436
0.436
0.05
0.05
0.05
0.05
0.05
0.05
0.05
0.05
0.05
0.05
0.05
0.05
0.05
0.05
0.05
0.05
0.05
0.05
0.05
0.05
0.063
0.063
0.063
0.063
0.063
0.063
0.063
0.063
0.063
0.063
0.063
0.063
0.063
0.063
0.063
0.063
0.063
0.063
0.063
0.063
0.063
0.063
0.063
0.063
0.063
0.063
0.073
0.073
0.073
0.073
0.073
0.073
0.073
0.073
0.073
0.073
0.073
0.073
0.073
0.073
0.073
0.073
0.073
0.073
0.073
0.073
0.073
0.073
0.073
0.073
0.073
0.073
0.073
0.073
0.073
0.073
0.073
0.073
0.073
0.073
0.073
0.073
0.073
0.073
0.073
0.073
0.073
0.073
0.073
0.073
0.073
0.073
0.073
0.073
0.073
0.073
0.073
0.073
0.073
0.073
0.073
0.073
0.194
0.194
0.194
0.194
0.194
0.194
0.194
0.194
0.194
0.194
0.194
0.194
0.194
0.194
0.194
0.194
0.194
0.194
0.073
0.073
0.073
0.073
0.073
0.073
0.073
0.073
0.073
0.073
0.073
0.073
0.073
0.073
0.073
0.073
0.073
0.073
0.073
0.073
0.073
0.073
0.073
0.073
0.073
0.073
0.073
0.266
0.266
0.266
0.266
0.266
0.266
0.266
0.266
0.266
0.387
0.387
0.387
0.387
0.387
0.387
0.387
0.387
0.387
0.387
0.387
0.387
0.387
0.194
0.194
0.194
0.194
0.194
0.073
0.073
0.073
0.073
0.073
0.073
0.073
0.073
0.073
0.073
0.073
0.073
0.073
0.073
0.073
0.073
0.073
0.073
0.073
0.073
0.073
0.073
0.073
0.073
0.073
0.073
0.073
0.073
0.073
0.073
0.073
0.073
0.073
0.073
0.073
0.073
0.073
0.073
0.073
0.073
0.073
0.266
0.266
0.387
0.387
0.387
0.387
0.387
0.387
0.387
0.387
0.387
0.387
0.387
0.387
0.387
0.387
0.387
0.387
0.387
0.387
0.266
0.266
0.073
0.073
0.073
0.073
0.073
0.073
0.073
0.073
0.073
0.073
0.073
0.073
0.073
0.073
0.073
0.073
0.073
0.073
0.073
0.073
0.073
0.073
0.073
0.073
0.073
0.073
0.073
0.073
0.073
0.073
0.073
0.073
0.073
0.073
0.073
0.073
0.073
0.073
0.073
0.073
0.073
0.073
0.073
0.073
0.073
0.073
0.073
0.073
0.073
0.073
0.073
0.073
0.073
0.073
0.073
0.073
0.073
0.266
0.266
0.266
0.266
0.266
0.266
0.266
0.266
0.266
0.266
0.266
0.266
0.266
0.266
0.266
0.266
0.266
0.266
0.266
0.266
0.266
0.266
0.073
0.073
0.073
0.073
0.073
0.073
0.073
0.073
0.073
0.073
0.073
0.073
0.073
0.073
0.073
0.194
0.194
0.194
0.194
0.194
0.194
0.194
0.194
0.194
0.194
0.194
0.194
0.194
0.194
0.194
0.194
0.194
0.194
0.073
0.073
0.073
0.073
0.073
0.073
0.073
0.073
0.073
0.073
0.073
0.073
0.073
0.073
0.073
0.073
0.073
0.073
0.073
0.073
0.073
0.073
0.073
0.073
0.073
0.073
0.073
0.073
0.073
0.266
0.266
0.266
0.266
0.266
0.266
0.266
0.266
0.266
0.266
0.266
0.266
0.266
0.266
0.266
0.266
0.266
0.266
0.266
0.266
0.266
0.266
0.073
0.073
0.073
0.073
0.073
0.073
0.073
0.073
0.073
0.073
0.073
0.073
0.073
0.073
0.073
0.073
0.073
0.073
0.073
0.073
0.073
0.073
0.073
0.073
0.073
0.073
0.073
0.073
0.073
0.073
0.073
0.073
0.073
0.073
0.073
0.194
0.194
0.194
0.194
0.194
0.192
0.227
2.799
2.799
2.799
2.799
2.799
2.799
2.799
2.799
2.799
2.799
2.799
2.678
2.678
2.678
2.678
2.678
2.678
2.678
2.678
2.678
2.678
2.871
2.871
2.836
2.836
2.836
2.836
2.876
2.976
2.976
3.016
2.916
2.976
2.976
2.976
2.976
2.976
2.976
2.976
2.976
2.976
2.976
2.976
2.823
2.823
2.823
2.898
3.019
3.059
3.059
2.924
2.924
2.924
2.924
2.924
2.924
2.884
2.884
2.884
2.884
0.372
0.372
0.332
0.392
0.392
0.271
0.271
0.331
0.331
0.366
0.366
0.366
0.366
0.366
0.326
0.326
0.326
0.286
0.326
0.326
0.346
0.346
0.346
0.311
0.491
0.491
0.491
0.491
0.431
2.417
2.417
2.492
0.506
0.506
0.506
0.506
0.506
0.506
0.578
0.538
0.538
0.538
0.478
0.478
0.478
0.538
2.521
2.662
2.855
2.795
2.795
2.775
2.775
2.775
2.775
2.775
2.775
2.775
2.835
2.855
2.895
2.895
2.895
2.895
2.895
2.774
2.774
0.791
0.791
0.716
0.523
0.523
0.523
0.523
0.523
0.523
0.523
0.483
0.483
0.463
0.403
0.403
0.403
0.403
0.403
0.403
0.403
0.403
0.403
0.554
0.554
0.554
0.554
0.554
0.554
0.554
0.554
0.554
0.554
0.554
0.554
0.554
0.675
0.675
0.718
0.718
0.718
0.718
0.718
0.718
0.675
0.675
0.675
0.675
0.675
0.675
0.675
0.675
0.675
0.675
0.554
0.554
0.554
0.554
0.554
0.554
0.554
0.554
0.554
0.554
0.731
0.731
0.554
0.554
0.529
0.529
0.529
0.529
0.529
0.529
0.529
0.529
0.529
0.706
0.706
0.529
0.529
0.529
0.529
0.529
0.529
0.529
0.529
0.529
0.722
0.722
0.899
0.899
0.722
0.722
0.722
0.722
0.571
0.571
0.571
0.571
0.571
0.571
0.571
0.748
0.748
1.066
1.066
1.066
1.066
1.066
0.306
0.306
0.306
0.306
0.427
0.427
0.427
0.427
0.427
0.427
0.427
0.427
0.427
0.427
0.467
0.467
0.467
0.467
0.467
0.467
0.467
0.467
0.346
0.346
0.346
0.346
0.346
0.346
0.346
0.346
0.346
0.311
0.311
0.311
0.311
0.311
0.311
0.311
0.311
0.311
0.416
0.416
0.416
0.416
0.416
0.416
0.416
0.416
0.416
0.416
0.416
0.567
0.76
0.76
0.76
0.76
0.76
0.76
0.76
0.76
0.76
0.76
0.76
0.76
0.74
0.74
0.861
0.861
0.861
0.861
0.861
0.861
0.861
0.861
0.668
0.563
0.563
0.563
0.603
0.603
0.563
0.563
0.563
0.563
0.442
0.442
0.442
0.442
0.442
0.442
0.442
0.442
0.442
0.442
0.442
0.442
0.291
0.291
0.291
2.277
2.277
2.277
0.291
0.291
0.291
0.291
0.291
0.291
0.291
0.291
0.291
0.331
0.331
0.291
0.291
0.291
0.291
0.291
0.291
0.291
0.291
0.291
0.291
0.291
0.291
0.291
0.291
0.291
0.291
0.291
0.291
0.412
0.412
0.412
0.412
0.412
0.605
0.605
0.605
0.605
0.605
0.605
0.605
2.591
2.591
2.591
0.605
0.605
0.425
0.304
0.304
0.304
0.304
0.304
0.304
0.304
0.304
0.304
0.111
0.111
0.111
0.111
0.111
0.111
0.111
0.111
0.111
0.111
0.071
0.071
0.071
0.071
0.071
0.071
0.071
0.071
0.071
0.071
0.071
2.057
2.132
2.132
0.146
0.146
0.146
0.267
0.267
0.267
0.267
0.267
0.267
0.267
0.267
0.267
0.267
0.267
0.267
0.267
0.267
0.267
0.267
0.267
0.267
0.146
0.146
0.146
0.146
0.146
0.146
0.146
0.146
0.146
0.353
0.353
0.353
0.393
0.393
0.393
0.393
0.393
0.393
0.393
0.393
0.393
0.393
0.393
0.413
0.393
0.393
0.393
0.393
0.393
0.453
0.393
0.2
0.2
0.26
0.26
0.26
0.275
0.315
0.315
0.315
0.315
0.315
0.435
0.495
0.335
0.355
0.355
0.39
0.511
0.511
0.511
0.456
0.456
0.607
0.607
0.607
0.607
0.607
0.607
0.647
0.647
0.707
0.707
0.727
0.727
0.767
0.646
0.646
0.646
0.632
0.692
0.692
0.692
0.692
0.667
0.647
0.647
0.647
0.647
0.647
1.02
1.02
1.02
1.02
1.02
1.12
1.12
1.12
1.12
1.12
1.12
1.12
1.12
1.163
1.163
1.163
1.063
1.063
1.063
1.063
1.063
1.063
0.87
0.87
0.87
0.87
0.81
0.81
0.81
0.79
0.79
0.81
0.77
0.83
0.87
0.81
0.77
0.77
0.77
0.71
0.71
0.77
0.71
0.71
0.71
0.69
0.69
0.66
0.68
0.68
0.68
0.68
0.74
0.7
0.7
0.7
0.68
0.68
0.831
0.851
0.831
0.831
0.831
0.831
0.831
0.71
0.71
0.675
0.675
0.675
0.6
0.54
0.645
0.645
0.645
2.631
2.54
2.54
0.554
0.747
0.747
0.756
0.696
0.696
0.771
0.731
0.731
0.731
0.731
0.731
0.731
0.731
0.831
0.831
0.831
0.831
0.831
0.831
0.891
0.891
0.891
0.698
0.738
0.773
0.773
0.773
0.773
0.773
0.733
0.733
0.633
0.633
0.633
0.633
0.633
0.633
0.633
0.673
0.673
0.673
0.633
0.633
0.633
0.633
0.673
1.709
1.709
1.66
1.66
1.66
1.66
1.66
1.76
1.66
1.66
1.66
1.66
1.66
1.66
1.68
1.589
1.649
1.574
1.574
1.574
1.725
1.725
1.8
1.8
1.8
1.8
1.8
1.8
1.8
1.86
0.824
0.824
0.764
0.756
0.756
0.776
0.785
0.776
0.756
0.756
0.756
0.756
0.756
0.756
0.756
0.949
0.949
0.949
0.949
0.949
0.949
1.135
1.235
1.34
1.28
1.22
1.22
1.3
1.3
1.28
1.28
1.28
1.237
1.217
1.217
1.217
1.217
1.024
1.067
0.946
0.926
0.926
0.926
0.926
0.926
0.869
0.878
2.017
2.017
2.017
0.929
0.949
0.929
1.003
0.957
2.732
2.732
2.732
0.746
0.746
0.746
0.746
0.897
0.897
0.837
0.897
0.837
0.837
0.837
0.837
0.802
0.822
0.671
0.671
0.566
0.566
0.566
0.566
0.566
0.566
0.546
0.546
0.546
0.586
0.546
0.446
0.446
0.446
0.426
0.426
0.486
0.414
0.414
0.414
0.414
0.414
0.414
0.414
0.414
0.449
0.449
0.449
0.449
0.449
0.469
0.469
0.469
0.469
0.569
0.569
0.69
0.75
0.75
0.69
0.847
0.847
0.847
0.847
0.827
0.827
0.827
0.827
0.907
0.907
0.972
0.986
0.972
0.972
0.871
0.871
0.871
0.911
0.911
0.931
0.991
0.991
1.051
1.244
1.224
1.224
1.284
1.284
1.304
1.199
1.199
1.019
1.019
1.019
1.019
1.019
1.019
1.019
1.019
1.019
0.944
1.004
0.844
0.844
0.844
0.651
0.651
0.691
0.631
0.571
0.631
0.631
0.571
0.571
0.571
0.571
0.571
0.571
0.571
0.571
0.571
0.531
0.611
0.611
0.651
0.591
0.696
0.771
0.771
0.671
0.671
0.617
0.631
0.591
0.591
0.591
0.511
0.511
0.511
0.511
0.692
0.692
0.692
0.617
0.617
0.617
0.617
0.617
0.617
0.597
0.597
0.79
0.79
0.79
0.79
0.79
0.79
0.79
0.669
0.669
0.669
0.669
0.669
0.669
0.709
0.729
0.789
0.789
0.729
0.789
0.789
0.789
0.789
0.596
0.536
0.536
0.536
0.556
0.536
0.536
0.476
0.476
0.536
0.536
0.36
0.36
0.36
0.36
0.42
0.429
0.489
0.489
0.489
0.489
0.454
0.474
0.494
0.494
0.494
0.494
0.494
0.494
0.534
0.474
0.474
2.46
2.46
2.46
0.474
0.474
0.474
0.474
0.474
0.474
0.595
0.595
0.595
0.595
0.692
0.692
0.727
0.727
0.727
0.727
0.727
0.727
0.727
0.727
0.727
0.727
0.727
0.727
0.606
0.606
0.606
0.606
0.606
0.626
0.626
0.521
0.521
0.461
0.461
0.461
0.461
0.461
0.461
0.461
0.461
0.461
0.461
0.461
0.461
