0.07
0.07
0.07
0.07
0.07
0.07
0.07
0.07
0.07
0.07
0.07
0.07
0.07
0.07
0.07
0.07
0.07
0.07
0.07
0.07
0.07
0.07
0.07
0.07
0.07
0.07
0.07
0.07
0.07
0.07
0.07
0.06
0.06
0.06
0.06
0.06
0.06
0.058
0.058
0.058
0.058
0.058
0.058
0.058
0.058
0.058
0.058
0.058
0.058
0.058
0.058
0.058
0.058
0.058
0.058
0.058
0.058
0.058
0.058
0.068
0.068
0.068
0.068
0.068
0.068
0.068
0.068
0.068
0.068
0.068
0.068
0.068
0.068
0.068
0.068
0.068
0.068
0.068
0.068
0.068
0.068
0.068
0.068
0.068
0.068
0.068
0.068
0.068
0.068
0.068
0.068
0.068
0.068
0.068
0.068
0.068
0.068
0.068
0.068
0.068
0.068
0.068
0.068
0.068
0.068
0.068
0.068
0.068
0.068
0.068
0.068
0.068
0.068
0.068
0.068
0.068
0.068
0.068
0.068
0.265
0.265
0.265
0.265
0.265
0.265
0.265
0.265
0.265
0.265
0.265
0.265
0.265
0.265
0.265
0.265
0.265
0.265
0.265
0.265
0.265
0.265
0.068
0.068
0.068
0.068
0.068
0.068
0.068
0.068
0.068
0.068
0.181
0.181
0.181
0.181
0.181
0.181
0.181
0.181
0.181
0.181
0.181
0.181
0.181
0.181
0.181
0.181
0.181
0.181
0.068
0.068
0.068
0.068
0.068
0.068
0.068
0.068
0.068
0.068
0.068
0.068
0.068
0.068
0.068
0.068
0.068
0.068
0.068
0.068
0.068
0.068
0.068
0.068
0.068
0.068
0.068
0.068
0.068
0.068
0.068
0.068
0.068
0.068
0.068
0.068
0.068
0.068
0.068
0.068
0.265
0.265
0.265
0.265
0.265
0.378
0.378
0.378
0.378
0.378
0.378
0.378
0.378
0.378
0.378
0.378
0.378
0.378
0.378
0.378
0.378
0.378
0.181
0.068
0.068
0.068
0.068
0.068
0.068
0.068
0.068
0.068
0.068
0.068
0.068
0.068
0.068
0.068
0.068
0.068
0.068
0.068
0.068
0.068
0.068
0.068
0.068
0.068
0.068
0.068
0.068
0.068
0.068
0.068
0.068
0.068
0.068
0.068
0.068
0.068
0.068
0.068
0.068
0.068
0.068
0.068
0.181
0.181
0.181
0.181
0.181
0.181
0.181
0.181
0.181
0.181
0.181
0.181
0.378
0.378
0.378
0.378
0.378
0.378
0.265
0.265
0.265
0.265
0.265
0.265
0.265
0.265
0.265
0.265
0.265
0.265
0.265
0.265
0.265
0.265
0.068
0.068
0.068
0.068
0.068
0.068
0.068
0.068
0.068
0.068
0.068
0.068
0.068
0.068
0.068
0.068
0.068
0.068
0.068
0.068
0.068
0.068
0.068
0.068
0.068
0.068
0.068
0.068
0.068
0.068
0.068
0.068
0.068
0.068
0.068
0.068
0.068
0.068
0.068
0.068
0.068
0.068
0.068
0.068
0.068
0.265
0.265
0.265
0.265
0.265
0.265
0.265
0.265
0.265
0.265
0.265
0.265
0.265
0.265
0.265
0.265
0.265
0.265
0.265
0.265
0.265
0.265
0.068
0.068
0.068
0.068
0.068
0.068
0.068
0.068
0.068
0.068
0.068
0.068
0.068
0.068
0.068
0.068
0.068
0.068
0.068
0.068
0.068
0.068
0.068
0.068
0.068
0.068
0.068
0.068
0.181
0.181
0.181
0.181
0.181
0.181
0.181
0.181
0.181
0.181
0.181
0.181
0.181
0.181
0.181
0.181
0.181
0.181
0.068
0.068
0.068
0.068
0.068
0.068
0.068
0.068
0.068
0.068
0.068
0.265
0.265
0.265
0.265
0.265
0.265
0.265
0.265
0.265
0.265
0.265
0.265
0.265
0.265
0.265
0.265
0.265
0.265
0.265
0.265
0.265
0.265
0.068
0.068
0.068
0.068
0.068
0.068
0.068
0.068
0.068
0.068
0.068
0.068
0.068
0.068
0.068
0.068
0.068
0.068
0.068
0.068
0.068
0.068
0.068
0.068
0.068
0.068
0.068
0.068
0.068
0.068
0.068
0.068
0.067
0.173
0.173
0.127
0.127
0.127
0.127
0.127
0.127
0.139
0.39
0.39
0.59
0.49
0.49
0.34
0.34
0.24
0.24
0.24
0.326
0.523
0.463
0.475
0.475
0.475
0.487
0.475
0.362
0.362
0.362
0.362
0.362
0.362
2.585
2.585
2.585
0.362
0.362
0.362
0.362
0.362
0.362
0.165
0.165
0.165
0.119
0.119
0.119
0.119
0.119
0.119
0.119
0.119
0.179
0.119
0.119
0.119
0.165
0.165
0.315
0.315
0.169
0.169
0.215
0.215
0.278
0.328
0.328
0.488
0.488
0.488
0.428
0.428
0.428
0.478
0.478
0.478
0.528
0.528
0.528
0.528
0.528
0.528
0.415
0.415
0.415
0.415
0.415
0.415
0.415
0.415
0.415
0.415
0.415
0.415
0.415
0.515
0.515
0.515
0.515
0.712
0.662
0.662
0.662
0.662
0.65
0.65
0.69
0.69
0.69
0.69
0.69
0.79
0.79
0.79
0.79
0.79
0.79
0.79
0.69
0.69
0.69
0.493
0.493
0.493
0.493
0.493
0.493
0.493
0.493
0.493
0.493
0.453
0.453
2.633
2.633
2.633
2.633
2.633
2.633
2.633
2.746
2.746
2.746
2.746
2.596
2.596
2.596
2.596
2.596
2.596
2.596
2.596
2.596
2.596
2.596
2.596
2.596
2.596
2.483
2.383
0.203
0.203
0.203
0.203
0.203
0.203
0.163
0.163
0.163
0.163
0.36
0.36
0.36
0.36
0.36
0.36
0.36
0.36
0.36
0.36
0.36
0.36
0.36
0.36
0.36
0.36
0.36
0.36
0.36
0.36
0.36
0.36
0.163
0.163
0.163
0.163
0.163
0.163
0.163
0.163
0.163
0.163
0.163
0.163
0.163
0.163
0.163
0.163
0.163
0.113
0.113
0.113
0.113
0.113
0.113
0.113
0.113
0.113
0.113
0.113
0.113
0.113
0.113
0.113
0.113
0.113
2.336
2.336
2.336
0.113
0.113
0.113
0.113
0.113
0.113
0.113
0.113
0.113
0.113
0.113
0.113
0.113
0.113
0.113
0.113
0.113
0.113
0.113
0.113
0.31
0.31
0.31
0.31
0.31
0.31
0.31
0.31
0.31
0.31
0.31
0.31
2.533
2.533
2.646
0.423
0.423
0.423
0.423
0.423
0.423
0.423
0.226
0.226
0.226
0.226
0.226
0.226
0.343
0.343
0.354
0.354
0.241
0.241
0.241
0.241
0.241
0.241
0.241
0.241
0.241
0.241
0.241
0.241
0.241
0.241
0.241
0.241
0.241
0.241
0.241
0.241
0.241
0.241
0.241
0.241
0.241
0.241
0.241
0.241
0.241
0.241
0.241
0.195
0.195
0.195
0.195
0.078
0.078
0.078
0.078
0.078
0.078
0.078
0.078
0.078
0.078
0.078
0.078
0.078
0.078
0.078
0.078
0.078
0.078
0.078
0.078
0.078
0.078
0.078
0.078
0.078
0.078
0.078
0.275
0.275
0.275
0.275
0.275
0.275
0.275
0.275
0.388
0.377
0.377
0.377
0.377
0.377
0.377
0.377
0.481
0.541
0.541
0.541
0.541
0.57
0.373
0.373
0.373
0.373
0.26
0.26
0.26
1.518
1.518
1.518
1.518
1.518
1.518
1.518
1.53
1.53
1.53
1.518
1.518
1.518
1.518
1.518
1.518
1.518
1.518
1.518
1.458
1.458
1.458
1.458
1.469
1.469
1.469
1.469
1.469
1.469
1.469
0.211
0.211
0.211
0.211
0.211
0.211
0.211
0.271
0.211
0.211
0.211
0.211
0.211
0.211
0.211
0.211
0.211
0.304
0.364
0.364
0.41
0.41
0.41
0.523
0.523
0.573
0.378
0.378
0.378
0.378
0.378
0.378
0.378
0.378
0.378
0.378
0.378
0.378
0.378
0.181
0.181
0.068
0.068
0.068
0.068
0.068
0.068
0.068
0.068
0.068
0.068
0.068
0.068
0.068
0.068
0.068
0.068
0.068
0.068
0.068
0.068
0.068
0.068
0.068
0.068
0.068
0.068
0.068
0.068
0.068
0.068
0.068
0.068
0.068
0.068
0.068
0.068
0.068
0.068
0.068
0.068
0.068
0.068
0.068
0.068
0.068
0.068
0.068
0.068
0.265
0.265
0.265
0.265
0.265
0.265
0.265
0.265
0.265
0.265
0.265
0.265
0.265
0.265
0.265
0.265
0.265
0.265
0.265
0.265
0.265
0.265
0.068
0.068
0.068
0.068
0.068
0.068
0.068
0.068
0.068
0.068
0.068
0.068
0.068
0.068
0.068
0.068
0.068
0.068
0.068
0.068
0.068
0.068
0.068
0.068
0.068
0.068
0.068
0.068
0.068
0.068
0.068
0.068
0.068
0.068
0.068
0.068
0.068
0.068
0.068
0.068
0.068
0.068
0.068
0.068
0.068
0.181
0.181
0.181
0.181
0.181
0.181
0.378
0.378
0.378
0.378
0.378
0.378
0.378
0.378
0.378
0.378
0.378
0.378
0.265
0.265
0.265
0.265
0.265
0.265
0.265
0.265
0.265
0.265
0.068
0.068
0.068
0.068
0.068
0.068
0.068
0.068
0.068
0.068
0.068
0.068
0.068
0.068
0.068
0.068
0.068
0.068
0.068
0.068
0.068
0.068
0.068
0.068
0.068
0.068
0.068
0.068
0.068
0.068
0.068
0.068
0.068
0.068
0.068
0.068
0.068
0.068
0.068
0.068
0.068
0.068
0.068
0.068
0.068
0.068
0.068
0.068
0.265
0.265
0.265
0.265
0.265
0.265
0.265
0.265
0.265
0.265
0.265
0.265
0.265
0.265
0.304
0.304
0.304
0.507
0.624
0.624
0.624
0.624
0.427
0.398
0.444
0.597
0.609
0.609
0.659
0.659
0.659
0.609
0.609
0.659
0.659
0.546
0.546
0.546
0.546
0.546
0.525
0.525
0.525
0.525
0.644
0.644
0.644
0.644
0.644
0.644
0.704
0.704
0.704
0.704
0.733
0.773
0.773
0.673
0.673
0.684
0.684
0.784
0.684
0.784
0.834
0.834
0.834
0.834
0.822
0.882
0.882
0.882
0.782
1.079
1.079
1.079
1.079
0.833
0.933
0.933
0.933
0.933
0.933
0.933
0.933
0.933
0.933
0.933
0.945
0.845
0.945
0.945
0.945
0.945
0.895
0.698
0.698
0.698
0.698
0.698
0.698
0.698
0.686
0.686
0.686
0.646
0.646
0.596
0.596
0.646
0.686
0.726
0.676
0.647
0.7
0.7
0.7
0.8
0.76
0.76
0.76
0.76
0.92
0.92
0.92
0.86
0.96
0.96
0.96
0.96
1.006
1.006
0.911
0.911
0.911
0.922
0.922
0.876
0.936
0.836
0.836
0.836
0.836
0.836
0.836
0.836
0.836
0.836
0.836
0.836
0.986
0.946
0.996
1.052
1.012
1.016
1.016
1.016
1.016
1.016
0.956
0.956
0.956
0.956
1.006
1.006
0.956
0.956
1.002
1.002
1.002
1.002
1.002
1.002
1.002
1.055
1.055
1.055
1.055
1.055
1.055
1.115
1.266
1.266
1.266
1.266
1.266
1.266
1.266
1.266
1.266
1.266
1.266
1.153
1.153
1.153
1.053
1.053
1.053
1.053
1.053
1.053
1.053
1.053
0.856
0.839
0.839
0.722
0.711
0.711
0.711
0.711
0.711
0.711
0.711
0.561
0.607
0.607
0.607
0.607
0.607
0.607
0.607
0.607
0.607
0.607
0.607
0.607
0.607
0.59
0.59
0.59
0.59
0.59
0.068
0.068
0.068
0.068
0.068
0.068
0.068
0.181
0.181
0.181
0.181
0.181
0.181
0.181
0.181
0.378
0.378
0.378
0.378
0.378
0.378
0.378
0.378
0.378
0.378
0.265
0.265
0.265
0.265
0.265
0.265
0.265
0.265
0.265
0.265
0.265
0.265
0.068
0.068
0.068
0.068
0.068
0.068
0.068
0.068
0.068
0.068
0.068
0.068
0.068
0.068
0.068
0.068
0.068
0.068
0.068
0.068
0.068
0.068
0.068
0.068
0.068
0.068
0.068
0.068
0.068
0.181
0.181
0.181
0.181
0.181
0.181
0.181
0.181
0.181
0.181
0.181
0.181
0.181
0.181
0.181
0.181
0.181
