0.06800000000000003
0.06533333333333337
0.0666666666666667
0.06800000000000003
0.10920000000000002
0.274
0.12293333333333338
0.06800000000000003
0.06800000000000003
0.08173333333333337
0.274
0.15040000000000003
0.06800000000000003
0.06800000000000003
0.06800000000000003
0.2602666666666667
0.1778666666666667
0.06800000000000003
0.06800000000000003
0.12293333333333335
0.7222666666666667
2.0330000000000004
3.635
3.6069999999999993
0.8428
0.44233333333333336
0.3363333333333334
0.46419999999999995
0.3639999999999999
0.32493333333333335
0.6016666666666667
0.3171333333333331
0.06800000000000003
0.06800000000000003
0.06800000000000003
0.17786666666666667
0.2602666666666667
0.0904666666666667
0.24059999999999998
0.10600000000000004
0.09333333333333335
0.1504
0.274
0.08173333333333338
0.06800000000000003
0.06800000000000003
0.16413333333333335
0.274
0.06800000000000003
0.06800000000000003
0.06800000000000003
0.06800000000000003
0.24653333333333335
0.19160000000000005
0.06800000000000003
0.06800000000000003
0.06800000000000003
0.09546666666666669
0.274
0.13666666666666671
0.06800000000000003
0.06800000000000003
0.19160000000000002
0.24653333333333335
0.06800000000000003
0.06800000000000003
0.06800000000000003
0.35440000000000005
0.5158666666666667
0.6590666666666667
0.314
0.40106666666666674
0.5224666666666666
0.2844666666666667
0.4684666666666667
0.5870666666666666
0.5998666666666667
0.6622
2.2817999999999996
3.1462000000000008
0.7151333333333335
0.27833333333333343
0.5455333333333333
0.8424666666666668
0.42500000000000004
0.25966666666666666
0.46526666666666666
0.5053333333333333
0.41719999999999985
0.4574000000000001
0.5627333333333333
0.49566666666666664
0.49466666666666653
0.6153999999999998
0.5623333333333332
3.643866666666667
