0.037
0.042333333333333334
0.04700000000000001
0.2038
0.30979999999999996
0.06046666666666668
0.04700000000000001
0.04700000000000001
0.16926666666666668
0.31739999999999996
0.08739999999999998
0.04700000000000001
0.10020000000000001
0.171
0.24900000000000008
0.10086666666666662
0.04700000000000001
0.04700000000000001
0.1766
0.29326666666666673
0.3203333333333333
0.46786666666666665
2.6697333333333333
0.9703333333333333
0.6110666666666666
0.4472
0.4003333333333334
0.40753333333333336
0.6000666666666666
0.5982000000000002
0.2546666666666667
0.44466666666666654
0.7738666666666666
0.5914666666666667
2.2231999999999994
0.8497333333333333
0.7568
0.708
0.47080000000000016
0.21866666666666673
0.2066666666666666
0.23880000000000007
0.3515333333333333
0.16579999999999998
0.08499999999999998
0.08899999999999998
0.16313333333333332
0.38993333333333335
0.1179333333333333
0.09099999999999998
0.44340000000000007
0.14579999999999999
0.39620000000000005
0.3801999999999998
1.6498666666666668
0.19733333333333336
0.28733333333333333
0.39599999999999996
0.31160000000000004
0.18133333333333332
0.342
0.5192
0.5270666666666666
0.3785333333333334
0.5673333333333332
0.6393333333333334
0.6599999999999999
0.7271333333333333
2.115999999999999
1.2160000000000002
0.7262
0.3184666666666667
0.2986666666666667
0.21120000000000003
0.36206666666666665
0.6945333333333333
0.8881333333333336
0.37553333333333333
0.5080000000000001
0.7133333333333332
0.8297333333333334
0.8877333333333335
0.8223333333333334
0.7559999999999999
0.9291333333333331
0.7500666666666667
0.416
0.5706666666666665
0.7576666666666666
0.8027333333333332
0.8923333333333334
0.5464666666666667
0.3971999999999999
0.44859999999999983
0.18926666666666675
0.041666666666666664
