0.044000000000000004
0.044000000000000004
0.05400000000000002
0.060800000000000014
0.156
0.0816666666666667
0.26500000000000007
0.13840000000000002
0.05400000000000002
0.05400000000000002
0.1524666666666667
0.26500000000000007
0.05400000000000002
0.1356
0.09480000000000002
0.05400000000000002
0.12433333333333335
0.26500000000000007
0.17053333333333334
0.08800000000000004
0.05400000000000002
0.05400000000000002
0.11439999999999999
0.5786
0.21219999999999997
0.2602
0.05280000000000001
0.0724
0.6
0.26966666666666667
0.5286666666666667
0.2912666666666667
1.0326
1.290533333333333
0.8031333333333336
0.2767333333333334
0.05400000000000002
0.05400000000000002
0.12433333333333335
0.32620000000000005
0.14333333333333328
0.05400000000000002
0.05400000000000002
0.0948
0.1356
0.05400000000000002
0.23686666666666675
0.18059999999999998
0.06786666666666666
0.19959999999999997
0.23206666666666667
0.5027999999999999
0.33913333333333323
0.13480000000000006
0.32733333333333337
0.3986666666666666
0.33146666666666663
0.3826000000000001
0.11680000000000004
2.3240666666666665
1.397533333333334
0.7505333333333335
0.38866666666666666
0.4592666666666666
0.4582
0.8139333333333333
0.9981333333333335
0.6225333333333334
0.4444
0.5604
2.0414
2.5046666666666666
0.5631333333333335
0.6563333333333332
0.7046666666666668
0.8033333333333332
0.6378
0.5111333333333333
0.8855333333333332
0.9002
1.0909333333333333
1.2015333333333333
0.6663333333333333
3.1848000000000005
0.6311333333333332
0.7186666666666665
1.0273999999999999
0.8973999999999999
0.8108666666666664
0.7841333333333332
0.8335999999999999
0.732
0.12200000000000001
0.18060000000000004
0.23686666666666673
0.05400000000000002
