0.13733333333333336
0.2759999999999999
0.08733333333333339
0.06600000000000003
0.06600000000000003
0.06600000000000003
0.06600000000000003
0.1686666666666667
0.2859999999999999
0.06600000000000003
0.06600000000000003
0.06600000000000003
0.21266666666666667
0.24199999999999997
0.06600000000000003
0.06600000000000003
0.12466666666666669
0.2859999999999999
0.11000000000000004
0.06600000000000003
0.15733333333333338
0.284
0.4346666666666667
0.14433333333333334
0.6496666666666665
0.20800000000000005
0.4146666666666667
0.512
0.6953999999999999
0.592
0.5253333333333334
0.604
0.5706666666666667
0.3855333333333334
0.29533333333333334
0.23933333333333337
0.37533333333333335
0.29613333333333336
0.876
0.34
0.36079999999999995
0.436
0.5398666666666667
0.5813333333333333
0.3797333333333332
0.3366666666666667
0.29
0.8886666666666666
0.4801333333333332
0.2759999999999999
0.2759999999999999
1.334266666666667
1.8146
0.7306
0.4423333333333333
0.39153333333333334
0.6238
0.6750000000000003
0.4123333333333334
0.3724000000000001
0.4140666666666667
0.42793333333333344
1.1548666666666667
1.9073333333333333
1.1988666666666667
0.6036666666666667
1.0812666666666666
0.9514
1.5466666666666666
1.0588
1.4180666666666668
1.1225999999999998
1.224866666666667
1.668
0.9938666666666667
1.3719999999999997
0.95
1.0473333333333334
0.9508
1.019466666666667
1.1694
1.1174
1.3204
0.9896666666666668
1.161333333333333
1.062
1.3487333333333331
1.1054000000000002
1.0273333333333334
2.6286666666666663
1.2950666666666664
0.9351333333333333
0.8083999999999997
0.8553333333333335
0.7865333333333334
1.0068666666666664
