0.05600000000000002
0.060000000000000026
0.06600000000000003
0.06600000000000003
0.06600000000000003
0.06600000000000003
0.06600000000000003
0.06600000000000003
0.06600000000000003
0.06600000000000003
0.06600000000000003
0.06600000000000003
0.06600000000000003
0.06600000000000003
0.06600000000000003
0.06600000000000003
0.06600000000000003
0.06600000000000003
0.06600000000000003
0.06600000000000003
0.06600000000000003
0.06600000000000003
0.06600000000000003
0.06600000000000003
0.09806666666666666
0.07606666666666666
0.11386666666666663
0.20233333333333328
0.20059999999999997
0.2633333333333333
0.6752
0.30999999999999994
0.6789333333333335
0.3939333333333333
0.3532666666666667
0.5620666666666668
2.391999999999999
1.1702000000000001
0.3260666666666667
0.2254666666666666
0.13799999999999996
0.16159999999999997
0.16159999999999997
0.16159999999999997
0.3025999999999999
0.06600000000000003
0.06600000000000003
0.06600000000000003
0.06600000000000003
0.06600000000000003
0.06600000000000003
0.06600000000000003
0.06600000000000003
0.06600000000000003
0.06600000000000003
0.06600000000000003
0.06600000000000003
0.06600000000000003
0.06600000000000003
0.06600000000000003
0.06600000000000003
0.06600000000000003
0.06773333333333335
0.14766666666666667
0.13933333333333334
0.1792
0.10513333333333334
0.15800000000000003
0.14833333333333332
0.06600000000000003
0.08853333333333334
0.12459999999999996
0.19420000000000004
0.1267333333333333
0.7077333333333331
0.34413333333333335
0.6478
0.5793333333333331
0.48066666666666663
0.527
0.4087333333333333
0.40599999999999997
0.7564666666666667
0.3144666666666667
0.3445333333333333
0.4314666666666667
0.41606666666666664
0.2659333333333333
2.185999999999999
0.2569999999999999
0.27399999999999997
0.23500000000000001
0.21000000000000005
0.27893333333333337
0.33906666666666674
0.33533333333333337
