0.20606666666666665
0.4663333333333334
0.6861999999999999
0.707333333333333
0.07699999999999999
0.07699999999999999
0.11119999999999998
0.2480000000000001
0.12259999999999997
0.07699999999999999
0.07699999999999999
0.07699999999999999
0.07699999999999999
0.191
0.21380000000000005
0.07699999999999999
0.07699999999999999
0.07699999999999999
0.15680000000000002
0.2480000000000001
0.07699999999999999
0.07699999999999999
0.07699999999999999
0.20240000000000002
0.20240000000000002
0.07699999999999999
0.07699999999999999
0.07699999999999999
0.08839999999999999
0.2480000000000001
0.14539999999999997
0.07699999999999999
0.07699999999999999
0.09979999999999999
0.6223333333333334
0.48760000000000014
0.4988000000000001
0.48699999999999993
0.3929999999999999
0.43520000000000003
0.5551999999999998
0.5091333333333333
0.2787333333333333
0.43460000000000015
0.283
0.307
0.4559999999999999
0.3935999999999999
0.39719999999999994
0.5784000000000001
0.7214666666666667
3.4566
2.673733333333333
0.6812
0.576
0.5551999999999998
0.4316000000000001
0.6026
0.5720666666666666
0.6128666666666667
0.3505333333333333
0.3874666666666666
0.7436666666666667
0.5893999999999999
0.47966666666666663
0.5369999999999998
0.8574666666666666
1.0433999999999999
1.3519999999999999
2.5492
1.2653333333333334
0.45339999999999997
0.3515333333333333
0.5688000000000001
0.5516666666666666
0.4239999999999998
0.44766666666666677
1.595333333333333
2.5351999999999992
1.1799999999999997
0.9422666666666667
0.8580000000000001
0.9354
0.8671333333333334
0.9263999999999999
0.7487999999999999
0.7475333333333333
0.7004000000000001
0.6004666666666668
0.6442000000000001
0.6766000000000001
0.7662000000000001
1.0225333333333333
0.3613333333333333
0.12259999999999999
0.2480000000000001
