0.1792
0.34600000000000003
0.3266666666666667
0.37833333333333347
0.33266666666666667
0.06899999999999998
0.06899999999999998
0.24633333333333327
0.17033333333333328
0.06899999999999998
0.06899999999999998
0.13233333333333333
0.25899999999999995
0.0943333333333333
0.06899999999999998
0.06899999999999998
0.06899999999999998
0.25899999999999995
0.15766666666666662
0.06899999999999998
0.06899999999999998
0.10699999999999997
0.25899999999999995
0.11966666666666663
0.06899999999999998
0.06899999999999998
0.06899999999999998
0.06899999999999998
0.222
0.4444
0.43019999999999997
0.45433333333333326
0.5216666666666667
0.6390000000000001
0.77
0.7024
0.9057333333333335
0.9625999999999998
0.6216666666666668
0.4100000000000002
0.10699999999999997
0.16493333333333338
0.20900000000000005
0.20900000000000005
0.399
0.29766666666666663
1.909266666666667
0.8230666666666668
0.37399999999999994
0.16666666666666669
0.5071333333333334
0.1925333333333334
0.10800000000000004
0.15386666666666668
0.24220000000000005
0.23700000000000007
0.22206666666666672
0.20900000000000005
0.3871333333333333
0.33166666666666667
0.47799999999999987
0.2876666666666667
0.7769999999999998
0.6371333333333333
0.9254
0.4472666666666668
0.49333333333333335
0.448
0.5784
0.6936666666666667
0.6990000000000001
2.1353999999999997
1.7719333333333334
0.4856666666666668
1.5504666666666667
2.0613333333333337
0.9248
0.3422
0.38186666666666663
0.518
0.5809999999999998
0.6047333333333336
0.5962666666666668
0.5357333333333333
0.4809999999999999
0.43300000000000005
0.5695333333333333
0.9856666666666666
0.06899999999999998
0.06899999999999998
0.06899999999999998
0.06899999999999998
0.06899999999999998
0.06899999999999998
0.15766666666666665
0.25899999999999995
