0.07193333333333332
0.1799333333333334
2.4118666666666675
2.1183999999999994
0.06699999999999998
0.06699999999999998
0.06699999999999998
0.09459999999999999
0.274
0.13599999999999998
0.2464
0.08079999999999997
0.06699999999999998
0.06699999999999998
0.23260000000000003
0.3016
0.16360000000000008
0.06699999999999998
0.06699999999999998
0.1912
0.2878
0.21880000000000005
0.06699999999999998
0.06699999999999998
0.26020000000000004
0.7356
1.1909999999999998
3.2813999999999997
0.5566666666666666
1.0234666666666667
0.666
0.5892666666666667
2.1548666666666665
0.43586666666666674
0.2703333333333333
0.23260000000000006
0.06699999999999998
0.06699999999999998
0.06699999999999998
0.09459999999999999
0.274
0.26020000000000004
0.13599999999999998
0.06699999999999998
0.06699999999999998
0.1222
0.274
0.10839999999999997
0.136
0.1912000000000001
0.2464
0.1912000000000001
0.06699999999999998
0.06699999999999998
0.26020000000000004
0.274
0.16360000000000008
0.06699999999999998
0.06499999999999997
0.24620000000000003
0.21073333333333333
0.5179999999999999
1.9784666666666666
2.3106
0.5816666666666668
0.6131333333333333
0.6840666666666665
0.611
0.42499999999999993
1.6578000000000002
2.927866666666666
0.6757333333333333
0.47953333333333337
0.408
0.8305333333333332
2.5576000000000003
3.8250666666666673
0.7133999999999999
1.490866666666667
2.6354
3.227266666666666
1.8512
0.6592000000000001
0.7474666666666666
0.6359333333333334
0.7787333333333334
0.8880666666666668
1.0040000000000002
2.4293999999999993
1.3933999999999997
3.3512
3.2620000000000005
2.1236
0.6281333333333332
0.06699999999999998
0.06699999999999998
