0.06600000000000003
0.06600000000000003
0.06600000000000003
0.06600000000000003
0.06600000000000003
0.06600000000000003
0.06600000000000003
0.2013333333333333
0.12400000000000004
0.06600000000000003
0.06600000000000003
0.06600000000000003
0.06600000000000003
0.06600000000000003
0.06600000000000003
0.06600000000000003
0.11433333333333336
0.21099999999999997
0.06600000000000003
0.06600000000000003
0.06600000000000003
0.06600000000000003
0.06600000000000003
0.13366666666666668
0.19166666666666662
0.06600000000000003
0.06600000000000003
0.06600000000000003
0.11626666666666668
0.4163333333333334
0.7558666666666666
2.7738
2.913666666666666
0.46900000000000003
0.13799999999999996
0.13799999999999996
0.13799999999999996
0.18519999999999995
0.27759999999999996
0.37093333333333334
0.10380000000000006
0.06600000000000003
0.06600000000000003
0.06600000000000003
0.10266666666666667
0.40213333333333334
0.17153333333333337
1.7423999999999997
1.3457999999999994
0.1612
0.31799999999999995
0.5222666666666665
0.3899333333333333
0.7377999999999999
0.32859999999999995
0.4839999999999999
0.10466666666666669
0.21099999999999997
0.0756666666666667
0.06600000000000003
0.06600000000000003
0.4834
2.382933333333333
1.1870000000000003
0.8828666666666667
0.8511333333333333
2.721066666666667
1.0767999999999998
0.5050666666666667
0.30360000000000004
0.41133333333333344
0.5809999999999997
0.5141333333333333
0.34446666666666664
0.2792
0.8587333333333335
0.4836666666666666
0.8845333333333333
0.5438000000000002
0.6939999999999998
0.6968666666666665
0.5833333333333334
0.5856666666666667
0.5999333333333331
0.5874666666666666
0.8220666666666664
0.6367333333333335
0.17999999999999988
0.06600000000000003
0.19166666666666662
0.13366666666666668
0.06600000000000003
0.06600000000000003
0.16266666666666665
0.16266666666666663
0.06600000000000003
