0.04933333333333334
0.04800000000000001
0.056666666666666685
0.058000000000000024
0.058000000000000024
0.058000000000000024
0.06586666666666668
0.17600000000000002
0.07373333333333337
0.058000000000000024
0.058000000000000024
0.058000000000000024
0.15239999999999998
0.10520000000000002
0.058000000000000024
0.058000000000000024
0.058000000000000024
0.06586666666666668
0.17600000000000002
0.07373333333333337
0.058000000000000024
0.058000000000000024
0.11306666666666665
0.1445333333333333
0.058000000000000024
0.058000000000000024
0.058000000000000024
0.12833333333333333
0.6295999999999999
0.4401999999999999
1.0176666666666665
0.6487333333333333
0.42500000000000004
0.9344666666666664
0.5996666666666667
0.5263333333333333
0.929133333333333
0.5898666666666669
0.6006666666666667
0.4884
0.058000000000000024
0.058000000000000024
0.058000000000000024
0.12879999999999997
0.1288
0.058000000000000024
0.058000000000000024
0.058000000000000024
0.058000000000000024
0.058000000000000024
0.16813333333333333
0.08946666666666671
0.058000000000000024
0.09733333333333331
0.16026666666666664
0.058000000000000024
0.058000000000000024
0.058000000000000024
0.09733333333333331
0.16026666666666664
0.058000000000000024
0.058000000000000024
0.058000000000000024
0.058000000000000024
0.058000000000000024
0.07373333333333335
0.17600000000000002
0.0658666666666667
0.058000000000000024
0.07373333333333335
0.17600000000000002
0.0658666666666667
0.11300000000000002
0.3468666666666667
0.38960000000000006
0.5636666666666666
0.9456666666666665
0.8467333333333332
0.8681333333333334
0.9284
0.8394666666666666
0.5611333333333335
0.42813333333333337
0.49473333333333336
0.6417333333333334
0.9621999999999999
1.2333333333333336
0.4561999999999999
0.058000000000000024
0.058000000000000024
0.058000000000000024
0.058000000000000024
0.058000000000000024
0.058000000000000024
0.058000000000000024
0.14453333333333332
