0.12699999999999997
0.19299999999999998
0.18699999999999997
0.30913333333333337
0.24406666666666677
0.06299999999999997
0.16873333333333337
0.10366666666666663
0.06299999999999997
0.15353333333333335
0.33019999999999994
0.13620000000000002
0.06299999999999997
0.06299999999999997
0.21820000000000006
0.19233333333333344
0.06299999999999997
0.06299999999999997
0.07926666666666665
0.18500000000000003
0.18753333333333339
0.23113333333333344
0.06299999999999997
0.16060000000000002
0.11179999999999997
0.15353333333333335
0.25700000000000006
0.06299999999999997
0.06299999999999997
0.06299999999999997
0.06299999999999997
0.25700000000000006
0.3618666666666666
0.6208666666666667
0.283
0.06299999999999997
0.10180000000000002
0.36273333333333324
0.15540000000000007
0.06299999999999997
0.07113333333333331
0.18500000000000003
0.15686666666666668
0.25700000000000006
0.09219999999999999
0.18500000000000003
0.0711333333333333
0.06299999999999997
0.08886666666666665
0.3464666666666666
0.18393333333333337
0.06099999999999997
0.06619999999999998
0.17746666666666666
0.7976666666666666
0.306
0.5225333333333334
0.37859999999999994
0.48453333333333315
0.5606000000000001
0.6244666666666668
0.35506666666666664
0.26979999999999993
0.4678666666666667
0.9146666666666668
0.9400000000000001
0.7758666666666667
1.043133333333333
0.4766666666666667
0.6957333333333333
0.4611333333333331
0.06299999999999997
0.1280666666666667
0.19606666666666672
0.25700000000000006
0.10179999999999996
1.2743333333333335
1.4007333333333336
1.4410000000000003
1.7056666666666669
1.4601999999999997
1.1820666666666664
0.5519999999999999
0.41386666666666655
0.5663333333333334
0.7612666666666665
0.6307333333333333
0.6170000000000002
0.4053999999999999
0.445
0.4520666666666668
0.4066666666666668
0.5234666666666666
0.4782666666666666
0.26166666666666666
0.09486666666666667
