0.0666666666666667
0.058000000000000024
0.059333333333333356
0.06800000000000003
0.06800000000000003
0.06800000000000003
0.06600000000000003
0.06733333333333337
0.06800000000000003
0.06800000000000003
0.06800000000000003
0.06800000000000003
0.06800000000000003
0.06800000000000003
0.06800000000000003
0.06800000000000003
0.06800000000000003
0.06800000000000003
0.06800000000000003
0.06800000000000003
0.06800000000000003
0.06800000000000003
0.4972
0.1662
0.31366666666666665
0.19846666666666662
0.5652
0.206
0.25933333333333336
0.2012
0.14600000000000002
0.3055333333333334
0.1287333333333334
0.1126666666666667
0.06800000000000003
0.06800000000000003
0.06800000000000003
0.06800000000000003
0.06800000000000003
0.06800000000000003
0.06600000000000003
0.5265333333333333
0.1809333333333333
0.20279999999999998
0.10200000000000002
0.082
0.08093333333333333
0.5740000000000002
0.06600000000000003
0.06600000000000003
0.07626666666666666
0.13693333333333332
0.06800000000000003
0.06800000000000003
0.06800000000000003
0.06800000000000003
0.06800000000000003
0.06800000000000003
0.06800000000000003
0.06800000000000003
0.06800000000000003
0.06800000000000003
0.06800000000000003
0.06800000000000003
0.22173333333333334
0.6140000000000002
0.22873333333333334
1.1343333333333332
1.5510666666666668
1.6069999999999993
1.0804000000000002
0.06800000000000003
0.8248
0.06800000000000003
0.06800000000000003
0.06800000000000003
0.08733333333333332
0.319
0.2782666666666667
0.3894666666666666
0.38453333333333334
0.4901999999999999
0.3931333333333334
0.5584666666666667
0.35553333333333337
0.6790666666666667
1.6669333333333336
1.4560666666666668
0.45253333333333323
0.49333333333333335
0.344
0.06800000000000003
0.06800000000000003
0.06800000000000003
0.06800000000000003
0.06800000000000003
