0.06899999999999998
0.06099999999999997
0.0838
0.17499999999999996
0.07099999999999998
0.07099999999999998
0.07099999999999998
0.2604666666666667
0.07099999999999998
0.08486666666666665
0.17499999999999996
0.07793333333333331
0.07099999999999998
0.2604666666666667
0.07099999999999998
0.08166666666666665
0.14900000000000002
0.26633333333333326
0.28293333333333337
0.17333333333333342
0.07099999999999998
0.07099999999999998
0.12646666666666667
0.15386666666666668
0.24693333333333337
0.07099999999999998
0.07099999999999998
0.07099999999999998
0.22513333333333327
0.21366666666666664
0.3495333333333333
3.1314666666666664
1.258666666666667
0.23566666666666672
0.19519999999999998
1.9805333333333335
2.5606000000000004
0.3112666666666667
0.24966666666666662
0.18900000000000003
0.3378666666666667
0.23920000000000005
0.21220000000000006
0.1782
0.1916666666666667
0.16573333333333334
0.1657333333333334
0.14726666666666668
0.11953333333333331
0.07099999999999998
0.20633333333333334
0.1251333333333333
0.19200000000000003
0.9645333333333334
0.07099999999999998
0.23573333333333338
0.22053333333333341
0.07099999999999998
0.07099999999999998
0.07099999999999998
0.09806666666666665
0.2958
0.1334
0.07099999999999998
0.07099999999999998
0.07099999999999998
0.24693333333333334
0.15386666666666668
3.627066666666666
2.0275333333333334
0.09806666666666665
2.2614
0.07099999999999998
0.07099999999999998
0.7388666666666668
0.5753333333333334
0.5464000000000002
0.4129333333333334
0.42353333333333326
0.1472666666666667
0.11159999999999999
0.21986666666666674
0.1343333333333333
0.2284666666666667
1.5022
3.097466666666667
0.5507333333333332
0.5888000000000001
0.07099999999999998
0.07099999999999998
0.07099999999999998
0.07099999999999998
0.07099999999999998
0.07099999999999998
0.2604666666666667
0.07099999999999998
