0.06
0.06
0.06
0.06
0.06
0.06
0.06
0.281
0.281
0.281
0.291
0.291
0.291
0.291
0.291
0.291
0.291
0.291
0.291
0.291
0.291
0.291
0.291
0.291
0.291
0.291
0.291
0.291
0.291
0.07
0.07
0.07
0.07
0.07
0.07
0.17
0.17
0.17
0.17
0.17
0.17
0.17
0.17
0.17
0.17
0.17
0.17
0.17
0.17
0.17
0.17
0.17
0.17
0.07
0.07
0.07
0.07
0.07
0.07
0.07
0.07
0.07
0.07
0.07
0.07
0.07
0.07
0.07
0.07
0.07
0.07
0.07
0.07
0.07
0.07
0.07
0.07
0.07
0.07
0.07
0.07
0.07
0.07
0.07
0.07
0.07
0.07
0.07
0.07
0.07
0.07
0.07
0.07
0.07
0.07
0.291
0.291
0.291
0.291
0.291
0.291
0.291
0.291
0.291
0.291
0.291
0.291
0.291
0.291
0.291
0.291
0.291
0.291
0.291
0.291
0.291
0.291
0.07
0.07
0.07
0.07
0.07
0.07
0.07
0.07
0.07
0.07
0.07
0.07
0.07
0.07
0.17
0.17
0.17
0.17
0.17
0.17
0.17
0.17
0.17
0.17
0.17
0.17
0.17
0.17
0.17
0.17
0.17
0.17
0.07
0.07
0.07
0.07
0.07
0.07
0.07
0.07
0.07
0.07
0.07
0.07
0.07
0.07
0.07
0.07
0.07
0.07
0.07
0.291
0.291
0.291
0.291
0.291
0.291
0.291
0.291
0.291
0.291
0.291
0.291
0.291
0.291
0.291
0.291
0.291
0.291
0.291
0.291
0.291
0.291
0.07
0.07
0.07
0.07
0.07
0.07
0.07
0.07
0.07
0.07
0.07
0.07
0.07
0.07
0.07
0.07
0.07
0.07
0.07
0.07
0.07
0.07
0.07
0.07
0.07
0.07
0.07
0.07
0.07
0.07
0.07
0.07
0.07
0.07
0.07
0.07
0.17
0.17
0.17
0.17
0.17
0.17
0.17
0.17
0.17
0.17
0.17
0.17
0.17
0.391
0.391
0.391
0.391
0.391
0.291
0.291
0.291
0.291
0.291
0.291
0.291
0.291
0.291
0.291
0.291
0.291
0.291
0.291
0.291
0.291
0.291
0.07
0.07
0.07
0.07
0.07
0.07
0.07
0.07
0.07
0.07
0.07
0.07
0.07
0.07
0.07
0.07
0.07
0.07
0.07
0.07
0.17
0.17
0.17
0.17
0.17
0.17
0.17
0.17
0.17
0.17
0.17
0.17
0.17
0.17
0.17
0.17
0.17
0.17
0.07
0.07
0.07
0.07
0.07
0.07
0.07
0.07
0.07
0.291
0.291
0.291
0.291
0.291
0.291
0.291
0.291
0.291
0.291
0.291
0.291
0.291
0.291
0.291
0.291
0.291
0.291
0.291
0.291
0.291
0.291
0.07
0.07
0.07
0.07
0.07
0.07
0.07
0.07
0.07
0.07
0.07
0.07
0.07
0.07
0.07
0.07
0.07
0.07
0.07
0.07
0.07
0.07
0.07
0.07
0.17
0.17
0.17
0.17
0.17
0.17
0.17
0.17
0.17
0.17
0.17
0.17
0.17
0.17
0.17
0.17
0.17
0.17
0.07
0.07
0.07
0.07
0.07
0.07
0.07
0.07
0.07
0.07
0.291
0.291
0.291
0.291
0.291
0.291
0.291
0.291
0.291
0.291
0.291
0.291
0.291
0.291
0.291
0.291
0.291
0.291
0.291
0.291
0.291
0.291
0.07
0.07
0.07
0.07
0.07
0.07
0.07
0.07
0.07
0.07
0.07
0.17
0.17
0.17
0.17
0.17
0.17
0.17
0.17
0.17
0.17
0.17
0.17
0.17
0.17
0.17
0.17
0.17
0.17
0.07
0.07
0.07
0.07
0.07
0.07
0.07
0.07
0.07
0.07
0.07
0.07
0.07
0.07
0.07
0.07
0.07
0.068
0.068
0.068
0.068
0.068
0.068
0.068
0.068
0.068
0.068
0.068
0.068
0.068
0.068
0.068
0.068
0.068
0.068
0.378
0.378
0.324
0.324
0.324
0.424
0.424
0.424
0.424
0.389
0.389
0.389
0.389
0.389
0.389
0.389
2.706
2.706
2.706
2.706
2.706
2.706
2.485
2.385
2.385
2.385
2.385
2.385
2.385
2.385
2.385
2.385
2.385
2.385
2.385
2.385
2.385
2.385
2.35
2.35
2.39
2.385
2.385
0.143
0.143
0.103
0.103
0.103
0.103
0.103
0.103
0.103
0.103
0.103
0.103
0.103
0.103
0.103
0.103
0.103
0.103
0.103
0.103
0.203
0.203
0.203
0.203
0.203
0.203
0.203
0.203
0.203
0.203
0.203
0.203
0.203
0.203
9.667
9.667
9.667
0.203
0.103
0.103
0.103
0.103
0.103
0.103
0.103
0.163
0.163
0.163
0.163
0.163
0.163
0.103
0.103
0.068
0.068
0.289
0.289
0.289
0.289
0.289
0.289
0.289
0.289
0.289
0.289
0.289
0.289
0.289
0.289
0.291
0.291
0.291
0.291
0.291
0.291
0.291
0.291
0.07
0.07
0.07
0.07
0.07
0.07
0.07
0.07
0.07
0.07
0.07
0.07
0.07
0.07
0.07
0.07
0.07
0.07
0.07
0.07
0.17
0.17
0.17
0.17
0.17
0.17
0.17
0.17
0.17
0.17
0.17
0.17
0.17
0.17
0.17
0.17
0.17
0.17
0.07
0.07
0.07
0.07
0.07
0.07
0.07
0.07
0.07
0.07
0.07
0.07
0.07
0.07
0.07
0.07
0.07
0.07
0.291
0.291
0.291
0.291
0.291
0.291
0.291
0.291
0.291
0.291
0.291
0.291
0.291
0.291
0.291
0.291
0.291
0.291
0.291
0.291
0.391
0.391
0.17
0.17
0.17
0.17
0.168
0.168
0.168
0.168
0.168
0.168
0.168
0.168
0.168
0.168
0.168
0.257
0.157
0.157
0.157
0.157
0.157
0.157
0.157
0.157
0.157
0.157
0.157
2.292
2.292
2.292
2.292
2.292
2.292
0.157
0.157
0.157
0.157
0.157
0.157
0.157
0.157
0.157
0.157
0.157
0.157
0.157
0.157
0.157
0.157
0.157
0.157
0.157
0.157
0.255
0.07
0.07
0.07
0.07
0.07
0.07
0.07
0.17
0.17
0.17
0.17
0.391
0.391
0.391
0.391
0.391
0.391
0.391
0.391
0.391
0.391
0.391
0.391
0.391
0.391
0.291
0.291
0.291
0.291
0.291
0.291
0.291
0.291
0.07
0.07
0.07
0.07
0.07
0.07
0.07
0.07
0.07
0.07
0.07
0.07
0.07
0.07
0.07
0.07
0.07
0.07
0.07
0.07
0.07
0.07
0.07
0.07
0.07
0.07
0.07
0.166
0.166
0.198
0.198
0.198
0.198
0.198
0.198
0.298
0.298
0.298
0.298
0.298
0.298
0.298
1.344
1.344
1.344
0.298
0.298
0.298
0.298
0.298
0.298
0.298
0.298
0.198
0.203
0.203
0.203
0.203
0.203
0.203
0.171
0.171
0.171
0.171
0.171
0.171
0.171
0.171
0.171
0.171
0.171
0.171
0.171
0.392
0.392
0.392
0.392
0.392
0.392
0.521
0.521
0.521
0.521
0.521
0.521
0.521
0.521
0.521
0.521
0.521
0.521
0.521
0.521
0.521
0.521
0.3
0.3
0.4
0.4
0.4
0.4
0.4
0.302
0.302
0.302
0.342
0.342
0.342
0.342
0.342
0.342
0.342
0.342
0.342
0.342
0.302
0.302
0.302
0.173
0.173
0.173
0.173
0.173
1.992
1.992
1.992
1.992
1.987
1.987
1.987
1.987
1.927
1.927
1.927
1.927
1.927
1.927
1.927
2.056
2.056
2.056
2.056
2.056
0.237
0.237
0.312
0.533
0.533
0.533
0.533
0.533
0.653
0.613
0.613
0.553
0.553
0.553
0.553
0.553
0.553
0.553
0.593
0.553
0.553
0.553
0.553
0.553
0.553
0.372
0.372
0.372
0.472
0.432
0.432
0.432
0.432
0.432
0.432
0.432
0.432
0.492
0.432
0.432
0.432
0.467
0.432
0.432
0.432
0.432
0.332
0.332
0.332
0.332
0.349
0.387
0.387
0.387
0.3
0.458
0.458
0.458
0.493
0.493
0.493
0.493
0.493
0.493
0.493
0.533
0.533
0.533
0.553
0.553
0.553
0.533
0.533
0.633
0.598
0.598
0.598
0.598
0.598
0.5
0.5
0.5
0.5
0.5
0.4
0.34
0.48
0.48
0.48
0.4
0.4
0.4
0.4
0.4
0.4
0.661
0.719
0.719
0.759
0.759
0.759
0.759
0.759
0.759
0.659
0.659
0.659
0.659
0.659
0.659
0.659
0.659
0.659
0.659
0.659
0.659
0.659
0.438
0.438
0.438
0.438
0.438
0.438
0.433
0.395
0.395
0.395
0.395
0.297
0.297
0.297
0.257
0.297
0.257
0.257
0.257
0.257
0.257
0.257
0.257
0.257
0.257
0.257
0.355
0.355
0.455
0.455
0.455
0.455
0.495
0.495
0.455
0.455
0.455
0.455
0.455
0.455
0.455
0.455
0.455
0.455
0.493
0.493
0.393
0.393
0.393
0.453
0.453
0.453
0.453
0.453
0.453
0.453
0.393
0.433
0.433
0.433
0.433
0.433
0.473
0.473
0.473
0.513
0.513
0.513
0.513
0.513
0.513
0.513
0.473
0.473
0.533
0.533
0.533
0.533
0.533
0.533
0.533
0.533
0.533
0.533
0.533
0.694
0.707
0.667
0.707
0.707
0.707
0.707
0.707
0.707
0.707
0.707
0.707
0.707
0.767
0.667
0.667
0.667
0.756
0.756
0.756
0.756
0.756
0.54
0.54
0.54
0.451
0.451
0.451
0.451
0.322
0.322
0.322
0.284
0.284
0.324
0.284
0.224
0.224
0.126
0.164
0.213
0.213
0.213
0.273
0.273
0.213
9.677
9.677
9.697
0.233
0.233
0.233
0.362
0.402
0.462
0.462
0.462
0.462
0.462
0.462
0.462
0.449
0.449
0.449
0.429
0.429
0.429
0.429
0.429
0.429
0.429
0.429
0.17
0.17
0.17
0.17
0.17
0.17
0.17
0.17
0.17
0.17
0.17
0.17
0.17
0.17
0.17
0.17
0.17
0.17
0.07
0.07
0.07
0.07
0.07
0.07
0.07
0.07
0.07
0.07
0.07
0.07
0.07
0.07
0.07
0.07
0.07
0.07
0.07
0.07
0.07
0.07
0.07
0.07
0.07
0.07
0.07
0.07
0.07
0.07
0.07
0.07
0.291
0.291
0.291
0.291
0.291
0.291
0.291
0.291
0.291
0.291
0.291
0.291
0.391
0.391
0.391
0.391
0.391
0.391
0.391
0.391
0.391
0.391
0.17
0.17
0.17
0.17
0.17
0.17
0.17
0.17
0.07
0.07
0.07
0.07
0.07
0.07
0.07
0.07
0.07
0.07
0.07
0.07
0.07
0.07
0.07
0.07
0.07
0.07
0.07
0.07
0.07
0.07
0.07
0.07
0.07
0.07
0.07
0.07
0.07
0.07
0.07
0.07
0.07
0.07
0.07
0.07
0.07
0.07
0.07
0.07
0.07
0.291
0.291
0.291
0.291
0.291
0.291
0.291
0.291
0.291
0.291
0.291
0.291
0.291
0.291
0.291
0.291
0.291
0.291
0.291
0.291
0.291
0.291
0.07
0.07
0.07
0.07
0.07
0.07
0.07
0.07
0.07
0.07
0.07
0.07
0.07
0.07
0.07
0.07
0.07
0.07
0.07
0.07
0.07
0.07
0.07
0.07
0.07
0.07
0.07
0.07
0.07
0.07
0.07
0.07
0.07
0.07
0.07
0.07
0.07
0.07
0.07
0.07
0.07
0.07
0.07
0.07
0.07
0.07
0.07
0.07
0.291
0.391
0.391
0.391
0.391
0.391
0.391
0.391
0.391
0.391
0.391
0.391
0.391
0.391
0.391
0.391
0.391
0.391
0.391
0.291
0.291
0.291
0.07
0.07
0.07
0.07
0.07
0.07
0.07
0.07
0.07
0.07
0.07
0.07
0.07
0.07
0.07
0.07
0.07
0.07
0.07
0.07
0.07
0.07
0.07
0.07
0.07
0.07
0.07
0.07
0.07
0.07
0.07
0.07
0.07
0.07
0.07
0.07
0.07
0.07
0.07
0.07
0.17
0.17
0.17
0.16
0.16
0.16
0.16
0.16
0.16
0.16
0.16
0.16
0.16
0.16
0.16
0.16
0.16
