0.15633333333333335
0.1998
0.3680666666666667
0.4859999999999999
0.09766666666666667
0.14993333333333334
0.06499999999999997
0.06499999999999997
0.06499999999999997
0.14993333333333334
0.09766666666666664
0.06499999999999997
0.09113333333333333
0.15646666666666667
0.06499999999999997
0.06499999999999997
0.11073333333333335
0.13686666666666666
0.06499999999999997
0.06499999999999997
0.07806666666666666
0.16299999999999998
0.07153333333333331
0.06499999999999997
0.06499999999999997
0.10420000000000001
0.14340000000000003
0.06499999999999997
0.06499999999999997
0.06499999999999997
0.06499999999999997
0.21259999999999998
0.5083999999999999
0.43093333333333345
0.47693333333333315
0.4821999999999999
1.1387333333333336
2.6859999999999995
0.8687333333333335
0.5205999999999998
0.45899999999999985
0.4323333333333332
0.8464000000000003
0.37146666666666683
0.39120000000000005
0.47426666666666684
0.3353333333333333
1.3571999999999997
1.8720666666666672
0.3523333333333333
0.24699999999999991
0.18633333333333335
0.3663999999999998
0.17700000000000002
0.2698
0.23413333333333333
0.06499999999999997
0.06499999999999997
0.06499999999999997
0.06499999999999997
0.06499999999999997
0.15646666666666667
0.0911333333333333
0.06499999999999997
0.5173333333333332
0.5828666666666668
0.8178666666666667
2.422066666666667
1.013466666666667
0.4786666666666667
0.3734000000000001
0.4664666666666667
0.46113333333333334
0.8385333333333332
0.3541999999999999
0.37453333333333344
0.8735333333333333
0.6695333333333333
1.6904
1.8610666666666669
1.0686666666666664
0.6508666666666664
0.42793333333333344
0.4864
0.44473333333333337
0.5156
0.6412666666666667
0.6726
0.7606
0.5988666666666667
0.6546000000000002
0.5768000000000001
0.46946666666666675
0.9241333333333335
0.4030000000000002
0.06499999999999997
