0.129
0.211
0.211
0.24939999999999998
0.073
0.073
0.073
0.073
0.1162
0.181
0.181
0.181
0.0946
0.073
0.073
0.229
0.268
0.268
0.268
0.2116
0.181
0.181
0.181
0.1162
0.073
0.073
0.073
0.073
0.073
0.073
0.151
0.268
0.268
0.268
0.268
0.073
0.073
0.073
0.073
0.073
0.073
0.073
0.073
0.1378
0.259
0.376
0.376
0.268
0.268
0.073
0.073
0.073
0.073
0.073
0.1162
0.181
0.181
0.181
0.0946
0.073
0.073
0.073
0.11200000000000002
0.268
0.268
0.268
0.268
0.11200000000000002
0.073
0.073
0.073
0.073
0.073
0.073
0.073
0.073
0.073
0.073
0.073
0.19
0.268
0.268
0.268
0.229
0.34900000000000003
0.33699999999999997
0.385
0.393
0.393
0.48819999999999997
0.40499999999999997
0.413
0.9513999999999999
0.5898000000000001
0.46399999999999997
0.42800000000000005
0.268
0.268
0.15099999999999997
0.073
0.073
0.073
0.073
0.1378
0.181
0.181
0.181
0.073
0.073
0.073
0.073
0.073
0.073
0.073
0.1378
0.337
0.376
0.376
0.268
0.19
0.073
0.073
0.073
0.073
0.073
0.073
0.073
0.073
0.073
0.073
0.268
0.268
0.268
0.268
0.15099999999999997
0.181
0.181
0.181
0.13779999999999998
0.073
0.073
0.073
0.073
0.073
0.073
0.073
0.073
0.073
0.229
0.35439999999999994
0.376
0.376
0.27640000000000003
0.073
0.073
0.073
0.073
0.073
0.073
0.073
0.5788
2.649
2.805
2.8482000000000003
0.374
0.374
0.21800000000000003
0.0926
0.071
0.08299999999999999
0.131
0.263
0.191
0.155
0.151
0.139
0.131
0.2954
0.4364
0.446
0.4484
0.398
0.251
0.29900000000000004
0.203
0.131
0.073
0.073
0.073
0.073
0.073
0.073
0.073
0.073
0.073
0.1162
0.181
0.259
0.376
0.2896
0.268
0.268
0.073
0.073
0.073
0.073
0.073
0.073
0.073
0.073
0.1162
0.181
0.181
0.337
0.2896
0.268
0.268
0.19
0.131
0.371
0.0934
0.183
0.183
0.183
0.191
0.211
0.24500000000000002
0.2846
0.43100000000000005
0.45199999999999996
0.38
0.592
0.8552000000000002
0.264
0.42000000000000004
0.41900000000000004
0.42300000000000004
1.3854000000000002
0.441
0.276
0.20400000000000001
0.24
0.264
0.3908
0.40840000000000004
0.49240000000000006
0.574
0.6459999999999999
0.8388
0.807
0.5900000000000001
0.518
0.49400000000000005
0.597
0.603
0.615
0.915
0.9549999999999998
0.9549999999999998
0.9022
0.8030000000000002
0.8390000000000001
0.696
0.7924
0.8859999999999999
1.0992000000000002
1.2734
0.6262000000000001
0.6501999999999999
0.6098
0.589
0.385
0.457
0.515
0.5509999999999999
0.599
0.575
0.6182000000000001
0.6776
0.638
0.181
0.2116
0.268
0.268
0.268
0.225
0.063
0.063
