0.07099999999999998
0.06566666666666664
0.07099999999999998
0.07099999999999998
0.22033333333333335
0.36699999999999994
0.11099999999999997
0.07099999999999998
0.08059999999999998
0.21499999999999997
0.2960666666666666
0.17766666666666672
0.07099999999999998
0.07099999999999998
0.11900000000000001
0.21499999999999997
0.07099999999999998
0.07099999999999998
0.09766666666666665
0.27099999999999996
0.13766666666666663
0.13266666666666665
0.12906666666666672
0.33059999999999995
0.3430666666666667
0.4774666666666666
0.35846666666666654
0.19940000000000005
0.11139999999999999
0.12273333333333333
0.20553333333333337
0.3476666666666667
0.4516666666666667
0.4348
0.6804666666666666
1.7096000000000005
1.7956
1.7073333333333343
1.495266666666667
1.9212000000000002
3.8394666666666675
1.8538000000000003
1.3224666666666665
0.5672
0.5186666666666667
0.6648666666666667
0.2240000000000001
0.8232666666666668
2.2630666666666666
2.947333333333333
2.055866666666667
0.44600000000000006
0.6577333333333334
0.545
0.20299999999999999
0.2995333333333333
1.0368
2.704799999999999
2.8749333333333325
2.750666666666667
2.0129333333333337
0.20626666666666665
0.29333333333333333
0.5306666666666666
0.27099999999999996
0.16486666666666666
0.19580000000000003
0.07099999999999998
0.24433333333333326
0.19100000000000003
0.07099999999999998
0.07099999999999998
0.07099999999999998
0.2854
0.32859999999999995
0.08433333333333332
0.1618
0.166
0.5049333333333332
0.6229333333333333
0.9172666666666669
0.7189999999999999
0.6992666666666666
0.6964666666666665
0.7907333333333334
0.6743333333333333
0.8213999999999998
0.6904666666666668
0.6801333333333331
0.655
0.9782666666666666
0.6295333333333332
0.8886000000000002
0.1880000000000001
0.07099999999999998
0.3766
