0.063
0.063
0.063
0.063
0.063
0.063
0.063
0.063
0.063
0.063
0.261
0.261
0.261
0.261
0.261
0.261
0.261
0.261
0.261
0.261
0.261
0.261
0.261
0.261
0.261
0.261
0.261
0.261
0.261
0.261
0.261
0.261
0.063
0.063
0.063
0.185
0.185
0.07
0.179
0.167
0.167
0.167
0.058
0.058
0.058
0.058
0.058
0.058
0.058
0.058
0.058
8.719
8.719
8.719
0.097
0.097
0.097
0.097
0.097
0.097
0.097
0.233
0.233
0.233
0.233
0.233
0.233
0.233
0.233
0.233
0.293
0.293
0.293
0.293
0.293
0.293
0.293
0.353
0.393
0.393
0.393
0.393
0.393
0.393
0.333
0.333
0.333
0.333
0.333
0.333
0.333
0.333
0.333
0.333
0.333
0.333
0.333
0.333
0.333
0.333
0.333
0.333
0.393
0.393
0.393
0.403
0.403
0.403
0.403
0.403
0.403
0.403
0.403
0.463
0.463
0.463
0.503
0.07
0.07
0.07
0.07
0.07
0.07
0.07
0.07
0.07
0.07
0.07
0.07
0.07
0.07
0.07
0.07
0.07
0.07
0.07
0.07
0.07
0.07
0.07
0.07
0.07
0.07
0.07
0.07
0.07
0.07
0.07
0.07
0.07
0.07
0.07
0.07
0.07
0.07
0.07
0.07
0.07
0.07
0.07
0.07
0.07
0.07
0.07
0.07
0.07
0.07
0.07
0.07
0.07
0.07
0.07
0.07
0.07
0.07
0.07
0.07
0.07
0.07
0.07
0.07
0.07
0.07
0.07
0.07
0.07
0.07
0.07
0.07
0.07
0.07
0.07
0.07
0.07
0.07
0.07
0.07
0.07
0.07
0.07
0.07
0.07
0.07
0.07
0.07
0.07
0.07
0.07
0.07
0.07
0.07
0.07
0.07
0.07
0.07
0.07
0.07
0.07
0.07
0.07
0.07
0.07
0.07
0.07
0.07
0.07
0.07
0.07
0.07
0.07
0.07
0.07
0.07
0.07
0.07
0.07
0.07
0.07
0.07
0.07
0.07
0.07
0.07
0.07
0.07
0.07
0.07
0.07
0.07
0.07
0.07
0.07
0.07
0.07
0.07
0.07
0.07
0.07
0.07
0.07
0.07
0.07
0.07
0.07
0.07
0.07
0.07
0.07
0.07
0.07
0.07
0.07
0.07
0.07
0.07
0.07
0.07
0.07
0.07
0.07
0.07
0.07
0.07
0.07
0.07
0.07
0.07
0.07
0.07
0.07
0.07
0.07
0.07
0.07
0.07
0.07
0.07
0.07
0.07
0.07
0.07
0.07
0.07
0.07
0.07
0.07
0.07
0.07
0.07
0.07
0.07
0.07
0.07
0.07
0.07
0.07
0.07
0.07
0.07
0.07
0.07
0.07
0.07
0.07
0.07
0.07
0.07
0.07
0.07
0.07
0.07
0.07
0.07
0.07
0.07
0.07
0.07
0.07
0.07
0.07
0.07
0.07
0.07
0.07
0.07
0.07
0.07
0.07
0.07
0.07
0.07
0.07
0.07
0.07
0.07
0.07
0.07
0.07
0.07
0.07
0.07
0.07
0.07
0.07
0.07
0.07
0.07
0.07
0.07
0.07
0.07
0.07
0.07
0.07
0.07
0.07
0.07
0.07
0.07
0.07
0.07
0.07
0.07
0.07
0.07
0.07
0.07
0.07
0.07
0.07
0.07
0.07
0.07
0.07
0.07
0.07
0.07
0.07
0.07
0.07
0.07
0.07
0.07
0.07
0.07
0.07
0.07
0.07
0.07
0.07
0.07
0.07
0.07
0.07
0.07
0.07
0.07
0.07
0.07
0.07
0.07
0.07
0.07
0.07
0.07
0.07
0.07
0.07
0.07
0.07
0.07
0.07
0.07
0.07
0.07
0.07
0.07
0.07
0.07
0.07
0.07
0.07
0.07
0.07
0.07
0.07
0.07
0.07
0.07
0.07
0.07
0.07
0.07
0.07
0.07
0.07
0.07
0.243
0.243
0.243
0.243
0.243
0.243
0.243
0.204
0.204
0.204
0.204
0.204
0.204
0.204
0.204
0.204
0.078
0.078
0.078
0.078
0.078
0.113
0.113
0.113
0.173
0.138
0.15
0.21
0.27
0.43
0.43
0.43
0.43
0.43
0.37
0.496
0.496
0.496
0.556
0.496
0.531
0.436
0.436
0.449
0.449
0.529
0.529
0.589
0.649
0.649
0.649
0.649
0.624
0.524
0.524
0.524
0.524
0.524
0.524
0.524
0.524
0.414
0.354
0.354
0.354
0.354
0.354
0.354
0.354
0.354
0.394
0.394
0.394
0.394
0.394
0.394
0.394
0.394
0.394
0.394
0.394
0.394
0.394
0.394
0.394
0.394
0.394
0.48
0.48
0.48
0.48
0.48
0.54
0.54
0.54
0.54
0.54
0.54
0.54
0.528
0.528
0.528
0.528
0.515
0.515
9.137
9.137
9.077
0.455
0.455
0.455
0.42
0.42
0.42
0.42
0.42
0.42
0.42
0.42
0.42
0.42
0.294
0.354
0.294
0.294
0.294
0.294
8.916
8.916
8.916
0.294
0.354
0.354
0.294
0.294
0.294
0.294
0.294
0.294
0.294
0.294
0.294
0.294
0.294
8.916
8.976
8.976
1.319
1.319
1.319
0.268
0.268
0.268
0.268
0.268
0.268
0.268
0.268
0.268
0.268
0.268
0.268
0.268
0.268
0.268
0.268
0.268
0.268
0.268
0.268
0.268
0.268
0.268
0.268
0.268
0.268
0.268
0.268
0.268
0.268
0.07
0.07
0.07
0.07
0.07
0.07
0.07
0.07
0.07
0.07
0.07
0.07
0.07
0.07
0.07
0.07
0.07
0.07
0.07
0.07
0.07
0.07
0.07
0.07
0.07
0.07
0.07
0.07
0.07
0.07
0.07
0.07
0.07
0.07
0.07
0.07
0.07
0.07
0.07
0.07
0.07
0.07
0.07
0.07
0.07
0.07
0.07
0.07
0.07
0.07
0.07
0.07
0.07
0.07
0.07
0.07
0.07
0.07
0.07
0.07
0.07
0.07
0.07
0.07
0.07
0.07
0.07
0.07
0.07
0.07
0.07
0.07
0.07
0.07
0.07
0.07
0.07
0.07
0.07
0.07
0.07
0.07
0.07
0.07
0.07
0.07
0.07
0.07
0.07
0.07
0.07
0.07
0.07
0.07
0.07
0.07
0.07
0.07
0.07
0.07
0.07
0.07
0.07
0.07
0.07
0.07
0.07
0.07
0.07
0.07
0.07
0.07
0.07
0.07
0.07
0.07
0.07
0.07
0.07
0.07
0.07
0.07
0.07
0.07
0.07
0.07
0.07
0.07
0.07
0.07
0.07
0.07
0.07
0.07
0.07
0.07
0.07
0.07
0.07
0.07
0.07
0.07
0.07
0.07
0.07
0.07
0.07
0.07
0.07
0.07
0.07
0.07
0.07
0.07
0.07
0.07
0.07
0.07
0.07
0.07
0.07
0.07
0.07
0.07
0.07
0.07
0.07
0.07
0.07
0.07
0.07
0.07
0.07
0.07
0.07
0.07
0.07
0.07
0.07
0.07
0.07
0.07
0.07
0.07
0.07
0.07
0.07
0.07
0.07
0.07
0.07
0.07
0.07
0.07
0.07
0.07
0.07
0.07
0.07
0.07
0.07
0.07
0.07
0.07
0.07
0.07
0.07
0.07
0.07
0.07
0.068
0.068
0.068
0.068
0.068
0.068
0.068
0.068
0.068
0.068
0.068
0.068
0.068
0.068
0.068
0.068
0.068
0.068
0.068
0.068
0.068
0.068
0.068
0.068
0.068
0.068
0.068
0.068
0.068
0.068
0.068
0.068
0.068
0.068
0.068
1.927
1.927
1.94
0.081
0.081
1.94
1.94
1.94
0.081
0.081
0.081
0.081
0.081
0.081
0.081
0.081
0.081
0.081
0.081
0.081
0.081
0.081
0.081
0.081
0.081
0.081
0.081
0.081
0.081
0.081
0.081
0.081
0.081
0.081
0.081
0.093
0.141
0.201
0.176
0.176
0.116
0.116
0.116
0.116
0.116
0.116
0.116
0.116
0.116
0.116
0.116
0.116
0.116
0.116
0.116
0.116
0.116
0.081
1.94
1.94
1.94
0.081
0.068
0.068
0.068
0.068
0.068
0.068
0.068
0.068
0.068
0.068
0.068
0.068
0.068
0.068
0.081
0.081
0.081
0.081
0.281
0.281
0.181
0.181
0.181
0.181
0.216
0.216
0.216
0.216
0.216
0.216
0.216
0.276
0.276
0.276
0.276
0.311
0.311
0.311
0.311
0.311
2.17
2.182
2.147
0.348
0.348
0.288
0.288
0.288
0.288
0.288
0.288
0.671
0.731
0.731
0.731
0.408
0.408
0.408
0.348
0.348
0.348
0.248
0.248
0.248
0.248
0.283
0.248
0.248
0.248
0.283
0.283
0.283
0.283
0.283
0.27
0.27
0.27
0.27
0.27
0.27
0.27
0.27
0.27
0.27
0.27
0.27
0.27
0.27
0.305
0.27
0.33
0.27
0.27
0.27
0.33
0.33
0.33
0.39
0.39
0.39
0.33
0.33
0.33
0.33
0.33
0.33
0.33
0.33
0.33
0.33
0.33
0.365
0.305
0.305
0.305
0.27
0.27
0.27
0.27
0.27
0.27
0.27
0.27
0.27
0.28
0.32
0.32
0.32
0.36
0.36
0.36
0.38
0.38
0.38
0.453
0.453
0.453
0.393
0.393
0.393
0.393
0.393
0.393
0.393
0.393
0.393
0.393
0.393
0.393
0.393
0.393
0.393
0.393
0.393
0.393
0.453
0.562
0.527
0.527
0.527
0.527
0.562
0.562
0.562
0.562
0.562
0.562
0.622
0.582
0.582
0.522
0.522
0.582
0.582
0.582
0.682
0.721
0.686
0.912
0.872
0.872
0.872
0.872
0.872
0.872
0.872
0.872
0.872
0.907
0.907
0.907
0.907
0.907
0.907
0.894
0.934
0.934
0.924
0.924
0.924
0.964
0.964
0.929
0.07
0.07
0.07
0.07
0.07
0.07
0.07
0.07
0.07
0.07
0.07
0.07
0.07
0.07
0.07
0.07
0.07
0.07
0.07
0.07
0.07
0.07
0.07
0.07
0.07
0.07
0.07
0.07
0.07
0.07
0.07
0.07
0.07
0.07
0.07
0.07
0.07
0.07
0.07
0.07
0.07
0.07
0.07
0.07
0.07
0.07
0.07
0.07
0.07
0.07
0.07
0.07
0.07
0.07
0.07
0.07
0.07
0.07
0.07
0.07
0.07
0.07
0.07
0.07
0.07
0.07
0.07
0.07
0.07
0.07
0.342
0.342
0.342
0.342
0.342
0.342
0.342
0.402
0.402
0.402
0.402
0.402
0.402
0.402
0.402
0.336
0.346
0.346
0.346
0.346
0.359
0.359
0.359
0.394
0.394
0.394
0.359
0.359
0.359
0.359
0.399
0.399
0.399
0.394
0.394
0.394
0.394
0.394
0.394
0.394
0.394
0.394
0.394
0.394
0.394
0.394
0.355
0.355
0.415
0.295
2.154
2.154
2.154
0.295
0.295
0.395
0.395
0.434
0.434
0.434
0.434
0.434
0.434
0.434
0.434
0.434
0.434
0.434
0.394
0.394
0.394
0.334
0.394
0.394
0.394
0.394
0.534
0.534
0.434
0.434
0.421
0.381
0.381
0.381
0.381
0.381
0.421
0.481
0.541
0.531
0.631
0.631
0.531
0.544
0.544
0.544
0.544
0.544
0.544
0.484
0.496
0.496
0.556
0.556
0.556
0.556
0.496
0.484
0.484
0.424
0.424
0.464
0.464
0.464
0.464
0.464
0.524
0.524
0.524
0.464
0.404
0.404
0.404
0.53
0.63
0.63
0.63
0.63
0.63
0.63
0.591
0.591
0.691
0.691
0.691
0.691
0.691
0.691
0.726
0.726
0.07
0.07
0.07
0.07
0.07
0.07
0.07
0.07
0.07
0.07
0.07
0.07
0.07
0.07
0.07
0.07
0.07
0.07
0.07
0.07
0.07
0.07
0.07
0.07
0.07
0.07
0.07
0.07
0.07
0.07
0.07
0.07
0.07
0.07
0.07
0.07
0.07
0.07
0.07
0.07
0.07
0.07
0.07
0.07
0.07
0.07
0.07
0.07
0.07
0.07
0.07
0.07
0.07
0.07
0.07
0.07
0.07
0.07
0.07
0.07
0.07
0.07
0.07
0.07
0.07
0.07
0.07
0.07
0.07
0.07
0.07
0.07
0.07
0.07
0.07
0.07
0.07
0.07
0.07
0.07
0.07
0.07
0.07
