0.05800000000000001
0.05800000000000001
0.052000000000000005
0.048
0.048
0.048
0.048
0.048
0.054000000000000006
0.05800000000000001
0.05800000000000001
0.05800000000000001
0.05800000000000001
0.05800000000000001
0.05800000000000001
0.05800000000000001
0.05800000000000001
0.05800000000000001
0.1654
0.23700000000000002
0.23700000000000002
0.23700000000000002
0.2012
0.05800000000000001
0.05800000000000001
0.05800000000000001
0.05800000000000001
0.05800000000000001
0.05800000000000001
0.05800000000000001
0.05800000000000001
0.05800000000000001
0.05800000000000001
0.23700000000000002
0.23700000000000002
0.23700000000000002
0.23700000000000002
0.12960000000000002
0.05800000000000001
0.05800000000000001
0.05800000000000001
0.05800000000000001
0.05800000000000001
0.05800000000000001
0.05800000000000001
0.05800000000000001
0.1296
0.23700000000000002
0.23700000000000002
0.23700000000000002
0.23700000000000002
0.05800000000000001
0.05800000000000001
0.05800000000000001
0.05800000000000001
0.05800000000000001
0.05800000000000001
0.05800000000000001
0.05800000000000001
0.05800000000000001
0.05800000000000001
0.2012
0.314
0.364
0.375
0.35540000000000005
0.3052
0.3376
0.7050000000000001
0.7370000000000001
0.05800000000000001
0.05800000000000001
0.05800000000000001
0.05800000000000001
0.1654
0.23700000000000002
0.23700000000000002
0.23700000000000002
0.2012
0.05800000000000001
0.05800000000000001
0.05800000000000001
0.05800000000000001
0.05800000000000001
0.05800000000000001
0.05800000000000001
0.05800000000000001
0.05800000000000001
0.05800000000000001
0.05800000000000001
0.05800000000000001
0.05800000000000001
0.05800000000000001
0.05800000000000001
0.09799999999999999
0.15300000000000002
0.22820000000000001
0.4166
0.43099999999999994
0.3909999999999999
0.36899999999999994
1.8227999999999998
0.5544
0.587
0.594
0.6256
1.0097999999999998
2.5486
2.529
2.4349999999999996
2.2640000000000002
0.4332000000000001
0.583
0.513
0.513
0.44140000000000007
0.13
0.13
0.13
0.13
0.13
0.13
0.13
0.2008
0.13
0.13
0.2008
0.13
0.1654
0.34439999999999993
0.309
0.4788
0.6906000000000001
0.12960000000000002
0.05800000000000001
0.05800000000000001
0.05800000000000001
0.05800000000000001
0.05800000000000001
0.05800000000000001
0.05800000000000001
0.05800000000000001
0.05800000000000001
0.1654
0.23700000000000002
0.23700000000000002
0.23700000000000002
0.2012
0.05800000000000001
0.05800000000000001
0.05800000000000001
0.05800000000000001
0.05800000000000001
0.05800000000000001
0.05800000000000001
0.05800000000000001
0.05800000000000001
0.1654
0.23700000000000002
0.23700000000000002
0.23700000000000002
0.2012
0.05800000000000001
0.05800000000000001
0.05800000000000001
0.05800000000000001
0.05800000000000001
0.05800000000000001
0.05800000000000001
0.05800000000000001
0.05800000000000001
0.0938
0.23700000000000002
0.23700000000000002
0.23700000000000002
0.23700000000000002
0.0938
0.05800000000000001
0.05800000000000001
0.05800000000000001
0.05800000000000001
0.05800000000000001
0.05800000000000001
0.05800000000000001
0.05800000000000001
0.05800000000000001
0.05800000000000001
0.05800000000000001
0.05800000000000001
0.0938
0.23700000000000002
0.23700000000000002
0.23700000000000002
0.23700000000000002
0.0938
0.05800000000000001
0.05800000000000001
0.05800000000000001
0.05800000000000001
0.05800000000000001
0.05800000000000001
0.05800000000000001
0.05800000000000001
0.05800000000000001
0.05800000000000001
0.0938
0.23700000000000002
0.23700000000000002
0.23700000000000002
0.23700000000000002
0.11679999999999999
0.064
0.05700000000000001
0.3206
0.34819999999999995
0.434
0.437
0.433
1.8297999999999999
0.3366
0.33999999999999997
0.40099999999999997
0.46020000000000005
0.5212
0.6268
0.6853999999999999
1.3706
1.764
1.7528
1.6989999999999998
1.642
1.7461999999999995
1.7064
1.6169999999999998
1.6989999999999998
2.0082
3.1990000000000003
3.1902
0.05800000000000001
0.05800000000000001
0.05800000000000001
0.05800000000000001
0.2012
0.23700000000000002
0.23700000000000002
0.23700000000000002
0.16540000000000002
0.05800000000000001
0.05800000000000001
0.05800000000000001
0.05800000000000001
0.05800000000000001
0.05800000000000001
0.05800000000000001
0.05800000000000001
0.05800000000000001
0.05800000000000001
0.05800000000000001
0.2012
0.23700000000000002
0.23700000000000002
0.23700000000000002
0.16540000000000002
0.05800000000000001
0.05800000000000001
0.05800000000000001
0.05800000000000001
0.05800000000000001
0.05800000000000001
0.05800000000000001
0.05800000000000001
0.05800000000000001
0.05800000000000001
0.05800000000000001
0.05800000000000001
0.05800000000000001
0.05800000000000001
0.05800000000000001
0.05800000000000001
0.05800000000000001
0.05800000000000001
0.05800000000000001
0.1654
0.23700000000000002
0.23700000000000002
0.23700000000000002
0.2012
0.05800000000000001
