0.063
0.063
0.063
0.063
0.075
0.075
0.065
0.065
0.065
0.065
0.055
0.055
0.055
0.055
0.055
0.055
0.055
0.055
0.055
0.055
0.055
0.055
0.055
0.055
0.055
0.055
0.055
0.055
0.055
0.159
0.159
0.159
0.159
0.159
0.159
0.159
0.169
0.373
0.373
0.373
0.373
0.373
0.373
0.373
0.373
0.373
0.373
0.269
0.269
0.269
0.269
0.269
0.269
0.269
0.269
0.269
0.269
0.269
0.269
0.065
0.065
0.065
0.065
0.065
0.065
0.065
0.065
0.065
0.065
0.065
0.065
0.065
0.065
0.065
0.065
0.065
0.065
0.065
0.065
0.065
0.065
0.065
0.065
0.065
0.065
0.065
0.065
0.065
0.065
0.065
0.065
0.065
0.065
0.065
0.065
0.065
0.065
0.065
0.065
0.065
0.065
0.065
0.065
0.065
0.065
0.065
0.065
0.065
0.269
0.269
0.269
0.269
0.269
0.269
0.269
0.269
0.269
0.269
0.465
0.465
0.465
0.465
0.465
0.465
0.465
0.465
0.465
0.465
0.465
0.465
0.261
0.261
0.065
0.065
0.065
0.065
0.065
0.065
0.065
0.065
0.065
0.065
0.065
0.065
0.065
0.065
0.065
0.065
0.065
0.065
0.065
0.065
0.065
0.065
0.065
0.065
0.065
0.065
0.065
0.065
0.065
0.065
0.065
0.065
0.065
0.065
0.065
0.065
0.065
0.065
0.065
0.065
0.065
0.065
0.065
0.065
0.065
0.065
0.065
0.065
0.065
0.065
0.065
0.065
0.065
0.169
0.169
0.169
0.169
0.169
0.169
0.365
0.365
0.365
0.365
0.365
0.365
0.365
0.365
0.365
0.365
0.569
0.569
0.465
0.465
0.269
0.269
0.269
0.269
0.269
0.269
0.269
0.269
0.269
0.269
0.269
0.269
0.269
0.269
0.269
0.269
0.269
0.269
0.065
0.065
0.065
0.065
0.065
0.065
0.065
0.065
0.065
0.065
0.065
0.065
0.065
0.065
0.065
0.065
0.065
0.065
0.065
0.065
0.065
0.065
0.065
0.065
0.065
0.065
0.065
0.065
0.065
0.169
0.169
0.169
0.169
0.169
0.169
0.169
0.169
0.169
0.169
0.169
0.169
0.169
0.169
0.169
0.169
0.169
0.169
0.065
0.065
0.065
0.065
0.065
0.269
0.269
0.269
0.269
0.269
0.269
0.269
0.269
0.269
0.269
0.269
0.269
0.269
0.269
0.269
0.269
0.269
0.269
0.269
0.269
0.269
0.269
0.065
0.261
0.261
0.261
0.261
0.261
0.261
0.261
0.261
0.261
0.261
0.261
0.261
0.261
0.261
0.065
0.065
0.065
0.065
0.065
0.065
0.065
0.065
0.065
0.065
0.065
0.065
0.065
0.065
0.065
0.065
0.065
0.065
0.065
0.065
0.065
0.065
0.065
0.065
0.065
0.065
0.065
0.065
0.065
0.065
0.169
0.169
0.169
0.169
0.169
0.169
0.373
0.373
0.373
0.373
0.373
0.373
0.373
0.373
0.373
0.373
0.373
0.373
0.269
0.269
0.269
0.269
0.269
0.269
0.269
0.269
0.269
0.269
0.065
0.065
0.065
0.065
0.065
0.065
0.065
0.065
0.065
0.065
0.065
0.065
0.065
0.065
0.065
0.065
0.065
0.065
0.065
0.065
0.065
0.065
0.065
0.065
0.065
0.065
0.261
0.261
0.261
0.261
0.261
0.261
0.261
0.261
0.261
0.261
0.261
0.261
0.261
0.261
0.065
0.065
0.065
0.065
0.269
0.373
0.373
0.373
0.373
0.373
0.373
0.373
0.373
0.373
0.373
0.373
0.373
0.373
0.373
0.373
0.373
0.373
0.373
0.269
0.269
0.269
0.065
0.065
0.065
0.065
0.065
0.065
0.065
0.065
0.065
0.065
0.065
0.065
0.065
0.065
0.123
0.123
0.123
0.123
0.123
0.123
0.123
0.123
0.123
0.123
0.123
0.123
0.123
0.123
0.123
0.123
0.123
0.123
0.123
0.123
0.123
0.123
0.123
0.135
0.331
0.331
0.331
0.331
1.38
1.4
1.4
0.351
0.331
0.331
0.331
0.331
0.331
0.331
0.24
0.24
0.24
0.24
0.283
0.487
0.427
0.487
0.487
2.587
2.575
2.575
2.515
2.515
2.535
2.619
2.619
2.63
2.63
2.63
2.63
2.73
2.73
2.73
4.829
4.829
4.829
2.486
2.486
0.426
0.426
0.438
0.438
0.334
0.322
0.322
0.322
0.322
0.322
0.322
0.382
0.442
0.442
0.382
0.382
0.382
0.382
0.282
0.282
0.382
0.382
0.682
0.682
0.382
0.382
0.342
0.342
0.342
0.342
0.342
0.342
0.342
0.342
0.342
0.342
0.342
0.342
0.598
0.598
0.598
0.598
0.702
0.702
0.702
0.702
0.702
0.702
0.611
0.611
0.611
0.611
0.415
0.355
0.494
0.494
0.494
0.494
0.494
0.554
0.45
0.439
0.439
0.439
0.439
0.439
0.439
0.439
0.439
0.565
0.565
0.565
0.565
0.565
0.565
0.565
0.361
0.361
0.361
0.361
0.361
0.361
0.361
0.361
0.361
0.361
0.361
0.361
0.361
0.361
0.361
0.361
0.301
0.075
0.075
0.075
0.075
0.075
0.075
0.075
0.075
0.075
0.075
0.075
0.075
0.075
0.075
0.075
0.075
0.075
0.271
0.271
0.282
0.282
0.282
0.282
0.282
0.282
0.282
0.282
0.282
0.282
0.282
2.525
2.329
2.389
0.25
0.25
0.25
0.25
0.25
0.25
0.25
0.25
0.25
0.281
0.281
0.281
0.281
0.221
0.221
0.117
0.117
0.117
0.117
0.117
0.117
0.117
0.117
0.117
0.117
0.117
0.117
0.461
0.461
0.461
0.461
0.217
0.217
0.217
0.217
0.217
0.217
0.217
0.217
0.217
0.217
0.217
0.217
0.217
0.217
0.217
0.106
0.106
0.106
0.106
0.31
0.31
0.31
0.31
0.31
0.31
0.414
0.414
0.414
0.414
0.414
0.414
0.414
0.414
0.414
0.414
2.514
2.514
2.71
2.71
2.71
2.71
2.506
2.506
2.402
2.402
2.402
2.402
2.402
2.402
2.402
2.402
2.175
2.175
2.175
2.175
0.075
0.075
0.075
0.075
0.075
0.075
0.075
0.075
0.075
0.135
0.235
0.235
0.235
0.235
0.235
0.235
0.347
0.347
0.347
0.335
0.335
0.335
0.335
0.335
0.335
0.335
0.346
0.346
0.346
0.246
0.246
0.246
0.246
0.246
0.246
0.246
0.246
0.246
0.246
0.277
0.277
0.357
0.357
0.357
0.297
0.297
0.297
0.297
0.297
0.297
0.297
0.297
0.297
0.297
0.237
0.237
0.237
0.237
0.441
0.441
0.737
0.637
0.637
0.697
0.697
0.697
0.697
0.697
0.697
0.697
0.697
0.757
0.757
0.757
0.561
0.501
0.285
0.285
0.285
0.285
0.285
0.489
0.494
0.494
0.429
0.429
0.418
0.418
0.418
0.418
0.418
0.418
0.418
0.398
0.398
0.398
0.398
0.409
0.409
0.409
0.409
0.409
0.349
0.145
0.145
0.145
0.145
0.145
0.145
0.145
0.145
0.145
0.114
0.114
0.114
0.114
0.114
0.114
0.214
0.31
0.31
0.349
0.349
0.349
0.349
0.349
0.349
0.349
0.349
0.349
0.349
0.349
0.545
0.545
0.545
0.545
0.545
0.545
0.545
0.441
0.441
0.341
0.341
0.341
0.341
0.341
0.145
0.145
0.145
0.145
0.36
0.36
0.704
0.704
0.704
0.704
0.36
0.349
0.349
0.349
0.349
0.349
0.369
0.434
0.434
0.434
0.434
0.434
0.434
0.434
0.434
0.434
0.23
0.23
0.23
0.23
0.25
0.25
0.25
0.25
0.354
0.354
0.354
0.366
0.366
0.366
0.366
0.366
0.366
0.366
0.366
0.366
0.335
0.335
0.335
0.335
0.335
0.335
0.231
0.231
0.231
0.211
0.191
0.191
0.191
0.191
0.191
2.33
2.33
2.33
0.191
0.126
0.126
0.126
0.126
0.126
0.126
0.186
0.186
0.382
0.382
0.382
0.442
0.431
0.431
0.371
0.371
0.371
0.371
0.371
0.371
0.431
0.635
0.439
0.439
0.439
0.379
0.379
0.379
0.379
0.439
0.499
0.579
0.579
0.683
0.683
0.683
0.683
0.683
0.683
0.683
0.643
0.643
0.643
0.439
0.439
0.439
2.578
2.638
2.638
0.379
0.379
0.275
0.275
0.275
0.575
0.575
0.275
0.275
0.275
0.275
0.275
0.263
0.263
0.263
0.283
0.283
0.283
0.283
0.283
0.283
0.283
0.283
0.283
0.283
0.283
0.295
0.295
0.295
0.295
0.295
0.295
0.295
0.295
0.295
0.295
0.295
0.295
0.439
0.439
0.439
2.527
2.539
2.539
2.579
2.579
2.579
2.579
2.579
2.579
2.591
2.591
2.691
2.667
2.667
2.771
2.771
2.771
2.771
2.771
2.467
0.367
0.367
0.367
0.563
0.623
0.723
0.623
0.623
0.623
0.623
0.623
0.623
0.619
0.519
0.519
0.519
0.863
0.727
0.727
0.627
0.343
0.343
0.343
0.343
0.343
0.343
0.343
0.283
0.283
0.314
0.314
0.314
0.314
0.314
0.314
0.254
0.254
0.254
2.393
2.493
2.493
0.354
0.354
0.254
0.254
0.254
0.254
1.584
1.828
1.878
1.878
1.838
1.838
3.977
3.977
3.977
1.838
1.838
1.838
1.838
1.898
1.898
1.838
1.838
1.838
1.838
1.838
1.838
1.838
1.838
0.065
0.065
0.065
0.065
0.065
0.261
0.261
0.261
0.261
0.261
0.261
0.261
0.261
0.261
0.261
0.261
0.261
0.261
0.261
0.065
0.065
0.065
0.065
0.065
0.065
0.065
0.065
0.065
0.065
0.065
1.424
1.424
1.424
1.424
1.424
1.424
1.424
1.424
1.424
1.424
1.424
1.424
1.424
1.424
1.528
1.528
1.528
1.528
1.528
1.528
1.528
1.539
1.55
1.55
1.55
2.054
1.754
1.754
1.754
1.754
1.754
1.754
1.619
1.639
1.699
1.679
1.679
0.289
0.289
0.289
0.289
0.385
0.385
0.385
0.445
0.445
0.457
0.253
0.253
0.253
0.253
0.253
0.253
0.253
0.253
0.253
0.253
0.449
0.449
0.384
0.384
0.51
0.51
0.384
0.444
0.444
0.444
0.444
0.444
0.444
0.444
0.352
0.412
0.412
0.412
0.412
0.878
0.752
0.452
0.452
0.452
0.441
0.441
0.441
0.341
0.381
0.381
0.381
0.392
0.288
0.288
0.288
0.288
0.288
0.288
0.277
0.277
0.288
0.288
0.288
0.288
0.288
0.288
0.288
0.288
0.288
0.288
0.288
0.288
0.288
0.288
0.288
0.276
0.276
0.245
0.245
0.245
0.295
0.295
0.295
0.295
0.295
0.295
0.295
0.295
0.346
0.346
0.542
0.642
0.642
0.642
0.602
0.81
2.949
2.949
3.009
0.87
0.87
0.87
0.87
0.87
0.754
0.754
0.704
0.644
0.644
0.644
0.644
0.633
0.633
0.529
0.481
0.481
0.469
0.265
0.265
0.265
0.265
0.265
0.325
0.325
0.325
0.325
0.325
0.437
0.497
0.477
0.477
0.417
0.417
0.414
0.414
0.414
0.414
0.414
0.414
0.414
0.414
0.354
0.354
0.354
0.354
0.354
0.354
0.354
0.414
0.414
0.414
0.414
0.414
0.414
0.414
0.414
0.414
0.414
0.414
0.454
0.65
0.579
0.579
0.579
0.579
0.683
0.683
0.683
0.663
0.723
0.723
0.773
0.773
0.773
0.577
0.577
0.577
0.577
0.577
0.577
0.577
0.781
0.781
0.742
0.742
0.742
0.742
0.692
0.692
0.692
0.692
0.703
0.703
0.703
2.968
2.968
2.968
0.829
0.849
0.789
0.789
0.789
0.789
0.52
0.52
0.52
0.52
0.52
0.52
0.52
0.52
0.52
0.58
0.065
0.065
0.065
0.065
0.065
0.065
0.065
0.065
0.065
0.065
0.065
0.065
0.065
0.065
0.065
0.065
0.065
0.065
0.065
0.065
0.065
0.065
0.065
0.065
0.065
0.065
0.065
0.365
0.365
0.365
0.365
0.365
0.365
0.365
0.365
0.365
0.365
0.569
0.569
0.569
