0.13119999999999998
0.233
0.225
0.213
0.219
0.219
0.3198
0.365
0.32819999999999994
0.389
0.409
1.1400000000000001
0.6838
0.40800000000000003
0.44700000000000006
0.5118
0.256
0.256
0.256
0.10880000000000001
0.072
0.072
0.072
0.072
0.072
0.072
0.072
0.072
0.072
0.072
0.072
0.072
0.1824
0.256
0.256
0.256
0.2192
0.072
0.13140000000000002
0.171
0.171
0.171
0.072
0.072
0.072
0.072
0.072
0.1824
0.256
0.256
0.256
0.2192
0.1116
0.171
0.171
0.171
0.0918
0.072
0.072
0.072
0.072
0.072
0.1456
0.3154
0.355
0.355
0.355
0.072
0.072
0.072
0.072
0.072
0.22400000000000003
0.304
0.348
0.4095999999999999
0.4378
0.45299999999999996
0.469
0.3338
0.27
0.29400000000000004
0.35
0.534
1.9460000000000002
0.66
0.58
0.37160000000000004
0.5912000000000001
1.3656
1.9332
1.8716000000000002
1.86
1.906
2.1351999999999998
1.1174000000000004
0.7090000000000001
0.729
0.765
0.9164
0.8815999999999999
0.8140000000000001
0.8948
0.7949999999999999
0.8805999999999999
0.9549999999999998
0.9460000000000001
0.958
0.958
0.782
6.499
0.99
1.3296000000000001
1.2570000000000001
1.189
1.041
0.5498000000000001
0.4699999999999999
0.6779999999999999
0.654
0.654
0.654
0.5676
0.5334
0.549
0.549
0.549
0.45
0.45
0.462
0.41000000000000003
0.35
0.49720000000000003
0.534
0.534
0.9780000000000001
1.3163999999999998
0.31
0.32599999999999996
0.33399999999999996
0.31
0.31
2.855
2.855
2.855
2.855
2.9870000000000005
2.915
4.3790000000000004
2.995
2.963
2.955
2.9714
3.0490000000000004
0.492
0.7559999999999999
6.461
1.3998
2.104
0.6576000000000001
0.6517999999999999
0.731
0.619
0.591
0.5668
0.37
0.37
0.37
0.37960000000000005
0.38380000000000003
0.41500000000000004
0.491
0.6205999999999999
0.8064
0.792
0.7402
0.661
0.6761999999999999
0.437
0.393
0.47539999999999993
0.37699999999999995
0.325
0.305
0.531
0.6186
2.819
2.9482
3.0076
2.8679999999999994
3.22
2.4737999999999998
1.982
1.9140000000000001
2.0218
1.9373999999999998
1.422
1.0543999999999998
0.598
0.67
0.7612000000000001
0.7657999999999999
1.0719999999999998
1.116
0.9844000000000002
0.9381999999999999
0.8868
0.9339999999999999
1.3980000000000001
1.35
1.338
1.206
1.1904
1.177
1.1766
1.2372
0.9882
0.952
0.9360000000000002
0.8026
0.6416
0.6419999999999999
0.6960000000000001
0.74
0.74
0.7123999999999999
0.616
0.568
0.576
0.5648000000000001
0.499
0.6321999999999999
0.7420000000000001
0.892
0.8618
0.9010000000000001
0.873
0.728
0.6806
0.657
0.648
0.9753999999999999
1.006
0.6970000000000001
0.6956
0.6522
0.8190000000000002
1.1229999999999998
2.0766
1.6421999999999997
1.2169999999999999
1.3672
2.1155999999999997
2.183
2.211
2.191
1.9428
1.8448
0.937
0.873
0.813
0.9002000000000001
0.937
1.7440000000000002
1.5018
1.0834
0.9294
1.167
1.4236
1.294
1.266
1.294
1.3306
1.0335999999999999
0.8347999999999999
0.9188000000000001
0.882
1.3794
1.4793999999999998
1.2818
1.045
0.6674
0.483
0.567
0.611
0.575
0.701
6.1106
