0.065
0.065
0.065
0.065
0.065
0.065
0.065
0.065
0.065
0.065
0.055
0.055
0.055
0.055
0.055
0.055
0.055
0.055
0.055
0.055
0.055
0.055
0.055
0.055
0.055
0.055
0.055
0.055
0.055
0.055
0.055
0.055
0.055
0.055
0.055
0.055
0.055
0.055
0.055
0.055
0.065
0.065
0.065
0.065
0.065
0.065
0.065
0.065
0.065
0.065
0.065
0.065
0.065
0.065
0.065
0.065
0.065
0.065
0.065
0.065
0.065
0.065
0.065
0.065
0.065
0.065
0.065
0.065
0.065
0.065
0.065
0.065
0.065
0.065
0.065
0.065
0.065
0.065
0.065
0.065
0.065
0.065
0.065
0.065
0.065
0.065
0.065
0.065
0.065
0.065
0.065
0.065
0.065
0.065
0.065
0.065
0.065
0.065
0.065
0.065
0.065
0.065
0.065
0.065
0.065
0.065
0.065
0.065
0.065
0.065
0.065
0.065
0.065
0.065
0.065
0.065
0.065
0.065
0.275
0.275
0.275
0.275
0.275
0.275
0.275
0.275
0.275
0.275
0.275
0.275
0.275
0.275
0.275
0.275
0.275
0.275
0.275
0.275
0.275
0.275
0.065
0.065
0.065
0.065
0.065
0.065
0.065
0.065
0.065
0.065
0.065
0.065
0.065
0.065
0.065
0.065
0.065
0.065
0.065
0.065
0.065
0.065
0.065
0.065
0.065
0.065
0.065
0.065
0.065
0.065
0.065
0.065
0.065
0.065
0.065
0.065
0.065
0.065
0.065
0.065
0.065
0.065
0.065
0.065
0.065
0.065
0.065
0.065
0.065
0.065
0.065
0.065
0.065
0.065
0.065
0.065
0.065
0.065
0.065
0.065
0.065
0.065
0.065
0.065
0.065
0.065
0.065
0.065
0.065
0.065
0.065
0.065
0.065
0.065
0.065
0.065
0.065
0.065
0.065
0.065
0.065
0.065
0.065
0.065
0.065
0.065
0.275
0.275
0.275
0.275
0.275
0.275
0.275
0.275
0.275
0.275
0.275
0.275
0.275
0.275
0.275
0.275
0.275
0.275
0.275
0.275
0.275
0.275
0.065
0.065
0.065
0.065
0.065
0.065
0.065
0.065
0.065
0.065
0.065
0.065
0.065
0.065
0.065
0.065
0.065
0.065
0.065
0.065
0.065
0.065
0.065
0.065
0.065
0.065
0.065
0.065
0.065
0.065
0.065
0.065
0.065
0.065
0.065
0.065
0.065
0.065
0.065
0.065
0.065
0.065
0.065
0.065
0.065
0.065
0.065
0.065
0.065
0.065
0.065
0.065
0.065
0.065
0.065
0.065
0.065
0.065
0.065
0.065
0.065
0.065
0.065
0.065
0.065
0.065
0.065
0.065
0.065
0.065
0.065
0.065
0.065
0.065
0.065
0.065
0.065
0.065
0.065
0.065
0.065
0.065
0.065
0.065
0.065
0.065
0.065
0.065
0.065
0.065
0.065
0.065
0.065
0.065
0.065
0.065
0.065
0.065
0.065
0.275
0.275
0.275
0.275
0.275
0.275
0.275
0.275
0.275
0.275
0.275
0.275
0.275
0.273
0.273
0.273
0.273
0.273
0.273
0.273
0.273
0.273
0.063
0.063
0.063
0.123
0.135
0.135
0.135
0.135
0.135
0.135
0.135
0.135
0.135
0.135
0.135
0.147
0.147
0.182
0.17
0.17
0.17
0.17
0.17
0.27
0.27
0.27
0.33
0.33
0.37
0.37
0.37
0.27
0.27
0.21
0.21
0.222
0.222
0.222
0.222
0.222
0.222
0.222
0.222
0.234
0.234
0.234
0.444
0.444
0.444
0.432
0.432
0.432
0.453
0.453
0.444
0.444
0.444
0.444
0.444
0.444
0.444
0.444
0.453
0.544
0.544
0.544
0.58
0.58
0.37
0.37
0.39
0.402
0.402
0.402
0.402
0.402
0.402
0.39
0.39
0.39
0.39
0.39
0.39
0.39
0.37
0.37
0.37
0.37
0.37
0.37
0.37
0.37
0.37
0.37
0.37
0.37
0.39
0.39
0.37
0.37
0.518
0.538
0.518
0.518
0.518
0.518
0.382
0.382
0.41
0.41
0.41
0.43
0.43
0.43
0.43
0.43
0.43
0.43
2.478
2.418
2.418
0.37
0.33
0.33
0.33
0.342
0.597
0.617
0.617
0.532
0.532
0.532
0.532
0.532
0.432
0.432
0.432
0.532
0.532
0.532
0.552
0.552
2.385
2.385
4.433
4.433
4.433
2.385
2.175
2.175
2.175
2.215
2.215
2.235
2.235
2.235
2.235
2.235
2.235
2.235
2.235
2.135
0.302
0.29
0.29
0.29
0.29
0.29
0.29
0.29
0.35
0.362
0.362
0.35
0.35
0.35
0.35
0.29
0.29
0.29
2.278
2.278
2.378
0.33
0.39
0.39
0.39
0.39
0.39
0.39
0.39
0.39
0.39
0.39
0.402
0.402
0.402
0.515
0.515
0.515
0.515
0.515
0.515
0.515
2.563
2.563
2.773
0.725
0.725
0.725
0.725
0.725
0.725
0.725
0.725
0.725
0.725
0.725
0.725
2.773
2.773
2.773
0.725
0.725
0.725
0.725
0.725
0.725
0.515
0.527
0.587
0.587
0.527
0.527
0.527
0.527
0.527
0.567
0.567
0.567
0.567
0.567
0.567
0.567
0.567
0.567
0.567
0.579
0.559
0.559
0.559
0.559
0.559
0.559
0.547
0.547
0.547
0.512
0.512
0.524
0.524
0.524
0.524
0.524
0.524
0.524
0.524
0.512
0.512
0.512
0.512
0.512
0.512
0.512
0.512
0.512
0.512
0.512
0.512
0.512
0.722
0.722
0.682
0.682
0.682
0.682
0.682
0.682
0.682
0.682
0.682
0.682
0.682
0.682
0.682
0.682
0.682
0.682
0.682
0.622
0.562
0.562
0.352
0.352
0.364
0.364
0.364
0.364
0.364
0.364
0.364
0.065
0.065
0.065
0.065
0.065
0.065
0.065
0.065
0.065
0.065
0.065
0.065
0.065
0.065
0.065
0.065
0.065
0.065
0.065
0.065
0.065
0.065
0.065
0.065
0.065
0.065
0.065
0.065
0.065
0.065
0.065
0.065
0.065
0.065
0.065
0.065
0.065
0.065
0.065
0.065
0.065
0.065
0.065
0.065
0.065
0.065
0.065
0.065
0.065
0.065
0.2
0.2
0.235
0.212
0.252
0.252
0.2
0.2
0.2
0.188
0.188
0.188
0.283
0.223
0.223
0.223
0.223
0.223
0.223
0.223
0.065
0.275
0.275
0.275
0.275
0.275
0.275
0.275
0.275
0.275
0.275
0.275
0.275
0.275
0.275
0.275
0.275
0.275
0.275
0.275
0.275
0.275
0.275
0.065
0.065
0.065
0.065
0.065
0.065
0.065
0.065
0.065
0.065
0.065
0.065
0.065
0.065
0.065
0.065
0.065
0.065
0.065
0.065
0.065
0.065
0.065
0.065
0.065
0.065
0.065
0.065
0.065
0.065
0.065
0.065
0.065
0.065
0.065
0.065
0.065
0.065
0.065
0.065
0.065
0.065
0.065
0.065
0.065
0.065
0.065
0.065
0.065
0.065
0.065
0.065
0.065
0.065
0.065
0.065
0.065
0.065
0.065
0.065
0.065
0.065
0.065
0.065
0.065
0.065
0.275
0.275
0.275
0.275
0.275
0.275
0.275
0.275
0.275
0.275
0.275
0.275
0.275
0.275
0.275
0.275
0.275
0.275
0.275
0.275
0.275
0.275
0.065
0.065
0.065
0.065
0.065
0.065
0.065
0.065
0.065
0.065
0.065
0.065
0.065
0.065
0.065
0.065
0.065
0.065
0.065
0.065
0.065
0.065
0.065
0.065
0.065
0.065
0.065
0.065
0.065
0.065
0.065
0.065
0.065
0.065
0.065
0.065
0.065
0.065
0.065
0.065
0.065
0.065
0.065
0.065
0.065
0.065
0.065
0.065
0.275
0.275
0.275
0.275
0.275
0.275
0.275
0.275
0.275
0.275
0.275
0.398
0.398
0.398
0.398
0.398
0.398
0.398
0.458
0.498
0.498
0.498
0.288
0.228
0.228
0.228
0.228
0.228
0.228
0.278
0.238
0.238
0.238
0.278
2.276
2.356
2.391
0.343
0.303
0.303
0.283
0.443
0.383
0.383
0.371
0.371
0.431
0.431
0.431
0.431
0.431
0.431
0.431
0.431
0.431
0.431
0.528
0.553
0.553
0.493
0.493
0.493
0.505
0.525
0.525
0.662
0.662
0.662
0.782
0.722
0.722
0.722
0.722
0.722
1.052
0.992
0.992
0.992
0.992
0.992
0.932
0.932
0.932
0.932
0.952
1.006
1.006
1.041
1.041
0.981
0.981
0.981
0.921
0.921
0.981
0.946
0.736
0.736
0.736
0.736
0.736
0.776
0.716
0.756
0.568
0.628
0.628
0.628
0.628
0.628
0.678
0.604
0.544
0.544
0.544
0.544
0.579
0.579
0.579
0.579
0.579
0.579
0.579
0.591
0.611
0.561
0.549
0.549
0.561
0.621
0.609
0.609
0.609
0.609
0.521
0.509
0.509
0.509
0.509
0.609
0.509
0.569
0.569
0.569
0.569
0.593
0.593
0.593
0.803
0.803
0.803
2.079
2.079
2.079
2.179
2.179
2.179
2.179
2.179
2.179
2.179
2.079
2.079
2.079
2.079
2.019
2.019
2.019
2.019
2.119
1.809
1.809
1.809
1.821
1.821
1.821
1.821
1.856
1.856
1.856
1.856
0.58
0.58
0.58
0.52
0.532
0.592
0.592
0.592
0.592
0.632
0.623
0.571
0.571
0.571
0.571
0.571
0.571
0.571
0.571
0.571
0.58
0.559
0.559
0.571
0.559
0.559
0.559
0.559
0.559
0.559
0.559
0.499
0.487
0.487
0.487
0.339
0.319
0.319
0.319
0.319
0.319
0.319
0.319
2.63
2.63
2.63
2.639
2.651
2.651
2.651
2.651
2.591
2.591
2.591
2.591
2.616
2.616
2.616
2.604
0.441
0.432
0.48
0.48
0.492
0.492
0.48
0.48
0.48
0.48
0.48
0.48
0.48
0.48
0.48
0.48
0.48
0.42
0.42
0.42
0.42
0.42
0.42
0.42
0.42
0.42
0.42
0.42
0.42
0.42
0.42
0.42
0.42
0.42
0.42
0.42
0.42
0.42
0.42
0.42
0.42
0.455
0.455
0.455
0.42
0.42
0.42
0.42
0.42
0.42
0.42
0.417
0.417
0.482
1.57
3.553
3.553
2.675
0.587
0.587
0.587
0.587
0.587
0.587
0.587
0.587
0.637
0.649
0.649
0.649
0.649
0.275
0.275
0.275
0.275
0.275
0.065
0.065
0.065
0.065
0.065
0.32
0.32
0.385
0.385
0.385
2.483
2.523
2.535
0.437
0.437
0.437
0.437
0.437
0.437
0.497
0.557
0.557
0.497
0.4
0.4
0.4
0.4
0.4
0.4
0.435
0.495
0.495
0.507
0.447
0.447
0.447
0.447
0.447
0.447
0.412
0.424
0.424
0.424
0.424
0.276
0.276
0.276
0.276
0.288
0.288
0.288
0.424
0.634
0.634
0.731
0.634
0.634
0.634
0.634
0.634
0.654
0.622
0.722
0.722
0.697
0.685
0.685
0.685
0.685
0.805
2.908
2.968
2.956
3.016
2.781
2.781
2.878
2.818
2.818
2.67
2.67
2.67
2.67
2.67
2.67
2.558
0.395
0.395
0.407
0.407
0.407
0.407
0.407
0.407
0.407
0.065
0.065
0.065
0.065
0.065
0.065
0.065
0.065
0.065
0.065
0.065
0.065
0.065
0.065
0.065
0.065
0.065
0.065
0.065
0.065
0.065
0.065
0.065
0.065
0.065
0.065
0.065
0.065
0.065
0.065
0.065
0.065
0.065
0.065
0.065
0.065
0.065
0.065
0.065
0.065
0.065
0.065
0.065
0.065
0.065
0.065
0.065
0.065
0.065
0.065
0.065
0.065
0.065
0.065
0.065
0.065
0.065
0.065
0.065
0.065
0.065
0.065
0.065
0.065
0.065
0.065
0.065
0.065
0.065
0.065
0.065
0.065
0.065
0.065
0.065
0.065
0.065
0.065
0.065
0.065
0.065
0.065
0.065
0.065
0.065
0.065
0.065
0.065
0.065
0.065
0.065
0.065
0.065
0.065
0.065
0.065
0.065
0.065
0.065
0.065
0.065
0.065
0.065
0.065
0.065
0.065
0.065
0.065
0.065
0.065
0.065
0.065
0.065
0.065
0.065
0.065
0.065
0.065
0.065
0.065
