0.04700000000000001
0.13006666666666666
0.20113333333333336
0.22000000000000008
0.1073333333333333
0.05100000000000002
0.19573333333333334
0.1289333333333333
0.18620000000000003
0.16366666666666674
0.05100000000000002
0.05100000000000002
0.17426666666666665
0.3870000000000001
0.06226666666666669
0.05100000000000002
0.05100000000000002
0.05100000000000002
0.1974666666666667
0.20806666666666668
0.218
0.05100000000000002
0.05100000000000002
0.14113333333333333
0.28666666666666674
0.19573333333333337
0.05100000000000002
0.05100000000000002
0.10733333333333332
0.22000000000000008
0.07353333333333335
0.05100000000000002
0.17346666666666666
0.18253333333333333
0.27353333333333335
0.24533333333333332
0.137
0.10499999999999998
0.12793333333333334
2.6959333333333335
1.2001333333333335
0.6704000000000001
0.123
0.123
0.2580666666666667
0.4380666666666666
0.21420000000000006
0.2876000000000001
0.05100000000000002
0.14006666666666667
0.34233333333333327
0.14113333333333333
0.05100000000000002
0.14006666666666667
0.18460000000000004
0.06226666666666668
0.22000000000000008
0.11859999999999997
0.20686666666666664
0.11779999999999996
0.1186
0.22000000000000008
0.06226666666666669
0.20686666666666664
0.11779999999999996
0.05100000000000002
0.05100000000000002
0.09606666666666668
0.22000000000000008
0.09573333333333335
0.37000000000000005
0.38600000000000007
0.35899999999999993
0.5041333333333334
0.4964
0.8643333333333332
0.218
0.30900000000000005
0.35866666666666663
0.34366666666666673
0.5652666666666668
0.6612666666666668
0.6393333333333333
0.4095333333333333
0.37093333333333334
0.43259999999999993
0.6199333333333332
1.8119333333333323
0.218
0.0955333333333333
0.18620000000000003
0.16366666666666674
0.05100000000000002
0.218
0.10666666666666663
0.05100000000000002
