0.06299999999999997
0.06566666666666664
0.07299999999999998
0.23300000000000007
0.1263333333333333
0.07299999999999998
0.3584666666666667
0.3707333333333332
0.169
0.07299999999999998
0.07299999999999998
0.1908
0.5088000000000003
0.19859999999999997
0.07299999999999998
0.07299999999999998
0.3837333333333334
0.4414666666666668
0.07299999999999998
0.07299999999999998
0.07299999999999998
0.07299999999999998
0.2640000000000001
0.3346000000000001
0.08626666666666664
0.16900000000000004
0.19033333333333335
0.25126666666666675
0.17486666666666664
0.07299999999999998
0.20100000000000004
0.27773333333333344
0.15200000000000005
0.4271999999999999
0.2798
0.351
0.49413333333333315
0.13893333333333333
0.22406666666666655
0.2830666666666667
0.29113333333333336
0.22260000000000002
0.3878
0.1963333333333333
0.20040000000000002
0.3563333333333334
2.500133333333333
1.9049999999999998
0.4070666666666666
0.3359333333333333
0.27899999999999997
0.37899999999999995
0.6900000000000002
0.4753333333333334
0.4425333333333334
0.07299999999999998
0.17486666666666667
0.31760000000000005
0.19240000000000002
0.1476666666666667
0.21166666666666673
0.07299999999999998
0.07299999999999998
0.25126666666666675
0.3606000000000001
0.1476666666666667
0.21166666666666673
0.16213333333333335
0.30380000000000007
0.21893333333333337
0.4339999999999999
0.5656666666666667
0.8916666666666664
0.6859333333333332
0.6634000000000001
0.46566666666666656
0.6896000000000001
0.8712000000000001
1.8924666666666667
2.2727999999999997
0.5433333333333334
0.491
0.7316666666666668
0.6524666666666666
0.5268666666666666
0.5942000000000002
0.6907333333333334
0.6205333333333333
0.07299999999999998
0.07299999999999998
0.07299999999999998
0.21893333333333337
0.27280000000000004
0.1263333333333333
0.07299999999999998
0.1345333333333333
