0.062
0.062
0.062
0.062
0.07
0.072
0.072
0.072
0.072
0.072
0.072
0.072
0.072
0.072
0.072
0.16720000000000002
0.2226
0.525
0.5012000000000001
0.406
0.3744
0.14239999999999997
0.072
0.072
0.072
0.072
0.072
0.072
0.072
0.072
0.3832
0.525
0.525
0.525
0.2366
0.072
0.072
0.072
0.072
0.072
0.072
0.072
0.072
0.1984
0.23000000000000004
0.23000000000000004
0.23000000000000004
0.1036
0.072
0.072
0.072
0.14340000000000003
0.191
0.191
0.191
0.072
0.072
0.072
0.072
0.1424
0.248
0.248
0.2796
0.406
0.23000000000000004
0.3014
0.3174
0.191
0.191
0.072
0.072
0.072
0.1072
0.248
0.248
0.406
0.406
0.3366
0.349
0.191
0.191
0.072
0.072
0.072
0.072
0.072
0.1424
0.3428
0.5479999999999999
0.6368
0.8096
0.7666
0.6764
0.6085999999999999
0.6732
0.7444
0.749
0.845
0.8364
0.9952000000000002
1.0652000000000001
1.2900000000000003
1.3800000000000001
1.4828
1.6186
1.6742000000000001
1.442
1.7524000000000002
1.9236
0.994
0.974
0.9052
1.7833999999999999
3.1358000000000006
3.1118
2.6518
1.9302
2.8148
2.926
3.0804
3.2004000000000006
2.6534000000000004
1.121
0.9158
1.397
0.663
0.655
1.3832
1.1502
0.914
0.9624
1.035
1.0535999999999999
1.19
0.406
0.406
0.3744
0.072
0.072
0.072
0.595
0.595
0.595
0.4772
0.43899999999999995
0.524
0.6344
0.7194
0.7816000000000001
0.6536
0.626
0.4184
0.3872
0.493
0.5840000000000001
0.5481999999999999
0.49420000000000003
0.5519999999999999
0.544
0.6842
1.1712
0.9084
0.248
0.248
0.14239999999999997
0.23000000000000004
0.23000000000000004
0.23000000000000004
0.23000000000000004
0.072
0.191
0.191
0.191
0.2842
0.248
0.248
0.248
0.17759999999999998
0.072
0.072
0.072
0.072
0.072
0.072
0.072
0.072
0.072
0.072
0.072
0.072
0.072
0.1424
0.777
0.899
0.899
0.9400000000000001
0.923
0.943
0.943
0.8722000000000001
0.9349999999999999
1.0428
0.9443999999999999
0.774
0.8291999999999999
0.7911999999999999
0.8099999999999999
0.798
0.7316
0.702
0.7448
0.701
0.786
0.9012
0.9506
1.2693999999999999
1.5837999999999999
0.768
1.6012
0.8454
0.9907999999999999
0.9339999999999999
0.8252
0.7468
0.8310000000000001
0.619
0.679
2.8576
2.8280000000000003
3.0248
1.4768000000000001
1.0859999999999999
1.2388
1.3756
1.1283999999999998
1.2483999999999997
1.286
1.252
1.579
1.8018
1.0209999999999997
0.9662
1.113
1.188
1.069
1.097
1.3417999999999999
1.7992000000000001
3.618
8.997
3.7194000000000003
3.4476
1.826
1.6919999999999997
1.671
1.3682000000000003
1.2988
1.342
1.225
1.3501999999999998
1.25
1.149
1.1582000000000001
1.2465999999999997
1.5032
1.689
1.675
1.6030000000000002
1.2971999999999997
1.1239999999999999
1.104
1.104
1.108
1.0028000000000001
0.072
0.072
0.072
0.1352
0.23000000000000004
0.23000000000000004
0.23000000000000004
0.1668
0.072
0.1196
0.191
0.191
0.183
0.0858
