0.06400000000000003
0.06400000000000003
0.06400000000000003
0.06400000000000003
0.06400000000000003
0.06400000000000003
0.08586666666666669
0.19520000000000007
0.17133333333333337
0.1713333333333334
0.06400000000000003
0.06400000000000003
0.10773333333333333
0.17333333333333337
0.11766666666666668
0.22500000000000006
0.06400000000000003
0.1514666666666667
0.12960000000000005
0.06400000000000003
0.09620000000000002
0.22500000000000006
0.08546666666666672
0.07493333333333335
0.2061333333333334
0.06400000000000003
0.06400000000000003
0.18206666666666668
0.16060000000000005
0.09226666666666669
2.5072
2.091266666666667
0.41
1.8182666666666665
0.21086666666666662
0.2442000000000001
0.3058
0.3666000000000001
0.06400000000000003
0.1296
0.1622
0.22500000000000006
0.10693333333333337
0.06400000000000003
0.06400000000000003
0.06400000000000003
0.06400000000000003
0.06400000000000003
0.06400000000000003
0.2804666666666667
0.2152666666666667
0.06400000000000003
0.06400000000000003
0.06400000000000003
0.11866666666666667
0.31266666666666665
0.12840000000000004
0.06400000000000003
0.06400000000000003
0.06400000000000003
0.09680000000000001
0.18426666666666672
0.10693333333333335
0.22500000000000006
0.07473333333333336
0.06400000000000003
0.06400000000000003
0.12840000000000001
0.21426666666666672
0.11866666666666667
0.4014000000000001
0.36299999999999993
3.6981333333333324
1.9282666666666657
0.8030000000000003
0.6671333333333334
1.1824666666666666
2.095666666666667
4.148
2.733133333333334
3.4277333333333333
1.8566000000000007
0.5197999999999998
0.7759999999999998
0.9368666666666665
1.0609333333333333
2.5626000000000007
2.998733333333334
0.8820666666666668
2.200933333333333
2.888466666666667
0.4752
0.5660000000000001
0.43113333333333326
0.06400000000000003
0.14986666666666668
