0.066
0.066
0.066
0.07400000000000001
0.076
0.076
0.076
0.076
0.076
0.076
0.076
0.076
0.076
0.076
0.21680000000000002
0.252
0.302
0.377
0.30660000000000004
0.201
0.101
0.23680000000000004
0.277
0.277
0.076
0.076
0.076
0.15100000000000002
0.377
0.377
0.377
0.252
0.14639999999999997
0.076
0.076
0.1162
0.277
0.277
0.1966
0.076
0.076
0.076
0.252
0.277
0.377
0.377
0.27140000000000003
0.126
0.076
0.076
0.277
0.277
0.23680000000000004
0.076
0.076
0.076
0.1464
0.252
0.252
0.277
0.377
0.201
0.201
0.126
0.076
0.076
0.23680000000000004
0.277
0.277
0.076
0.252
0.277
0.377
0.377
0.27140000000000003
0.126
0.076
0.076
0.076
0.076
0.1564
0.277
0.277
0.15639999999999998
0.076
0.201
0.201
0.201
0.15099999999999997
0.076
0.076
0.076
0.076
0.076
0.21680000000000002
0.252
0.252
0.37260000000000004
0.5686
0.507
0.3872
0.42400000000000004
0.5090000000000001
0.774
0.983
0.9693999999999999
0.9940000000000001
0.985
0.999
0.985
0.17600000000000002
0.201
0.3116
0.5529999999999999
0.453
0.3726
0.252
0.076
0.076
0.076
0.076
0.076
0.076
0.076
0.076
0.076
0.252
0.252
0.252
0.33240000000000003
0.4224
0.402
0.28140000000000004
0.201
0.076
0.076
0.076
0.076
0.076
0.076
0.076
0.076
0.21680000000000002
0.252
0.252
0.277
0.30660000000000004
0.3216
0.543
0.46799999999999997
0.2572
0.217
0.217
0.2202
0.22759999999999997
0.238
0.34359999999999996
0.47539999999999993
0.5982000000000001
0.4248
0.4058
0.265
0.7051999999999999
1.3828
2.078
1.9976000000000003
1.8744
1.8210000000000002
1.7757999999999998
1.044
2.521
2.5305999999999997
2.6986
2.785
1.1458
0.739
0.7038
0.5681999999999999
0.576
0.5664
0.5916
0.6754
0.9560000000000001
1.032
0.9442
1.4006
0.8262
0.8472
0.8124
0.8816
0.25359999999999994
0.148
0.21880000000000002
0.148
0.21879999999999997
0.718
0.201
0.201
0.201
0.076
0.2318
0.453
0.8360000000000001
1.9306
1.8259999999999998
1.7844000000000002
1.748
1.7564
1.7172
0.40499999999999997
0.3786
0.369
0.332
0.34199999999999997
0.20059999999999997
0.42299999999999993
0.5811999999999999
0.5978
0.475
0.538
0.47859999999999997
0.41479999999999995
0.321
0.3428
0.404
0.393
0.601
1.0458
1.0170000000000001
0.9642
0.892
0.7386
1.1019999999999999
2.4286000000000003
1.8264000000000002
0.6489999999999999
0.5569999999999999
0.565
0.6411999999999999
0.7143999999999998
0.6108
0.513
0.6554
0.6699999999999999
0.785
0.9579999999999999
0.9878
1.0776
1.0816
1.0856
0.946
0.866
0.8160000000000001
0.8048
0.74
0.7239999999999999
0.6656000000000001
0.6930000000000001
0.201
0.201
0.201
0.16620000000000001
0.277
0.277
0.3726
0.252
0.252
0.252
0.14639999999999997
0.076
0.076
0.076
0.076
0.076
0.076
0.076
0.076
0.17600000000000002
0.201
0.201
0.176
0.076
0.076
0.076
0.453
0.445
0.40280000000000005
0.242
