0.059
0.059
0.059
0.059
0.079
0.079
0.079
0.079
0.079
0.079
0.079
0.201
0.201
0.201
0.201
0.201
0.201
0.201
0.201
0.225
0.225
0.225
0.235
0.327
0.367
0.367
0.347
0.347
0.335
0.335
0.335
0.375
0.213
0.213
0.213
0.213
0.213
0.213
0.213
0.121
0.071
0.071
0.071
0.071
0.071
0.071
0.071
0.071
0.071
0.071
0.071
0.071
0.071
0.071
0.071
0.071
0.071
0.071
0.071
0.071
0.071
0.071
0.071
0.071
0.071
0.071
0.071
0.071
0.071
0.071
0.256
0.256
0.256
0.256
0.256
0.256
0.256
0.256
0.256
0.256
0.256
0.256
0.256
0.256
0.256
0.256
0.256
0.256
0.256
0.256
0.256
0.256
0.071
0.071
0.071
0.071
0.071
0.071
0.071
0.071
0.071
0.071
0.071
0.071
0.071
0.071
0.071
0.071
0.071
0.071
0.071
0.071
0.071
0.071
0.071
0.071
0.071
0.071
0.071
0.071
0.071
0.071
0.071
0.071
0.071
0.071
0.071
0.071
0.071
0.071
0.071
0.071
0.071
0.071
0.071
0.071
0.071
0.071
0.071
0.071
0.071
0.071
0.071
0.071
0.071
0.071
0.071
0.071
0.071
0.071
0.071
0.071
0.071
0.071
0.071
0.071
0.071
0.071
0.071
0.071
0.071
0.071
0.071
0.071
0.071
0.071
0.071
0.071
0.071
0.071
0.071
0.071
0.071
0.071
0.071
0.071
0.071
0.071
0.071
0.071
0.071
0.071
0.071
0.071
0.071
0.071
0.071
0.071
0.071
0.071
0.256
0.256
0.256
0.256
0.256
0.256
0.256
0.256
0.256
0.256
0.256
0.256
0.256
0.256
0.256
0.256
0.256
0.256
0.256
0.256
0.256
0.256
0.071
0.071
0.071
0.071
0.071
0.071
0.071
0.071
0.071
0.071
0.071
0.071
0.071
0.071
0.071
0.071
0.071
0.071
0.071
0.071
0.071
0.071
0.071
0.071
0.071
0.071
0.071
0.071
0.071
0.071
0.071
0.071
0.071
0.071
0.071
0.071
0.071
0.071
0.071
0.071
0.071
0.071
0.071
0.071
0.071
0.071
0.071
0.071
0.071
0.071
0.071
0.071
0.071
0.071
0.071
0.071
0.071
0.071
0.071
0.071
0.071
0.071
0.071
0.071
0.071
0.071
0.071
0.071
0.071
0.071
0.071
0.256
0.256
0.256
0.256
0.256
0.256
0.256
0.256
0.256
0.256
0.256
0.256
0.256
0.256
0.256
0.256
0.256
0.256
0.256
0.256
0.256
0.256
0.071
0.071
0.071
0.071
0.071
0.071
0.071
0.071
0.071
0.071
0.071
0.071
0.071
0.071
0.071
0.071
0.071
0.071
0.071
0.071
0.071
0.071
0.071
0.071
0.071
0.071
0.071
0.071
0.071
0.071
0.071
0.071
0.071
0.071
0.071
0.071
0.071
0.071
0.071
0.071
0.071
0.071
0.071
0.071
0.071
0.071
0.071
0.071
0.071
0.071
0.071
0.071
0.071
0.071
0.071
0.071
0.071
0.071
0.071
0.071
0.071
0.071
0.071
0.071
0.256
0.256
0.256
0.256
0.256
0.256
0.256
0.256
0.256
0.256
0.256
0.256
0.256
0.256
0.256
0.256
0.256
0.256
0.256
0.256
0.256
0.256
0.071
0.071
0.071
0.071
0.071
0.071
0.071
0.071
0.071
0.071
0.071
0.071
0.071
0.071
0.071
0.071
0.071
0.071
0.071
0.071
0.071
0.071
0.071
0.071
0.071
0.071
0.071
0.071
0.071
0.071
0.071
0.071
0.071
0.071
0.071
0.071
0.071
0.071
0.071
0.071
0.071
0.071
0.071
0.071
0.071
0.071
0.071
0.071
0.071
0.071
0.256
0.256
0.256
0.256
0.256
0.256
0.256
0.256
0.256
0.256
0.256
0.256
0.256
0.256
0.256
0.256
0.256
0.256
0.256
0.256
0.256
0.256
0.071
0.071
0.071
0.071
0.071
0.071
0.071
0.071
0.071
0.071
0.071
0.071
0.071
0.071
0.071
0.071
0.071
0.071
0.071
0.071
0.071
0.071
0.071
0.071
0.071
0.071
0.071
0.071
0.071
0.071
0.071
0.071
0.071
0.071
0.071
0.071
0.071
0.081
0.081
0.121
0.271
0.271
0.271
0.271
0.271
0.271
0.231
0.231
0.231
0.231
0.271
0.416
0.416
0.416
0.416
0.416
0.416
0.416
0.416
0.416
0.416
0.416
0.456
0.456
0.456
0.416
0.416
0.416
0.416
0.416
0.416
0.416
0.456
0.271
0.271
0.331
0.319
0.339
0.339
0.299
0.299
0.299
0.299
0.299
0.299
0.299
0.339
0.339
0.339
0.339
0.339
0.339
0.339
0.339
0.339
0.339
0.351
0.351
0.351
0.351
0.351
0.351
0.351
0.351
0.351
0.351
0.351
0.351
0.351
0.351
0.351
0.351
0.351
0.351
0.351
0.351
0.351
0.371
0.351
0.351
0.351
0.351
0.351
0.351
0.351
0.351
0.351
0.351
0.351
0.351
0.351
0.536
0.536
0.536
0.536
0.536
0.536
0.536
0.536
0.536
0.536
0.536
0.536
0.536
0.536
0.536
0.536
0.536
0.536
0.536
0.536
0.536
0.436
0.251
0.251
0.231
0.219
0.219
0.219
0.219
0.219
0.219
0.219
0.271
0.271
0.271
0.291
0.291
0.291
0.291
0.291
0.291
0.291
0.291
0.291
0.291
0.291
0.291
0.291
0.291
0.291
0.291
0.291
0.291
0.291
0.351
0.351
0.351
0.311
0.311
0.311
0.311
0.311
0.323
0.323
0.323
0.323
0.323
0.323
0.323
0.508
0.508
0.508
0.488
0.488
0.488
0.488
0.476
0.476
0.476
0.476
0.476
0.476
0.476
0.476
0.476
0.476
0.476
0.476
0.476
0.476
0.476
0.291
0.291
0.291
0.291
0.291
0.291
0.291
0.291
0.291
0.291
0.291
0.291
0.291
0.291
0.291
0.291
0.291
0.291
0.291
0.291
0.291
0.291
0.291
0.291
0.291
0.291
0.291
0.291
0.291
0.291
0.291
0.279
0.279
0.279
0.279
0.279
0.279
0.279
0.279
0.279
0.279
0.279
0.279
0.279
2.313
2.498
2.498
0.464
0.464
0.464
0.464
0.464
0.464
0.464
0.464
0.464
0.464
0.464
0.464
0.464
0.464
0.464
0.464
0.464
0.464
0.464
0.464
0.319
0.279
0.279
0.279
0.279
0.279
0.279
0.279
0.279
0.279
0.279
0.279
0.279
0.279
0.279
0.279
0.279
0.279
0.071
0.071
0.071
0.071
0.071
0.071
0.071
0.071
0.071
0.071
0.071
0.071
0.071
0.071
0.071
0.071
0.071
0.071
0.071
0.071
0.071
0.071
0.071
0.071
0.071
0.071
0.071
0.071
0.071
0.071
0.071
0.071
0.071
0.071
0.071
0.071
0.071
0.071
0.071
0.071
0.071
0.071
0.071
0.071
0.071
0.256
0.256
0.256
0.256
0.256
0.256
0.256
0.256
0.256
0.256
0.256
0.256
0.256
0.256
0.256
0.256
0.256
0.256
0.256
0.256
0.256
0.256
0.071
0.071
0.071
0.071
0.071
0.071
0.071
0.071
0.071
0.071
0.071
0.071
0.071
0.071
0.071
0.071
0.071
0.071
0.071
0.071
0.071
0.071
0.071
0.071
0.071
0.071
0.071
0.071
0.071
0.071
0.071
0.071
0.071
0.071
0.071
0.071
0.071
0.071
0.071
0.071
0.071
0.071
0.071
0.071
0.071
0.071
0.071
0.071
0.071
0.071
0.071
0.071
0.071
0.071
0.256
0.256
0.256
0.256
0.256
0.256
0.256
0.256
0.256
0.256
0.256
0.256
0.256
0.256
0.256
0.256
0.256
0.256
0.256
0.256
0.256
0.256
0.071
0.071
0.071
0.071
0.071
0.071
0.071
0.071
0.071
0.071
0.071
0.071
0.071
0.071
0.071
0.071
0.071
0.219
0.219
0.219
0.219
0.219
0.219
0.225
0.225
0.285
0.285
0.285
0.285
0.285
0.325
0.325
0.337
0.337
0.337
0.377
0.377
0.377
0.337
0.37
0.37
0.37
0.285
2.319
2.319
2.319
2.319
2.319
2.319
0.285
0.135
0.175
0.175
0.175
0.175
0.175
0.175
0.175
0.175
0.175
0.175
0.175
0.175
0.175
0.307
0.307
0.267
0.267
0.267
0.352
0.352
0.352
0.292
0.207
0.207
0.207
0.207
0.207
0.287
0.287
0.267
0.207
0.207
0.207
0.207
0.207
0.207
0.207
0.219
0.207
0.227
0.227
0.227
0.227
0.227
0.227
0.221
0.221
0.221
0.241
0.241
0.241
0.241
0.221
0.221
0.261
0.261
0.261
0.261
0.261
0.27
0.27
0.27
0.27
0.169
0.169
0.149
0.149
0.294
0.294
0.294
0.294
0.306
0.306
0.306
0.306
0.306
0.306
0.294
0.294
0.294
0.294
0.294
0.294
0.294
0.426
0.426
0.426
0.426
0.386
0.201
0.301
0.201
0.201
0.201
0.201
0.201
0.201
0.201
0.201
0.201
0.201
0.201
0.221
0.109
0.109
0.109
0.209
0.209
0.109
0.109
0.109
0.149
0.149
0.149
0.149
0.109
0.144
0.144
0.184
0.184
0.224
0.324
0.324
0.324
0.324
0.264
0.344
0.344
0.344
0.244
0.244
0.244
0.244
0.344
0.344
0.384
0.609
0.569
0.569
0.569
0.569
0.569
0.569
0.569
0.569
0.569
0.569
0.629
0.629
0.629
0.629
0.629
0.629
0.569
0.569
0.569
0.581
0.581
0.396
0.396
0.396
2.436
2.508
2.508
0.474
0.474
0.474
0.454
0.454
0.414
2.297
2.297
2.297
2.297
2.297
2.297
2.297
2.297
2.297
2.297
2.297
2.297
2.297
2.297
2.309
2.309
2.309
2.309
2.309
2.274
2.274
0.291
0.291
0.291
0.291
0.291
0.291
0.351
0.351
0.351
0.351
0.371
0.38
0.38
0.38
0.36
0.63
0.63
0.621
0.621
0.621
0.621
0.621
0.641
0.641
0.733
0.733
0.733
0.733
0.733
0.733
0.733
0.733
0.733
0.733
0.753
0.753
0.661
0.476
0.476
0.436
0.436
0.416
0.416
0.41
0.41
0.41
0.51
0.51
0.41
0.41
2.444
2.359
2.359
0.313
0.313
0.313
0.313
0.325
0.325
0.325
0.325
0.313
0.353
0.53
0.45
0.273
0.273
0.273
0.273
0.273
0.273
0.273
0.273
0.273
0.273
0.273
0.45
0.456
0.279
0.339
0.339
0.279
0.279
0.279
0.279
0.279
0.279
0.279
0.279
0.416
0.416
0.239
0.239
0.294
0.294
0.294
0.294
0.294
0.294
0.394
0.394
0.394
0.756
0.656
0.974
0.974
0.974
0.974
0.974
0.407
0.407
0.407
0.407
0.407
0.407
0.407
0.407
0.395
0.395
0.415
0.415
0.395
0.395
0.435
0.25
0.21
0.21
0.21
0.302
0.302
0.302
0.302
0.302
0.302
0.302
0.302
0.302
0.302
0.302
0.302
0.314
0.314
0.222
0.23
0.21
0.21
0.21
0.21
0.21
0.21
0.204
0.204
0.396
0.304
0.244
0.204
0.204
0.264
0.204
0.21
0.21
0.17
0.17
0.17
0.17
0.17
0.135
0.135
0.175
0.31
0.31
0.31
0.31
2.344
2.344
2.344
0.395
0.395
0.395
0.395
0.395
0.395
0.395
0.395
0.375
0.275
0.275
0.275
0.275
0.275
0.275
0.275
0.275
0.264
0.264
0.264
0.264
0.264
0.364
0.364
0.364
0.364
0.364
0.279
0.319
0.319
0.319
0.319
0.319
0.319
0.319
0.319
0.31
0.31
0.31
0.27
0.27
0.27
0.27
0.27
0.27
0.27
0.27
0.27
0.27
0.071
0.071
0.071
0.071
0.071
0.071
0.071
0.071
0.071
0.071
0.071
0.071
0.071
0.256
0.256
0.256
0.256
0.256
0.256
0.256
0.256
0.256
0.256
0.256
0.256
0.256
0.256
0.256
0.256
0.256
0.256
0.256
0.256
0.256
0.256
0.071
0.071
0.071
0.071
0.071
0.071
0.071
0.071
0.071
0.071
0.071
0.071
0.071
0.071
0.071
0.071
0.071
0.061
0.061
0.061
0.061
0.061
0.061
0.061
0.061
