0.05600000000000002
0.05600000000000002
0.20800000000000007
0.09440000000000004
0.06600000000000003
0.06600000000000003
0.06600000000000003
0.2218666666666667
0.17960000000000004
0.12280000000000003
0.06600000000000003
0.12166666666666669
0.2987333333333334
0.1038666666666667
0.06600000000000003
0.06600000000000003
0.2876
0.17066666666666658
0.06600000000000003
0.10386666666666668
0.19853333333333337
0.07713333333333336
0.21073333333333336
0.06600000000000003
0.06600000000000003
0.06600000000000003
0.06600000000000003
0.06600000000000003
0.12780000000000002
0.33046666666666674
0.06600000000000003
0.15033333333333332
0.22166666666666673
0.21280000000000002
0.2925333333333333
0.41319999999999996
0.22299999999999998
0.1418666666666667
0.19133333333333333
0.10853333333333337
0.5216
2.4128
2.4675999999999996
2.3539999999999996
2.052266666666667
0.06600000000000003
0.06400000000000003
0.9349333333333333
1.4512000000000003
0.23360000000000003
0.24873333333333328
0.11660000000000002
0.16493333333333338
0.1701333333333333
0.07713333333333336
0.21073333333333336
0.14173333333333332
0.16066666666666662
0.06600000000000003
0.06600000000000003
0.2218666666666667
0.17960000000000004
0.12280000000000003
0.09566666666666666
0.18239999999999995
0.38666666666666677
0.39019999999999994
0.3617333333333334
0.30133333333333323
0.28266666666666657
0.3296666666666667
0.36899999999999983
0.5436
0.5999333333333333
0.5166666666666667
0.5898666666666667
0.7552666666666666
2.8286666666666678
2.732266666666667
2.6483333333333334
2.2652666666666668
0.3396666666666667
0.33219999999999994
0.31266666666666665
0.30266666666666675
0.4794666666666666
0.4817333333333333
0.4261999999999999
0.37399999999999994
0.4618666666666667
0.3979333333333333
0.4770666666666667
0.42633333333333323
0.4499333333333333
0.3576666666666667
0.5302666666666667
