0.069
0.069
0.069
0.069
0.129
0.143
0.143
0.143
0.143
0.143
0.133
0.133
0.133
0.133
0.193
0.193
0.193
0.133
0.133
0.133
0.133
0.133
0.133
0.133
0.133
0.162
0.162
0.162
0.162
0.262
0.262
0.262
0.262
0.262
0.262
0.162
0.222
0.162
0.162
0.162
0.172
0.172
0.172
0.172
0.172
0.172
0.172
0.172
0.212
0.212
0.272
0.232
0.232
0.232
0.232
0.232
0.232
0.232
0.232
0.232
0.232
0.232
0.232
0.232
0.232
0.218
0.218
0.218
0.218
0.218
0.218
0.218
0.327
0.327
0.327
0.327
0.267
0.267
0.267
0.267
0.267
0.602
0.602
0.637
0.637
0.267
0.267
0.302
0.302
0.352
0.352
0.451
0.451
0.451
0.451
0.416
0.416
0.416
0.387
0.387
0.387
0.387
0.387
0.387
0.387
0.387
0.387
0.387
0.416
0.416
0.307
0.307
0.307
0.307
0.307
0.307
0.307
0.307
0.307
0.307
0.307
0.307
0.307
0.307
0.307
0.307
0.307
0.607
0.607
0.307
0.071
0.071
0.071
0.071
0.071
0.071
0.071
0.071
0.071
0.071
0.071
0.071
0.071
0.071
0.071
0.071
0.071
0.071
0.071
0.071
0.071
0.071
0.071
0.071
0.071
0.071
0.071
0.071
0.071
0.071
0.071
0.071
0.071
0.071
0.071
0.071
0.071
0.071
0.071
0.071
0.071
0.071
0.071
0.071
0.071
0.071
0.071
0.071
0.071
0.071
0.071
0.071
0.071
0.071
0.071
0.071
0.071
0.071
0.071
0.071
0.071
0.071
0.071
0.071
0.071
0.071
0.071
0.071
0.071
0.071
0.071
0.071
0.071
0.071
0.071
0.071
0.071
0.071
0.071
0.071
0.071
0.071
0.071
0.071
0.071
0.071
0.071
0.071
0.071
0.071
0.071
0.071
0.071
0.071
0.071
0.071
0.071
0.071
0.071
0.071
0.071
0.071
0.071
0.071
0.071
0.071
0.071
0.071
0.071
0.071
0.071
0.071
0.071
0.071
0.071
0.071
0.071
0.071
0.071
0.071
0.071
0.071
0.071
0.071
0.071
0.071
0.071
0.071
0.071
0.071
0.071
0.071
0.071
0.071
0.071
0.071
0.071
0.071
0.071
0.071
0.071
0.071
0.071
0.071
0.071
0.071
0.071
0.071
0.071
0.071
0.071
0.071
0.071
0.071
0.071
0.071
0.071
0.071
0.071
0.071
0.071
0.071
0.071
0.071
0.071
0.071
0.071
0.071
0.071
0.071
0.071
0.071
0.071
0.071
0.071
0.071
0.071
0.071
0.071
0.071
0.071
0.071
0.071
0.071
0.071
0.071
0.071
0.071
0.071
0.071
0.071
0.071
0.071
0.071
0.071
0.071
0.071
0.071
0.071
0.071
0.071
0.071
0.071
0.071
0.071
0.071
0.071
0.071
0.071
0.071
0.071
0.071
0.071
0.071
0.071
0.071
0.071
0.071
0.071
0.071
0.071
0.071
0.071
0.071
0.071
0.071
0.071
0.071
0.071
0.071
0.071
0.071
0.071
0.071
0.071
0.071
0.071
0.071
0.071
0.071
0.071
0.071
0.071
0.071
0.071
0.071
0.071
0.071
0.071
0.071
0.071
0.071
0.071
0.071
0.071
0.071
0.071
0.071
0.071
0.071
0.071
0.071
0.071
0.071
0.071
0.071
0.071
0.071
0.071
0.071
0.071
0.071
0.071
0.071
0.071
0.071
0.071
0.071
0.071
0.071
0.071
0.071
0.071
0.071
0.071
0.071
0.071
0.071
0.071
0.071
0.071
0.071
0.071
0.071
0.071
0.071
0.071
0.071
0.071
0.071
0.071
0.071
0.071
0.071
0.071
0.071
0.071
0.071
0.071
0.071
0.071
0.071
0.071
0.071
0.071
0.071
0.071
0.071
0.071
0.071
0.071
0.071
0.071
0.071
0.071
0.071
0.071
0.071
0.071
0.071
0.071
0.071
0.071
0.071
0.071
0.071
0.071
0.071
0.071
0.071
0.071
0.071
0.071
0.071
0.071
0.071
0.071
0.071
0.071
0.071
0.071
0.071
0.071
0.071
0.071
0.071
0.071
0.071
0.071
0.071
0.071
0.071
0.071
0.071
0.071
0.071
0.071
0.071
0.071
0.071
0.071
0.071
0.071
0.071
0.071
0.071
0.071
0.071
0.071
0.071
0.071
0.071
0.071
0.071
0.071
0.071
0.071
0.071
0.071
0.071
0.071
0.071
0.071
0.071
0.071
0.071
0.071
0.071
0.071
0.071
0.071
0.071
0.071
0.071
0.071
0.071
0.071
0.071
0.071
0.071
0.071
0.071
0.071
0.071
0.071
0.071
0.071
0.071
0.071
0.071
0.071
0.071
0.071
0.071
0.071
0.071
0.071
0.071
0.071
0.071
0.071
0.071
0.071
0.071
0.071
0.071
0.071
0.071
0.071
0.071
0.071
0.071
0.071
0.071
0.071
0.071
0.071
0.071
0.071
0.071
0.071
0.071
0.071
0.071
0.071
0.071
0.071
0.071
0.071
0.071
0.071
0.071
0.071
0.071
0.071
0.071
0.071
0.071
0.071
0.071
0.071
0.071
0.071
0.071
0.071
0.071
0.071
0.071
0.071
0.071
0.071
0.071
0.071
0.071
0.071
0.071
0.071
0.071
0.071
0.071
0.071
0.071
0.071
0.071
0.071
0.071
0.071
0.071
0.071
0.071
0.071
0.071
0.071
0.071
0.071
0.071
0.071
0.071
0.071
0.071
0.071
0.071
0.071
0.071
0.071
0.071
0.071
0.071
0.071
0.071
0.071
0.071
0.071
0.071
0.071
0.071
0.071
0.071
0.071
0.071
0.197
0.197
0.197
0.197
0.197
0.197
0.197
0.197
0.197
0.197
0.197
0.342
0.342
0.342
0.243
0.243
0.243
0.243
2.801
2.801
2.801
2.801
2.801
2.801
2.801
2.801
2.801
2.801
2.801
2.801
2.801
2.801
2.801
2.801
0.243
0.243
0.243
0.243
0.243
0.243
0.071
0.071
0.071
0.071
0.071
0.071
0.071
0.071
0.071
0.071
0.071
0.071
0.071
0.071
0.071
0.071
0.071
0.071
0.071
0.071
0.071
0.071
0.071
0.071
0.071
0.071
0.071
0.071
0.071
0.071
0.071
0.071
0.071
0.071
0.071
0.071
0.071
0.071
0.071
0.071
0.071
0.071
0.071
0.071
0.071
0.071
0.071
0.071
0.071
0.071
0.071
0.071
0.071
0.071
0.071
0.071
0.071
0.071
0.071
0.071
0.071
0.071
0.071
0.071
0.071
0.071
0.071
0.071
0.071
0.071
0.071
0.071
0.071
0.071
0.071
0.071
0.071
0.071
0.071
0.071
0.071
0.071
0.071
0.071
0.071
0.071
0.071
0.071
0.071
0.071
0.071
0.071
0.071
0.071
0.071
0.071
0.071
0.071
0.071
0.071
0.071
0.071
0.071
0.071
0.071
0.071
0.071
0.071
0.071
0.071
0.071
0.071
0.071
0.071
0.071
0.071
0.071
0.071
0.071
0.071
0.071
0.071
0.071
0.071
0.071
0.071
0.071
0.071
0.071
0.071
0.071
0.071
0.071
0.071
0.071
0.071
0.071
0.071
0.071
0.071
0.071
0.071
0.071
0.071
0.071
0.071
0.071
0.071
0.071
0.071
0.071
0.071
0.071
0.071
0.071
0.071
0.071
0.071
0.071
0.071
0.071
0.071
0.071
0.071
0.071
0.071
0.071
0.071
0.071
0.071
0.243
0.243
0.243
0.243
0.243
0.243
0.243
0.243
0.243
0.243
0.243
0.214
0.214
0.214
0.214
0.214
0.214
0.214
0.214
0.214
0.214
0.214
0.214
0.214
0.214
0.214
0.214
0.214
0.214
0.214
0.214
0.214
0.214
0.214
0.309
0.309
0.309
0.309
0.309
0.309
0.309
0.274
0.274
0.274
0.274
0.274
0.274
0.274
0.274
0.274
0.274
0.274
0.274
0.274
0.274
0.274
0.274
0.274
0.274
0.214
0.214
0.214
0.274
0.274
0.274
0.383
0.383
0.323
0.214
0.214
0.214
0.214
0.254
0.254
0.314
0.314
0.314
0.314
0.254
0.254
0.283
0.343
0.343
0.303
0.363
0.363
0.413
0.413
0.413
0.403
0.071
0.071
0.071
0.071
0.071
0.071
0.071
0.071
0.071
0.071
0.071
0.071
0.071
0.071
0.071
0.071
0.071
0.071
0.071
0.071
0.071
0.071
0.071
0.071
0.071
0.071
0.071
0.071
0.071
0.071
0.071
0.071
0.071
0.071
0.071
0.071
0.071
0.071
0.071
0.071
0.071
0.071
0.071
0.071
0.071
0.071
0.071
0.071
0.071
0.071
0.071
0.071
0.071
0.071
0.071
0.071
0.071
0.071
0.071
0.071
0.071
0.071
0.071
0.071
0.071
0.071
0.071
0.071
0.071
0.071
0.071
0.071
0.071
0.071
0.071
0.071
0.071
0.071
0.071
0.071
0.071
0.071
0.071
0.071
0.071
0.071
0.071
0.071
0.071
0.071
0.071
0.071
0.071
0.071
0.071
0.071
0.071
0.071
0.071
0.071
0.071
0.071
0.071
0.071
0.071
0.071
0.071
0.071
0.071
0.071
0.071
0.071
0.071
0.071
0.071
0.071
0.071
0.071
0.071
0.071
0.071
0.071
0.071
0.071
0.071
0.071
0.071
0.071
0.071
0.071
0.071
0.071
0.071
0.071
0.071
0.071
0.071
0.071
0.071
0.071
0.243
0.243
0.243
0.243
0.243
0.243
0.243
0.243
0.243
0.243
0.243
0.243
0.243
0.243
0.243
0.243
0.243
0.343
0.343
0.343
0.343
0.343
0.343
0.343
0.343
0.343
0.343
0.343
0.403
0.403
0.403
0.403
0.403
0.403
0.403
0.403
0.403
0.403
0.403
0.463
0.303
0.243
0.243
0.243
0.243
0.283
0.283
0.283
0.283
0.283
0.283
0.243
0.243
0.243
0.243
0.243
0.297
0.357
0.257
0.257
0.257
0.257
0.257
0.228
0.228
0.228
0.288
0.288
0.288
0.288
0.228
0.228
0.228
0.288
0.288
0.397
0.397
0.397
0.457
0.457
0.457
0.457
0.457
0.457
0.457
0.457
0.457
0.457
0.457
0.457
0.517
0.457
0.517
0.457
0.457
0.457
0.457
0.486
0.486
0.486
0.486
0.486
0.486
0.646
0.686
0.726
0.686
0.686
0.686
0.686
0.686
0.686
0.686
0.686
0.686
0.686
0.612
0.612
0.612
0.612
0.626
0.626
0.626
0.626
0.626
0.746
0.686
0.686
0.686
0.686
0.686
0.686
0.686
0.686
0.686
0.686
0.686
0.686
0.686
0.686
0.736
0.736
0.686
0.686
0.626
0.626
0.626
0.626
0.626
0.626
0.626
0.626
0.626
0.626
0.626
0.626
0.626
0.626
0.566
0.566
0.566
0.566
0.566
0.586
0.586
0.586
0.586
0.586
0.586
0.626
0.632
0.632
0.632
0.572
0.572
0.601
0.661
0.601
0.601
0.601
0.601
0.456
0.456
0.456
0.456
0.456
0.456
0.456
0.456
0.456
0.516
0.516
0.516
0.502
0.502
0.502
0.502
0.516
0.516
0.481
0.481
0.481
0.481
0.481
0.481
0.481
0.481
0.481
0.481
0.481
0.481
0.481
0.481
0.476
0.476
0.476
0.476
0.416
0.416
0.416
0.416
0.416
0.43
0.43
0.395
0.395
0.395
0.395
0.395
0.395
0.495
0.495
0.495
0.495
0.495
0.495
0.495
0.555
0.555
0.555
0.749
0.749
0.54
0.54
0.575
0.515
0.515
0.515
0.486
0.486
0.546
0.546
0.546
0.546
0.546
0.546
0.426
0.466
0.466
0.466
0.466
0.426
0.327
0.267
0.257
0.257
0.257
0.257
0.257
0.257
0.243
0.243
0.303
0.303
0.303
0.303
0.303
0.263
0.263
0.203
0.071
0.071
0.071
0.071
0.071
0.071
0.071
0.071
0.071
0.071
0.071
0.071
0.071
0.071
0.071
0.071
0.071
0.071
0.071
0.071
0.071
0.071
0.071
0.071
0.071
0.071
0.071
0.071
0.071
0.071
0.071
0.071
0.071
0.071
0.071
0.071
0.071
0.071
0.071
0.071
0.071
0.071
0.071
0.071
0.071
0.071
0.071
0.071
0.071
0.071
0.071
0.071
0.071
0.071
0.071
0.071
0.071
0.071
0.071
0.071
