0.063
0.063
0.063
0.063
0.063
0.063
0.063
0.063
0.063
0.063
0.063
0.063
0.063
0.063
0.063
0.063
0.063
0.278
0.278
0.278
0.278
0.278
0.278
0.278
0.278
0.278
0.278
0.288
0.288
0.288
0.288
0.288
0.288
0.288
0.288
0.288
0.288
0.288
0.288
0.073
0.073
0.073
0.073
0.073
0.073
0.073
0.073
0.073
0.073
0.073
0.073
0.073
0.073
0.073
0.073
0.24
0.24
0.24
0.24
0.24
0.24
0.24
0.24
0.24
0.24
0.24
0.24
0.24
0.24
0.073
0.073
0.073
0.073
0.073
0.073
0.073
0.073
0.073
0.073
0.073
0.073
0.073
0.073
0.073
0.073
0.073
0.073
0.288
0.288
0.288
0.288
0.288
0.288
0.288
0.288
0.288
0.288
0.288
0.288
0.288
0.288
0.288
0.288
0.288
0.288
0.288
0.288
0.288
0.288
0.073
0.073
0.073
0.073
0.073
0.073
0.073
0.073
0.073
0.073
0.073
0.073
0.073
0.073
0.073
0.073
0.073
0.073
0.073
0.073
0.073
0.073
0.073
0.073
0.073
0.073
0.073
0.073
0.073
0.073
0.073
0.073
0.073
0.073
0.24
0.24
0.24
0.24
0.24
0.24
0.24
0.24
0.24
0.24
0.24
0.24
0.24
0.24
0.073
0.073
0.073
0.073
0.073
0.073
0.073
0.073
0.073
0.288
0.288
0.288
0.288
0.288
0.288
0.288
0.288
0.288
0.288
0.288
0.288
0.288
0.288
0.288
0.288
0.288
0.288
0.288
0.288
0.288
0.288
0.073
0.073
0.073
0.073
0.073
0.073
0.073
0.073
0.073
0.073
0.073
0.073
0.073
0.073
0.073
0.073
0.073
0.073
0.073
0.073
0.073
0.073
0.073
0.073
0.073
0.073
0.073
0.073
0.073
0.073
0.073
0.073
0.073
0.073
0.073
0.073
0.073
0.073
0.073
0.073
0.073
0.24
0.24
0.24
0.24
0.24
0.24
0.24
0.24
0.24
0.24
0.455
0.455
0.455
0.455
0.288
0.288
0.288
0.288
0.288
0.288
0.288
0.288
0.288
0.288
0.288
0.288
0.288
0.288
0.288
0.288
0.288
0.288
0.073
0.073
0.073
0.073
0.073
0.073
0.073
0.073
0.073
0.073
0.073
0.073
0.073
0.073
0.073
0.073
0.073
0.073
0.073
0.073
0.073
0.073
0.073
0.073
0.073
0.073
0.073
0.073
0.073
0.073
0.073
0.073
0.073
0.073
0.073
0.073
0.073
0.073
0.073
0.073
0.073
0.073
0.073
0.073
0.24
0.24
0.24
0.24
0.24
0.24
0.24
0.24
0.24
0.24
0.24
0.24
0.24
0.24
0.073
0.073
0.073
0.073
0.073
0.073
0.073
0.073
0.073
0.073
0.073
0.073
0.073
0.073
0.073
0.073
0.073
0.073
0.288
0.288
0.288
0.288
0.288
0.288
0.288
0.288
0.288
0.288
0.288
0.288
0.288
0.288
0.288
0.288
0.288
0.288
0.288
0.288
0.288
0.288
0.073
0.073
0.073
0.073
0.073
0.073
0.073
0.073
0.073
0.073
0.073
0.073
0.073
0.073
0.073
0.073
0.073
0.073
0.073
0.073
0.073
0.071
0.071
0.071
0.071
0.071
0.071
0.071
0.071
0.131
0.131
0.131
0.131
0.191
0.131
0.131
0.291
0.291
0.291
0.231
0.291
0.291
0.291
0.291
0.291
0.291
0.311
0.311
0.311
0.311
0.311
0.478
0.478
0.489
0.549
0.449
0.664
0.664
0.664
0.664
0.664
0.664
0.664
0.724
0.724
0.557
0.557
0.617
0.617
0.617
0.617
0.557
0.497
0.497
0.497
0.497
0.437
0.497
0.342
0.342
0.222
0.222
0.332
0.332
0.332
0.504
0.554
0.494
0.494
0.494
0.584
0.494
0.494
0.494
0.494
0.554
0.534
0.534
0.534
0.534
0.614
0.594
0.594
0.594
0.73
0.68
0.68
0.62
0.62
0.62
0.52
0.52
0.52
0.509
0.449
0.449
0.449
0.449
0.449
0.449
0.509
0.509
0.545
0.605
0.605
0.545
0.545
0.545
0.595
0.655
0.655
0.605
0.605
0.605
0.665
0.665
0.605
0.545
0.545
0.927
0.927
0.957
0.957
0.957
0.957
0.957
0.957
0.957
0.957
0.957
0.957
0.957
0.957
0.79
2.797
2.857
2.857
0.85
0.85
0.85
0.85
0.575
0.575
0.575
0.575
0.575
0.575
0.575
0.575
0.575
0.635
0.545
0.545
0.605
0.545
0.545
0.545
0.545
0.485
0.485
0.485
0.485
0.485
0.485
0.485
0.485
0.485
0.485
0.485
0.485
0.545
0.545
0.485
0.485
3.114
3.018
3.078
3.078
3.018
3.098
3.225
3.225
3.225
3.225
3.225
3.165
3.185
12.226
12.226
12.226
0.556
0.556
0.536
0.536
0.536
0.536
0.536
0.536
0.536
0.536
0.703
0.703
0.703
0.703
0.703
0.918
0.918
0.918
0.918
0.918
0.954
0.954
0.954
3.583
3.416
3.416
3.416
3.416
3.416
3.404
3.404
3.404
3.682
3.682
12.723
12.723
12.445
3.189
3.189
0.56
0.56
0.56
0.56
0.56
0.56
0.56
0.56
0.56
0.56
0.56
0.56
0.56
0.56
0.56
0.56
0.56
0.56
0.56
0.56
0.56
0.56
0.56
0.56
0.56
0.56
0.56
0.56
0.56
0.62
0.56
0.56
0.56
0.56
0.56
0.56
0.56
0.56
0.56
0.56
0.56
0.727
0.727
0.727
0.727
0.727
0.707
0.707
0.597
0.597
0.597
0.597
0.875
0.886
0.85
0.683
0.405
0.405
0.405
0.405
0.405
0.405
0.405
0.405
0.405
0.405
0.405
0.405
0.405
0.405
0.405
0.405
0.465
0.465
0.465
0.465
0.465
0.465
0.465
0.465
0.465
0.465
0.465
0.465
0.405
0.405
0.269
0.269
0.269
0.269
0.269
0.269
0.269
0.269
0.269
0.269
0.305
2.421
2.557
2.557
2.557
2.557
2.557
2.557
2.557
2.557
2.557
2.557
2.569
2.569
2.569
2.569
2.569
2.558
2.668
2.668
2.668
0.73
0.73
0.73
0.75
0.75
0.75
0.75
0.75
0.75
0.8
0.8
0.8
0.74
0.74
0.573
0.848
0.848
0.848
0.752
0.752
0.752
0.732
3.361
3.361
3.361
3.321
3.321
3.381
3.381
3.381
3.321
3.321
3.321
3.321
3.321
3.321
3.321
3.106
0.427
0.427
0.427
0.427
0.427
0.427
0.427
0.427
0.427
0.427
0.427
0.447
0.427
0.427
0.451
0.451
0.451
0.451
0.451
0.451
0.451
0.451
0.44
0.5
0.44
0.44
0.518
0.428
0.428
0.428
0.428
0.428
0.428
0.428
0.595
0.595
0.595
0.595
0.595
0.595
0.655
0.655
0.655
0.791
0.791
0.791
2.907
2.907
2.74
2.74
2.74
2.74
5.464
5.464
5.679
5.679
5.679
5.679
5.679
5.679
5.679
5.679
5.679
5.679
5.679
5.679
3.563
3.563
3.503
3.503
5.51
5.51
5.51
3.503
4.64
4.64
4.425
4.425
4.425
4.315
4.315
4.315
4.315
4.315
4.315
4.315
4.315
4.315
4.315
4.315
4.315
4.315
4.315
4.315
4.315
4.255
4.14
4.14
4.14
4.14
4.14
4.14
4.14
4.14
4.14
4.14
4.14
4.14
4.14
4.2
4.2
4.2
1.476
1.476
1.476
1.476
1.643
1.643
1.643
1.643
1.643
1.703
1.703
1.703
1.703
1.703
1.703
1.703
1.703
1.703
1.696
1.696
1.911
1.911
0.774
0.774
0.774
0.774
0.774
0.834
0.734
0.734
0.734
0.674
0.674
0.674
0.674
0.674
0.674
0.614
0.614
0.614
0.614
0.614
0.399
0.399
0.435
0.495
0.435
0.435
0.435
0.435
0.57
0.57
0.57
0.57
0.57
0.63
0.63
0.618
0.618
0.618
0.618
0.558
0.558
0.558
0.558
0.498
0.498
0.498
0.498
0.498
0.558
0.558
0.569
0.509
0.449
0.449
0.449
0.449
0.449
0.449
0.449
0.449
0.449
0.449
0.499
0.499
0.559
0.659
0.759
0.826
0.826
0.826
0.826
0.846
0.846
0.846
0.651
0.751
0.701
0.601
0.828
0.828
0.828
0.661
0.661
0.649
0.561
0.561
0.561
0.549
0.609
0.609
0.609
0.609
0.549
0.549
0.529
0.553
0.553
0.553
0.553
0.553
0.338
0.278
0.154
0.154
0.154
0.154
0.142
0.142
0.142
0.182
0.171
1.495
1.495
1.595
1.595
1.535
1.435
1.435
1.435
1.495
1.435
1.435
1.435
1.435
1.57
1.63
1.63
1.63
1.63
1.61
1.61
1.67
1.67
1.67
1.73
1.766
1.766
1.766
1.766
1.766
1.766
0.562
0.622
0.622
0.622
0.662
0.602
0.662
0.662
0.662
0.662
0.662
0.817
0.957
0.882
0.822
0.822
0.989
0.989
1.049
1.069
1.009
1.009
1.029
3.145
3.145
3.145
3.145
3.145
3.145
3.145
2.958
2.958
2.958
2.723
2.723
2.723
2.723
2.723
2.603
2.623
2.623
2.759
2.759
0.643
0.643
0.643
0.683
0.683
0.657
0.597
0.597
0.597
0.597
0.597
1.801
1.801
1.801
1.928
1.868
1.868
1.868
1.868
1.858
1.858
1.948
1.948
2.019
1.983
1.983
2.043
2.043
2.043
2.043
2.043
1.953
1.953
1.953
1.953
1.953
1.953
1.953
1.953
2.168
2.168
0.964
0.964
3.031
3.031
3.031
1.191
1.191
1.191
1.251
1.251
1.251
1.251
1.251
1.251
1.251
1.191
1.191
1.251
1.251
1.084
0.869
2.876
2.826
2.862
0.855
0.875
0.875
0.875
0.855
0.875
0.875
0.875
0.875
0.875
1.01
1.01
0.95
0.95
0.95
0.95
0.95
0.95
1.075
1.075
1.075
1.075
1.075
1.015
1.015
1.015
1.015
1.015
1.015
1.015
1.015
0.955
0.955
0.955
1.005
0.955
0.955
0.955
0.955
1.035
0.911
0.891
1.106
1.106
1.106
1.046
1.046
1.046
0.986
0.986
1.136
1.136
1.076
1.243
1.203
1.203
0.978
0.978
0.978
0.978
0.978
0.978
1.038
1.038
0.823
0.823
0.823
0.656
0.656
0.656
0.656
0.656
0.52
0.5
0.5
0.5
0.5
0.5
0.636
0.636
0.636
0.636
0.636
0.686
0.686
0.686
0.746
0.636
0.696
0.696
0.516
0.566
0.556
0.556
0.556
0.556
0.556
0.556
0.516
0.616
0.616
0.616
0.636
0.656
0.656
0.656
0.656
0.656
2.703
2.763
2.763
0.756
0.756
0.744
0.744
0.744
0.804
0.864
0.864
0.864
0.864
0.864
0.864
0.864
0.816
0.816
0.866
0.696
0.696
0.676
0.676
0.676
0.636
0.48
0.647
3.276
3.491
3.491
3.491
3.491
3.491
3.491
3.491
3.511
3.511
3.647
3.647
3.647
5.487
5.487
5.637
0.911
0.911
0.951
0.951
0.963
0.903
0.999
3.568
3.548
3.568
3.568
3.568
3.548
3.548
3.488
3.488
3.488
3.548
3.608
3.548
3.548
3.608
3.743
3.793
3.793
3.793
3.793
3.793
3.658
3.698
3.686
3.686
3.576
3.636
3.636
3.596
3.596
3.596
3.536
3.536
3.536
3.516
3.516
3.516
3.476
3.446
3.434
3.672
3.672
3.722
3.844
3.566
3.566
3.43
3.645
3.645
3.645
3.645
3.685
3.685
3.685
3.685
3.685
3.685
3.685
3.745
3.745
0.961
0.973
0.973
0.973
0.973
0.973
0.833
0.833
0.773
0.618
0.618
0.618
0.582
0.582
0.582
0.582
0.073
0.073
0.073
0.073
0.073
0.073
0.073
0.073
0.073
0.073
0.073
0.073
0.073
0.073
0.073
0.073
0.24
0.24
0.24
0.24
0.24
0.24
0.24
0.24
0.24
0.24
0.24
0.24
0.24
0.24
0.073
0.073
0.073
0.073
0.073
0.073
0.073
0.073
0.073
0.073
0.073
0.073
0.073
0.288
0.288
0.288
0.288
0.288
0.288
0.288
0.288
0.288
0.288
0.288
0.288
0.288
0.288
0.278
0.278
0.278
