0.063
0.063
0.063
0.063
0.063
0.07100000000000001
0.073
0.073
0.073
0.233
0.233
0.233
0.233
0.073
0.073
0.073
0.073
0.073
0.1494
0.46299999999999997
0.46299999999999997
0.45520000000000005
0.42400000000000004
0.233
0.233
0.201
0.073
0.073
0.073
0.073
0.073
0.073
0.073
0.073
0.11280000000000001
0.38660000000000005
0.5589999999999999
0.5434
0.42400000000000004
0.38580000000000003
0.13699999999999998
0.073
0.073
0.073
0.073
0.073
0.073
0.073
0.073
0.45520000000000005
0.623
0.623
0.42400000000000004
0.2774
0.073
0.073
0.073
0.073
0.073
0.073
0.073
0.073
0.073
0.073
0.073
0.073
0.264
0.264
0.264
0.3834000000000001
0.3484
0.272
0.11280000000000001
0.073
0.073
0.073
0.201
0.233
0.233
0.233
0.10500000000000001
0.2258
0.264
0.264
0.264
0.1876
0.073
0.073
0.073
0.073
0.13699999999999998
0.233
0.233
0.233
0.3282
0.272
0.28600000000000003
0.091
0.079
0.083
0.9046
0.294
0.294
0.32999999999999996
0.21539999999999998
0.10300000000000001
0.579
0.371
0.4943999999999999
0.574
0.414
0.18280000000000002
0.123
0.11100000000000002
0.38620000000000004
0.143
0.143
0.18119999999999997
0.334
0.334
0.334
0.334
0.20539999999999997
0.143
0.1828
0.342
0.438
0.4224
0.303
0.271
0.175
0.143
0.143
0.19219999999999998
0.266
0.266
0.2852
0.5178
1.9637999999999998
2.7405999999999997
2.796
2.995
2.0107999999999997
0.7092
0.422
0.40920000000000006
0.39
0.39780000000000004
0.33099999999999996
0.279
0.279
0.279
0.279
0.279
0.31720000000000004
0.5408
0.6292000000000001
0.7044
0.7364
0.4772
0.5098
0.43899999999999995
0.394
0.6338
0.29979999999999996
0.073
0.073
0.073
0.073
0.18760000000000002
0.264
0.264
0.264
0.4248
0.272
0.23220000000000002
0.073
0.073
0.13699999999999998
0.233
0.233
0.233
0.16899999999999998
0.073
0.073
0.073
0.073
0.073
0.073
0.2258
0.264
0.264
0.46299999999999997
0.3866
0.23220000000000002
0.073
0.13699999999999998
0.233
0.233
0.233
0.16899999999999998
0.073
0.1494
0.264
0.264
0.264
0.3834000000000001
0.272
0.272
0.11280000000000001
0.34199999999999997
0.48599999999999993
0.47400000000000003
0.5124000000000001
0.5284000000000001
0.6562
0.7489999999999999
0.993
0.933
0.8048
0.682
0.571
0.6821999999999999
0.6779999999999999
0.63
0.45499999999999996
0.479
0.46299999999999997
0.599
0.7278
0.742
0.8860000000000001
0.942
0.7856
0.6608
1.6996000000000002
3.317
3.3810000000000002
2.8312
0.6062000000000001
0.56
0.5602
0.5098
0.518
0.46959999999999996
0.4854
0.7356
0.7150000000000001
0.7444
0.7702
0.5880000000000001
0.5992000000000001
0.548
0.5896
0.44299999999999995
0.44299999999999995
0.6446
0.695
0.6533999999999999
0.7038
0.7150000000000001
0.6549999999999999
0.6674
0.5391999999999999
0.073
0.073
0.073
0.073
0.073
0.073
0.073
0.073
0.073
0.11280000000000001
0.272
0.272
0.35240000000000005
0.233
0.233
0.233
0.073
0.073
0.073
0.073
0.073
0.073
0.073
0.2576
