0.058000000000000024
0.05200000000000002
0.07593333333333334
0.47686666666666677
0.3649333333333332
0.5766666666666665
0.4060000000000001
0.1124
0.25099999999999995
0.09980000000000004
0.06200000000000003
0.06200000000000003
0.06200000000000003
0.1124
0.25099999999999995
0.09980000000000004
0.06200000000000003
0.06200000000000003
0.08720000000000001
0.25099999999999995
0.12500000000000003
0.06200000000000003
0.06200000000000003
0.06200000000000003
0.07460000000000001
0.25099999999999995
0.1376
0.06200000000000003
0.06200000000000003
0.06200000000000003
0.27646666666666664
0.39486666666666653
0.06200000000000003
0.06200000000000003
0.06200000000000003
0.06200000000000003
0.06200000000000003
0.06200000000000003
0.15019999999999997
0.25099999999999995
0.06200000000000003
0.06200000000000003
0.06200000000000003
0.06200000000000003
0.25099999999999995
0.15019999999999994
0.06200000000000003
0.06200000000000003
0.06200000000000003
0.06200000000000003
0.08720000000000001
0.25099999999999995
0.12500000000000003
0.06200000000000003
0.06200000000000003
0.06200000000000003
0.06200000000000003
0.06200000000000003
0.09980000000000003
0.25099999999999995
0.11240000000000004
0.06200000000000003
0.7482666666666666
1.4499999999999995
1.8977333333333333
1.5549333333333337
1.1685333333333336
0.06200000000000003
0.06200000000000003
0.06200000000000003
0.23839999999999995
0.38480000000000003
0.4387333333333333
0.9644666666666668
3.3731999999999998
3.8604000000000003
1.8337999999999999
1.0728666666666664
0.5236666666666666
0.6676666666666667
0.6977999999999999
0.6824000000000001
0.5659333333333334
0.07460000000000003
0.06200000000000003
0.06200000000000003
0.06200000000000003
0.23839999999999995
0.1627999999999999
0.06200000000000003
0.06200000000000003
0.06200000000000003
0.06200000000000003
0.21319999999999995
0.1879999999999999
0.06200000000000003
