0.06533333333333337
0.06400000000000003
0.13893333333333333
0.1970666666666667
0.074
0.074
0.074
0.074
0.074
0.1686666666666667
0.16866666666666663
0.074
0.074
0.074
0.074
0.074
0.17813333333333337
0.15919999999999992
0.074
0.074
0.145
0.43606666666666666
0.3968
1.5344666666666669
1.9097333333333342
0.38600000000000007
0.8672000000000001
0.5149333333333335
0.6444
0.8882000000000001
3.2152666666666665
2.4199333333333333
5.044133333333334
6.237999999999999
4.723066666666667
4.652933333333333
1.2230666666666667
0.9323333333333336
0.7539333333333335
0.33946666666666664
1.2300666666666666
2.7195333333333336
0.7461999999999999
0.9673333333333338
0.3602
0.3706666666666667
0.4211333333333333
0.30040000000000006
0.3334000000000001
2.2529999999999997
2.7670000000000003
2.825666666666667
2.8676000000000004
1.0768666666666669
0.5849333333333333
0.7764000000000001
0.10240000000000002
0.074
0.3641333333333332
0.17926666666666674
0.21600000000000008
0.074
0.074
0.074
0.074
0.19706666666666672
0.14026666666666668
0.6329333333333335
0.382
0.4535333333333334
0.7289999999999999
0.7510000000000004
0.41693333333333343
0.5932
2.5763999999999996
2.133266666666666
0.47766666666666663
0.4899999999999999
0.074
0.074
0.24846666666666659
0.5325333333333333
0.6739333333333335
0.7075999999999999
0.4340000000000001
0.5454666666666668
0.7509333333333333
0.5934666666666667
0.074
0.074
0.074
0.20653333333333337
0.13080000000000006
0.074
0.074
0.12133333333333332
