0.063
0.063
0.063
0.063
0.063
0.063
0.063
0.063
0.063
0.063
0.063
0.063
0.053
0.053
0.053
0.053
0.053
0.053
0.053
0.053
0.053
0.053
0.053
0.053
0.053
0.053
0.053
0.053
0.053
0.053
0.053
0.053
0.053
0.053
0.053
0.053
0.053
0.053
0.053
0.053
0.053
0.053
0.063
0.063
0.246
0.246
0.246
0.246
0.246
0.246
0.246
0.246
0.246
0.246
0.246
0.246
0.246
0.246
0.246
0.246
0.246
0.246
0.246
0.246
0.246
0.246
0.063
0.063
0.063
0.063
0.063
0.063
0.063
0.063
0.063
0.063
0.225
0.225
0.225
0.225
0.225
0.225
0.225
0.225
0.225
0.225
0.225
0.225
0.225
0.225
0.225
0.225
0.225
0.225
0.225
0.225
0.063
0.063
0.063
0.063
0.063
0.063
0.191
0.191
0.191
0.191
0.191
0.191
0.191
0.191
0.191
0.191
0.191
0.191
0.191
0.397
0.397
0.397
0.397
0.397
0.269
0.269
0.269
0.269
0.269
0.269
0.269
0.269
0.269
0.063
0.063
0.063
0.063
0.063
0.063
0.063
0.063
0.063
0.063
0.063
0.063
0.063
0.063
0.063
0.063
0.063
0.063
0.063
0.063
0.063
0.063
0.225
0.225
0.225
0.225
0.225
0.225
0.225
0.225
0.225
0.225
0.408
0.408
0.408
0.408
0.408
0.408
0.408
0.408
0.408
0.408
0.246
0.246
0.374
0.374
0.374
0.374
0.374
0.374
0.374
0.374
0.374
0.374
0.191
0.191
0.191
0.191
0.191
0.397
0.397
0.397
0.269
0.269
0.269
0.269
0.269
0.269
0.269
0.269
0.269
0.269
0.269
0.063
0.063
0.063
0.063
0.063
0.063
0.063
0.063
0.063
0.063
0.063
0.063
0.063
0.063
0.063
0.063
0.063
0.063
0.063
0.063
0.063
0.063
0.225
0.225
0.225
0.225
0.225
0.225
0.225
0.225
0.225
0.408
0.408
0.408
0.408
0.408
0.408
0.408
0.408
0.408
0.408
0.408
0.246
0.246
0.246
0.246
0.246
0.246
0.246
0.246
0.246
0.246
0.246
0.063
0.063
0.063
0.063
0.063
0.063
0.063
0.063
0.063
0.063
0.063
0.063
0.063
0.063
0.063
0.063
0.063
0.269
0.269
0.269
0.269
0.269
0.269
0.269
0.269
0.269
0.269
0.269
0.269
0.269
0.269
0.063
0.063
0.063
0.063
0.063
0.063
0.225
0.225
0.225
0.225
0.225
0.225
0.225
0.225
0.225
0.225
0.225
0.225
0.225
0.225
0.225
0.225
0.225
0.225
0.225
0.225
0.063
0.063
0.063
0.063
0.063
0.063
0.063
0.063
0.063
0.063
0.063
0.063
0.063
0.063
0.063
0.063
0.063
0.063
0.063
0.063
0.063
0.063
0.063
0.063
0.063
0.063
0.191
0.191
0.191
0.191
0.191
0.191
0.191
0.191
0.191
0.191
0.397
0.397
0.58
0.58
0.58
0.58
0.58
0.58
0.452
0.452
0.452
0.452
0.45
0.45
0.253
0.253
0.253
0.253
0.253
0.253
0.253
0.253
0.253
0.253
0.07
0.07
0.07
0.07
0.07
0.07
0.292
0.292
0.292
0.292
0.292
0.292
0.292
0.312
0.292
0.292
0.458
0.458
0.458
0.518
0.518
0.458
0.452
0.412
0.352
0.352
0.07
0.07
0.07
0.07
0.272
0.272
0.4
0.364
0.264
0.264
0.264
0.355
0.355
0.255
0.335
0.295
0.295
0.295
0.295
0.315
0.521
0.521
0.521
0.621
0.493
0.493
0.553
0.736
0.736
0.736
0.736
0.736
2.95
2.95
2.704
0.59
0.59
0.599
0.599
0.479
0.479
0.479
0.539
0.539
0.539
0.539
0.539
0.599
0.599
0.416
0.516
0.578
0.578
0.578
0.512
0.512
0.512
0.612
0.564
0.564
0.524
0.524
0.524
0.524
0.524
0.524
0.524
0.524
0.524
0.524
0.59
0.428
0.362
0.362
0.362
0.422
0.422
0.29
0.29
0.316
0.316
0.316
0.385
0.385
0.385
0.385
0.397
0.445
0.445
0.445
0.445
0.385
2.218
2.218
2.218
2.218
2.218
2.209
2.221
2.261
2.261
2.261
2.285
2.249
2.209
2.209
2.209
2.475
2.475
2.415
2.415
2.577
0.744
0.744
0.927
0.927
0.927
0.987
0.987
0.987
0.987
0.849
0.909
0.909
0.849
0.849
0.789
0.789
0.789
0.82
0.68
0.518
0.518
0.518
0.578
0.578
0.455
0.395
0.395
0.267
0.107
0.167
0.063
0.063
0.063
0.063
0.063
0.063
0.063
0.063
0.063
0.063
0.063
0.063
0.063
0.063
0.063
0.063
0.063
0.063
0.063
0.063
0.063
0.063
0.063
0.063
0.063
0.063
0.063
0.063
0.063
0.063
0.063
0.063
0.063
0.063
0.063
0.063
0.191
0.191
0.191
0.191
0.191
0.191
0.191
0.191
0.191
0.397
0.397
0.397
0.58
0.58
0.58
0.58
0.58
0.58
0.452
0.452
0.452
0.452
0.452
0.246
0.246
0.246
0.246
0.246
0.246
0.246
0.246
0.246
0.246
0.246
0.225
0.225
0.225
0.225
0.225
0.225
0.225
0.225
0.225
0.225
0.225
0.225
0.225
0.225
0.225
0.225
0.225
0.225
0.225
0.225
0.063
0.063
0.063
0.063
0.063
0.063
0.063
0.063
0.063
0.063
0.063
0.063
0.063
0.063
0.063
0.063
0.063
0.063
0.063
0.063
0.063
0.063
0.063
0.063
0.063
0.063
0.063
0.063
0.063
0.063
0.269
0.269
0.269
0.269
0.269
0.269
0.269
0.269
0.269
0.269
0.269
0.269
0.269
0.269
0.063
0.063
0.063
0.191
0.191
0.191
0.191
0.191
0.191
0.191
0.191
0.191
0.191
0.191
0.191
0.191
0.191
0.191
0.191
0.191
0.191
0.063
0.246
0.246
0.246
0.246
0.246
0.246
0.246
0.246
0.246
0.246
0.246
0.246
0.246
0.246
0.246
0.246
0.246
0.408
0.408
0.408
0.408
0.408
0.225
0.225
0.225
0.225
0.225
0.225
0.225
0.225
0.225
0.225
0.225
0.225
0.249
0.249
2.175
2.013
2.013
2.013
2.219
2.219
2.347
2.347
2.321
2.321
2.321
2.321
2.321
2.321
2.321
2.321
0.405
0.405
0.199
0.199
0.199
0.199
0.199
0.199
0.08
0.08
0.08
0.08
0.08
0.08
0.08
0.08
0.08
0.08
0.08
0.08
0.08
0.08
0.063
0.063
0.246
0.246
0.246
0.246
0.246
0.408
0.408
0.408
0.408
0.408
0.408
0.408
0.408
0.408
0.408
0.408
0.408
0.408
0.408
0.408
0.408
0.408
0.225
0.225
0.225
0.063
0.063
0.063
0.063
0.191
0.191
0.191
0.191
0.191
0.191
0.191
0.191
0.191
0.191
0.191
0.191
0.397
0.397
0.397
0.397
0.397
0.397
0.269
0.269
0.269
0.269
0.269
0.269
0.269
0.269
0.063
0.063
0.063
0.063
0.063
0.063
0.063
0.063
0.063
0.063
0.063
0.063
0.063
0.063
0.063
0.063
0.063
0.063
0.063
0.063
0.063
0.063
0.063
0.063
0.063
0.225
0.225
0.225
0.225
0.225
0.225
0.225
0.225
0.225
0.225
0.225
0.225
0.225
0.225
0.225
0.225
0.225
0.225
0.225
0.225
0.063
0.063
0.246
0.246
0.246
0.246
0.246
0.246
0.246
0.246
0.246
0.246
0.246
0.246
0.246
0.246
0.246
0.246
0.246
0.246
0.246
0.246
0.246
0.246
0.063
0.063
0.063
0.063
0.269
0.269
0.269
0.269
0.269
0.269
0.269
0.269
0.269
0.269
0.269
0.269
0.269
0.269
0.063
0.063
0.063
0.063
0.063
0.063
0.063
0.063
0.063
0.063
0.063
0.063
0.063
0.063
0.063
0.063
0.063
0.191
0.191
0.191
0.191
0.191
0.191
0.353
0.353
0.353
0.353
0.353
0.353
0.353
0.353
0.353
0.353
0.353
0.353
0.225
0.225
0.225
0.225
0.225
0.225
0.225
0.225
0.063
0.063
0.063
0.08
0.08
0.08
0.08
0.08
0.08
0.08
0.08
0.12
0.12
0.18
0.18
0.216
0.216
0.216
0.216
0.276
0.276
0.24
0.506
0.506
0.506
0.546
0.546
0.546
0.506
0.446
0.506
0.506
0.506
0.506
0.566
0.506
0.3
0.3
0.35
0.35
0.35
0.31
0.19
0.352
0.332
0.42
0.48
0.546
0.566
0.491
0.471
0.471
0.471
0.471
0.481
0.481
0.481
0.647
0.647
0.647
0.93
0.83
0.876
0.586
0.586
0.586
0.586
0.586
0.586
0.586
0.586
0.689
0.729
0.729
0.689
0.689
0.689
0.689
0.669
0.669
0.669
0.669
0.383
0.383
0.383
0.323
0.323
0.443
0.443
0.443
0.443
0.443
0.443
0.498
0.704
0.704
0.704
0.649
0.589
0.589
0.777
0.817
0.817
0.817
0.979
0.979
0.919
0.979
0.773
0.773
0.773
0.767
0.767
0.607
0.607
0.607
0.607
0.607
0.488
0.488
0.479
0.479
0.479
0.479
0.277
0.277
0.277
0.267
0.267
0.267
0.276
0.276
0.276
0.376
0.376
0.35
0.35
0.35
0.35
0.29
0.29
0.23
0.29
0.29
0.39
0.39
0.39
0.47
0.47
0.39
0.39
0.39
0.456
0.456
0.39
0.39
0.39
0.39
0.33
0.39
0.39
0.39
0.39
0.39
0.39
0.45
0.39
0.39
0.33
0.33
0.396
0.558
0.558
0.764
0.947
0.947
0.987
0.921
0.921
0.957
0.921
1.049
1.049
1.049
1.049
1.049
1.13
0.924
0.984
0.984
0.915
0.753
0.753
0.753
0.789
0.789
0.606
0.606
0.506
0.378
0.438
0.438
2.354
2.354
2.374
2.374
2.374
2.374
2.384
2.484
2.464
2.531
2.574
2.574
2.574
2.574
2.574
2.574
0.658
0.658
0.558
0.558
0.618
0.678
0.678
0.744
0.744
0.744
0.744
0.744
0.684
0.886
0.831
0.831
0.891
0.825
0.857
0.857
0.797
0.785
0.785
0.785
0.785
0.785
0.745
0.951
0.891
0.891
0.891
0.891
0.891
0.849
0.849
0.849
0.849
0.977
0.977
0.977
0.977
0.971
0.971
0.945
0.945
1.045
1.045
1.045
1.045
1.045
1.105
1.105
1.105
1.038
1.038
0.91
0.91
0.91
0.91
0.91
0.874
0.874
0.874
0.924
0.924
0.924
0.924
0.924
0.924
0.924
0.824
0.824
0.824
0.824
0.874
1.057
1.057
1.057
1.057
1.014
0.914
0.914
1.05
1.05
1.05
1.15
1.15
1.05
1.05
0.89
0.89
0.99
0.854
0.854
1.042
1.042
1.042
0.859
0.859
0.859
0.859
0.859
0.859
0.859
0.919
0.859
0.859
0.859
1.021
1.021
1.021
1.021
0.893
0.893
0.953
0.833
0.996
0.996
1.056
1.056
1.056
1.056
1.116
1.116
1.322
1.322
1.222
1.222
1.06
1.06
1.06
1
1
1.1
1.1
1
1
1.06
0.954
0.954
0.954
0.954
0.854
0.794
0.794
0.794
0.794
0.784
0.784
0.784
0.784
0.784
0.784
0.85
3.229
3.329
3.329
3.389
3.389
3.491
3.491
3.391
3.355
3.355
3.355
3.538
3.538
3.538
3.538
3.538
3.498
3.498
3.538
3.508
3.508
3.55
3.55
3.55
3.55
3.448
3.448
3.576
3.576
3.576
3.576
3.576
3.576
3.393
3.393
3.393
3.393
3.533
3.533
3.533
3.533
3.533
3.739
3.739
3.739
3.571
3.571
3.571
3.571
3.471
3.571
2.774
2.936
2.936
2.936
2.936
2.73
2.73
2.73
2.73
0.225
0.225
0.225
0.225
0.225
0.225
0.225
0.225
0.225
0.225
0.225
0.225
0.063
0.063
0.063
0.063
0.063
0.063
0.063
0.063
0.063
0.246
0.246
0.246
0.246
0.246
0.246
0.246
0.246
0.374
0.374
0.374
0.374
0.374
0.374
0.374
0.374
0.374
0.374
0.374
0.374
0.374
0.374
0.191
0.191
0.191
0.191
0.063
0.063
0.063
0.063
