0.067
0.057
0.057
0.097
0.097
0.157
0.157
0.197
0.157
0.157
0.157
0.157
0.157
0.197
0.197
0.197
0.157
0.157
0.157
0.157
0.157
0.257
0.257
0.157
0.157
0.217
0.217
0.217
0.217
0.217
0.217
0.227
0.227
0.227
0.227
0.227
0.187
0.187
0.211
0.211
0.151
0.151
0.251
0.251
0.251
0.251
0.318
0.318
0.178
0.158
0.218
0.218
0.218
0.318
0.318
0.318
0.218
0.218
0.218
0.218
0.345
0.345
0.345
0.345
0.445
0.445
0.445
0.385
0.385
0.385
0.385
0.385
0.385
0.385
0.385
0.445
0.385
0.385
0.385
0.328
0.328
0.328
0.328
0.348
0.328
0.328
0.228
0.228
0.228
0.228
0.248
0.248
0.248
0.248
0.248
0.248
0.288
0.288
0.161
0.221
0.221
0.221
0.221
0.228
0.228
0.228
0.228
0.248
0.248
0.248
0.348
0.324
0.324
0.257
0.257
0.257
0.257
0.257
0.317
0.257
0.069
0.069
0.069
0.069
0.069
0.069
0.069
0.069
0.069
0.069
0.069
0.069
0.069
0.069
0.069
0.069
0.069
0.069
0.069
0.069
0.069
0.069
0.069
0.069
0.069
0.069
0.069
0.069
0.069
0.069
0.069
0.069
0.069
0.069
0.069
0.069
0.069
0.069
0.069
0.069
0.069
0.069
0.069
0.069
0.069
0.069
0.069
0.069
0.069
0.069
0.069
0.069
0.069
0.069
0.069
0.069
0.069
0.069
0.069
0.069
0.069
0.069
0.069
0.069
0.069
0.069
0.069
0.069
0.069
0.069
0.069
0.069
0.069
0.069
0.069
0.069
0.069
0.069
0.069
0.069
0.069
0.069
0.069
0.069
0.069
0.069
0.069
0.069
0.069
0.069
0.069
0.069
0.069
0.069
0.069
0.069
0.069
0.069
0.069
0.069
0.069
0.069
0.069
0.069
0.069
0.069
0.069
0.069
0.069
0.069
0.069
0.069
0.069
0.069
0.069
0.069
0.069
0.069
0.069
0.069
0.069
0.069
0.069
0.069
0.069
0.069
0.069
0.069
0.069
0.069
0.069
0.069
0.069
0.069
0.069
0.069
0.069
0.069
0.069
0.069
0.069
0.069
0.069
0.069
0.069
0.069
0.069
0.069
0.069
0.069
0.069
0.069
0.069
0.069
0.069
0.069
0.069
0.069
0.069
0.069
0.069
0.069
0.069
0.069
0.069
0.069
0.069
0.069
0.069
0.069
0.069
0.069
0.069
0.069
0.069
0.069
0.069
0.069
0.069
0.069
0.069
0.069
0.069
0.069
0.069
0.069
0.069
0.069
0.069
0.069
0.069
0.069
0.069
0.069
0.069
0.069
0.069
0.069
0.069
0.069
0.069
0.069
0.069
0.069
0.069
0.069
0.069
0.069
0.069
0.069
0.069
0.069
0.069
0.069
0.069
0.069
0.069
0.069
0.069
0.069
0.069
0.069
0.069
0.069
0.069
0.069
0.069
0.069
0.069
0.069
0.069
0.069
0.069
0.069
0.069
0.069
0.069
0.069
0.069
0.069
0.069
0.069
0.069
0.069
0.069
0.069
0.069
0.069
0.069
0.069
0.069
0.069
0.069
0.069
0.069
0.069
0.069
0.069
0.069
0.069
0.069
0.069
0.069
0.069
0.069
0.069
0.069
0.069
0.069
0.069
0.069
0.069
0.069
0.069
0.069
0.069
0.069
0.069
0.069
0.069
0.069
0.069
0.069
0.069
0.069
0.069
0.069
0.069
0.069
0.069
0.137
0.137
0.137
0.157
0.217
0.217
0.237
0.237
0.237
0.237
0.237
0.237
0.177
0.177
0.177
0.177
0.177
0.177
0.177
0.157
0.157
0.157
0.157
0.157
0.157
0.157
0.157
0.157
0.157
0.108
0.108
0.108
0.179
0.179
0.179
0.179
0.098
0.158
0.158
0.218
0.218
0.218
0.218
0.218
0.218
0.218
0.218
0.158
0.158
0.158
0.158
0.218
0.258
0.258
0.258
0.325
0.325
0.285
0.285
0.302
0.302
0.302
0.302
0.242
0.242
0.242
0.242
0.242
0.242
0.242
0.242
0.302
0.302
0.402
0.402
0.385
0.385
0.385
0.385
0.385
0.385
0.385
0.445
0.445
0.445
0.445
0.445
0.445
0.445
0.434
0.434
0.434
0.214
0.214
0.214
0.214
0.214
0.214
0.214
0.274
0.274
0.274
0.274
0.274
0.274
0.214
0.214
0.274
0.274
0.274
0.274
0.274
0.314
0.274
0.274
0.214
0.214
0.214
0.214
0.234
0.234
0.234
0.234
0.234
0.234
0.234
0.234
0.234
0.234
0.214
0.214
0.214
0.274
0.274
0.274
0.274
0.274
0.274
0.274
0.274
0.274
0.274
0.274
0.274
0.274
0.274
0.274
0.274
0.274
0.274
0.274
0.274
0.274
0.274
0.274
0.274
0.274
0.274
0.274
0.274
0.069
0.069
0.069
0.069
0.069
0.069
0.069
0.069
0.069
0.069
0.069
0.069
0.069
0.069
0.069
0.069
0.069
0.069
0.069
0.069
0.069
0.069
0.069
0.069
0.069
0.069
0.069
0.069
0.069
0.069
0.069
0.069
0.069
0.069
0.069
0.069
0.069
0.069
0.069
0.069
0.069
0.069
0.069
0.069
0.069
0.069
0.069
0.069
0.069
0.069
0.069
0.069
0.069
0.069
0.069
0.069
0.069
0.069
0.069
0.069
0.069
0.069
0.069
0.069
0.069
0.069
0.069
0.069
0.069
0.069
0.069
0.069
0.069
0.069
0.069
0.069
0.069
0.069
0.069
0.069
0.067
0.067
0.067
0.067
0.067
0.067
0.067
0.067
0.067
0.067
0.067
0.067
0.067
0.067
0.067
0.067
0.067
0.067
0.067
0.067
0.067
0.067
0.067
0.067
0.067
0.067
0.067
0.067
0.067
0.067
0.067
0.067
0.067
0.091
0.091
0.091
0.091
0.091
0.091
0.091
0.101
0.101
0.101
0.101
0.101
0.101
0.101
0.101
0.101
0.101
0.101
0.101
0.101
0.101
0.101
0.101
0.101
0.101
0.101
0.101
0.101
0.101
0.101
0.101
0.101
0.101
0.101
0.101
0.101
0.101
0.101
0.101
0.101
0.101
0.101
0.101
0.101
0.101
0.101
0.101
0.101
0.101
0.101
0.101
0.101
0.101
0.101
0.101
0.101
0.101
0.101
0.101
0.101
0.101
0.101
0.101
0.101
0.101
0.101
0.101
0.101
0.101
0.101
0.101
0.101
0.101
0.077
0.077
0.077
0.077
0.077
0.077
0.077
0.067
0.067
0.067
0.067
0.067
0.127
0.127
0.127
0.127
0.127
0.127
0.127
0.127
0.127
0.067
0.067
0.067
0.067
0.067
0.067
0.067
0.067
0.067
0.067
0.067
0.067
0.067
0.067
0.067
0.067
0.067
0.067
0.067
0.067
0.067
0.067
0.067
0.067
0.067
0.067
0.067
0.067
0.067
0.067
0.067
0.067
0.067
0.067
0.067
0.067
0.067
0.067
0.067
0.067
0.067
0.067
0.067
0.067
0.067
0.067
0.067
0.067
0.067
0.067
0.067
0.067
0.067
0.067
0.067
0.067
0.067
0.067
0.067
0.067
0.067
0.067
0.067
0.067
0.067
0.067
0.067
0.067
0.067
0.067
0.067
0.067
0.22
0.22
0.179
0.179
0.179
0.179
0.179
0.239
2.282
2.222
2.182
2.182
2.182
2.182
2.182
2.193
2.193
2.293
2.293
2.293
2.293
2.31
2.31
2.31
2.31
2.293
2.293
2.293
2.293
0.31
0.31
0.31
0.31
0.31
0.31
0.31
0.32
0.32
0.32
0.32
0.32
0.32
0.32
2.21
2.21
2.21
0.32
0.32
0.32
0.32
0.32
0.32
0.32
0.32
0.32
0.32
0.32
0.26
0.26
0.26
0.26
0.26
0.26
0.26
0.26
0.26
0.26
0.26
0.26
2.15
2.15
2.15
0.26
0.36
0.36
0.309
0.309
0.309
1.32
1.38
1.38
0.309
0.309
0.309
0.309
0.309
0.249
0.266
0.326
0.266
0.266
0.266
0.443
0.443
0.266
0.266
0.266
0.309
0.309
0.309
0.371
0.369
0.436
0.369
0.469
0.546
0.546
0.396
0.396
0.259
0.279
0.279
0.279
0.279
0.279
0.279
0.279
0.279
0.456
0.436
0.369
0.369
0.369
0.369
0.369
0.369
0.309
0.309
0.309
0.369
0.329
0.526
0.526
0.844
0.855
0.855
0.735
0.735
0.168
0.168
0.168
0.168
0.168
0.168
0.168
0.288
0.288
0.288
0.288
2.178
2.178
2.118
0.168
0.277
0.277
0.317
0.27
0.27
0.397
0.397
0.397
0.357
0.357
0.357
0.357
0.417
0.417
0.23
0.23
0.23
0.23
0.23
0.343
0.41
0.41
0.41
0.41
0.41
0.41
0.343
0.343
0.343
0.343
0.459
0.459
0.459
0.397
0.397
0.457
0.457
0.457
0.457
0.457
0.447
0.436
0.4
0.4
0.411
0.438
0.438
0.438
0.518
0.653
0.653
0.653
0.593
0.593
0.593
0.593
0.653
0.593
0.593
0.593
0.593
0.593
0.593
0.593
0.68
0.68
0.68
0.68
0.68
0.62
0.68
0.807
0.807
0.827
0.827
0.827
0.827
0.827
0.867
0.867
0.867
0.907
0.907
0.907
0.907
0.927
0.927
0.927
0.069
0.069
0.069
0.069
0.069
0.069
0.069
0.069
0.069
0.069
0.069
0.069
0.069
0.069
0.069
0.069
0.069
0.069
0.069
0.069
0.468
0.468
0.468
0.468
0.528
0.609
0.609
0.629
0.508
0.568
0.568
0.568
0.568
0.568
0.568
0.643
0.632
0.579
0.579
0.654
0.519
0.519
0.519
0.519
0.519
0.519
0.499
0.475
0.475
0.595
0.585
0.585
0.645
0.645
0.645
0.645
0.645
0.645
0.705
0.705
0.578
0.578
0.578
0.578
0.578
0.518
0.518
0.518
0.518
0.518
0.518
0.518
0.443
0.443
0.443
0.443
0.443
0.443
0.524
0.524
0.651
0.59
0.59
0.53
0.53
0.57
0.57
0.637
0.637
0.637
0.637
0.746
0.746
0.746
0.746
0.746
0.746
0.746
0.686
0.686
0.686
0.686
0.686
0.686
0.686
0.626
0.626
0.626
0.626
0.626
0.579
0.579
0.559
0.659
0.659
0.619
0.619
0.619
0.659
0.679
0.639
0.512
0.512
0.512
0.512
0.512
0.572
0.572
0.572
0.572
0.572
0.572
0.612
0.612
0.612
0.652
0.652
0.652
0.712
0.652
0.652
0.652
0.652
0.652
0.652
0.652
0.552
0.552
0.552
0.492
0.592
0.592
0.552
0.552
0.612
0.592
0.592
0.592
0.592
0.592
0.592
0.779
0.779
0.779
0.779
0.779
0.779
0.779
0.719
0.719
0.719
0.819
0.819
0.819
0.819
0.932
0.999
0.999
2.949
2.949
2.889
0.999
0.999
0.999
0.999
1.009
0.949
0.949
0.949
0.949
1.049
1.049
1.049
1.049
1.049
1.124
1.124
1.124
1.124
1.124
0.069
0.069
0.069
0.069
0.069
0.069
0.069
0.069
0.069
0.069
0.069
0.069
0.069
0.069
0.069
0.069
0.069
0.069
0.069
0.069
0.069
0.069
0.069
0.069
0.069
0.069
0.069
0.069
0.069
0.069
0.069
0.069
0.069
0.069
0.069
0.069
0.069
0.069
0.069
0.069
0.069
0.069
0.069
0.069
0.069
0.069
0.069
0.069
0.069
0.069
0.069
0.069
0.069
0.069
0.069
0.069
0.069
0.069
0.069
0.069
0.069
0.069
0.069
0.069
0.069
0.069
0.069
0.069
0.069
0.069
0.069
0.069
0.069
0.069
0.069
0.069
0.069
0.069
0.069
0.069
0.069
0.069
0.069
0.069
0.069
0.069
0.069
0.069
0.069
0.069
0.069
0.069
0.069
0.069
0.069
0.069
0.069
0.069
0.069
0.069
0.069
0.069
0.069
0.069
0.069
0.069
0.069
0.069
0.069
0.069
0.069
0.069
0.069
0.069
0.069
0.069
0.069
0.069
0.069
0.069
0.069
0.069
0.069
0.069
0.069
0.069
0.069
0.069
0.069
0.069
0.069
0.069
0.069
0.069
0.069
0.069
0.069
0.069
0.069
0.069
0.069
0.069
0.069
0.069
0.069
0.069
0.069
0.069
0.069
0.069
