0.076
0.076
0.07
0.066
0.066
0.066
0.066
0.066
0.07200000000000001
0.076
0.076
0.076
0.282
0.282
0.2408
0.076
0.076
0.076
0.076
0.076
0.076
0.076
0.076
0.076
0.22880000000000003
0.267
0.267
0.267
0.1906
0.076
0.076
0.076
0.076
0.076
0.076
0.1996
0.282
0.282
0.27
0.267
0.267
0.267
0.1906
0.076
0.076
0.076
0.076
0.076
0.076
0.076
0.2408
0.3202
0.473
0.267
0.267
0.267
0.11420000000000001
0.076
0.076
0.076
0.076
0.076
0.076
0.076
0.074
0.074
0.0776
0.26780000000000004
0.35
0.583
0.473
0.35540000000000005
0.076
0.076
0.076
0.076
0.076
0.076
0.076
0.076
0.076
0.19060000000000002
0.267
0.267
0.473
0.43479999999999996
0.2408
0.076
0.076
0.076
0.076
0.076
0.076
0.076
0.076
0.076
0.076
0.076
0.076
0.076
0.22880000000000003
0.267
0.39059999999999995
0.473
0.3966
0.1172
0.076
0.076
0.076
0.076
0.076
0.076
0.076
0.076
0.076
0.19060000000000002
0.267
0.267
0.267
0.22880000000000003
0.076
0.076
0.076
0.076
0.076
0.076
0.076
0.076
0.1172
0.282
0.282
0.19959999999999994
0.1524
0.267
0.267
0.267
0.267
0.076
0.076
0.076
0.076
0.076
0.076
0.076
0.282
0.282
0.2408
0.076
0.076
0.076
0.1524
0.267
0.267
0.267
0.267
0.076
0.076
0.076
0.076
0.282
0.282
0.2408
0.076
0.076
0.1524
0.267
0.267
0.267
0.267
0.076
0.076
0.076
0.076
0.282
0.282
0.2408
0.076
0.076
0.19060000000000002
0.267
0.267
0.267
0.22880000000000003
0.076
0.076
0.076
0.076
0.076
0.076
0.076
0.1584
0.282
0.282
0.15839999999999996
0.076
0.076
0.267
0.267
0.267
0.267
0.15239999999999998
0.076
0.076
0.076
0.076
0.076
0.1172
0.282
0.282
0.19959999999999994
0.076
0.1142
0.267
0.267
0.267
0.267
0.11420000000000001
0.076
0.076
0.076
0.076
0.1172
0.282
0.282
0.19959999999999994
0.076
0.076
0.076
0.076
0.267
0.267
0.267
0.267
0.15239999999999998
0.076
0.076
0.2408
0.282
0.282
0.076
0.076
0.076
0.076
0.076
0.076
0.076
0.076
0.22880000000000003
0.267
0.267
0.43179999999999996
0.3966
0.282
0.076
0.076
0.076
0.076
0.076
0.076
0.076
0.074
0.271
0.267
0.267
0.28300000000000003
0.21080000000000002
0.144
0.2084
0.3952
0.48679999999999995
0.457
0.2974
0.23900000000000002
0.215
0.3114
0.506
0.267
0.267
0.267
0.076
0.076
0.076
0.076
0.076
0.076
0.076
0.282
0.282
