0.072
0.072
0.072
0.072
0.072
0.072
0.072
0.072
0.072
0.072
0.072
0.072
0.062
0.062
0.062
0.062
0.062
0.062
0.062
0.062
0.062
0.062
0.062
0.062
0.062
0.062
0.062
0.062
0.062
0.062
0.062
0.062
0.062
0.062
0.062
0.062
0.062
0.062
0.062
0.062
0.062
0.062
0.072
0.072
0.072
0.072
0.072
0.072
0.072
0.072
0.072
0.072
0.072
0.072
0.072
0.072
0.072
0.072
0.072
0.072
0.206
0.206
0.206
0.206
0.206
0.206
0.206
0.206
0.206
0.206
0.206
0.206
0.206
0.206
0.206
0.206
0.206
0.206
0.206
0.206
0.072
0.072
0.072
0.072
0.072
0.072
0.072
0.072
0.072
0.072
0.072
0.072
0.072
0.072
0.072
0.072
0.072
0.072
0.072
0.072
0.072
0.072
0.072
0.072
0.072
0.072
0.072
0.072
0.072
0.072
0.072
0.072
0.072
0.072
0.072
0.072
0.072
0.072
0.072
0.072
0.275
0.275
0.275
0.409
0.409
0.409
0.409
0.409
0.409
0.409
0.409
0.409
0.409
0.409
0.409
0.409
0.409
0.409
0.409
0.409
0.409
0.409
0.206
0.072
0.072
0.072
0.072
0.072
0.072
0.072
0.072
0.072
0.072
0.072
0.072
0.072
0.072
0.072
0.072
0.072
0.072
0.072
0.072
0.072
0.072
0.072
0.072
0.072
0.072
0.072
0.072
0.072
0.072
0.072
0.072
0.072
0.072
0.072
0.072
0.072
0.072
0.072
0.072
0.072
0.072
0.072
0.072
0.072
0.072
0.072
0.072
0.072
0.072
0.072
0.072
0.072
0.072
0.072
0.072
0.072
0.072
0.072
0.072
0.072
0.072
0.072
0.072
0.072
0.072
0.072
0.072
0.072
0.072
0.072
0.072
0.072
0.072
0.072
0.072
0.072
0.072
0.072
0.072
0.072
0.072
0.072
0.072
0.072
0.072
0.072
0.072
0.072
0.072
0.072
0.072
0.072
0.072
0.072
0.072
0.072
0.072
0.072
0.072
0.072
0.072
0.072
0.072
0.072
0.072
0.072
0.072
0.072
0.072
0.072
0.072
0.072
0.072
0.072
0.275
0.275
0.275
0.275
0.275
0.275
0.275
0.275
0.275
0.275
0.275
0.275
0.275
0.275
0.275
0.275
0.275
0.275
0.275
0.275
0.275
0.275
0.072
0.072
0.072
0.072
0.072
0.072
0.072
0.072
0.072
0.072
0.072
0.072
0.072
0.072
0.072
0.072
0.072
0.072
0.206
0.206
0.206
0.206
0.206
0.206
0.206
0.206
0.206
0.206
0.206
0.206
0.206
0.206
0.206
0.206
0.206
0.206
0.206
0.206
0.072
0.072
0.072
0.072
0.072
0.072
0.072
0.072
0.072
0.072
0.072
0.072
0.072
0.072
0.072
0.072
0.072
0.072
0.072
0.072
0.072
0.072
0.072
0.072
0.072
0.072
0.072
0.072
0.072
0.072
0.072
0.072
0.072
0.072
0.072
0.072
0.072
0.275
0.275
0.275
0.275
0.275
0.275
0.275
0.275
0.275
0.275
0.275
0.275
0.275
0.275
0.275
0.275
0.275
0.275
0.275
0.275
0.275
0.275
0.072
0.072
0.072
0.072
0.072
0.072
0.072
0.072
0.072
0.072
0.072
0.072
0.072
0.072
0.072
0.072
0.072
0.072
0.072
0.072
0.072
0.072
0.072
0.072
0.072
0.072
0.072
0.072
0.072
0.072
0.206
0.206
0.206
0.206
0.206
0.206
0.206
0.206
0.206
0.206
0.206
0.206
0.206
0.204
0.304
0.304
0.304
0.304
0.304
0.304
0.23
0.29
0.29
0.29
0.29
0.29
0.29
0.564
0.564
0.564
0.564
0.23
0.35
0.362
0.362
0.35
0.35
0.39
0.33
0.33
0.39
0.39
0.33
0.533
0.593
0.593
0.593
0.593
0.593
0.553
0.553
0.553
0.553
0.553
0.553
0.553
0.593
0.653
0.593
0.593
0.705
0.765
0.665
0.665
0.665
0.402
0.402
0.402
0.39
0.39
0.39
0.39
0.39
0.45
0.45
0.39
0.39
0.39
0.39
0.39
0.524
0.524
0.524
0.584
0.644
0.644
0.644
0.644
0.657
0.657
0.597
0.597
0.597
1.856
1.856
1.856
1.796
1.796
1.796
1.796
1.662
1.662
1.662
0.072
0.072
0.072
0.072
0.072
0.072
0.072
0.072
0.072
0.072
0.072
0.072
0.072
0.072
0.072
0.072
0.072
0.072
0.072
0.072
0.072
0.072
0.072
0.275
0.275
0.275
0.275
0.275
0.275
0.275
0.275
0.275
0.275
0.275
0.275
0.275
0.275
0.275
0.275
0.409
0.409
0.409
0.409
0.409
0.409
0.206
0.206
0.206
0.206
0.206
0.206
0.206
0.206
0.206
0.206
0.206
0.206
0.206
0.206
0.072
0.072
0.072
0.072
0.072
0.072
0.072
0.072
0.072
0.072
0.072
0.072
0.072
0.072
0.072
0.072
0.072
0.072
0.072
0.072
0.072
0.072
0.072
0.072
0.072
0.072
0.072
0.072
0.072
0.072
0.072
0.072
0.072
0.072
0.072
0.072
0.072
0.072
0.072
0.072
0.275
0.275
0.275
0.275
0.275
0.275
0.275
0.275
0.275
0.275
0.275
0.275
0.275
0.275
0.275
0.275
0.275
0.275
0.275
0.275
0.275
0.275
0.072
0.072
0.072
0.072
0.072
0.072
0.072
0.072
0.072
0.072
0.072
0.072
0.072
0.072
0.072
0.072
0.072
0.072
0.072
0.072
0.072
0.072
0.072
0.072
0.072
0.072
0.072
0.072
0.072
0.072
0.072
0.072
0.072
0.072
0.072
0.072
0.072
0.072
0.072
0.072
0.072
0.072
0.072
0.072
0.072
0.072
0.072
0.072
0.072
0.275
0.275
0.275
0.275
0.275
0.275
0.275
0.275
0.275
0.275
0.275
0.275
0.275
0.275
0.275
0.275
0.275
0.275
0.275
0.275
0.275
0.275
0.072
0.072
0.072
0.072
0.072
0.072
0.072
0.072
0.072
0.072
0.072
0.072
0.072
0.072
0.072
0.072
0.072
0.072
0.072
0.072
0.072
0.072
0.072
0.072
0.072
0.072
0.072
0.072
0.072
0.072
0.072
0.072
0.072
0.206
0.206
0.206
0.206
0.206
0.206
0.206
0.206
0.206
0.206
0.206
0.206
0.206
0.206
0.206
0.206
0.206
0.206
0.206
0.206
0.072
0.072
0.072
0.072
0.072
0.072
0.072
0.072
0.072
0.072
0.072
0.072
0.072
0.072
0.275
0.275
0.275
0.275
0.275
0.275
0.275
0.275
0.275
0.275
0.275
0.275
0.275
0.275
0.275
0.275
0.275
0.275
0.275
0.275
0.275
0.275
0.072
0.072
0.072
0.072
0.072
0.072
0.072
0.072
0.072
0.072
0.072
0.072
0.072
0.072
0.072
0.072
0.072
0.072
0.072
0.072
0.072
0.072
0.072
0.072
0.072
0.072
0.072
0.072
0.072
0.072
0.072
0.072
0.072
0.072
0.072
0.072
0.072
0.072
0.072
0.072
0.072
0.072
0.072
0.072
0.072
0.072
0.072
0.072
0.072
0.072
0.072
0.072
0.072
0.072
0.072
0.072
0.072
0.072
0.072
0.072
0.072
0.072
0.072
0.072
0.072
0.072
0.072
0.072
0.072
0.072
0.072
0.072
0.275
0.275
0.275
0.275
0.409
0.409
0.409
0.409
0.409
0.409
0.409
0.409
0.409
0.409
0.409
0.409
0.409
0.409
0.409
0.409
0.409
0.409
0.206
0.206
0.072
0.072
0.072
0.072
0.072
0.072
0.072
0.072
0.072
0.072
0.072
0.072
0.072
0.072
0.072
0.072
0.072
0.072
0.072
0.072
0.072
0.072
0.072
0.072
0.072
0.072
0.072
0.072
0.072
0.072
0.072
0.072
0.072
0.072
0.072
0.072
0.072
0.072
0.072
0.072
0.072
0.072
0.072
0.072
0.072
0.072
0.072
0.072
0.072
0.072
0.072
0.072
0.072
0.072
0.206
0.206
0.206
0.206
0.206
0.409
0.409
0.409
0.409
0.409
0.409
0.409
0.409
0.409
0.409
0.409
0.409
0.409
0.409
0.409
0.275
0.275
0.275
0.275
0.275
0.275
0.275
0.072
0.072
0.072
0.072
0.072
0.072
0.072
0.072
0.072
0.072
0.072
0.072
0.072
0.072
0.072
0.072
0.072
0.072
0.072
0.072
0.072
0.072
0.072
0.072
0.072
0.072
0.072
0.072
0.072
0.072
0.072
0.072
0.072
0.072
0.072
0.072
0.072
0.072
0.072
0.072
0.072
0.072
0.072
0.072
0.072
0.072
0.072
0.206
0.409
0.409
0.409
0.409
0.409
0.409
0.409
0.409
0.409
0.409
0.409
0.409
0.409
0.409
0.409
0.409
0.409
0.409
0.409
0.275
0.275
0.275
0.072
0.072
0.072
0.072
0.072
0.072
0.072
0.072
0.072
0.072
0.072
0.072
1.402
1.402
1.342
1.414
1.514
1.502
1.502
1.502
1.502
1.502
1.502
1.562
1.574
1.562
1.562
1.562
1.622
1.562
1.562
1.562
1.562
1.562
1.562
1.562
1.562
1.562
1.562
1.562
1.562
1.562
1.562
1.562
1.562
1.562
1.562
1.562
1.562
1.562
1.562
1.658
1.658
1.718
1.718
1.718
1.718
1.705
1.705
1.645
1.645
1.645
0.386
0.386
0.446
0.446
0.446
0.446
0.446
0.506
0.506
0.506
0.526
0.506
0.506
0.506
0.506
0.604
0.604
0.604
0.664
0.664
0.664
0.664
0.798
0.798
0.798
1.061
1.061
1.061
1.061
1.061
1.061
1.061
1.061
1.001
0.941
0.941
0.881
0.821
0.821
0.941
0.941
0.941
0.807
0.967
0.967
0.869
0.869
0.666
0.566
0.566
0.566
0.566
0.446
0.446
0.386
0.386
0.506
0.506
0.446
0.662
0.662
0.542
0.506
0.506
0.506
0.566
0.566
0.602
0.614
0.614
0.674
0.674
0.614
0.614
0.614
0.614
0.614
0.614
0.629
0.629
0.629
0.749
0.737
0.737
0.737
0.737
0.737
0.931
0.871
0.751
0.751
0.751
0.871
0.871
0.931
0.931
0.931
0.931
0.931
0.991
1.003
1.003
1.003
1.003
1.266
1.266
1.326
1.192
1.192
1.252
1.252
1.252
1.252
1.192
1.192
1.072
1.072
1.132
1.132
1.072
1.072
1.072
1.072
1.112
1.112
1.112
0.909
0.849
0.849
0.947
0.947
0.947
0.947
1.007
0.947
0.847
0.847
0.847
0.847
1.181
1.145
1.145
1.145
0.713
0.713
0.713
0.713
0.847
0.945
0.965
0.925
0.91
0.89
0.89
0.89
0.83
0.83
0.83
0.83
0.83
0.83
0.83
0.83
0.89
0.83
0.77
0.758
0.624
0.624
0.624
0.604
0.604
0.807
0.807
0.819
0.807
0.807
0.807
0.807
0.807
0.687
0.687
0.747
0.747
0.747
0.759
0.819
0.834
0.774
0.774
0.774
0.774
0.774
0.774
0.631
0.631
0.667
0.667
0.787
0.727
0.072
0.072
0.072
0.072
0.072
0.072
0.072
0.072
0.072
0.072
0.072
0.072
0.072
0.072
0.072
0.072
0.072
0.072
0.072
0.072
0.072
0.072
0.072
0.072
0.072
0.072
0.072
0.072
0.072
0.072
0.072
0.072
0.072
0.072
0.072
0.072
0.072
0.072
0.072
0.072
0.072
0.072
0.072
0.072
0.072
0.072
0.072
0.275
0.275
0.275
0.275
0.275
0.275
0.275
0.275
0.275
0.275
0.275
0.275
0.275
0.275
0.275
0.275
0.275
0.275
0.275
0.275
0.275
0.275
0.072
0.072
0.072
0.072
0.072
0.072
0.072
0.072
0.072
0.072
0.072
0.072
0.072
0.072
0.072
0.206
0.206
0.206
0.206
0.206
0.206
0.206
0.206
0.206
0.206
0.206
0.206
0.206
0.206
0.206
0.206
0.206
0.206
0.206
0.206
0.072
0.072
0.072
0.072
0.072
0.072
0.072
0.072
0.072
0.072
0.072
0.072
0.072
0.072
0.072
0.072
0.072
0.072
0.072
0.072
0.072
0.072
0.275
0.275
0.275
0.275
0.275
0.275
0.275
0.275
0.275
0.275
0.275
0.275
0.275
0.275
