0.06
0.06
0.06
0.06
0.06
0.06
0.06
0.06
0.06
0.06
0.06
0.06
0.06
0.06
0.06
0.06
0.06
0.06
0.06
0.06
0.06
0.06
0.06
0.06
0.07
0.07
0.07
0.07
0.07
0.07
0.07
0.07
0.07
0.07
0.07
0.07
0.07
0.07
0.07
0.07
0.07
0.07
0.07
0.07
0.07
0.07
0.07
0.07
0.07
0.07
0.07
0.07
0.07
0.07
0.07
0.07
0.07
0.07
0.07
0.07
0.07
0.07
0.07
0.07
0.07
0.07
0.07
0.07
0.07
0.07
0.07
0.07
0.07
0.07
0.07
0.07
0.07
0.07
0.07
0.07
0.07
0.07
0.07
0.07
0.07
0.07
0.07
0.07
0.07
0.07
0.07
0.07
0.07
0.07
0.07
0.07
0.07
0.07
0.07
0.07
0.07
0.07
0.07
0.07
0.07
0.07
0.07
0.07
0.07
0.07
0.07
0.07
0.07
0.07
0.07
0.07
0.07
0.07
0.07
0.07
0.07
0.07
0.07
0.07
0.07
0.07
0.07
0.253
0.253
0.253
0.253
0.253
0.253
0.253
0.253
0.253
0.253
0.253
0.253
0.253
0.253
0.253
0.253
0.253
0.253
0.253
0.253
0.253
0.253
0.07
0.07
0.07
0.07
0.07
0.07
0.07
0.07
0.07
0.07
0.07
0.07
0.07
0.07
0.07
0.07
0.07
0.07
0.07
0.07
0.07
0.07
0.07
0.07
0.07
0.07
0.07
0.07
0.07
0.07
0.07
0.07
0.07
0.07
0.07
0.07
0.07
0.07
0.07
0.07
0.07
0.07
0.07
0.07
0.07
0.07
0.07
0.07
0.253
0.253
0.253
0.253
0.253
0.253
0.253
0.253
0.253
0.253
0.253
0.253
0.253
0.253
0.253
0.253
0.253
0.253
0.253
0.253
0.253
0.253
0.07
0.07
0.07
0.07
0.07
0.07
0.07
0.07
0.07
0.07
0.07
0.07
0.07
0.07
0.07
0.07
0.07
0.07
0.07
0.07
0.07
0.07
0.07
0.07
0.07
0.07
0.07
0.07
0.07
0.07
0.07
0.07
0.07
0.07
0.07
0.07
0.07
0.07
0.07
0.07
0.07
0.07
0.07
0.07
0.07
0.07
0.07
0.07
0.07
0.07
0.07
0.07
0.07
0.07
0.07
0.07
0.07
0.07
0.07
0.07
0.253
0.253
0.253
0.253
0.253
0.253
0.253
0.253
0.253
0.253
0.253
0.253
0.253
0.253
0.253
0.253
0.253
0.253
0.253
0.253
0.253
0.253
0.07
0.07
0.07
0.07
0.07
0.07
0.07
0.07
0.07
0.07
0.07
0.07
0.07
0.07
0.07
0.07
0.07
0.07
0.07
0.07
0.07
0.07
0.07
0.07
0.07
0.07
0.07
0.07
0.07
0.07
0.07
0.07
0.07
0.07
0.07
0.07
0.07
0.07
0.07
0.07
0.07
0.07
0.07
0.07
0.07
0.07
0.07
0.07
0.07
0.07
0.07
0.07
0.07
0.07
0.07
0.253
0.253
0.253
0.253
0.253
0.253
0.253
0.253
0.253
0.253
0.253
0.253
0.253
0.253
0.253
0.253
0.253
0.253
0.253
0.253
0.253
0.253
0.07
0.07
0.07
0.07
0.07
0.07
0.07
0.07
0.07
0.07
0.07
0.07
0.07
0.07
0.07
0.07
0.07
0.07
0.07
0.07
0.07
0.07
0.07
0.07
0.07
0.07
0.07
0.07
0.07
0.07
0.07
0.07
0.07
0.07
0.07
0.07
0.07
0.07
0.07
0.07
0.07
0.07
0.069
0.069
0.069
0.069
0.069
0.129
0.129
0.129
0.129
0.109
0.07
0.253
0.253
0.253
0.253
0.253
0.253
0.253
0.253
0.253
0.253
0.253
0.253
0.253
0.253
0.253
0.253
0.253
0.253
0.253
0.253
0.253
0.253
0.07
0.07
0.07
0.07
0.07
0.07
0.07
0.07
0.07
0.07
0.07
0.07
0.07
0.07
0.07
0.07
0.07
0.07
0.07
0.07
0.07
0.07
0.07
0.07
0.07
0.07
0.07
0.07
0.07
0.07
0.07
0.07
0.07
0.07
0.07
0.07
0.07
0.07
0.07
0.07
0.07
0.07
0.07
0.07
0.07
0.07
0.07
0.07
0.07
0.07
0.07
0.07
0.07
0.07
0.07
0.07
0.07
0.07
0.07
0.07
0.07
0.07
0.253
0.253
0.253
0.253
0.253
0.253
0.253
0.253
0.253
0.253
0.253
0.253
0.253
0.253
0.253
0.253
0.253
0.253
0.253
0.253
0.253
0.253
0.07
0.07
0.07
0.07
0.07
0.07
0.07
0.07
0.07
0.07
0.07
0.07
0.07
0.07
0.07
0.07
0.07
0.07
0.07
0.07
0.07
0.07
0.07
0.07
0.07
0.07
0.07
0.07
0.07
0.07
0.07
0.07
0.07
0.07
0.07
0.07
0.07
0.07
0.07
0.07
0.07
0.07
0.07
0.07
0.07
0.07
0.07
0.07
0.07
0.07
0.07
0.07
0.07
0.07
0.07
0.07
0.07
0.07
0.07
0.07
0.07
0.07
0.07
0.07
0.07
0.07
0.07
0.07
0.07
0.07
0.07
0.07
0.07
0.07
0.253
0.253
0.253
0.253
0.253
0.253
0.253
0.253
0.253
0.253
0.253
0.253
0.253
0.253
0.253
0.253
0.253
0.253
0.253
0.253
0.253
0.253
0.07
0.07
0.07
0.07
0.07
0.07
0.07
0.07
0.07
0.07
0.07
0.07
0.07
0.07
0.07
0.07
0.07
0.07
0.07
0.07
0.07
0.07
0.07
0.07
0.07
0.07
0.07
0.07
0.07
0.07
0.07
0.07
0.07
0.07
0.07
0.07
0.07
0.07
0.07
0.07
0.07
0.07
0.07
0.07
0.07
0.07
0.07
0.07
0.07
0.07
0.07
0.07
0.07
0.07
0.07
0.07
0.07
0.07
0.07
0.07
0.07
0.07
0.07
0.07
0.07
0.07
0.07
0.07
0.07
0.253
0.253
0.253
0.253
0.253
0.253
0.253
0.253
0.253
0.253
0.253
0.253
0.253
0.253
0.253
0.253
0.253
0.253
0.253
0.253
0.253
0.253
0.07
0.07
0.07
0.07
0.07
0.07
0.07
0.07
0.07
0.07
0.07
0.07
0.07
0.07
0.07
0.07
0.07
0.07
0.07
0.07
0.07
0.07
0.07
0.07
0.07
0.07
0.07
0.07
0.07
0.07
0.07
0.07
0.07
0.07
0.07
0.07
0.07
0.07
0.07
0.07
0.07
0.07
0.07
0.07
0.07
0.07
0.07
0.07
0.07
0.07
0.07
0.07
0.07
0.07
0.253
0.253
0.253
0.253
0.253
0.253
0.253
0.253
0.253
0.253
0.253
0.253
0.253
0.253
0.253
0.253
0.253
0.253
0.253
0.253
0.253
0.253
0.07
0.07
0.07
0.07
0.07
0.07
0.07
0.07
0.07
0.07
0.07
0.07
0.07
0.07
0.07
0.07
0.07
0.07
0.07
0.07
0.07
0.07
0.07
0.07
0.07
0.07
0.07
0.07
0.07
0.07
0.07
0.07
0.07
0.07
0.07
0.07
0.07
0.07
0.07
0.07
0.07
0.07
0.07
0.07
0.253
0.253
0.253
0.253
0.253
0.253
0.253
0.253
0.253
0.253
0.253
0.253
0.253
0.253
0.253
0.253
0.253
0.253
0.253
0.253
0.253
0.253
0.07
0.07
0.07
0.07
0.07
0.07
0.07
0.07
0.07
0.07
0.07
0.07
0.07
0.07
0.07
0.07
0.07
0.07
0.07
0.07
0.07
0.07
0.07
0.07
0.07
0.07
0.07
0.07
0.07
0.07
0.07
0.07
0.07
0.07
0.07
0.07
0.07
0.07
0.07
0.07
0.07
0.07
0.07
0.07
0.07
0.07
0.07
0.07
0.07
0.07
0.07
0.07
0.07
0.07
0.083
0.083
0.083
0.143
0.143
0.143
0.143
0.143
0.143
0.143
0.143
0.143
0.203
0.243
0.243
0.243
0.243
0.243
0.303
0.303
0.263
0.263
0.263
0.263
0.263
0.263
0.303
0.303
0.303
0.303
0.303
0.303
0.303
0.303
0.303
0.486
0.486
0.486
0.486
0.486
0.486
0.486
0.486
0.526
0.486
0.486
0.486
0.446
0.446
0.446
0.446
0.446
0.446
0.446
0.446
0.446
3.351
3.199
3.199
3.199
3.185
3.185
3.225
3.225
3.225
3.225
3.225
3.225
3.225
3.225
3.225
3.225
3.199
3.199
3.199
3.199
2.369
2.369
2.484
0.409
0.409
0.409
0.421
0.421
0.421
0.421
0.421
3.326
3.346
3.346
3.346
3.346
3.346
3.346
3.346
3.386
3.374
3.374
3.374
3.374
3.374
3.557
3.557
3.557
3.557
3.597
3.735
0.87
3.775
3.775
3.715
3.715
3.715
3.715
3.715
3.715
3.735
3.735
5.694
5.694
5.694
5.694
5.754
5.571
5.631
5.631
5.631
5.671
2.706
2.706
2.695
2.695
2.621
2.621
2.621
2.621
2.621
2.506
2.561
2.561
2.521
2.533
2.521
2.521
2.521
0.562
0.733
0.733
0.733
0.733
3.638
3.638
3.638
3.638
3.638
3.638
3.638
3.538
3.538
3.467
3.467
3.467
3.407
3.407
3.407
3.407
3.407
3.407
3.347
3.347
0.442
0.482
0.482
0.582
0.582
0.582
0.582
0.582
0.522
0.562
0.562
0.542
0.502
0.582
0.582
0.582
0.582
0.642
0.642
0.642
0.642
0.702
0.702
0.702
0.702
0.802
0.802
0.742
0.782
0.814
0.814
0.814
0.814
0.814
0.814
0.814
0.802
0.802
0.782
0.782
0.782
0.782
0.734
0.774
0.734
0.734
0.734
0.734
0.734
0.734
0.734
0.634
0.634
0.634
2.749
2.7
2.7
0.625
0.625
0.585
0.585
0.585
0.725
0.725
0.665
0.645
0.828
0.828
0.828
0.768
0.768
0.768
0.868
0.868
0.856
0.856
0.856
0.856
0.916
0.916
0.876
0.876
0.876
0.907
0.907
0.847
0.962
0.962
0.779
0.779
0.779
0.819
0.819
0.879
0.879
0.819
0.819
0.831
0.831
0.831
0.831
0.831
0.831
0.771
0.771
0.711
0.699
0.699
0.699
0.699
0.699
0.659
0.659
0.619
0.719
0.779
0.679
0.679
0.719
0.719
0.731
0.731
0.831
0.864
0.864
0.864
0.884
0.944
0.873
0.873
0.933
0.873
0.933
0.933
0.961
0.961
0.901
0.901
0.901
0.901
0.901
0.912
0.995
0.995
0.995
0.935
0.935
0.935
0.935
0.915
0.915
0.915
0.915
0.915
0.915
0.915
0.875
0.875
0.887
0.887
0.862
0.862
0.862
0.862
0.679
0.739
0.624
0.624
0.624
0.624
0.684
0.684
0.784
0.784
0.784
0.684
0.684
0.684
0.684
0.573
0.573
0.573
0.573
0.573
0.573
0.573
0.573
0.573
0.573
0.573
0.573
0.573
0.513
0.513
0.513
0.513
0.48
0.58
0.58
0.58
0.58
0.58
0.58
0.58
0.771
0.711
0.711
0.744
0.704
0.704
0.804
0.804
0.749
0.649
0.638
0.861
0.861
0.861
0.861
0.861
0.861
0.921
0.981
0.921
0.921
0.932
0.932
0.892
0.892
0.852
0.852
0.852
0.852
0.852
0.852
0.852
0.714
0.531
0.511
0.511
0.511
0.511
0.511
0.511
0.511
0.511
0.511
0.38
0.38
0.38
0.38
0.38
0.42
0.36
0.36
0.36
0.42
0.36
0.36
0.38
0.38
0.38
0.38
0.44
0.38
0.38
0.42
0.32
0.32
0.32
0.07
0.07
0.07
0.07
0.07
0.07
0.07
0.07
0.07
0.07
0.07
0.07
0.07
0.07
0.07
0.253
0.253
0.253
0.253
0.253
0.253
0.253
0.253
0.253
0.253
0.253
0.253
0.253
0.253
0.253
0.253
0.253
0.253
0.253
0.253
0.253
0.253
0.07
0.07
0.07
0.07
0.07
0.07
0.07
0.07
0.07
0.07
0.07
0.07
0.07
0.07
0.07
0.07
0.07
0.07
0.07
0.07
0.07
0.07
0.07
0.07
0.07
0.07
0.07
0.07
0.07
0.07
0.07
0.07
0.07
0.07
0.07
0.07
0.07
0.06
0.06
0.06
0.06
0.06
0.06
