0.06400000000000003
0.06799999999999999
0.074
0.074
0.11479999999999997
0.15559999999999993
0.074
0.074
0.09439999999999998
0.17600000000000002
0.074
0.074
0.074
0.074
0.074
0.074
0.074
0.074
0.074
0.074
0.074
0.074
0.074
0.1488
0.12160000000000001
0.074
0.074
0.074
0.074
0.1844
0.4271999999999999
0.3986666666666668
0.4351333333333334
0.5633999999999999
0.49833333333333335
0.364
0.9797333333333332
1.4857999999999996
0.3255999999999999
1.7060000000000002
0.8088000000000001
1.8376
2.4971999999999994
0.6637333333333332
0.072
0.12613333333333332
0.143
0.22826666666666656
0.07766666666666665
0.08499999999999998
0.15460000000000002
0.26206666666666667
0.12840000000000001
0.074
0.074
0.074
0.074
0.074
0.074
0.074
0.7652
0.8061333333333335
2.8606666666666665
2.4052666666666664
0.16406666666666667
0.3997333333333332
0.35479999999999995
0.5176666666666667
0.6178666666666666
0.5804000000000001
0.9362666666666667
2.2184
0.9931333333333331
0.8566666666666667
0.9969333333333334
1.3084
1.0504000000000002
0.8513333333333333
0.9543333333333333
1.0764666666666665
1.0984666666666667
1.0097333333333334
1.1079999999999999
1.0641999999999998
1.062266666666667
0.8072666666666667
1.1637999999999997
0.6744666666666668
0.17600000000000002
0.074
0.074
0.074
0.1624
0.10800000000000003
0.074
0.07680000000000001
