0.072
0.072
0.072
0.072
0.072
0.072
0.072
0.072
0.072
0.072
0.072
0.072
0.072
0.062
0.062
0.062
0.062
0.062
0.062
0.062
0.062
0.062
0.062
0.062
0.062
0.062
0.062
0.062
0.062
0.062
0.072
0.072
0.072
0.072
0.072
0.072
0.072
0.072
0.072
0.072
0.072
0.072
0.072
0.072
0.072
0.072
0.072
0.072
0.072
0.072
0.072
0.072
0.072
0.072
0.072
0.072
0.072
0.072
0.072
0.072
0.072
0.072
0.072
0.072
0.072
0.072
0.072
0.072
0.072
0.072
0.072
0.072
0.072
0.072
0.072
0.072
0.072
0.072
0.072
0.072
0.072
0.072
0.072
0.072
0.072
0.072
0.072
0.072
0.072
0.072
0.072
0.072
0.072
0.072
0.221
0.221
0.221
0.221
0.221
0.221
0.221
0.221
0.221
0.221
0.221
0.221
0.221
0.221
0.221
0.221
0.221
0.221
0.221
0.221
0.072
0.072
0.072
0.072
0.072
0.072
0.072
0.072
0.072
0.072
0.072
0.072
0.072
0.072
0.176
0.176
0.176
0.176
0.176
0.176
0.176
0.176
0.176
0.176
0.176
0.176
0.176
0.176
0.176
0.176
0.176
0.176
0.072
0.072
0.072
0.072
0.072
0.072
0.072
0.072
0.072
0.072
0.072
0.072
0.072
0.072
0.072
0.072
0.072
0.072
0.072
0.072
0.072
0.072
0.072
0.072
0.072
0.072
0.072
0.072
0.072
0.072
0.072
0.072
0.072
0.221
0.221
0.221
0.325
0.325
0.325
0.325
0.325
0.325
0.325
0.325
0.325
0.325
0.325
0.325
0.325
0.325
0.325
0.325
0.325
0.176
0.072
0.072
0.072
0.072
0.072
0.072
0.072
0.072
0.072
0.072
0.072
0.072
0.072
0.072
0.072
0.072
0.072
0.072
0.072
0.072
0.072
0.072
0.072
0.072
0.072
0.072
0.072
0.072
0.072
0.072
0.072
0.072
0.072
0.072
0.072
0.072
0.072
0.072
0.072
0.072
0.072
0.072
0.176
0.176
0.176
0.176
0.176
0.176
0.176
0.176
0.176
0.176
0.176
0.176
0.176
0.176
0.176
0.176
0.176
0.176
0.072
0.072
0.072
0.072
0.072
0.072
0.072
0.072
0.072
0.072
0.072
0.072
0.072
0.072
0.072
0.072
0.072
0.072
0.072
0.072
0.072
0.072
0.221
0.221
0.221
0.221
0.221
0.221
0.221
0.221
0.221
0.221
0.221
0.221
0.221
0.221
0.221
0.221
0.325
0.325
0.325
0.325
0.176
0.176
0.176
0.176
0.176
0.176
0.176
0.176
0.176
0.176
0.176
0.176
0.176
0.176
0.072
0.072
0.072
0.072
0.072
0.072
0.072
0.072
0.072
0.072
0.072
0.072
0.072
0.072
0.072
0.072
0.072
0.072
0.072
0.072
0.072
0.072
0.072
0.072
0.072
0.072
0.072
0.072
0.072
0.221
0.221
0.221
0.221
0.221
0.221
0.221
0.221
0.221
0.221
0.221
0.221
0.221
0.221
0.221
0.221
0.221
0.221
0.221
0.221
0.072
0.072
0.072
0.072
0.072
0.072
0.072
0.072
0.072
0.072
0.072
0.072
0.072
0.072
0.072
0.072
0.072
0.072
0.072
0.072
0.072
0.072
0.072
0.072
0.072
0.176
0.176
0.176
0.176
0.176
0.176
0.176
0.176
0.176
0.176
0.176
0.176
0.176
0.176
0.176
0.176
0.176
0.176
0.072
0.072
0.07
0.07
0.219
0.219
0.219
0.484
0.519
0.484
0.424
0.424
0.424
0.424
0.484
0.484
0.484
0.495
0.495
0.495
0.495
0.495
0.495
0.555
0.406
0.406
0.466
0.466
0.466
0.466
0.478
0.478
0.478
0.418
0.518
0.518
0.618
0.718
0.578
0.682
0.682
0.682
0.812
0.812
0.812
0.812
0.742
0.742
0.842
0.842
0.842
0.842
0.842
0.842
0.842
0.742
0.742
0.638
0.638
0.638
0.638
0.638
0.578
0.638
0.787
0.887
0.957
0.652
0.652
0.652
0.857
0.917
0.917
0.917
0.917
0.917
0.926
0.915
0.915
0.975
0.975
0.975
0.966
0.966
0.757
0.757
2.737
2.737
2.737
2.746
2.746
2.746
2.746
2.781
2.781
2.681
2.781
2.92
2.92
2.92
2.92
2.92
2.92
2.92
2.92
2.92
0.988
1.088
1.088
0.968
0.768
0.828
0.828
0.708
0.708
0.708
0.708
0.708
0.708
0.743
0.503
0.503
0.603
0.698
0.698
0.689
0.689
0.629
0.733
0.733
0.733
0.733
0.733
0.673
0.673
0.673
0.673
0.673
0.708
0.708
0.673
0.613
0.613
0.613
0.613
0.613
0.509
0.509
0.509
0.509
0.509
0.509
0.509
0.509
0.509
0.509
0.509
0.509
0.509
0.509
0.509
0.509
0.509
0.509
0.509
0.509
0.509
0.509
0.509
0.509
0.509
0.623
0.623
0.623
0.623
0.623
0.623
0.623
0.623
0.623
0.623
0.623
0.563
0.563
0.563
0.563
0.563
0.563
0.563
0.563
0.563
0.414
0.414
0.414
0.414
0.414
0.414
0.414
0.414
0.414
0.414
0.414
2.409
2.409
2.409
0.414
0.414
0.379
0.379
0.379
0.379
0.379
0.379
0.379
0.379
0.379
0.379
0.379
0.379
0.379
0.379
0.379
0.379
0.379
0.451
0.451
0.451
0.451
0.451
0.451
0.451
0.451
2.434
2.434
2.434
2.434
2.434
2.434
2.434
2.434
2.434
2.434
2.445
2.445
2.445
2.594
2.594
2.594
2.594
4.605
4.605
5.669
5.669
3.686
3.686
3.686
3.686
3.686
3.79
3.79
3.79
3.79
3.79
3.79
3.79
3.641
3.641
3.641
3.641
3.641
3.641
3.641
3.541
3.541
3.541
3.541
1.426
1.426
1.426
1.44
1.44
0.306
0.144
0.144
0.144
0.144
0.144
0.144
0.144
0.144
0.144
0.144
0.306
0.306
0.306
0.306
0.306
0.306
0.306
0.306
0.306
0.306
0.306
0.306
0.306
0.306
0.455
0.455
0.455
0.455
0.455
0.455
0.455
0.455
0.455
0.455
0.632
0.632
0.455
0.455
0.455
0.455
0.293
0.293
0.293
0.293
0.144
0.144
0.144
0.321
0.321
0.144
0.144
0.144
0.248
0.248
0.248
0.248
0.248
0.248
0.248
0.248
0.425
0.425
0.248
0.248
0.248
0.248
0.248
0.248
0.248
0.248
0.144
0.144
0.144
0.321
0.321
0.639
0.639
0.639
0.639
0.639
2.571
2.571
2.571
2.571
2.571
2.571
2.571
2.571
2.571
2.571
2.571
2.571
2.571
2.571
2.571
2.72
2.72
2.72
2.72
2.72
2.72
2.72
2.72
2.72
2.72
2.72
2.72
2.72
2.72
2.72
2.72
2.72
2.72
2.72
2.72
2.571
2.571
2.571
2.571
2.571
2.733
2.733
2.733
2.733
2.733
2.857
2.857
2.857
2.857
2.857
2.857
2.857
2.857
2.857
2.857
2.857
2.857
2.857
2.857
2.857
0.358
0.358
0.358
0.358
0.358
0.358
0.358
0.358
0.358
0.358
0.462
0.462
0.462
0.462
0.462
0.462
0.462
0.506
0.506
0.506
0.492
0.483
0.632
0.632
0.597
0.597
0.597
0.597
0.493
0.493
0.482
0.482
0.482
0.542
0.542
0.542
0.542
0.542
0.542
0.542
0.542
0.542
0.393
0.333
0.333
0.333
0.333
0.333
0.333
0.333
0.333
0.333
0.353
0.353
0.353
0.353
0.353
0.353
0.353
0.353
0.353
0.353
0.453
0.453
0.534
0.395
0.395
0.395
0.395
0.395
0.499
0.599
0.599
0.599
0.659
0.659
0.659
0.659
0.67
0.67
0.67
0.67
0.67
0.67
0.67
1.798
1.738
1.773
1.718
1.718
1.618
1.678
1.618
1.618
1.658
1.658
1.678
1.798
1.798
1.798
1.798
1.738
1.738
1.747
1.747
1.747
1.747
1.712
1.712
1.671
1.671
1.671
1.671
1.671
1.671
1.671
1.731
1.611
1.611
1.816
1.551
1.491
1.491
1.542
1.542
1.542
1.542
1.418
1.358
1.358
1.358
1.358
1.393
1.393
1.393
1.393
1.393
1.393
1.442
1.442
1.566
1.666
1.666
1.766
1.746
0.638
0.744
0.744
0.744
0.823
0.753
0.813
0.873
1.078
1.038
1.038
1.038
1.038
0.978
0.978
0.978
0.934
1.083
1.083
1.083
1.083
1.083
1.083
1.083
1.143
1.143
1.108
1.108
1.108
1.108
1.099
1.099
1.064
1.064
1.064
1.164
1.199
1.05
0.99
1.094
1.154
1.154
1.094
1.094
0.994
0.893
0.893
0.893
0.893
0.893
0.953
0.902
0.902
0.902
0.893
0.893
0.893
0.754
0.766
0.766
0.766
0.866
0.866
0.766
0.766
0.766
0.766
0.775
0.57
0.57
0.57
0.57
0.57
0.67
0.705
0.705
0.581
0.521
0.521
0.521
0.521
0.486
0.546
0.546
0.546
0.546
0.546
0.606
0.606
0.755
0.755
1.04
1.04
1.04
1.04
0.98
1.04
1.04
0.835
0.835
0.835
0.87
0.87
0.845
0.856
0.856
0.856
0.856
0.856
0.647
0.647
0.647
0.647
0.647
0.852
0.852
0.922
0.922
0.922
0.812
0.812
0.812
0.812
0.812
0.812
0.8
0.8
0.8
0.8
0.8
0.8
0.8
0.8
0.765
0.765
0.73
0.73
0.626
0.626
0.586
0.551
0.551
0.551
0.551
0.611
0.611
0.651
0.651
0.591
0.591
0.591
0.511
0.511
0.511
0.411
0.446
0.411
0.341
0.341
0.341
0.341
0.381
0.35
0.385
0.374
0.374
0.374
0.374
0.474
0.374
0.488
0.448
0.448
0.448
0.448
0.548
0.562
0.562
0.562
0.562
0.562
0.462
0.462
0.497
0.402
0.402
0.402
0.566
0.566
0.566
0.417
0.417
0.612
0.612
0.612
0.552
0.612
0.512
0.612
0.672
0.637
0.637
0.762
0.762
0.762
0.658
0.598
0.598
0.538
0.538
0.538
0.478
0.478
0.478
0.513
0.478
0.478
0.418
0.358
0.358
0.258
0.463
0.394
0.394
0.394
0.394
0.394
0.394
0.454
0.454
0.454
0.454
0.454
0.454
0.454
0.454
0.454
0.454
0.454
0.589
0.589
0.489
0.489
0.693
0.713
0.693
0.793
0.793
0.793
0.839
0.839
0.779
0.883
0.883
0.883
0.883
0.883
0.883
2.878
2.878
2.878
0.883
0.883
0.883
0.883
0.943
0.943
0.943
0.943
0.963
0.899
0.774
0.774
0.923
0.923
0.923
0.718
0.842
0.842
0.842
0.842
0.802
0.722
0.722
0.737
0.702
0.803
0.803
0.803
0.903
0.903
0.803
0.803
0.654
0.654
0.623
0.623
0.623
0.683
0.683
0.683
0.683
0.683
0.743
0.743
0.743
0.683
0.683
0.683
0.683
0.683
0.683
0.683
0.683
0.683
0.683
0.683
0.683
0.743
0.774
1.608
1.608
3.603
2.769
2.769
0.774
0.774
0.774
0.65
0.705
0.705
0.705
0.604
0.604
0.604
0.584
0.584
0.833
0.833
0.917
0.917
0.917
0.917
0.917
0.882
0.221
0.221
0.221
0.221
0.221
0.221
0.221
0.221
0.221
0.221
0.221
0.221
0.072
0.176
0.176
0.176
0.176
0.176
0.176
0.176
0.176
0.176
0.176
0.176
0.176
0.176
0.176
0.176
0.176
0.176
0.176
0.072
0.072
0.072
0.072
0.072
0.072
0.072
0.072
0.072
0.072
0.072
0.072
0.072
0.072
0.072
0.072
0.072
0.072
0.072
0.072
0.072
0.072
0.072
0.072
0.072
0.072
0.072
0.072
0.072
0.072
0.072
0.072
0.072
0.072
0.072
0.072
0.176
0.176
0.176
0.176
0.176
0.176
0.176
0.176
0.176
0.176
0.325
0.325
0.325
0.325
0.325
0.325
0.325
0.325
0.221
0.221
0.221
0.221
0.221
0.221
0.221
0.221
0.221
0.221
0.221
0.221
0.072
0.072
0.072
0.072
0.072
0.072
0.072
0.072
0.072
0.072
0.072
0.072
0.072
0.072
0.072
0.072
0.072
0.072
0.072
0.072
0.072
0.072
0.072
