0.06246666666666668
0.061933333333333354
0.2738000000000001
0.26926666666666677
0.06499999999999997
0.06499999999999997
0.06499999999999997
0.2543333333333334
0.35780000000000006
0.06499999999999997
0.06499999999999997
0.06499999999999997
0.18660000000000002
0.3735333333333334
0.24180000000000007
0.06499999999999997
0.0858
0.169
0.20100000000000007
0.2543333333333334
0.22180000000000005
0.06499999999999997
0.0858
0.3322000000000001
0.20100000000000004
0.06499999999999997
0.18260000000000004
0.24660000000000004
0.3591333333333334
0.07859999999999998
0.123
0.3482
0.39293333333333336
2.3175999999999997
1.8631333333333329
0.38466666666666666
0.36999999999999994
0.6308666666666666
0.4601333333333334
0.4613999999999999
0.2616666666666667
0.11493333333333332
0.7041999999999999
0.23666666666666672
0.21539999999999998
0.20960000000000004
0.3108
1.9828000000000003
1.4106666666666667
0.23206666666666662
0.2956666666666667
0.2961333333333334
0.45486666666666675
0.5495333333333333
0.43033333333333335
0.2634666666666667
0.2272
0.4527333333333333
0.3880666666666666
0.39640000000000003
0.30093333333333333
0.3266
0.5984666666666666
0.3449333333333334
0.49073333333333324
0.9929333333333332
0.32006666666666667
0.287
1.0763333333333334
2.656333333333334
0.5603333333333335
0.44960000000000006
0.7284666666666665
2.0423333333333336
1.2550000000000006
0.24793333333333342
0.518
1.4655999999999996
1.6834666666666669
0.5183333333333333
0.35233333333333333
0.4798666666666666
0.3586000000000001
0.28653333333333325
0.2815333333333333
1.1306
0.6099333333333334
0.36046666666666666
0.38600000000000007
0.45439999999999997
0.6628666666666666
0.6956666666666665
1.1360666666666666
0.22066666666666665
0.06499999999999997
0.36580000000000007
