0.066
0.066
0.05600000000000001
0.05600000000000001
0.05600000000000001
0.05600000000000001
0.05600000000000001
0.05600000000000001
0.066
0.066
0.066
0.066
0.066
0.066
0.066
0.066
0.066
0.066
0.066
0.066
0.066
0.066
0.066
0.066
0.066
0.28
0.28
0.28
0.28
0.15160000000000004
0.066
0.14999999999999997
0.20600000000000002
0.20600000000000002
0.20600000000000002
0.12200000000000003
0.066
0.066
0.066
0.066
0.066
0.066
0.066
0.066
0.066
0.066
0.066
0.066
0.066
0.066
0.19440000000000002
0.28
0.28
0.39199999999999996
0.3772
0.20600000000000002
0.20600000000000002
0.094
0.066
0.066
0.066
0.066
0.066
0.066
0.066
0.066
0.094
0.20600000000000002
0.29159999999999997
0.42000000000000004
0.392
0.28
0.28
0.066
0.066
0.066
0.066
0.066
0.066
0.066
0.066
0.066
0.066
0.066
0.066
0.066
0.066
0.28
0.28
0.28
0.28
0.15160000000000004
0.064
0.09280000000000001
0.136
0.252
0.376
0.376
0.4640000000000001
0.44400000000000006
0.296
0.28
0.066
0.066
0.066
0.066
0.066
0.066
0.066
0.066
0.066
0.14999999999999997
0.20600000000000002
0.20600000000000002
0.20600000000000002
0.12200000000000003
0.23720000000000002
0.28
0.28
0.28
0.19440000000000004
0.066
0.066
0.094
0.20600000000000002
0.20600000000000002
0.20600000000000002
0.178
0.066
0.066
0.23720000000000002
0.28
0.28
0.28
0.19440000000000004
0.066
0.178
0.20600000000000002
0.20600000000000002
0.20600000000000002
0.092
0.064
0.064
0.064
0.064
0.064
0.064
0.278
0.278
0.278
0.278
0.26159999999999994
0.20400000000000001
0.22799999999999998
0.20400000000000001
0.092
0.064
0.064
0.064
0.11760000000000001
3.7276000000000002
5.809599999999999
1.9288000000000003
1.496
1.496
1.566
1.0798
0.301
0.6327999999999999
1.6751999999999998
1.7792000000000001
1.9228
1.7380000000000002
1.682
2.4252
2.504
2.504
2.504
2.504
2.504
1.5561999999999998
0.3738
0.20600000000000002
0.20600000000000002
0.178
0.28
0.28
0.28
0.28
0.15160000000000004
0.26260000000000006
0.28900000000000003
0.3556
1.3376000000000001
0.9048
0.5104
0.5138
0.43699999999999994
0.066
0.28
0.28
0.28
0.28
0.15160000000000004
0.066
0.066
0.14999999999999997
0.20600000000000002
0.20600000000000002
0.20600000000000002
0.12200000000000003
0.066
0.066
0.10880000000000001
0.28
0.28
0.28
0.28
0.10880000000000001
0.066
0.229
0.693
1.129
1.341
1.429
1.4769999999999999
1.489
1.357
0.6369999999999999
0.534
0.5700000000000001
0.6467999999999999
0.594
0.7532
0.9208000000000001
0.9640000000000001
2.3784
1.0503999999999998
0.6499999999999999
0.59
0.554
0.55
0.49400000000000005
0.5264
0.4838
0.5
0.688
1.0654
0.6858000000000001
0.8493999999999999
0.8089999999999999
0.7778
0.797
0.7297999999999999
0.8149999999999998
0.7909999999999999
0.695
0.611
0.5302
0.4895999999999999
0.445
0.4944
0.066
0.066
0.066
0.066
0.066
0.066
0.066
0.066
0.066
0.066
0.066
0.1516
0.28
0.28
0.28
0.28
0.066
0.066
0.066
0.066
0.066
0.066
0.066
0.066
0.066
0.066
