0.279
0.13979999999999998
0.21259999999999998
0.231
0.2696
0.31999999999999995
0.364
0.35840000000000005
0.328
0.364
0.4018
0.501
0.24
0.24
0.24
0.1048
0.071
0.071
0.071
0.071
0.071
0.071
0.071
0.071
0.071
0.071
0.1386
0.24
0.24
0.24
0.24
0.071
0.071
0.071
0.071
0.071
0.071
0.071
0.071
0.071
0.071
0.1724
0.24
0.24
0.24
0.2062
0.071
0.071
0.071
0.071
0.071
0.071
0.071
0.071
0.071
0.071
0.24
0.24
0.24
0.24
0.13859999999999997
0.071
0.071
0.071
0.071
0.071
0.172
0.133
0.09
0.9374
2.297
2.3098000000000005
2.0482
0.3672000000000001
0.2412
0.315
0.315
0.315
0.315
0.25980000000000003
0.227
0.227
0.227
0.23500000000000001
0.223
0.23900000000000002
0.2974
0.327
0.496
0.6246
0.622
0.62
0.5026
0.5288
0.615
0.5650000000000001
0.483
0.4824
1.5676
3.5198
4.333
4.355
3.3746
1.8927999999999998
1.825
1.8009999999999997
1.7309999999999999
1.5688
1.4969999999999999
1.473
0.403
0.511
0.535
0.523
0.475
0.475
0.5458000000000001
0.5426
0.6738
0.6354
0.48
0.5508
0.4446
0.43499999999999994
0.7367999999999999
0.537
0.3534
0.285
0.071
0.071
0.071
0.071
0.071
0.071
0.1724
0.24
0.24
0.24
0.2062
0.071
0.071
0.071
0.071
0.071
0.071
0.071
0.071
0.071
0.071
0.071
0.071
0.071
0.071
0.1048
0.24
0.24
0.24
0.24
0.1048
0.071
0.071
0.071
0.071
0.071
0.071
0.071
0.071
0.071
0.071
0.071
0.24
0.24
0.24
0.24
0.13859999999999997
0.071
0.071
0.071
0.071
0.071
0.071
0.071
0.071
0.071
0.071
0.071
0.071
0.071
0.1048
0.24
0.24
0.24
0.373
0.2786
0.332
0.19920000000000004
0.205
0.5918
1.7592000000000003
0.8766
2.511
2.467
2.503
2.7542
0.7320000000000001
1.0344000000000002
2.0442
2.1538
2.2060000000000004
2.2106000000000003
2.02
1.8104
0.8089999999999999
0.8426
0.836
0.8772
0.9507999999999999
0.8148
0.73
0.7812
0.7876
0.9364000000000001
1.796
1.4427999999999996
1.6887999999999999
2.2342000000000004
0.993
1.0554000000000001
0.9052
0.99
1.038
1.2528000000000001
1.3384
1.242
1.0584000000000002
1.18
1.216
1.1808
1.188
1.1207999999999998
0.9687999999999999
0.8593999999999999
0.8400000000000001
0.6422
0.5798
0.671
0.703
0.7702
0.584
0.625
0.5926
1.6096
1.3014
0.922
0.9184000000000001
0.781
0.7210000000000001
0.7078
0.719
0.7173999999999999
0.8390000000000001
1.1062
0.9406000000000001
0.8475999999999999
0.6739999999999999
0.654
1.991
0.6658
0.654
0.8202
0.7898000000000001
2.1968
0.8394
0.7792
0.071
0.071
0.071
0.071
0.071
0.071
0.071
0.071
0.1048
0.24
0.24
0.24
0.24
0.1048
