0.072
0.072
0.066
0.062
0.062
0.062
0.062
0.062
0.07
0.072
0.11539999999999999
0.289
0.289
0.289
0.289
0.11539999999999999
0.072
0.072
0.072
0.072
0.072
0.072
0.072
0.072
0.072
0.11539999999999999
0.289
0.289
0.289
0.289
0.11539999999999999
0.072
0.072
0.072
0.072
0.072
0.072
0.072
0.072
0.24559999999999996
0.289
0.289
0.289
0.2022
0.072
0.072
0.072
0.072
0.072
0.072
0.072
0.072
0.072
0.072
0.2022
0.289
0.289
0.289
0.24559999999999998
0.072
0.072
0.072
0.072
0.072
0.072
0.072
0.072
0.072
0.072
0.2022
0.289
0.289
0.289
0.24559999999999998
0.072
0.072
0.072
0.072
0.072
0.072
0.072
0.072
0.07
0.184
0.289
0.289
0.289
0.289
0.15879999999999997
0.072
0.072
0.072
0.072
0.072
0.07
0.094
0.094
0.23820000000000002
0.417
0.429
0.421
0.4236000000000001
0.238
0.202
0.3014
0.387
0.387
0.387
0.6158
1.1734000000000002
8.1322
2.233
2.6258000000000004
2.4058
0.484
0.484
0.484
0.4692
1.1322
2.322
2.322
2.322
1.9254000000000002
0.339
0.339
0.339
0.339
0.339
0.144
0.144
0.144
0.361
0.361
0.361
0.361
0.3016
0.144
0.144
0.21480000000000002
0.144
0.21479999999999996
0.144
0.144
0.4128
1.4118000000000002
2.788
2.788
2.788
2.788
2.6578
2.571
2.571
2.571
2.571
2.571
2.571
1.5714000000000001
0.072
0.072
0.072
0.11539999999999999
0.289
0.289
0.289
0.289
0.11539999999999999
0.072
0.072
0.072
0.072
0.072
0.072
0.072
0.072
0.11539999999999999
0.289
0.289
0.289
0.289
0.11539999999999999
0.072
0.072
0.072
0.072
0.072
0.072
0.072
0.072
0.072
0.072
0.072
0.072
0.072
0.11539999999999999
0.289
0.289
0.289
0.289
0.11539999999999999
0.072
0.072
0.072
0.072
0.072
0.072
0.072
0.072
0.072
0.072
0.072
0.072
0.072
0.072
0.072
0.072
0.072
0.072
0.072
0.289
0.289
0.289
0.289
0.15879999999999997
0.072
0.072
0.072
0.072
0.072
0.072
0.072
0.207
0.3732
0.43599999999999994
0.8408
1.2593999999999999
0.413
0.236
0.25
0.246
0.318
0.35159999999999997
0.4332
0.42300000000000004
0.399
0.41100000000000003
0.378
0.48200000000000004
0.487
0.49399999999999994
0.4184
0.35600000000000004
0.5930000000000001
0.719
0.7092
0.9318
0.7007999999999999
0.714
0.714
0.75
0.702
0.606
0.5052000000000001
0.5248
0.536
0.7648
0.5936000000000001
0.7246
0.507
0.441
0.44799999999999995
1.6204
0.532
0.6542000000000001
0.685
0.6822000000000001
0.671
0.24559999999999998
0.072
0.072
0.072
0.072
0.072
0.072
0.072
0.072
0.072
0.289
0.289
