0.06200000000000003
0.05400000000000002
0.05600000000000002
0.09500000000000001
0.21899999999999997
0.08466666666666671
0.15919999999999998
0.11160000000000005
0.18500000000000003
0.23099999999999998
0.06400000000000003
0.06400000000000003
0.2418666666666667
0.23559999999999995
0.06400000000000003
0.06400000000000003
0.06400000000000003
0.188
0.1466666666666667
0.11160000000000002
0.15920000000000004
0.06400000000000003
0.06400000000000003
0.22360000000000005
0.25386666666666663
0.06400000000000003
0.102
0.23026666666666668
0.8350000000000002
1.5676666666666668
3.347533333333334
1.0557999999999994
0.13600000000000007
0.18766666666666668
0.29100000000000004
0.20719999999999997
0.25479999999999997
0.15960000000000008
1.5398666666666665
2.7187333333333337
2.6740666666666666
2.563
1.4278000000000004
0.21899999999999997
0.08466666666666671
0.06400000000000003
0.2036666666666667
0.24146666666666672
0.21326666666666666
2.0824000000000003
1.2751333333333337
0.6664666666666664
0.5967333333333333
0.4662666666666668
0.4185999999999999
0.38160000000000005
0.37560000000000004
1.1967999999999999
2.8082666666666665
2.695066666666667
2.682
1.9458666666666669
0.5099999999999999
0.7281999999999998
0.8520666666666666
0.8767333333333336
1.3385333333333334
1.6464666666666665
2.7820666666666662
1.0662666666666667
1.9717333333333331
1.8578000000000001
0.7965999999999999
0.8332666666666665
0.8444000000000002
0.9142666666666667
2.707466666666667
3.155066666666668
3.2209999999999996
3.2884
1.1290000000000002
0.4320000000000001
0.7481333333333334
0.8189999999999998
0.6440000000000001
0.5832666666666665
0.6778
0.7489999999999999
0.13633333333333336
0.19833333333333333
0.06400000000000003
0.06400000000000003
0.06400000000000003
0.09500000000000001
0.23486666666666667
0.2036666666666666
