0.06400000000000003
0.07133333333333332
0.1612666666666667
0.26100000000000007
0.137
0.13700000000000004
0.20746666666666674
0.11040000000000003
0.16433333333333336
0.359
0.09893333333333335
0.2196000000000001
0.14026666666666668
0.15799999999999997
0.074
0.074
0.24386666666666676
0.17899999999999996
0.13240000000000002
0.26100000000000007
0.16586666666666666
0.2672
0.13466666666666668
0.074
0.074
0.074
0.27186666666666665
0.172
0.26100000000000007
0.16126666666666664
0.09826666666666665
0.21960000000000005
0.17133333333333337
0.47733333333333333
0.6005333333333334
0.6144000000000002
0.5120000000000002
0.4426666666666667
0.35200000000000004
0.7532666666666671
0.3828
0.5392
0.172
0.074
0.23373333333333335
0.34593333333333337
0.14946666666666666
0.13700000000000004
0.074
0.13533333333333333
0.39446666666666663
0.1363333333333334
0.137
0.13700000000000004
0.13466666666666663
0.2704666666666667
0.29600000000000004
0.16499999999999998
0.074
0.15926666666666664
0.3580666666666667
0.2397999999999999
2.0696666666666665
1.5129999999999997
0.3995333333333334
0.5807333333333333
0.9031333333333333
1.9203333333333332
1.4528666666666663
0.08800000000000001
0.3154666666666667
0.4917333333333334
0.5774
0.6602
0.7194
0.805
1.0555333333333332
1.0324666666666669
0.9881999999999997
0.9243333333333335
2.352
1.9901999999999995
4.169733333333334
4.143666666666666
1.8878666666666664
3.292999999999999
3.808466666666667
3.2695333333333325
1.439
0.6967333333333333
0.26100000000000007
0.12386666666666672
0.08099999999999999
0.3003333333333333
0.2113333333333334
0.2536666666666666
