0.063
0.05500000000000001
0.05500000000000001
0.05500000000000001
0.05500000000000001
0.12940000000000002
0.181
0.189
0.189
0.065
0.065
0.065
0.065
0.065
0.065
0.065
0.16419999999999998
0.189
0.35540000000000005
0.37220000000000003
0.273
0.273
0.18980000000000002
0.065
0.065
0.065
0.065
0.065
0.0898
0.189
0.189
0.189
0.3226000000000001
0.273
0.273
0.273
0.14819999999999997
0.065
0.065
0.065
0.065
0.065
0.065
0.065
0.065
0.065
0.065
0.189
0.3138
0.397
0.34740000000000004
0.273
0.2314
0.065
0.065
0.065
0.065
0.065
0.065
0.065
0.065
0.065
0.065
0.2314
0.273
0.273
0.273
0.18980000000000002
0.065
0.065
0.065
0.065
0.065
0.065
0.065
0.065
0.065
0.065
0.065
0.16419999999999998
0.189
0.189
0.16419999999999998
0.065
0.065
0.1066
0.273
0.273
0.273
0.273
0.1066
0.065
1.2158
1.494
1.594
1.554
1.587
1.533
1.7033999999999998
1.813
1.9378
2.021
3.0843999999999996
1.985
0.8936000000000002
0.453
0.453
0.377
0.40499999999999997
0.35459999999999997
0.322
0.322
0.322
0.18780000000000002
0.163
0.163
0.163
0.163
0.371
0.371
0.371
0.371
0.24620000000000003
0.163
0.163
0.6954
1.494
1.494
1.494
1.494
1.5436
1.578
1.578
1.578
1.4788
1.454
1.4588
1.1350000000000002
0.342
0.318
0.318
0.20679999999999996
2.0456
2.8910000000000005
2.871
2.871
2.871
2.871
1.6942
1.394
1.394
1.394
1.394
1.494
1.8828
0.371
0.383
0.383
0.43260000000000004
0.3822
0.299
0.299
0.19980000000000003
0.175
0.175
0.175
0.175
0.175
0.10400000000000001
0.098
0.098
0.098
0.2294
1.065
0.6788
0.283
0.19979999999999998
0.075
0.075
0.11499999999999999
0.134
0.266
0.394
0.394
0.514
0.47000000000000003
0.6086
0.604
0.6260000000000001
0.616
0.5408
0.329
0.39300000000000007
0.549
0.508
0.6726
0.8141999999999999
0.5973999999999999
0.5399999999999999
0.437
0.6502000000000001
0.579
0.5860000000000001
1.8809999999999998
0.5711999999999999
0.5
0.524
0.4024
0.524
0.5
0.619
0.5680000000000001
1.6518000000000002
2.428
2.398
2.3884000000000003
2.4330000000000003
2.0553999999999997
0.433
0.5242
1.909
2.7624
2.812
2.792
2.518
2.0454
0.512
0.532
0.492
0.472
1.1855999999999998
2.284
2.34
1.9671999999999996
0.5012000000000001
0.762
0.7838
0.7126
0.8222000000000002
0.7501999999999999
0.681
0.6818000000000001
0.657
0.625
0.509
0.5162
0.556
0.52
0.5634
0.5218
0.589
0.597
0.6214
0.642
0.7234
0.667
0.5538000000000001
0.44499999999999995
0.442
0.392
0.3828
0.422
0.422
0.6220000000000001
0.5866
0.5529999999999999
0.497
0.557
0.6234
0.6460000000000001
0.7602
0.6932
0.18980000000000002
0.065
0.065
0.065
0.065
0.189
0.189
0.189
0.13939999999999997
0.065
0.065
0.065
0.065
0.065
0.065
0.065
