0.063
0.063
0.063
0.063
0.063
0.067
0.073
0.073
0.1028
0.32520000000000004
0.394
0.394
0.3642
0.21059999999999998
0.073
0.1142
0.176
0.176
0.176
0.0936
0.073
0.1028
0.22200000000000003
0.22200000000000003
0.22200000000000003
0.19219999999999998
0.073
0.073
0.073
0.073
0.1762
0.24500000000000002
0.24500000000000002
0.24500000000000002
0.21059999999999998
0.073
0.1142
0.176
0.2952
0.325
0.2426
0.22200000000000003
0.1028
0.073
0.073
0.073
0.073
0.09359999999999999
0.176
0.176
0.176
0.1142
0.073
0.1326
0.22200000000000003
0.32520000000000004
0.394
0.33440000000000003
0.2862
0.3136
0.176
0.176
0.0936
0.073
0.073
0.073
0.073
0.073
0.073
0.1624
0.22200000000000003
0.22200000000000003
0.4558
0.40759999999999996
0.37
0.496
0.3298
0.221
0.34900000000000003
0.329
0.409
0.381
0.40099999999999997
0.4622
0.5956
0.5489999999999999
0.513
0.43759999999999993
0.45039999999999997
0.389
0.47420000000000007
0.523
0.643
0.647
0.5534
0.457
0.5254000000000001
0.614
0.646
0.6254000000000001
0.501
1.4398
0.073
0.14179999999999998
0.24500000000000002
0.24500000000000002
0.24500000000000002
0.24500000000000002
0.073
0.19219999999999998
0.22200000000000003
0.3044
0.325
0.20579999999999998
0.15539999999999998
0.073
0.073
0.073
0.21059999999999998
0.24500000000000002
0.24500000000000002
0.24500000000000002
0.21739999999999998
0.176
0.176
0.176
0.0936
0.073
0.073
0.073
0.073
0.073
0.073
0.24500000000000002
0.24500000000000002
0.24500000000000002
0.348
0.3938
0.325
0.2838
0.22200000000000003
0.073
0.073
0.073
0.073
0.073
0.073
0.1142
0.176
0.176
0.176
0.0936
0.19219999999999998
0.22200000000000003
0.22200000000000003
0.22200000000000003
2.6278
2.632
2.0485999999999995
0.10300000000000001
0.0982
0.354
0.47400000000000003
0.5
0.43479999999999996
0.26980000000000004
0.201
0.201
0.073
0.073
0.073
0.073
0.073
0.176
0.176
0.2104
0.3068000000000001
0.24500000000000002
0.24500000000000002
0.24500000000000002
0.2266
0.22200000000000003
0.9852000000000001
0.6626
0.2008
0.183
0.30219999999999997
0.389
2.3419999999999996
2.2956
2.3340000000000005
2.4336
0.9096
0.6881999999999999
0.766
0.718
0.9123999999999999
0.8258000000000001
0.8800000000000001
0.8353999999999999
0.7142000000000001
0.6972000000000002
2.718
2.7314
2.7684
2.8644000000000007
2.801
1.6436
0.781
0.754
1.1996
0.9794
0.8248000000000001
1.4462
0.9719999999999999
1.064
1.096
0.8867999999999998
0.7170000000000001
0.701
0.665
0.643
0.6646000000000001
0.875
0.951
0.9808
1.1064
1.1084
2.8706
3.3522
3.2738
1.8322000000000003
0.807
0.747
0.6986000000000001
0.7999999999999999
0.8240000000000001
0.9114000000000001
0.9549999999999998
2.1148000000000002
0.825
0.9450000000000001
0.8710000000000001
0.9833999999999999
0.9400000000000001
2.0898
0.908
0.8484
0.711
0.8454
0.9596
2.2762000000000002
1.0008000000000001
0.8808
1.1548000000000003
1.037
0.7656000000000001
0.7318
0.599
0.641
0.6036
0.484
0.41800000000000004
0.4236
0.5569999999999999
0.6289999999999999
0.599
1.8176
0.6056
0.5752
0.7986
0.826
0.794
0.858
1.8556000000000001
0.425
0.42299999999999993
0.5509999999999999
1.0862000000000003
1.2970000000000002
1.2530000000000001
1.2104000000000001
1.184
1.2280000000000002
1.3134000000000001
1.3668
1.4447999999999999
1.484
