0.47840000000000005
0.569
0.5229999999999999
0.521
0.5312
0.349
0.37300000000000005
0.2032
0.072
0.064
0.064
0.064
0.064
0.064
0.066
0.074
0.074
0.074
0.074
0.2426
0.368
0.368
0.368
0.22820000000000001
0.074
0.074
0.074
0.074
0.074
0.074
0.074
0.074
0.074
0.074
0.074
0.074
0.11839999999999999
0.185
0.185
0.185
0.09620000000000001
0.074
0.18380000000000002
0.257
0.257
0.257
0.2204
0.074
0.074
0.074
0.074
0.074
0.074
0.074
0.074
0.185
0.185
0.368
0.32360000000000005
0.257
0.257
0.14719999999999997
0.074
0.074
0.074
0.074
0.185
0.185
0.185
0.14059999999999997
0.074
0.074
0.074
0.074
0.074
0.074
0.074
0.1628
0.185
0.2582
0.3458
0.257
0.257
0.257
0.074
0.074
0.074
0.0728
0.132
0.192
0.192
0.2
0.192
0.192
0.2
0.42699999999999994
0.43899999999999995
0.5038
0.542
0.3962
0.3008
0.22400000000000003
0.22400000000000003
0.171
0.188
0.164
0.22400000000000003
0.9800000000000001
0.602
0.197
0.3096
0.34500000000000003
0.257
0.257
0.257
0.1106
0.074
0.0962
0.185
0.185
0.185
0.11839999999999999
0.074
0.074
0.074
0.074
0.257
0.257
0.257
0.257
0.25820000000000004
0.185
0.185
0.14059999999999997
0.074
0.074
0.074
0.074
0.074
0.074
0.11059999999999999
0.257
0.257
0.257
0.257
0.22160000000000002
0.185
0.185
0.14059999999999997
0.074
0.074
0.074
0.074
0.074
0.074
0.074
0.074
0.074
0.074
0.185
0.29479999999999995
0.368
0.32360000000000005
0.257
0.2204
0.074
0.074
0.074
0.074
0.074
0.074
0.1406
0.185
0.18380000000000002
0.2258
0.362
0.362
0.362
0.362
0.2832
0.21000000000000002
0.21000000000000002
0.2868
0.449
0.514
0.4852
0.5004
0.9516
1.0226000000000002
1.4956
1.0206000000000002
0.5963999999999999
0.8252
0.5245999999999998
0.074
0.074
0.074
0.074
0.074
0.1406
0.185
0.185
0.2582
0.257
0.257
0.257
0.257
0.074
0.074
0.074
0.074
0.2224
0.346
0.4002
0.5227999999999999
0.6102000000000001
0.7140000000000001
0.7348000000000001
0.7362
0.6722000000000001
0.9996
1.236
1.0398
1.0706
1.7416
2.901
2.993
2.4798
0.8029999999999999
1.0554000000000001
1.9995999999999998
1.6450000000000002
1.5681999999999998
1.6428
1.349
1.2236
1.2879999999999998
0.967
0.9545999999999999
1.1628
1.233
1.2930000000000001
1.3450000000000002
1.0708
1.2348000000000001
1.5972
0.7694000000000001
3.2619999999999996
3.2619999999999996
3.25
3.2262
3.3094
3.5908
3.4137999999999997
3.5302
3.66
3.7724
3.7909999999999995
3.807
2.183
1.0643999999999998
1.045
1.0253999999999999
0.8454
1.9893999999999998
1.2546000000000002
1.265
1.352
1.4120000000000001
1.5341999999999998
1.543
1.3632
1.2622000000000002
1.0932
1.032
0.56
1.0256
1.087
1.028
1.1239999999999999
0.851
0.3834000000000001
0.1628
0.074
0.074
0.074
0.074
0.257
