0.06
0.066
0.066
0.118
0.118
0.118
0.118
0.118
0.118
0.106
0.166
0.166
0.178
0.178
0.178
0.178
0.176
0.176
0.176
0.176
0.176
0.176
0.176
0.176
0.188
0.188
0.182
0.182
0.182
0.182
0.17
0.116
0.116
0.076
0.088
0.088
0.088
0.088
0.088
0.208
0.208
0.202
0.202
0.262
0.268
0.208
0.208
0.208
0.208
0.148
0.142
0.249
0.255
0.367
0.361
0.349
0.349
0.349
0.349
0.349
0.349
0.349
0.349
0.361
0.267
0.327
0.267
0.267
0.267
0.267
0.267
0.267
0.367
0.367
0.367
0.367
0.367
0.367
0.367
0.367
0.367
0.367
0.401
0.401
0.401
0.684
0.684
0.684
0.684
0.341
0.341
0.341
0.241
0.241
0.241
0.241
0.241
0.273
0.273
0.273
0.273
0.273
0.132
0.132
0.132
0.132
0.132
0.12
0.12
0.12
0.12
0.12
0.12
0.108
0.168
0.168
0.168
0.168
0.168
0.168
0.168
0.168
0.168
0.162
0.162
0.162
0.162
0.162
0.162
0.162
0.162
0.162
0.162
0.162
0.262
0.262
0.262
0.262
0.162
0.162
0.162
0.162
0.162
0.162
0.162
0.174
0.174
0.174
0.174
0.315
0.315
0.315
0.315
0.315
0.658
0.664
0.658
0.798
0.455
0.415
0.415
0.415
0.415
0.315
0.315
0.315
0.315
0.315
0.415
0.274
0.242
0.242
0.242
0.242
0.242
0.222
0.222
0.222
0.222
0.222
0.222
0.222
0.222
2.571
2.571
2.577
0.228
0.228
0.216
0.216
0.176
0.176
0.236
0.236
0.236
0.236
0.236
0.236
0.236
0.236
0.23
0.23
0.17
0.17
0.17
0.17
0.17
0.17
0.182
0.182
0.182
0.182
0.242
0.254
0.254
0.254
0.154
0.154
0.214
0.154
0.154
0.154
0.154
0.154
0.154
0.154
0.154
0.154
0.395
0.455
0.455
0.455
0.461
0.461
0.401
0.401
0.401
0.401
0.401
0.441
0.441
0.541
0.501
0.501
0.461
0.461
0.461
0.461
0.32
0.22
0.22
0.22
0.22
0.22
0.22
0.16
0.16
0.16
0.16
0.16
0.16
0.16
0.16
0.22
0.22
0.32
0.26
0.26
0.26
0.26
0.26
0.26
0.32
0.32
0.32
0.32
0.32
0.32
0.32
0.32
0.32
0.308
0.308
0.308
0.308
0.378
0.378
0.391
0.391
0.391
0.321
0.321
0.261
0.261
0.261
0.261
0.261
0.261
0.261
0.261
0.402
0.402
0.402
0.402
0.402
0.402
0.402
0.402
0.402
0.402
0.402
0.402
0.402
0.402
0.402
0.402
0.402
0.402
0.402
0.402
0.261
0.255
0.255
0.295
0.295
0.295
0.295
0.295
0.295
0.295
0.295
0.295
0.295
0.295
0.295
0.295
0.283
0.283
0.243
0.243
0.243
0.243
0.243
0.243
0.143
0.143
0.143
0.17
0.23
0.19
0.13
0.13
0.13
0.13
0.13
0.13
0.13
0.13
8.61
8.61
8.61
0.136
0.13
0.271
0.271
0.271
0.271
0.271
0.271
0.271
0.271
0.271
0.271
0.271
0.271
0.271
0.271
0.271
0.271
0.271
0.271
0.271
0.277
0.136
0.136
0.136
0.136
0.136
0.136
0.136
0.136
0.136
0.136
0.196
0.19
0.19
0.202
0.202
0.202
0.19
0.19
0.196
0.196
0.23
0.23
0.19
0.19
0.35
0.35
0.35
0.35
0.35
0.35
0.29
0.29
0.29
0.29
0.29
2.642
2.642
2.642
2.642
2.642
2.642
2.642
2.642
2.642
2.642
2.642
2.783
2.783
3.66
3.66
3.66
2.783
2.783
2.783
2.823
2.823
2.823
2.823
2.823
2.823
2.823
2.823
0.471
0.471
0.471
0.471
0.33
0.437
0.437
0.437
0.437
0.437
0.437
0.437
0.449
0.449
0.449
0.455
0.449
0.449
0.389
0.389
0.389
0.389
0.395
0.395
0.395
0.383
0.383
0.383
0.383
0.383
0.395
0.395
0.395
0.395
0.395
0.355
0.355
0.355
0.355
0.295
0.295
0.295
0.295
0.295
0.295
0.323
0.464
0.464
0.464
0.464
0.464
0.464
0.464
0.464
0.476
0.489
0.489
0.489
0.489
0.489
0.489
0.549
0.597
0.597
0.597
0.657
0.516
0.456
0.456
0.516
0.456
0.456
0.456
0.456
0.456
0.456
0.456
0.456
0.456
0.456
1.226
1.226
1.238
0.361
0.361
0.361
0.361
0.361
0.361
0.361
0.361
0.421
0.361
0.361
0.361
0.361
0.361
0.361
0.301
0.301
0.301
0.301
0.301
0.301
0.301
0.301
0.301
0.301
0.301
0.301
0.301
0.301
0.301
0.301
0.301
0.288
0.288
0.288
0.348
0.348
0.336
0.336
0.336
0.336
0.336
0.336
0.336
0.336
0.336
0.336
0.336
0.336
0.336
0.336
0.336
0.336
2.685
2.685
2.685
0.336
0.336
0.336
0.336
0.336
0.336
0.336
0.336
0.336
0.336
0.336
0.336
0.336
0.336
0.336
0.386
2.397
2.397
2.397
2.397
2.397
2.397
2.41
2.31
2.31
2.31
2.472
2.472
2.472
2.472
2.472
2.472
2.472
2.472
2.472
2.472
0.411
0.411
0.411
0.411
0.411
0.483
0.483
0.483
0.574
0.574
0.574
0.574
0.574
4.906
4.906
4.906
2.557
2.557
2.557
2.557
2.557
2.557
2.557
2.557
2.557
2.557
2.557
2.557
2.698
2.698
2.698
2.698
2.698
2.698
0.715
0.715
0.715
0.715
0.715
0.715
0.715
0.715
0.715
0.715
0.715
0.715
0.702
0.702
0.561
0.561
0.561
0.561
0.561
0.561
0.561
0.561
0.561
0.561
0.561
0.521
0.521
0.521
0.521
0.521
0.521
0.521
0.521
0.521
0.43
0.43
0.43
0.43
0.43
0.43
0.43
0.43
0.43
0.43
0.442
0.442
0.442
0.442
0.442
0.382
0.382
0.414
0.414
0.414
0.414
0.414
0.555
0.555
0.555
0.555
0.555
0.555
0.555
3.081
3.081
2.904
0.555
0.555
0.555
0.555
0.555
0.567
0.561
0.561
0.561
0.561
0.597
0.597
0.408
0.408
0.408
0.408
0.408
0.408
0.408
0.42
0.144
0.144
0.144
0.321
0.321
0.144
0.144
0.144
0.144
0.144
0.144
0.144
0.144
0.144
0.144
0.144
0.321
0.321
0.639
0.639
0.639
0.639
0.639
0.072
0.072
0.072
0.072
0.072
0.072
0.072
0.072
0.072
0.072
0.072
0.072
0.072
0.072
0.072
0.072
0.072
0.072
0.072
0.072
0.072
0.072
0.072
0.072
0.072
0.072
0.072
0.072
0.213
0.213
0.213
0.213
0.213
0.213
0.213
0.213
0.213
0.213
0.213
0.213
0.213
0.213
0.213
0.213
0.213
0.213
0.213
0.213
0.072
0.072
0.072
0.072
0.072
0.072
0.072
0.072
0.072
0.072
0.072
0.072
0.072
0.072
0.072
0.072
0.072
0.072
0.072
0.072
0.072
0.072
0.072
0.072
0.072
0.072
0.072
0.072
0.072
0.072
0.072
0.072
0.072
0.072
0.072
0.072
0.072
0.072
0.072
0.072
0.072
0.072
0.072
0.072
0.072
0.072
0.072
0.072
0.072
0.072
0.072
0.072
0.072
0.072
0.072
0.072
0.072
0.072
0.072
0.072
0.072
0.072
0.072
0.072
0.072
0.072
0.072
0.072
0.072
0.072
0.072
0.072
0.072
0.072
0.072
0.072
0.072
0.072
0.072
0.072
0.072
0.072
0.072
0.072
0.072
0.072
0.072
0.072
0.072
0.213
0.213
0.213
0.213
0.213
0.213
0.213
0.213
0.213
0.213
0.213
0.213
0.213
0.213
0.213
0.213
0.213
0.213
0.213
0.213
0.072
0.072
0.072
0.072
0.072
0.072
0.072
0.072
0.072
0.072
0.072
0.072
0.072
0.072
0.072
0.072
0.072
0.072
0.072
0.072
0.072
0.072
0.072
0.072
0.072
0.072
0.072
0.072
0.072
0.072
0.072
0.072
0.072
0.072
0.072
0.072
0.072
0.072
0.072
0.072
0.072
0.072
0.072
0.072
0.072
0.072
0.072
0.072
0.072
0.072
0.072
0.213
0.213
0.213
0.213
0.213
0.213
0.213
0.213
0.213
0.213
0.213
0.213
0.213
0.213
0.213
0.213
0.213
0.213
0.213
0.417
0.276
0.276
0.276
0.276
0.276
0.376
0.282
0.282
0.282
0.389
0.449
0.389
0.389
0.389
0.389
0.732
0.732
0.732
0.732
0.389
0.389
0.389
0.389
0.389
0.389
0.389
0.389
0.439
0.433
0.433
0.421
0.421
0.421
0.421
0.421
0.421
0.421
0.389
0.389
0.389
0.389
0.389
0.395
0.389
0.389
0.401
0.401
0.401
2.535
2.535
2.535
2.535
2.535
2.535
2.676
2.676
2.666
2.678
2.678
2.718
2.724
2.724
2.724
2.724
0.59
0.65
0.65
0.65
0.61
0.893
0.893
0.893
0.925
0.582
0.441
0.441
0.429
0.429
0.529
0.529
0.489
0.489
0.489
0.549
0.609
0.649
0.649
0.649
0.649
0.609
0.621
0.621
0.621
0.621
0.621
0.621
0.621
0.621
0.621
0.621
0.621
0.621
0.621
0.621
0.621
0.621
0.621
0.621
0.621
2.749
2.749
2.749
2.749
2.749
2.749
2.749
2.749
2.749
2.737
2.737
2.677
2.677
2.677
2.737
2.737
0.543
0.543
0.543
0.543
0.643
0.643
0.643
0.649
0.649
0.649
0.649
0.589
0.589
0.601
0.601
0.601
0.601
0.601
0.601
0.601
0.569
0.569
0.569
0.601
0.601
0.601
0.701
0.641
0.641
0.641
0.629
0.629
0.629
0.629
0.629
0.629
0.77
0.77
0.77
0.77
0.782
0.842
0.842
0.842
0.74
0.68
0.62
0.62
0.62
0.62
0.62
0.58
0.58
0.58
0.58
0.64
0.499
0.499
0.499
0.499
0.499
0.499
0.512
0.512
0.512
0.512
0.512
0.572
0.572
0.572
0.632
2.981
2.981
2.981
0.632
0.612
0.612
0.572
0.572
0.572
0.572
0.572
0.632
0.632
0.632
0.632
0.62
0.62
0.62
0.62
0.68
0.68
0.68
0.78
0.78
0.78
0.748
0.748
0.748
0.748
1.625
1.625
1.625
0.688
0.688
0.738
0.738
0.738
0.738
9.218
9.218
9.218
0.738
0.738
0.738
0.738
0.738
0.738
0.738
0.738
0.738
0.738
0.725
0.725
0.725
0.753
0.753
0.713
0.713
0.653
0.653
0.705
0.693
0.593
0.593
0.593
0.605
0.545
0.545
0.589
0.589
0.589
0.589
0.589
0.589
0.589
2.723
2.723
2.723
2.723
2.723
2.723
2.717
2.777
2.727
2.727
2.667
2.707
2.707
2.667
2.667
2.667
0.533
0.533
0.533
0.533
0.533
0.521
0.521
0.521
0.521
0.581
0.587
0.547
0.547
0.547
0.547
0.559
0.499
0.64
0.64
0.71
0.71
0.71
0.71
0.71
0.71
0.64
0.64
0.64
0.64
0.64
0.64
0.64
0.64
0.688
0.688
0.688
0.628
0.487
0.487
0.387
0.387
0.387
0.387
0.387
0.387
0.327
0.327
0.327
0.361
0.361
0.317
0.317
0.377
0.383
0.383
0.383
0.383
0.383
0.383
0.323
0.355
0.355
0.355
0.355
0.355
0.355
0.355
0.349
0.349
0.349
0.349
0.315
0.215
0.215
0.209
0.209
0.249
0.249
0.249
0.309
0.309
0.268
0.228
0.228
0.228
0.228
0.228
0.228
0.228
0.24
0.228
0.24
0.24
0.24
0.24
0.421
0.528
0.528
0.628
0.628
0.628
0.628
0.628
0.628
0.628
2.877
2.877
2.877
0.528
0.528
0.576
0.576
0.516
0.516
0.516
0.375
0.375
0.375
0.375
0.375
0.375
0.375
0.375
0.375
0.375
0.387
0.381
0.381
0.381
0.381
0.381
0.381
0.387
0.355
0.355
0.355
0.355
0.355
0.355
0.355
0.355
0.248
0.248
0.248
0.248
0.273
0.273
0.261
0.251
0.211
0.211
0.211
0.205
0.205
0.265
0.265
0.265
0.205
0.205
0.205
0.205
0.205
