0.059
0.05500000000000001
0.11760000000000001
0.21000000000000005
0.29000000000000004
0.28900000000000003
0.4934
0.4806
0.42299999999999993
0.495
1.1778
3.7854
3.751
3.7629999999999995
3.0818
0.8489999999999999
0.885
0.7962
0.067
0.067
0.067
0.067
0.067
0.067
0.067
0.067
0.067
0.067
0.14620000000000002
0.166
0.166
0.14620000000000002
0.067
0.067
0.067
0.067
0.067
0.067
0.067
0.067
0.067
0.067
0.067
0.067
0.067
0.067
0.067
0.067
0.067
0.067
0.067
0.067
0.067
0.067
0.067
0.067
0.067
0.067
0.067
0.067
0.067
0.067
0.067
0.067
0.067
0.067
0.067
0.067
0.067
0.067
0.067
0.067
0.067
0.067
0.067
0.067
0.067
0.067
0.065
0.065
0.065
2.0366
3.3310000000000004
3.4910000000000005
3.4910000000000005
1.6694
0.511
0.495
0.507
0.5147999999999999
0.606
0.5988
0.5963999999999999
0.5946
1.2268
0.41479999999999995
0.348
0.4354
0.7193999999999999
0.893
0.8969999999999999
0.8649999999999999
0.8234
0.867
0.8100000000000002
2.5116
4.2814
0.9410000000000001
0.9369999999999999
0.8615999999999999
0.898
0.982
0.9747999999999999
1.006
1.7612
2.6510000000000007
2.591
2.543
2.1344000000000003
3.4147999999999996
5.744
5.744
5.744
2.8772
0.548
0.548
0.548
0.5678000000000001
0.6246
0.557
0.541
0.5524000000000001
0.382
0.31420000000000003
0.33980000000000005
0.2594
0.2678
0.3154
0.26180000000000003
0.5392
1.5778
2.737
2.665
2.566
2.566
2.566
2.566
2.566
2.566
2.566
2.566
2.665
1.6654
0.166
0.12639999999999998
0.067
0.067
0.067
0.067
0.067
0.11500000000000002
0.187
0.23500000000000001
0.199
0.199
0.223
0.24700000000000003
0.199
0.298
2.7548000000000004
3.284
3.1972
3.111
3.2542
2.758
2.8604000000000003
5.015199999999999
5.6452
8.118
8.1916
6.026400000000001
5.490799999999999
5.572399999999999
6.2554
6.243
3.5245999999999995
1.1036000000000001
0.6754
0.666
0.774
0.7404
0.42519999999999997
0.43
0.442
0.067
0.067
0.067
0.067
0.067
0.067
0.067
0.067
0.067
0.067
0.067
0.067
0.067
0.08680000000000002
2.3245999999999998
3.7613999999999996
3.7299999999999995
4.924200000000001
1.8234000000000001
0.609
0.581
0.6602
0.679
0.49939999999999996
0.389
0.442
4.425199999999999
8.6338
4.9872
5.071
3.7926
1.9405999999999999
2.1816000000000004
1.4464000000000001
0.728
0.9399999999999998
0.792
0.7936000000000001
0.782
0.6556000000000001
0.7440000000000001
0.8320000000000001
5.9605999999999995
2.305
4.1312
3.7214000000000005
3.71
3.1008
3.8560000000000003
5.5888
7.7
6.392
3.2620000000000005
3.2476
3.1908
3.164
3.176
3.1748000000000003
3.214
3.279
3.281
1.689
0.725
0.7495999999999999
0.8880000000000001
0.9538
1.6831999999999998
0.9096
0.754
0.7468
0.526
0.37
1.7608000000000001
0.7784000000000001
0.671
2.5625999999999998
3.9281999999999995
4.077
4.0280000000000005
2.1704
0.9544
0.952
0.976
0.9616
0.9279999999999999
0.9632
0.8720000000000001
0.68
0.5640000000000001
0.4896000000000001
0.7452
0.686
0.067
0.063
