0.037
0.037
0.037
0.037
0.043
0.047
0.047
0.047
0.047
0.047
0.20140000000000002
0.363
0.363
0.3174
0.24900000000000003
0.08739999999999999
0.047
0.047
0.047
0.047
0.047
0.047
0.047
0.047
0.047
0.13820000000000002
0.3226
0.363
0.3402
0.24900000000000003
0.16820000000000002
0.047
0.047
0.047
0.047
0.047
0.047
0.09260000000000002
0.161
0.161
0.161
0.191
0.24900000000000003
0.24900000000000003
0.24900000000000003
0.20859999999999998
0.047
0.047
0.047
0.047
0.047
0.047
0.047
0.047
0.09179999999999999
0.219
0.219
0.219
0.31179999999999997
0.349
0.33140000000000003
0.341
0.2886
0.119
0.127
1.1576
2.725
2.857
2.4272
0.5790000000000001
1.6469999999999998
0.6849999999999999
0.6506000000000001
0.637
0.5456000000000001
0.40800000000000003
0.42400000000000004
0.5096
0.36600000000000005
0.41400000000000003
0.421
0.421
0.421
0.3806
0.219
0.255
1.3262
0.24100000000000002
1.2902
0.2634
0.28
0.254
0.23000000000000004
0.238
0.528
0.5680000000000001
0.592
0.592
1.1376
0.454
0.5584
0.762
5.3656
0.714
0.5900000000000001
0.8804000000000001
1.1688
0.5
0.6404
0.8379999999999999
0.792
0.782
0.682
0.6599999999999999
0.526
0.466
0.4204
0.312
0.192
0.152
0.152
0.172
0.296
0.252
0.21200000000000002
0.2524
0.40700000000000003
0.3606
0.287
0.287
0.1254
0.085
0.085
0.085
0.085
0.10500000000000001
0.081
0.08099999999999999
0.045
0.0514
0.393
0.40140000000000003
0.4069999999999999
0.36139999999999994
0.17179999999999998
0.091
0.091
0.091
0.091
0.091
0.091
1.1481999999999999
0.091
0.1226
0.1698
0.145
0.20939999999999998
0.4782
0.501
0.501
0.4542
0.1854
0.11199999999999999
0.09
4.7476
0.12
0.154
0.318
0.294
0.294
0.27399999999999997
0.396
0.396
0.396
0.396
0.2988
0.24
0.21500000000000002
0.16699999999999998
0.162
0.32999999999999996
0.306
0.38999999999999996
0.41
0.5716
0.5760000000000001
0.5519999999999999
0.5730000000000001
0.45620000000000005
0.335
0.335
0.46560000000000007
0.5539999999999999
0.574
0.574
0.63
0.6739999999999999
0.614
0.6549999999999999
0.659
0.666
0.6819999999999999
0.526
0.9734
2.989
3.1100000000000003
0.24900000000000003
0.24900000000000003
2.899
0.5
0.40879999999999994
1.3908
0.379
0.387
0.31899999999999995
0.2494
0.42000000000000004
0.26
0.21600000000000003
0.23200000000000004
0.22000000000000003
0.18160000000000004
0.197
0.3902
0.499
0.6399999999999999
0.734
0.7096
1.6239999999999999
0.5922000000000001
0.44820000000000004
0.43099999999999994
0.3586
0.33699999999999997
0.5120000000000001
0.53
0.48200000000000004
0.672
0.722
0.746
0.8030000000000002
0.8241999999999999
0.8620000000000001
0.8779999999999999
0.9339999999999998
0.8512000000000001
0.892
0.7870000000000001
0.7879999999999999
0.772
0.748
0.748
0.8324
1.076
0.8789999999999999
0.9054
0.7470000000000001
0.5978
0.46399999999999997
0.43
0.354
0.5639999999999998
0.599
0.549
0.6494
0.7140000000000001
0.9096
0.8762000000000001
0.775
0.757
0.617
1.538
0.522
0.5379999999999999
0.575
0.5264
0.372
0.381
0.4386
0.6198
0.363
0.363
0.2718
0.24900000000000003
0.047
0.047
0.041
0.037
