0.0686666666666667
0.060000000000000026
0.06133333333333336
0.22119999999999995
0.1959999999999999
0.07000000000000003
0.07000000000000003
0.07000000000000003
0.07000000000000003
0.14559999999999998
0.25899999999999995
0.08260000000000003
0.07000000000000003
0.07000000000000003
0.07000000000000003
0.14559999999999998
0.25899999999999995
0.08260000000000003
0.07000000000000003
0.07000000000000003
0.24639999999999995
0.1707999999999999
0.07000000000000003
0.07000000000000003
0.08566666666666668
0.22433333333333338
0.9974666666666666
0.5273333333333332
0.31160000000000004
0.3989999999999999
0.43900000000000006
0.5126
0.6293333333333332
0.46559999999999996
0.41499999999999987
0.4190666666666666
0.2798
0.4676666666666668
0.32240000000000013
0.20526666666666668
0.18900000000000003
0.4497333333333334
1.4665333333333335
0.07000000000000003
0.07000000000000003
0.07000000000000003
0.25899999999999995
0.15819999999999992
0.07000000000000003
0.07000000000000003
0.07000000000000003
0.15819999999999998
0.25899999999999995
0.07000000000000003
0.07000000000000003
0.07000000000000003
0.17079999999999995
0.24639999999999992
0.07000000000000003
0.07000000000000003
0.07000000000000003
1.256
0.9602666666666667
0.5630000000000001
0.7621999999999998
0.9706666666666668
0.8851999999999999
0.4563333333333333
0.6430000000000001
0.7438
1.851066666666667
1.3828666666666665
0.7326666666666667
2.005733333333333
3.2946666666666666
1.6041999999999994
0.9639333333333334
1.1128666666666667
1.356066666666667
1.5975333333333335
1.2476
1.1506
1.3528666666666667
1.3476666666666666
1.1983333333333335
1.0771333333333333
0.8596666666666668
0.8555999999999997
1.3179999999999998
0.7157333333333333
0.8913333333333334
0.91
0.8105333333333334
0.8200000000000002
0.4466666666666668
0.07000000000000003
