0.15433333333333332
0.04900000000000001
0.05179999999999999
0.05300000000000002
0.05300000000000002
0.06299999999999997
0.06299999999999997
0.08479999999999997
0.17200000000000001
0.06299999999999997
0.06299999999999997
0.06299999999999997
0.06299999999999997
0.06299999999999997
0.06299999999999997
0.11386666666666663
0.1429333333333333
0.06299999999999997
0.06299999999999997
0.06299999999999997
0.15746666666666664
0.09933333333333329
0.06299999999999997
0.06299999999999997
0.06299999999999997
0.06299999999999997
0.06299999999999997
0.06299999999999997
0.06299999999999997
0.08479999999999997
0.17200000000000001
0.06259999999999998
0.06833333333333332
0.11900000000000001
0.1322
0.2240000000000001
0.18693333333333334
0.23700000000000007
0.30366666666666675
0.09499999999999996
0.06299999999999997
0.06299999999999997
0.0993333333333333
0.15746666666666667
0.06299999999999997
0.06299999999999997
0.06299999999999997
0.06299999999999997
0.06299999999999997
0.06299999999999997
0.0993333333333333
0.16786666666666666
0.13500000000000004
0.13500000000000004
2.3459333333333334
0.3197999999999999
0.29
0.298
0.5044666666666667
0.4463333333333334
0.3984666666666667
0.3203333333333333
0.39499999999999996
0.5759333333333333
0.5236000000000002
2.8741999999999996
1.3027333333333326
0.8672
1.5999999999999994
2.1931333333333334
0.5712666666666668
0.5486000000000001
0.6166666666666668
0.6779333333333333
0.4273333333333333
0.2502666666666667
0.44839999999999997
0.5488666666666665
0.8091999999999996
0.543
0.5242666666666668
0.8271333333333335
0.6332666666666669
0.5379333333333335
0.5982
0.5036666666666667
0.6801333333333336
0.9177333333333332
0.504
0.48986666666666673
0.4621333333333333
0.46506666666666674
0.3927333333333333
0.368
0.38266666666666665
0.5463333333333333
