0.11113333333333332
0.1313333333333333
0.16533333333333336
0.22560000000000008
0.06200000000000003
0.06200000000000003
0.194
0.19399999999999995
0.06200000000000003
0.06200000000000003
0.06200000000000003
0.06200000000000003
0.146
0.242
0.06200000000000003
0.06200000000000003
0.06200000000000003
0.13399999999999998
0.242
0.07400000000000004
0.06200000000000003
0.06200000000000003
0.146
0.242
0.06200000000000003
0.2312
0.4319333333333332
0.32026666666666664
2.2481999999999998
0.8592666666666666
1.2839333333333334
2.542733333333334
2.2986000000000004
0.2432000000000001
0.128
0.19866666666666669
0.20720000000000002
0.28079999999999994
0.06200000000000003
0.06200000000000003
0.194
0.19399999999999995
0.06200000000000003
0.06200000000000003
0.07400000000000002
0.242
0.134
0.06200000000000003
0.06200000000000003
0.06200000000000003
0.06200000000000003
0.16066666666666665
0.26800000000000007
0.060000000000000026
0.27179999999999993
0.11493333333333332
0.3217333333333334
0.3303333333333335
0.08633333333333332
0.19273333333333334
0.15213333333333334
0.2253333333333333
0.35359999999999997
0.2866000000000001
0.29300000000000004
0.3079333333333334
0.5693333333333332
0.7164
0.6569333333333333
2.5555333333333334
0.6465333333333334
0.7668
0.7987999999999998
0.6954
0.7615333333333336
0.8886666666666663
0.39966666666666667
0.2724
0.4766666666666667
0.4526666666666667
0.41566666666666674
0.5516666666666666
0.5858666666666665
0.5366666666666667
0.48733333333333334
0.8445333333333332
0.9006
0.44166666666666665
0.4278666666666668
0.40499999999999997
0.41086666666666666
0.5396666666666667
0.7111999999999998
0.2947333333333333
0.29106666666666664
0.30400000000000005
