0.08066666666666666
0.18086666666666668
1.6922666666666664
2.873466666666666
2.8826666666666663
0.4961999999999999
0.074
0.074
0.074
0.074
0.074
0.074
0.146
0.11000000000000004
0.074
0.074
0.074
0.074
0.10999999999999997
0.14599999999999996
0.074
0.074
0.146
0.11000000000000004
0.074
0.074
0.9314666666666668
3.2059333333333333
0.6115333333333335
0.3702
4.776466666666668
1.6502000000000003
0.8154000000000001
1.9247999999999996
1.816733333333333
0.6597333333333333
0.6718666666666666
0.7737333333333333
0.6944666666666669
0.5595333333333337
0.5120000000000002
0.6613333333333334
0.6720000000000003
0.5924666666666668
0.9595333333333333
0.5279333333333335
0.44000000000000017
0.5120000000000001
0.39633333333333315
0.28800000000000003
0.2743333333333334
0.3354666666666667
0.33406666666666673
0.23866666666666667
1.7564666666666666
2.1355333333333335
0.1691333333333333
0.2942
4.470000000000001
3.230466666666667
0.4748666666666665
0.7058666666666663
0.28779999999999994
0.3406666666666666
0.4389333333333333
0.5246666666666666
3.1568
5.077533333333332
3.7842666666666673
0.4429999999999999
2.487000000000001
1.878933333333333
0.9089333333333335
1.7447333333333332
2.2445999999999997
1.6401333333333337
0.8291999999999999
1.0837333333333332
0.7329999999999999
0.9061333333333332
0.9751333333333333
0.8817999999999997
1.2238666666666667
1.3112666666666668
2.7307333333333337
1.0304666666666666
0.8563999999999999
2.6404
3.6532
2.221066666666667
1.4186000000000003
3.2806
1.8058666666666667
0.6437999999999999
0.074
0.07866666666666668
