0.06566666666666664
0.06299999999999997
0.07033333333333332
0.07299999999999998
0.21966666666666673
0.2783333333333334
0.1786
0.07299999999999998
0.07299999999999998
0.16633333333333336
0.31993333333333335
0.19033333333333335
0.07299999999999998
0.07299999999999998
0.07299999999999998
0.3316666666666667
0.27193333333333336
0.07299999999999998
0.07299999999999998
0.17966666666666672
0.25966666666666677
0.2255333333333334
0.08473333333333331
0.07299999999999998
0.30566666666666664
0.5323333333333332
0.3496666666666667
0.4565999999999999
0.34273333333333333
0.5443333333333332
0.45500000000000007
0.30833333333333335
0.2816666666666666
0.8591333333333335
0.5792666666666668
0.5595333333333332
0.6192666666666665
0.613
0.24206666666666665
0.30820000000000003
0.1263333333333333
0.07299999999999998
0.07299999999999998
0.09966666666666664
0.35513333333333336
0.2218
0.07299999999999998
0.3103333333333333
0.6374
0.7660666666666669
0.3027333333333333
0.33286666666666664
1.9709999999999994
0.9053999999999996
0.20299999999999996
2.3141999999999987
0.4096666666666667
0.567
0.4189999999999998
0.4469999999999999
0.5075333333333333
0.9498
0.4987333333333334
0.3806
0.6166666666666666
0.7053999999999998
0.6796666666666668
0.7991333333333335
0.6476666666666664
0.6689999999999998
0.788
0.6396
0.6963333333333335
0.7403999999999998
1.7040666666666666
2.031800000000001
1.1094666666666666
0.8282000000000002
0.7165333333333336
0.6502
1.2092
1.0348666666666668
1.1117333333333332
1.0369999999999997
0.7486666666666667
1.0670000000000002
0.9106666666666666
0.8592000000000001
0.07299999999999998
0.07299999999999998
0.4372666666666666
0.16633333333333333
0.07299999999999998
0.07299999999999998
0.07299999999999998
0.4020666666666666
