0.06433333333333331
0.05899999999999997
0.06366666666666664
0.17579999999999998
0.22326666666666659
0.06899999999999998
0.09439999999999998
0.19600000000000004
0.0927333333333333
0.24699999999999991
0.1283333333333333
0.06899999999999998
0.06899999999999998
0.3028
0.24866666666666656
0.06899999999999998
0.06899999999999998
0.06899999999999998
0.06899999999999998
0.06899999999999998
0.3502666666666666
0.20119999999999993
0.06899999999999998
0.06899999999999998
0.06899999999999998
0.23000000000000004
0.3214666666666667
0.06899999999999998
0.06899999999999998
0.13673333333333332
0.1794666666666667
2.1457333333333333
1.2393333333333334
0.4177333333333333
2.887533333333334
0.7778000000000003
0.22326666666666659
0.17579999999999993
0.06899999999999998
0.1706
0.11979999999999996
0.10459999999999997
0.24699999999999991
0.17573333333333335
0.1621333333333333
0.1816666666666667
0.6854666666666669
0.6427999999999999
0.4581333333333334
0.359
0.359
0.4690666666666665
0.1113333333333333
0.24699999999999991
0.15206666666666663
0.18753333333333339
0.3910666666666666
0.2661333333333333
0.3387333333333334
0.7838666666666667
0.6854000000000001
0.3339999999999999
0.45233333333333337
0.6008666666666665
0.6754666666666668
0.5756666666666667
2.872666666666667
3.530533333333333
1.3532000000000002
1.0706666666666669
0.8290666666666666
0.5690000000000001
0.5568666666666667
0.4737999999999999
0.5990000000000002
1.8674666666666662
2.8249999999999997
2.894
2.986600000000001
2.057466666666667
0.5581999999999998
0.5579333333333334
0.7218666666666668
1.01
0.9301999999999998
0.8298000000000002
0.7841999999999999
1.0000000000000002
0.7891333333333334
1.1392
0.9405999999999997
0.40779999999999994
0.11133333333333331
0.17906666666666665
0.06899999999999998
0.06899999999999998
