0.067
0.067
0.067
0.067
0.067
0.067
0.067
0.067
0.067
0.057
0.057
0.057
0.057
0.057
0.057
0.057
0.057
0.057
0.057
0.057
0.057
0.057
0.057
0.057
0.057
0.057
0.057
0.057
0.057
0.204
0.204
0.204
0.204
0.204
0.204
0.204
0.402
0.402
0.402
0.412
0.412
0.412
0.412
0.412
0.412
0.412
0.412
0.412
0.412
0.265
0.265
0.265
0.265
0.265
0.265
0.265
0.265
0.265
0.254
0.254
0.254
0.254
0.254
0.254
0.254
0.254
0.254
0.254
0.254
0.254
0.254
0.254
0.067
0.067
0.067
0.067
0.067
0.067
0.067
0.067
0.067
0.067
0.067
0.067
0.067
0.067
0.067
0.067
0.067
0.067
0.067
0.067
0.067
0.067
0.067
0.067
0.067
0.067
0.067
0.067
0.067
0.067
0.067
0.067
0.067
0.067
0.067
0.265
0.265
0.265
0.265
0.265
0.265
0.265
0.265
0.265
0.412
0.412
0.412
0.412
0.412
0.412
0.412
0.412
0.412
0.412
0.412
0.412
0.412
0.214
0.214
0.214
0.214
0.214
0.214
0.214
0.067
0.067
0.067
0.067
0.067
0.067
0.254
0.254
0.254
0.254
0.254
0.254
0.254
0.254
0.254
0.254
0.254
0.254
0.254
0.254
0.067
0.067
0.067
0.067
0.067
0.067
0.067
0.067
0.067
0.067
0.067
0.067
0.067
0.067
0.067
0.067
0.067
0.067
0.067
0.067
0.067
0.067
0.067
0.067
0.067
0.067
0.067
0.067
0.067
0.067
0.067
0.067
0.067
0.067
0.214
0.214
0.214
0.214
0.214
0.214
0.214
0.214
0.214
0.214
0.214
0.214
0.214
0.214
0.214
0.214
0.214
0.214
0.214
0.214
0.067
0.067
0.067
0.254
0.254
0.254
0.254
0.254
0.254
0.254
0.254
0.254
0.254
0.254
0.254
0.254
0.254
0.067
0.067
0.067
0.067
0.067
0.067
0.067
0.067
0.067
0.067
0.265
0.265
0.265
0.265
0.265
0.265
0.265
0.265
0.265
0.265
0.265
0.265
0.265
0.265
0.265
0.265
0.265
0.265
0.265
0.412
0.412
0.412
0.214
0.214
0.214
0.214
0.214
0.214
0.214
0.214
0.214
0.214
0.214
0.214
0.214
0.214
0.214
0.214
0.214
0.067
0.067
0.067
0.067
0.067
0.067
0.067
0.067
0.067
0.067
0.067
0.067
0.067
0.067
0.254
0.254
0.254
0.254
0.254
0.254
0.254
0.254
0.254
0.254
0.254
0.254
0.254
0.254
0.265
0.265
0.265
0.265
0.265
0.265
0.265
0.265
0.265
0.265
0.265
0.265
0.265
0.265
0.265
0.265
0.265
0.265
0.265
0.265
0.265
0.265
0.067
0.067
0.067
0.067
0.067
0.067
0.067
0.067
0.067
0.067
0.067
0.067
0.067
0.067
0.067
0.067
0.067
0.067
0.067
0.067
0.067
0.067
0.067
0.067
0.067
0.067
0.067
0.067
0.067
0.067
0.067
0.067
0.067
0.067
0.067
0.067
0.067
0.067
0.067
0.254
0.254
0.254
0.254
0.254
0.254
0.254
0.254
0.254
0.254
0.254
0.254
0.254
0.254
0.067
0.067
0.067
0.067
0.265
0.265
0.265
0.265
0.265
0.265
0.265
0.265
0.265
0.265
0.265
0.265
0.265
0.265
0.265
0.265
0.265
0.265
0.265
0.265
0.265
0.265
0.067
0.067
0.067
0.067
0.067
0.067
0.067
0.067
0.067
0.067
0.067
0.067
0.067
0.067
0.214
0.214
0.214
0.214
0.214
0.214
0.214
0.214
0.214
0.214
0.214
0.214
0.214
0.214
0.214
0.214
0.214
0.214
0.214
0.214
0.067
0.067
0.067
0.067
0.067
0.067
0.067
0.067
0.067
0.067
0.067
0.067
0.067
0.067
0.067
0.067
0.265
0.265
0.265
0.265
0.265
0.265
0.265
0.265
0.265
0.265
0.265
0.265
0.452
0.452
0.452
0.452
0.452
0.452
0.452
0.452
0.452
0.452
0.254
0.254
0.254
0.254
0.067
0.067
0.067
0.067
0.067
0.067
0.067
0.067
0.067
0.067
0.067
0.067
0.067
0.067
0.067
0.067
0.067
0.067
0.067
0.067
0.067
0.067
0.067
0.067
0.067
0.067
0.067
0.067
0.067
0.067
0.067
0.067
0.067
0.067
0.067
0.067
0.067
0.067
0.067
0.067
0.067
0.067
0.265
0.265
0.265
0.265
0.265
0.265
0.265
0.265
0.265
0.265
0.265
0.265
0.265
0.265
0.265
0.265
0.265
0.265
0.265
0.265
0.265
0.452
0.254
0.254
0.254
0.254
0.254
0.254
0.254
0.254
0.254
0.254
0.254
0.254
0.254
0.067
0.067
0.067
0.067
0.067
0.067
0.067
0.067
0.067
0.067
0.067
0.067
0.067
0.067
0.067
0.067
0.067
0.067
0.067
0.067
0.067
0.067
0.067
0.067
0.067
0.067
0.067
0.067
0.067
0.067
0.067
0.067
0.067
0.067
0.067
0.067
0.067
0.067
0.067
0.067
0.067
0.067
0.067
0.067
0.067
0.067
0.067
0.067
0.067
0.067
0.214
0.214
0.214
0.214
0.214
0.214
0.401
0.401
0.401
0.599
0.599
0.599
0.599
0.599
0.599
0.599
0.599
0.599
0.599
0.599
0.265
0.265
0.265
0.265
0.265
0.265
0.265
0.265
0.265
0.265
0.265
0.067
0.067
0.067
0.067
0.067
0.067
0.067
0.067
0.067
0.067
0.067
0.067
0.067
0.067
0.067
0.067
0.067
0.067
0.067
0.067
0.067
0.067
0.067
0.067
0.067
0.067
0.067
0.067
0.067
0.067
0.067
0.065
0.065
0.065
0.065
0.065
0.065
0.065
0.065
0.065
0.212
0.212
0.212
0.212
0.212
0.212
0.212
0.212
0.399
0.459
0.459
0.399
0.399
0.399
0.399
0.399
0.597
0.597
0.597
0.597
0.45
0.45
0.263
0.263
0.263
0.263
0.263
0.263
0.263
0.263
0.263
0.265
0.265
0.265
0.265
0.265
0.265
0.265
0.067
0.067
0.067
0.067
0.067
0.067
0.067
0.067
0.067
0.067
0.067
0.067
0.067
0.067
0.067
0.067
0.067
0.067
0.067
0.067
0.067
0.067
0.067
0.067
0.067
0.067
0.067
0.067
0.067
0.067
0.067
0.067
0.067
0.067
0.067
0.067
0.067
0.067
0.067
0.214
0.214
0.214
0.214
0.214
0.214
0.401
0.401
0.401
0.401
0.401
0.401
0.401
0.401
0.401
0.401
0.401
0.401
0.599
0.599
0.265
0.265
0.265
0.265
0.265
0.265
0.265
0.265
0.265
0.265
0.265
0.265
0.265
0.265
0.265
0.265
0.265
0.265
0.265
0.265
0.067
0.067
0.067
0.067
0.067
0.067
0.067
0.067
0.067
0.067
0.067
0.067
0.067
0.067
0.067
0.067
0.067
0.067
0.067
0.067
0.067
0.067
0.067
0.067
0.067
0.067
0.067
0.067
0.067
0.067
0.067
0.067
0.067
0.067
0.067
0.067
0.067
0.067
0.067
0.067
0.067
0.067
0.067
0.067
0.067
0.067
0.067
0.067
0.067
0.214
0.214
0.214
0.214
0.214
0.214
0.214
0.214
0.214
0.214
0.214
0.214
0.214
0.214
0.214
0.214
0.214
0.214
0.401
0.401
0.254
0.254
0.254
0.254
0.254
0.254
0.254
0.254
0.254
0.254
0.254
0.254
0.067
0.265
0.265
0.265
0.265
0.265
0.265
0.265
0.265
0.265
0.265
0.265
0.265
0.265
0.265
0.265
0.265
0.265
0.265
0.265
0.265
0.265
0.265
0.067
0.067
0.067
0.067
0.067
0.067
0.067
0.067
0.067
0.067
0.067
0.067
0.067
0.067
0.067
0.067
0.067
0.067
0.067
0.067
0.067
0.067
0.214
0.214
0.214
0.214
0.214
0.214
0.214
0.214
0.214
0.214
0.214
0.214
0.214
0.214
0.401
0.401
0.401
0.401
0.401
0.401
0.254
0.254
0.254
0.254
0.254
0.452
0.452
0.452
0.265
0.265
0.265
0.265
0.265
0.265
0.265
0.265
0.265
0.265
0.263
0.323
0.263
0.263
0.263
0.323
0.323
0.363
0.323
0.125
0.165
0.165
0.185
0.125
0.185
0.185
0.185
0.185
0.185
0.185
0.185
0.185
0.185
0.185
0.185
0.185
0.185
0.185
0.332
0.332
0.332
0.332
0.332
0.332
0.392
0.392
0.609
0.609
0.609
0.597
0.597
0.597
0.657
0.657
0.657
0.657
2.503
2.503
2.356
0.57
0.53
0.53
0.53
0.53
0.325
0.325
0.325
0.325
0.325
0.325
0.385
0.583
0.583
0.583
0.583
0.623
0.623
0.623
0.77
0.77
0.452
0.452
0.452
0.452
0.452
0.452
0.452
0.452
0.452
0.452
0.452
0.452
0.265
0.067
0.067
0.067
0.067
0.067
0.067
0.067
0.065
0.125
0.125
0.125
0.125
0.125
0.125
0.125
0.125
0.125
0.125
0.125
0.225
0.225
0.372
0.403
0.403
0.415
0.415
0.415
0.435
0.423
0.423
0.423
0.403
0.403
0.403
0.403
0.403
0.403
0.403
0.403
0.403
0.403
0.256
0.256
0.256
0.474
0.454
0.454
0.454
0.454
0.354
0.354
0.388
0.4
0.4
0.4
0.4
0.627
0.627
0.687
0.675
0.675
0.675
0.687
0.687
0.687
0.687
0.489
0.489
0.489
0.489
0.362
0.25
0.25
0.25
0.19
0.17
0.17
0.17
0.17
0.17
0.17
0.21
0.21
0.17
0.17
0.17
0.23
0.23
0.17
0.17
0.17
0.17
0.17
0.17
0.17
0.179
0.179
0.219
0.179
0.179
0.179
0.179
0.239
0.179
0.179
0.179
0.179
0.179
0.179
0.179
0.179
0.179
0.179
0.179
0.179
0.179
0.179
0.219
0.219
0.219
0.219
0.219
0.219
0.219
0.205
0.205
0.245
0.205
0.236
0.236
0.236
0.236
0.236
0.351
0.351
0.351
0.351
0.351
0.351
0.351
0.351
0.351
0.651
0.838
0.838
0.838
0.878
0.878
1.076
1.076
1.076
1.076
1.076
1.076
1.076
1.076
1.076
0.929
0.929
0.929
0.929
0.969
0.969
0.669
0.669
0.669
0.803
0.763
0.763
0.763
0.565
0.565
0.565
0.712
0.672
0.672
0.672
0.672
0.686
0.686
0.686
0.686
0.686
0.686
0.686
0.686
0.746
0.746
0.746
0.686
0.686
0.686
0.686
0.539
0.539
0.539
0.599
0.599
0.654
0.654
0.654
0.623
0.623
0.623
0.623
0.489
0.489
0.489
0.489
0.489
0.501
0.501
2.307
2.295
2.295
0.489
0.529
0.589
0.529
0.569
0.581
0.728
0.728
0.688
0.676
0.676
0.676
0.676
0.676
0.676
0.676
0.874
0.814
0.814
0.814
0.627
0.627
0.627
0.627
0.627
0.627
0.761
0.726
0.726
0.726
0.726
0.726
0.726
0.726
0.726
0.726
0.712
0.859
0.721
0.587
0.527
0.527
0.527
0.527
0.527
0.527
0.527
0.527
0.567
0.567
0.567
0.567
0.567
0.627
0.567
0.701
0.701
0.554
0.554
0.614
0.614
0.48
0.48
0.32
0.28
0.292
0.292
0.292
0.311
0.311
0.311
0.311
0.311
0.311
0.311
0.311
0.311
0.311
0.311
0.311
0.311
0.351
0.351
0.351
0.351
0.351
0.351
0.672
0.692
0.692
0.692
0.692
0.692
0.89
0.89
1.19
1.202
1.162
1.162
1.162
1.162
1.035
0.901
1.048
1.048
1.048
1.048
1.108
1.108
1.168
0.848
0.848
0.848
0.836
0.836
0.638
0.638
0.638
0.638
0.638
0.638
0.638
0.698
0.591
0.491
0.491
0.491
0.491
0.491
0.491
0.491
0.491
0.067
0.067
0.067
0.067
0.067
0.067
0.067
0.067
0.067
0.067
0.067
0.067
0.067
0.067
0.067
0.067
0.067
0.067
0.067
0.067
0.067
0.067
0.067
0.067
0.067
0.067
0.067
0.067
0.067
0.067
0.067
0.254
0.254
0.254
0.254
0.254
0.254
0.254
0.254
0.254
0.254
0.254
0.254
0.254
0.254
0.067
0.067
0.067
0.067
0.067
