0.071
0.06699999999999999
0.061
0.061
0.061
0.061
0.061
0.065
0.071
0.071
0.071
0.071
0.071
0.071
0.071
0.071
0.071
0.1106
0.17
0.17
0.17
0.0908
0.071
0.071
0.071
0.071
0.071
0.21339999999999998
0.24900000000000003
0.4018
0.539
0.3966
0.361
0.24499999999999997
0.071
0.071
0.071
0.071
0.071
0.071
0.071
0.24900000000000003
0.24900000000000003
0.4796
0.539
0.361
0.361
0.16719999999999996
0.071
0.071
0.071
0.071
0.071
0.071
0.071
0.10659999999999999
0.3636
0.44000000000000006
0.539
0.5034000000000001
0.3228
0.1304
0.071
0.071
0.071
0.071
0.071
0.071
0.071
0.187
0.5034000000000001
0.539
0.539
0.4598
0.1066
0.071
0.071
0.071
0.071
0.071
0.071
0.071
0.1758
0.274
0.24900000000000003
0.44000000000000006
0.3332
0.262
0.262
0.14739999999999998
0.071
0.071
0.071
0.071
0.18
0.44239999999999996
0.466
0.41400000000000003
0.4784
0.4586
0.45499999999999996
0.475
1.6179999999999999
0.264
0.071
0.071
0.071
0.071
0.1422
0.24900000000000003
0.30839999999999995
0.348
0.4678
0.361
0.262
0.262
0.14739999999999998
0.071
0.071
0.071
0.084
1.2
0.1086
0.168
0.192
0.27040000000000003
0.3312
0.426
0.46159999999999995
0.604
0.6072
0.429
0.3934
0.251
0.071
0.071
0.071
0.071
0.071
0.071
0.1092
0.262
0.262
0.262
0.3412
0.2794
0.348
0.3282
0.24900000000000003
0.17779999999999999
0.071
0.071
0.071
0.071
0.071
0.071
0.071
0.2238
0.4044
0.44000000000000006
0.44000000000000006
0.36360000000000003
0.22660000000000005
0.085
0.085
0.085
0.085
0.085
0.085
0.8862
2.092
2.266
2.266
1.4752000000000003
0.552
0.366
0.366
0.426
0.4332
0.434
0.434
0.402
1.0946
2.339
0.071
0.071
0.071
0.071
0.262
0.4796
0.539
0.539
0.4244
0.0908
0.071
0.071
0.071
0.071
0.071
0.071
0.071
0.071
0.071
0.262
0.262
0.3214
0.361
0.3531999999999999
0.348
0.24900000000000003
0.24900000000000003
0.14219999999999997
0.071
0.071
0.071
0.071
0.15020000000000003
0.2464
0.361
0.3412
0.262
0.262
0.071
0.071
0.071
0.071
0.071
0.1422
0.24900000000000003
0.24900000000000003
0.24900000000000003
0.17779999999999999
0.071
0.071
0.071
0.071
0.071
0.22519999999999998
0.361
0.361
0.361
0.24359999999999998
0.071
0.071
0.071
0.1422
0.24900000000000003
0.24900000000000003
0.24900000000000003
0.17779999999999999
0.071
0.071
0.18560000000000001
0.262
0.262
0.262
0.2238
0.1106
0.2412
0.348
0.348
0.2688
0.17779999999999999
0.071
0.071
0.071
0.262
0.262
0.262
0.262
2.2954
1.9014
0.28600000000000003
0.29960000000000003
0.3862
0.323
0.071
0.1422
0.24900000000000003
0.24900000000000003
0.24900000000000003
0.17779999999999999
0.071
0.071
0.071
0.2082
0.361
0.361
