0.05600000000000001
0.05600000000000001
0.05600000000000001
0.05600000000000001
0.05800000000000001
0.066
0.066
0.066
0.066
0.066
0.066
0.066
0.066
0.066
0.066
0.066
0.066
0.066
0.066
0.066
0.066
0.066
0.066
0.066
0.066
0.066
0.066
0.066
0.066
0.066
0.066
0.066
0.066
0.066
0.066
0.066
0.066
0.066
0.066
0.066
0.066
0.066
0.066
0.066
0.066
0.066
0.066
0.066
0.066
0.066
0.066
0.066
0.066
0.066
0.066
0.066
0.066
0.066
0.066
0.066
0.066
0.066
0.066
0.066
0.066
0.066
0.066
0.066
0.066
0.066
0.066
0.066
0.1
0.1026
0.09160000000000001
0.073
0.073
0.08220000000000001
0.12
0.084
0.1376
0.19299999999999998
0.207
0.207
0.1998
0.195
0.207
0.24699999999999997
0.24939999999999998
0.29359999999999997
0.26139999999999997
1.5172
0.24699999999999997
0.295
0.307
0.328
0.39
0.7316
0.9151999999999999
0.39239999999999997
0.383
0.4064
0.3328
0.364
0.363
0.914
0.3602
0.41200000000000003
2.3239999999999994
2.433
2.4189999999999996
2.3760000000000003
0.7655999999999998
0.369
0.33219999999999994
0.323
0.323
0.4004
0.138
0.138
0.138
0.138
0.138
0.138
0.1734
0.1734
0.138
0.2088
0.138
0.138
0.2088
0.138
0.2088
0.633
0.066
0.066
0.066
0.066
0.066
0.066
0.066
0.066
0.066
0.066
0.066
0.066
0.066
0.066
0.066
0.066
0.066
0.066
0.066
0.066
0.066
0.066
0.066
0.066
0.066
0.066
0.066
0.066
0.066
0.066
0.066
0.066
0.066
0.066
0.066
0.066
0.066
0.066
0.066
0.066
0.066
0.066
0.066
0.066
0.066
0.066
0.066
0.066
0.066
0.066
0.066
0.066
0.064
0.064
0.0752
0.13
0.152
0.161
0.161
0.149
0.10800000000000001
0.101
0.3446
0.092
0.092
0.092
0.1314
0.128
0.173
0.173
0.152
0.227
0.066
0.066
0.066
0.066
0.064
0.099
0.1026
0.132
0.1078
0.134
0.11340000000000001
0.2964
0.1728
0.1622
0.119
0.099
1.4811999999999999
0.309
0.333
0.2802
0.3576
0.39459999999999995
0.5804
0.6980000000000001
0.6649999999999998
0.641
0.555
0.542
0.48100000000000004
0.466
0.495
0.46699999999999997
0.7198
0.3942
0.3736
0.4166
0.43600000000000005
0.376
0.43600000000000005
0.40599999999999997
0.363
1.5912
0.3152
0.317
0.317
0.3094
0.297
0.31660000000000005
0.42000000000000004
0.4595999999999999
0.4378
0.397
0.42919999999999997
0.402
0.417
0.2898
0.257
0.251
6.2248
0.163
0.1702
0.19299999999999998
0.29400000000000004
0.28400000000000003
0.267
0.26
0.295
0.28300000000000003
0.217
0.205
0.21200000000000002
0.211
0.207
0.2408
0.298
0.298
0.298
0.358
0.3612
0.36999999999999994
0.382
0.254
