0.309
0.16299999999999998
0.063
0.10659999999999999
0.172
0.172
0.172
0.07579999999999999
0.1236
0.1398
0.1886
0.21799999999999997
0.2274
0.34459999999999996
0.365
0.358
0.2798
0.12340000000000002
0.05
0.05
0.05
0.05
0.05
0.05
0.05
0.05
0.05
0.05
0.05
0.05
0.07139999999999999
0.157
0.157
0.157
0.0928
0.05
0.05
0.05
0.05
0.05
0.05
0.05
0.05
0.05
0.05
0.05
0.157
0.157
0.157
0.11420000000000001
0.05
0.05
0.05
0.05
0.05
0.05
0.05
0.05
0.05
0.05
0.05
0.05
0.05
0.05
0.05
0.05
0.05
0.05
0.05
0.05
0.05
0.05
0.05
0.05
0.05
0.05
0.05
0.05
0.11420000000000001
0.157
0.157
0.17559999999999998
0.08280000000000001
0.097
0.149
0.14
0.14
0.14
0.152
0.0922
0.1358
0.17600000000000002
0.164
0.185
0.1874
0.142
0.142
0.142
0.1516
0.17400000000000002
0.179
0.22400000000000003
0.21080000000000002
6.5296
0.406
0.406
0.3652
0.261
0.261
0.339
0.2978
0.176
0.185
0.191
0.191
0.22600000000000003
0.26880000000000004
0.273
1.1785999999999999
2.537
2.4514
2.4246
2.421
2.421
0.148
0.16840000000000002
0.10700000000000001
0.10700000000000001
0.10700000000000001
0.10700000000000001
0.10700000000000001
0.11000000000000001
0.122
0.1286
0.155
0.2406
0.262
0.262
0.2406
0.155
0.1982
1.1326
4.474
4.471
4.459
4.459
2.8708
0.31
0.2902
0.277
0.23420000000000002
0.16
0.12
0.12
0.12
0.123
0.135
0.135
0.17040000000000002
1.2042
0.135
0.20580000000000004
0.135
0.135
0.2272
0.242
0.3128
1.4232
0.4354
0.048
0.048
0.05700000000000001
0.063
0.063
0.15899999999999997
0.24180000000000001
0.27
0.27
0.27
0.20539999999999997
0.298
0.298
0.305
0.2962
0.23199999999999998
0.11199999999999999
0.092
1.1258
0.09559999999999999
0.24159999999999998
0.359
0.359
0.3376
0.22199999999999998
0.20820000000000002
0.24500000000000002
0.275
0.31
0.30639999999999995
0.27999999999999997
0.31579999999999997
0.329
0.323
0.363
0.2792
0.3132
0.327
0.399
0.42300000000000004
0.3486000000000001
0.342
0.342
0.342
0.35400000000000004
0.3542
0.365
0.8024000000000001
0.6017999999999999
2.734
2.7948
2.848
3.6159999999999997
2.8595999999999995
1.4246000000000003
0.39699999999999996
0.337
0.337
0.4162
0.469
0.469
0.469
0.5118
0.576
0.5496
0.5304
0.5324000000000001
0.5242
0.544
0.544
0.544
0.5296000000000001
0.457
1.507
0.564
0.5864
0.6448
0.597
0.505
0.493
0.471
0.47800000000000004
0.4202
0.34400000000000003
0.3482
0.4492
0.42400000000000004
0.42400000000000004
0.337
0.3388
0.28480000000000005
0.282
0.3188
0.33
0.2988
0.36760000000000004
0.389
0.389
0.4476
0.392
0.4206
0.48040000000000005
0.47700000000000004
0.5810000000000001
0.605
0.5120000000000001
0.48200000000000004
0.5418000000000001
0.656
0.664
0.724
0.6312
0.46159999999999995
0.35
0.38599999999999995
0.4384
0.42400000000000004
3.8652
2.1949999999999994
