0.051
0.051
0.051
0.051
0.051
0.051
0.051
0.051
0.051
0.051
0.051
0.051
0.051
0.051
0.051
0.051
0.051
0.041
0.041
0.041
0.041
0.041
0.041
0.041
0.041
0.041
0.041
0.041
0.041
0.041
0.051
0.051
0.051
0.051
0.051
0.051
0.051
0.051
0.051
0.051
0.051
0.051
0.051
0.051
0.051
0.051
0.051
0.051
0.051
0.051
0.051
0.232
0.232
0.232
0.232
0.232
0.232
0.232
0.232
0.232
0.232
0.232
0.232
0.232
0.232
0.232
0.232
0.232
0.232
0.232
0.232
0.232
0.232
0.051
0.051
0.051
0.051
0.051
0.051
0.051
0.051
0.051
0.051
0.051
0.051
0.051
0.051
0.051
0.051
0.051
0.051
0.051
0.051
0.051
0.051
0.051
0.051
0.051
0.051
0.051
0.051
0.051
0.051
0.051
0.051
0.051
0.051
0.051
0.051
0.051
0.051
0.051
0.051
0.051
0.051
0.051
0.051
0.051
0.051
0.051
0.051
0.051
0.051
0.051
0.051
0.051
0.051
0.051
0.051
0.051
0.051
0.051
0.051
0.051
0.051
0.051
0.051
0.051
0.051
0.232
0.232
0.232
0.232
0.232
0.232
0.232
0.232
0.232
0.232
0.232
0.232
0.232
0.232
0.232
0.232
0.232
0.232
0.232
0.232
0.232
0.232
0.051
0.051
0.051
0.051
0.051
0.051
0.051
0.051
0.051
0.051
0.051
0.051
0.051
0.051
0.051
0.051
0.051
0.051
0.051
0.051
0.051
0.051
0.051
0.051
0.051
0.051
0.051
0.051
0.051
0.051
0.051
0.051
0.051
0.051
0.051
0.051
0.051
0.051
0.051
0.051
0.051
0.051
0.051
0.051
0.051
0.051
0.051
0.051
0.051
0.051
0.051
0.051
0.051
0.051
0.051
0.051
0.051
0.051
0.051
0.051
0.051
0.051
0.051
0.051
0.051
0.051
0.232
0.232
0.232
0.232
0.232
0.232
0.232
0.232
0.232
0.232
0.232
0.232
0.232
0.232
0.232
0.232
0.232
0.232
0.232
0.232
0.232
0.232
0.051
0.051
0.051
0.051
0.051
0.051
0.051
0.051
0.051
0.051
0.051
0.051
0.051
0.051
0.051
0.051
0.051
0.051
0.051
0.051
0.051
0.051
0.051
0.051
0.051
0.051
0.051
0.051
0.051
0.051
0.051
0.051
0.051
0.051
0.051
0.051
0.051
0.051
0.051
0.051
0.051
0.051
0.051
0.051
0.051
0.051
0.051
0.051
0.051
0.051
0.051
0.051
0.051
0.232
0.232
0.232
0.232
0.232
0.232
0.232
0.232
0.232
0.232
0.232
0.232
0.232
0.232
0.232
0.232
0.232
0.232
0.232
0.232
0.232
0.232
0.051
0.051
0.051
0.051
0.051
0.051
0.051
0.051
0.051
0.051
0.051
0.051
0.051
0.051
0.051
0.051
0.051
0.051
0.051
0.051
0.051
0.051
0.051
0.051
0.051
0.051
0.051
0.051
0.051
0.051
0.051
0.051
0.051
0.051
0.051
0.051
0.051
0.051
0.051
0.051
0.051
0.051
0.051
0.051
0.051
0.051
0.051
0.051
0.232
0.232
0.232
0.232
0.232
0.232
0.232
0.232
0.232
0.232
0.232
0.232
0.232
0.232
0.232
0.232
0.232
0.232
0.232
0.232
0.232
0.232
0.051
0.051
0.051
0.051
0.051
0.051
0.051
0.051
0.051
0.051
0.051
0.051
0.051
0.051
0.051
0.051
0.051
0.051
0.051
0.051
0.051
0.051
0.051
0.051
0.051
0.051
0.049
0.069
0.069
0.069
0.069
0.069
0.069
0.069
0.069
0.069
0.078
0.078
0.078
0.078
0.078
0.078
0.078
0.078
9.246
9.196
9.196
0.078
0.078
0.078
0.078
0.078
0.078
0.078
0.202
0.202
0.202
0.202
0.202
0.266
0.266
0.266
0.266
0.266
0.266
0.266
0.266
0.266
0.266
0.266
0.266
0.276
0.276
0.276
0.276
0.276
0.276
0.276
0.276
0.431
0.431
0.331
0.381
0.381
0.371
0.371
0.371
0.371
0.371
0.454
0.454
0.454
0.434
0.434
0.494
0.494
0.411
0.411
0.401
0.401
0.401
0.401
2.625
2.625
2.625
0.401
0.501
0.401
0.401
0.401
0.401
0.401
0.461
0.401
0.41
0.41
0.36
0.36
0.36
0.213
0.263
0.413
0.413
0.363
0.363
0.363
0.363
0.363
0.363
0.363
0.363
0.423
0.423
0.363
0.363
0.363
0.363
0.377
0.377
0.377
0.377
0.377
0.377
0.377
0.377
0.377
0.377
0.377
0.477
0.477
0.517
0.6
0.417
0.417
0.417
0.417
0.417
0.417
0.417
0.377
0.377
0.377
0.377
0.377
0.377
0.377
0.377
0.377
0.377
0.377
0.377
0.377
0.377
0.377
0.377
0.377
0.377
0.51
0.51
0.51
0.51
0.51
0.51
0.51
0.51
0.51
0.51
0.51
0.51
0.627
0.627
0.627
0.627
0.627
0.627
0.627
0.627
0.613
0.613
0.794
0.794
0.794
0.794
0.754
0.754
0.754
0.654
0.654
0.654
0.654
0.654
0.654
0.654
0.654
0.654
0.654
0.654
0.654
2.461
2.461
2.461
2.28
2.28
2.28
2.28
2.28
2.147
2.147
2.147
2.03
2.163
2.163
2.163
2.163
2.163
2.163
2.163
2.163
0.356
0.473
0.473
0.473
0.473
0.473
0.505
0.505
0.505
0.505
0.505
0.505
0.505
0.505
0.505
0.505
0.505
0.505
0.505
0.505
0.505
0.505
0.505
0.505
0.505
0.505
0.505
0.505
0.505
0.505
0.505
0.505
0.372
0.372
0.372
0.372
0.372
0.372
0.372
0.372
0.372
0.372
0.372
0.372
2.596
2.596
2.536
0.312
0.312
0.312
0.312
0.312
0.312
0.312
0.257
0.257
0.257
0.438
0.438
0.438
0.438
0.438
0.438
0.438
0.438
0.438
0.321
0.321
0.321
0.321
0.321
0.321
0.321
0.321
0.321
0.321
0.321
0.321
0.321
0.108
0.108
0.108
0.108
0.108
0.108
0.108
0.108
0.108
0.108
0.108
1.143
1.143
1.143
0.108
0.108
0.108
0.108
0.108
0.108
0.058
0.058
0.058
0.058
0.058
0.049
0.049
0.049
0.049
0.049
0.049
0.049
0.049
0.049
0.049
0.049
0.049
0.049
0.049
0.049
0.049
0.049
0.049
0.049
0.049
0.049
0.049
0.049
0.049
0.049
0.049
0.049
0.049
0.049
0.049
0.049
0.049
0.049
0.049
0.049
0.27
0.27
0.27
0.27
0.27
0.27
0.27
0.27
0.27
0.27
0.27
0.27
0.27
0.27
0.27
0.27
0.27
0.27
0.23
0.23
0.23
0.23
0.049
0.049
0.049
0.049
0.049
2.273
2.273
2.273
0.049
0.049
0.049
0.049
0.049
0.049
0.049
0.049
0.049
0.049
0.049
0.049
0.049
0.049
0.049
0.049
0.166
0.166
0.198
0.198
0.198
0.198
0.198
0.198
0.198
0.198
0.198
0.198
0.198
0.198
0.081
0.121
0.121
0.121
0.121
0.121
0.121
0.121
0.121
0.311
0.391
0.441
0.432
0.472
0.472
0.412
0.412
0.412
0.412
0.412
0.412
0.412
0.412
0.412
0.412
0.412
0.412
0.412
0.412
0.412
0.412
0.231
0.231
0.231
0.121
0.121
0.121
2.345
2.345
2.345
0.121
0.121
0.121
0.121
0.121
0.121
0.121
0.121
0.121
0.121
0.121
0.121
0.135
0.135
0.135
0.135
0.135
0.135
0.144
0.144
0.144
0.112
0.112
0.112
0.112
0.112
0.112
0.112
0.112
0.162
0.262
0.212
0.212
0.212
0.112
0.112
0.103
0.103
0.103
0.051
0.051
0.051
0.051
0.232
0.232
0.232
0.232
0.232
0.232
0.232
0.232
0.232
0.232
0.232
0.232
0.232
0.232
0.232
0.232
0.232
0.232
0.232
0.232
0.232
0.232
0.051
0.051
0.051
0.051
0.051
0.051
0.051
0.051
0.051
0.051
0.051
0.051
0.051
0.051
0.051
0.051
0.051
0.051
0.051
0.051
0.051
0.051
0.051
0.051
0.063
0.063
0.113
0.113
0.113
0.113
0.173
0.113
0.113
0.063
0.063
0.063
0.063
0.196
0.196
0.196
0.196
0.196
0.196
0.196
0.113
0.113
0.113
0.113
0.163
0.163
0.113
0.113
0.113
0.113
0.113
0.063
0.072
0.058
0.108
0.122
0.122
0.122
0.113
0.113
0.246
0.246
0.318
0.499
0.539
0.539
0.539
0.539
0.499
0.499
2.482
2.532
2.532
2.532
2.532
2.532
2.572
2.572
2.572
2.572
2.572
2.572
2.789
2.689
2.699
2.618
2.618
2.678
2.678
2.678
2.618
0.635
0.635
0.635
0.675
0.675
0.615
0.615
0.615
0.615
0.615
0.615
0.615
0.615
0.615
0.615
0.615
0.615
0.575
0.575
0.575
0.575
0.575
0.442
0.442
0.428
0.428
0.428
0.428
0.583
0.583
0.666
0.683
0.733
0.733
0.733
0.733
0.733
0.693
0.693
0.576
0.616
0.616
0.616
0.616
0.616
0.616
0.616
0.616
0.616
0.616
0.616
0.616
0.716
0.616
0.516
0.516
0.516
0.516
0.516
0.516
0.516
0.516
0.516
0.693
0.693
2.74
2.74
2.74
0.516
0.516
0.516
0.516
0.516
0.516
0.516
0.516
0.693
0.693
0.516
0.516
0.516
0.516
0.576
0.576
0.636
0.636
0.576
0.576
0.576
0.753
0.753
0.576
0.576
0.576
0.596
0.596
0.596
0.576
0.576
0.576
0.596
0.596
0.773
0.773
1.091
1.091
1.272
1.332
1.332
3.264
3.296
3.296
3.429
3.429
3.429
3.429
3.429
3.429
3.429
3.429
3.429
3.429
3.429
3.429
3.429
3.429
3.369
3.369
3.188
3.188
3.188
3.188
3.305
3.405
3.305
3.255
3.255
3.269
3.269
3.329
3.329
3.329
3.329
3.329
3.289
3.229
3.329
3.329
3.229
3.229
3.229
3.229
3.229
3.229
3.229
3.312
3.312
3.312
3.312
3.312
3.312
3.312
3.321
3.266
3.266
3.266
3.266
3.266
3.257
0.758
0.758
0.758
0.758
0.725
0.725
0.725
0.725
0.725
0.725
0.725
0.725
0.808
0.808
0.776
0.876
0.788
0.788
0.776
0.776
0.776
0.836
0.876
0.836
0.836
1.017
0.914
0.814
0.8
0.633
0.633
0.633
0.633
0.633
0.633
0.642
0.782
0.773
0.773
0.773
0.773
0.773
0.773
0.823
0.823
0.823
0.823
0.751
0.701
0.701
0.751
0.751
0.651
0.651
0.651
0.663
0.663
0.863
0.851
0.851
0.851
0.851
0.791
0.791
0.791
0.708
0.708
0.691
0.691
0.691
0.808
0.808
0.808
0.848
0.848
0.788
0.788
0.788
0.788
0.828
0.828
0.928
0.828
0.778
0.778
0.778
0.778
0.911
0.911
0.911
0.911
0.911
0.911
1.011
1.192
1.192
1.192
1.192
1.192
1.192
1.224
1.224
1.224
1.244
1.244
1.244
1.244
1.127
1.127
1.127
1.127
1.244
1.244
1.244
1.244
1.244
1.063
0.963
0.923
0.923
0.923
0.963
0.863
0.863
0.863
0.863
0.863
0.863
0.823
0.823
0.803
0.803
0.803
0.803
0.803
0.803
0.803
0.803
0.753
0.853
0.853
0.853
0.853
0.853
0.853
0.853
0.853
0.844
0.844
0.844
0.904
0.979
0.979
0.979
0.979
0.979
1.029
1.029
0.921
0.921
0.901
0.901
0.901
0.851
0.776
0.767
0.767
0.767
0.634
0.634
0.709
0.709
0.718
0.686
0.746
0.646
0.746
0.746
0.686
0.666
0.698
0.698
0.689
0.689
0.649
0.649
0.649
0.574
0.574
0.574
0.474
0.483
0.463
0.463
0.454
0.454
0.494
0.508
0.508
0.508
0.508
0.508
0.508
0.508
0.508
0.508
0.528
0.528
0.528
0.528
0.578
0.578
0.578
0.578
0.578
0.578
0.518
0.478
0.478
0.478
0.478
0.478
0.659
0.659
0.659
0.659
0.659
0.779
0.779
0.779
0.779
0.719
0.719
0.719
0.779
0.779
0.839
0.839
0.779
0.779
