0.060000000000000026
0.06933333333333337
0.09160000000000003
0.2320000000000001
0.10240000000000005
0.09746666666666669
0.16613333333333333
0.16720000000000004
0.1888
0.07000000000000003
0.07000000000000003
0.07000000000000003
0.1348
0.2761333333333333
0.13866666666666666
0.07000000000000003
0.07000000000000003
0.13866666666666666
0.12493333333333337
0.22120000000000006
0.13480000000000006
0.07000000000000003
0.07000000000000003
0.07000000000000003
0.21620000000000003
0.2526000000000001
0.08080000000000004
0.4538666666666666
0.15239999999999998
0.15640000000000004
0.19960000000000003
0.07000000000000003
0.10999999999999996
0.126
2.379933333333333
0.2618666666666666
0.07000000000000003
0.07000000000000003
0.1916666666666667
0.2663333333333335
0.09160000000000006
0.07000000000000003
0.07000000000000003
0.07000000000000003
0.07000000000000003
0.07000000000000003
0.07000000000000003
0.07000000000000003
0.25253333333333333
0.2270666666666667
0.07666666666666667
0.11146666666666666
0.16413333333333333
0.06933333333333337
0.07000000000000003
0.07000000000000003
0.07000000000000003
0.12493333333333335
0.13866666666666666
0.07000000000000003
0.15640000000000004
0.25453333333333333
0.13866666666666666
0.07000000000000003
0.09160000000000003
0.2320000000000001
0.10240000000000005
0.07000000000000003
0.09746666666666669
0.16613333333333333
0.11320000000000001
0.2320000000000001
0.12226666666666669
0.2353333333333333
0.2972
0.5921333333333333
0.5554666666666667
0.526
0.5710666666666666
0.7427333333333335
0.9248666666666665
0.77
0.5757333333333335
0.7444666666666667
0.5519333333333335
0.6070666666666665
0.43839999999999996
0.5197999999999999
0.13180000000000003
0.07000000000000003
0.08080000000000002
0.2938
0.17499999999999993
0.07000000000000003
0.07000000000000003
0.2392666666666667
