0.061666666666666675
0.05500000000000002
0.05833333333333332
0.06499999999999997
0.06499999999999997
0.06499999999999997
0.06499999999999997
0.09299999999999997
0.27499999999999997
0.13499999999999995
0.06499999999999997
0.06499999999999997
0.06499999999999997
0.06499999999999997
0.06499999999999997
0.26099999999999995
0.17699999999999996
0.06499999999999997
0.06499999999999997
0.06499999999999997
0.06499999999999997
0.06499999999999997
0.06499999999999997
0.24699999999999994
0.20260000000000003
0.14673333333333333
0.2734666666666667
0.29680000000000006
0.4650000000000001
0.41746666666666665
0.37400000000000005
0.44279999999999997
0.8017333333333334
0.529
2.5777333333333337
1.0661333333333327
0.7358666666666668
0.4257333333333333
1.0645999999999998
1.0981999999999998
0.555
0.5475333333333334
0.5168000000000001
0.6420000000000001
0.5756000000000002
0.16466666666666663
0.06499999999999997
0.06499999999999997
0.11659999999999998
0.2173333333333333
0.26099999999999995
0.17699999999999996
0.06499999999999997
0.06499999999999997
0.06499999999999997
0.07899999999999997
0.27499999999999997
0.14899999999999997
0.06499999999999997
0.06499999999999997
0.149
0.3743333333333334
0.5370666666666666
0.5152666666666667
0.49900000000000005
0.8440000000000001
0.9702666666666666
0.6876
0.5730666666666665
0.5594000000000001
1.1372666666666666
2.081
1.4078666666666664
0.5841333333333333
0.5428000000000001
1.4036
1.7522666666666666
0.4640000000000001
0.42
0.427
1.1575333333333333
0.3288666666666668
0.8303333333333331
0.4558
0.3717333333333333
0.6198666666666666
2.1426000000000003
1.3031333333333335
0.06499999999999997
0.06499999999999997
0.06499999999999997
0.06499999999999997
0.06499999999999997
0.06499999999999997
0.06499999999999997
0.06499999999999997
