0.07033333333333332
0.06299999999999997
0.06566666666666664
0.07299999999999998
0.18433333333333338
0.26006666666666667
0.34400000000000003
0.09759999999999996
0.07299999999999998
0.12333333333333334
0.4914000000000001
0.19826666666666665
0.07299999999999998
0.13180000000000003
0.1318
0.27579999999999993
0.3350666666666668
0.08453333333333331
0.13180000000000003
0.2320000000000001
0.2300666666666667
0.246
0.1387333333333333
0.17099999999999996
0.10639999999999998
0.2400000000000001
0.09526666666666662
0.19406666666666664
0.2656
0.18633333333333332
0.2400000000000001
0.07299999999999998
0.24140000000000003
0.2913333333333333
0.23560000000000006
0.20393333333333324
0.07299999999999998
0.16206666666666666
0.35653333333333337
0.17679999999999998
0.07299999999999998
0.15093333333333334
0.2177333333333334
0.18833333333333332
0.21139999999999998
0.07299999999999998
0.22886666666666672
0.3778666666666666
0.6471999999999999
0.1171333333333333
0.5199333333333331
0.14286666666666673
0.20986666666666662
0.29173333333333323
0.338
0.43173333333333336
0.4046000000000001
0.07299999999999998
0.2867333333333333
0.2974
0.22886666666666675
0.07299999999999998
0.07299999999999998
0.1548
0.48140000000000005
0.17679999999999998
0.07299999999999998
0.07299999999999998
0.16206666666666666
0.3215333333333334
0.3178666666666667
0.08453333333333331
0.07299999999999998
0.07299999999999998
0.1867333333333333
0.46526666666666666
0.25399999999999995
0.7727333333333335
0.6251333333333332
0.49880000000000013
0.624
1.1118666666666668
0.5925333333333332
0.6672666666666667
0.6055333333333331
0.5824666666666668
0.6431999999999999
0.7677333333333334
0.45239999999999997
0.36873333333333325
0.28366666666666673
0.31966666666666665
0.4900000000000001
0.5502000000000001
0.23253333333333331
0.07299999999999998
