0.07
0.07
0.07
0.07
0.07
0.07
0.07
0.07
0.07
0.06
0.06
0.06
0.06
0.06
0.06
0.06
0.06
0.257
0.257
0.257
0.257
0.257
0.257
0.257
0.257
0.257
0.257
0.257
0.257
0.257
0.257
0.257
0.257
0.257
0.257
0.257
0.257
0.257
0.257
0.07
0.07
0.07
0.07
0.07
0.07
0.07
0.07
0.07
0.07
0.07
0.068
0.068
0.128
0.128
0.068
0.068
0.068
0.068
0.068
0.068
0.068
0.068
0.068
0.068
0.068
0.068
0.128
0.128
0.128
0.128
0.128
0.068
0.068
0.068
0.068
0.068
0.068
0.068
0.068
0.068
0.068
0.068
0.068
1.907
1.907
1.907
0.265
0.265
0.265
0.265
0.265
0.265
0.265
0.265
0.265
0.265
0.325
0.325
0.325
0.325
0.267
0.267
0.267
0.267
0.267
0.267
0.267
0.267
0.07
0.07
0.07
0.07
0.07
0.07
0.07
0.07
0.07
0.07
0.07
0.07
0.07
0.07
0.07
0.07
0.07
0.07
0.07
0.07
0.07
0.07
0.07
0.07
0.07
0.07
0.07
0.07
0.07
0.07
0.07
0.07
0.07
0.07
0.07
0.07
0.07
0.07
0.07
0.07
0.07
0.07
0.07
0.07
0.267
0.267
0.267
0.267
0.267
0.267
0.267
0.267
0.267
0.267
0.267
0.267
0.267
0.267
0.267
0.267
0.267
0.267
0.267
0.267
0.267
0.267
0.07
0.07
0.07
0.07
0.07
0.07
0.07
0.07
0.07
0.07
0.07
0.07
0.07
0.07
0.07
0.07
0.07
0.07
0.07
0.07
0.07
0.07
0.07
0.07
0.07
0.07
0.07
0.07
0.07
0.07
0.07
0.07
0.07
0.07
0.07
0.07
0.07
0.07
0.07
0.07
0.07
0.07
0.07
0.07
0.07
0.07
0.07
0.07
0.07
0.07
0.07
0.07
0.07
0.07
0.07
0.07
0.07
0.07
0.07
0.07
0.07
0.07
0.07
0.07
0.07
0.07
0.07
0.07
0.07
0.07
0.07
0.07
0.07
0.07
0.07
0.267
0.267
0.267
0.267
0.267
0.267
0.267
0.267
0.267
0.267
0.267
0.267
0.267
0.267
0.267
0.267
0.267
0.267
0.267
0.267
0.267
0.267
0.07
0.07
0.07
0.07
0.07
0.07
0.07
0.07
0.07
0.07
0.07
0.07
0.07
0.07
0.07
0.07
0.07
0.07
0.07
0.07
0.07
0.07
0.07
0.07
0.07
0.07
0.07
0.07
0.07
0.07
0.07
0.07
0.07
0.07
0.07
0.07
0.07
0.07
0.07
0.07
0.07
0.07
0.07
0.07
0.07
0.07
0.07
0.07
0.07
0.07
0.07
0.07
0.07
0.07
0.07
0.07
0.267
0.267
0.267
0.267
0.267
0.267
0.267
0.267
0.267
0.267
0.267
0.267
0.267
0.267
0.267
0.267
0.267
0.267
0.267
0.267
0.267
0.267
0.07
0.07
0.07
0.07
0.07
0.07
0.07
0.07
0.07
0.07
0.07
0.07
0.07
0.07
0.07
0.07
0.07
0.07
0.07
0.07
0.07
0.07
0.07
0.07
0.07
0.07
0.07
0.07
0.07
0.07
0.07
0.07
0.07
0.07
0.07
0.07
0.07
0.07
0.07
0.07
0.07
0.07
0.07
0.07
0.267
0.267
0.267
0.267
0.267
0.267
0.267
0.267
0.267
0.267
0.267
0.267
0.267
0.267
0.267
0.267
0.267
0.267
0.267
0.267
0.267
0.267
0.07
0.07
0.07
0.07
0.07
0.07
0.07
0.07
0.07
0.07
0.07
0.07
0.07
0.07
0.07
0.07
0.07
0.07
0.07
0.07
0.07
0.07
0.07
0.07
0.07
0.07
0.07
0.07
0.07
0.07
0.07
0.07
0.07
0.07
0.07
0.07
0.07
0.07
0.07
0.07
0.07
0.07
0.07
0.07
0.07
0.07
0.07
0.07
0.07
0.07
0.07
0.07
0.07
0.07
0.07
0.07
0.07
0.07
0.07
0.07
0.07
0.07
0.07
0.07
0.07
0.07
0.07
0.07
0.07
0.07
0.07
0.07
0.07
0.07
0.07
0.07
0.07
0.07
0.07
0.07
0.07
0.07
0.07
0.07
0.07
0.07
0.07
0.07
0.07
0.07
0.07
0.267
0.267
0.267
0.267
0.267
0.267
0.267
0.267
0.267
0.267
0.267
0.267
0.267
0.267
0.267
0.267
0.267
0.267
0.267
0.267
0.267
0.267
0.07
0.07
0.07
0.07
0.07
0.07
0.07
0.07
0.07
0.07
0.07
0.07
0.07
0.07
0.07
0.07
0.07
0.07
0.07
0.07
0.07
0.07
0.068
0.068
0.068
0.068
0.068
0.068
0.068
0.068
0.068
0.068
0.068
0.068
0.068
0.068
0.068
0.068
0.068
0.214
0.214
0.214
0.214
0.214
0.214
0.214
0.214
0.214
0.411
0.411
0.471
0.471
0.471
0.471
0.471
0.471
0.471
0.471
0.471
0.471
0.471
0.471
0.471
0.471
0.471
0.471
0.471
0.471
0.471
0.471
0.274
0.274
0.274
0.274
0.274
0.274
0.375
0.375
2.214
2.214
2.214
0.375
0.375
0.375
0.375
0.375
0.395
0.395
0.395
0.395
0.395
0.395
0.395
0.395
0.395
0.395
0.395
0.395
0.395
0.395
0.395
0.395
0.395
0.395
0.395
0.395
0.395
2.234
2.234
2.234
0.395
0.395
0.395
0.395
0.395
0.395
0.395
0.395
0.395
0.455
0.455
0.455
0.455
0.455
0.455
0.455
0.455
0.455
0.455
0.455
0.455
0.455
0.455
2.294
2.294
2.294
0.455
0.455
0.395
0.395
0.395
0.592
0.592
0.592
0.592
0.592
0.592
0.592
0.592
0.592
0.592
0.592
0.592
0.592
0.592
9.523
9.523
9.523
0.604
0.644
0.644
0.604
0.604
0.407
0.407
0.407
0.407
0.407
0.407
0.407
0.407
0.407
0.407
0.407
0.407
0.407
0.407
0.407
0.407
0.407
0.407
0.407
0.407
0.407
0.407
0.407
0.407
0.407
0.467
0.602
0.602
0.602
0.602
0.501
0.501
0.501
0.366
0.366
0.406
0.406
0.406
0.406
0.406
0.406
0.366
0.366
0.366
0.366
0.366
0.306
0.306
0.306
0.306
0.306
0.306
0.306
0.306
0.306
0.294
0.491
0.491
0.491
0.491
0.491
0.491
0.491
0.491
0.491
9.402
9.402
9.402
0.471
0.471
0.471
0.471
0.471
0.471
0.471
0.471
0.471
0.471
0.274
0.274
0.274
0.274
0.274
0.274
0.274
0.274
0.274
0.274
0.274
0.274
0.274
0.274
0.274
0.274
0.274
0.274
0.274
0.274
0.274
0.274
0.274
0.274
0.274
0.274
0.274
0.274
0.274
0.274
0.274
0.274
0.274
0.274
0.274
0.274
0.274
0.274
0.274
0.274
0.274
0.274
0.274
0.274
0.274
0.274
0.274
0.274
0.286
2.125
2.125
2.125
0.286
0.286
0.286
0.286
0.286
0.286
2.125
2.125
2.125
0.286
0.387
0.387
0.387
0.387
0.387
0.387
0.387
0.387
0.387
0.387
0.387
0.387
0.387
0.387
0.387
0.387
0.387
0.387
0.387
0.387
0.584
0.584
0.584
0.584
0.584
0.624
0.624
0.624
0.624
0.624
0.624
0.584
0.584
0.584
0.584
0.584
0.438
0.438
0.478
0.267
0.267
0.267
0.07
0.07
0.07
0.07
0.07
0.07
0.07
0.07
0.07
0.07
0.07
0.07
0.07
0.07
0.07
0.07
0.07
0.07
0.07
0.07
0.07
0.07
0.07
0.07
0.07
0.07
0.07
0.07
0.07
0.07
0.07
0.07
0.07
0.07
0.07
0.07
0.07
0.07
0.07
0.07
0.07
0.07
0.07
0.07
0.07
0.07
0.07
0.07
0.07
0.07
0.07
0.07
0.07
0.07
0.07
0.07
0.07
0.07
0.07
0.07
0.07
0.07
0.07
0.07
0.07
0.07
0.07
0.07
0.07
0.07
0.07
0.07
0.07
0.267
0.267
0.267
0.267
0.267
0.267
0.267
0.267
0.267
0.267
0.267
0.267
0.267
0.267
0.267
0.267
0.267
0.267
0.267
0.267
0.267
0.267
0.07
0.07
0.07
0.07
0.07
0.07
0.07
0.07
0.07
0.07
0.07
0.07
0.07
0.07
0.07
0.07
0.07
0.07
0.07
0.07
0.07
0.07
0.07
0.07
0.07
0.07
0.07
0.07
0.07
0.07
0.07
0.07
0.07
0.07
0.07
0.07
0.07
0.07
0.07
0.07
0.07
0.07
0.07
0.07
0.07
0.267
0.267
0.267
0.267
0.267
0.267
0.267
0.267
0.267
0.267
0.267
0.267
0.267
0.267
0.267
0.267
0.267
0.378
0.378
2.217
2.217
2.217
0.181
0.181
0.169
0.169
0.169
0.169
0.169
0.169
0.169
0.169
0.257
0.257
0.257
0.257
0.257
0.257
0.257
0.257
0.257
0.317
0.329
0.389
0.389
0.389
0.389
0.389
0.389
0.389
0.389
0.329
0.389
0.389
0.389
0.389
0.389
0.389
0.389
0.389
0.329
0.329
0.329
0.329
0.329
0.329
0.329
0.329
0.329
0.329
0.329
0.329
0.329
0.329
0.329
0.389
0.389
0.389
0.389
0.389
0.389
0.329
0.329
0.329
0.369
0.268
0.268
0.268
0.268
0.268
0.268
0.268
0.18
0.18
0.18
0.18
0.18
0.18
0.18
0.18
0.18
0.18
0.168
0.168
0.168
0.168
0.168
0.168
0.168
0.228
0.228
0.168
0.365
0.365
0.365
0.365
0.365
0.365
0.365
0.365
0.365
0.365
0.365
0.365
0.365
0.325
0.365
0.365
0.365
0.365
0.372
0.372
0.372
0.372
0.235
0.336
0.336
0.336
0.336
0.336
0.336
0.296
0.491
0.551
0.551
0.491
0.491
0.491
0.491
0.431
0.431
0.431
0.431
0.371
0.371
0.371
0.236
0.236
0.296
0.236
0.236
0.236
0.236
0.236
0.236
0.236
0.236
0.07
0.07
0.07
0.07
0.07
0.07
0.07
0.07
0.07
0.07
0.07
0.07
0.07
0.07
0.07
0.07
0.07
0.07
0.07
0.07
0.07
0.07
0.07
0.07
0.07
0.07
0.07
0.07
0.07
0.07
0.267
0.267
0.267
0.267
0.267
0.267
0.267
0.267
0.267
0.267
0.267
0.267
0.267
0.267
0.267
0.267
0.267
0.267
0.267
0.267
0.267
0.267
0.07
0.07
0.07
0.07
0.07
0.07
0.07
0.07
0.07
0.07
0.07
0.07
0.07
0.07
0.07
0.07
0.07
0.07
0.176
0.176
0.216
0.216
0.216
0.115
0.115
1.083
1.043
1.043
0.21
0.21
0.311
0.311
0.311
0.311
0.311
0.311
0.383
0.383
0.383
0.383
0.383
0.383
0.383
0.383
2.366
2.366
2.366
2.366
2.378
2.378
2.635
2.635
2.575
2.575
2.568
2.568
2.568
2.568
2.433
2.44
2.44
2.44
2.48
2.48
2.48
0.497
0.557
0.557
0.557
0.557
0.557
0.557
0.42
0.42
0.36
0.36
0.36
0.36
0.36
0.42
0.44
0.44
0.44
0.44
0.5
0.5
0.5
0.44
0.142
0.142
0.142
0.142
0.142
0.142
0.142
0.142
0.142
0.142
0.142
0.142
0.142
0.142
0.142
0.142
0.142
0.142
0.142
0.142
0.142
0.142
0.142
0.142
0.142
0.142
0.142
0.142
0.142
0.142
0.142
0.142
0.142
0.142
0.142
0.142
0.142
0.142
0.142
0.142
0.537
0.537
0.4
0.4
0.597
0.597
0.597
0.597
0.597
0.597
0.657
0.657
0.707
0.884
0.884
0.707
0.707
0.707
0.647
0.647
0.635
0.635
0.635
0.605
0.585
0.605
0.585
0.585
0.408
0.468
0.142
0.142
0.142
0.142
0.142
0.142
0.142
0.142
0.142
0.319
0.319
0.637
0.637
0.637
0.637
0.637
0.07
0.07
0.07
0.07
0.07
0.07
0.07
0.07
0.07
0.07
0.07
0.07
0.07
0.07
0.07
0.07
0.07
0.07
0.07
0.07
0.07
0.07
0.07
0.07
0.07
0.07
0.07
0.267
0.267
0.267
0.267
0.267
0.267
0.267
