0.073
0.073
0.073
0.073
0.073
0.073
0.073
0.073
0.073
0.073
0.073
0.073
0.073
0.073
0.073
0.063
0.063
0.063
0.063
0.063
0.063
0.063
0.063
0.063
0.063
0.063
0.063
0.063
0.063
0.063
0.063
0.063
0.063
0.063
0.063
0.063
0.063
0.063
0.063
0.063
0.063
0.063
0.063
0.063
0.063
0.073
0.073
0.073
0.073
0.073
0.073
0.073
0.073
0.073
0.073
0.073
0.073
0.073
0.073
0.073
0.073
0.073
0.073
0.073
0.073
0.073
0.073
0.073
0.073
0.073
0.073
0.073
0.073
0.073
0.073
0.073
0.073
0.073
0.073
0.073
0.073
0.073
0.073
0.073
0.073
0.073
0.073
0.073
0.073
0.073
0.073
0.073
0.073
0.073
0.073
0.073
0.073
0.073
0.073
0.073
0.073
0.073
0.073
0.073
0.073
0.073
0.073
0.073
0.073
0.073
0.073
0.073
0.073
0.073
0.18
0.18
0.18
0.18
0.18
0.18
0.18
0.18
0.18
0.18
0.18
0.18
0.18
0.18
0.18
0.18
0.18
0.18
0.073
0.073
0.073
0.073
0.073
0.073
0.073
0.073
0.073
0.073
0.073
0.073
0.073
0.073
0.073
0.073
0.073
0.073
0.073
0.073
0.073
0.073
0.073
0.073
0.073
0.073
0.073
0.073
0.073
0.073
0.073
0.073
0.073
0.073
0.073
0.073
0.073
0.073
0.073
0.073
0.073
0.073
0.073
0.073
0.073
0.073
0.073
0.073
0.073
0.073
0.073
0.073
0.073
0.073
0.073
0.073
0.073
0.073
0.073
0.073
0.073
0.073
0.073
0.073
0.073
0.073
0.073
0.073
0.073
0.073
0.073
0.073
0.073
0.073
0.073
0.073
0.073
0.073
0.073
0.073
0.073
0.073
0.073
0.073
0.073
0.073
0.073
0.073
0.073
0.073
0.073
0.073
0.18
0.18
0.18
0.18
0.18
0.18
0.18
0.18
0.18
0.18
0.18
0.18
0.18
0.18
0.18
0.18
0.18
0.18
0.073
0.073
0.073
0.073
0.073
0.073
0.073
0.073
0.073
0.073
0.073
0.073
0.073
0.073
0.073
0.073
0.073
0.073
0.073
0.073
0.073
0.073
0.073
0.073
0.073
0.073
0.073
0.073
0.073
0.073
0.073
0.073
0.073
0.073
0.073
0.073
0.073
0.073
0.073
0.073
0.073
0.073
0.073
0.073
0.073
0.073
0.18
0.18
0.18
0.18
0.18
0.18
0.18
0.18
0.18
0.18
0.18
0.18
0.18
0.18
0.18
0.18
0.18
0.18
0.073
0.073
0.073
0.073
0.073
0.073
0.073
0.073
0.073
0.073
0.073
0.073
0.073
0.073
0.073
0.073
0.073
0.073
0.073
0.073
0.073
0.073
0.073
0.073
0.073
0.073
0.073
0.073
0.073
0.073
0.073
0.073
0.073
0.073
0.071
0.171
0.071
0.071
0.071
0.161
0.161
0.171
0.171
0.171
0.184
0.184
0.184
0.184
0.184
0.291
0.291
0.291
0.291
0.291
0.351
0.351
0.351
0.391
0.391
0.351
0.351
0.351
0.351
1.258
1.258
1.258
0.351
0.284
0.284
0.184
0.543
0.603
0.603
0.603
0.244
0.244
0.264
0.264
1.151
1.151
1.151
0.361
0.361
0.361
0.373
0.413
0.413
0.413
0.353
0.353
0.353
0.353
0.313
2.308
2.343
2.403
0.448
0.388
0.388
0.448
0.448
0.448
0.413
0.473
2.415
2.415
2.415
0.495
0.667
0.807
0.807
0.767
0.767
0.767
0.767
0.767
0.767
0.767
0.767
0.767
0.767
0.767
0.767
0.767
0.767
0.802
0.695
0.695
0.695
0.73
0.73
0.67
0.61
0.71
0.81
0.81
0.81
0.71
0.61
0.61
0.61
0.67
0.67
0.67
0.67
0.61
0.67
0.67
0.67
0.67
0.67
0.67
0.67
0.67
0.67
0.67
0.67
0.67
0.67
0.67
0.67
0.67
0.67
0.67
0.77
0.77
0.83
0.83
0.83
0.943
0.943
0.943
0.913
0.913
0.953
0.953
0.953
0.913
0.813
0.813
0.853
0.853
0.853
0.853
0.853
0.853
0.853
0.753
0.753
0.753
0.753
0.853
0.853
0.853
0.853
0.853
0.853
0.853
0.793
0.833
0.833
0.833
0.833
0.813
0.813
0.813
0.753
2.708
2.708
2.828
0.908
0.908
0.908
0.908
0.873
0.873
0.873
0.873
0.873
0.973
0.973
0.973
1.013
0.953
0.913
0.913
0.913
1.02
1.02
1.02
1.06
1.06
1.02
1.032
0.18
0.18
0.18
0.18
0.18
0.18
0.18
0.18
0.18
0.18
0.18
0.073
0.073
0.073
0.073
0.073
0.073
0.073
0.073
0.073
0.073
0.073
0.073
0.073
0.073
0.073
0.073
0.073
0.073
0.073
0.073
0.073
0.073
0.073
0.073
0.073
0.073
0.073
0.073
0.073
0.073
0.073
0.073
0.073
0.073
0.073
0.073
0.073
0.073
0.073
0.073
0.073
0.073
0.073
0.073
0.073
0.073
0.073
0.073
0.073
0.073
0.073
0.073
0.073
0.073
0.18
0.18
0.18
0.18
0.18
0.18
0.18
0.18
0.18
0.18
0.18
0.18
0.18
0.18
0.18
0.18
0.18
0.18
0.073
0.073
0.073
0.073
0.073
0.073
0.073
0.073
0.073
0.073
0.073
0.073
0.073
0.073
0.073
0.073
0.073
0.073
0.073
0.073
0.073
0.073
0.073
0.073
0.073
0.073
0.073
0.073
0.073
0.073
0.073
0.073
0.073
0.073
0.073
0.073
0.073
0.073
0.18
0.18
0.18
0.18
0.18
0.18
0.18
0.18
0.18
0.18
0.18
0.18
0.18
0.18
0.18
0.18
0.18
0.18
0.073
0.073
0.073
0.073
0.073
0.073
0.073
0.073
0.073
0.073
0.073
0.073
0.073
0.073
0.073
0.073
0.073
0.073
0.073
0.073
0.073
0.073
0.073
0.073
0.073
0.073
0.073
0.073
0.073
0.073
0.073
0.073
0.073
0.073
0.073
0.073
0.073
0.073
0.073
0.073
0.073
0.073
0.073
0.073
0.073
0.073
0.073
0.073
0.073
0.073
0.073
0.073
0.073
0.073
0.073
0.073
0.073
0.073
0.073
0.073
0.073
0.073
0.073
0.073
0.073
0.073
0.073
0.073
0.073
0.073
0.073
0.073
0.18
0.18
0.18
0.18
0.18
0.18
0.18
0.18
0.18
0.18
0.18
0.18
0.18
0.18
0.18
0.18
0.18
0.18
0.073
0.073
0.073
0.073
0.073
0.073
0.073
0.073
0.073
0.073
0.073
0.073
0.073
0.073
0.073
0.073
0.073
0.073
0.073
0.073
0.073
0.073
0.073
0.073
0.073
0.073
0.073
0.073
0.073
0.073
0.073
0.073
0.073
0.073
0.073
0.073
0.073
0.073
0.073
0.073
0.073
0.073
0.073
0.073
0.073
0.073
0.073
0.073
0.073
0.073
0.073
0.323
0.323
0.323
0.323
0.323
0.323
0.323
0.323
0.323
0.323
0.323
0.188
0.188
0.188
0.188
0.188
0.188
0.188
0.188
0.188
0.188
0.188
0.188
0.188
0.188
0.188
0.188
0.188
0.188
0.188
0.188
0.188
0.188
0.188
0.188
0.188
0.188
0.188
0.188
0.188
0.188
0.188
0.188
0.188
0.188
0.188
0.188
0.188
0.188
0.188
0.188
0.188
0.188
0.188
0.188
0.188
0.188
0.188
0.188
0.188
0.188
0.188
0.188
0.188
0.188
0.248
0.408
0.348
0.348
0.348
0.073
0.073
0.073
0.073
0.073
0.073
0.073
0.073
0.073
0.073
0.073
0.073
0.073
0.073
0.073
0.073
0.073
0.073
0.073
0.073
0.073
0.073
0.073
0.073
0.073
0.073
0.073
0.073
0.073
0.073
0.073
0.073
0.073
0.073
0.073
0.073
0.073
0.073
0.073
0.073
0.073
0.073
0.073
0.073
0.073
0.073
0.073
0.073
0.073
0.073
0.073
0.073
0.073
0.073
0.073
0.073
0.073
0.073
0.073
0.073
0.073
0.073
0.073
0.18
0.18
0.18
0.18
0.18
0.18
0.18
0.18
0.18
0.18
0.18
0.18
0.18
0.18
0.18
0.18
0.18
0.18
0.073
0.073
0.073
0.073
0.073
0.073
0.073
0.073
0.073
0.073
0.073
0.073
0.073
0.073
0.073
0.073
0.073
0.073
0.073
0.188
0.188
0.2
0.2
0.2
0.188
0.188
1.84
1.84
1.84
1.875
1.935
1.935
1.935
1.927
1.927
1.915
1.915
2.022
2.022
1.987
1.987
1.987
2.107
2.047
2.047
2.047
2.047
2.007
2.007
0.18
0.18
0.18
0.18
0.18
0.18
0.073
0.073
0.073
0.073
0.073
0.073
0.073
0.073
0.073
0.073
0.073
0.073
0.073
0.073
0.073
0.073
0.073
0.073
0.073
0.073
0.073
0.073
0.073
0.073
0.073
0.073
0.073
0.073
0.073
0.073
0.073
0.073
0.073
0.073
0.073
0.073
0.073
0.073
0.073
0.073
0.073
0.073
0.073
0.073
1.8
1.835
1.835
1.835
0.248
0.318
0.318
0.318
0.318
0.318
0.425
0.425
0.425
0.425
0.425
0.425
0.425
0.425
0.485
0.425
0.425
0.425
0.425
0.425
0.425
0.425
0.355
0.355
0.248
0.288
0.308
0.308
0.342
0.342
0.322
0.322
0.322
0.322
0.322
0.322
0.382
0.382
0.422
0.422
0.422
0.457
0.457
0.305
0.345
0.385
0.41
0.41
0.41
0.41
0.41
0.41
0.47
0.47
0.57
0.67
0.67
0.67
0.63
0.53
0.59
0.603
0.603
0.603
0.693
0.71
0.77
0.77
0.77
0.77
0.77
0.77
0.77
0.83
0.83
0.87
1.737
1.737
1.737
0.83
0.73
2.282
2.182
2.075
2.175
2.215
2.415
2.415
2.415
2.425
2.425
2.895
2.507
2.542
2.542
2.437
2.437
2.437
2.437
2.437
2.437
2.403
2.403
2.278
2.278
2.278
2.278
2.278
0.586
0.586
1.086
1.086
1.086
1.086
1.086
1.026
1.026
1.026
1.126
1.16
0.5
0.487
0.712
0.712
0.712
0.712
0.712
0.712
0.712
0.712
0.712
0.782
0.782
0.794
0.831
0.831
0.831
0.871
0.871
0.831
0.831
0.831
0.606
0.606
0.666
0.666
0.666
0.666
0.666
0.666
0.666
0.566
0.459
0.459
0.499
0.499
0.499
0.499
0.459
0.459
0.459
0.459
0.449
0.484
0.444
0.444
0.484
0.484
0.484
0.444
0.514
0.514
0.514
0.514
0.624
0.624
0.624
0.624
0.524
0.464
0.464
0.464
0.464
0.464
0.464
0.464
0.484
0.484
0.484
0.484
0.484
0.484
0.45
0.45
0.43
0.43
0.395
0.395
0.395
0.395
0.395
0.435
0.435
0.465
0.465
0.465
0.465
0.59
0.59
0.63
0.63
0.747
0.881
0.781
0.781
0.881
0.941
1.048
1.068
1.068
1.008
1.008
1.008
1.008
1.008
1.008
1.008
1.008
1.008
1.048
1.048
0.988
0.988
0.988
0.988
0.881
0.881
0.881
0.881
0.781
0.781
0.781
0.841
0.841
0.941
2.856
2.856
2.846
0.891
0.891
0.901
0.831
0.831
0.831
0.771
0.771
0.771
0.831
0.831
0.831
0.831
0.831
0.891
0.891
0.791
0.791
0.731
0.731
0.731
0.731
0.671
0.731
0.851
0.831
0.831
0.831
0.796
0.896
0.896
0.771
0.711
0.711
0.771
0.559
0.559
0.525
0.525
0.505
0.525
0.525
2.48
2.46
2.46
0.505
0.505
0.605
0.665
0.665
0.665
0.565
0.665
0.665
0.665
0.665
0.79
0.79
0.79
0.69
0.63
0.63
0.63
0.63
0.69
0.69
0.63
0.63
0.618
0.618
0.618
0.652
0.652
0.652
0.652
0.582
0.582
0.542
0.542
0.542
0.542
0.642
0.642
0.642
0.542
0.542
0.542
0.742
0.742
0.602
0.602
0.602
0.602
0.542
0.649
0.524
0.524
0.524
0.524
0.524
0.524
0.524
0.524
0.524
0.524
0.524
0.524
0.706
0.718
0.718
0.778
0.778
0.671
0.611
0.611
0.611
0.651
0.651
