0.053
0.053
0.053
0.053
0.053
0.053
0.23
0.23
0.23
0.23
0.23
0.23
0.23
0.23
0.23
0.23
0.23
0.24
0.24
0.24
0.24
0.24
0.24
0.24
0.24
0.24
0.24
0.24
0.063
0.063
0.063
0.063
0.063
0.063
0.063
0.063
0.063
0.063
0.063
0.063
0.063
0.063
0.063
0.063
0.063
0.063
0.063
0.063
0.063
0.063
0.063
0.063
0.063
0.063
0.063
0.063
0.063
0.063
0.063
0.063
0.063
0.063
0.063
0.224
0.224
0.224
0.224
0.224
0.224
0.224
0.224
0.224
0.224
0.224
0.224
0.224
0.224
0.224
0.224
0.224
0.224
0.224
0.224
0.063
0.063
0.063
0.063
0.063
0.063
0.063
0.063
0.063
0.063
0.063
0.063
0.063
0.063
0.063
0.063
0.063
0.063
0.063
0.24
0.24
0.24
0.24
0.24
0.24
0.24
0.24
0.24
0.24
0.24
0.24
0.24
0.24
0.24
0.24
0.24
0.24
0.24
0.24
0.24
0.24
0.063
0.063
0.063
0.063
0.063
0.063
0.063
0.063
0.063
0.063
0.063
0.063
0.063
0.063
0.063
0.063
0.063
0.063
0.063
0.063
0.063
0.063
0.063
0.063
0.063
0.063
0.063
0.063
0.063
0.063
0.063
0.063
0.063
0.063
0.063
0.063
0.224
0.224
0.224
0.224
0.224
0.224
0.224
0.224
0.224
0.224
0.224
0.224
0.224
0.224
0.224
0.224
0.224
0.224
0.224
0.224
0.063
0.063
0.063
0.063
0.063
0.063
0.063
0.063
0.063
0.063
0.063
0.063
0.24
0.24
0.24
0.24
0.24
0.24
0.24
0.24
0.24
0.24
0.24
0.24
0.24
0.24
0.24
0.24
0.24
0.24
0.24
0.24
0.24
0.24
0.063
0.063
0.063
0.063
0.063
0.063
0.063
0.063
0.063
0.063
0.063
0.063
0.063
0.063
0.063
0.063
0.063
0.063
0.063
0.063
0.063
0.063
0.063
0.063
0.063
0.063
0.063
0.063
0.063
0.063
0.063
0.063
0.063
0.224
0.224
0.224
0.224
0.224
0.224
0.224
0.224
0.224
0.224
0.224
0.224
0.224
0.224
0.224
0.401
0.401
0.401
0.401
0.401
0.24
0.24
0.24
0.24
0.24
0.24
0.24
0.24
0.24
0.24
0.24
0.24
0.24
0.24
0.24
0.24
0.24
0.063
0.063
0.063
0.063
0.063
0.063
0.063
0.063
0.063
0.063
0.063
0.063
0.063
0.063
0.063
0.063
0.063
0.063
0.063
0.063
0.063
0.063
0.063
0.063
0.063
0.063
0.063
0.063
0.063
0.063
0.063
0.063
0.063
0.063
0.063
0.063
0.063
0.063
0.063
0.063
0.063
0.063
0.063
0.063
0.063
0.063
0.063
0.063
0.063
0.063
0.063
0.063
0.063
0.063
0.063
0.063
0.063
0.063
0.063
0.063
0.063
0.063
0.063
0.063
0.063
0.063
0.063
0.063
0.063
0.063
0.224
0.224
0.224
0.224
0.224
0.224
0.224
0.224
0.224
0.224
0.224
0.224
0.224
0.224
0.224
0.224
0.224
0.224
0.224
0.224
0.063
0.063
0.063
0.063
0.063
0.063
0.063
0.063
0.063
0.063
0.063
0.063
0.063
0.063
0.063
0.063
0.063
0.063
0.063
0.063
0.063
0.063
0.063
0.063
0.063
0.063
0.063
0.063
0.063
0.063
0.063
0.063
0.063
0.24
0.24
0.24
0.24
0.24
0.24
0.24
0.24
0.24
0.24
0.24
0.24
0.24
0.238
0.25
0.31
0.471
0.471
0.471
0.511
0.511
0.571
0.406
0.406
0.394
0.394
0.334
0.369
0.378
0.378
0.378
0.369
0.369
0.429
0.429
0.429
0.328
0.328
0.388
0.353
0.353
0.353
0.413
0.413
0.353
0.373
0.373
0.313
0.293
0.293
0.293
0.333
0.333
0.333
0.333
0.333
0.333
0.233
0.233
0.173
0.273
0.273
0.333
0.333
0.409
0.409
0.449
0.449
0.529
0.489
0.489
0.529
0.529
0.469
0.409
1.401
1.41
1.41
0.378
0.378
0.378
0.479
0.459
0.459
0.459
0.519
0.519
0.519
0.539
0.539
0.559
0.559
0.559
0.559
0.559
0.559
0.559
0.571
0.571
0.571
0.571
0.41
0.401
0.401
0.401
0.461
0.461
0.461
0.461
0.461
0.461
0.401
0.341
0.341
0.381
0.381
0.558
0.618
0.618
0.618
0.627
0.627
0.627
0.627
0.618
0.618
3.284
3.284
3.284
3.284
3.284
3.293
3.284
3.224
3.224
3.224
3.224
3.237
3
3
3.008
3.068
3.194
3.194
3.355
3.393
3.393
3.393
3.402
3.342
3.342
3.342
3.342
2.89
2.89
2.89
2.89
2.89
2.89
2.89
2.89
2.89
2.89
2.89
2.729
2.729
2.729
2.729
2.729
2.729
2.729
2.729
2.729
2.729
2.729
2.729
2.729
2.729
2.729
2.729
2.729
2.729
2.729
2.729
2.729
2.729
0.063
0.063
0.063
0.063
0.063
0.063
0.063
0.063
0.24
0.24
0.24
0.24
0.24
0.24
0.24
0.24
0.24
0.24
0.24
0.24
0.24
0.24
0.24
0.24
0.24
0.24
0.24
0.24
0.24
0.24
0.063
0.063
0.063
0.063
0.063
0.063
0.063
0.063
0.063
0.063
0.063
0.063
0.063
0.063
0.063
0.063
0.063
0.224
0.224
0.224
0.224
0.224
0.224
0.224
0.224
0.224
0.224
0.224
0.224
0.224
0.224
0.224
0.224
0.224
0.224
0.224
0.224
0.063
0.063
0.063
0.063
0.063
0.063
0.063
0.063
0.063
0.063
0.063
0.063
0.063
0.063
0.063
0.063
0.063
0.063
0.063
0.063
0.063
0.063
0.24
0.24
0.24
0.24
0.24
0.24
0.24
0.24
0.531
0.531
0.531
0.531
0.519
0.519
0.519
0.519
0.519
0.519
0.519
0.519
0.519
0.519
0.342
0.342
0.503
0.503
0.503
0.503
0.503
0.503
0.503
0.503
0.503
0.503
0.503
0.503
0.503
0.503
0.563
0.563
0.563
0.563
0.503
0.503
0.342
0.382
0.342
0.342
0.342
0.342
0.342
0.342
0.342
0.342
0.216
0.216
0.216
0.216
0.216
0.216
0.216
0.276
0.276
0.276
0.336
0.336
0.336
0.336
0.336
2.495
2.495
2.595
0.385
0.338
0.338
0.218
0.218
0.45
0.47
0.47
0.415
0.415
0.415
0.415
0.415
0.415
0.415
0.415
0.415
0.375
0.375
0.375
0.375
0.375
0.375
0.395
0.455
0.455
0.455
0.278
0.278
0.278
0.278
0.356
0.356
0.356
0.356
0.356
0.356
0.416
0.416
0.416
0.416
0.425
0.425
0.425
0.425
0.425
0.345
0.345
0.336
0.336
0.336
0.336
0.336
0.336
0.336
0.336
0.336
0.336
0.348
0.348
0.348
0.396
0.396
0.336
0.336
0.336
0.336
0.336
0.336
0.497
0.497
2.716
2.716
2.716
0.497
0.497
0.497
0.497
0.497
0.497
0.497
0.497
0.497
0.497
0.497
0.497
0.497
0.497
0.497
0.336
0.336
0.336
0.336
0.336
0.336
0.336
0.336
0.336
0.336
0.336
0.336
0.336
0.336
0.336
0.535
0.535
0.535
0.535
0.535
0.495
0.435
0.435
0.435
0.435
0.435
0.435
0.435
0.435
0.435
0.435
0.435
0.495
0.435
0.435
0.435
0.495
0.318
0.318
0.318
0.318
0.318
0.318
0.327
0.327
0.267
0.267
0.267
0.267
0.258
0.33
0.339
0.339
0.339
0.339
0.339
0.339
0.37
2.353
2.313
2.313
2.325
2.325
2.325
2.486
2.486
2.486
2.279
2.279
2.279
2.279
2.279
2.279
2.279
2.279
2.279
2.279
2.279
2.279
0.296
0.296
0.296
0.296
0.296
0.135
0.135
0.135
0.135
0.135
0.135
0.135
0.135
0.135
0.135
0.135
0.135
0.135
0.135
0.135
0.135
0.135
0.135
0.135
0.135
0.135
0.135
0.135
0.135
0.135
0.135
0.135
0.135
0.135
0.135
0.135
0.135
0.135
0.135
0.135
0.135
0.135
0.135
0.135
0.312
0.312
0.312
0.312
0.312
0.473
0.473
0.473
0.473
0.473
0.473
0.473
0.473
0.473
0.473
0.473
0.473
0.473
0.473
0.65
0.65
0.473
0.296
0.296
0.296
0.135
0.135
0.135
0.135
0.135
0.135
0.135
0.312
0.312
0.135
0.135
0.135
0.135
0.135
0.135
0.135
0.135
0.135
0.135
0.262
0.494
0.494
0.333
0.333
0.345
0.345
0.405
0.405
0.405
0.405
0.405
0.393
0.338
0.515
0.555
0.873
0.933
0.933
0.893
0.893
2.825
2.825
2.825
2.825
2.825
2.885
2.885
2.885
2.885
2.925
2.885
2.925
3.042
3.042
3.042
3.002
3.002
3.002
3.002
3.203
3.203
3.163
3.163
3.163
3.163
3.201
3.261
3.261
3.261
3.261
3.261
3.261
3.261
3.289
3.112
3.112
3.112
3.072
3.072
2.983
2.983
2.983
2.983
2.983
2.983
2.983
3.032
3.032
2.906
2.906
2.906
2.906
2.906
2.926
2.926
2.91
2.91
2.91
2.91
2.91
0.351
0.351
0.291
0.291
0.291
0.291
0.291
0.351
0.351
0.291
0.291
0.251
0.251
0.251
0.251
0.251
0.231
0.231
0.231
0.231
0.231
0.231
0.231
0.231
0.231
0.271
0.231
0.231
0.231
0.231
0.432
0.432
0.432
0.432
0.709
0.709
0.709
0.709
0.671
0.659
0.659
0.719
0.679
0.679
0.739
0.739
0.739
0.679
0.679
0.719
0.596
0.596
0.556
0.556
0.616
0.616
0.565
0.605
0.605
0.545
0.545
0.545
0.505
0.505
0.505
0.505
0.505
0.505
0.505
0.445
0.445
0.46
0.469
0.469
0.414
0.454
0.394
0.394
0.394
0.394
0.334
0.334
0.366
0.366
0.306
0.306
0.306
0.192
0.334
0.334
0.374
0.374
0.394
0.52
0.798
0.798
0.798
0.798
0.818
0.818
0.995
0.995
0.975
0.975
0.975
0.975
0.975
0.975
0.975
0.975
0.975
0.975
1.035
0.975
0.814
0.805
0.805
0.805
0.805
0.805
0.805
0.679
0.482
0.482
0.482
0.482
2.701
2.701
2.761
0.562
0.502
0.502
0.376
0.376
0.376
0.316
0.296
0.296
0.396
0.396
0.471
0.471
0.471
0.471
0.471
0.531
0.531
0.519
0.588
0.588
0.588
0.648
0.588
0.548
0.548
0.548
0.548
0.388
0.388
0.388
0.388
0.533
0.533
0.659
0.659
0.659
0.659
0.699
0.699
0.759
0.779
0.739
0.739
0.739
0.759
0.799
0.799
0.799
0.799
0.819
0.819
0.758
0.758
0.658
0.598
0.598
0.578
0.638
0.764
0.764
0.824
0.764
0.764
0.941
0.941
0.941
0.883
0.883
0.883
0.883
0.883
0.883
0.943
0.883
0.883
0.843
0.843
0.903
0.919
0.919
0.919
0.919
0.919
0.919
0.919
0.742
0.782
0.782
0.782
0.762
0.762
0.923
1.023
1.023
1.023
0.923
0.923
0.923
0.923
0.983
0.983
0.983
0.983
0.983
0.983
0.983
0.943
0.943
0.983
0.983
0.983
0.822
0.822
0.81
0.81
0.81
0.81
0.81
0.77
0.808
0.808
0.808
0.848
0.848
0.848
0.908
0.908
0.908
0.908
0.868
0.868
0.868
0.868
0.868
0.868
0.868
1.045
1.045
1.045
0.24
0.24
0.24
0.24
0.24
0.24
0.24
0.24
0.24
0.24
0.24
0.24
0.24
0.24
0.24
0.24
0.24
0.24
0.24
0.063
0.063
0.063
0.063
0.063
0.063
0.063
0.063
0.063
0.063
0.063
0.063
0.063
0.063
0.063
0.063
0.063
0.063
0.063
0.063
0.063
0.063
0.063
0.063
0.063
0.063
0.063
0.063
0.063
0.063
0.063
0.063
0.063
0.063
0.063
0.063
0.063
0.063
0.063
0.063
0.063
0.063
0.063
0.063
0.063
0.063
0.063
0.063
0.214
0.214
0.214
0.214
0.214
0.391
0.391
0.391
0.391
0.391
0.391
0.391
0.391
