0.058
0.058
0.058
0.058
0.058
0.058
0.058
0.058
0.058
0.058
0.058
0.058
0.058
0.223
0.223
0.223
0.223
0.223
0.223
0.223
0.223
0.223
0.223
0.223
0.223
0.223
0.233
0.233
0.233
0.233
0.233
0.233
0.233
0.068
0.068
0.068
0.068
0.068
0.068
0.068
0.068
0.068
0.068
0.068
0.068
0.068
0.068
0.068
0.068
0.068
0.068
0.068
0.068
0.068
0.068
0.068
0.068
0.068
0.068
0.068
0.068
0.068
0.068
0.068
0.068
0.068
0.068
0.068
0.068
0.068
0.068
0.068
0.068
0.068
0.068
0.068
0.068
0.068
0.068
0.068
0.068
0.068
0.068
0.068
0.068
0.068
0.068
0.068
0.068
0.068
0.068
0.068
0.068
0.068
0.068
0.068
0.068
0.068
0.068
0.068
0.068
0.233
0.233
0.233
0.233
0.233
0.233
0.233
0.233
0.233
0.233
0.233
0.233
0.233
0.233
0.233
0.233
0.233
0.233
0.233
0.233
0.068
0.068
0.068
0.184
0.184
0.184
0.184
0.184
0.184
0.184
0.184
0.184
0.184
0.184
0.184
0.184
0.184
0.184
0.184
0.184
0.184
0.068
0.068
0.068
0.068
0.068
0.068
0.068
0.068
0.068
0.068
0.068
0.068
0.068
0.068
0.068
0.068
0.068
0.068
0.068
0.068
0.233
0.233
0.233
0.233
0.233
0.233
0.233
0.233
0.233
0.233
0.233
0.233
0.233
0.233
0.233
0.233
0.233
0.233
0.233
0.233
0.068
0.068
0.068
0.068
0.068
0.068
0.068
0.068
0.068
0.068
0.068
0.068
0.068
0.068
0.068
0.068
0.068
0.068
0.068
0.068
0.068
0.068
0.068
0.068
0.068
0.068
0.068
0.068
0.068
0.068
0.068
0.068
0.068
0.068
0.068
0.068
0.068
0.068
0.068
0.068
0.068
0.068
0.068
0.068
0.068
0.184
0.184
0.184
0.184
0.184
0.184
0.184
0.184
0.184
0.184
0.184
0.184
0.184
0.184
0.184
0.184
0.184
0.184
0.068
0.068
0.068
0.068
0.068
0.068
0.068
0.068
0.068
0.068
0.068
0.068
0.233
0.233
0.233
0.233
0.233
0.233
0.233
0.233
0.233
0.233
0.233
0.233
0.233
0.233
0.233
0.233
0.233
0.233
0.233
0.233
0.068
0.068
0.068
0.068
0.068
0.068
0.068
0.068
0.068
0.068
0.068
0.068
0.068
0.068
0.068
0.068
0.068
0.068
0.184
0.184
0.184
0.184
0.184
0.184
0.184
0.184
0.184
0.184
0.184
0.184
0.184
0.184
0.184
0.184
0.184
0.184
0.068
0.068
0.068
0.068
0.068
0.068
0.068
0.068
0.068
0.068
0.068
0.068
0.068
0.068
0.068
0.068
0.068
0.068
0.068
0.068
0.068
0.068
0.068
0.068
0.068
0.068
0.068
0.068
0.068
0.068
0.068
0.068
0.068
0.068
0.068
0.068
0.068
0.068
0.068
0.068
0.068
0.068
0.068
0.068
0.068
0.068
0.068
0.068
0.068
0.068
0.068
0.068
0.068
0.068
0.068
0.068
0.068
0.068
0.068
0.068
0.068
0.068
0.233
0.233
0.233
0.233
0.233
0.233
0.233
0.233
0.233
0.233
0.349
0.349
0.349
0.349
0.349
0.349
0.349
0.349
0.349
0.349
0.184
0.184
0.184
0.184
0.184
0.184
0.184
0.184
0.068
0.068
0.068
0.068
0.068
0.068
0.068
0.106
0.126
0.186
0.186
0.226
0.186
0.186
0.226
0.186
0.186
0.186
0.146
9.741
9.741
9.681
0.086
0.086
0.086
0.086
0.086
0.086
0.086
0.086
0.086
0.186
0.226
0.226
0.226
0.226
0.186
0.186
0.233
0.273
0.301
0.341
0.341
0.341
0.341
0.341
0.341
0.341
0.341
0.341
0.341
0.341
0.401
0.401
0.341
0.281
0.281
0.321
0.321
0.333
0.353
0.469
0.469
0.469
0.469
0.469
0.469
0.469
0.469
0.469
0.469
0.469
0.469
0.469
0.634
0.634
0.594
0.594
0.594
0.478
1.919
1.919
1.979
0.598
0.598
0.598
0.563
0.623
0.623
0.623
0.623
0.623
0.623
0.623
0.458
0.398
0.398
0.458
0.386
0.326
0.386
0.386
0.386
0.386
0.386
0.386
0.386
0.386
0.418
0.418
0.418
0.378
0.378
0.35
0.35
0.29
0.29
0.29
0.406
0.406
0.406
0.406
0.446
0.446
0.446
0.486
0.486
0.406
0.406
0.406
0.406
0.466
0.766
0.766
0.766
0.754
0.638
0.803
0.803
0.771
0.771
0.771
0.771
0.711
0.711
0.711
0.711
0.711
0.711
0.711
0.711
0.711
0.711
0.711
0.771
0.731
0.731
0.566
0.566
0.566
0.566
0.566
0.566
0.566
0.566
0.566
0.566
0.566
0.266
0.266
0.246
0.246
0.246
0.246
0.246
0.186
0.186
0.186
0.186
0.126
0.126
0.126
0.126
0.126
0.126
0.126
0.242
0.242
0.242
0.242
0.242
0.242
0.242
0.242
0.242
0.242
0.242
0.184
0.184
0.184
0.184
0.184
0.184
0.184
0.068
0.233
0.233
0.233
0.233
0.233
0.233
0.233
0.233
0.233
0.233
0.233
0.233
0.233
0.233
0.233
0.233
0.233
0.233
0.233
0.233
0.068
0.068
0.068
0.068
0.068
0.068
0.068
0.068
0.068
0.068
0.068
0.068
0.068
0.068
0.068
0.068
0.068
0.068
0.068
0.068
0.068
0.068
0.068
0.068
0.068
0.068
0.068
0.068
0.068
0.068
0.068
0.068
0.068
0.068
0.068
0.068
0.068
0.068
0.068
0.068
0.068
0.068
0.068
0.068
0.068
0.068
0.068
0.068
0.068
0.068
0.068
0.068
0.068
0.068
0.068
0.068
0.068
0.068
0.068
0.068
0.068
0.068
0.068
0.068
0.068
0.068
0.068
0.068
0.068
0.068
0.068
0.068
0.068
0.068
0.068
0.233
0.233
0.233
0.233
0.233
0.233
0.233
0.233
0.233
0.233
0.233
0.233
0.233
0.233
0.233
0.233
0.233
0.233
0.233
0.233
0.068
0.068
0.068
0.068
0.068
0.068
0.068
0.068
0.068
0.068
0.068
0.068
0.068
0.068
0.068
0.068
0.068
0.068
0.068
0.068
0.068
0.068
0.068
0.068
0.068
0.068
0.068
0.068
0.068
0.068
0.068
0.068
0.068
0.068
0.068
0.068
0.068
0.068
0.068
0.068
0.068
0.068
0.068
0.068
0.068
0.068
0.068
0.068
0.068
0.068
0.068
0.068
0.068
0.068
0.068
0.233
0.233
0.233
0.233
0.233
0.233
0.233
0.233
0.233
0.233
0.233
0.233
0.233
0.233
0.233
0.233
0.233
0.233
0.233
0.233
0.068
0.068
0.068
0.068
0.068
0.068
0.068
0.068
0.068
0.068
0.068
0.068
0.068
0.068
0.068
0.068
0.068
0.068
0.068
0.068
0.068
0.068
0.068
0.068
0.068
0.068
0.068
0.068
0.068
0.068
0.068
0.068
0.068
0.068
0.068
0.068
0.068
0.068
0.068
0.068
0.068
0.068
0.068
0.068
0.068
0.068
0.233
0.233
0.233
0.349
0.349
0.349
0.36
0.36
0.36
0.36
0.395
0.455
0.42
0.52
0.52
0.52
0.52
0.52
0.52
0.42
0.255
0.199
0.199
0.219
0.219
0.231
0.231
0.231
0.231
0.231
0.231
0.231
0.231
0.231
0.171
0.171
0.171
0.171
0.171
0.171
1.552
1.552
1.552
0.171
0.171
0.497
0.497
0.497
0.477
0.151
0.151
0.151
0.151
0.171
0.171
0.171
0.171
0.171
0.171
0.171
0.171
0.171
0.171
0.171
0.376
0.376
0.492
0.492
0.492
0.492
0.492
0.492
0.492
0.492
0.492
0.492
0.492
0.492
0.792
0.779
0.779
0.779
0.779
0.779
0.498
0.498
0.498
0.498
0.498
0.478
0.478
0.478
0.578
0.773
0.773
0.773
0.673
0.673
0.673
0.673
0.673
0.673
0.673
0.673
0.673
0.673
0.713
0.713
0.693
0.693
0.721
0.721
0.827
0.827
0.827
0.827
0.827
0.827
0.767
0.807
0.807
0.807
0.807
0.847
0.867
0.867
0.867
0.867
0.827
0.827
0.867
0.927
0.867
0.867
0.847
0.652
0.652
0.652
0.652
0.652
0.652
0.652
0.712
0.652
0.652
0.652
0.652
0.652
0.612
0.624
0.612
0.612
0.612
0.612
0.612
0.486
0.486
0.446
0.446
0.446
0.446
0.506
0.206
0.146
0.146
0.246
0.246
0.146
0.186
0.146
0.206
0.206
0.206
0.506
0.546
0.206
0.206
0.206
0.206
0.146
0.159
0.159
0.159
0.159
0.259
0.259
0.259
0.259
0.259
0.375
0.375
0.375
0.375
0.375
1.796
1.808
1.946
0.565
0.585
0.81
0.81
0.81
0.81
0.75
0.69
0.69
0.63
0.514
0.514
0.514
0.514
0.514
0.514
0.574
2.728
2.728
2.728
2.728
2.728
2.583
2.571
2.511
2.511
2.511
2.511
2.523
2.523
2.811
2.811
2.811
2.831
2.831
2.811
2.831
2.831
2.831
2.831
2.831
2.986
2.986
2.966
0.872
0.812
0.617
0.677
0.617
0.617
0.617
0.617
0.617
0.617
0.617
0.617
0.644
0.644
0.748
0.708
0.708
0.668
0.668
0.668
0.668
0.668
0.668
0.668
0.668
0.668
0.628
0.628
0.688
0.688
0.712
0.747
2.725
2.69
2.69
2.69
2.69
2.69
2.69
2.69
2.69
3.016
3.004
3.004
3.004
2.678
2.618
2.618
2.371
2.371
2.431
2.431
2.443
2.443
2.431
2.431
2.431
2.451
2.451
0.357
0.357
0.703
0.703
0.771
0.711
0.385
0.385
0.465
0.61
0.65
0.65
0.65
0.69
0.55
0.55
0.61
0.61
0.61
0.55
0.55
0.55
0.55
0.55
0.55
0.55
0.55
0.745
0.745
0.58
0.58
0.868
0.868
0.868
0.868
0.868
0.928
0.868
0.868
0.928
0.928
0.868
0.908
0.868
0.868
0.868
0.868
0.868
0.868
0.868
0.908
0.868
0.84
0.84
0.76
0.76
0.76
0.876
0.876
0.876
0.876
0.856
0.883
0.883
0.883
0.883
0.883
0.843
0.843
0.648
0.648
0.636
0.636
0.636
0.636
0.685
0.765
0.737
0.737
0.737
0.737
0.737
0.677
0.697
0.697
0.717
0.657
0.657
0.757
0.757
0.757
2.19
2.19
2.21
0.829
0.664
0.664
0.664
0.664
0.664
0.684
0.724
0.724
0.704
0.704
0.704
0.704
0.664
0.744
0.744
0.744
0.744
0.684
0.664
0.664
0.664
0.652
0.652
0.652
0.652
0.652
0.652
0.652
0.652
0.652
0.652
0.692
0.732
0.732
0.732
0.732
0.732
0.732
0.732
0.732
0.732
0.732
0.732
0.927
0.939
0.967
0.892
0.952
0.952
0.892
0.892
0.892
1.008
1.008
1.008
1.008
1.008
1.008
1.008
1.008
1.008
1.008
1.068
1.068
1.068
0.768
0.708
0.708
0.648
0.648
0.532
0.492
0.432
0.557
0.557
0.617
0.617
0.557
0.557
0.752
0.765
0.233
0.233
0.233
0.233
0.233
0.233
0.233
0.233
0.233
0.233
0.233
0.233
0.068
0.068
0.068
0.068
0.068
0.068
0.068
0.068
0.068
0.068
0.068
0.068
0.068
0.068
0.068
0.068
0.068
0.068
0.068
0.068
0.068
0.068
0.068
0.068
0.068
0.068
0.068
0.068
0.068
0.068
0.068
0.068
0.068
0.068
0.068
0.068
0.068
0.068
0.068
0.184
0.184
0.184
0.184
0.184
0.184
0.184
0.184
0.184
0.184
0.184
0.184
0.184
0.184
0.184
0.184
0.184
0.184
0.068
0.068
0.068
0.068
0.068
0.068
0.068
0.068
0.068
0.068
0.233
0.233
0.233
0.233
0.233
0.233
0.233
0.233
0.233
0.233
0.233
0.233
0.233
0.233
0.233
0.233
0.233
0.233
0.233
0.233
0.068
0.068
0.068
0.068
0.068
0.068
0.068
0.068
0.068
0.068
0.068
0.068
0.068
0.068
0.068
0.068
0.068
0.058
0.058
0.174
0.174
