0.059
0.059
0.059
0.059
0.059
0.059
0.059
0.059
0.059
0.059
0.059
0.059
0.059
0.059
0.059
0.059
0.059
0.059
0.059
0.059
0.069
0.069
0.069
0.069
0.069
0.069
0.069
0.069
0.069
0.069
0.069
0.069
0.069
0.069
0.069
0.069
0.069
0.069
0.069
0.069
0.069
0.069
0.069
0.069
0.069
0.069
0.069
0.069
0.069
0.069
0.069
0.195
0.195
0.195
0.195
0.195
0.195
0.195
0.195
0.195
0.195
0.195
0.195
0.195
0.195
0.195
0.195
0.195
0.195
0.069
0.069
0.069
0.069
0.069
0.069
0.069
0.069
0.069
0.069
0.069
0.069
0.069
0.069
0.069
0.069
0.069
0.069
0.069
0.069
0.069
0.069
0.069
0.069
0.069
0.069
0.069
0.069
0.069
0.069
0.069
0.069
0.069
0.069
0.069
0.069
0.069
0.069
0.069
0.069
0.069
0.069
0.069
0.069
0.069
0.069
0.069
0.195
0.195
0.195
0.195
0.195
0.195
0.195
0.195
0.195
0.195
0.195
0.195
0.195
0.195
0.195
0.195
0.195
0.195
0.069
0.069
0.069
0.069
0.069
0.069
0.069
0.069
0.069
0.069
0.069
0.069
0.069
0.069
0.069
0.069
0.069
0.069
0.069
0.069
0.069
0.069
0.069
0.069
0.069
0.069
0.069
0.069
0.069
0.069
0.069
0.069
0.069
0.069
0.069
0.069
0.069
0.069
0.069
0.069
0.069
0.069
0.069
0.069
0.069
0.069
0.069
0.069
0.069
0.069
0.069
0.069
0.069
0.069
0.069
0.069
0.069
0.069
0.069
0.069
0.069
0.069
0.069
0.069
0.069
0.069
0.069
0.069
0.069
0.069
0.069
0.069
0.069
0.069
0.069
0.069
0.069
0.069
0.069
0.069
0.069
0.069
0.069
0.069
0.069
0.069
0.069
0.069
0.069
0.069
0.069
0.069
0.195
0.195
0.195
0.195
0.195
0.195
0.195
0.195
0.195
0.195
0.195
0.195
0.195
0.195
0.195
0.195
0.195
0.195
0.069
0.069
0.069
0.069
0.069
0.069
0.069
0.069
0.069
0.069
0.069
0.069
0.069
0.069
0.069
0.069
0.069
0.069
0.069
0.069
0.069
0.069
0.069
0.069
0.069
0.069
0.069
0.069
0.069
0.069
0.069
0.069
0.069
0.069
0.069
0.069
0.069
0.069
0.069
0.069
0.069
0.069
0.069
0.069
0.069
0.069
0.069
0.069
0.069
0.069
0.195
0.195
0.195
0.195
0.195
0.195
0.195
0.195
0.195
0.195
0.195
0.195
0.195
0.195
0.195
0.195
0.195
0.195
0.069
0.069
0.069
0.069
0.069
0.069
0.069
0.069
0.069
0.069
0.069
0.069
0.069
0.069
0.069
0.069
0.069
0.069
0.069
0.069
0.069
0.069
0.069
0.069
0.069
0.069
0.069
0.069
0.069
0.069
0.069
0.069
0.069
0.069
0.069
0.069
0.069
0.069
0.069
0.069
0.069
0.069
0.069
0.069
0.069
0.069
0.069
0.069
0.069
0.069
0.069
0.069
0.069
0.069
0.069
0.069
0.069
0.069
0.069
0.069
0.069
0.069
0.069
0.069
0.069
0.195
0.195
0.195
0.195
0.195
0.195
0.195
0.195
0.195
0.195
0.195
0.195
0.195
0.195
0.195
0.195
0.195
0.195
0.069
0.069
0.069
0.069
0.069
0.069
0.069
0.069
0.069
0.069
0.069
0.069
0.069
0.069
0.069
0.069
0.069
0.069
0.069
0.069
0.069
0.069
0.069
0.069
0.069
0.069
0.069
0.069
0.069
0.069
0.069
0.069
0.069
0.069
0.069
0.069
0.069
0.069
0.069
0.069
0.069
0.069
0.069
0.069
0.069
0.068
0.068
0.068
0.068
0.068
0.068
0.068
0.068
0.068
0.068
0.068
0.128
0.128
0.188
0.188
0.188
0.248
0.248
0.248
0.288
0.328
0.428
0.428
0.428
0.388
0.388
0.388
0.428
0.488
0.563
0.503
0.503
0.523
0.649
0.589
0.589
0.589
0.589
0.529
0.509
0.509
0.509
0.469
0.434
0.454
0.454
0.494
0.494
0.454
0.354
0.354
0.263
0.263
0.263
0.303
0.363
0.303
0.303
0.315
0.315
0.315
0.315
0.315
0.315
0.545
0.585
0.485
0.485
0.545
0.545
0.545
0.545
0.545
0.545
0.545
0.545
0.545
0.545
0.545
0.545
0.375
0.405
0.405
0.415
0.415
0.415
0.415
0.383
0.343
0.343
0.343
0.343
0.343
0.383
0.383
0.383
0.383
0.383
0.509
0.509
0.509
0.509
0.449
0.449
0.449
0.449
0.449
0.449
0.449
0.449
0.449
0.414
0.414
0.414
0.414
0.414
0.288
0.288
0.288
0.288
0.288
0.288
0.288
0.288
0.288
0.288
0.288
0.288
0.288
0.288
0.288
0.288
0.288
0.288
0.288
0.288
0.288
0.288
0.288
0.288
0.288
0.288
0.288
0.288
1.786
1.786
1.786
0.288
0.288
0.288
0.288
0.288
0.288
0.288
0.288
0.288
0.288
0.288
0.288
0.288
0.288
0.288
0.288
0.288
0.304
0.304
0.304
0.304
0.304
0.304
0.304
0.304
0.304
0.304
0.304
0.304
0.43
0.43
0.43
0.43
0.43
0.43
0.43
0.43
0.43
0.43
0.43
0.43
0.43
0.43
0.43
0.43
0.43
0.37
0.244
0.244
0.244
0.244
0.244
0.244
0.244
0.244
0.244
0.244
0.244
0.244
0.244
0.244
0.244
0.244
0.244
0.244
0.244
0.244
0.244
0.244
0.244
0.244
0.244
0.244
0.244
0.244
0.244
0.244
0.228
0.216
0.216
0.216
0.216
0.216
0.216
0.216
0.216
0.216
0.216
0.216
0.216
0.216
0.216
0.216
0.216
1.714
1.714
1.714
0.216
0.216
0.216
0.216
0.216
0.216
0.216
0.216
0.216
0.216
0.216
0.216
0.216
0.216
0.288
0.288
0.288
0.288
0.288
0.288
0.288
0.288
2.271
2.271
2.271
2.271
2.271
2.271
2.271
2.271
2.271
2.271
2.271
2.271
2.271
2.271
2.271
2.271
2.271
2.305
2.305
2.305
2.305
0.322
0.322
0.322
0.322
0.322
0.322
0.322
0.322
0.322
0.322
0.282
0.282
0.282
0.282
0.282
0.282
0.282
0.282
0.282
0.282
0.282
0.282
0.282
0.282
0.282
0.282
0.282
0.282
0.282
0.282
0.282
0.408
0.408
0.408
0.468
0.468
0.468
0.577
0.577
0.577
0.577
0.577
0.577
0.577
0.517
0.517
0.517
0.517
0.517
0.391
0.391
0.391
0.391
0.391
0.391
0.391
0.391
0.391
0.391
0.298
0.298
0.298
0.298
1.759
1.759
1.582
1.582
1.582
1.582
1.657
1.657
1.657
1.657
1.657
1.657
1.657
1.834
1.834
1.657
1.657
1.657
1.657
1.657
1.657
1.657
1.657
1.657
1.657
1.657
1.834
1.834
1.657
1.657
0.373
0.373
0.373
0.373
0.373
0.499
0.499
0.391
0.391
0.568
0.568
0.886
0.886
0.886
0.886
0.886
0.319
0.319
0.319
0.319
0.319
0.319
0.319
0.193
0.193
0.193
0.177
0.197
0.197
0.197
0.197
0.197
1.695
1.695
1.695
0.197
0.197
0.197
0.197
0.197
0.197
0.297
0.297
0.297
0.297
0.297
0.297
0.297
0.297
0.297
0.297
0.297
0.297
0.297
0.297
0.297
0.277
0.277
0.277
0.277
0.277
0.277
0.277
0.277
1.323
1.323
1.323
1.323
1.323
1.323
1.323
1.323
1.323
1.449
1.449
1.449
1.449
1.449
1.449
1.449
1.449
1.489
1.489
1.489
1.489
1.501
1.501
1.501
1.541
1.541
1.541
1.415
1.375
1.415
0.369
0.539
0.539
0.539
0.43
0.39
0.39
0.45
0.45
0.45
0.45
0.45
0.45
0.49
0.49
0.49
0.49
0.49
0.49
0.49
0.49
0.45
0.45
0.45
0.45
0.51
0.51
0.34
0.34
0.4
0.44
0.44
0.38
0.32
0.32
0.32
0.32
0.32
0.32
0.38
0.38
0.32
0.32
0.32
0.32
0.32
0.32
0.32
0.32
0.32
0.32
0.32
0.32
0.32
0.32
0.32
0.32
0.429
0.429
0.429
0.429
0.445
0.485
0.485
0.345
0.405
0.345
0.345
0.345
0.38
0.38
0.38
0.506
0.506
0.506
0.566
0.566
0.566
0.606
0.606
0.626
0.566
0.566
0.606
0.517
0.517
0.517
0.617
0.617
0.517
0.351
0.351
0.385
0.385
0.385
0.385
1.883
1.883
1.883
0.445
0.445
0.485
0.425
0.385
0.385
0.385
0.385
0.385
0.385
0.385
0.385
0.385
0.385
0.385
0.385
0.485
0.425
0.425
0.313
0.313
0.313
0.297
0.297
0.297
0.297
0.297
0.423
0.423
0.423
0.423
0.423
0.363
0.363
0.363
0.363
0.375
0.423
0.423
0.423
0.423
0.423
0.423
0.423
0.423
0.297
0.297
0.397
0.397
0.397
0.397
0.397
0.397
0.397
0.397
0.397
0.397
0.397
0.457
0.457
0.457
0.457
0.457
0.457
0.457
0.457
0.423
0.423
0.423
0.383
0.323
0.323
0.323
0.323
0.323
0.323
0.323
0.383
0.263
0.263
0.263
0.263
0.263
0.323
0.323
0.323
0.323
0.323
0.323
0.323
0.323
0.323
0.323
0.323
0.423
0.423
0.423
0.323
0.449
0.449
0.349
0.349
0.349
0.349
0.349
0.349
0.389
0.389
0.389
0.429
0.429
0.429
0.369
0.369
0.369
0.369
0.243
0.243
0.303
0.303
0.343
0.275
0.275
0.275
0.275
0.275
0.335
0.335
0.335
0.335
0.335
0.335
0.335
0.335
0.335
0.335
0.335
0.395
0.395
0.395
0.395
0.395
0.395
0.395
0.395
0.395
0.335
0.335
0.335
0.335
0.335
0.335
0.335
0.335
0.335
0.335
0.335
0.369
0.369
0.369
0.369
0.369
0.369
0.369
0.369
0.369
0.369
0.669
0.669
0.669
0.669
0.669
0.609
0.609
0.609
0.709
0.709
0.709
0.709
0.709
0.709
0.709
0.709
0.709
0.709
0.697
0.697
0.697
0.697
0.697
0.697
0.762
0.762
2.32
2.32
2.421
0.923
0.863
0.863
0.863
0.863
0.863
0.883
0.883
0.863
0.863
0.863
0.863
0.863
0.863
0.879
0.879
0.879
0.765
0.765
0.765
0.765
0.765
0.765
0.865
0.865
0.865
0.876
0.876
0.836
0.801
0.801
0.801
0.801
0.801
0.767
0.767
0.767
0.767
0.767
0.767
0.767
0.667
0.707
0.707
0.707
0.707
0.707
0.407
0.407
0.407
0.407
0.407
0.447
0.447
0.447
0.507
0.447
0.447
0.447
0.447
0.447
0.435
0.555
0.555
0.555
0.715
0.655
0.655
0.655
0.655
0.667
0.667
0.667
0.667
0.651
0.651
0.639
0.699
0.699
0.699
0.699
0.699
0.699
0.573
2.924
2.924
2.864
2.924
2.964
2.864
2.864
2.876
2.876
2.876
2.864
2.864
3.034
3.034
3.034
3.023
3.023
0.069
0.069
0.069
0.069
0.069
0.069
0.069
0.069
0.069
0.069
2.513
2.513
2.513
2.513
2.513
2.513
2.513
2.513
2.513
2.513
0.213
0.213
0.213
0.273
0.273
0.382
0.382
0.382
0.382
0.382
0.382
0.592
0.382
0.382
0.222
0.222
0.222
0.222
0.282
0.282
0.282
0.282
0.282
0.282
0.282
0.282
0.282
0.248
0.248
0.282
0.282
0.282
0.282
0.452
0.282
0.282
0.282
0.282
0.282
0.282
0.195
0.195
0.195
0.195
0.195
0.195
0.195
0.195
0.195
0.195
0.195
0.195
0.195
0.195
0.195
0.195
0.195
0.195
0.069
0.069
0.069
0.069
0.069
0.069
0.069
0.069
0.069
0.069
0.069
0.069
0.069
0.069
0.069
0.069
0.069
0.069
0.069
0.069
0.069
0.069
0.069
0.069
0.069
0.069
0.069
0.069
0.069
0.069
0.069
0.069
0.069
0.069
0.069
0.069
0.069
0.069
0.069
0.069
0.069
0.069
0.059
0.059
0.059
0.059
0.059
0.059
0.059
0.185
0.185
0.185
