0.06
0.19260000000000002
0.291
0.291
0.291
0.2468
0.07
0.17
0.17
0.17
0.13000000000000003
0.07
0.07
0.07
0.07
0.07
0.07
0.07
0.07
0.291
0.291
0.291
0.291
0.1584
0.07
0.07
0.15000000000000002
0.17
0.17
0.15
0.07
0.07
0.07
0.1584
0.291
0.291
0.291
0.291
0.07
0.07
0.07
0.07
0.07
0.07
0.07
0.15000000000000002
0.17
0.21420000000000003
0.371
0.291
0.291
0.291
0.1142
0.07
0.07
0.07
0.15000000000000002
0.17
0.17
0.15
0.07
0.1584
0.291
0.291
0.291
0.291
0.07
0.07
0.07
0.07
0.09000000000000001
0.17
0.17
0.17
0.11000000000000001
0.07
0.20259999999999997
0.291
0.291
0.291
0.2468
0.07
0.07
0.17
0.17
0.17
0.13000000000000003
0.07
0.07
0.07
0.068
0.068
0.068
0.192
0.364
0.403
0.8524
2.706
2.405
2.385
2.385
2.372
0.5753999999999999
0.10300000000000001
0.10300000000000001
0.10300000000000001
0.183
0.203
0.203
5.8614
0.10300000000000001
0.15100000000000002
0.12000000000000002
0.24479999999999996
0.289
0.289
0.291
0.20260000000000003
0.07
0.07
0.07
0.11000000000000001
0.17
0.17
0.17
0.09000000000000001
0.07
0.07
0.1142
0.291
0.291
0.291
0.311
0.21420000000000003
0.168
0.168
0.17920000000000003
0.157
1.011
1.8649999999999998
0.157
0.157
0.157
0.1766
0.07
0.13000000000000003
0.3468
0.391
0.391
0.291
0.20260000000000003
0.07
0.07
0.07
0.07
0.07
0.18519999999999998
0.23800000000000004
0.298
0.9256
0.298
0.22100000000000003
0.1902
0.171
0.171
0.3478
0.4694
0.521
0.521
0.43260000000000004
0.4
0.318
0.342
0.326
0.1988
1.6282
1.975
1.927
2.0302
0.675
0.557
0.577
0.561
0.553
0.4282
0.43200000000000005
0.44400000000000006
0.43899999999999995
0.372
0.3684
0.43339999999999995
0.493
0.529
0.561
0.598
0.5
0.43599999999999994
0.4
0.6516
0.759
0.659
0.659
0.5706
0.437
0.3754
0.28099999999999997
0.257
0.2766
0.43500000000000005
0.471
0.45499999999999996
0.45779999999999993
0.429
0.441
0.433
0.489
0.513
0.509
0.533
0.6
0.699
0.707
0.695
0.756
0.5044000000000001
0.37360000000000004
0.27999999999999997
0.188
2.1298
4.0146
0.43
0.45940000000000003
0.437
0.429
0.17
0.17
0.17
0.13000000000000003
0.07
0.07
0.07
0.07
0.07
0.07
0.291
0.291
0.351
0.391
0.2584
0.17
0.07
0.07
0.07
0.07
0.07
0.07
0.07
0.07
0.24679999999999996
0.291
0.291
0.291
0.20260000000000003
0.07
0.07
0.07
0.07
0.07
0.07
0.07
0.07
0.07
0.3068
0.391
0.391
0.391
0.20260000000000003
0.07
0.07
0.07
0.07
0.07
0.07
0.07
0.11000000000000001
0.162
0.16
0.16
