0.052000000000000005
0.052000000000000005
0.052000000000000005
0.052000000000000005
0.052000000000000005
0.057999999999999996
0.062
0.062
0.062
0.062
0.062
0.062
0.062
0.062
0.062
0.14840000000000003
0.17
0.17
0.1484
0.062
0.062
0.062
0.062
0.062
0.062
0.062
0.062
0.062
0.062
0.062
0.062
0.062
0.08360000000000001
0.17
0.17
0.17
0.1052
0.062
0.062
0.062
0.062
0.062
0.062
0.062
0.062
0.062
0.17
0.17
0.17
0.12680000000000002
0.062
0.062
0.062
0.062
0.062
0.062
0.062
0.17
0.17
0.17
0.12680000000000002
0.062
0.062
0.062
0.062
0.062
0.062
0.08360000000000001
0.17
0.17
0.17
0.1052
0.062
0.062
0.062
0.062
0.062
0.062
0.064
0.2752
0.268
0.268
0.3778
0.217
0.285
0.285
0.303
0.257
0.4316
0.8156000000000001
0.5330000000000001
0.317
0.1252
0.238
5.4824
0.185
0.1526
0.16699999999999998
0.18860000000000002
2.1446
3.407
3.3698
3.4554
1.4924000000000004
0.1766
0.173
0.233
0.227
0.24539999999999998
3.8948
4.2594
3.6670000000000003
3.655
0.331
0.2774
0.21000000000000002
0.21539999999999998
0.219
0.219
0.219
0.219
0.219
0.219
0.219
0.199
0.169
0.169
0.169
0.169
0.2386
0.337
0.29200000000000004
0.268
0.24320000000000003
0.2652
0.385
0.385
0.32499999999999996
0.285
0.305
0.385
0.30499999999999994
0.285
3.561
3.6689999999999996
3.6689999999999996
3.6438
0.23679999999999998
0.1496
0.06
0.06
0.06
0.7916000000000001
0.4258
0.06
0.06
0.06
0.073
0.073
0.073
0.1378
0.181
0.181
0.23459999999999998
0.207
0.21059999999999998
0.21600000000000003
0.1356
0.122
0.10900000000000001
0.10900000000000001
0.133
0.139
0.139
0.139
0.139
0.139
0.175
3.415
3.407
3.4294000000000002
3.566
0.358
0.37
0.3532
0.274
0.38
0.41600000000000004
0.33
0.33
0.39
0.33
0.4164
0.5337999999999999
0.5882
0.5014000000000001
0.41899999999999993
0.37699999999999995
0.4654000000000001
0.43579999999999997
0.39699999999999996
0.349
0.417
0.4114
0.5134
0.513
0.555
2.6826
4.026
4.130000000000001
4.082
2.0964
0.7789999999999999
0.8390000000000001
0.7853999999999999
0.6312
0.7356
0.74
0.74
1.5628
4.3834
5.021
5.001
4.9921999999999995
2.3792
0.924
0.709
0.653
0.649
0.723
4.019
4.0934
4.063
4.0498
0.7754000000000001
0.671
0.7051999999999999
0.7899999999999999
0.82
2.7046
4.061
4.0662
3.937
3.7887999999999997
3.812
3.9384
3.9200000000000004
1.8744000000000003
0.5104
0.376
0.488
0.5888
0.629
0.657
0.6930000000000001
1.3900000000000001
1.0308
0.585
0.5938
0.5369999999999999
0.519
0.6559999999999999
0.708
0.728
0.764
0.8096
0.8827999999999999
0.796
0.9158000000000002
0.7364
0.5264
0.581
0.581
0.5410000000000001
0.471
0.471
0.42539999999999994
0.379
0.391
0.5294000000000001
0.062
0.062
0.062
0.062
0.062
0.08360000000000001
0.17
0.164
