0.06566666666666664
0.06299999999999997
0.07033333333333332
0.07299999999999998
0.07299999999999998
0.07299999999999998
0.25
0.1556
0.07299999999999998
0.07299999999999998
0.07299999999999998
0.07299999999999998
0.07299999999999998
0.1084
0.25
0.12019999999999996
0.07299999999999998
0.07299999999999998
0.21459999999999999
0.19099999999999998
0.07299999999999998
0.07299999999999998
0.07299999999999998
0.07299999999999998
0.07299999999999998
0.07299999999999998
0.07299999999999998
0.16740000000000002
0.2382
0.07299999999999998
0.07299999999999998
0.07299999999999998
0.191
0.21459999999999999
0.07299999999999998
0.07299999999999998
0.09659999999999999
0.33813333333333345
0.2790000000000001
0.22000000000000008
0.22000000000000008
0.23933333333333343
0.21360000000000007
0.07319999999999999
0.08319999999999998
0.5248
0.08600000000000001
0.08600000000000001
0.5136000000000001
0.17820000000000003
0.22540000000000007
0.5294666666666664
0.15119999999999997
0.2593333333333334
0.9263333333333333
2.2034000000000007
0.07299999999999998
0.07299999999999998
0.07299999999999998
0.07299999999999998
0.07299999999999998
0.07299999999999998
0.45193333333333335
0.5192666666666668
2.9348
2.1612666666666667
0.6633999999999999
0.6734000000000002
1.4666666666666663
1.7532666666666665
2.268733333333334
1.8593333333333335
1.1771333333333331
0.7335333333333335
0.5746
0.6617333333333335
0.6624000000000001
0.7680000000000001
0.5614666666666666
0.22406666666666666
0.07299999999999998
0.132
0.25
0.09659999999999996
0.07299999999999998
0.07299999999999998
0.07299999999999998
0.191
0.21459999999999999
0.07299999999999998
0.07299999999999998
0.07299999999999998
0.20279999999999998
0.20279999999999998
0.07299999999999998
0.07299999999999998
