0.074
0.074
0.074
0.074
0.074
0.074
0.074
0.074
0.064
0.064
0.064
0.064
0.064
0.064
0.064
0.064
0.064
0.064
0.064
0.064
0.064
0.064
0.064
0.064
0.064
0.064
0.064
0.064
0.064
0.064
0.064
0.064
0.064
0.064
0.064
0.064
0.064
0.064
0.074
0.074
0.074
0.074
0.074
0.074
0.074
0.074
0.074
0.074
0.074
0.074
0.074
0.074
0.074
0.074
0.074
0.074
0.074
0.074
0.074
0.074
0.074
0.074
0.074
0.074
0.074
0.074
0.074
0.074
0.074
0.074
0.074
0.074
0.074
0.074
0.074
0.074
0.074
0.074
0.074
0.074
0.074
0.074
0.074
0.074
0.074
0.074
0.074
0.074
0.074
0.074
0.074
0.074
0.239
0.239
0.239
0.239
0.239
0.239
0.239
0.239
0.239
0.239
0.239
0.239
0.239
0.239
0.239
0.239
0.239
0.239
0.239
0.239
0.074
0.074
0.074
0.074
0.074
0.074
0.074
0.074
0.074
0.074
0.074
0.074
0.074
0.074
0.074
0.074
0.074
0.074
0.074
0.074
0.074
0.074
0.074
0.074
0.074
0.074
0.074
0.074
0.074
0.074
0.074
0.074
0.074
0.074
0.074
0.074
0.074
0.074
0.074
0.074
0.074
0.074
0.074
0.074
0.074
0.074
0.074
0.074
0.074
0.074
0.239
0.239
0.239
0.239
0.239
0.239
0.239
0.239
0.239
0.239
0.239
0.239
0.239
0.239
0.239
0.239
0.239
0.239
0.239
0.239
0.181
0.181
0.181
0.181
0.181
0.181
0.181
0.181
0.181
0.181
0.181
0.181
0.181
0.181
0.181
0.181
0.181
0.181
0.074
0.074
0.074
0.074
0.074
0.074
0.074
0.074
0.074
0.074
0.074
0.074
0.074
0.074
0.074
0.074
0.074
0.074
0.074
0.074
0.074
0.074
0.074
0.074
0.074
0.074
0.074
0.074
0.074
0.074
0.074
0.074
0.074
0.074
0.074
0.239
0.346
0.346
0.346
0.346
0.346
0.346
0.346
0.346
0.346
0.346
0.346
0.346
0.346
0.346
0.346
0.346
0.346
0.346
0.239
0.074
0.074
0.074
0.074
0.074
0.074
0.074
0.074
0.074
0.074
0.074
0.074
0.074
0.074
0.074
0.074
0.074
0.074
0.074
0.074
0.074
0.074
0.074
0.074
0.074
0.074
0.074
0.074
0.074
0.074
0.074
0.074
0.074
0.074
0.074
0.074
0.074
0.074
0.074
0.074
0.074
0.074
0.074
0.181
0.181
0.181
0.181
0.181
0.181
0.181
0.181
0.181
0.181
0.181
0.181
0.181
0.181
0.346
0.346
0.346
0.346
0.239
0.239
0.239
0.239
0.239
0.239
0.239
0.239
0.239
0.239
0.239
0.239
0.239
0.239
0.239
0.239
0.074
0.074
0.074
0.074
0.074
0.074
0.074
0.074
0.074
0.074
0.074
0.074
0.074
0.074
0.074
0.074
0.074
0.074
0.074
0.074
0.074
0.074
0.074
0.074
0.181
0.181
0.181
0.181
0.181
0.181
0.181
0.181
0.181
0.181
0.181
0.181
0.181
0.181
0.181
0.181
0.181
0.181
0.074
0.074
0.074
0.074
0.074
0.074
0.074
0.074
0.074
0.074
0.074
0.074
0.074
0.074
0.074
0.074
0.074
0.074
0.074
0.074
0.074
0.074
0.074
0.074
0.074
0.074
0.074
0.074
0.074
0.074
0.074
0.239
0.239
0.239
0.239
0.239
0.239
0.239
0.239
0.239
0.239
0.239
0.239
0.239
0.239
0.239
0.239
0.346
0.346
0.346
0.346
0.181
0.181
0.181
0.181
0.181
0.181
0.181
0.181
0.181
0.181
0.181
0.181
0.181
0.181
0.074
0.074
0.074
0.074
0.074
0.074
0.074
0.074
0.074
0.074
0.074
0.074
0.074
0.074
0.074
0.074
0.074
0.074
0.074
0.074
0.074
0.074
0.074
0.074
0.074
0.074
0.074
0.074
0.074
0.074
0.074
0.074
0.074
0.074
0.074
0.074
0.074
0.074
0.074
0.074
0.074
0.277
0.277
0.277
0.372
0.477
0.417
0.417
0.312
0.312
0.312
3.684
3.801
3.831
3.831
3.831
3.831
3.801
3.801
3.801
3.831
3.666
3.666
3.666
3.666
3.666
3.731
3.731
3.731
3.561
3.549
2.772
2.772
2.772
2.76
2.773
6.145
6.145
6.443
6.443
6.443
6.443
6.105
6.105
6.105
6.105
6.105
3.522
3.522
3.522
3.522
3.627
3.627
3.627
3.627
3.627
0.255
0.15
0.15
0.15
0.275
0.275
0.275
0.275
0.275
0.275
0.275
0.275
0.275
0.275
0.275
0.382
0.382
0.382
0.382
0.382
0.382
0.382
0.382
0.382
0.382
0.382
0.382
0.382
0.382
0.454
0.454
0.454
0.454
0.347
0.347
0.347
0.347
2.33
2.33
2.317
2.482
2.482
2.482
2.482
2.482
2.482
2.452
2.452
2.452
2.452
2.452
2.452
2.452
2.452
2.452
2.452
2.452
2.452
0.469
0.469
0.304
0.304
0.304
0.304
0.304
0.304
0.304
0.304
0.304
0.304
0.304
0.304
0.304
0.304
0.304
0.304
0.304
0.304
0.304
0.304
0.304
0.439
0.439
0.439
0.439
0.439
0.439
0.452
3.824
3.824
3.824
3.824
3.824
3.824
3.824
3.824
3.824
3.824
3.824
3.824
3.824
3.824
3.824
3.824
3.824
3.824
3.824
3.824
0.452
0.452
0.452
0.452
0.452
0.452
3.824
0.146
0.146
0.146
0.311
0.311
0.311
0.488
0.595
0.418
0.418
0.418
0.418
0.418
0.418
0.418
0.418
0.418
0.418
0.418
0.595
0.595
0.418
0.418
0.253
0.253
0.146
0.146
0.146
0.146
0.146
0.146
0.146
0.323
0.323
0.146
0.146
0.146
0.146
0.146
0.146
0.146
0.146
0.146
0.146
0.146
0.323
0.323
0.641
0.641
0.641
0.641
0.641
0.074
0.074
0.074
0.074
0.074
0.074
0.074
0.074
0.074
0.074
0.074
0.239
0.239
0.239
0.239
0.239
0.239
0.239
0.239
0.239
0.239
0.239
0.239
0.239
0.239
0.239
0.239
0.239
0.239
0.239
0.239
0.074
0.074
0.074
0.074
0.074
0.074
0.074
0.074
0.074
0.074
0.074
0.074
0.074
0.074
0.074
0.074
0.074
0.074
0.074
0.074
0.074
0.074
0.074
0.074
0.074
0.074
0.074
0.074
0.074
0.074
0.074
0.074
0.074
0.074
0.074
0.074
0.074
0.074
0.074
0.074
0.181
0.181
0.181
0.181
0.181
0.181
0.181
0.181
0.181
0.181
0.181
0.181
0.181
0.181
0.181
0.181
0.181
0.181
0.074
0.074
0.074
0.074
0.074
0.074
0.239
0.239
0.239
0.239
0.239
0.239
0.239
0.239
0.239
0.239
0.239
0.239
0.239
0.239
0.239
0.239
0.239
0.239
0.239
0.239
0.074
0.074
0.074
3.717
3.717
3.717
3.717
3.717
3.717
3.717
3.717
3.717
3.717
5.175
5.175
5.175
3.717
3.717
3.717
3.717
3.717
3.717
0.345
0.345
0.345
0.345
0.345
0.345
0.345
0.345
0.405
0.405
0.345
0.572
0.45
0.409
0.409
0.409
0.409
0.409
0.409
0.409
0.469
0.469
0.469
0.469
0.807
0.807
0.907
0.979
0.641
0.541
0.541
0.663
0.663
0.541
0.651
2.634
2.634
2.634
2.799
2.799
2.739
2.739
2.687
2.687
2.687
2.687
2.687
2.687
2.687
2.687
2.687
2.294
2.294
2.294
2.294
2.294
0.311
0.311
0.146
0.146
0.146
0.146
0.146
0.146
0.146
0.146
0.146
0.146
0.146
0.146
0.146
0.146
0.146
0.146
0.146
0.146
0.146
0.146
0.146
0.146
0.146
0.146
0.146
0.146
0.146
0.146
0.146
0.146
0.146
0.146
0.146
0.146
0.146
0.146
0.146
0.146
0.146
0.146
0.146
0.146
0.146
0.146
0.146
0.146
0.146
0.253
0.253
0.253
0.253
0.253
0.253
0.253
0.253
0.253
0.253
0.253
0.418
0.418
0.418
0.595
0.595
0.418
0.418
0.311
0.311
0.311
0.311
0.311
0.311
0.311
0.311
0.311
0.488
0.488
0.311
0.311
0.146
0.146
0.146
0.146
0.146
0.146
0.146
0.146
0.146
0.323
0.323
0.146
0.146
0.146
0.146
0.146
0.146
0.146
0.146
0.146
0.146
0.146
0.323
0.323
0.641
0.641
0.641
0.641
0.641
0.074
0.074
0.074
0.074
0.074
0.074
1.81
1.81
1.81
1.81
1.98
1.98
1.98
1.98
1.98
2.045
2.145
3.603
3.603
3.603
2.145
2.252
2.152
2.152
2.152
2.152
2.212
2.212
2.417
2.429
2.429
5.801
5.801
5.801
5.801
5.801
0.346
0.346
0.346
0.239
0.239
0.239
0.239
0.239
0.239
0.239
0.239
0.239
0.074
0.074
0.074
0.074
0.074
0.074
0.074
0.074
0.074
0.074
0.074
0.074
0.074
0.074
0.074
0.074
0.074
0.074
3.727
3.727
3.727
3.605
3.605
3.605
3.617
3.677
3.677
3.677
3.677
3.677
3.677
3.677
3.835
0.463
0.463
0.463
0.403
0.403
0.403
0.43
0.49
0.45
0.47
0.53
0.53
0.53
0.53
0.53
0.518
0.518
0.518
0.518
0.518
0.518
0.518
0.518
0.518
0.518
0.518
0.579
0.579
0.579
0.579
0.579
0.619
0.659
0.589
0.814
0.866
4.138
4.126
4.126
4.464
4.464
4.464
4.504
4.241
4.343
4.322
4.322
4.322
4.322
4.322
4.322
4.322
4.322
4.322
4.097
4.097
0.825
0.855
0.842
0.842
0.742
0.742
0.695
0.695
0.695
0.695
0.695
0.695
0.695
0.695
0.695
0.603
0.603
0.573
0.573
0.695
0.695
0.695
0.695
0.695
0.695
0.735
0.735
0.735
0.735
0.735
0.735
0.735
0.735
0.735
0.86
0.86
0.738
0.738
0.738
0.738
0.738
0.738
0.738
0.738
0.738
0.738
0.738
0.798
0.898
0.798
0.798
0.798
0.798
0.838
1.015
1.015
1.082
1.095
1.095
1.095
1.2
1.047
1.047
0.922
0.922
0.922
0.91
0.91
0.91
0.91
0.81
0.81
0.871
0.871
0.664
0.624
0.563
0.563
0.563
0.563
0.563
0.563
0.563
0.563
0.563
0.563
0.563
0.563
0.575
0.563
0.598
0.598
0.611
0.611
0.611
0.476
0.411
0.411
0.441
0.563
0.628
0.523
0.523
0.583
0.623
0.583
0.583
0.623
0.623
0.623
0.623
0.583
0.583
0.553
0.583
4.015
4.015
4.015
4.015
4.015
4.015
4.015
4.015
4.015
4.015
3.967
3.967
4.007
4.007
0.074
0.074
0.074
0.074
0.074
0.074
0.074
0.074
0.074
0.074
0.074
0.074
0.074
0.074
0.239
0.239
0.239
0.239
0.239
0.239
0.239
0.239
0.239
0.239
0.239
0.239
0.239
0.239
0.239
0.239
0.239
0.239
0.239
0.239
0.074
0.074
0.074
0.074
0.074
0.074
0.074
0.074
0.074
0.074
0.074
0.074
0.074
0.074
0.074
0.074
0.074
0.074
0.074
0.074
0.074
0.074
0.074
0.074
0.074
0.074
0.074
0.074
0.074
0.074
0.074
0.074
0.074
0.074
0.074
0.074
0.074
0.074
0.074
0.074
0.074
0.074
0.074
0.074
0.074
0.074
0.074
0.074
0.074
0.074
0.074
0.074
0.239
0.239
0.239
0.239
0.239
0.239
0.239
0.239
0.346
0.346
0.346
0.346
0.346
0.346
0.346
0.346
0.346
0.346
0.346
0.346
0.181
0.181
0.181
0.181
0.181
0.181
0.074
0.074
0.074
0.074
0.074
0.074
0.074
0.074
0.074
0.074
0.074
0.074
0.074
0.074
0.074
0.074
0.074
0.074
0.074
0.074
0.074
0.074
0.074
0.074
0.074
0.074
0.074
0.074
0.074
0.074
0.074
0.074
0.074
0.074
0.074
0.074
0.074
0.074
0.074
0.074
0.074
0.074
0.074
0.181
0.181
0.346
0.346
0.346
0.346
0.346
0.346
0.346
0.346
0.346
0.346
0.346
0.346
0.346
