0.05300000000000001
0.05100000000000002
0.05899999999999998
0.06099999999999997
0.06099999999999997
0.06099999999999997
0.06099999999999997
0.06099999999999997
0.152
0.09599999999999996
0.06099999999999997
0.06099999999999997
0.152
0.09599999999999996
0.06099999999999997
0.06099999999999997
0.152
0.09599999999999996
0.06099999999999997
0.07499999999999998
0.16599999999999998
0.06799999999999998
0.06099999999999997
0.11699999999999998
0.13099999999999998
0.06099999999999997
0.06099999999999997
0.2383333333333334
0.28466666666666657
0.5305333333333334
0.06099999999999997
0.09233333333333332
0.2240000000000001
0.6829999999999999
0.2327333333333334
0.22100000000000006
0.20900000000000007
0.6607999999999999
0.3812000000000001
0.27799999999999997
0.06099999999999997
0.06099999999999997
0.06099999999999997
0.06099999999999997
0.06099999999999997
0.07499999999999998
0.16599999999999998
0.06799999999999998
0.06099999999999997
0.06099999999999997
0.12399999999999997
0.12399999999999997
0.06099999999999997
0.06099999999999997
0.08199999999999999
0.16599999999999998
0.06099999999999997
0.06099999999999997
0.06099999999999997
0.06099999999999997
0.08899999999999998
0.15899999999999997
0.06099999999999997
0.06099999999999997
0.06099999999999997
0.06099999999999997
0.06099999999999997
0.06099999999999997
0.10299999999999998
0.145
0.06099999999999997
0.06099999999999997
0.06099999999999997
0.06099999999999997
0.09599999999999999
0.152
0.06099999999999997
0.06099999999999997
0.40419999999999995
0.34819999999999995
0.2768
0.38266666666666654
0.4998666666666666
0.4796666666666667
0.40206666666666674
0.4691333333333334
0.39300000000000007
0.11046666666666664
0.06099999999999997
0.06099999999999997
0.11
0.13799999999999998
0.06099999999999997
0.06099999999999997
0.08899999999999998
0.15899999999999997
