0.048
0.048
0.048
0.048
0.048
0.048
0.048
0.048
0.048
0.048
0.048
0.048
0.048
0.048
0.048
0.048
0.048
0.048
0.048
0.048
0.048
0.048
0.048
0.048
0.048
0.048
0.048
0.048
0.048
0.048
0.058
0.058
0.058
0.058
0.058
0.058
0.058
0.058
0.058
0.058
0.058
0.058
0.058
0.058
0.058
0.163
0.163
0.163
0.163
0.163
0.163
0.163
0.163
0.163
0.163
0.163
0.163
0.163
0.163
0.163
0.163
0.163
0.163
0.058
0.058
0.058
0.058
0.058
0.058
0.058
0.058
0.058
0.058
0.058
0.058
0.058
0.058
0.058
0.058
0.058
0.058
0.058
0.058
0.058
0.058
0.058
0.058
0.058
0.058
0.058
0.058
0.058
0.058
0.058
0.058
0.058
0.058
0.058
0.058
0.058
0.058
0.058
0.058
0.058
0.058
0.058
0.058
0.058
0.058
0.058
0.058
0.058
0.058
0.058
0.058
0.058
0.058
0.058
0.058
0.058
0.058
0.058
0.058
0.058
0.058
0.058
0.058
0.058
0.058
0.058
0.058
0.058
0.058
0.058
0.058
0.058
0.058
0.058
0.058
0.058
0.058
0.058
0.058
0.058
0.058
0.058
0.058
0.058
0.058
0.058
0.058
0.058
0.058
0.058
0.058
0.058
0.058
0.058
0.058
0.058
0.058
0.058
0.058
0.058
0.058
0.058
0.058
0.058
0.058
0.058
0.058
0.058
0.058
0.058
0.163
0.163
0.163
0.163
0.163
0.163
0.163
0.163
0.163
0.163
0.163
0.163
0.163
0.163
0.163
0.163
0.163
0.163
0.058
0.058
0.058
0.058
0.058
0.058
0.058
0.058
0.058
0.058
0.058
0.058
0.058
0.058
0.058
0.058
0.058
0.058
0.058
0.058
0.058
0.058
0.058
0.058
0.058
0.058
0.058
0.058
0.058
0.058
0.058
0.058
0.058
0.058
0.058
0.058
0.058
0.058
0.058
0.058
0.058
0.058
0.058
0.058
0.058
0.058
0.058
0.058
0.058
0.058
0.058
0.058
0.058
0.058
0.058
0.058
0.058
0.058
0.058
0.058
0.058
0.058
0.058
0.058
0.058
0.058
0.058
0.058
0.058
0.058
0.058
0.058
0.058
0.058
0.058
0.058
0.058
0.058
0.058
0.058
0.058
0.058
0.163
0.163
0.163
0.163
0.163
0.163
0.163
0.163
0.163
0.163
0.163
0.163
0.163
0.163
0.163
0.163
0.163
0.163
0.058
0.058
0.058
0.058
0.058
0.058
0.058
0.058
0.116
0.128
0.128
0.128
0.128
0.116
0.116
0.176
0.116
0.116
0.116
0.116
0.176
0.176
0.176
0.176
0.116
0.116
0.116
0.116
0.116
0.176
0.176
0.116
0.176
0.176
1.957
1.957
1.957
0.116
0.116
0.116
0.116
0.116
0.156
0.156
0.156
0.156
0.156
0.156
0.096
0.096
0.056
0.056
0.056
0.056
0.056
0.056
0.056
0.056
0.056
0.068
0.068
0.128
0.128
0.128
0.128
0.056
0.056
0.116
0.156
0.156
0.156
0.156
0.156
0.206
0.206
0.206
0.206
0.226
0.226
0.238
0.238
0.238
0.251
0.251
0.251
0.191
0.191
0.191
0.191
0.251
0.251
0.251
0.251
0.251
0.251
0.251
0.251
0.251
0.251
0.239
0.239
0.199
0.199
0.211
0.211
0.316
0.376
0.376
0.376
0.376
0.376
0.356
0.416
0.416
0.416
0.416
0.416
0.476
0.476
0.416
0.416
0.416
0.416
0.311
0.311
0.299
0.299
0.299
0.299
0.299
0.299
0.299
0.299
0.299
0.299
0.299
0.379
0.379
0.319
0.319
0.339
0.279
0.266
0.216
0.216
0.216
0.278
0.278
0.258
0.258
0.258
0.258
0.198
0.198
0.198
0.238
0.188
0.188
0.188
0.148
0.148
0.168
0.168
0.168
0.168
0.168
0.168
0.168
0.168
0.168
0.168
0.168
0.168
0.168
0.168
0.168
0.228
0.228
0.058
0.058
0.058
0.058
0.058
0.058
0.058
0.058
0.058
0.058
0.058
0.058
0.058
0.058
0.058
0.058
0.058
0.058
0.058
0.058
0.058
0.058
0.058
0.058
0.058
0.058
0.058
0.163
0.163
0.163
0.163
0.163
0.163
0.163
0.163
0.163
0.163
0.163
0.163
0.163
0.163
0.163
0.163
0.163
0.163
0.058
0.058
0.058
0.058
0.058
0.058
0.058
0.058
0.058
0.058
0.058
0.058
0.058
0.058
0.058
0.058
0.058
0.058
0.058
0.058
0.058
0.058
0.058
0.058
0.058
0.058
0.058
0.058
0.058
0.058
0.058
0.058
0.058
0.058
0.058
0.058
0.058
0.058
0.058
0.058
0.058
0.058
0.058
0.058
0.058
0.058
0.058
0.058
0.058
0.058
0.058
0.058
0.058
0.058
0.058
0.058
0.058
0.058
0.058
0.058
0.058
0.058
0.058
0.058
0.058
0.058
0.058
0.058
0.058
0.058
0.058
0.058
0.058
0.058
0.058
0.058
0.058
0.058
0.058
0.058
0.058
0.058
0.058
0.058
0.058
0.058
0.058
0.058
0.058
0.058
0.058
0.058
0.058
0.163
0.163
0.163
0.163
0.163
0.163
0.163
0.163
0.163
0.163
0.163
0.163
0.163
0.163
0.163
0.163
0.163
0.163
0.058
0.058
0.058
0.058
0.058
0.058
0.058
0.058
0.058
0.058
0.058
0.058
0.058
0.058
0.058
0.058
0.058
0.058
0.058
0.058
0.058
0.058
0.058
0.058
0.058
0.058
0.058
0.058
0.058
0.058
0.058
0.058
0.058
0.058
0.058
0.058
0.058
0.058
0.058
0.058
0.058
0.058
0.058
0.058
0.058
0.058
0.058
0.058
0.058
0.058
0.058
0.058
0.058
0.058
0.058
0.058
0.058
0.058
0.058
0.058
0.163
0.163
0.163
0.163
0.163
0.163
0.163
0.163
0.163
0.163
0.163
0.163
0.163
0.163
0.163
0.163
0.163
0.163
0.058
0.058
0.058
0.058
0.058
0.058
0.058
0.058
0.058
0.058
0.058
0.058
0.058
0.058
0.058
0.058
0.058
0.058
0.058
0.058
0.058
0.058
0.058
0.058
0.058
0.058
0.058
0.058
0.058
0.058
0.058
0.058
0.058
0.058
0.058
0.058
0.058
0.058
0.058
0.058
0.058
0.058
0.058
0.058
0.058
0.058
0.058
0.058
0.058
0.163
0.163
0.163
0.163
0.163
0.163
0.163
0.163
0.163
0.163
0.163
0.163
0.163
0.163
0.163
0.163
0.163
0.163
0.058
0.058
0.058
0.058
0.058
0.058
0.058
0.058
0.058
0.058
0.058
0.058
0.058
0.058
0.058
0.058
0.058
0.058
0.058
0.058
0.058
0.058
0.058
0.058
0.058
0.058
0.058
0.058
0.058
0.058
0.058
0.058
0.058
0.058
0.058
0.058
0.058
0.058
0.058
0.058
0.058
0.058
0.058
0.058
0.058
0.058
0.058
0.058
0.058
0.058
0.058
0.058
0.058
0.058
0.058
0.058
0.163
0.163
0.163
0.163
0.163
0.163
0.163
0.163
0.163
0.163
0.163
0.163
0.163
0.163
0.163
0.163
0.163
0.163
0.058
0.058
0.058
0.058
0.058
0.058
0.058
0.058
0.058
0.058
0.058
0.058
0.058
0.058
0.058
0.058
0.058
0.058
0.058
0.058
0.058
0.058
0.058
0.058
0.058
0.058
0.058
0.058
0.058
0.058
0.058
0.058
0.058
0.058
0.058
0.058
0.058
0.058
0.058
0.058
0.058
0.058
0.163
0.163
0.163
0.163
0.163
0.163
0.163
0.163
0.163
0.163
0.163
0.163
0.163
0.163
0.163
0.163
0.163
0.163
0.058
0.058
0.058
0.058
0.058
0.058
0.058
0.058
0.058
0.058
0.058
0.058
0.058
0.058
0.058
0.058
0.058
0.058
0.058
0.058
0.058
0.058
0.058
0.058
0.058
0.058
0.058
0.058
0.058
0.058
0.058
0.058
0.058
0.058
0.058
0.056
0.116
0.056
0.056
0.056
0.056
1.909
1.909
1.909
0.068
0.173
0.173
0.233
0.173
0.173
0.233
0.173
0.206
0.194
0.194
0.194
0.194
0.194
0.194
0.194
0.234
0.234
0.234
0.089
0.089
0.089
0.089
0.089
0.089
0.129
0.089
0.089
0.089
0.089
0.089
0.109
0.169
0.169
0.169
0.169
0.169
0.219
0.219
0.219
0.219
0.219
0.219
0.159
0.159
0.219
0.139
0.159
0.159
0.139
0.139
0.319
0.319
0.319
0.319
0.319
0.391
0.379
0.319
0.319
0.319
0.281
0.281
0.281
0.281
0.281
0.281
0.281
0.331
0.331
0.331
0.331
0.331
0.331
0.271
0.271
0.271
0.271
0.271
0.271
0.271
0.238
0.238
0.238
0.238
0.238
0.238
0.238
0.238
0.238
0.238
0.238
0.238
0.188
0.188
0.2
0.2
0.2
0.2
0.14
1.981
1.981
1.969
0.161
0.161
0.161
0.161
0.161
0.161
0.161
0.266
0.326
0.326
0.266
0.266
0.266
0.266
0.266
0.266
0.266
0.266
0.266
0.266
0.266
0.266
0.266
0.266
0.266
0.161
0.161
0.161
0.161
0.161
0.161
0.161
0.161
0.161
0.161
0.161
0.161
0.101
0.116
0.104
0.104
0.104
2.045
2.045
2.045
0.264
0.264
0.204
0.204
0.204
0.204
0.204
0.264
0.264
0.264
0.314
0.314
0.314
0.314
0.314
0.314
0.314
0.314
0.314
0.374
0.374
0.374
0.374
0.374
0.374
0.374
0.374
0.434
0.401
0.414
0.414
0.414
0.414
0.414
0.414
0.414
0.414
0.414
0.414
0.414
0.414
0.414
0.414
0.414
0.414
0.414
0.414
0.426
0.426
0.426
0.426
0.426
0.426
0.471
0.471
0.471
0.471
0.471
0.471
0.471
0.471
0.471
0.471
0.471
0.471
0.421
0.406
0.406
0.406
0.406
0.406
0.301
0.301
0.301
0.341
0.341
0.341
0.341
0.341
0.341
0.301
0.301
0.301
0.301
0.301
0.301
0.313
0.313
0.313
0.3
0.459
0.459
0.447
0.447
0.321
0.321
0.321
0.321
0.321
0.321
0.321
0.321
0.321
0.261
0.261
0.249
0.249
0.249
0.249
0.249
0.249
0.249
0.249
0.249
0.249
0.249
0.249
0.262
0.262
0.262
0.262
0.262
0.262
0.262
0.162
0.162
0.202
0.202
0.202
0.202
0.202
0.202
0.202
0.202
0.214
0.214
0.214
0.214
0.214
0.214
0.214
0.214
0.214
0.214
0.214
0.214
0.202
0.202
0.202
0.214
0.214
0.242
0.202
0.202
0.202
0.202
0.202
0.262
0.262
0.262
0.262
0.262
0.262
0.229
0.229
0.189
0.189
0.294
0.294
0.294
0.294
0.294
0.294
0.254
0.314
0.314
0.314
0.301
2.202
2.202
2.142
0.351
0.351
0.301
0.301
0.196
0.208
0.208
0.318
0.318
0.318
0.318
0.318
0.351
0.477
0.477
0.477
0.477
0.477
0.477
0.477
0.477
0.477
0.477
0.477
0.49
0.47
0.47
0.485
0.485
0.485
0.497
0.497
0.527
0.467
0.467
0.467
0.467
0.467
0.467
0.467
0.467
0.455
0.329
0.319
0.319
0.379
0.379
0.319
0.331
0.331
0.331
0.331
0.331
0.331
0.319
0.319
0.319
0.359
0.419
0.419
0.379
0.379
0.379
0.379
0.379
0.379
0.379
0.319
0.329
0.329
0.329
0.269
0.058
0.058
0.058
0.058
0.058
0.058
0.058
0.058
0.058
0.058
0.058
0.058
0.058
0.058
0.058
0.058
0.058
0.058
0.058
0.058
0.058
0.058
0.163
0.163
0.163
0.163
0.163
0.163
0.163
0.163
0.163
0.163
0.163
0.163
0.163
0.163
0.163
0.163
0.163
0.163
0.058
0.058
0.058
0.058
0.058
0.058
0.058
0.058
0.058
0.058
0.117
0.117
0.167
0.167
0.167
0.283
0.283
0.283
0.333
0.293
0.058
0.058
0.058
0.058
0.058
0.058
0.058
0.058
0.058
0.058
0.058
0.058
0.058
0.058
0.058
0.058
0.058
0.058
0.058
0.058
0.058
0.058
0.058
0.058
0.058
0.058
0.058
0.058
0.058
0.058
