0.068
0.064
0.05800000000000001
0.05800000000000001
0.05800000000000001
0.05800000000000001
0.05800000000000001
0.06200000000000001
0.068
0.186
0.186
0.186
0.31779999999999997
0.24699999999999997
0.24699999999999997
0.24699999999999997
0.13960000000000003
0.068
0.068
0.068
0.068
0.068
0.068
0.068
0.068
0.11520000000000001
0.186
0.186
0.186
0.0916
0.068
0.068
0.068
0.068
0.1396
0.24699999999999997
0.24699999999999997
0.24699999999999997
0.24699999999999997
0.11520000000000001
0.186
0.186
0.186
0.0916
0.068
0.068
0.068
0.068
0.068
0.068
0.068
0.1396
0.24699999999999997
0.29419999999999996
0.365
0.365
0.186
0.0916
0.068
0.068
0.068
0.068
0.068
0.068
0.068
0.068
0.24699999999999997
0.24699999999999997
0.24699999999999997
0.24699999999999997
0.13960000000000003
0.11520000000000001
0.186
0.186
0.186
0.0916
0.068
0.068
0.068
0.1038
0.24699999999999997
0.24699999999999997
0.2706
0.365
0.2798
0.284
0.32520000000000004
0.25
0.328
0.262
0.22600000000000003
0.22600000000000003
0.22600000000000003
0.22600000000000003
0.421
0.46020000000000005
0.483
0.507
0.27559999999999996
0.16960000000000003
0.186
0.258
0.306
0.38280000000000003
0.462
0.454
0.44480000000000003
0.5938000000000001
0.789
0.7549999999999999
0.6652
0.6544000000000001
0.38180000000000003
0.322
0.322
0.322
0.322
0.322
0.294
0.22599999999999998
0.21200000000000002
0.152
0.152
0.152
0.152
0.152
0.1432
0.21259999999999998
0.32
0.8315999999999999
0.6348
0.42400000000000004
0.1768
2.469
2.511
2.4809999999999994
0.5785999999999999
0.10600000000000001
1.3462
0.10600000000000001
0.10600000000000001
0.3672
0.403
0.403
0.3558
0.21339999999999998
0.09
0.11600000000000002
0.191
0.1976
0.202
0.202
0.202
0.077
0.1714
0.195
0.2666
0.3504
0.27
0.326
0.326
0.147
0.1582
0.1666
0.178
0.189
0.068
0.068
0.068
0.068
0.068
0.068
0.068
0.068
0.199
0.365
0.365
0.365
0.2584
0.068
0.068
0.068
0.068
0.068
0.068
0.068
0.14300000000000002
0.271
0.23500000000000001
0.23899999999999996
0.2748
0.4652
0.536
0.488
0.6127999999999999
1.8701999999999999
2.8247999999999998
2.8760000000000003
1.954
0.507
0.48119999999999996
0.5763999999999999
0.55
0.5660000000000001
2.4124000000000003
2.769
2.925
1.4951999999999999
0.7134000000000001
0.7578000000000001
0.743
0.732
0.7762
0.5446000000000001
0.5606
0.599
0.611
0.7582
0.9466000000000001
0.5598000000000001
0.52
0.6700000000000002
0.744
0.5579999999999999
1.078
0.4149999999999999
0.49399999999999994
0.758
2.799
2.872
2.9080000000000004
2.8348000000000004
1.1918000000000002
0.8417999999999999
0.859
0.8122
0.7050000000000001
0.655
0.75
0.68
0.696
0.716
0.8949999999999999
0.8638
0.7952
0.7834
0.5588
0.5798
0.623
0.6170000000000001
0.5923999999999999
0.9713999999999998
1.4946000000000002
0.9880000000000001
0.35340000000000005
0.371
0.3242000000000001
0.259
0.258
0.25
0.16240000000000002
0.186
0.186
0.16240000000000002
0.068
0.1754
0.24699999999999997
0.24699999999999997
0.24699999999999997
0.2112
0.068
0.068
0.13879999999999998
0.186
0.186
0.186
0.068
0.068
0.068
0.068
0.068
0.068
0.068
0.068
0.068
0.068
0.068
0.1274
