0.07
0.07
0.10260000000000002
0.15719999999999998
0.21600000000000003
0.20400000000000001
0.262
0.314
0.359
0.344
0.072
0.072
0.10800000000000001
0.252
0.252
0.18
0.072
0.072
0.072
0.072
0.072
0.072
0.072
0.072
0.072
0.072
0.072
0.072
0.072
0.072
0.072
0.10800000000000001
0.252
0.252
0.18
0.072
0.072
0.072
0.072
0.072
0.072
0.072
0.072
0.072
0.072
0.072
0.072
0.072
0.21600000000000003
0.252
0.252
0.072
0.072
0.072
0.072
0.072
0.072
0.072
0.072
0.072
0.072
0.072
0.072
0.072
0.072
0.072
0.072
0.072
0.252
0.252
0.21600000000000003
0.072
0.072
0.072
0.072
0.072
0.072
0.072
0.072
0.072
0.072
0.072
0.252
0.252
0.37
0.262
0.32200000000000006
0.47639999999999993
0.379
0.21800000000000003
0.072
0.072
0.072
0.072
0.072
0.072
0.072
0.072
0.072
0.072
0.072
0.072
0.072
0.072
0.072
0.072
0.072
0.072
0.072
0.072
0.072
0.072
0.18
0.252
0.252
0.10800000000000001
0.081
0.081
0.081
0.081
0.081
0.1386
0.5496000000000001
2.136
2.136
2.1809999999999996
2.136
0.153
0.297
0.333
0.3264
0.142
0.142
0.142
0.142
0.142
0.142
0.142
0.142
0.21279999999999996
0.142
0.142
0.32080000000000003
0.322
0.3574
0.5268
0.7687999999999999
0.31179999999999997
0.5236
0.07
0.072
0.072
0.072
0.072
0.072
0.072
0.072
0.18
0.252
0.252
0.10800000000000001
0.072
0.072
0.072
0.072
0.072
0.072
0.072
0.072
0.072
0.072
0.072
0.1348
0.13
0.23000000000000004
0.23000000000000004
0.266
1.3302
0.262
0.17800000000000002
0.07
0.11800000000000002
0.136
0.1738
2.0122
2.5060000000000002
2.5204
1.1572
0.256
0.22000000000000003
0.22000000000000003
0.244
0.28
0.2822
0.28500000000000003
0.276
0.23600000000000004
0.3404
0.6781999999999999
0.691
0.583
0.511
0.591
0.5710000000000001
0.5071999999999999
0.34400000000000003
0.40800000000000003
0.43
0.4154
0.37540000000000007
0.298
0.3148
0.38520000000000004
0.366
0.366
0.366
0.366
0.40199999999999997
0.658
0.6659999999999999
0.5379999999999999
0.4282
0.421
0.421
0.4122
0.41
0.41
0.4196
0.446
0.45499999999999996
0.4022
0.40140000000000003
0.666
0.599
0.21600000000000003
0.072
0.072
0.072
0.072
0.072
0.072
0.072
0.072
0.072
0.072
0.072
0.072
0.10800000000000001
0.252
0.252
0.18
0.072
0.072
0.072
0.072
0.072
0.072
0.072
0.072
0.072
0.072
0.072
0.072
0.072
0.252
0.252
0.21600000000000003
0.072
0.072
0.072
0.072
0.072
0.10200000000000001
0.16599999999999998
0.21200000000000002
0.21200000000000002
0.072
0.072
0.072
0.072
0.072
0.072
0.072
0.072
0.21600000000000003
0.252
0.252
0.072
