0.071
0.071
0.071
0.071
0.071
0.071
0.071
0.071
0.061
0.061
0.061
0.061
0.061
0.061
0.061
0.061
0.061
0.061
0.061
0.061
0.061
0.061
0.061
0.061
0.061
0.061
0.061
0.061
0.061
0.061
0.061
0.061
0.061
0.061
0.061
0.061
0.061
0.061
0.071
0.071
0.071
0.071
0.071
0.071
0.071
0.071
0.071
0.071
0.071
0.071
0.071
0.071
0.071
0.071
0.071
0.071
0.071
0.071
0.071
0.071
0.071
0.071
0.071
0.071
0.071
0.071
0.071
0.071
0.071
0.071
0.071
0.071
0.071
0.071
0.071
0.071
0.071
0.071
0.071
0.071
0.071
0.071
0.071
0.071
0.071
0.071
0.071
0.071
0.17
0.17
0.17
0.17
0.17
0.17
0.17
0.17
0.17
0.17
0.17
0.17
0.17
0.17
0.17
0.17
0.17
0.17
0.071
0.071
0.071
0.071
0.071
0.071
0.071
0.071
0.071
0.071
0.071
0.071
0.071
0.071
0.071
0.071
0.071
0.071
0.071
0.071
0.071
0.071
0.071
0.071
0.071
0.071
0.071
0.071
0.071
0.071
0.249
0.249
0.249
0.249
0.249
0.249
0.249
0.249
0.249
0.249
0.44
0.44
0.44
0.44
0.539
0.539
0.539
0.539
0.539
0.539
0.361
0.361
0.361
0.361
0.361
0.361
0.361
0.361
0.361
0.361
0.361
0.361
0.071
0.071
0.071
0.071
0.071
0.071
0.071
0.071
0.071
0.071
0.071
0.071
0.071
0.071
0.071
0.071
0.071
0.071
0.071
0.071
0.071
0.071
0.071
0.071
0.071
0.071
0.071
0.071
0.071
0.071
0.071
0.071
0.071
0.071
0.071
0.071
0.071
0.249
0.249
0.249
0.249
0.249
0.249
0.249
0.249
0.249
0.249
0.44
0.44
0.44
0.539
0.539
0.539
0.539
0.539
0.539
0.539
0.361
0.361
0.361
0.361
0.361
0.361
0.361
0.361
0.361
0.361
0.361
0.262
0.071
0.071
0.071
0.071
0.071
0.071
0.071
0.071
0.071
0.071
0.071
0.071
0.071
0.071
0.071
0.071
0.071
0.071
0.071
0.071
0.071
0.071
0.071
0.071
0.071
0.071
0.071
0.071
0.071
0.071
0.071
0.071
0.071
0.071
0.071
0.071
0.071
0.071
0.071
0.071
0.071
0.071
0.249
0.249
0.249
0.44
0.44
0.44
0.44
0.44
0.44
0.44
0.44
0.539
0.539
0.539
0.539
0.539
0.539
0.539
0.539
0.539
0.361
0.361
0.361
0.361
0.361
0.17
0.17
0.17
0.17
0.071
0.071
0.071
0.071
0.071
0.071
0.071
0.071
0.071
0.071
0.071
0.071
0.071
0.071
0.071
0.071
0.071
0.071
0.071
0.071
0.071
0.071
0.071
0.071
0.071
0.071
0.071
0.071
0.071
0.071
0.071
0.071
0.071
0.071
0.071
0.071
0.071
0.071
0.071
0.071
0.361
0.361
0.361
0.539
0.539
0.539
0.539
0.539
0.539
0.539
0.539
0.539
0.539
0.539
0.539
0.539
0.539
0.539
0.44
0.44
0.44
0.44
0.249
0.071
0.071
0.071
0.071
0.071
0.071
0.071
0.071
0.071
0.071
0.071
0.071
0.071
0.071
0.071
0.071
0.071
0.071
0.071
0.071
0.071
0.071
0.071
0.071
0.071
0.071
0.071
0.071
0.071
0.071
0.071
0.071
0.071
0.071
0.071
0.071
0.071
0.071
0.071
0.069
0.069
0.247
0.247
0.247
0.262
0.262
0.262
0.262
0.322
0.249
0.249
0.249
0.249
0.249
0.44
0.44
0.44
0.44
0.44
0.44
0.44
0.262
0.262
0.262
0.262
0.262
0.262
0.262
0.262
0.262
0.262
0.262
0.262
0.262
0.262
0.262
0.071
0.071
0.071
0.071
0.071
0.071
0.071
0.071
0.071
0.071
0.071
0.071
0.071
0.071
0.071
0.071
0.071
0.071
0.071
0.071
0.071
0.071
0.071
0.144
0.144
0.144
0.204
0.264
0.264
0.442
0.502
0.502
0.502
0.502
0.502
0.462
0.462
0.402
0.402
0.402
0.402
0.402
0.462
0.402
0.402
0.402
0.593
0.593
0.593
0.415
0.415
0.435
0.435
0.435
0.435
0.435
0.495
0.475
0.475
0.475
0.475
0.475
0.475
0.535
0.535
2.34
2.34
2.34
0.264
0.264
0.264
0.264
0.264
0.071
0.071
0.071
0.071
0.071
0.071
0.071
0.071
0.071
0.071
0.071
0.071
0.071
0.071
0.071
0.071
0.071
0.071
0.071
0.071
0.071
0.071
0.071
0.249
0.249
0.249
0.249
0.249
0.249
0.249
0.249
0.249
0.348
0.348
0.348
0.348
0.348
0.348
0.348
0.348
0.539
0.539
0.539
0.361
0.361
0.361
0.361
0.361
0.361
0.361
0.262
0.262
0.262
0.262
0.262
0.262
0.262
0.262
0.262
0.262
0.262
0.262
0.071
0.071
0.071
0.071
0.071
0.071
0.071
0.071
0.071
0.071
0.071
0.071
0.071
0.071
0.071
0.071
0.071
0.071
0.084
0.084
0.084
0.084
0.084
0.069
0.069
1.954
1.954
1.954
0.069
0.069
0.069
0.168
0.168
0.168
0.168
0.168
0.168
0.168
0.168
0.168
0.168
0.228
0.228
0.228
0.228
0.228
0.334
0.334
0.334
0.235
0.235
0.426
0.426
0.426
0.426
0.426
0.426
0.426
0.426
0.426
0.426
0.426
0.604
0.604
0.604
0.604
0.604
0.604
0.604
0.604
0.604
0.604
0.62
0.429
0.429
0.429
0.429
0.429
0.429
0.429
0.429
0.429
0.251
0.251
0.251
0.251
0.251
0.251
0.071
0.071
0.071
0.071
0.071
0.071
0.071
0.071
0.071
0.071
0.071
0.071
0.071
0.071
0.071
0.071
0.071
0.071
0.071
0.071
0.071
0.071
0.071
0.071
0.071
0.071
0.071
0.071
0.071
0.071
0.071
0.071
0.071
0.071
0.262
0.262
0.262
0.262
0.262
0.262
0.262
0.262
0.262
0.262
0.262
0.262
0.262
0.262
0.262
0.262
0.262
0.361
0.361
0.361
0.361
0.361
0.17
0.17
0.348
0.348
0.348
0.348
0.348
0.348
0.348
0.348
0.348
0.348
0.348
0.249
0.249
0.249
0.249
0.249
0.249
0.249
0.249
0.249
0.071
0.071
0.071
0.071
0.071
0.071
0.071
0.071
0.071
0.071
0.071
0.071
0.071
0.071
0.071
0.071
0.071
0.071
0.071
0.071
0.071
0.071
0.071
0.071
0.071
0.071
0.071
0.071
0.071
0.071
0.071
0.071
0.071
0.071
0.071
0.071
0.071
0.071
0.262
0.262
0.262
0.262
0.262
0.44
0.44
0.44
0.44
0.44
0.44
0.44
0.44
0.44
0.44
0.44
0.44
0.44
0.44
0.44
0.44
0.44
0.249
0.249
0.369
0.191
0.191
0.191
0.191
0.085
0.085
0.085
0.085
0.085
0.085
0.085
0.085
0.085
0.085
0.085
0.085
0.085
0.085
0.085
0.085
0.085
0.085
0.085
0.085
0.085
0.085
0.085
0.085
0.085
0.085
0.085
0.085
0.085
0.085
0.085
0.085
0.085
2.088
2.088
2.088
2.088
2.088
2.088
2.108
2.266
2.266
2.266
2.266
2.266
2.266
2.266
2.266
2.266
2.266
2.286
2.286
2.27
0.267
0.267
0.564
0.564
0.544
0.544
0.544
0.366
0.366
0.366
0.366
0.366
0.366
0.366
0.366
0.366
0.366
0.426
0.426
0.426
0.426
0.426
0.426
0.438
0.434
0.434
0.434
0.434
0.434
0.434
0.434
0.434
0.434
0.434
0.434
0.434
0.434
0.454
0.454
0.434
0.334
0.334
0.235
0.235
0.34
2.384
2.279
2.339
2.339
2.339
2.339
2.339
0.071
0.071
0.071
0.071
0.071
0.071
0.071
0.071
0.071
0.071
0.071
0.071
0.071
0.071
0.071
0.071
0.071
0.071
0.071
0.071
0.262
0.262
0.262
0.262
0.262
0.44
0.44
0.44
0.539
0.539
0.539
0.539
0.539
0.539
0.539
0.539
0.539
0.539
0.539
0.539
0.539
0.539
0.348
0.348
0.348
0.17
0.071
0.071
0.071
0.071
0.071
0.071
0.071
0.071
0.071
0.071
0.071
0.071
0.071
0.071
0.071
0.071
0.071
0.071
0.071
0.071
0.071
0.071
0.071
0.071
0.071
0.071
0.071
0.071
0.071
0.071
0.071
0.071
0.071
0.071
0.071
0.071
0.071
0.071
0.071
0.071
0.071
0.071
0.071
0.071
0.071
0.071
0.071
0.071
0.071
0.262
0.262
0.262
0.262
0.262
0.262
0.262
0.262
0.262
0.262
0.262
0.262
0.361
0.361
0.361
0.361
0.361
0.361
0.361
0.361
0.361
0.361
0.348
0.348
0.348
0.348
0.348
0.348
0.348
0.348
0.249
0.249
0.249
0.249
0.249
0.249
0.249
0.249
0.249
0.249
0.249
0.249
0.071
0.071
0.071
0.071
0.071
0.071
0.071
0.071
0.071
0.071
0.071
0.071
0.071
0.071
0.071
0.071
0.071
0.071
0.071
0.071
0.071
0.071
0.071
0.071
0.17
0.17
0.17
0.17
0.17
0.17
0.17
0.361
0.361
0.361
0.361
0.361
0.361
0.361
0.361
0.361
0.361
0.361
0.262
0.262
0.262
0.262
0.262
0.262
0.262
0.262
0.262
0.262
0.262
0.071
0.071
0.071
0.071
0.071
0.071
0.071
0.071
0.071
0.071
0.071
0.071
0.071
0.071
0.071
0.071
0.071
0.071
0.071
0.071
0.071
0.071
0.071
0.071
0.071
0.071
0.071
0.071
0.249
0.249
0.249
0.249
0.249
0.249
0.249
0.249
0.249
0.249
0.249
0.249
0.249
0.249
0.249
0.249
0.249
0.249
0.249
0.249
0.071
0.071
0.071
0.071
0.071
0.071
0.071
0.071
0.071
0.071
0.071
0.071
0.071
0.071
0.071
0.071
0.071
0.071
0.071
0.071
0.071
0.071
0.071
0.071
0.071
0.071
0.071
0.071
0.071
0.262
0.361
0.361
0.361
0.361
0.361
0.361
0.361
0.361
0.361
0.361
0.361
0.361
0.361
0.361
0.361
0.361
0.361
0.361
0.262
0.262
0.262
0.071
0.071
0.071
0.071
0.071
0.071
0.071
0.071
0.071
0.071
0.071
0.071
0.071
0.071
0.071
0.071
0.071
0.071
0.071
0.249
0.249
0.249
0.249
0.249
0.249
0.249
0.249
0.249
0.249
0.249
0.249
0.249
0.249
0.249
0.249
0.249
0.249
0.249
0.249
0.071
0.071
0.071
0.071
0.071
0.071
0.071
0.071
0.071
0.071
0.071
0.071
0.071
0.071
0.262
0.262
0.262
0.262
0.262
0.262
0.262
0.262
0.262
0.262
0.262
0.262
0.262
0.262
0.262
0.262
0.262
0.262
0.262
0.262
0.262
0.262
0.071
0.071
0.071
0.071
0.17
0.17
0.17
0.17
0.17
0.348
0.348
0.348
0.348
0.348
0.348
0.348
0.348
0.348
0.348
0.348
0.348
0.348
0.249
0.249
0.249
0.249
0.249
0.249
0.249
0.071
0.071
0.071
0.071
0.071
0.071
0.071
0.071
0.071
0.071
0.071
0.071
0.071
0.071
0.071
0.071
0.071
0.262
0.262
0.262
0.262
0.262
0.262
0.262
0.262
0.262
0.262
0.262
0.262
0.262
0.262
0.262
0.262
0.262
0.262
0.262
0.262
2.41
2.41
2.219
2.219
2.219
2.219
2.318
2.318
2.318
0.334
0.334
0.274
0.274
0.274
0.274
0.274
0.274
0.274
0.274
0.402
0.402
0.402
0.402
0.402
0.323
0.323
0.323
0.323
0.323
0.323
0.071
0.071
0.071
0.071
0.071
0.071
0.071
0.071
0.249
0.249
0.249
0.249
0.249
0.249
0.249
0.249
0.249
0.249
0.249
0.249
0.249
0.249
0.249
0.249
0.249
0.249
0.249
0.249
0.071
0.071
0.071
0.071
0.071
0.071
0.071
0.071
0.071
0.071
0.071
0.071
0.071
0.071
0.071
0.071
0.071
0.17
0.17
0.17
0.17
0.361
0.361
0.361
0.361
0.361
0.361
0.361
0.361
0.361
0.361
0.361
