0.05600000000000002
0.04800000000000001
0.05000000000000001
0.058000000000000024
0.058000000000000024
0.058000000000000024
0.2131333333333334
0.16539999999999996
0.058000000000000024
0.058000000000000024
0.058000000000000024
0.23700000000000007
0.14153333333333334
0.058000000000000024
0.058000000000000024
0.14153333333333334
0.23700000000000007
0.058000000000000024
0.058000000000000024
0.058000000000000024
0.19106666666666663
0.3648
0.44926666666666665
0.28433333333333327
0.09380000000000001
0.23700000000000007
0.10573333333333337
0.058000000000000024
0.058000000000000024
0.058000000000000024
0.058000000000000024
0.10300000000000001
0.35859999999999986
0.8609333333333333
0.5784666666666669
1.3946666666666663
2.4093333333333335
0.5097333333333334
0.3614666666666666
0.12999999999999995
0.12999999999999995
0.15359999999999993
0.16539999999999994
0.3774
0.2927333333333333
0.058000000000000024
0.058000000000000024
0.09380000000000001
0.23700000000000007
0.10573333333333337
0.058000000000000024
0.058000000000000024
0.1534666666666667
0.22506666666666672
0.058000000000000024
0.058000000000000024
0.058000000000000024
0.1892666666666667
0.18926666666666667
0.058000000000000024
0.058000000000000024
0.058000000000000024
0.058000000000000024
0.1892666666666667
0.18926666666666667
0.058000000000000024
0.058000000000000024
0.058000000000000024
0.12960000000000002
0.23700000000000007
0.07926666666666667
0.36760000000000004
0.8999333333333333
0.3592
0.5360666666666667
1.2733333333333332
1.697933333333333
1.6898666666666666
2.302066666666667
1.1020666666666665
0.10573333333333336
0.23700000000000007
0.09380000000000004
0.058000000000000024
0.058000000000000024
0.058000000000000024
0.22506666666666672
0.15346666666666664
0.058000000000000024
0.058000000000000024
0.058000000000000024
0.058000000000000024
0.058000000000000024
0.058000000000000024
0.2131333333333334
0.16539999999999996
