0.35300000000000004
0.5666
0.745
0.71
0.7068
0.6020000000000001
0.488
0.2162
0.065
0.05700000000000001
0.05700000000000001
0.05700000000000001
0.05700000000000001
0.089
0.219
0.227
0.227
0.195
0.067
0.067
0.067
0.067
0.067
0.067
0.067
0.067
0.067
0.067
0.067
0.067
0.067
0.227
0.227
0.227
0.227
0.067
0.067
0.067
0.067
0.067
0.067
0.067
0.067
0.067
0.067
0.195
0.227
0.227
0.227
0.099
0.067
0.0898
0.157
0.193
0.20299999999999999
0.16
0.20800000000000002
0.26
0.26
0.23600000000000004
0.3
0.26
0.26
0.15219999999999997
0.067
0.067
0.067
0.16299999999999998
0.227
0.227
0.227
0.131
0.067
0.067
0.067
0.067
0.067
0.067
0.067
0.067
0.067
0.067
0.099
0.227
0.227
0.227
0.195
0.067
0.067
0.067
0.067
0.067
0.067
0.067
0.067
0.067
0.067
0.067
0.067
0.067
0.16299999999999998
0.227
0.227
0.227
0.131
0.067
0.067
0.067
0.067
0.067
0.067
0.067
0.067
0.067
0.067
0.067
0.067
0.067
0.067
0.067
0.067
0.067
0.067
0.067
0.067
0.067
0.067
0.16299999999999998
0.227
0.227
0.227
0.131
0.067
0.067
0.067
0.067
0.067
0.067
0.067
0.067
0.067
0.067
0.067
0.067
0.067
0.067
0.067
0.067
0.067
0.067
0.099
0.227
0.227
0.227
0.195
0.067
0.067
0.067
0.067
0.067
0.067
0.067
0.067
0.067
0.067
0.067
0.067
0.067
0.227
0.227
0.227
0.227
0.067
0.067
0.067
0.067
0.067
0.067
0.067
0.067
0.067
0.067
0.067
0.067
0.067
0.195
0.227
0.227
0.227
0.099
0.067
0.067
0.067
0.067
0.067
0.067
0.067
0.067
0.067
0.067
0.067
0.067
0.067
0.067
0.067
0.067
0.227
0.227
0.227
0.227
0.067
0.067
0.067
0.0658
0.10500000000000001
0.11699999999999999
0.165
0.173
0.277
0.285
0.297
0.312
0.312
0.41600000000000004
0.44800000000000006
0.36400000000000005
0.418
0.37
0.45
0.422
0.37799999999999995
0.5379999999999999
0.57
0.615
0.655
0.527
0.475
0.29500000000000004
0.23499999999999996
0.175
0.17099999999999999
0.165
0.165
0.165
0.23179999999999995
0.366
0.5539999999999999
0.622
0.718
0.71
0.614
0.626
0.522
0.44200000000000006
0.402
0.42600000000000005
0.402
0.4499999999999999
0.509
0.24699999999999997
0.067
0.195
0.227
0.227
0.227
0.099
0.067
0.067
0.067
0.067
0.067
0.067
0.067
0.067
0.067
0.067
0.067
0.067
0.067
0.227
0.227
0.227
0.227
0.067
0.067
0.067
0.067
0.067
