0.064
0.064
0.064
0.068
0.074
0.074
0.072
0.072
0.072
0.3322
0.446
0.5619999999999999
0.261
0.22360000000000002
0.074
0.074
0.074
0.074
0.074
0.074
0.10840000000000001
0.246
0.246
0.17719999999999997
0.11139999999999999
0.261
0.261
0.261
0.261
0.11140000000000001
0.074
0.074
0.074
0.074
0.074
0.074
0.074
0.074
0.074
0.261
0.3642
0.433
0.433
0.18319999999999997
0.074
0.074
0.074
0.074
0.074
0.074
0.074
0.074
0.074
0.074
0.10840000000000001
0.39560000000000006
0.433
0.3642
0.261
0.18619999999999998
0.074
0.074
0.074
0.074
0.074
0.074
0.074
0.074
0.074
0.22360000000000002
0.261
0.261
0.261
0.18619999999999998
0.074
0.074
0.074
0.074
0.074
0.074
0.10840000000000001
0.246
0.246
0.17719999999999997
0.261
0.261
0.261
0.261
0.1488
0.074
0.074
0.074
0.074
0.074
0.074
0.246
0.246
0.3612
0.261
0.261
0.261
0.18619999999999998
0.074
0.074
0.074
0.074
0.074
0.074
0.074
0.074
0.1862
0.261
0.261
0.261
0.47919999999999996
0.364
0.246
0.074
0.074
0.074
0.074
0.074
0.074
0.1488
0.261
0.261
0.261
0.261
0.074
0.074
0.074
0.074
0.14279999999999998
0.246
0.246
0.14279999999999998
0.074
0.1488
0.261
0.261
0.261
0.261
0.074
0.074
0.074
0.074
0.10840000000000001
0.246
0.246
0.17719999999999997
0.074
0.074
0.192
0.192
0.192
0.274
0.391
1.5130000000000001
0.391
0.6806000000000001
0.20400000000000001
0.20400000000000001
0.2384
0.376
0.376
0.32720000000000005
0.304
0.2968
0.2968
0.3562
0.45100000000000007
0.5579999999999999
0.6618
0.5936
2.1104
2.359
2.359
2.4450000000000003
1.1111999999999997
0.318
0.45760000000000006
0.531
0.5960000000000001
0.6454
0.843
0.8484
0.7392000000000001
0.692
1.6584000000000003
1.279
0.8620000000000001
0.7726000000000001
2.131
3.0767999999999995
2.975
2.0101999999999998
0.8618
1.131
1.2366000000000001
1.7746
1.3344
1.222
1.0977999999999999
0.889
0.905
0.9490000000000001
0.9730000000000001
0.9936
1.036
1.1468
1.1778
1.048
1.1418000000000001
3.0496000000000003
3.4608000000000003
3.2688
1.9527999999999999
1.0878
0.901
0.7586
0.8518000000000001
0.9490000000000001
1.0448
1.108
1.08
0.9411999999999999
0.9468
1.033
0.985
0.8914
0.961
0.842
0.834
0.9184000000000001
0.9983999999999998
1.0099999999999998
1.0303999999999998
1.2688
1.1544
1.0909999999999997
1.151
1.275
1.4150000000000003
1.3958
1.34
1.3619999999999999
1.341
1.3044
1.286
1.4114
1.5064
1.6458
1.504
1.422
1.242
1.3258
1.466
1.5088000000000001
1.5741999999999998
1.465
1.042
1.062
1.0399999999999998
2.164
1.5874000000000001
3.3238
3.1789999999999994
3.191
3.1656
3.425
1.7526
1.2952
1.2151999999999998
1.003
1.0210000000000001
1.081
0.074
0.14279999999999998
0.246
0.246
0.14279999999999998
0.074
0.1862
0.261
0.261
0.257
0.2136
0.064
