0.07099999999999998
0.0887333333333333
0.247
0.11059999999999998
0.07499999999999998
0.12699999999999997
0.4242666666666668
0.19706666666666678
0.07499999999999998
0.07499999999999998
0.07499999999999998
0.07499999999999998
0.3118
0.3615333333333334
0.07499999999999998
0.07499999999999998
0.114
0.4480000000000002
0.18633333333333343
0.07499999999999998
0.07499999999999998
0.07499999999999998
0.166
0.2700000000000001
0.07499999999999998
0.07499999999999998
0.07499999999999998
0.20500000000000002
0.6968000000000001
0.5303333333333334
0.8641333333333333
0.14620000000000002
0.088
0.2700000000000001
0.15300000000000002
0.07499999999999998
1.2361333333333335
2.5395333333333334
0.6161999999999999
0.7046666666666669
0.32033333333333325
0.4109999999999998
0.6906000000000002
0.7825333333333334
0.4711999999999999
0.6419999999999999
0.5889333333333334
0.9733999999999996
0.6560666666666669
0.6820000000000003
0.1343333333333333
0.07499999999999998
0.07499999999999998
0.07499999999999998
0.2818666666666667
0.3440000000000001
0.5506
0.46206666666666674
0.8285333333333332
0.7344666666666666
0.5245333333333333
0.8834666666666668
0.7172666666666666
0.7160000000000001
0.6486666666666667
0.9989333333333332
0.6009333333333331
0.46633333333333327
0.6793333333333335
0.469
0.6166
0.7469999999999998
0.46793333333333326
0.659
0.9672666666666666
0.7687999999999998
0.5568000000000001
0.5630666666666669
0.6473999999999999
1.2659999999999998
1.3732
2.161
3.4630666666666667
1.2650666666666663
0.9926666666666667
0.8599333333333334
1.4974666666666665
1.3797333333333335
0.9307999999999996
1.0608666666666664
1.0959333333333332
0.9224666666666667
0.11399999999999996
0.21740000000000007
0.16993333333333344
0.07499999999999998
