0.06
0.06
0.06
0.06
0.06
0.06
0.06
0.06
0.06
0.06
0.06
0.06
0.06
0.06
0.06
0.06
0.06
0.06
0.06
0.06
0.06
0.06
0.06
0.06
0.06
0.06
0.06
0.07
0.07
0.07
0.07
0.07
0.07
0.07
0.185
0.185
0.185
0.185
0.185
0.185
0.185
0.185
0.185
0.185
0.185
0.185
0.185
0.185
0.185
0.185
0.185
0.185
0.07
0.07
0.07
0.07
0.07
0.07
0.07
0.07
0.07
0.07
0.07
0.07
0.07
0.07
0.07
0.07
0.07
0.07
0.07
0.07
0.07
0.07
0.07
0.07
0.07
0.07
0.07
0.07
0.07
0.07
0.07
0.07
0.07
0.07
0.07
0.07
0.07
0.07
0.07
0.07
0.07
0.07
0.07
0.07
0.07
0.07
0.07
0.07
0.07
0.07
0.07
0.07
0.07
0.07
0.07
0.07
0.07
0.07
0.07
0.07
0.07
0.07
0.07
0.07
0.07
0.07
0.07
0.07
0.07
0.07
0.07
0.07
0.07
0.07
0.07
0.07
0.07
0.07
0.07
0.07
0.07
0.07
0.07
0.07
0.07
0.07
0.07
0.07
0.07
0.07
0.07
0.07
0.07
0.07
0.07
0.07
0.07
0.07
0.07
0.07
0.07
0.07
0.07
0.07
0.07
0.07
0.07
0.07
0.07
0.07
0.07
0.07
0.07
0.07
0.185
0.185
0.185
0.185
0.185
0.185
0.185
0.185
0.185
0.185
0.185
0.185
0.185
0.185
0.185
0.185
0.185
0.185
0.07
0.07
0.07
0.07
0.07
0.07
0.07
0.07
0.07
0.07
0.07
0.07
0.07
0.07
0.07
0.07
0.07
0.07
0.07
0.07
0.07
0.07
0.07
0.07
0.07
0.07
0.07
0.07
0.07
0.07
0.07
0.07
0.07
0.07
0.07
0.07
0.07
0.07
0.07
0.07
0.07
0.185
0.185
0.185
0.185
0.185
0.185
0.185
0.185
0.185
0.185
0.185
0.185
0.185
0.185
0.185
0.185
0.185
0.185
0.07
0.07
0.07
0.07
0.07
0.07
0.07
0.07
0.07
0.07
0.07
0.07
0.07
0.07
0.07
0.07
0.07
0.07
0.07
0.07
0.07
0.07
0.07
0.07
0.07
0.07
0.07
0.07
0.07
0.07
0.07
0.07
0.07
0.07
0.07
0.07
0.07
0.07
0.07
0.07
0.07
0.07
0.07
0.07
0.185
0.185
0.185
0.185
0.185
0.185
0.185
0.185
0.185
0.185
0.185
0.185
0.185
0.185
0.185
0.185
0.185
0.185
0.07
0.07
0.07
0.07
0.07
0.07
0.07
0.07
0.07
0.07
0.07
0.07
0.07
0.07
0.07
0.07
0.07
0.07
0.07
0.07
0.07
0.07
0.07
0.07
0.07
0.07
0.07
0.07
0.07
0.07
0.07
0.07
0.07
0.07
0.07
0.07
0.07
0.07
0.07
0.07
0.07
0.07
0.07
0.07
0.07
0.07
0.07
0.07
0.07
0.07
0.07
0.07
0.07
0.07
0.07
0.07
0.07
0.07
0.07
0.07
0.07
0.07
0.07
0.07
0.07
0.07
0.07
0.07
0.07
0.07
0.07
0.07
0.07
0.07
0.07
0.185
0.185
0.185
0.185
0.185
0.185
0.185
0.185
0.185
0.185
0.183
0.183
0.183
0.183
0.218
0.218
0.218
0.218
0.103
0.103
0.103
0.163
0.163
0.163
0.163
0.163
0.172
0.302
0.302
0.302
0.302
0.302
0.302
0.302
0.302
0.302
0.302
0.302
0.302
0.302
0.302
0.302
0.302
0.302
0.352
0.352
0.352
0.352
0.302
0.267
0.342
0.442
0.442
0.442
0.442
0.442
0.442
0.477
0.477
0.477
0.477
0.477
0.477
0.468
0.468
0.468
0.568
0.568
0.577
0.577
0.07
0.07
0.07
0.07
0.07
0.07
0.07
0.07
0.07
0.07
0.07
0.07
0.07
0.07
0.07
0.07
0.07
0.07
0.07
0.07
0.07
0.07
0.07
0.07
0.07
0.07
0.07
0.07
0.07
0.07
0.07
0.07
0.07
0.07
0.07
0.07
0.07
0.07
0.07
0.07
0.185
0.185
0.185
0.185
0.185
0.185
0.185
0.185
0.185
0.185
0.185
0.185
0.185
0.185
0.185
0.185
0.185
0.185
0.07
0.07
0.07
0.07
0.07
0.07
0.07
0.07
0.07
0.07
0.07
0.07
0.07
0.07
0.07
0.07
0.07
0.07
0.07
0.07
0.07
0.07
0.07
0.07
0.07
0.07
0.07
0.07
0.07
0.07
0.07
0.07
0.07
0.07
0.07
0.07
0.07
0.07
0.185
0.185
0.185
0.185
0.313
0.313
0.313
0.313
0.313
0.313
0.313
0.313
0.313
0.313
0.313
0.313
0.313
0.313
0.198
0.198
0.198
0.198
0.198
0.198
0.198
0.198
0.198
0.198
0.198
0.198
0.496
0.496
0.496
0.534
0.236
0.236
0.236
0.236
0.236
0.236
0.236
0.236
0.236
0.236
0.236
0.236
0.236
0.236
0.236
0.236
0.236
0.311
0.311
0.311
0.236
0.236
0.236
0.236
0.236
0.351
0.363
0.363
0.363
0.363
0.363
0.363
2.38
2.38
2.38
2.38
2.38
2.38
2.38
2.38
0.185
0.185
0.185
0.07
0.07
0.07
0.07
0.07
0.07
0.07
0.07
0.07
0.07
0.07
0.07
0.07
0.07
0.07
0.07
0.07
0.07
0.07
0.07
0.07
0.07
0.07
0.07
0.07
0.07
0.07
0.07
0.07
0.07
0.07
0.07
0.07
0.07
0.07
0.07
0.07
0.07
0.07
0.07
0.07
0.07
0.07
0.07
0.07
0.07
0.07
0.07
0.07
0.07
0.07
0.07
0.07
0.07
0.07
0.07
0.07
0.07
0.07
0.07
0.07
0.07
0.07
0.07
0.07
0.07
0.07
0.07
0.07
0.07
0.07
0.07
0.07
0.07
0.07
0.07
0.07
0.07
0.07
0.07
0.07
0.07
0.07
0.07
0.07
0.07
0.07
0.07
0.07
0.07
0.07
0.185
0.185
0.185
0.185
0.185
0.185
0.185
0.185
0.185
0.185
0.185
0.185
0.185
0.185
0.185
0.185
0.185
0.185
0.07
0.07
0.07
0.07
0.07
0.07
0.07
0.07
0.07
0.07
0.07
0.07
0.07
0.07
0.07
0.07
0.07
0.07
0.07
0.07
0.07
0.07
0.07
0.07
0.07
0.07
0.07
0.07
0.07
0.07
0.07
0.07
0.07
0.07
0.07
0.07
0.07
0.07
0.07
0.07
0.07
0.07
0.07
0.07
0.07
0.07
0.07
0.07
0.07
0.07
0.07
0.07
0.07
0.07
0.07
0.07
0.07
0.07
2.265
2.265
2.265
2.265
2.135
2.135
2.135
2.135
2.135
2.135
2.135
2.135
0.118
0.118
0.118
0.118
0.118
0.118
1.837
1.837
1.837
0.118
0.118
0.118
0.118
0.118
0.118
0.118
0.118
0.118
0.118
0.118
0.08
0.08
0.08
0.08
0.08
0.08
0.08
0.08
0.195
0.195
0.195
0.195
0.195
0.195
0.183
0.183
0.183
0.183
0.183
0.183
0.183
0.183
0.233
0.183
0.183
0.183
0.068
0.068
0.068
0.068
0.068
0.068
0.198
0.198
0.198
0.198
0.198
0.198
0.198
0.198
0.198
0.209
0.209
0.209
0.209
0.209
0.209
0.079
0.079
0.079
0.213
0.213
0.213
0.213
0.213
0.213
0.213
0.213
0.213
0.213
0.213
0.213
0.213
0.213
0.213
0.213
0.213
0.213
0.213
0.213
0.213
0.213
0.213
0.213
0.213
0.288
0.241
0.241
0.291
0.291
0.406
0.406
0.466
0.378
0.328
0.328
1.398
1.398
1.398
1.398
1.398
1.398
1.407
1.407
1.407
1.473
1.473
1.473
1.358
1.358
1.358
1.358
1.358
1.383
1.418
1.418
1.418
1.383
1.383
1.383
1.383
1.383
1.383
1.383
1.372
1.372
0.362
0.362
0.362
0.362
0.362
0.362
0.362
0.362
0.362
2.081
2.021
2.021
0.302
0.302
0.302
0.302
0.302
0.302
0.302
0.302
0.302
0.302
0.302
0.362
0.362
0.362
0.362
0.362
0.362
0.362
0.362
0.362
0.422
0.422
0.422
0.422
0.422
0.422
0.422
0.362
0.362
0.362
0.362
0.362
0.362
0.362
0.362
0.362
0.362
0.362
0.362
0.362
0.362
0.362
0.362
0.362
0.302
0.302
0.302
0.302
0.302
0.302
0.377
0.302
0.302
0.302
0.302
0.302
0.302
0.302
0.302
0.362
0.362
0.362
0.362
0.362
0.362
0.362
0.397
0.397
0.397
0.397
0.362
0.362
0.362
0.362
0.362
0.362
0.362
0.362
0.428
0.488
0.488
0.488
0.488
0.488
0.488
0.488
0.598
0.598
0.598
0.633
0.605
0.72
0.685
0.685
0.685
0.66
0.66
0.66
0.66
0.61
0.61
0.61
2.389
2.389
2.329
0.61
0.61
0.61
0.68
0.565
0.565
0.565
0.565
0.565
0.565
0.565
0.64
0.64
0.652
0.652
0.95
0.95
0.82
0.82
0.522
0.522
0.522
2.664
2.664
2.664
2.664
2.664
2.664
2.714
2.714
2.714
2.774
2.774
2.809
2.759
2.759
2.759
2.759
2.819
2.819
4.538
4.538
4.538
2.819
2.759
2.828
2.79
2.79
2.79
0.648
0.648
0.648
0.648
0.659
0.599
0.599
0.599
0.659
0.694
0.763
0.763
0.754
0.694
0.694
0.694
0.634
0.799
0.749
0.749
0.749
0.749
0.749
0.749
0.649
0.649
0.649
0.649
0.649
0.649
0.649
0.649
0.649
0.649
0.687
0.572
0.572
0.572
0.572
0.572
0.572
0.572
0.572
0.572
0.69
0.69
0.69
0.69
0.655
0.655
0.655
0.655
0.655
0.655
0.715
0.655
0.655
0.655
0.655
0.655
0.655
0.655
0.655
0.655
0.655
0.655
0.56
0.56
0.521
0.521
0.521
0.521
0.636
0.636
0.736
0.736
0.736
0.725
0.725
0.595
0.595
0.495
0.53
0.53
0.53
0.63
0.63
0.641
0.775
0.7
0.585
0.585
2.319
2.319
2.259
0.54
2.259
2.259
2.259
0.54
0.54
0.54
0.505
0.58
0.545
0.47
0.47
0.432
0.432
0.432
0.432
0.432
0.432
0.47
0.47
0.47
0.47
0.505
0.505
0.505
0.505
0.505
0.505
0.47
0.47
0.47
0.47
0.47
0.47
0.47
0.47
0.47
0.47
0.47
0.47
0.47
0.47
0.47
0.482
0.482
0.482
0.432
0.432
0.432
0.432
0.432
0.432
0.432
0.432
0.432
0.467
0.542
0.542
0.542
0.542
0.642
0.642
0.642
0.642
0.642
0.642
0.657
0.657
0.657
0.657
0.657
0.677
0.677
0.677
0.677
0.677
0.677
0.677
0.677
0.777
0.777
0.777
0.777
2.919
2.919
2.919
2.919
2.919
2.919
2.869
2.869
2.831
2.831
2.831
2.831
2.831
2.831
2.831
2.981
2.981
2.981
2.981
4.665
4.665
4.665
2.946
2.946
2.946
2.886
2.886
0.744
0.744
0.744
0.744
0.744
0.744
0.629
0.629
0.629
0.617
0.667
0.617
0.617
0.617
0.617
0.617
0.617
0.617
0.617
0.617
0.617
0.617
0.617
0.617
0.617
0.747
0.747
0.747
0.627
0.662
0.662
0.722
0.662
0.627
0.627
0.727
0.727
0.787
0.687
0.687
0.687
0.687
0.687
0.747
0.687
0.687
0.687
0.687
0.699
0.687
0.627
0.627
0.702
0.702
0.762
0.762
0.702
0.702
0.702
0.702
0.762
0.762
0.762
0.762
0.762
0.762
0.762
0.771
0.771
0.771
0.771
0.771
0.771
0.771
0.771
0.771
1.129
1.129
1.164
1.164
0.866
0.866
0.866
0.766
0.766
0.766
0.766
0.636
0.674
0.614
0.614
0.614
0.614
0.614
0.614
0.614
0.514
0.514
0.514
0.514
0.514
0.07
0.07
0.07
0.07
0.07
0.07
0.07
0.07
0.07
0.07
0.07
0.07
0.07
0.07
0.07
0.07
0.07
0.07
0.07
0.07
0.07
0.07
0.07
0.07
0.07
0.07
0.07
0.06
0.06
0.06
