0.06299999999999997
0.06699999999999998
0.07299999999999998
0.07299999999999998
0.07299999999999998
0.07299999999999998
0.17986666666666667
0.30199999999999994
0.07299999999999998
0.07299999999999998
0.07299999999999998
0.07299999999999998
0.08826666666666666
0.30199999999999994
0.1646
0.07299999999999998
0.07299999999999998
0.2104
0.2714666666666667
0.07299999999999998
0.07299999999999998
0.08826666666666666
0.30199999999999994
0.1646
0.07299999999999998
0.07299999999999998
0.07299999999999998
0.07299999999999998
0.24093333333333336
0.24093333333333333
0.07299999999999998
0.07299999999999998
0.11386666666666664
1.2656666666666667
0.2714666666666667
0.07299999999999998
1.6066666666666665
0.7926000000000003
0.6063333333333332
0.47860000000000025
0.37526666666666664
0.3399999999999999
0.59
4.393333333333333
2.263666666666667
0.5733333333333334
0.6990000000000001
0.9408666666666666
0.5253999999999999
1.2114000000000005
0.4202000000000001
2.009666666666667
2.851933333333334
2.7556666666666656
2.770399999999999
3.369999999999999
1.3247333333333329
0.3587333333333333
0.145
0.145
0.1686
0.1686
0.3975999999999999
0.4260666666666667
0.07299999999999998
0.07299999999999998
0.09106666666666664
0.33166666666666667
0.4004
0.4313333333333333
0.8340666666666667
0.49766666666666665
0.6678
1.1615333333333333
0.5746666666666668
0.6493333333333331
1.6147333333333331
1.9936666666666665
0.8986000000000001
1.1975333333333333
2.5406666666666666
2.0363333333333333
1.265666666666667
0.4509333333333334
0.4203333333333334
0.6222666666666666
0.6663999999999999
0.4126666666666667
0.3803333333333334
0.56
0.6826666666666664
0.6525333333333332
1.0712
1.747333333333333
0.7712
0.6493333333333332
