0.07
0.07
0.07
0.07
0.07
0.07
0.07
0.07
0.07
0.07
0.07
0.082
0.082
0.082
0.197
0.087
0.087
0.204
0.204
0.204
0.204
0.204
0.204
0.264
0.204
0.204
0.204
0.204
0.204
0.204
0.204
0.264
0.264
0.264
0.314
0.314
0.314
0.314
0.314
0.314
0.314
0.314
0.389
0.389
0.389
0.399
0.349
0.349
0.274
0.349
0.072
0.072
0.072
0.072
0.072
0.072
0.072
0.072
0.072
0.072
0.072
0.072
0.072
0.072
0.252
0.252
0.252
0.252
0.252
0.252
0.252
0.252
0.252
0.252
0.252
0.252
0.252
0.252
0.072
0.072
0.072
0.072
0.072
0.072
0.072
0.072
0.072
0.072
0.072
0.072
0.072
0.072
0.072
0.072
0.072
0.072
0.072
0.072
0.072
0.072
0.072
0.072
0.072
0.072
0.072
0.072
0.072
0.072
0.072
0.072
0.072
0.072
0.072
0.072
0.072
0.072
0.072
0.072
0.072
0.072
0.072
0.072
0.072
0.072
0.072
0.072
0.072
0.072
0.072
0.072
0.072
0.072
0.072
0.072
0.072
0.072
0.072
0.072
0.072
0.072
0.072
0.072
0.072
0.072
0.072
0.072
0.072
0.072
0.072
0.072
0.072
0.072
0.072
0.072
0.072
0.072
0.072
0.072
0.072
0.252
0.252
0.252
0.252
0.252
0.252
0.252
0.252
0.252
0.252
0.252
0.252
0.252
0.252
0.072
0.072
0.072
0.072
0.072
0.072
0.072
0.072
0.072
0.072
0.072
0.072
0.072
0.072
0.072
0.072
0.072
0.072
0.072
0.072
0.072
0.072
0.072
0.072
0.072
0.072
0.072
0.072
0.072
0.072
0.072
0.072
0.072
0.072
0.072
0.072
0.072
0.072
0.072
0.072
0.072
0.072
0.072
0.072
0.072
0.072
0.072
0.072
0.072
0.072
0.072
0.072
0.072
0.072
0.072
0.072
0.072
0.072
0.072
0.072
0.072
0.072
0.072
0.072
0.072
0.072
0.072
0.072
0.252
0.252
0.252
0.252
0.252
0.252
0.252
0.252
0.252
0.252
0.252
0.252
0.252
0.252
0.072
0.072
0.072
0.072
0.072
0.072
0.072
0.072
0.072
0.072
0.072
0.072
0.072
0.072
0.072
0.072
0.072
0.072
0.072
0.072
0.072
0.072
0.072
0.072
0.072
0.072
0.072
0.072
0.072
0.072
0.072
0.072
0.072
0.072
0.072
0.072
0.072
0.072
0.072
0.072
0.072
0.072
0.072
0.072
0.072
0.072
0.072
0.072
0.072
0.072
0.072
0.072
0.072
0.072
0.072
0.072
0.072
0.072
0.072
0.072
0.072
0.072
0.072
0.072
0.072
0.072
0.072
0.072
0.072
0.072
0.072
0.072
0.072
0.072
0.072
0.072
0.072
0.072
0.072
0.072
0.072
0.072
0.072
0.072
0.072
0.252
0.252
0.252
0.252
0.252
0.252
0.252
0.252
0.252
0.252
0.252
0.252
0.252
0.252
0.072
0.072
0.072
0.072
0.072
0.072
0.072
0.072
0.072
0.072
0.072
0.072
0.072
0.072
0.072
0.072
0.072
0.072
0.072
0.072
0.072
0.072
0.072
0.072
0.072
0.072
0.072
0.072
0.072
0.072
0.072
0.072
0.072
0.072
0.072
0.072
0.072
0.072
0.072
0.072
0.072
0.072
0.072
0.072
0.072
0.072
0.072
0.072
0.072
0.072
0.072
0.072
0.072
0.072
0.072
0.072
0.252
0.252
0.252
0.252
0.252
0.252
0.252
0.252
0.252
0.252
0.382
0.382
0.382
0.442
0.262
0.262
0.262
0.262
0.262
0.262
0.262
0.322
0.322
0.322
0.382
0.394
0.497
0.497
0.497
0.497
0.422
0.422
0.422
0.322
0.307
0.307
0.19
0.19
0.19
0.213
0.072
0.072
0.072
0.072
0.072
0.072
0.072
0.072
0.072
0.072
0.072
0.072
0.072
0.072
0.072
0.072
0.072
0.072
0.072
0.072
0.072
0.072
0.072
0.072
0.072
0.072
0.072
0.072
0.072
0.072
0.072
0.072
0.072
0.072
0.072
0.072
0.072
0.072
0.072
0.072
0.072
0.072
0.072
0.072
0.072
0.072
0.072
0.072
0.072
0.072
0.072
0.072
0.072
0.072
0.072
0.072
0.072
0.072
0.072
0.072
0.072
0.072
0.072
0.072
0.072
0.072
0.072
0.072
0.072
0.072
0.072
0.072
0.072
0.072
0.072
0.072
0.072
0.072
0.072
0.072
0.072
0.072
0.072
0.072
0.072
0.072
0.072
0.072
0.072
0.072
0.072
0.072
0.072
0.072
0.072
0.072
0.072
0.072
0.072
0.072
0.072
0.072
0.072
0.072
0.072
0.072
0.072
0.072
0.072
0.072
0.072
0.072
0.252
0.252
0.252
0.252
0.252
0.252
0.252
0.252
0.252
0.252
0.252
0.252
0.252
0.252
0.072
0.072
0.072
0.072
0.081
0.081
0.081
0.081
0.081
0.081
0.081
0.081
0.081
0.081
0.081
0.081
0.081
0.081
0.081
0.081
0.081
0.081
0.081
0.081
0.081
0.081
0.081
0.081
0.081
0.081
0.153
0.153
0.153
0.153
0.153
0.153
0.153
0.153
2.136
2.136
2.136
2.136
2.136
2.136
2.136
2.136
2.136
2.136
2.136
2.211
2.211
2.211
2.136
2.136
2.136
2.136
2.136
2.136
2.136
0.153
0.153
0.153
0.153
0.153
0.153
0.333
0.333
0.333
0.333
0.333
0.333
0.333
0.333
0.333
0.333
0.333
0.322
0.322
0.322
0.142
0.142
0.142
0.142
0.142
0.142
0.142
0.142
0.142
0.142
0.142
0.142
0.142
0.142
0.142
0.142
0.142
0.142
0.142
0.142
0.142
0.142
0.142
0.142
0.142
0.142
0.142
0.142
0.142
0.142
0.142
0.142
0.142
0.142
0.142
0.142
0.142
0.142
0.142
0.142
0.142
0.142
0.142
0.319
0.319
0.142
0.142
0.142
0.142
0.142
0.142
0.142
0.142
0.142
0.142
0.142
0.319
0.499
0.322
0.322
0.322
0.322
0.322
0.322
0.322
0.322
0.322
0.322
0.322
0.499
0.499
0.142
0.142
0.142
1.709
1.709
1.709
0.142
0.142
0.142
0.142
0.142
0.319
0.319
0.637
0.637
0.637
0.637
0.637
0.07
0.07
0.07
0.07
0.07
0.07
0.072
0.072
0.072
0.072
0.072
0.072
0.072
0.072
0.072
0.072
0.072
0.072
0.072
0.072
0.072
0.072
0.072
0.072
0.072
0.072
0.072
0.072
0.072
0.072
0.072
0.072
0.072
0.072
0.072
0.072
0.072
0.072
0.072
0.072
0.072
0.072
0.072
0.252
0.252
0.252
0.252
0.252
0.252
0.252
0.252
0.252
0.252
0.252
0.252
0.252
0.252
0.072
0.072
0.072
0.072
0.072
0.072
0.072
0.072
0.072
0.072
0.072
0.072
0.072
0.072
0.072
0.072
0.072
0.072
0.072
0.072
0.072
0.072
0.072
0.072
0.072
0.072
0.072
0.072
0.072
0.072
0.072
0.072
0.072
0.072
0.072
0.072
0.072
0.072
0.072
0.072
0.072
0.072
0.072
0.072
0.072
0.072
0.072
0.072
0.072
0.072
0.072
0.072
0.072
0.072
0.072
0.072
0.072
0.072
0.072
0.13
0.13
0.142
0.142
0.13
0.13
0.13
0.13
0.13
0.13
0.23
0.23
0.23
0.23
0.23
0.23
0.23
0.23
0.23
0.23
0.23
0.23
0.23
0.23
0.41
1.977
1.977
1.977
0.41
0.31
0.31
0.25
0.25
0.25
0.25
0.25
0.25
0.25
0.07
0.07
0.07
0.07
0.07
0.07
0.07
0.07
0.13
0.13
0.13
0.13
0.13
0.13
0.13
0.145
0.145
0.205
0.205
0.145
0.157
0.157
0.157
2.53
2.458
2.458
2.458
2.458
2.518
2.518
2.518
2.518
2.518
2.53
2.518
2.518
2.518
2.518
2.578
0.205
0.205
0.28
0.28
0.28
0.28
0.22
0.22
0.22
0.22
0.22
0.22
0.22
0.22
0.22
0.22
0.22
0.22
0.28
0.22
0.22
0.22
0.28
0.28
0.28
0.28
0.28
0.28
0.28
0.28
0.28
0.28
0.291
0.291
0.291
0.291
0.276
0.276
0.276
0.276
0.276
0.276
0.276
0.216
0.216
0.216
0.266
0.266
0.266
0.266
0.266
0.446
0.458
0.659
0.659
0.691
0.691
0.691
0.691
0.691
0.691
0.691
0.691
0.691
0.691
0.511
0.511
0.511
0.511
0.511
0.511
0.511
0.511
0.511
0.611
0.611
0.611
0.611
0.611
0.611
0.511
0.511
0.611
0.611
0.611
0.521
0.461
0.332
0.392
0.332
0.332
0.332
0.332
0.332
0.382
0.442
0.442
0.442
0.442
0.442
0.442
0.442
0.382
0.382
0.382
0.471
0.471
0.371
0.371
0.371
0.371
0.382
0.382
0.298
0.298
0.298
0.298
0.298
0.298
0.358
0.298
0.31
0.31
0.31
0.41
0.41
0.398
0.398
0.366
0.366
0.366
0.366
0.366
0.366
0.366
0.366
0.366
0.366
0.366
0.366
0.366
0.366
0.366
0.366
0.366
0.366
0.366
0.366
0.366
0.366
0.366
0.366
0.546
0.658
0.658
0.658
0.658
0.658
0.658
0.758
0.658
0.658
0.598
0.598
0.613
0.613
0.433
0.433
0.433
0.433
0.433
0.421
0.421
0.421
0.421
0.421
0.421
0.421
0.421
0.421
0.421
0.421
0.421
0.421
0.41
0.41
0.41
0.41
0.41
0.41
0.41
0.41
0.41
0.41
0.41
0.41
0.41
0.41
0.41
0.422
0.422
0.422
0.422
0.482
0.482
0.422
0.422
0.422
0.422
0.482
0.482
0.482
0.407
0.407
0.407
0.407
0.395
0.395
0.395
0.395
0.395
0.395
0.427
0.607
0.667
0.667
0.667
0.722
0.647
0.587
0.587
0.587
0.587
0.252
0.252
0.252
0.252
0.072
0.072
0.072
0.072
0.072
0.072
0.072
0.072
0.072
0.072
0.072
0.072
0.072
0.072
0.072
0.072
0.072
0.072
0.072
0.072
0.072
0.072
0.072
0.072
0.072
0.072
0.072
0.072
0.072
0.072
0.072
0.072
0.072
0.072
0.072
0.072
0.072
0.072
0.072
0.072
0.072
0.072
0.072
0.072
0.072
0.072
0.072
0.072
0.072
0.072
0.072
0.072
0.072
0.072
0.072
0.072
0.072
0.072
0.072
0.072
0.072
0.072
0.072
0.072
0.072
0.252
0.252
0.252
0.252
0.252
0.252
0.252
0.252
0.252
0.252
0.252
0.252
0.252
0.252
0.072
0.072
0.072
0.072
0.072
0.072
0.072
0.072
0.072
0.072
0.072
0.072
0.072
0.072
0.072
0.072
0.072
0.072
0.072
0.072
0.072
0.072
0.072
0.072
0.072
0.072
0.072
0.072
0.072
0.072
0.072
0.072
0.072
0.072
0.072
0.072
0.072
0.072
0.072
0.072
0.072
0.072
0.072
0.072
0.072
0.072
0.072
0.072
0.072
0.072
0.072
0.072
0.072
0.072
0.072
0.072
0.072
0.072
0.072
0.072
0.072
0.072
0.072
0.072
0.072
0.072
0.072
0.252
0.252
0.252
0.252
0.252
0.252
0.252
0.252
0.252
0.252
0.252
0.252
0.252
0.252
0.072
0.072
0.072
0.072
0.072
0.072
0.072
0.072
0.072
0.072
0.072
0.072
0.072
0.072
0.072
0.072
0.072
0.072
0.072
0.072
0.072
0.072
0.072
0.072
0.072
0.072
0.102
0.102
0.102
0.102
0.102
0.102
0.152
0.152
0.212
0.212
0.212
0.212
0.212
0.212
0.212
0.212
0.212
0.212
0.212
0.212
0.072
0.072
0.072
0.072
0.072
0.072
0.072
0.072
0.072
0.072
0.072
0.072
0.072
0.072
0.072
0.072
0.072
0.072
0.072
0.072
0.072
0.072
0.072
0.072
0.072
0.072
0.072
0.072
0.072
0.072
0.072
0.072
0.072
0.072
0.072
0.072
0.072
0.072
0.072
0.072
0.072
0.252
0.252
0.252
0.252
0.252
0.252
0.252
0.252
0.252
0.252
0.252
0.252
0.252
0.252
0.072
0.072
0.072
0.072
0.072
