0.189
0.22139999999999999
0.05500000000000001
0.05500000000000001
0.05500000000000001
0.05900000000000001
0.065
0.065
0.065
0.065
0.065
0.065
0.065
0.065
0.14100000000000001
0.16
0.16
0.14100000000000001
0.1342
0.238
0.238
0.238
0.238
0.065
0.065
0.065
0.065
0.14100000000000001
0.16
0.16
0.14100000000000001
0.065
0.065
0.1688
0.238
0.238
0.238
0.20339999999999997
0.065
0.065
0.16
0.16
0.16
0.12199999999999997
0.065
0.065
0.065
0.20339999999999997
0.238
0.238
0.238
0.16879999999999998
0.065
0.065
0.14100000000000001
0.16
0.16
0.14100000000000001
0.065
0.065
0.065
0.065
0.065
0.065
0.065
0.065
0.065
0.065
0.065
0.065
0.065
0.065
0.14100000000000001
0.16
0.2292
0.314
0.238
0.238
0.238
0.065
0.065
0.065
0.065
0.065
0.063
0.07020000000000001
0.08220000000000001
0.1914
0.449
0.5330000000000001
0.591
1.8574000000000002
0.5986
0.48
0.454
0.36999999999999994
0.36
0.324
0.30399999999999994
0.348
0.328
0.3216
0.3306
0.4600000000000001
0.5404
0.7843999999999999
0.501
0.31820000000000004
0.261
0.281
0.34640000000000004
0.3284
1.5066
1.6300000000000001
1.5162
1.032
1.008
1.008
1.0426
1.0522
1.1023999999999998
0.286
0.286
0.2616
0.227
0.3006
0.28220000000000006
0.23899999999999996
0.242
0.27999999999999997
0.337
0.337
0.307
0.211
0.192
0.2612
0.365
0.365
0.365
0.365
0.192
0.227
0.272
0.272
0.30800000000000005
0.242
0.20700000000000002
0.197
0.177
0.2808
0.35
0.35
0.40700000000000003
0.4104
0.30800000000000005
0.28099999999999997
0.192
0.22000000000000003
0.227
0.2996
0.25579999999999997
0.21080000000000002
0.2306
0.2968
0.366
0.33799999999999997
0.331
1.578
0.253
0.253
0.238
0.143
0.163
0.143
1.3434
0.10300000000000001
0.11200000000000002
0.732
0.32
0.341
0.352
0.42400000000000004
0.251
0.327
0.7182000000000001
1.1554000000000002
0.355
0.375
1.6950000000000003
0.4514
0.34740000000000004
0.3308
0.558
2.2198
3.3879999999999995
3.283
3.0944
2.8760000000000003
2.5838
0.737
0.637
0.6128
0.608
0.6704000000000001
0.664
0.588
0.5840000000000001
0.7949999999999999
1.026
0.715
0.808
0.804
0.8496
0.8173999999999999
0.6580000000000001
1.5643999999999998
2.945
2.945
2.9441999999999995
2.9703999999999997
3.024
0.8262
0.9109999999999999
0.8038000000000001
1.029
1.029
1.065
0.9666
0.9082000000000001
0.9350000000000002
0.875
0.7950000000000002
0.8874000000000001
0.9120000000000001
0.8897999999999999
0.8642000000000001
0.8619999999999999
0.8896000000000001
0.9066000000000001
0.7999999999999999
0.743
0.6954
0.59
0.6766
0.6254
0.699
0.6970000000000001
0.64
0.6226
0.7304
0.7811999999999999
0.727
0.6674
0.5058
0.426
0.47940000000000005
0.5842
0.593
0.613
0.7106000000000001
0.813
2.0012
0.6885999999999999
0.7346000000000001
0.8102
0.8934000000000001
0.8526
0.6798
0.627
0.465
0.454
0.43999999999999995
0.40940000000000004
0.339
0.475
0.41899999999999993
0.4208
0.37
0.24519999999999995
0.19
0.29379999999999995
0.4102
0.5388
0.5681999999999999
0.2984
0.16
0.084
0.061
