0.064
0.064
0.064
0.064
0.064
0.064
0.064
0.064
0.064
0.064
0.064
0.064
0.064
0.064
0.064
0.064
0.064
0.064
0.064
0.064
0.064
0.064
0.064
0.064
0.064
0.064
0.074
0.074
0.074
0.074
0.074
0.074
0.074
0.074
0.074
0.074
0.074
0.074
0.074
0.074
0.074
0.074
0.074
0.269
0.269
0.269
0.269
0.269
0.269
0.269
0.269
0.269
0.269
0.269
0.269
0.269
0.269
0.269
0.269
0.269
0.269
0.269
0.269
0.269
0.269
0.074
0.074
0.074
0.074
0.074
0.074
0.074
0.074
0.074
0.074
0.074
0.074
0.074
0.074
0.074
0.074
0.074
0.074
0.074
0.074
0.074
0.074
0.074
0.074
0.074
0.074
0.227
0.227
0.227
0.227
0.227
0.227
0.227
0.227
0.227
0.227
0.227
0.227
0.227
0.227
0.227
0.227
0.227
0.227
0.422
0.422
0.269
0.269
0.269
0.269
0.269
0.269
0.269
0.269
0.269
0.269
0.269
0.269
0.269
0.269
0.269
0.269
0.269
0.269
0.269
0.269
0.074
0.074
0.074
0.074
0.074
0.074
0.074
0.074
0.074
0.074
0.074
0.074
0.074
0.074
0.074
0.074
0.074
0.074
0.074
0.074
0.074
0.074
0.227
0.227
0.227
0.227
0.227
0.227
0.227
0.227
0.227
0.227
0.227
0.227
0.227
0.227
0.227
0.227
0.227
0.227
0.227
0.227
0.074
0.074
0.074
0.074
0.074
0.074
0.074
0.074
0.074
0.074
0.074
0.074
0.074
0.074
0.074
0.074
0.074
0.074
0.074
0.074
0.074
0.074
0.074
0.074
0.074
0.074
0.074
0.074
0.074
0.074
0.074
0.074
0.074
0.074
0.074
0.074
0.074
0.074
0.074
0.074
0.074
0.074
0.074
0.074
0.074
0.074
0.074
0.074
0.074
0.074
0.074
0.074
0.074
0.074
0.074
0.074
0.074
0.074
0.074
0.074
0.074
0.074
0.074
0.074
0.074
0.074
0.074
0.074
0.074
0.074
0.074
0.074
0.074
0.074
0.074
0.074
0.269
0.269
0.269
0.269
0.269
0.269
0.269
0.269
0.269
0.269
0.269
0.269
0.269
0.269
0.269
0.269
0.269
0.269
0.269
0.269
0.269
0.269
0.074
0.074
0.074
0.074
0.074
0.074
0.074
0.074
0.074
0.074
0.074
0.074
0.074
0.074
0.074
0.074
0.074
0.074
0.074
0.074
0.074
0.074
0.074
0.074
0.074
0.074
0.074
0.074
0.074
0.074
0.074
0.074
0.074
0.074
0.074
0.074
0.074
0.074
0.074
0.074
0.074
0.074
0.074
0.074
0.074
0.074
0.074
0.074
0.074
0.074
0.074
0.074
0.074
0.074
0.074
0.074
0.074
0.074
0.074
0.074
0.074
0.074
0.227
0.227
0.227
0.227
0.227
0.227
0.227
0.227
0.227
0.227
0.227
0.227
0.227
0.422
0.422
0.422
0.422
0.422
0.422
0.422
0.269
0.269
0.269
0.269
0.269
0.269
0.269
0.269
0.269
0.269
0.269
0.269
0.269
0.269
0.269
0.074
0.074
0.074
0.074
0.074
0.074
0.074
0.074
0.074
0.074
0.074
0.074
0.074
0.074
0.074
0.074
0.074
0.074
0.074
0.074
0.074
0.074
0.074
0.074
0.074
0.074
0.074
0.074
0.074
0.074
0.074
0.074
0.132
0.172
0.192
0.192
0.192
0.192
0.252
0.192
0.192
0.192
0.132
0.132
0.132
0.132
0.143
0.143
0.203
0.203
0.203
0.243
0.243
0.243
0.243
0.243
0.293
0.293
0.293
0.243
0.243
0.343
0.496
0.496
0.496
0.496
0.496
0.496
0.496
0.496
0.496
0.496
0.556
0.556
0.556
0.556
0.556
0.556
0.556
0.726
0.616
0.616
0.463
0.523
0.523
0.523
0.523
0.523
0.463
0.463
0.463
0.463
0.498
0.498
0.538
0.498
0.498
0.498
0.498
0.463
0.403
0.403
0.403
0.403
0.403
0.343
0.392
0.332
0.332
0.332
0.332
0.332
0.232
10.432
10.392
13.305
3.105
3.205
3.145
3.145
3.145
13.54
13.54
13.54
3.4
3.3
3.3
3.3
3.3
3.24
3.3
3.3
3.34
3.34
3.28
0.367
0.52
0.585
0.585
0.585
0.585
0.585
0.545
0.35
0.35
0.39
0.39
0.39
0.49
0.49
0.49
0.49
0.49
0.49
0.49
0.49
0.337
0.337
0.337
0.337
0.337
0.387
0.287
0.287
0.287
0.287
0.287
0.287
0.237
0.297
0.297
0.257
0.257
0.257
0.257
0.257
0.257
0.257
0.257
0.257
0.257
0.192
0.192
0.192
0.192
0.232
0.232
0.292
0.292
0.332
0.332
0.332
0.332
0.332
0.527
0.527
0.527
0.527
2.612
2.672
2.672
0.68
2.825
2.825
5.738
3.593
3.593
3.593
3.533
3.533
3.533
3.533
3.533
3.533
3.533
3.533
3.338
3.338
3.338
3.338
3.349
3.196
3.196
3.196
0.223
0.223
0.223
0.223
0.223
0.223
0.223
0.223
0.223
0.223
0.223
0.223
0.223
0.223
0.223
2.368
2.368
2.368
0.223
0.223
0.223
0.223
0.223
0.223
2.368
2.368
2.368
0.223
0.283
0.283
0.283
0.283
0.283
0.283
0.283
0.283
0.243
0.243
0.243
0.243
0.258
0.258
0.453
0.453
0.453
0.453
0.453
0.453
0.393
0.393
0.393
0.393
0.333
0.333
0.293
0.293
0.282
0.282
0.322
0.322
0.322
0.322
0.282
0.282
0.087
0.087
0.087
0.087
0.087
0.087
0.087
0.087
0.087
0.087
0.087
0.087
0.087
0.087
0.087
0.087
0.098
0.098
0.098
0.098
0.098
0.098
0.098
0.098
0.098
0.098
0.098
0.098
0.098
0.098
0.098
0.098
0.098
0.098
0.098
0.098
0.098
0.098
0.098
0.098
0.098
0.098
0.21
0.21
2.105
2.105
2.105
2.105
2.105
2.09
2.243
2.243
2.243
2.308
2.243
2.243
2.243
2.243
2.243
2.243
2.243
2.243
2.243
2.243
0.227
0.227
0.227
0.227
0.227
0.227
0.074
0.074
0.074
0.074
0.074
0.074
0.074
0.074
0.074
0.074
0.269
0.269
0.269
0.269
0.269
0.269
0.269
0.269
0.269
0.269
0.269
0.269
0.269
0.269
0.269
0.269
0.269
0.269
0.269
0.269
0.269
0.269
0.074
0.074
0.074
0.074
0.074
0.074
0.074
0.074
0.074
0.074
0.227
0.227
0.227
0.227
0.227
0.227
0.227
0.227
0.227
0.227
0.227
0.227
0.227
0.227
0.227
0.227
0.227
0.227
0.227
0.227
0.074
0.074
0.074
0.074
0.074
0.074
0.074
0.074
0.074
0.074
0.074
0.074
0.074
0.074
0.074
0.074
0.074
0.074
0.074
0.074
0.074
0.074
0.074
0.074
0.074
0.074
0.074
0.074
0.074
0.074
0.074
0.074
0.074
0.074
0.074
0.074
0.269
0.269
0.269
0.269
0.269
0.269
0.39
0.39
0.39
0.39
0.39
0.39
0.39
0.39
0.49
0.49
0.49
0.49
0.479
0.632
0.632
0.632
0.437
0.437
0.437
0.437
0.437
0.437
0.437
2.582
2.582
2.582
0.437
0.437
0.437
0.437
0.437
0.437
0.337
0.184
0.184
0.184
0.184
0.184
0.314
0.314
0.314
0.314
0.314
0.314
0.314
0.374
0.374
0.374
0.374
0.374
0.374
0.374
0.374
0.374
0.374
0.712
0.712
0.712
0.712
0.374
0.374
0.374
0.374
3.287
3.287
3.337
3.337
3.537
3.547
3.547
3.547
5.876
5.876
5.876
5.876
5.876
5.876
5.876
5.876
5.876
5.876
5.816
5.816
2.903
2.903
2.903
2.903
2.843
2.843
2.843
2.643
2.643
2.643
2.643
2.703
2.703
5.616
5.616
3.387
3.338
3.338
3.498
3.438
3.468
3.468
3.468
3.468
3.508
3.508
3.533
3.646
3.706
3.706
3.721
3.661
3.856
0.943
1.003
1.003
1.003
1.003
1.003
1.003
1.003
1.003
1.003
1.043
1.143
1.143
1.103
0.95
1
1
0.935
0.935
0.935
0.935
0.74
0.74
0.74
0.68
0.74
0.74
0.74
0.74
0.74
0.805
0.865
0.845
0.78
0.78
3.693
3.633
3.633
3.633
3.593
3.653
3.653
3.653
3.642
3.642
3.642
3.642
3.642
3.642
3.642
3.707
3.707
3.747
3.747
3.747
0.834
0.639
0.639
0.679
0.679
0.709
0.709
0.709
0.769
0.769
0.709
0.709
0.709
0.709
0.659
0.644
0.644
0.659
0.659
0.659
0.659
0.659
0.719
0.719
0.719
0.719
0.719
0.719
0.719
0.719
0.659
0.659
0.659
0.659
0.812
0.812
0.812
0.812
0.812
0.812
0.812
1.007
1.067
1.067
1.067
1.132
1.132
1.132
1.132
1.132
1.192
1.192
1.092
1.092
0.939
0.879
0.879
0.879
0.879
0.939
0.939
0.899
0.899
0.704
0.764
0.764
0.699
0.699
0.699
0.699
0.699
0.699
0.699
0.699
0.699
0.699
0.639
0.639
0.639
0.639
0.639
0.639
0.519
0.579
0.579
0.579
0.519
0.519
0.519
0.519
0.504
0.504
0.504
0.604
0.604
0.757
0.757
0.817
0.817
0.947
0.947
0.947
0.947
0.947
3.276
3.276
3.276
3.276
3.336
3.224
3.204
3.204
3.204
3.204
3.144
2.991
3.051
2.991
2.991
3.051
3.051
3.246
3.246
3.206
3.206
3.206
3.206
3.206
3.206
3.246
3.206
0.917
0.917
0.917
0.857
0.917
0.857
0.969
1.029
1.029
1.004
1.004
1.004
0.844
0.844
0.874
0.934
0.869
0.969
0.969
0.909
0.909
0.909
0.839
0.839
0.839
0.839
0.904
0.904
0.904
0.904
0.844
0.844
0.784
0.784
0.724
0.724
0.724
1.062
1.062
1.062
1.062
0.724
0.724
0.829
3.682
3.552
3.672
3.672
3.672
3.672
3.672
3.672
3.672
4.434
4.434
4.434
3.832
3.832
3.867
3.867
3.827
3.877
3.997
3.997
0.964
0.904
0.844
0.844
0.894
0.894
1.232
1.132
1.132
1.132
0.794
0.794
0.734
0.764
0.569
0.569
0.569
0.569
0.569
0.569
0.722
0.61
0.61
0.61
0.61
0.61
0.55
0.55
0.55
0.55
0.55
0.55
0.55
0.55
0.55
0.55
0.55
0.55
0.61
0.662
0.509
0.509
0.509
0.509
0.509
0.509
0.509
0.509
0.509
0.509
0.509
0.509
0.509
0.509
0.549
0.567
0.567
0.567
0.567
0.567
0.567
0.567
0.567
0.467
2.612
2.612
2.612
0.427
0.527
0.527
0.587
0.782
0.782
0.782
0.782
0.742
0.742
0.742
0.742
0.742
0.802
0.802
0.802
0.802
0.802
0.802
1.11
1.11
1.17
1.11
0.772
0.869
0.869
0.674
0.674
0.734
0.749
0.809
0.809
0.697
0.697
0.762
0.814
0.749
0.749
0.789
0.689
0.689
0.689
0.589
0.619
0.619
0.619
0.639
0.679
0.719
0.719
0.719
0.694
0.694
0.654
0.654
0.654
0.654
0.694
0.694
0.694
0.694
0.754
0.754
0.754
0.854
0.919
0.879
0.814
0.754
0.754
0.689
0.689
0.749
0.809
0.809
0.809
0.749
0.749
0.749
0.749
0.749
0.749
0.749
0.902
0.902
0.962
0.962
0.902
1.097
1.197
1.197
1.197
1.197
1.097
1.097
1.097
1.097
1.097
1.097
1.097
4.01
3.975
3.96
3.807
3.807
3.967
3.967
3.967
3.967
3.967
3.772
3.772
3.6
3.66
5.989
5.989
5.959
5.959
5.959
5.959
13.246
13.246
13.246
3.046
3.046
3.006
3.006
2.966
2.966
2.966
2.836
2.966
2.966
2.966
2.966
2.966
2.966
2.966
2.981
2.921
2.921
0.657
0.657
0.81
0.81
0.745
0.745
0.785
0.785
0.785
0.894
0.859
0.759
0.65
0.65
0.65
0.65
0.715
0.787
0.798
0.838
0.838
0.898
0.745
0.845
1.04
1
1
1
0.935
0.975
0.945
0.905
0.895
0.895
0.895
3.808
