0.13960000000000003
0.30193333333333333
0.393
0.43306666666666677
0.24739999999999995
0.26953333333333335
0.17540000000000003
0.07299999999999998
0.07299999999999998
0.2054
0.3848666666666667
0.10206666666666663
0.07299999999999998
0.07299999999999998
0.2619333333333333
0.22086666666666666
0.20100000000000004
0.0815333333333333
0.07299999999999998
0.07299999999999998
0.07299999999999998
0.07299999999999998
0.11566666666666667
0.18393333333333337
0.07299999999999998
0.07299999999999998
0.0986
0.2882
0.29100000000000004
0.0875333333333333
0.07299999999999998
0.09006666666666666
0.20100000000000004
0.0815333333333333
0.29279999999999995
0.3196666666666667
0.13966666666666663
0.20100000000000004
0.09006666666666664
0.18926666666666664
0.2764666666666667
0.14980000000000002
0.14980000000000002
0.10206666666666665
0.29100000000000004
0.14566666666666664
0.08299999999999999
0.17060000000000003
0.24299999999999997
0.2683333333333333
0.14126666666666668
0.20193333333333333
0.29100000000000004
0.1311333333333333
0.14126666666666668
0.3482
0.2656666666666666
0.7289333333333334
2.372133333333333
1.6988666666666665
0.19300000000000003
0.5828000000000001
0.9770666666666666
0.818666666666667
0.7874000000000001
0.7480666666666668
0.9100666666666667
0.8568000000000001
0.7467333333333336
0.5590666666666666
0.64
2.4200666666666666
2.7849999999999997
1.3826666666666667
0.14566666666666664
0.07299999999999998
1.5184666666666666
0.5297999999999999
0.5563333333333333
0.48306666666666664
1.8369999999999995
1.9989333333333337
0.5326666666666667
0.4621333333333333
1.2175333333333334
0.6899333333333334
0.41733333333333344
0.5516666666666666
0.9352666666666667
0.7133333333333332
1.2641999999999995
0.7630666666666666
0.7215999999999999
0.8279333333333333
2.996866666666668
1.1272666666666669
