0.051
0.051
0.051
0.051
0.051
0.051
0.051
0.051
0.051
0.051
0.051
0.051
0.041
0.041
0.041
0.041
0.041
0.041
0.041
0.041
0.041
0.041
0.041
0.041
0.041
0.041
0.041
0.041
0.041
0.041
0.041
0.041
0.041
0.041
0.041
0.041
0.041
0.041
0.041
0.041
0.041
0.041
0.051
0.051
0.051
0.051
0.051
0.051
0.051
0.051
0.051
0.051
0.051
0.051
0.051
0.051
0.051
0.051
0.051
0.051
0.051
0.169
0.169
0.169
0.169
0.169
0.169
0.169
0.169
0.169
0.169
0.169
0.356
0.356
0.356
0.356
0.356
0.356
0.356
0.238
0.238
0.238
0.238
0.238
0.238
0.238
0.051
0.051
0.051
0.051
0.051
0.051
0.051
0.051
0.051
0.051
0.051
0.051
0.051
0.051
0.051
0.051
0.051
0.051
0.051
0.051
0.051
0.051
0.051
0.051
0.051
0.051
0.051
0.051
0.051
0.051
0.051
0.051
0.051
0.051
0.051
0.051
0.051
0.051
0.051
0.051
0.051
0.051
0.051
0.051
0.051
0.051
0.051
0.051
0.051
0.051
0.051
0.051
0.051
0.051
0.051
0.051
0.051
0.051
0.051
0.051
0.051
0.051
0.051
0.238
0.238
0.238
0.238
0.238
0.238
0.238
0.238
0.238
0.238
0.238
0.238
0.238
0.238
0.051
0.051
0.051
0.051
0.051
0.051
0.051
0.051
0.051
0.051
0.051
0.051
0.051
0.051
0.051
0.051
0.051
0.051
0.051
0.051
0.051
0.051
0.051
0.051
0.051
0.051
0.169
0.169
0.169
0.169
0.169
0.169
0.169
0.169
0.169
0.169
0.169
0.169
0.169
0.169
0.169
0.169
0.169
0.169
0.051
0.051
0.051
0.051
0.051
0.051
0.051
0.051
0.051
0.051
0.051
0.051
0.238
0.238
0.238
0.238
0.238
0.238
0.238
0.238
0.238
0.238
0.238
0.238
0.238
0.238
0.051
0.051
0.051
0.051
0.051
0.051
0.051
0.051
0.051
0.051
0.051
0.051
0.051
0.051
0.051
0.169
0.169
0.169
0.169
0.169
0.169
0.169
0.169
0.169
0.169
0.169
0.169
0.169
0.169
0.169
0.169
0.169
0.169
0.051
0.051
0.051
0.051
0.051
0.051
0.051
0.051
0.051
0.051
0.051
0.051
0.051
0.051
0.051
0.051
0.051
0.051
0.051
0.051
0.051
0.051
0.051
0.051
0.051
0.051
0.051
0.051
0.051
0.051
0.051
0.051
0.051
0.051
0.051
0.051
0.051
0.051
0.051
0.051
0.051
0.051
0.051
0.051
0.051
0.051
0.238
0.238
0.238
0.238
0.238
0.238
0.238
0.356
0.356
0.356
0.356
0.356
0.356
0.356
0.169
0.169
0.169
0.169
0.169
0.169
0.169
0.169
0.169
0.169
0.169
0.051
0.051
0.051
0.051
0.051
0.051
0.051
0.051
0.051
0.051
0.051
0.051
0.051
0.051
0.051
0.051
0.051
0.051
0.051
0.051
0.051
0.051
0.051
0.051
0.051
0.051
0.051
0.051
0.051
0.051
0.051
0.051
0.051
0.051
0.051
0.051
0.051
0.169
0.169
0.169
0.169
0.169
0.169
0.169
0.169
0.169
0.169
0.169
0.169
0.169
0.169
0.169
0.169
0.356
0.356
0.238
0.238
0.238
0.238
0.238
0.238
0.238
0.238
0.238
0.238
0.238
0.238
0.051
0.051
0.051
0.051
0.051
0.051
0.051
0.051
0.051
0.051
0.051
0.051
0.051
0.051
0.051
0.051
0.051
0.051
0.051
0.051
0.051
0.051
0.051
0.051
0.051
0.051
0.051
0.051
0.051
0.051
0.051
0.051
0.051
0.051
0.051
0.051
0.051
0.051
0.051
0.051
0.051
0.051
0.051
0.051
0.051
0.051
0.051
0.051
0.051
0.051
0.051
0.051
0.051
0.051
0.051
0.051
0.051
0.238
0.238
0.238
0.238
0.238
0.238
0.238
0.238
0.238
0.238
0.238
0.238
0.356
0.356
0.169
0.169
0.169
0.169
0.169
0.169
0.169
0.169
0.169
0.169
0.169
0.169
0.169
0.169
0.169
0.169
0.051
0.051
0.051
0.051
0.051
0.051
0.051
0.051
0.051
0.051
0.051
0.051
0.051
0.051
0.051
0.051
0.051
0.051
0.051
0.051
0.051
0.051
0.051
0.051
0.051
0.051
0.051
0.051
0.051
0.051
0.051
0.051
0.051
0.051
0.051
0.051
0.051
0.051
0.051
0.051
0.051
0.051
0.051
0.051
0.051
0.051
0.051
0.051
0.051
0.051
0.051
0.051
0.051
0.051
0.238
0.238
0.238
0.238
0.238
0.238
0.238
0.238
0.238
0.238
0.238
0.238
0.238
0.238
0.051
0.051
0.051
0.051
0.051
0.051
0.051
0.051
0.051
0.051
0.051
0.051
0.051
0.051
0.051
0.051
0.051
0.051
0.051
0.051
0.051
0.051
0.051
0.051
0.051
0.051
0.051
0.051
0.051
0.051
0.051
0.049
0.049
0.049
0.049
0.049
0.049
0.049
0.049
0.049
0.049
0.051
0.051
0.051
0.051
0.051
0.051
0.051
0.051
0.051
0.051
0.051
0.051
0.051
0.051
0.051
0.051
0.051
0.051
0.051
0.051
0.051
0.051
0.051
0.051
0.051
0.051
0.051
0.051
0.051
0.051
0.051
0.051
0.051
0.051
0.051
0.051
0.051
0.238
0.238
0.238
0.238
0.238
0.238
0.238
0.356
0.356
0.356
0.356
0.356
0.356
0.356
0.169
0.169
0.169
0.169
0.169
0.169
0.169
0.169
0.169
0.169
0.169
0.051
0.051
0.051
0.051
0.051
0.051
0.051
0.051
0.051
0.051
0.051
0.051
0.051
0.051
0.051
0.051
0.051
0.051
0.051
0.051
0.051
0.051
0.051
0.051
0.051
0.051
0.051
0.051
0.051
0.051
0.051
0.051
0.051
0.051
0.051
0.051
0.051
0.051
0.051
0.051
0.051
0.051
0.051
0.051
0.051
0.051
0.051
0.051
0.051
0.051
0.051
0.051
0.051
0.051
0.051
0.051
0.051
0.051
0.051
0.051
0.051
0.238
0.238
0.238
0.238
0.238
0.238
0.238
0.236
0.236
1.985
1.985
1.985
0.236
0.236
0.049
0.049
0.049
0.049
0.049
0.049
0.049
0.19
0.19
0.308
0.308
0.308
0.308
0.308
0.308
0.308
0.308
0.308
0.308
0.308
0.308
0.308
0.308
0.308
0.308
0.308
0.308
0.19
0.19
0.19
0.19
0.19
0.19
0.19
0.19
0.19
0.19
0.19
0.19
0.19
0.19
0.19
0.19
0.19
0.19
0.19
0.19
0.19
0.19
0.19
0.19
0.19
0.19
0.19
0.19
0.19
0.25
0.19
0.19
0.19
0.19
0.19
0.19
0.19
0.19
0.19
0.19
0.19
0.19
0.19
0.19
0.19
0.19
0.19
0.19
0.19
0.308
0.308
0.495
0.495
0.495
0.495
0.495
0.495
0.495
0.495
0.495
0.495
0.495
0.495
0.495
0.495
0.308
0.308
0.19
0.19
0.19
0.19
0.19
0.19
0.19
0.19
0.19
0.19
0.19
0.19
0.19
0.19
0.19
0.19
0.19
0.31
0.25
0.25
0.25
0.33
0.33
0.27
0.27
0.25
0.31
0.31
0.31
0.31
0.31
0.31
0.31
0.31
0.31
0.31
0.37
0.43
0.37
0.37
0.37
0.43
0.43
0.43
0.43
0.43
1.314
1.314
1.254
0.37
0.37
0.37
0.37
0.37
0.37
0.37
0.37
0.37
0.37
0.31
0.31
0.497
0.497
0.497
0.557
0.557
0.557
0.557
0.557
0.717
0.717
0.717
0.717
0.617
0.617
0.43
0.37
0.53
0.43
0.47
0.57
0.51
0.422
0.382
0.382
0.382
0.382
0.382
0.382
0.442
0.442
0.442
0.442
0.502
0.502
0.502
0.502
0.502
0.562
0.68
0.68
0.62
0.62
0.62
0.62
0.68
0.68
0.68
0.68
0.68
0.68
0.62
0.62
0.62
0.68
0.7
0.7
0.582
0.582
0.582
0.522
0.522
0.522
0.522
0.522
0.522
0.522
0.64
0.64
0.64
0.58
0.62
0.58
0.58
0.58
0.58
0.58
0.58
0.64
0.64
0.64
0.64
0.64
0.64
0.64
0.64
0.64
0.64
0.827
0.827
0.827
0.827
1.831
1.831
1.831
1.065
1.125
1.065
1.065
1.065
1.065
1.065
0.878
0.878
0.878
0.878
0.818
0.818
0.818
0.818
0.818
0.818
0.818
0.7
0.7
0.7
0.76
0.82
0.76
0.76
0.7
0.7
0.64
0.64
0.64
0.64
0.64
0.64
0.64
0.64
0.64
0.64
0.68
0.64
0.64
0.64
0.64
0.68
0.66
0.66
0.66
0.72
0.7
0.7
0.76
0.76
0.76
0.76
0.76
0.76
0.76
0.7
0.7
0.559
0.559
0.559
0.619
0.619
0.729
0.669
0.669
0.569
0.569
0.577
0.577
0.577
0.577
0.637
0.637
0.637
0.637
0.657
0.657
0.637
0.637
0.637
0.637
0.637
0.637
0.637
0.637
0.519
0.519
0.519
0.519
0.519
0.519
0.519
0.519
0.539
0.539
0.68
0.74
0.68
0.62
0.62
0.62
0.62
0.62
0.78
0.78
0.68
0.562
0.562
0.49
0.49
0.53
0.53
0.53
0.53
0.47
0.47
0.657
0.657
0.677
0.677
0.677
0.677
0.677
0.677
0.697
0.757
0.737
0.737
0.855
0.915
0.728
0.788
0.788
0.788
0.748
0.748
0.748
0.748
0.748
0.748
0.748
0.748
0.748
0.748
0.848
0.908
0.79
0.79
0.63
0.63
0.63
0.61
0.61
1.004
1.004
1.064
1.064
0.67
0.67
0.67
0.67
0.67
0.67
0.65
0.67
0.65
0.65
0.65
0.65
0.65
0.65
0.65
0.65
0.65
0.65
0.65
0.768
0.768
0.768
0.768
0.828
0.828
0.768
0.768
0.768
0.768
0.768
0.768
0.828
0.828
0.768
0.71
0.65
0.59
0.59
0.777
0.817
0.837
0.887
0.887
0.887
0.837
0.837
0.837
0.955
0.955
1.005
1.005
1.005
0.818
0.818
0.818
0.818
0.818
0.818
0.818
0.818
0.818
0.758
0.758
0.758
0.758
0.64
0.64
0.64
0.64
0.64
0.64
0.64
0.58
0.58
0.64
0.64
0.712
0.83
0.77
0.71
0.71
0.71
0.71
0.71
0.71
0.71
0.71
0.71
0.71
0.61
0.61
0.61
0.67
0.67
0.81
0.71
0.051
0.051
0.051
0.051
0.051
0.051
0.051
0.051
0.051
0.051
0.308
0.368
0.368
0.428
0.428
0.428
0.428
0.44
0.48
0.48
0.5
0.5
0.56
0.548
0.548
0.548
0.548
0.548
0.548
0.548
0.648
0.648
0.588
0.588
0.588
0.488
0.648
0.648
0.648
0.648
0.648
0.648
0.708
0.768
0.768
0.768
0.68
0.867
0.807
0.807
0.807
0.795
0.855
0.915
0.915
1.015
0.975
0.975
0.975
1.038
1.038
0.731
0.791
0.791
0.831
0.831
0.851
0.851
0.851
0.961
0.961
0.961
0.941
0.831
0.831
0.791
0.791
0.791
0.791
0.791
0.051
0.169
0.169
0.169
0.169
0.169
0.169
0.169
0.169
0.169
0.669
0.669
0.669
0.689
0.629
0.689
0.689
0.689
0.689
2.32
2.32
2.32
0.571
0.631
0.631
0.741
0.631
0.631
0.691
0.691
0.691
0.731
0.731
0.731
0.691
0.691
0.691
0.691
0.691
0.691
0.691
0.751
0.751
0.751
0.751
0.751
0.851
0.851
0.851
0.851
0.751
0.691
0.691
0.691
0.691
0.691
0.631
0.818
0.818
0.818
0.818
0.818
0.818
0.818
0.818
0.818
0.818
0.818
0.818
0.818
0.818
0.671
0.731
0.831
0.771
0.771
0.771
0.771
0.831
0.831
0.731
0.691
0.49
0.49
0.668
0.668
0.728
0.728
0.728
0.668
0.169
0.169
0.169
0.169
0.169
0.169
0.169
0.169
0.169
0.169
0.169
0.169
0.051
0.051
0.051
0.051
0.051
0.051
0.051
0.051
0.051
0.051
0.051
0.051
0.051
0.051
0.051
0.051
0.051
0.051
