0.065
0.065
0.065
0.065
0.075
0.075
0.075
0.075
0.075
0.27
0.27
0.27
0.27
0.15299999999999997
0.075
0.075
0.075
0.075
0.075
0.075
0.075
0.075
0.153
0.27
0.27
0.27
0.27
0.075
0.075
0.075
0.075
0.075
0.075
0.075
0.075
0.075
0.075
0.075
0.27
0.27
0.27
0.27
0.15299999999999997
0.075
0.075
0.075
0.075
0.075
0.075
0.075
0.075
0.075
0.075
0.075
0.231
0.27
0.27
0.27
0.192
0.075
0.075
0.075
0.075
0.075
0.075
0.075
0.075
0.075
0.075
0.075
0.075
0.075
0.11400000000000002
0.27
0.27
0.27
0.27
0.11400000000000002
0.075
0.075
0.155
0.24900000000000003
0.358
0.3994
0.075
0.075
0.231
0.27
0.27
0.27
0.192
0.075
0.075
0.075
0.075
0.075
0.075
0.075
0.075
0.075
0.075
0.075
0.075
0.075
0.075
0.27
0.27
0.27
0.27
0.15299999999999997
0.075
0.075
0.075
0.075
0.075
0.075
0.075
0.075
0.075
0.192
0.27
0.27
0.27
0.231
0.075
0.075
0.075
0.075
0.075
0.075
0.075
0.075
0.075
0.075
0.27
0.27
0.27
0.27
0.15299999999999997
0.075
0.075
0.075
0.075
0.075
0.075
0.075
0.075
0.11400000000000002
0.27
0.27
0.27
0.27
0.11400000000000002
0.075
0.075
0.075
0.075
0.075
0.075
0.075
0.075
0.075
0.075
0.075
0.075
0.075
0.075
0.075
0.075
0.075
0.27
0.27
0.27
0.27
0.15299999999999997
0.075
0.075
0.075
0.075
0.075
0.075
0.075
0.075
0.075
0.296
0.382
0.4
0.42800000000000005
0.546
0.48900000000000005
0.71
0.734
0.7123999999999999
0.746
0.6104
0.496
0.47379999999999994
0.546
0.64
0.642
0.6940000000000001
0.682
0.694
0.6594
0.075
0.27
0.27
0.27
0.27
0.15299999999999997
0.27680000000000005
0.29159999999999997
0.2952
0.3686
0.4972
0.49000000000000005
0.5608000000000001
0.5529999999999999
0.647
0.6619999999999999
0.7379999999999999
1.038
1.009
1.1654
1.214
1.2088
1.3401999999999998
1.0239999999999998
1.3004000000000002
1.0433999999999999
1.0177999999999998
0.982
0.898
0.9400000000000001
0.075
0.075
0.075
0.192
0.27
0.27
0.27
0.231
0.30999999999999994
1.5914
3.216
3.19
2.6428000000000003
0.46299999999999997
0.414
0.40420000000000006
0.539
0.623
0.844
0.8780000000000001
0.96
0.944
0.749
0.7016
0.5619999999999999
0.5980000000000001
0.645
0.628
0.664
0.818
0.075
0.075
0.11400000000000002
0.27
0.27
0.27
0.27
0.11400000000000002
0.075
0.075
0.075
0.075
0.075
0.075
0.075
0.075
0.153
0.27
0.27
0.27
0.27
0.075
0.065
0.065
