0.066
0.066
0.066
0.066
0.066
0.066
0.066
0.066
0.066
0.066
0.066
0.066
0.066
0.066
0.066
0.066
0.066
0.066
0.056
0.056
0.056
0.056
0.056
0.056
0.056
0.056
0.056
0.056
0.056
0.056
0.056
0.056
0.056
0.056
0.056
0.056
0.056
0.056
0.056
0.056
0.066
0.066
0.066
0.066
0.066
0.066
0.066
0.066
0.066
0.066
0.17
0.17
0.17
0.17
0.17
0.17
0.17
0.17
0.17
0.17
0.17
0.17
0.17
0.17
0.17
0.17
0.17
0.17
0.066
0.066
0.066
0.066
0.229
0.229
0.229
0.229
0.229
0.229
0.229
0.229
0.229
0.229
0.229
0.229
0.229
0.229
0.229
0.229
0.229
0.229
0.229
0.229
0.066
0.066
0.066
0.066
0.066
0.066
0.066
0.066
0.066
0.066
0.066
0.066
0.066
0.066
0.066
0.066
0.066
0.066
0.066
0.066
0.17
0.17
0.17
0.17
0.17
0.17
0.17
0.17
0.17
0.17
0.17
0.17
0.17
0.17
0.17
0.17
0.17
0.17
0.066
0.066
0.066
0.066
0.066
0.066
0.066
0.066
0.066
0.066
0.066
0.066
0.066
0.066
0.066
0.066
0.066
0.066
0.066
0.066
0.066
0.066
0.066
0.066
0.066
0.066
0.066
0.066
0.066
0.066
0.066
0.066
0.066
0.066
0.229
0.229
0.229
0.333
0.333
0.333
0.333
0.333
0.333
0.333
0.333
0.333
0.333
0.333
0.333
0.333
0.333
0.333
0.333
0.333
0.17
0.066
0.066
0.066
0.066
0.066
0.066
0.066
0.066
0.066
0.066
0.066
0.066
0.066
0.066
0.066
0.066
0.066
0.066
0.066
0.066
0.066
0.066
0.066
0.066
0.066
0.066
0.066
0.066
0.066
0.066
0.066
0.066
0.066
0.066
0.066
0.066
0.066
0.066
0.066
0.066
0.066
0.066
0.066
0.066
0.066
0.066
0.066
0.066
0.066
0.066
0.066
0.066
0.066
0.066
0.066
0.066
0.066
0.066
0.066
0.066
0.066
0.066
0.066
0.066
0.066
0.066
0.066
0.066
0.066
0.066
0.066
0.066
0.066
0.066
0.066
0.066
0.066
0.066
0.066
0.066
0.066
0.066
0.066
0.066
0.066
0.229
0.229
0.229
0.229
0.229
0.229
0.229
0.229
0.229
0.229
0.229
0.229
0.229
0.229
0.229
0.229
0.229
0.229
0.229
0.229
0.066
0.066
0.066
0.066
0.066
0.066
0.066
0.066
0.066
0.066
0.066
0.066
0.066
0.066
0.066
0.066
0.066
0.066
0.066
0.066
0.066
0.066
0.066
0.066
0.066
0.066
0.066
0.066
0.066
0.066
0.066
0.066
0.066
0.066
0.066
0.066
0.066
0.066
0.066
0.066
0.066
0.066
0.066
0.066
0.066
0.066
0.066
0.066
0.066
0.066
0.066
0.066
0.066
0.066
0.066
0.066
0.066
0.066
0.066
0.066
0.066
0.066
0.066
0.066
0.066
0.066
0.066
0.066
0.17
0.17
0.17
0.17
0.17
0.17
0.17
0.333
0.333
0.333
0.333
0.333
0.333
0.333
0.333
0.333
0.333
0.333
0.229
0.229
0.229
0.229
0.229
0.229
0.229
0.229
0.229
0.066
0.066
0.066
0.066
0.066
0.066
0.066
0.066
0.066
0.066
0.066
0.066
0.066
0.066
0.066
0.066
0.066
0.066
0.066
0.066
0.066
0.066
0.066
0.066
0.066
0.066
0.066
0.066
0.066
0.066
0.066
0.066
0.066
0.066
0.066
0.066
0.066
0.066
0.066
0.066
0.066
0.066
0.066
0.066
0.066
0.066
0.066
0.066
0.066
0.066
0.066
0.066
0.066
0.066
0.066
0.066
0.066
0.066
0.066
0.066
0.066
0.17
0.17
0.17
0.17
0.168
0.268
0.268
0.431
0.491
0.491
0.491
0.491
0.491
0.491
0.491
0.491
0.491
0.491
0.387
0.387
0.398
0.438
0.438
0.438
0.438
0.438
0.438
0.275
0.275
0.393
0.393
0.393
0.393
0.393
0.393
0.393
0.393
0.393
0.393
0.498
0.498
0.498
0.498
0.507
0.066
0.066
0.066
0.066
0.066
0.066
0.066
0.066
0.066
0.066
0.066
0.066
0.066
0.066
0.066
0.066
0.066
0.066
0.066
0.066
0.066
0.066
0.066
0.066
0.17
0.17
0.17
0.17
0.17
0.17
0.17
0.17
0.17
0.17
0.17
0.17
0.17
0.17
0.17
0.17
0.17
0.17
0.066
0.066
0.066
0.066
0.066
0.066
0.066
0.066
0.229
0.229
0.229
0.229
0.229
0.229
0.229
0.229
0.229
0.229
0.229
0.229
0.229
0.229
0.229
0.229
0.229
0.229
0.229
0.229
0.066
0.066
0.066
0.066
0.066
0.066
0.066
0.066
0.066
0.066
0.066
0.066
0.17
0.17
0.17
0.17
0.17
0.17
0.17
0.17
0.17
0.17
0.17
0.17
0.17
0.17
0.17
0.17
0.17
0.17
0.066
0.066
0.066
0.066
0.066
0.066
0.066
0.066
0.066
0.066
0.066
0.066
0.066
0.066
0.066
0.066
0.066
0.066
0.066
0.066
0.066
0.066
0.066
0.066
0.066
0.066
0.066
0.066
0.066
0.066
0.066
0.229
0.229
0.229
0.229
0.229
0.229
0.229
0.229
0.229
0.229
0.229
0.229
0.229
0.229
0.229
0.229
0.229
0.229
0.229
0.229
0.066
0.066
0.066
0.066
0.066
0.066
0.066
0.066
0.066
0.066
0.066
0.066
0.066
0.066
0.066
0.066
0.066
0.066
0.066
0.066
0.066
0.066
0.17
0.17
0.17
0.17
0.17
0.17
0.17
0.17
0.17
0.17
0.17
0.17
0.17
0.17
0.17
0.17
0.17
0.17
0.066
0.066
0.066
0.066
0.229
0.229
0.229
0.229
0.229
0.356
0.356
0.356
0.356
0.356
0.356
0.356
0.356
0.238
0.238
0.238
0.238
0.238
0.238
0.238
0.075
0.075
0.075
0.075
0.075
0.075
0.075
0.075
0.075
0.075
0.075
0.075
0.075
0.075
0.075
3.529
3.529
3.529
3.529
3.529
3.529
3.518
3.518
3.518
3.518
3.518
3.518
3.518
3.518
3.518
3.518
3.518
3.518
3.518
3.518
0.064
0.064
0.064
0.064
0.064
0.064
0.064
0.064
0.064
0.064
0.064
0.168
0.168
0.168
0.168
0.168
0.168
0.168
0.168
0.168
0.168
0.168
0.168
0.168
0.168
0.168
0.168
0.168
0.168
0.064
0.064
0.064
0.064
0.064
0.064
0.064
0.064
0.064
0.064
0.064
0.227
0.227
0.227
0.227
0.227
1.239
1.239
1.239
0.227
0.227
0.227
0.227
0.227
0.227
0.227
0.227
0.287
0.287
0.287
0.287
0.124
0.124
0.124
0.124
0.064
0.064
0.064
0.064
0.064
0.064
0.064
0.064
0.064
0.064
0.064
0.064
0.064
0.064
0.064
0.064
0.075
0.075
0.135
0.135
0.195
0.195
0.195
3.767
3.767
3.767
3.767
3.767
3.767
3.707
3.707
3.707
3.707
3.707
3.707
3.707
0.066
0.066
0.066
0.066
0.066
0.17
0.17
0.17
0.17
0.17
0.17
0.17
0.17
0.333
0.333
0.333
0.333
0.333
0.333
0.333
0.333
0.333
0.333
0.229
0.229
0.229
0.229
0.229
0.229
0.229
0.229
0.229
0.229
0.066
0.066
0.066
0.066
0.066
0.066
0.066
0.066
0.066
0.066
0.066
0.066
0.066
0.066
0.066
0.066
0.066
0.066
0.066
0.066
0.066
0.066
0.066
0.066
0.066
0.066
0.066
0.066
0.066
0.066
0.066
0.066
0.066
0.066
0.066
0.066
0.066
0.066
0.066
0.066
0.066
0.066
0.066
0.066
0.066
0.066
0.17
0.17
0.17
0.17
0.17
0.17
0.17
0.17
0.17
0.17
0.17
0.17
0.17
0.17
0.17
0.17
0.17
0.17
0.066
0.066
0.066
0.066
0.066
0.066
0.066
0.066
0.066
0.066
0.066
0.066
0.066
0.066
0.066
0.066
0.066
0.066
0.066
0.066
0.066
0.066
0.066
0.066
0.066
0.066
0.066
0.066
0.229
0.229
0.229
0.229
0.229
0.229
0.229
0.229
0.229
0.229
0.229
0.229
0.229
0.229
0.229
0.229
0.229
0.229
0.229
0.229
0.066
0.066
0.066
0.066
0.066
0.066
0.066
0.066
0.066
0.066
0.066
0.066
0.066
0.066
0.066
0.066
0.066
0.066
0.066
0.066
0.066
0.066
0.066
0.066
0.066
0.066
0.066
0.066
0.066
0.066
0.066
0.066
0.17
0.17
0.17
0.17
0.17
0.17
0.17
0.17
0.17
0.17
0.17
0.17
0.17
0.17
0.17
0.17
0.17
0.333
0.229
0.229
0.229
0.229
0.229
0.229
0.229
0.229
0.229
0.229
0.229
0.229
0.229
0.229
0.229
0.229
0.229
0.229
0.229
0.066
0.066
0.066
0.066
0.066
0.066
0.066
0.066
0.066
0.066
0.066
0.066
0.066
0.066
0.066
0.066
0.066
0.066
0.066
0.066
0.066
0.066
0.066
0.066
0.066
0.066
3.647
3.747
3.807
3.807
3.807
3.807
3.807
0.353
0.353
0.353
0.353
0.418
0.418
0.418
0.418
0.418
0.43
0.43
0.553
0.553
0.488
0.488
0.5
0.488
0.448
0.552
0.552
0.552
0.715
0.715
0.715
0.715
0.715
0.715
0.755
0.755
0.715
0.715
0.715
0.715
0.704
0.744
0.744
0.64
0.64
0.64
0.64
0.64
0.477
0.477
0.477
0.477
0.417
0.417
0.417
0.417
0.417
0.417
0.417
0.377
0.403
0.403
0.443
0.443
0.443
0.443
0.443
0.443
0.443
0.443
0.443
0.443
0.443
0.473
0.473
0.433
0.433
0.433
0.433
0.433
0.433
0.433
0.444
0.444
0.444
0.444
0.444
0.509
0.444
0.444
0.444
0.444
3.898
3.898
3.898
3.886
3.886
3.886
3.926
3.926
3.926
3.986
4.056
4.056
4.056
4.056
4.056
3.996
3.996
3.996
3.996
4.056
0.602
0.592
0.592
0.532
0.532
0.532
0.532
0.76
0.76
0.695
0.695
0.695
0.695
0.695
0.695
0.76
0.76
0.76
0.8
0.8
4.254
4.254
4.254
4.294
4.294
4.294
4.294
4.131
4.131
4.103
4.052
4.061
4.061
4.061
3.965
3.847
3.847
3.847
3.847
3.835
0.316
0.316
0.316
0.316
0.316
0.316
0.316
0.316
0.316
0.42
0.52
0.52
0.52
0.48
0.42
0.432
0.532
0.52
0.655
0.555
0.555
0.555
0.555
0.555
0.555
0.555
0.615
0.451
0.451
0.451
0.451
0.508
0.508
0.52
0.508
0.468
0.468
0.468
0.468
0.468
0.468
0.468
0.468
0.631
0.731
0.731
0.731
0.796
0.731
0.731
0.731
0.731
0.731
0.791
0.791
0.731
0.731
0.731
4.185
4.245
4.31
4.284
4.284
4.061
4.061
4.061
4.061
4.061
4.061
4.061
5.904
5.739
5.739
3.896
3.896
3.896
3.896
3.896
0.482
0.482
0.586
0.586
0.586
0.586
0.586
0.586
0.586
0.586
0.648
0.648
0.753
0.723
0.774
0.669
4.123
4.123
4.063
4.063
3.959
4.019
4.019
4.124
4.124
4.194
4.124
4.124
4.124
4.124
4.124
4.124
4.189
4.189
4.219
4.231
0.632
0.514
2.357
2.357
0.229
0.229
0.229
0.229
0.229
0.229
0.229
0.229
0.229
0.229
0.229
0.229
0.229
0.229
0.229
0.229
0.229
0.229
0.229
0.229
0.066
0.066
0.066
0.066
0.066
0.066
0.066
0.066
0.066
0.066
0.066
0.066
0.066
0.066
0.066
0.066
0.066
0.066
0.066
0.066
0.066
0.066
0.066
0.066
0.066
0.066
0.066
0.066
0.066
0.066
0.066
0.066
0.066
0.066
0.066
0.066
0.066
0.066
0.066
0.066
0.066
0.066
0.066
0.066
0.066
0.066
0.17
0.17
0.17
0.17
0.17
0.17
0.17
0.17
0.17
0.17
0.17
0.17
0.17
0.17
0.17
0.17
0.17
0.17
0.066
0.066
0.066
0.066
0.066
0.066
