0.06
0.06
0.05
0.05
0.05
0.05
0.05
0.05
0.05
0.05
0.05
0.05
0.05
0.05
0.05
0.05
0.05
0.05
0.05
0.05
0.259
0.259
0.259
0.259
0.259
0.259
0.259
0.259
0.259
0.259
0.259
0.259
0.269
0.269
0.269
0.269
0.269
0.269
0.269
0.269
0.269
0.269
0.06
0.06
0.06
0.06
0.06
0.06
0.06
0.06
0.06
0.06
0.06
0.06
0.06
0.06
0.06
0.169
0.169
0.169
0.169
0.169
0.169
0.169
0.169
0.169
0.169
0.169
0.169
0.169
0.169
0.169
0.169
0.169
0.169
0.06
0.06
0.06
0.06
0.06
0.06
0.06
0.06
0.06
0.06
0.06
0.06
0.06
0.06
0.06
0.06
0.06
0.06
0.06
0.06
0.06
0.06
0.06
0.06
0.06
0.06
0.06
0.06
0.06
0.06
0.06
0.06
0.06
0.06
0.06
0.06
0.269
0.269
0.269
0.269
0.269
0.269
0.269
0.269
0.269
0.378
0.378
0.378
0.378
0.378
0.378
0.378
0.378
0.378
0.378
0.378
0.378
0.378
0.169
0.169
0.169
0.169
0.169
0.06
0.06
0.06
0.06
0.06
0.06
0.06
0.06
0.06
0.06
0.06
0.06
0.06
0.06
0.06
0.06
0.06
0.06
0.06
0.06
0.06
0.06
0.06
0.06
0.06
0.06
0.06
0.06
0.06
0.06
0.06
0.06
0.06
0.06
0.06
0.06
0.06
0.06
0.06
0.06
0.06
0.06
0.06
0.06
0.06
0.269
0.269
0.269
0.378
0.378
0.378
0.378
0.378
0.378
0.378
0.378
0.378
0.378
0.378
0.378
0.378
0.378
0.378
0.378
0.378
0.378
0.269
0.06
0.06
0.06
0.06
0.06
0.06
0.06
0.06
0.06
0.06
0.06
0.06
0.06
0.06
0.06
0.06
0.06
0.06
0.06
0.06
0.06
0.06
0.06
0.06
0.06
0.06
0.06
0.06
0.06
0.06
0.06
0.06
0.06
0.06
0.06
0.06
0.06
0.06
0.06
0.06
0.06
0.06
0.06
0.06
0.06
0.06
0.06
0.06
0.06
0.06
0.06
0.06
0.06
0.06
0.06
0.06
0.06
0.06
0.06
0.06
0.06
0.269
0.269
0.269
0.269
0.269
0.269
0.269
0.269
0.269
0.269
0.269
0.269
0.269
0.269
0.269
0.269
0.269
0.269
0.269
0.269
0.269
0.269
0.06
0.06
0.06
0.169
0.169
0.169
0.169
0.169
0.169
0.169
0.169
0.169
0.169
0.169
0.169
0.169
0.169
0.169
0.169
0.169
0.169
0.06
0.06
0.06
0.06
0.06
0.06
0.06
0.06
0.06
0.06
0.06
0.06
0.06
0.06
0.06
0.06
0.06
0.06
0.06
0.06
0.06
0.06
0.06
0.06
0.06
0.06
0.06
0.06
0.06
0.06
0.06
0.06
0.06
0.06
0.06
0.06
0.06
0.06
0.06
0.06
0.06
0.06
0.06
0.06
0.06
0.06
0.06
0.06
0.06
0.06
0.169
0.169
0.169
0.169
0.378
0.378
0.378
0.378
0.378
0.378
0.378
0.378
0.378
0.378
0.378
0.378
0.378
0.378
0.269
0.269
0.269
0.269
0.269
0.269
0.269
0.269
0.06
0.06
0.06
0.06
0.06
0.06
0.06
0.06
0.06
0.06
0.06
0.06
0.06
0.06
0.06
0.06
0.06
0.06
0.06
0.06
0.06
0.06
0.06
0.06
0.06
0.06
0.06
0.06
0.06
0.06
0.06
0.06
0.06
0.06
0.06
0.058
0.118
0.118
0.118
0.118
0.118
0.118
0.118
0.118
0.218
0.218
0.218
0.218
0.278
0.278
0.387
0.387
0.487
0.596
0.596
0.596
0.646
0.646
0.646
0.646
0.486
0.486
0.486
0.573
0.573
0.573
0.573
0.573
0.573
0.573
0.573
0.464
0.255
0.255
0.315
0.315
0.315
0.315
0.315
0.315
0.315
0.315
0.315
0.315
0.405
3.411
3.361
3.361
3.301
3.301
3.301
3.301
3.301
3.301
3.301
3.241
3.241
3.241
3.241
3.241
3.241
3.241
3.241
3.241
3.241
0.295
0.295
0.335
0.275
0.275
0.235
0.235
0.235
0.235
0.235
0.235
0.235
3.35
3.35
3.39
3.35
3.35
3.35
3.35
3.45
3.45
3.45
3.45
3.45
3.45
3.45
3.41
3.41
3.41
3.47
3.361
3.361
0.355
0.355
0.415
0.475
0.475
0.475
0.415
0.415
0.415
0.415
0.475
0.475
0.535
0.6
0.6
0.54
0.54
0.54
0.749
0.749
0.749
0.749
0.749
0.749
0.749
0.749
0.749
0.749
0.749
0.749
0.749
0.649
0.649
0.649
0.649
0.649
0.649
0.649
0.603
0.543
0.274
0.383
0.383
0.383
0.383
0.383
0.383
0.383
0.383
0.383
0.383
0.383
0.383
0.383
0.383
3.329
3.329
3.329
3.329
3.22
3.22
3.22
3.22
3.22
3.22
3.22
3.22
3.22
3.22
3.22
3.22
3.22
3.22
3.22
3.22
0.274
0.274
0.274
0.274
0.274
0.274
0.274
0.274
0.274
0.274
0.274
0.274
0.483
0.483
0.483
0.483
0.483
0.483
0.483
0.483
0.483
0.483
0.483
0.469
0.469
3.415
3.415
3.415
3.415
3.415
3.415
3.415
3.415
3.415
3.206
3.206
3.206
3.206
3.206
3.206
3.206
3.206
3.206
3.206
3.206
0.26
0.26
0.26
0.26
0.26
0.369
0.369
0.369
0.169
0.169
0.169
0.169
0.169
0.169
0.169
0.169
0.169
0.169
0.169
0.169
0.169
0.169
0.169
0.06
0.06
0.06
0.06
0.06
0.06
0.06
0.06
0.06
0.06
0.06
0.06
0.06
0.06
0.06
0.06
0.06
0.06
0.06
0.06
0.06
0.06
0.06
0.06
0.06
0.06
0.269
0.269
0.269
0.269
0.269
0.269
0.269
0.269
0.269
0.269
0.269
0.269
0.269
0.269
0.269
0.269
0.269
0.269
0.269
0.269
0.269
0.269
0.06
0.06
0.06
0.06
0.06
0.06
0.06
0.06
0.06
0.06
0.06
0.06
0.06
0.06
0.06
0.06
0.06
0.06
0.06
0.06
0.06
0.06
0.06
0.06
0.06
0.06
0.06
0.06
0.06
0.06
0.06
0.06
0.06
0.06
0.06
0.169
0.169
0.169
0.169
0.169
0.169
0.169
0.169
0.169
0.169
0.169
0.169
0.169
0.169
0.169
0.169
0.169
0.169
0.06
0.06
0.06
0.06
0.06
0.06
0.06
0.06
0.06
0.06
0.06
0.06
0.06
0.06
0.06
0.06
0.06
0.06
0.06
0.06
0.06
0.06
0.06
0.06
0.06
0.06
0.06
0.06
0.06
0.06
0.06
0.06
0.06
0.06
0.06
0.06
0.06
0.06
0.169
0.169
0.169
0.169
0.169
0.169
0.169
0.169
0.169
0.169
0.169
0.378
0.378
0.378
0.378
0.378
0.378
0.378
0.269
0.269
0.269
0.269
0.269
0.269
0.269
0.269
0.269
0.269
0.269
0.269
0.269
0.269
0.269
0.06
0.06
0.06
0.06
0.06
0.06
0.06
0.06
0.06
0.06
0.06
0.06
0.06
0.06
0.06
0.06
0.06
0.06
0.06
0.06
0.06
0.06
0.06
0.06
0.06
0.06
0.06
0.06
0.06
0.06
0.06
0.06
0.06
0.06
0.06
0.06
0.06
0.06
0.06
0.06
0.06
0.06
0.06
0.06
0.06
0.06
0.06
0.06
0.06
0.06
0.06
0.06
0.06
0.06
0.06
0.06
0.06
0.06
0.06
0.06
0.06
0.169
0.169
0.169
0.169
0.169
0.169
0.169
0.169
0.169
0.169
0.169
0.169
0.169
0.169
0.378
0.378
0.378
0.378
0.269
0.269
0.269
0.269
0.269
0.269
0.269
0.269
0.269
0.269
0.269
0.269
0.269
0.269
0.269
0.269
0.269
0.269
0.06
0.06
0.06
0.06
0.06
0.06
0.06
0.06
0.06
0.06
0.06
0.06
0.06
0.06
0.06
0.06
0.06
0.06
0.06
0.06
0.06
0.06
0.06
0.06
0.06
0.06
0.06
0.06
0.06
0.06
0.06
0.06
0.06
0.06
0.06
0.06
0.06
0.06
0.06
0.06
0.06
0.06
0.06
0.06
0.06
0.06
0.06
0.06
0.06
0.06
0.06
0.06
0.06
0.269
0.269
0.269
0.269
0.269
0.269
0.269
0.269
0.269
0.269
0.269
0.269
0.269
0.269
0.269
0.269
0.269
0.269
0.269
0.269
0.269
0.269
0.06
0.169
0.169
0.169
0.169
0.169
0.169
0.169
0.169
0.169
0.169
0.169
0.169
0.169
0.169
0.169
0.169
0.169
0.169
0.06
0.06
0.06
0.06
0.06
0.06
0.06
0.06
0.06
0.06
0.06
0.06
0.06
0.06
0.06
0.06
0.06
0.06
0.06
0.06
0.06
0.06
0.06
0.06
0.06
0.06
0.06
0.06
0.06
0.06
0.06
0.06
0.06
0.06
0.06
0.06
0.06
0.06
0.06
0.06
0.06
0.06
0.06
0.06
0.06
0.06
0.06
0.06
0.06
0.06
0.06
0.169
0.304
0.318
0.318
0.318
0.318
0.318
0.318
0.318
0.318
0.318
0.318
0.318
0.318
0.318
0.318
0.318
0.318
0.209
0.309
0.309
0.209
0.209
0.209
0.249
0.249
0.249
0.289
0.289
0.498
0.498
0.498
0.558
0.708
0.658
0.771
0.771
0.771
0.771
0.771
0.771
0.771
0.731
0.731
0.731
0.731
0.731
0.731
0.731
0.731
0.731
0.522
0.522
0.522
0.522
0.422
0.422
0.422
0.422
0.422
0.422
0.531
0.417
0.417
0.517
0.517
3.463
3.463
3.463
3.463
3.463
3.463
3.463
3.463
3.463
3.463
3.523
3.583
3.583
3.474
3.474
3.474
3.474
3.534
3.474
3.474
0.528
0.528
0.528
0.528
0.628
0.628
0.628
0.628
0.628
0.628
2.921
2.921
2.921
2.844
2.784
2.784
2.784
2.784
2.784
2.671
2.671
2.671
2.671
2.671
2.671
2.571
3.224
3.224
3.224
3.224
3.224
3.224
3.236
3.236
3.236
3.236
3.236
3.236
3.224
3.224
3.224
3.224
3.264
3.264
3.264
3.264
0.318
0.353
0.353
0.462
0.476
0.516
0.516
0.516
0.516
0.576
0.476
0.416
0.416
0.416
0.416
0.466
0.466
0.466
0.466
0.466
0.466
0.371
0.371
0.371
0.431
0.508
0.548
0.548
0.693
0.693
0.693
0.693
0.902
0.902
3.155
3.155
3.155
3.105
3.105
3.07
3.13
3.13
3.24
3.18
3.18
6.126
6.226
6.226
6.326
0.269
0.269
0.269
0.269
0.269
0.06
0.06
0.06
0.06
0.06
0.06
0.06
0.06
0.06
0.06
0.06
0.06
0.06
0.06
0.06
0.06
0.06
0.06
0.06
0.06
0.06
0.06
0.06
0.06
0.06
0.06
0.06
0.06
0.06
0.06
0.06
0.06
0.06
0.06
0.06
0.06
0.06
0.06
0.06
0.169
0.169
0.169
0.169
0.169
0.169
0.169
0.378
0.378
0.378
0.378
0.378
0.378
0.378
0.378
0.378
0.378
0.378
0.269
0.269
0.269
0.269
0.269
0.269
0.269
0.269
0.269
0.269
0.269
0.06
0.06
0.06
0.06
0.06
0.06
0.06
0.06
0.06
0.06
0.06
0.06
0.06
0.06
0.06
0.06
0.06
0.06
0.06
0.06
0.06
0.06
0.06
0.06
0.06
0.06
0.06
0.06
0.169
0.169
0.169
0.169
0.169
0.169
0.169
0.169
0.169
0.169
0.169
0.169
0.169
0.169
0.169
0.169
0.169
0.169
0.06
0.06
0.06
0.06
0.06
0.06
0.06
0.06
0.06
0.06
0.06
0.06
0.06
0.06
0.06
0.06
0.06
0.06
0.269
0.269
0.269
0.269
0.269
0.269
0.269
0.269
0.269
0.269
0.269
0.269
0.269
0.269
0.269
0.269
0.269
0.269
0.269
0.269
0.269
0.378
0.169
0.169
0.169
0.169
0.169
0.169
0.169
0.169
0.169
0.169
0.169
0.169
0.169
0.169
0.169
0.169
0.169
0.06
0.06
0.06
0.06
