0.06699999999999998
0.07233333333333332
0.08733333333333332
0.2320000000000001
0.19860000000000003
0.24900000000000008
0.07699999999999999
0.07699999999999999
0.1596666666666667
0.3615333333333332
0.16873333333333335
0.07699999999999999
0.13899999999999998
0.31339999999999996
0.2375333333333334
0.07699999999999999
0.11833333333333333
0.2320000000000001
0.0873333333333333
0.07699999999999999
0.11833333333333333
0.3466666666666666
0.39726666666666666
1.0788
3.490800000000001
1.1357999999999997
0.5661333333333333
0.493
2.1898
4.893533333333332
2.101933333333333
1.1886666666666676
0.07699999999999999
0.07699999999999999
0.24799999999999997
0.34199999999999986
0.09993333333333329
0.07699999999999999
0.07699999999999999
0.16873333333333337
0.3512
0.16999999999999998
0.07699999999999999
0.07699999999999999
0.07699999999999999
0.21460000000000004
0.34666666666666673
0.12866666666666665
0.07699999999999999
0.07699999999999999
0.20100000000000007
1.791933333333333
0.3729333333333334
0.25279999999999997
0.07699999999999999
0.11139999999999999
0.24900000000000008
0.15386666666666665
2.985066666666667
2.1574
0.4563333333333334
0.5745999999999999
0.7741333333333332
0.3686000000000001
0.289
0.42360000000000003
2.2794666666666665
1.2037333333333347
1.2066666666666668
0.7428666666666668
0.4055999999999999
0.49126666666666663
0.9054666666666668
0.5473333333333333
0.8845333333333334
0.8174666666666666
0.8331999999999998
2.6436000000000006
3.571666666666667
1.2546
4.203333333333334
1.6655333333333329
0.9006666666666665
1.2922000000000002
1.2153999999999998
1.5671333333333335
0.9206666666666664
0.8221333333333332
0.7046666666666669
0.5896666666666668
0.4883999999999999
1.221
0.14579999999999999
0.07699999999999999
0.07699999999999999
0.1175333333333333
