0.075
0.075
0.065
0.065
0.065
0.065
0.065
0.065
0.075
0.075
0.075
0.075
0.075
0.075
0.075
0.075
0.075
0.075
0.075
0.075
0.075
0.075
0.075
0.075
0.075
0.075
0.075
0.075
0.075
0.075
0.075
0.075
0.075
0.075
0.075
0.075
0.075
0.075
0.075
0.075
0.075
0.075
0.075
0.075
0.075
0.075
0.075
0.075
0.075
0.075
0.075
0.075
0.075
0.075
0.075
0.075
0.075
0.075
0.075
0.075
0.16499999999999998
0.193
0.211
0.10300000000000001
1.8814
3.0789999999999997
3.067
3.1342
1.3966
0.21600000000000003
0.22440000000000002
0.179
0.1226
0.168
0.148
0.1226
0.23500000000000001
0.10900000000000001
0.2278
0.3094
0.10900000000000001
0.11699999999999999
0.1274
0.077
0.181
0.11300000000000002
0.11300000000000002
0.5826
1.443
1.347
1.383
1.5790000000000002
1.543
1.403
1.5669999999999997
2.3217999999999996
0.075
0.075
0.075
0.075
0.075
0.075
0.075
0.075
0.075
0.075
0.075
0.075
0.075
0.075
0.075
0.075
0.075
0.075
0.075
0.075
0.075
0.075
0.075
0.075
0.075
0.075
0.075
0.075
0.075
0.075
0.075
0.075
0.075
0.075
0.075
0.075
0.075
0.075
0.075
0.075
0.075
0.075
0.075
0.075
0.075
0.075
0.075
0.075
0.075
0.075
0.075
0.075
0.075
0.075
0.075
0.075
0.075
0.075
0.075
0.075
1.7724
1.363
3.1734
3.8174
3.093
3.2329999999999997
1.3746
0.189
0.1146
0.093
0.093
0.093
0.1014
0.10700000000000001
0.075
0.075
0.075
0.075
0.075
0.075
0.075
0.075
0.075
0.075
0.075
0.075
0.075
0.075
0.075
0.075
0.075
0.075
0.075
0.075
0.075
0.075
0.075
0.075
0.075
0.075
0.075
0.075
0.075
0.075
0.075
0.075
0.075
0.075
0.075
0.075
1.2726000000000002
3.0586
3.107
3.171
1.9854000000000003
0.207
0.075
0.075
0.075
0.075
0.075
0.075
0.087
0.087
0.087
0.13499999999999998
0.075
0.075
0.075
0.075
0.075
0.075
0.075
0.075
0.1386
0.5624
0.8918000000000003
0.3802
0.509
0.511
0.6366
1.9066000000000003
3.5409999999999995
3.505
3.5170000000000003
2.5834
0.681
2.4612
3.681
3.7066000000000003
3.779
1.9806000000000001
0.553
0.548
0.622
0.7308
0.9339999999999999
0.9339999999999999
0.974
0.914
0.734
0.7939999999999999
1.1732
0.976
1.012
1.036
1.024
1.1040000000000003
0.075
0.075
0.075
0.075
0.075
0.075
0.075
0.075
0.075
0.075
0.075
0.075
0.075
0.075
0.075
0.075
0.075
0.075
0.075
0.075
0.075
0.075
0.075
0.075
