0.069
0.069
0.069
0.069
0.069
0.069
0.069
0.069
0.069
0.069
0.069
0.069
0.069
0.069
0.069
0.069
0.069
0.069
0.069
0.069
0.069
0.069
0.069
0.069
0.069
0.069
0.069
0.069
0.069
0.069
0.069
0.069
0.069
0.186
0.186
0.186
0.186
0.186
0.186
0.186
0.186
0.186
0.186
0.186
0.186
0.186
0.186
0.186
0.186
0.186
0.186
0.069
0.069
0.069
0.069
0.069
0.069
0.069
0.069
0.069
0.069
0.069
0.069
0.069
0.069
0.069
0.069
0.069
0.069
0.069
0.069
0.069
0.069
0.069
0.069
0.069
0.069
0.069
0.069
0.069
0.069
0.069
0.069
0.069
0.069
0.069
0.069
0.069
0.069
0.069
0.069
0.069
0.069
0.069
0.069
0.069
0.069
0.069
0.069
0.069
0.069
0.069
0.069
0.069
0.069
0.069
0.069
0.069
0.069
0.069
0.069
0.25
0.25
0.25
0.25
0.25
0.25
0.25
0.25
0.25
0.25
0.25
0.25
0.25
0.25
0.069
0.069
0.069
0.069
0.069
0.069
0.069
0.069
0.069
0.069
0.069
0.069
0.069
0.069
0.069
0.069
0.069
0.069
0.069
0.069
0.069
0.186
0.186
0.186
0.186
0.186
0.186
0.186
0.186
0.186
0.186
0.186
0.186
0.186
0.186
0.186
0.186
0.186
0.186
0.069
0.069
0.069
0.069
0.069
0.069
0.069
0.069
0.069
0.069
0.069
0.069
0.069
0.069
0.069
0.069
0.069
0.069
0.069
0.069
0.069
0.069
0.069
0.069
0.069
0.069
0.069
0.069
0.069
0.069
0.069
0.069
0.069
0.069
0.069
0.069
0.069
0.069
0.069
0.069
0.069
0.069
0.069
0.069
0.069
0.069
0.069
0.069
0.069
0.069
0.069
0.069
0.069
0.069
0.069
0.069
0.069
0.069
0.069
0.069
0.069
0.069
0.186
0.186
0.186
0.186
0.186
0.186
0.186
0.186
0.186
0.186
0.186
0.367
0.367
0.367
0.367
0.367
0.367
0.367
0.25
0.25
0.25
0.25
0.25
0.25
0.25
0.069
0.069
0.069
0.069
0.069
0.069
0.069
0.069
0.069
0.069
0.069
0.069
0.069
0.069
0.069
0.069
0.069
0.069
0.069
0.069
0.069
0.069
0.069
0.069
0.069
0.069
0.069
0.069
0.069
0.069
0.069
0.069
0.069
0.069
0.069
0.069
0.186
0.186
0.186
0.186
0.186
0.186
0.186
0.186
0.186
0.186
0.186
0.186
0.186
0.186
0.186
0.186
0.186
0.186
0.069
0.069
0.069
0.069
0.069
0.069
0.069
0.069
0.069
0.069
0.069
0.069
0.069
0.069
0.25
0.25
0.25
0.25
0.25
0.25
0.25
0.25
0.25
0.25
0.25
0.25
0.25
0.25
0.069
0.069
0.069
0.069
0.069
0.069
0.069
0.069
0.069
0.069
0.069
0.069
0.069
0.069
0.069
0.069
0.069
0.069
0.069
0.069
0.069
0.069
0.069
0.069
0.069
0.069
0.069
0.069
0.069
0.069
0.069
0.069
0.069
0.069
0.069
0.069
0.069
0.069
0.069
0.069
0.069
0.069
0.069
0.069
0.069
0.069
0.069
0.069
0.069
0.069
0.069
0.069
0.069
0.069
0.069
0.069
0.069
0.186
0.186
0.186
0.367
0.367
0.367
0.367
0.367
0.367
0.367
0.367
0.367
0.367
0.367
0.367
0.367
0.367
0.186
0.069
0.069
0.069
0.069
0.069
0.069
0.069
0.069
0.069
0.069
0.069
0.069
0.069
0.069
0.069
0.069
0.069
0.069
0.069
0.069
0.069
0.069
0.069
0.069
0.069
0.069
0.069
0.069
0.069
0.069
0.069
0.069
0.069
0.069
0.069
0.069
0.069
0.069
0.069
0.069
0.069
0.069
0.069
0.069
0.069
0.069
0.069
0.069
0.069
0.069
0.069
0.069
0.069
0.069
0.069
0.069
0.069
0.069
0.069
0.069
0.069
0.069
0.25
0.25
0.25
0.25
0.25
0.25
0.25
0.25
0.25
0.25
2.069
2.069
2.069
0.308
0.187
0.127
0.127
0.127
0.127
0.127
0.127
0.127
0.127
0.127
0.127
0.187
0.187
0.187
0.187
0.187
0.187
0.187
0.187
0.187
0.187
0.287
0.323
0.323
0.223
0.223
0.223
0.223
0.223
0.223
0.223
0.223
0.223
0.223
0.223
0.223
0.223
0.223
0.223
0.223
0.323
0.323
0.323
0.323
0.323
0.323
0.323
0.383
0.483
0.583
0.583
0.483
0.483
0.423
0.423
0.423
0.387
0.387
0.387
0.387
0.387
0.387
0.387
0.387
0.387
2.208
2.208
2.389
0.568
0.568
0.568
0.568
0.568
0.568
0.468
0.468
0.468
0.468
0.468
0.468
0.468
0.287
0.287
0.287
0.287
0.287
0.287
0.287
0.287
0.287
0.287
0.287
0.287
0.287
0.287
0.287
0.287
0.287
0.287
0.287
0.287
0.287
0.287
0.227
10.85
10.85
10.85
0.227
0.367
0.367
0.367
0.367
0.367
0.367
0.367
0.367
0.367
0.367
0.367
0.367
0.367
0.367
0.367
0.367
0.367
0.367
0.367
0.367
0.367
0.367
0.367
0.367
0.367
0.367
0.367
0.367
0.367
0.367
0.367
0.367
0.367
0.367
0.367
0.367
0.367
0.367
0.367
0.367
0.548
0.548
0.548
0.581
0.581
0.581
0.635
0.635
0.635
0.635
0.635
0.635
0.635
0.635
0.454
0.454
0.454
0.454
0.454
0.454
0.52
0.514
0.514
0.514
0.514
0.514
0.514
0.514
0.514
0.514
0.514
0.514
0.514
0.514
0.481
0.481
0.481
0.481
0.481
0.481
0.481
0.481
0.481
0.481
0.421
0.421
0.421
0.421
0.069
0.069
0.069
0.069
0.069
0.069
0.069
0.069
0.069
0.069
0.069
0.069
0.069
0.069
0.069
0.069
0.069
0.069
0.069
0.069
0.069
0.069
0.069
0.069
0.069
0.069
0.069
0.069
0.069
0.25
0.25
0.25
0.25
0.25
0.25
0.25
0.25
0.367
0.367
0.367
0.367
0.367
0.367
0.186
0.186
0.186
0.186
0.186
0.186
0.186
0.186
0.186
0.186
0.186
0.186
0.069
0.069
0.069
0.069
0.069
0.069
0.069
0.069
0.069
0.069
0.069
0.069
0.069
0.069
0.069
0.069
0.069
0.069
0.069
0.069
0.069
0.069
0.069
0.069
0.069
0.069
0.069
0.069
0.069
0.069
0.069
0.069
0.069
0.069
0.069
0.069
0.069
0.069
0.069
0.069
0.069
0.069
0.069
0.069
0.069
0.069
0.069
0.069
0.186
0.186
0.186
0.186
0.186
0.367
0.367
0.367
0.367
0.367
0.367
0.367
0.367
0.367
0.367
0.367
0.367
0.367
0.25
0.069
0.069
0.069
0.069
0.069
0.069
0.069
0.069
0.069
0.069
0.069
0.069
0.069
0.069
0.069
0.069
0.069
0.069
0.069
0.069
0.069
0.069
0.069
0.069
0.069
0.069
0.069
0.069
0.069
0.069
0.069
0.069
0.069
0.069
0.069
0.069
0.069
0.069
0.069
0.069
0.069
0.069
0.069
0.069
0.069
0.069
0.069
0.069
0.069
0.069
0.069
0.069
0.069
0.069
0.069
0.186
0.186
0.186
0.186
0.186
0.186
0.186
0.186
0.186
0.186
0.186
0.186
0.186
0.186
0.186
0.186
0.186
0.186
0.069
0.069
0.069
0.069
0.069
0.069
0.069
0.069
0.069
0.069
0.069
0.069
0.069
0.069
0.069
0.069
0.069
0.069
0.069
0.069
0.069
0.069
0.069
0.069
0.069
0.069
0.069
0.069
0.069
0.069
0.069
0.069
0.069
0.25
0.25
0.25
0.25
0.25
0.25
0.25
0.25
0.25
0.25
0.25
0.25
0.25
0.25
0.069
0.069
0.069
0.069
0.069
0.186
0.186
0.186
0.186
0.186
0.186
0.186
0.186
0.186
0.186
0.186
0.186
0.186
0.186
0.186
0.186
0.186
0.186
0.069
0.069
0.069
0.069
0.069
0.069
0.069
0.069
0.069
0.069
0.069
0.069
0.069
0.069
0.069
0.069
0.069
0.069
0.069
0.069
0.069
0.069
0.069
0.069
0.069
0.069
0.069
0.069
0.069
0.069
0.069
0.069
0.069
0.069
0.069
0.069
0.069
0.069
0.069
0.069
0.186
0.186
0.186
0.186
0.186
0.367
0.367
0.367
0.367
0.367
0.367
0.367
0.367
0.367
0.367
0.367
0.367
0.367
0.25
0.069
0.069
0.069
0.069
0.069
0.069
0.069
0.069
0.069
0.069
0.069
0.069
0.069
0.069
0.069
0.069
0.069
0.069
0.069
0.069
0.069
0.069
0.069
0.069
0.069
0.069
0.069
0.069
0.069
0.069
0.069
0.069
0.069
0.069
0.069
0.069
0.069
0.069
0.069
0.069
0.069
0.069
0.069
0.069
0.069
0.069
0.069
0.069
0.069
0.069
0.069
0.069
0.069
0.069
0.069
0.069
0.069
0.069
0.069
0.069
0.069
0.069
0.069
0.069
0.25
0.25
0.25
0.25
0.25
0.25
0.25
0.367
0.367
0.367
0.367
0.367
0.367
0.367
0.186
0.186
0.186
0.186
0.186
0.186
0.186
0.186
0.186
0.186
0.186
0.069
0.069
0.069
0.069
0.069
0.069
0.069
0.321
0.321
0.321
0.321
0.321
0.321
0.321
0.321
0.321
0.321
0.321
0.321
0.321
0.321
0.321
0.321
0.321
0.321
0.321
0.321
0.321
0.321
0.321
0.321
0.321
0.381
0.381
0.321
0.321
0.321
0.321
0.321
0.321
0.321
0.321
0.361
0.361
0.361
0.461
0.697
0.697
0.642
0.642
0.642
0.642
0.642
0.642
0.642
0.642
0.759
0.759
0.759
0.819
0.638
0.638
0.638
0.638
0.638
0.638
0.638
0.638
0.638
0.638
0.638
0.638
0.693
0.753
0.576
0.576
0.676
2.397
2.397
2.397
0.576
0.576
0.576
0.576
0.576
0.576
0.576
0.576
0.576
0.576
0.636
0.636
0.636
0.576
0.7
0.7
0.7
0.069
0.069
0.069
0.069
0.069
0.069
0.069
0.069
0.069
0.069
0.069
0.069
0.069
0.069
0.069
0.069
0.069
0.069
0.069
0.069
0.069
0.069
0.069
0.25
0.25
0.25
0.25
0.25
0.25
0.25
0.25
0.25
0.25
0.25
0.25
0.25
0.25
0.069
0.069
0.069
0.069
0.069
0.069
0.069
0.069
0.069
0.069
0.069
0.069
0.069
0.069
0.069
0.069
0.069
0.069
0.069
0.069
0.069
0.069
0.069
0.069
0.069
0.069
0.186
0.186
0.186
0.186
0.186
0.186
0.186
0.186
0.186
0.186
0.186
0.186
0.186
0.186
0.186
0.186
0.186
0.186
0.069
0.069
0.069
0.069
0.069
0.069
0.069
0.069
0.069
0.069
0.069
0.069
0.069
0.069
0.069
0.069
0.069
0.25
0.25
0.25
0.25
0.25
0.25
0.25
0.25
0.25
0.25
0.25
0.25
0.25
0.25
0.069
0.069
0.069
0.069
0.069
0.069
0.069
0.069
0.069
0.069
0.069
0.069
0.069
0.069
0.186
0.186
0.186
0.186
0.186
0.186
0.186
0.186
0.186
0.186
0.186
0.186
0.186
0.186
0.186
0.186
0.186
0.186
0.069
0.069
0.069
0.069
0.069
0.069
0.069
0.069
0.069
0.069
0.069
0.069
0.069
0.069
0.069
0.069
0.069
0.069
0.069
0.069
0.069
0.069
0.069
0.069
0.069
0.069
0.069
0.069
0.069
0.069
0.069
0.069
0.069
0.069
0.069
0.069
0.069
0.069
0.25
0.25
0.25
0.25
0.25
0.25
0.25
0.25
0.25
0.25
0.25
0.25
0.367
0.367
0.186
0.186
0.186
0.186
0.186
0.186
0.186
0.186
0.186
0.186
0.186
0.186
0.186
0.186
0.186
0.186
0.069
0.069
0.069
0.069
0.069
0.069
0.069
0.069
0.069
0.069
0.069
0.069
0.069
0.069
0.069
0.069
0.069
0.069
0.069
0.069
0.069
0.069
0.069
0.059
0.059
0.059
0.059
0.059
0.059
0.059
0.059
0.059
0.059
0.069
0.069
0.069
0.069
0.069
