0.059
0.059
0.059
0.14300000000000002
0.269
0.269
0.279
0.279
0.069
0.069
0.069
0.069
0.069
0.069
0.069
0.069
0.069
0.172
0.172
0.21399999999999997
0.34079999999999994
0.279
0.279
0.279
0.11100000000000002
0.069
0.069
0.069
0.069
0.069
0.069
0.069
0.069
0.25680000000000003
0.382
0.382
0.382
0.23700000000000002
0.069
0.069
0.069
0.069
0.069
0.069
0.069
0.172
0.172
0.382
0.34079999999999994
0.279
0.279
0.15299999999999997
0.069
0.069
0.069
0.069
0.0896
0.172
0.172
0.172
0.11019999999999999
0.069
0.069
0.195
0.279
0.279
0.279
0.23700000000000002
0.11019999999999999
0.172
0.172
0.172
0.0896
0.069
0.069
0.069
0.069
0.23700000000000002
0.279
0.279
0.279
0.195
0.069
0.069
0.069
0.0896
0.172
0.172
0.172
0.11019999999999999
0.11100000000000002
0.279
0.279
0.279
0.279
0.11100000000000002
0.069
0.069
0.069
0.069
0.069
0.172
0.172
0.172
0.13079999999999997
0.069
0.195
0.279
0.279
0.279
0.23700000000000002
0.069
0.069
0.069
0.067
0.067
0.067
0.067
0.067
0.067
0.067
0.067
0.6006
2.4943999999999997
2.565
2.565
2.1154
0.21400000000000002
0.21400000000000002
1.42
3.229
3.255
3.439
2.2670000000000003
1.534
4.6324000000000005
3.4490000000000003
3.4530000000000003
2.2470000000000003
0.438
0.396
0.45120000000000005
0.22800000000000004
0.22800000000000004
0.22800000000000004
0.21400000000000002
0.2698
0.3934
0.069
0.069
0.069
0.069
0.069
0.069
0.069
0.069
0.195
0.279
0.279
0.279
0.23700000000000002
0.069
0.13079999999999997
0.172
0.172
0.172
1.524
3.3590000000000004
3.3590000000000004
3.3590000000000004
2.321
0.584
0.279
0.279
0.2156
0.172
0.172
0.172
0.11019999999999999
0.069
0.069
0.069
0.069
0.069
0.069
0.11019999999999999
0.172
0.172
0.172
0.29960000000000003
0.279
0.279
0.279
0.15299999999999997
0.069
0.069
0.13079999999999997
0.172
0.172
0.172
0.069
0.069
0.069
0.069
0.069
0.069
0.069
0.15300000000000002
0.279
0.3202
0.382
0.382
0.172
0.0896
0.069
0.069
0.069
0.069
0.069
0.069
0.069
0.069
0.195
0.279
0.36140000000000005
0.382
0.33999999999999997
0.15139999999999998
0.069
0.069
0.069
0.069
0.069
0.069
0.069
0.069
0.344
0.35520000000000007
1.564
3.4553999999999996
3.524
3.7132000000000005
2.5514
0.68
1.9994
0.704
0.634
0.667
0.715
0.6638
0.069
0.069
0.15139999999999998
0.172
0.172
0.15139999999999998
0.344
0.404
0.53
0.614
0.626
0.674
0.502
0.3292
0.286
0.286
0.286
0.366
0.4683999999999999
0.489
0.441
0.2708
0.079
0.15899999999999997
0.179
0.179
0.23899999999999996
0.437
0.509
0.5708
0.62
0.6394
0.6367999999999999
0.6134000000000001
0.42200000000000004
0.386
0.386
0.386
