0.06499999999999997
0.061666666666666675
0.05779999999999998
0.11033333333333335
0.14433333333333334
0.06899999999999998
0.06899999999999998
0.06899999999999998
0.06899999999999998
0.17166666666666666
0.0983333333333333
0.06899999999999998
0.06899999999999998
0.06899999999999998
0.06899999999999998
0.06899999999999998
0.06899999999999998
0.06899999999999998
0.06899999999999998
0.06899999999999998
0.157
0.11299999999999998
0.06899999999999998
0.06899999999999998
0.06899999999999998
0.06899999999999998
0.06899999999999998
0.06899999999999998
0.06899999999999998
0.06899999999999998
0.11680000000000001
0.1683333333333333
0.28580000000000005
0.3524
0.3053333333333334
0.3564666666666666
0.444
0.4236000000000001
0.26246666666666674
0.33913333333333334
0.14613333333333334
0.157
0.06899999999999998
0.06899999999999998
0.06899999999999998
0.06813333333333337
0.10266666666666668
0.18866666666666668
0.3170666666666667
0.24306666666666663
0.20679999999999998
0.21
0.20199999999999999
0.23706666666666668
0.23706666666666673
0.3446666666666667
0.3996666666666668
0.33100000000000007
0.31639999999999996
0.23
0.45519999999999994
0.7513333333333333
0.6048000000000001
0.6199333333333333
0.3106666666666666
0.06899999999999998
0.06899999999999998
0.1436
0.5318666666666668
0.3304
0.3750666666666667
0.8395333333333334
0.8840666666666667
0.6397333333333335
0.2666
0.4577333333333333
0.6397999999999999
0.44813333333333333
0.5508666666666667
0.5565333333333334
0.6380666666666667
0.39466666666666667
0.8246666666666665
0.8249333333333332
0.43333333333333335
0.3507333333333334
0.5394000000000001
0.8293333333333333
1.0952666666666664
0.7314000000000002
0.5946666666666667
0.37620000000000003
0.4534666666666668
0.46080000000000004
0.6356666666666667
1.1006
