0.05100000000000001
0.04900000000000001
0.05699999999999998
0.13366666666666668
0.11873333333333332
0.05899999999999997
0.06646666666666665
0.17099999999999996
0.07393333333333331
0.05899999999999997
0.06646666666666665
0.17099999999999996
0.07393333333333331
0.05899999999999997
0.05899999999999997
0.05899999999999997
0.05899999999999997
0.05899999999999997
0.05899999999999997
0.05899999999999997
0.05899999999999997
0.05899999999999997
0.05899999999999997
0.05899999999999997
0.07393333333333332
0.17099999999999996
0.06646666666666665
0.05899999999999997
0.05899999999999997
0.17099999999999996
0.08139999999999996
0.05899999999999997
0.10380000000000002
0.20413333333333336
0.25233333333333335
0.20440000000000008
0.16800000000000004
0.5678000000000001
2.639466666666666
0.13079999999999994
0.19799999999999998
0.23579999999999993
0.14366666666666666
0.20586666666666661
2.4818666666666664
2.259333333333333
1.5396000000000005
0.335
0.05899999999999997
0.07393333333333332
0.17099999999999996
0.06646666666666665
0.05899999999999997
0.05899999999999997
0.3395333333333332
0.26166666666666655
0.23713333333333333
0.3046666666666667
0.8907333333333332
1.4511999999999996
1.422266666666667
0.05899999999999997
0.05899999999999997
0.09633333333333334
0.1560666666666667
0.05899999999999997
0.05899999999999997
0.05899999999999997
0.05899999999999997
0.05899999999999997
0.05899999999999997
0.17099999999999996
0.08139999999999996
0.05899999999999997
0.05899999999999997
0.05899999999999997
0.05899999999999997
0.05899999999999997
0.05899999999999997
0.16353333333333334
1.1718
0.5837333333333332
0.05899999999999997
0.1486
0.10379999999999996
0.05899999999999997
0.05899999999999997
0.05899999999999997
0.05899999999999997
0.17099999999999996
0.08139999999999996
0.05899999999999997
0.05899999999999997
0.05899999999999997
0.05899999999999997
0.05899999999999997
