0.4637333333333333
0.10146666666666669
0.05693333333333331
0.06299999999999997
0.07099999999999998
0.07299999999999998
0.07299999999999998
0.08106666666666665
0.19399999999999998
0.0891333333333333
0.08586666666666666
0.3224666666666668
0.2389333333333333
0.07299999999999998
0.07299999999999998
0.22433333333333336
0.3499333333333334
0.07299999999999998
0.07299999999999998
0.07299999999999998
0.12446666666666667
0.266
0.11159999999999996
0.16979999999999998
0.12139999999999997
0.07299999999999998
0.2016666666666667
0.2274
0.07299999999999998
0.07299999999999998
1.221933333333333
2.718333333333333
2.9166666666666665
2.950666666666666
1.8858
0.33499999999999996
0.8498666666666668
1.2536
2.824266666666667
0.7043333333333333
0.4734666666666668
0.6438
0.6266
0.5659333333333334
0.5783333333333333
0.6785999999999998
0.6077333333333332
0.4321333333333333
0.325
0.4948666666666667
0.7842666666666668
0.6467333333333334
0.5341333333333335
0.5611333333333337
0.29100000000000004
0.7845333333333336
0.4789333333333335
0.09233333333333332
0.5585333333333333
0.2508666666666666
0.26973333333333327
0.3854666666666666
0.3203333333333333
0.5652000000000001
0.6818000000000001
0.9920666666666672
1.0184666666666666
0.7859999999999999
0.6939999999999997
0.7401333333333333
1.0716666666666668
0.8008
0.6999999999999997
1.1294666666666666
1.6540000000000006
1.3296666666666668
0.8598
1.2559999999999998
1.1562
1.2289333333333334
0.6643333333333333
0.4558666666666666
0.5017999999999999
0.8586666666666666
1.0420666666666667
1.0443333333333333
0.6380666666666667
0.6357333333333332
0.5985333333333335
0.7124000000000001
0.6886666666666665
0.45680000000000004
0.8828666666666668
0.5859333333333333
0.6799333333333333
0.4800000000000001
