0.6615333333333333
0.4756
0.2524666666666666
0.05400000000000002
0.058000000000000024
0.13100000000000003
0.26500000000000007
0.09080000000000005
0.06400000000000003
0.06400000000000003
0.14440000000000003
0.26500000000000007
0.07740000000000004
0.06400000000000003
0.06400000000000003
0.09080000000000003
0.26500000000000007
0.13100000000000006
0.06400000000000003
0.06400000000000003
0.06400000000000003
0.06400000000000003
0.22480000000000006
0.19800000000000006
0.06400000000000003
0.06400000000000003
0.06400000000000003
0.09080000000000003
0.26500000000000007
0.13100000000000006
0.06400000000000003
0.06400000000000003
0.06400000000000003
0.06400000000000003
0.43193333333333334
0.10066666666666665
0.1633333333333333
0.32533333333333336
0.6796666666666666
0.5415333333333332
0.2353333333333333
0.22999999999999998
0.2987333333333334
0.28273333333333334
0.12573333333333334
0.13600000000000007
0.22253333333333333
0.24380000000000004
0.5632
0.2108
0.12199999999999994
0.17333333333333337
0.11760000000000001
0.26500000000000007
0.10420000000000004
0.06400000000000003
0.06400000000000003
0.06400000000000003
0.2516000000000001
0.17120000000000007
0.06400000000000003
0.09920000000000001
0.3316
0.42106666666666664
0.2668666666666667
0.7288
0.7718000000000002
2.0118
0.4886666666666665
0.44033333333333313
0.5133333333333333
0.45506666666666656
0.6270666666666666
0.8533333333333333
0.6492
0.6483333333333333
0.7501333333333334
0.9097333333333333
1.0975333333333337
2.0111999999999997
2.1022000000000003
1.783466666666666
2.439333333333333
0.9457333333333334
0.7538666666666667
0.7791333333333335
0.47280000000000005
0.6066666666666668
0.6697333333333333
0.8603333333333332
1.0661333333333334
1.2198
0.5405333333333335
0.06400000000000003
0.06400000000000003
0.06400000000000003
