0.064
0.064
0.06
0.054000000000000006
0.054000000000000006
0.054000000000000006
0.054000000000000006
0.054000000000000006
0.0764
0.156
0.156
0.156
0.1008
0.064
0.064
0.064
0.064
0.064
0.064
0.064
0.064
0.064
0.064
0.064
0.064
0.064
0.064
0.064
0.1376
0.156
0.156
0.1376
0.064
0.064
0.064
0.064
0.064
0.064
0.064
0.064
0.064
0.064
0.064
0.064
0.064
0.064
0.064
0.064
0.064
0.1008
0.156
0.156
0.156
0.0824
0.064
0.064
0.064
0.064
0.064
0.064
0.064
0.064
0.064
0.064
0.064
0.064
0.064
0.11920000000000001
0.156
0.156
0.156
0.064
0.064
0.064
0.064
0.064
0.062
0.062
0.062
0.1832
0.07980000000000001
0.083
0.095
0.095
0.095
0.185
0.20060000000000003
0.6347999999999999
0.9866000000000001
0.6926
2.4262
2.5018000000000002
2.57
2.5699999999999994
2.5469999999999997
1.0356
0.064
0.064
0.064
0.064
0.064
0.064
0.064
0.064
0.064
0.064
0.064
0.064
0.064
0.064
0.064
0.064
0.064
0.064
0.064
0.064
0.064
0.064
0.1376
0.156
0.156
0.1376
0.064
0.064
0.064
0.064
0.064
0.064
0.064
0.064
0.064
0.064
0.064
0.064
0.064
0.064
0.064
0.1008
0.156
0.156
0.156
0.0824
0.064
0.064
0.21000000000000002
0.21000000000000002
0.21000000000000002
0.21000000000000002
0.21000000000000002
0.19319999999999998
0.182
0.182
0.182
0.1876
0.30820000000000003
0.309
0.156
0.156
0.1716
0.13
0.13
0.1684
0.22600000000000003
0.9296000000000001
0.5778000000000001
0.22600000000000003
0.266
1.0295999999999998
0.673
0.318
0.318
0.318
0.22600000000000003
0.2508
0.10200000000000001
0.10200000000000001
0.10200000000000001
0.10200000000000001
0.8055999999999999
0.46579999999999994
0.064
0.064
0.064
0.064
0.064
0.064
0.064
0.064
0.064
0.064
0.064
0.064
0.077
0.097
0.097
0.223
0.4
0.42399999999999993
0.41200000000000003
0.41200000000000003
0.44160000000000005
0.461
0.457
0.484
0.3516000000000001
0.28500000000000003
0.281
0.277
0.3790000000000001
0.383
0.261
0.2578
0.29100000000000004
0.488
0.528
1.5674
0.503
0.475
0.47780000000000006
0.521
0.5035999999999999
0.4816
0.504
0.579
0.6008
0.6010000000000001
0.663
0.6789999999999999
0.6174
0.479
0.399
0.40700000000000003
0.41500000000000004
0.3694
0.348
0.281
0.26420000000000005
0.465
0.477
0.505
0.47220000000000006
0.445
0.538
0.608
0.63
0.6155999999999999
1.6804
0.41200000000000003
0.44000000000000006
0.4968
0.4756
0.6639999999999999
0.736
0.6724
0.558
0.534
0.484
0.532
0.516
0.5490000000000002
0.45099999999999996
0.434
0.485
0.577
0.577
0.5002
1.5976
0.543
0.5843999999999999
0.53
0.44000000000000006
0.44000000000000006
0.44000000000000006
0.4444
0.4029999999999999
0.396
0.064
0.064
0.156
0.156
0.156
0.11920000000000001
0.064
0.064
0.064
0.064
0.064
0.064
