0.07166666666666664
0.07499999999999998
0.07299999999999998
0.07499999999999998
0.09673333333333332
0.23646666666666669
0.23226666666666673
0.27119999999999994
0.3055333333333333
2.7358000000000016
0.4705333333333333
0.3303333333333334
0.357
0.42199999999999993
0.45200000000000007
0.3828
0.3633333333333333
0.37240000000000006
0.5105333333333333
0.4960000000000001
0.3833999999999999
0.5239333333333335
1.2850666666666666
2.3324666666666674
0.4863333333333333
0.9621333333333333
1.6844000000000001
1.6802666666666672
1.3962666666666668
1.0483333333333333
0.6513333333333334
0.6893999999999998
0.4063333333333334
0.07499999999999998
0.07499999999999998
0.07499999999999998
0.07499999999999998
0.07499999999999998
0.07499999999999998
0.07499999999999998
0.07499999999999998
0.07499999999999998
0.07499999999999998
0.07499999999999998
0.07499999999999998
0.07499999999999998
0.07499999999999998
0.07499999999999998
0.07499999999999998
0.07499999999999998
0.07499999999999998
0.07499999999999998
0.07499999999999998
0.07499999999999998
0.335
0.3616666666666666
0.43499999999999983
0.43499999999999983
0.335
0.07499999999999998
0.07499999999999998
0.07499999999999998
0.07499999999999998
0.07499999999999998
2.301866666666667
2.698933333333333
0.41859999999999997
0.41266666666666657
0.32706666666666656
0.3678
0.7773333333333332
0.4436666666666666
0.6380666666666666
0.9176666666666666
1.724733333333333
2.6182000000000007
2.0552
1.7608666666666664
1.0424000000000002
1.875133333333333
2.5075333333333334
1.9142
1.9276666666666664
1.3260666666666663
0.7325999999999997
0.5144666666666667
0.4997333333333333
0.6173333333333333
0.6964000000000001
1.0488
0.5436666666666666
0.46226666666666677
0.5543333333333332
0.9212000000000002
0.07499999999999998
0.07499999999999998
