0.064
0.064
0.064
0.064
0.064
0.064
0.064
0.064
0.064
0.064
0.064
0.054
0.054
0.054
0.054
0.054
0.054
0.054
0.054
0.054
0.054
0.054
0.054
0.054
0.054
0.054
0.054
0.054
0.054
0.054
0.054
0.054
0.054
0.054
0.054
0.054
0.054
0.054
0.054
0.054
0.054
0.064
0.064
0.064
0.064
0.064
0.064
0.064
0.064
0.064
0.064
0.064
0.064
0.064
0.064
0.064
0.064
0.064
0.064
0.064
0.064
0.064
0.223
0.223
0.223
0.223
0.223
0.223
0.223
0.223
0.223
0.223
0.223
0.223
0.223
0.223
0.223
0.223
0.223
0.223
0.223
0.223
0.064
0.064
0.064
0.256
0.256
0.256
0.256
0.256
0.256
0.256
0.256
0.256
0.256
0.256
0.256
0.256
0.256
0.256
0.256
0.256
0.256
0.256
0.256
0.256
0.256
0.064
0.064
0.064
0.064
0.064
0.064
0.064
0.064
0.064
0.064
0.064
0.064
0.064
0.064
0.064
0.064
0.064
0.064
0.064
0.064
0.064
0.064
0.064
0.064
0.064
0.064
0.223
0.223
0.223
0.223
0.223
0.223
0.223
0.223
0.223
0.223
0.223
0.223
0.223
0.223
0.223
0.223
0.223
0.223
0.223
0.223
0.064
0.064
0.064
0.064
0.064
0.256
0.256
0.256
0.256
0.256
0.256
0.256
0.256
0.256
0.256
0.256
0.256
0.256
0.256
0.256
0.256
0.256
0.256
0.256
0.256
0.256
0.256
0.064
0.064
0.064
0.064
0.064
0.064
0.064
0.064
0.064
0.064
0.064
0.064
0.064
0.064
0.064
0.064
0.064
0.223
0.223
0.223
0.223
0.223
0.223
0.223
0.223
0.223
0.223
0.223
0.223
0.223
0.223
0.223
0.223
0.223
0.223
0.223
0.223
0.064
0.064
0.064
0.064
0.064
0.064
0.064
0.064
0.064
0.256
0.256
0.256
0.256
0.256
0.256
0.256
0.256
0.256
0.256
0.256
0.256
0.256
0.256
0.256
0.256
0.256
0.256
0.256
0.256
0.256
0.256
0.064
0.064
0.064
0.064
0.064
0.064
0.064
0.064
0.064
0.064
0.064
0.064
0.064
0.064
0.064
0.064
0.064
0.064
0.064
0.064
0.064
0.064
0.064
0.064
0.064
0.064
0.064
0.064
0.064
0.064
0.064
0.064
0.064
0.064
0.064
0.064
0.064
0.064
0.064
0.064
0.064
0.064
0.064
0.064
0.064
0.064
0.064
0.064
0.064
0.064
0.256
0.256
0.256
0.256
0.256
0.256
0.256
0.256
0.256
0.256
0.256
0.256
0.415
0.415
0.415
0.415
0.415
0.415
0.415
0.415
0.415
0.415
0.223
0.223
0.223
0.223
0.223
0.223
0.223
0.223
0.223
0.223
0.064
0.064
0.064
0.064
0.064
0.064
0.064
0.064
0.064
0.064
0.064
0.064
0.064
0.064
0.064
0.064
0.064
0.064
0.064
0.064
0.064
0.064
0.064
0.064
0.064
0.064
0.064
0.064
0.064
0.064
0.064
0.064
0.064
0.064
0.064
0.064
0.064
0.064
0.064
0.064
0.064
0.064
0.064
0.064
0.064
0.064
0.064
0.064
0.064
0.064
0.064
0.064
0.064
0.064
0.064
0.064
0.064
0.064
0.064
0.064
0.223
0.223
0.223
0.223
0.223
0.223
0.223
0.223
0.223
0.415
0.415
0.415
0.415
0.415
0.415
0.415
0.415
0.415
0.415
0.415
0.256
0.256
0.256
0.256
0.256
0.256
0.256
0.256
0.256
0.256
0.256
0.064
0.064
0.064
0.064
0.064
0.064
0.064
0.064
0.064
0.064
0.064
0.064
0.064
0.064
0.064
0.064
0.064
0.064
0.064
0.064
0.064
0.064
0.064
0.064
0.064
0.064
0.064
0.064
0.064
0.064
0.064
0.064
0.064
0.064
0.064
0.064
0.064
0.064
0.064
0.064
0.064
0.064
0.064
0.064
0.064
0.064
0.064
0.064
0.064
0.064
0.064
0.064
0.064
0.064
0.064
0.256
0.256
0.256
0.256
0.256
0.415
0.415
0.415
0.415
0.415
0.415
0.415
0.415
0.415
0.415
0.415
0.415
0.415
0.415
0.415
0.415
0.415
0.223
0.223
0.223
0.064
0.064
0.064
0.064
0.064
0.064
0.064
0.064
0.064
0.064
0.064
0.064
0.064
0.064
0.064
0.064
0.064
0.064
0.064
0.064
0.064
0.064
0.064
0.064
0.064
0.064
0.064
0.064
0.064
0.064
0.064
0.064
0.064
0.064
0.064
0.064
0.064
0.064
0.064
0.064
0.064
0.064
0.064
0.223
0.223
0.223
0.223
0.223
0.223
0.223
0.223
0.223
0.223
0.223
0.223
0.415
0.415
0.415
0.415
0.415
0.415
0.415
0.415
0.256
0.256
0.256
0.256
0.256
0.256
0.256
0.256
0.256
0.256
0.256
0.256
0.256
0.256
0.064
0.064
0.064
0.064
0.064
0.064
0.064
0.064
0.064
0.064
0.064
0.064
0.064
0.064
0.064
0.064
0.064
0.064
0.064
0.064
0.064
0.064
0.064
0.064
0.064
0.064
0.064
0.064
0.064
0.064
0.064
0.064
0.064
0.223
0.223
0.223
0.223
0.223
0.223
0.223
0.223
0.223
0.223
0.223
0.223
0.223
0.223
0.223
0.223
0.223
0.223
0.223
0.223
0.064
0.064
0.064
0.256
0.256
0.256
0.256
0.256
0.256
0.256
0.256
0.256
0.256
0.256
0.256
0.256
0.256
0.256
0.256
0.256
0.256
0.256
0.256
0.256
0.256
0.064
0.064
0.064
0.064
0.064
0.064
0.064
0.064
0.064
0.064
0.064
0.064
0.064
0.064
0.064
0.064
0.064
0.064
0.223
0.223
0.223
0.223
0.223
0.223
0.223
0.223
0.223
0.223
0.223
0.223
0.223
0.223
0.223
0.223
0.223
0.223
0.223
0.223
0.064
0.064
0.064
0.064
0.064
0.064
0.064
0.064
0.064
0.256
0.256
0.256
0.256
0.256
0.256
0.256
0.256
0.256
0.256
0.256
0.256
0.256
0.256
0.256
0.256
0.256
0.256
0.256
0.256
0.256
0.256
0.064
0.064
0.064
0.064
0.064
0.064
0.064
0.064
0.064
0.064
0.064
0.064
0.064
0.064
0.064
0.064
0.064
0.064
0.064
0.064
0.223
0.223
0.223
0.223
0.223
0.223
0.223
0.223
0.223
0.223
0.223
0.223
0.223
0.223
0.223
0.223
0.223
0.223
0.223
0.223
0.064
0.064
0.064
0.064
0.064
0.064
0.064
0.064
0.064
0.064
0.064
0.064
0.064
0.064
0.064
0.062
0.062
0.062
0.062
0.062
0.062
0.062
0.062
0.062
0.062
0.062
0.062
0.062
0.062
0.062
0.062
0.062
0.062
0.062
0.062
0.062
0.062
0.062
0.062
0.062
0.062
0.062
0.062
0.062
0.062
0.062
0.062
0.097
0.097
0.097
0.097
0.097
0.097
0.097
0.256
0.256
0.256
0.256
0.448
0.448
0.448
2.431
2.567
2.567
2.567
0.415
0.415
0.415
0.415
0.415
0.415
0.415
0.415
0.415
0.256
0.256
0.256
0.256
0.256
0.256
0.064
0.064
0.064
0.064
0.064
0.064
0.064
0.064
0.064
0.064
0.064
0.064
0.064
0.064
0.064
0.064
0.064
0.064
0.064
0.064
0.064
0.064
0.064
0.064
0.064
0.064
0.064
0.064
0.064
0.064
0.064
0.064
0.064
0.064
0.064
0.223
0.223
0.223
0.223
0.223
0.223
0.223
0.223
0.223
0.223
2.375
2.375
2.375
2.375
2.375
2.375
2.375
2.375
2.375
2.375
2.216
2.216
2.216
2.276
2.276
2.276
0.233
0.233
0.425
0.425
0.425
0.425
0.425
0.425
0.471
0.531
0.531
0.571
0.611
0.525
0.525
0.625
0.625
0.685
0.685
0.685
0.685
0.685
0.625
0.625
0.433
0.433
0.479
0.479
0.433
0.433
0.433
0.433
0.433
0.433
0.433
0.453
0.393
0.393
0.402
0.367
0.367
0.367
0.367
0.427
0.378
0.378
0.378
0.378
0.378
0.418
0.378
0.537
0.537
0.537
0.551
0.551
0.551
0.551
0.551
0.551
0.551
0.391
0.391
0.391
0.451
0.451
0.451
0.391
0.405
0.445
0.505
0.346
0.346
0.478
0.478
0.478
0.478
0.478
0.478
0.478
0.478
0.478
0.478
0.478
0.478
0.478
0.478
0.478
0.478
0.478
0.538
0.578
0.538
0.538
0.538
0.346
0.346
0.346
0.346
0.346
0.346
0.346
0.346
0.446
0.446
0.446
0.446
0.446
0.386
0.286
0.286
0.286
0.286
0.326
0.272
0.312
0.272
0.232
0.232
0.232
0.232
0.232
0.232
0.232
0.232
0.241
0.221
0.221
0.221
0.221
0.221
0.221
0.221
0.38
0.38
0.38
0.38
0.38
0.38
0.572
0.572
0.558
0.558
0.578
0.558
0.618
2.884
2.884
2.944
0.718
1.869
1.869
1.869
0.559
0.55
0.55
0.69
0.69
0.69
0.69
0.69
0.498
0.498
0.498
0.618
0.658
0.658
0.598
0.498
0.498
0.458
0.458
0.458
0.458
0.407
0.307
0.307
0.307
0.298
0.298
0.298
0.298
0.298
0.298
0.298
0.298
0.298
0.298
0.358
0.372
0.312
0.312
0.312
0.176
0.176
0.176
0.335
0.335
0.335
0.335
0.435
0.449
0.449
0.449
0.449
0.495
0.687
0.687
0.687
0.687
0.587
0.587
0.622
0.662
0.702
0.702
0.543
0.543
0.543
0.603
0.557
0.557
0.517
0.617
0.617
0.617
0.477
0.477
0.285
0.285
0.285
0.285
0.285
0.285
0.285
0.285
0.285
0.285
0.285
0.285
0.285
0.285
0.285
0.285
0.285
0.285
0.285
0.285
0.285
0.211
0.211
0.211
0.225
0.225
0.285
0.285
0.285
0.444
0.444
0.444
0.484
0.484
0.484
0.484
0.484
0.484
0.484
0.504
0.504
0.504
0.504
0.64
0.64
0.64
0.686
0.746
0.646
0.427
0.427
0.427
0.427
0.427
0.291
0.291
0.231
0.196
0.242
0.242
0.242
0.242
0.342
0.534
0.534
0.534
0.534
0.534
0.534
0.534
0.534
0.474
0.514
0.514
0.514
0.514
0.514
0.514
0.574
0.574
0.534
0.534
0.534
0.534
0.52
0.328
0.328
0.328
0.288
0.323
0.323
0.323
0.323
2.489
2.489
2.589
0.423
0.483
0.523
0.523
0.523
0.682
0.682
0.846
0.886
0.826
0.826
0.826
0.726
0.726
0.726
0.726
0.726
0.726
0.726
0.726
0.726
0.766
0.766
0.726
0.726
0.567
0.467
0.467
0.427
0.407
0.367
0.367
0.367
0.367
0.517
0.517
0.517
0.517
0.517
0.517
0.517
0.517
0.517
0.517
0.517
0.367
0.367
0.367
0.367
0.381
0.441
0.381
0.381
0.381
0.381
0.441
0.481
0.481
0.481
0.481
0.441
0.441
0.441
0.441
0.441
0.441
0.406
0.406
0.406
0.466
0.466
0.406
0.598
0.598
0.638
0.638
0.638
0.638
0.638
0.638
0.638
0.638
0.638
2.804
2.804
2.804
0.638
0.638
0.638
0.638
0.652
0.652
0.652
0.652
0.46
0.46
0.46
0.46
0.46
0.46
0.46
0.46
0.4
0.4
0.4
0.4
0.4
0.4
0.4
0.4
0.42
0.46
0.46
0.46
0.46
0.46
0.46
0.46
0.4
0.36
0.52
0.52
0.605
0.64
0.64
0.64
0.58
0.58
0.58
0.64
0.64
0.58
0.58
0.64
0.58
0.58
0.58
0.58
0.58
0.58
0.58
0.58
0.481
0.481
0.421
0.421
0.435
0.335
0.335
0.335
0.381
0.321
0.321
0.381
0.381
0.381
0.381
0.381
0.381
0.39
0.064
0.064
0.064
0.064
0.064
0.064
0.064
0.064
0.064
0.256
0.256
0.256
0.256
0.256
0.256
0.256
0.256
0.256
0.256
0.256
0.256
0.256
0.256
0.256
0.256
0.256
0.256
0.256
0.256
0.256
0.256
0.064
0.064
0.223
0.223
0.223
0.223
0.223
0.223
0.223
0.223
0.223
0.223
0.223
0.223
0.223
0.223
0.223
0.223
0.223
