0.074
0.074
0.072
0.064
0.064
0.064
0.064
0.064
0.066
0.074
0.074
0.074
0.268
0.268
0.268
0.268
0.15159999999999998
0.074
0.074
0.13820000000000002
0.181
0.181
0.181
0.074
0.074
0.074
0.074
0.074
0.074
0.074
0.074
0.074
0.074
0.074
0.074
0.074
0.074
0.22920000000000001
0.268
0.268
0.268
0.2974
0.181
0.181
0.13819999999999996
0.074
0.074
0.074
0.074
0.074
0.074
0.074
0.074
0.25460000000000005
0.375
0.375
0.375
0.22920000000000001
0.074
0.074
0.074
0.074
0.07999999999999999
0.16
0.23399999999999999
3.5784
2.0774
0.5292
0.924
0.924
0.9719999999999999
0.8984
0.7605999999999999
0.6950000000000001
0.593
0.5446
0.472
0.472
0.49079999999999996
0.7238
0.7559999999999999
0.724
0.7428
0.7243999999999999
0.7205999999999999
0.765
0.671
0.671
0.683
0.609
0.661
0.709
0.649
0.616
0.6399999999999999
0.7020000000000001
0.639
0.639
0.595
0.706
0.6819999999999999
0.695
1.4329999999999998
0.89
0.533
0.45200000000000007
0.352
0.312
0.4119999999999999
0.392
0.074
0.074
0.074
0.074
0.1516
0.268
0.268
0.268
0.268
0.074
0.11679999999999999
0.181
0.3716
0.42000000000000004
0.3344
0.313
0.313
0.313
0.313
0.313
0.2162
0.20400000000000001
0.192
0.386
0.386
0.386
0.386
0.27759999999999996
0.096
0.2602
0.672
1.0450000000000004
0.299
0.192
1.396
1.396
1.396
1.5512
1.59
1.9630000000000003
1.2045999999999997
0.42939999999999995
1.432
0.313
0.313
0.313
0.074
0.074
0.074
0.074
0.1516
0.268
0.268
0.268
0.268
0.074
0.074
0.074
0.074
0.11679999999999999
0.181
0.181
0.181
0.09540000000000001
0.074
0.074
0.074
0.1904
0.268
0.268
0.268
0.22920000000000001
0.11679999999999999
0.181
0.181
0.181
0.09540000000000001
0.074
0.074
0.074
0.074
0.074
0.576
0.582
0.582
0.582
0.5016
0.35600000000000004
0.074
0.074
0.372
0.43080000000000007
0.7088
0.9266
0.181
0.09540000000000001
0.074
0.074
0.364
2.0552
2.487
2.5374000000000003
2.7453999999999996
2.9772000000000003
1.9676000000000002
1.1827999999999999
2.9452
2.628
2.58
2.5330000000000004
2.6006
0.9828000000000001
0.643
0.5783999999999999
0.4864
0.611
0.7754000000000001
0.8353999999999999
0.881
0.76
0.7571999999999999
0.626
0.7
0.7840000000000001
0.744
0.712
0.074
0.074
0.074
0.1516
0.268
0.268
0.268
0.268
0.074
0.074
0.074
0.074
0.11679999999999999
0.181
0.181
0.181
0.09540000000000001
0.074
0.22920000000000001
0.268
0.268
0.268
0.19039999999999999
0.074
0.074
0.074
0.11679999999999999
0.181
0.4202
1.4484
0.2274
0.3682
0.6178
0.384
0.382
0.315
0.143
0.28180000000000005
0.3496
0.38
0.52
0.458
0.321
0.287
0.383
0.368
0.256
0.48100000000000004
0.471
0.37
0.43099999999999994
0.39859999999999995
