0.068
0.068
0.05800000000000001
0.05800000000000001
0.05800000000000001
0.05800000000000001
0.05800000000000001
0.05800000000000001
0.14679999999999999
0.265
0.265
0.265
0.265
0.068
0.068
0.068
0.068
0.068
0.068
0.068
0.068
0.068
0.068
0.068
0.068
0.1034
0.36319999999999997
0.442
0.442
0.40659999999999996
0.22560000000000002
0.068
0.068
0.068
0.068
0.068
0.068
0.068
0.068
0.068
0.14679999999999999
0.3004
0.442
0.442
0.442
0.2096
0.068
0.068
0.068
0.068
0.068
0.068
0.068
0.068
0.3318
0.442
0.442
0.442
0.257
0.068
0.068
0.068
0.068
0.068
0.068
0.068
0.068
0.068
0.068
0.1742
0.24500000000000002
0.24500000000000002
0.303
0.1768
0.166
0.1794
0.193
0.181
0.133
0.10600000000000001
0.182
0.166
0.3984
0.54
0.54
0.5760000000000001
0.4464
0.22600000000000003
0.17
0.286
0.286
0.286
0.198
0.186
0.274
0.3867999999999999
0.429
0.495
0.579
0.6296
0.5018
0.29000000000000004
1.7696
0.499
0.555
0.515
0.4088
0.458
0.48319999999999996
0.46399999999999997
0.346
0.4236000000000001
0.287
0.383
0.403
0.3242
0.15560000000000002
0.10600000000000001
0.10600000000000001
0.16599999999999998
0.146
0.20600000000000002
0.30299999999999994
2.3058
4.327999999999999
0.44000000000000006
3.6548000000000003
2.8842
2.908
1.2347999999999997
0.185
0.185
0.185
0.185
0.185
0.3482
0.398
0.398
0.398
0.2564
0.2604
0.418
0.418
0.47800000000000004
0.49800000000000005
0.27240000000000003
0.30100000000000005
0.421
0.369
0.43439999999999995
0.49119999999999997
0.522
0.522
0.48200000000000004
0.4151999999999999
1.0994000000000002
0.4444
0.558
0.5955999999999999
0.6542
0.8165999999999999
0.40099999999999997
0.353
1.7239999999999998
0.353
0.31299999999999994
0.2934
0.23680000000000004
0.477
0.477
0.477
0.4969999999999999
0.3588
0.244
1.2544
2.77
2.8408
2.4898
0.461
0.461
0.3902
0.3627999999999999
0.481
6.5902
0.553
0.583
0.406
0.406
1.3199999999999998
0.883
0.586
0.5860000000000001
0.6282
0.6878
0.722
0.782
0.9789999999999999
0.8814
0.7134
1.4622
2.5189999999999997
2.401
2.251
3.6459999999999995
2.4422000000000006
0.514
0.514
0.5164
0.526
0.6836
0.723
0.7384000000000001
0.852
0.7012
0.619
0.5932000000000001
0.4852
0.55
0.6428
0.4812
1.9456
2.992
3.016
2.1244000000000005
0.739
0.7110000000000001
0.6846
0.6965999999999999
0.4972
0.536
0.068
0.068
0.068
0.068
0.068
0.068
0.068
0.068
0.2096
0.24500000000000002
0.399
0.5292000000000001
0.5144
0.543
0.5118
0.49399999999999994
0.33399999999999996
0.382
0.40599999999999997
0.442
0.41800000000000004
0.382
0.9097999999999999
1.4769999999999999
0.5912000000000001
0.5499999999999999
0.3842
0.3486
1.8367999999999998
0.2452
0.26680000000000004
0.3907999999999999
0.5114
0.5873999999999999
1.9476
0.638
0.501
0.678
0.678
0.678
0.5356
0.22200000000000003
0.17880000000000001
0.174
0.24
0.4152
0.49399999999999994
0.5132
0.518
0.4786
0.068
0.068
0.068
0.068
0.068
0.24500000000000002
0.24500000000000002
0.24500000000000002
