0.065
0.065
0.065
0.065
0.065
0.065
0.065
0.065
0.065
0.065
0.065
0.065
0.065
0.065
0.065
0.065
0.065
0.065
0.065
0.065
0.065
0.065
0.065
0.065
0.065
0.065
0.065
0.065
0.065
0.065
0.075
0.075
0.075
0.075
0.075
0.075
0.075
0.075
0.075
0.075
0.075
0.075
0.075
0.075
0.075
0.075
0.075
0.256
0.256
0.256
0.256
0.256
0.256
0.256
0.379
0.379
0.379
0.379
0.379
0.379
0.379
0.198
0.198
0.198
0.198
0.198
0.198
0.198
0.198
0.198
0.198
0.198
0.075
0.075
0.075
0.075
0.075
0.278
0.278
0.278
0.278
0.464
0.464
0.464
0.464
0.464
0.464
0.464
0.464
0.464
0.464
0.464
0.464
0.464
0.464
0.464
0.464
0.464
0.464
0.261
0.261
0.075
0.075
0.075
0.075
0.075
0.075
0.075
0.075
0.075
0.075
0.075
0.075
0.075
0.075
0.075
0.075
0.075
0.075
0.075
0.075
0.075
0.075
0.075
0.075
0.075
0.075
0.075
0.075
0.075
0.075
0.075
0.075
0.075
0.075
0.075
0.075
0.075
0.075
0.075
0.075
0.075
0.075
0.075
0.075
0.075
0.075
0.075
0.075
0.384
0.384
0.384
0.384
0.384
0.384
0.384
0.384
0.384
0.384
0.384
0.384
0.384
0.384
0.384
0.384
0.565
0.565
0.442
0.442
0.256
0.256
0.256
0.256
0.256
0.459
0.459
0.459
0.459
0.459
0.278
0.278
0.278
0.278
0.278
0.278
0.278
0.278
0.278
0.278
0.278
0.278
0.278
0.278
0.278
0.278
0.278
0.075
0.075
0.075
0.075
0.075
0.075
0.075
0.075
0.075
0.075
0.075
0.075
0.075
0.075
0.075
0.075
0.075
0.075
0.075
0.075
0.075
0.075
0.075
0.261
0.261
0.261
0.261
0.261
0.261
0.261
0.261
0.261
0.261
0.261
0.261
0.261
0.261
0.261
0.261
0.261
0.261
0.261
0.261
0.256
0.459
0.459
0.459
0.459
0.459
0.459
0.459
0.459
0.459
0.459
0.459
0.459
0.459
0.278
0.401
0.401
0.401
0.401
0.401
0.401
0.401
0.401
0.198
0.198
0.198
0.198
0.198
0.198
0.198
0.198
0.198
0.198
0.075
0.075
0.075
0.075
0.075
0.075
0.075
0.075
0.075
0.075
0.075
0.075
0.075
0.075
0.075
0.075
0.075
0.075
0.075
0.075
0.075
0.075
0.075
0.075
0.075
0.075
0.075
0.075
0.075
0.075
0.075
0.075
0.075
0.075
0.075
0.075
0.075
0.075
0.075
0.075
0.075
0.075
0.075
0.075
0.278
0.278
0.278
0.459
0.459
0.459
0.459
0.459
0.459
0.459
0.459
0.459
0.459
0.459
0.459
0.459
0.459
0.278
0.278
0.278
0.278
0.278
0.075
0.075
0.075
0.075
0.075
0.198
0.198
0.198
0.198
0.198
0.198
0.198
0.198
0.198
0.198
0.198
0.198
0.198
0.198
0.198
0.198
0.198
0.198
0.075
0.075
0.075
0.075
0.075
0.075
0.075
0.075
0.075
0.073
0.073
0.133
0.133
0.133
0.133
0.133
0.195
0.195
0.372
0.332
0.392
0.532
0.532
0.532
0.492
0.492
0.492
0.492
0.492
0.492
0.492
0.492
0.492
0.504
0.504
0.544
0.553
0.553
0.367
0.387
0.468
0.468
0.671
0.794
0.929
0.929
0.929
0.929
0.929
0.929
0.929
0.909
0.909
0.909
0.728
0.728
0.728
0.688
0.688
0.688
0.688
0.665
0.693
0.693
0.49
0.49
0.49
0.49
0.49
0.49
0.59
0.59
0.59
0.59
0.502
0.553
0.54
0.5
0.54
0.54
0.54
0.528
0.528
0.548
0.548
0.468
2.357
2.357
2.357
0.468
0.468
0.468
0.468
0.468
0.468
0.468
0.468
0.468
0.528
0.468
0.468
0.428
0.428
0.428
0.588
0.528
0.528
0.528
0.528
0.528
0.528
0.528
0.528
0.528
0.528
0.528
0.58
0.58
0.58
0.58
0.58
0.58
0.792
0.783
0.843
0.783
0.969
0.969
0.969
0.969
0.969
0.969
0.969
0.969
0.981
0.981
0.981
0.981
0.981
0.981
0.981
0.981
0.981
0.981
0.878
0.878
0.692
0.692
0.873
0.973
0.973
0.973
0.973
0.973
0.973
0.973
0.873
0.886
0.886
0.886
0.946
0.946
0.765
0.765
0.8
0.8
0.765
0.765
0.765
0.765
0.765
0.776
0.716
0.716
0.716
0.716
0.716
0.716
0.716
0.656
0.716
0.716
0.716
0.716
0.716
0.716
0.716
0.716
0.716
0.581
0.581
0.581
0.581
0.581
0.581
0.581
0.581
0.581
0.581
0.581
0.581
0.581
0.581
0.581
0.581
0.581
0.581
0.581
0.581
0.581
0.581
0.581
0.581
0.581
0.581
2.47
2.47
2.457
0.568
0.568
3.038
3.038
3.038
3.038
3.038
3.038
3.038
3.038
3.038
3.038
3.05
3.05
2.95
2.95
2.95
2.95
0.48
0.661
0.661
0.661
0.661
0.661
0.661
0.661
0.661
0.661
0.661
0.661
0.661
0.661
0.661
0.42
0.42
0.42
0.42
0.543
0.543
0.543
0.729
0.729
0.729
0.729
0.845
0.845
0.845
0.845
0.845
0.845
0.845
0.845
0.845
0.858
0.858
0.735
0.735
0.735
0.735
0.675
0.489
0.489
0.489
0.489
0.489
0.489
0.489
0.692
0.692
0.692
0.692
0.692
0.692
0.692
0.692
0.692
0.692
0.692
0.692
0.692
0.692
0.692
0.692
0.692
0.692
0.68
0.68
0.68
0.68
0.477
0.658
0.658
0.658
0.558
0.558
0.558
0.558
0.558
0.558
0.558
0.558
0.558
0.558
0.558
0.377
0.377
0.377
0.377
0.377
0.377
0.377
0.377
0.377
0.364
0.364
0.364
0.364
0.364
0.55
0.55
0.55
0.55
0.55
0.55
0.55
0.55
0.415
0.415
0.415
0.415
0.415
0.415
0.415
0.415
0.415
0.415
0.415
0.618
0.432
0.432
0.432
0.432
0.432
0.392
0.392
0.392
0.392
0.392
0.392
0.392
0.392
0.392
0.392
0.392
0.392
0.392
0.392
0.392
0.392
0.189
0.312
0.312
0.312
0.312
0.312
0.312
0.312
0.312
0.312
0.447
0.447
0.447
0.447
0.447
0.628
0.628
0.628
0.628
0.691
0.691
0.691
0.442
0.442
0.442
0.442
0.442
0.442
0.442
0.261
0.261
0.261
0.261
0.261
0.261
0.261
0.261
0.261
0.261
0.075
0.075
0.075
0.075
0.075
0.075
0.075
0.075
0.075
0.075
0.075
0.075
0.075
0.075
0.075
0.075
0.075
0.075
0.075
0.075
0.075
0.075
0.075
0.075
0.075
0.075
0.075
0.075
0.075
0.278
0.278
0.401
0.401
0.401
0.401
0.401
0.401
0.401
0.401
0.401
0.401
0.401
0.401
0.401
0.401
0.401
0.401
0.401
0.401
0.464
0.464
0.261
0.261
0.261
0.261
0.442
0.442
0.442
0.442
0.442
0.442
0.442
0.442
0.442
0.442
0.442
0.442
0.442
0.442
0.075
0.075
0.075
0.075
0.075
0.075
0.075
0.075
0.075
0.075
0.075
0.075
0.075
0.075
0.075
0.075
0.198
0.198
0.198
0.198
0.198
0.198
0.198
0.198
0.198
0.198
0.198
0.198
0.198
0.198
0.198
0.198
0.198
0.198
0.075
0.075
0.075
0.075
0.075
0.075
0.075
0.075
0.075
0.075
0.075
0.075
0.075
0.075
0.261
0.261
0.261
0.261
0.261
0.261
0.261
0.261
0.261
0.261
0.261
0.261
0.261
0.464
0.464
0.464
0.464
0.464
0.464
0.464
0.278
0.278
0.278
0.278
0.278
0.278
0.278
0.278
0.278
0.278
0.278
0.278
0.278
0.278
0.278
0.075
0.075
0.075
0.075
0.075
0.075
0.075
0.075
0.075
0.075
0.075
0.075
0.075
0.075
0.075
0.075
0.075
0.075
0.256
0.256
0.379
0.728
0.728
0.728
0.74
0.64
0.64
0.64
0.64
0.64
0.64
0.64
2.348
2.348
2.348
0.459
0.459
0.471
0.348
0.348
0.336
0.336
0.336
0.336
0.336
0.336
2.225
2.225
2.225
0.336
0.436
0.436
0.436
0.436
0.436
0.436
0.496
0.496
0.496
0.496
0.496
0.496
0.496
0.496
0.496
0.38
0.38
0.38
0.38
0.38
0.38
0.38
0.28
0.581
0.581
0.581
2.47
2.47
2.47
0.581
0.606
0.809
0.709
0.709
0.709
0.709
0.709
0.709
0.709
0.709
0.709
0.709
0.709
0.523
0.511
0.571
0.571
0.571
0.571
0.571
0.571
0.571
0.571
0.368
0.38
0.368
0.468
0.468
0.468
0.468
0.568
0.568
0.568
0.568
0.468
0.468
0.417
0.357
0.381
0.381
0.369
0.369
0.369
0.55
0.55
0.55
0.55
0.55
2.447
2.447
2.447
0.558
0.518
0.518
0.634
0.634
0.634
0.433
0.619
0.619
0.742
0.742
0.742
0.782
0.782
0.854
0.854
0.854
0.854
0.854
1.057
1.057
1.057
0.941
0.941
0.941
0.961
0.961
0.64
0.64
0.64
0.64
0.64
0.64
0.6
0.6
0.6
0.58
0.52
0.42
0.42
0.42
0.257
0.257
0.257
0.257
0.257
0.257
0.357
0.417
0.357
0.422
0.422
0.422
0.522
0.422
0.604
0.764
0.704
0.704
0.716
0.716
0.716
0.716
0.704
0.704
0.716
0.736
0.952
0.932
0.932
1.23
1.29
1.125
1.164
1.164
1.164
1.164
1.164
1.164
1.039
1.039
1.039
1.048
1.048
1.048
1.048
1.048
0.948
0.825
0.925
0.925
0.925
0.937
0.751
0.751
0.651
0.651
0.651
0.651
0.651
0.832
0.832
0.832
0.832
0.832
0.823
0.823
0.911
0.911
0.911
0.911
0.911
0.923
0.923
0.754
0.754
0.957
0.957
0.957
0.897
0.897
0.897
0.997
0.997
1.311
1.311
1.34
1.34
1.014
1.014
1.014
1.149
1.049
1.069
1.069
1.069
1.069
1.069
0.926
0.866
0.866
0.866
0.941
0.953
0.953
2.842
2.842
2.842
1.013
0.953
0.962
0.953
0.878
0.878
0.878
2.776
2.836
2.836
0.825
0.805
0.805
0.805
0.805
0.805
0.793
0.681
0.681
0.668
0.668
0.668
0.668
0.668
0.668
0.668
0.668
0.68
0.62
0.801
0.55
0.65
0.662
0.722
0.653
0.653
0.688
0.688
0.688
0.823
0.823
0.723
0.256
0.075
0.075
0.075
0.075
0.075
0.075
0.075
0.075
0.075
0.075
0.261
0.261
0.261
0.261
0.261
0.261
0.261
0.261
0.261
0.464
0.464
0.464
0.464
0.464
0.464
0.464
0.464
0.464
0.464
0.509
0.323
0.363
0.343
0.343
0.323
0.423
0.423
0.423
0.423
0.423
0.423
0.22
0.342
0.307
0.367
0.367
0.387
0.387
0.387
0.387
0.387
0.387
0.467
0.467
0.367
0.367
0.367
0.245
0.145
0.085
0.085
0.085
0.085
0.085
0.266
0.278
0.278
0.29
0.278
0.278
0.278
0.29
0.29
0.29
0.29
0.29
0.29
0.29
0.109
0.232
0.232
2.121
2.181
2.181
0.478
0.478
0.478
0.478
0.478
0.478
0.538
0.633
0.558
0.638
0.478
0.594
0.522
0.499
0.499
0.659
0.659
0.659
0.559
0.559
0.373
0.373
0.373
0.373
0.373
0.075
0.075
0.278
0.278
0.278
0.278
0.278
0.278
0.278
0.278
0.278
0.278
0.278
0.278
0.278
0.278
0.278
0.278
0.278
0.278
0.278
0.278
0.278
0.278
0.075
0.075
0.075
0.075
0.075
0.075
0.075
0.075
0.075
0.256
0.256
0.256
0.256
0.256
0.256
0.256
0.256
0.256
0.256
0.256
0.256
0.256
0.256
0.075
0.075
0.075
0.075
0.075
0.075
0.075
0.075
0.075
0.075
0.075
0.075
0.075
0.261
0.261
0.261
0.261
0.261
0.261
0.261
0.261
0.261
0.261
0.261
0.261
0.261
0.261
0.261
0.261
0.261
0.261
0.261
0.261
