0.2938
0.058000000000000024
0.06986666666666666
0.06939999999999996
0.07099999999999998
0.07099999999999998
0.15460000000000002
0.1318
0.1331333333333333
0.07099999999999998
0.13180000000000003
0.14700000000000005
0.07099999999999998
0.07099999999999998
0.07099999999999998
0.11660000000000001
0.16220000000000004
0.07099999999999998
0.07099999999999998
0.07099999999999998
0.17740000000000003
0.10139999999999996
0.07099999999999998
0.07099999999999998
0.1622
0.11659999999999998
0.07099999999999998
0.07099999999999998
0.7639333333333334
0.3758666666666667
0.3863333333333333
0.22520000000000004
0.10139999999999996
0.07099999999999998
0.07099999999999998
0.07099999999999998
0.07099999999999998
0.13180000000000003
0.14700000000000005
0.07099999999999998
0.07099999999999998
0.07099999999999998
0.09379999999999998
0.18500000000000003
0.07099999999999998
0.07099999999999998
0.07099999999999998
0.13940000000000002
0.13940000000000002
0.07099999999999998
0.07099999999999998
0.07099999999999998
0.07099999999999998
0.07099999999999998
0.08619999999999998
0.19120000000000006
0.10960000000000004
0.08659999999999998
0.08093333333333332
0.5354000000000002
0.41659999999999997
0.37560000000000004
0.35766666666666663
0.43606666666666655
0.43873333333333336
0.39753333333333335
0.36753333333333327
0.5626666666666666
0.5238666666666666
0.6229333333333334
0.6316666666666667
0.7594666666666668
0.7383333333333332
0.6315333333333333
0.6269333333333333
0.6083333333333335
0.3847333333333333
0.8085333333333333
0.4180000000000001
0.4437333333333334
0.5154000000000001
0.6020666666666666
0.6853333333333336
0.5472666666666667
0.64
1.1102666666666667
0.7314666666666666
0.9646666666666666
0.9625333333333335
0.9237333333333334
0.8875999999999998
0.9331999999999998
1.0626666666666666
0.9949999999999998
0.8383333333333333
0.16706666666666675
