0.071
0.071
0.071
0.071
0.071
0.071
0.071
0.071
0.071
0.071
0.071
0.071
0.071
0.071
0.071
0.071
0.071
0.071
0.071
0.071
0.071
0.071
0.071
0.071
0.071
0.071
0.071
0.071
0.071
0.061
0.061
0.061
0.061
0.061
0.061
0.061
0.061
0.21
0.394
0.394
0.394
0.394
0.394
0.394
0.394
0.403
0.403
0.403
0.403
0.403
0.403
0.403
0.403
0.403
0.463
0.323
0.323
0.062
0.062
0.062
0.062
0.062
0.062
0.062
0.062
0.062
0.062
0.062
0.062
0.062
0.062
0.062
0.062
0.062
0.062
0.062
0.062
0.062
0.062
0.072
0.072
0.072
0.072
0.072
0.072
0.072
0.072
0.072
0.072
0.072
0.072
0.072
0.072
0.072
0.072
0.072
0.072
0.072
0.072
0.072
0.072
0.072
0.072
0.072
0.072
0.072
0.072
0.072
0.072
0.205
0.205
0.205
0.205
0.205
0.205
0.205
0.205
0.205
0.205
0.205
0.205
0.205
0.205
0.205
0.205
0.205
0.382
0.249
0.249
0.249
0.249
0.249
0.249
0.249
0.249
0.249
0.249
0.249
0.249
0.249
0.249
0.249
0.249
0.249
0.249
0.249
0.072
0.072
0.072
0.072
0.072
0.072
0.072
0.072
0.072
0.072
0.072
0.072
0.072
0.072
0.072
0.072
0.072
0.072
0.205
0.205
0.205
0.205
0.205
0.205
0.205
0.205
0.205
0.205
0.205
0.205
0.205
0.205
0.205
0.205
0.205
0.205
0.072
0.072
0.072
0.072
0.072
0.072
0.072
0.072
0.072
0.249
0.249
0.249
0.249
0.249
0.249
0.249
0.249
0.249
0.249
0.249
0.249
0.249
0.249
0.249
0.249
0.249
0.249
0.249
0.249
0.072
0.072
0.072
0.072
0.072
0.072
0.072
0.072
0.072
0.072
0.072
0.072
0.072
0.072
0.072
0.072
0.072
0.072
0.072
0.072
0.072
0.072
0.072
0.072
0.072
0.072
0.072
0.072
0.072
0.072
0.072
0.072
0.072
0.072
0.072
0.072
0.072
0.072
0.072
0.072
0.072
0.072
0.072
0.072
0.072
0.072
0.249
0.249
0.249
0.249
0.249
0.249
0.249
0.249
0.249
0.249
0.249
0.249
0.249
0.249
0.249
0.249
0.249
0.249
0.249
0.249
0.072
0.072
0.072
0.072
0.072
0.072
0.072
0.072
0.072
0.072
0.072
0.072
0.072
0.072
0.072
0.072
0.072
0.072
0.205
0.205
0.205
0.205
0.205
0.205
0.205
0.205
0.205
0.205
0.205
0.205
0.205
0.205
0.205
0.205
0.205
0.205
0.072
0.072
0.072
0.072
0.072
0.072
0.072
0.072
0.072
0.072
0.072
0.072
0.072
0.072
0.072
0.072
0.072
0.072
0.072
0.072
0.072
0.072
0.072
0.072
0.072
0.072
0.072
0.072
0.072
0.072
0.072
0.072
0.072
0.072
0.072
0.072
0.072
0.072
0.205
0.205
0.205
0.205
0.205
0.205
0.205
0.205
0.205
0.205
0.205
0.205
0.205
0.205
0.205
0.205
0.205
0.205
0.249
0.249
0.249
0.249
0.249
0.249
0.249
0.249
0.249
0.249
0.249
0.249
0.249
0.249
0.249
0.249
0.249
0.249
0.249
0.249
0.072
0.072
0.072
0.072
0.072
0.072
0.072
0.072
0.072
0.072
0.072
0.072
0.072
0.072
0.072
0.072
0.072
0.072
0.072
0.072
0.072
0.072
0.072
0.072
0.072
0.072
0.072
0.072
0.072
0.072
0.205
0.205
0.205
0.205
0.205
0.205
0.205
0.205
0.327
0.327
0.387
0.387
0.387
0.564
0.564
0.564
0.564
0.624
2.536
2.476
2.476
0.431
0.431
0.431
0.431
0.431
0.431
0.431
0.431
0.431
0.431
0.431
0.431
0.254
0.254
0.254
10.023
10.023
10.083
0.314
1.37
1.37
1.43
0.374
0.374
0.374
0.374
0.374
0.374
0.314
0.254
0.354
0.354
0.23
0.23
0.23
0.242
0.254
0.242
0.242
0.242
0.302
0.242
0.242
0.242
0.242
0.242
0.302
0.302
0.302
0.302
0.242
0.242
0.242
0.282
0.282
0.242
0.242
0.242
0.242
0.419
0.419
0.559
0.559
0.559
0.559
0.459
0.419
0.419
0.419
0.552
0.552
0.552
0.552
0.612
10.381
10.381
10.381
0.612
0.552
0.375
0.387
0.387
0.387
0.387
0.387
0.387
0.387
0.314
0.314
0.314
0.314
0.314
0.323
0.263
0.263
0.251
0.251
0.251
0.251
0.251
0.251
0.251
0.551
0.551
2.587
2.575
2.575
0.53
0.53
0.53
0.53
0.53
0.53
0.59
0.53
0.53
0.53
0.53
0.53
0.68
0.74
0.74
0.74
0.74
0.74
0.8
0.8
0.072
0.249
0.249
0.249
0.249
0.249
0.249
0.249
0.249
0.249
0.249
0.249
0.249
0.249
0.249
0.249
0.249
0.249
0.249
0.249
0.249
0.072
0.072
0.072
0.072
0.072
0.072
0.205
0.205
0.205
0.205
0.205
0.205
0.205
0.205
0.205
0.205
0.205
0.205
0.205
0.205
0.205
0.205
0.205
0.205
0.072
0.072
0.072
0.072
0.072
0.072
0.072
0.072
0.072
0.072
0.072
0.072
0.072
0.072
0.072
0.072
0.072
0.072
0.072
0.072
0.072
0.072
0.072
0.072
0.072
0.072
0.072
0.072
0.249
0.249
0.249
0.249
0.249
0.249
0.249
0.249
0.249
0.249
0.249
0.249
0.249
0.249
0.249
0.249
0.249
0.249
0.249
0.249
0.072
0.072
0.072
0.072
0.072
0.072
0.072
0.072
0.072
0.072
0.072
0.072
0.072
0.072
0.072
0.072
0.072
0.072
0.072
0.072
0.072
0.072
0.072
0.072
0.072
0.072
0.072
0.072
0.205
0.205
0.205
0.205
0.205
0.205
0.205
0.205
0.205
0.205
0.205
0.205
0.205
0.205
0.205
0.205
0.205
0.205
0.072
0.072
0.072
0.072
0.072
0.249
0.249
0.249
0.249
0.249
0.249
0.249
0.249
0.249
0.249
0.249
0.249
0.249
0.249
0.249
0.249
0.249
0.249
0.249
0.249
0.072
0.072
0.072
0.072
0.072
0.072
0.072
0.072
0.072
0.072
0.072
0.072
0.072
0.072
0.072
0.072
0.072
0.072
0.072
0.072
0.072
0.072
0.072
0.072
0.072
0.072
0.072
0.072
0.072
0.072
0.072
0.072
0.072
0.072
0.072
0.072
0.072
0.072
0.072
0.072
0.072
0.072
0.072
0.205
0.205
0.205
0.205
0.205
0.205
0.205
0.205
0.205
0.205
0.205
0.205
0.205
0.205
0.205
0.205
0.205
0.205
0.072
0.072
0.072
0.072
0.072
0.072
0.072
0.072
0.072
0.072
0.072
0.072
0.072
0.072
0.249
0.249
0.249
0.249
0.249
0.249
0.249
0.249
0.249
0.249
0.249
0.249
0.249
0.249
0.249
0.249
0.249
0.249
0.249
0.249
0.072
0.072
0.072
0.072
0.072
0.072
0.072
0.072
0.072
0.072
0.072
0.072
0.072
0.072
0.072
0.072
0.072
0.072
0.072
0.072
0.072
0.072
0.072
0.072
0.072
0.072
0.072
0.072
0.072
0.072
0.072
0.072
0.072
0.072
0.072
0.205
0.205
0.205
0.205
0.205
0.205
0.205
0.205
0.205
0.205
0.205
0.205
0.205
0.205
0.205
0.205
0.205
0.205
0.072
0.072
0.072
0.072
0.072
0.072
0.072
0.072
0.072
0.072
0.249
0.249
0.249
0.249
0.249
0.249
0.249
0.249
0.249
0.249
0.249
0.249
0.249
0.249
0.249
0.249
0.249
0.249
0.249
0.249
0.072
0.072
0.072
0.072
0.072
0.072
0.072
0.072
0.072
0.072
0.072
0.072
0.072
0.072
0.072
0.205
0.205
0.205
0.205
0.205
0.205
0.205
0.205
0.205
0.205
0.205
0.205
0.205
0.205
0.205
0.205
0.205
0.205
0.072
0.072
0.072
0.072
0.072
0.072
0.072
0.072
0.072
0.072
0.072
0.072
0.072
0.072
0.072
0.072
0.072
0.072
0.072
0.072
0.072
0.072
0.072
0.072
0.072
0.072
0.072
0.072
0.072
0.072
0.072
0.072
0.072
0.072
0.072
0.072
0.072
0.072
0.072
0.072
0.072
0.072
0.072
0.072
0.072
0.072
0.072
0.072
0.072
0.072
0.072
0.072
0.072
0.072
0.072
0.072
0.072
0.072
0.072
0.072
0.072
0.072
0.072
0.072
0.072
0.072
0.072
0.072
0.072
0.072
0.072
0.072
0.072
0.072
0.205
0.205
0.205
0.205
0.205
0.205
0.205
0.205
0.205
0.205
0.205
0.205
0.205
0.205
0.205
0.205
0.205
0.205
0.072
0.072
0.072
0.072
0.072
0.072
0.072
0.072
0.072
0.072
0.072
0.072
0.072
0.072
0.072
0.072
0.072
0.072
0.072
0.072
0.072
0.072
0.072
0.072
0.072
0.072
0.072
0.072
0.072
0.072
0.072
0.072
0.072
0.072
0.072
0.072
0.072
0.072
0.072
0.072
0.072
0.072
0.072
0.072
0.072
0.072
0.072
0.205
0.205
0.205
0.205
0.205
0.205
0.205
0.205
0.205
0.205
0.205
0.205
0.205
0.205
0.205
0.205
0.205
0.205
0.072
0.072
0.072
0.072
0.072
0.072
0.072
0.072
0.072
0.072
0.072
0.072
0.072
0.072
0.072
0.072
0.072
0.072
0.072
0.072
0.072
0.072
0.072
0.072
0.072
0.072
0.072
0.249
0.247
0.347
0.247
0.247
0.307
0.307
0.356
0.356
0.356
0.356
0.356
0.356
0.531
0.672
0.672
0.672
0.672
0.672
0.672
0.495
0.495
0.555
0.555
0.555
0.718
0.568
0.568
0.568
0.568
0.568
0.718
0.718
0.718
0.718
0.718
0.683
0.683
0.683
0.683
0.683
0.683
0.683
0.683
0.683
0.807
0.807
0.807
0.902
0.902
0.902
0.842
0.842
0.842
0.842
0.842
0.842
1.05
1.367
1.367
1.367
1.367
0.975
0.975
0.94
0.94
0.94
0.94
0.94
0.94
1.04
1.04
1.04
1.04
0.94
0.807
0.807
0.807
0.819
0.854
0.854
0.854
0.854
0.889
0.889
0.889
0.889
0.739
0.704
0.704
0.704
0.704
0.704
0.704
0.704
0.704
0.854
0.854
0.841
0.732
0.909
0.909
0.909
0.909
1.069
0.919
0.919
1.178
1.178
1.218
1.118
0.918
0.918
0.978
0.878
0.878
0.911
0.911
0.911
0.911
0.734
0.734
0.734
0.734
0.734
0.867
0.927
0.927
0.927
0.927
0.927
1.027
1.027
1.102
1.102
1.027
1.027
1.027
1.015
1.015
1.015
1.015
1.015
0.882
0.882
0.882
0.882
0.882
0.882
0.882
0.882
0.882
0.773
0.673
0.673
0.673
0.673
0.733
0.733
0.733
0.733
0.833
0.833
0.833
0.833
0.833
0.833
0.893
1.193
1.442
1.442
1.442
1.442
1.442
1.442
1.442
1.442
1.442
1.442
1.442
1.442
1.442
1.442
1.442
1.442
1.442
1.442
1.442
1.442
1.409
1.422
1.422
1.422
1.422
1.122
1.122
1.122
1.062
1.062
1.162
1.053
0.993
0.993
0.993
0.993
0.993
0.993
1.17
1.17
1.17
1.17
1.17
1.17
1.17
1.17
1.07
1.07
0.846
0.846
0.846
0.846
0.846
0.846
0.979
0.979
0.979
0.944
0.767
0.767
0.767
0.891
0.891
0.891
0.891
0.991
0.991
0.991
1.051
1.051
1.084
1.024
0.931
0.943
0.943
0.931
0.931
0.931
0.931
0.931
0.931
0.931
0.931
1.031
0.931
0.931
0.931
0.931
0.931
0.931
0.991
0.931
0.807
0.807
0.794
0.794
0.854
0.854
0.854
0.794
0.794
0.794
0.072
0.072
0.072
0.072
0.072
0.072
0.072
0.072
0.205
0.205
0.205
0.205
0.205
0.205
0.205
0.205
0.382
0.382
0.382
0.382
0.382
0.382
0.382
0.382
0.382
0.382
0.249
0.249
0.249
0.249
0.249
0.249
0.249
0.249
0.249
0.249
0.072
0.072
0.072
0.072
0.072
0.072
0.072
