0.06833333333333332
0.06299999999999997
0.06766666666666664
0.07299999999999998
0.07299999999999998
0.103
0.22299999999999995
0.11299999999999998
0.07299999999999998
0.07299999999999998
0.07299999999999998
0.22299999999999995
0.143
0.07299999999999998
0.07299999999999998
0.14300000000000004
0.22299999999999995
0.07299999999999998
0.07299999999999998
0.07299999999999998
0.07299999999999998
0.20299999999999999
0.16299999999999998
0.07299999999999998
0.07299999999999998
0.13300000000000003
0.22299999999999995
0.18566666666666667
0.37100000000000016
0.3883333333333333
0.4949333333333333
0.688
0.574
0.4774666666666666
0.4473333333333333
0.512
0.492
1.2520000000000002
2.4653333333333336
0.3419999999999999
0.30999999999999994
0.30199999999999994
0.20199999999999999
0.20199999999999999
0.422
0.282
0.20199999999999999
0.20199999999999999
0.16746666666666662
0.07299999999999998
0.22299999999999995
0.143
0.07299999999999998
0.07299999999999998
0.07299999999999998
0.07299999999999998
0.13300000000000003
0.22299999999999995
0.08299999999999998
0.07299999999999998
0.07299999999999998
0.08299999999999999
0.22299999999999995
0.13299999999999998
0.07299999999999998
0.07299999999999998
0.3025333333333334
0.705
0.5459999999999999
0.28406666666666663
0.07299999999999998
0.14300000000000004
0.22299999999999995
0.07299999999999998
0.4342
0.3261333333333333
0.7622666666666669
0.4923333333333335
0.33633333333333326
0.6620000000000001
0.7458666666666667
0.6236666666666667
0.6634666666666669
0.4166666666666668
0.44473333333333326
0.5099999999999999
0.5870666666666666
0.6980000000000002
0.7344666666666668
0.9045333333333334
0.7127999999999999
0.8200000000000003
0.07299999999999998
0.07299999999999998
0.07299999999999998
0.21299999999999997
