0.063
0.063
0.056999999999999995
0.053000000000000005
0.053000000000000005
0.053000000000000005
0.075
0.2922
0.33199999999999996
0.284
0.316
0.26439999999999997
0.1948
0.178
0.2754
0.33140000000000003
0.35000000000000003
0.348
0.425
0.441
0.43099999999999994
0.43
0.49000000000000005
0.514
0.55
0.55
0.526
0.496
0.5734
0.5574
0.4109999999999999
0.4109999999999999
0.4162
0.223
0.223
0.261
0.24500000000000002
0.3322
0.277
0.376
0.425
0.372
0.33039999999999997
0.297
0.297
0.337
0.445
0.4622
0.44299999999999995
2.0528
3.8909999999999996
0.6658
0.23700000000000002
0.23700000000000002
0.0978
0.063
0.063
0.063
0.063
0.063
0.063
0.063
0.063
0.063
0.063
0.063
0.063
0.1674
0.23700000000000002
0.23700000000000002
0.23700000000000002
0.2022
0.063
0.063
0.063
0.063
0.063
0.063
0.063
0.063
0.063
0.063
0.063
0.063
0.181
0.221
0.22400000000000003
0.316
0.27699999999999997
0.24699999999999997
0.29200000000000004
0.4324
0.348
0.368
0.44400000000000006
0.417
0.417
0.409
0.393
0.366
0.298
0.298
0.318
0.298
0.246
0.3076
0.391
0.4192
0.488
1.6567999999999998
2.346
2.4259999999999997
2.4219999999999997
2.3472
1.791
1.791
1.791
1.791
1.7429999999999999
1.0394
0.6298
0.641
0.641
0.641
0.46699999999999997
0.46699999999999997
0.5058
0.42699999999999994
0.4304
0.44000000000000006
0.395
0.46580000000000005
0.3922
0.555
0.9228
0.7098000000000001
0.355
0.25060000000000004
0.181
0.9682000000000001
1.3618000000000001
0.5426
0.141
0.12499999999999997
0.1874
0.189
0.3134
0.5589999999999999
0.619
0.583
0.5481999999999999
0.8026
1.1961999999999997
0.417
0.425
0.418
1.6138
0.485
0.441
0.381
0.3798
0.5549999999999999
0.629
0.605
0.605
0.46580000000000005
0.43099999999999994
0.43099999999999994
0.6308
0.42759999999999987
0.356
0.3848
0.42800000000000005
2.0143999999999997
2.118
2.118
2.2572
1.1022
0.309
0.309
0.2394
0.135
0.135
0.135
0.135
0.135
0.135
0.135
0.135
0.135
1.4205999999999999
0.19
0.536
0.5224
0.599
0.6984
1.9174
0.6964
1.0324000000000002
0.5464
0.42400000000000004
0.46040000000000003
0.45099999999999996
0.48100000000000004
0.648
0.6596
0.7532
0.7
0.6556
0.624
0.5208
0.43920000000000003
0.366
0.7586
1.0880000000000003
0.2772
0.30860000000000004
0.292
0.356
3.689
2.3760000000000003
0.781
0.752
0.6914
0.5396
0.43
0.502
0.5227999999999999
0.45599999999999996
0.40920000000000006
0.605
0.6058
0.501
0.6228
0.663
0.617
0.617
0.6426000000000001
0.41900000000000004
0.275
0.275
0.275
1.1842000000000001
1.449
1.655
1.675
1.6629999999999998
1.889
0.9406000000000001
0.7674
0.7336
0.7036
0.5908
0.5700000000000001
0.5820000000000001
0.647
1.0234
0.645
0.6606
0.6708000000000001
0.596
0.5578000000000001
1.7518
2.3473999999999995
3.9579999999999997
0.6814
0.7769999999999999
0.833
0.8822000000000001
0.9272
0.8291999999999999
0.8526
0.9289999999999999
0.933
0.9186
0.889
0.866
2.0368000000000004
0.9498000000000001
0.9720000000000001
0.9789999999999999
0.868
0.8280000000000001
0.9187999999999998
0.8870000000000001
1.011
1.0492000000000001
1.6008
