0.05
0.05
0.05
0.05
0.15
0.162
0.162
0.162
0.19
0.19
0.19
0.19
0.19
0.19
0.19
0.328
0.202
0.202
0.215
0.175
0.175
0.175
0.175
0.313
0.313
0.373
0.413
0.423
0.423
0.423
0.423
0.578
0.578
0.578
0.578
0.578
0.578
0.578
0.578
0.578
0.578
0.578
0.578
0.578
0.428
0.428
0.428
0.388
0.328
0.328
0.328
0.173
0.267
0.267
0.267
0.476
0.476
0.516
0.516
0.416
0.521
0.412
0.319
0.359
0.359
0.359
0.541
0.561
0.561
0.561
0.467
0.467
0.467
0.467
0.467
0.467
0.467
0.467
0.454
0.454
0.434
0.494
0.494
0.434
0.434
0.434
0.434
0.447
0.265
0.265
0.265
0.265
0.265
0.225
1.107
1.107
1.107
0.38
0.44
0.44
0.44
0.5
0.46
0.46
0.52
0.598
0.598
0.692
0.632
0.632
0.632
0.632
0.632
0.632
0.632
0.632
0.632
0.477
0.477
0.477
0.477
0.477
0.477
0.477
0.477
0.383
0.383
0.383
0.383
0.383
0.383
0.423
0.423
0.423
0.423
0.363
0.468
0.468
0.468
0.468
0.65
0.55
0.55
0.55
0.55
0.562
0.562
0.589
0.589
0.689
0.689
0.584
0.544
0.544
0.544
0.544
0.544
0.544
0.544
0.604
0.604
0.638
0.456
0.456
0.456
0.456
0.516
0.516
0.516
0.516
0.576
0.576
0.576
0.576
0.576
0.576
0.576
0.576
0.576
0.482
0.062
0.062
0.217
0.217
0.217
0.217
0.217
0.217
0.217
0.217
0.217
0.217
0.217
0.217
0.217
0.217
0.217
0.217
0.217
0.217
0.217
0.217
0.062
0.062
0.062
0.062
0.062
0.062
0.062
0.062
0.062
0.062
0.062
0.062
0.062
0.062
0.244
0.244
0.244
0.244
0.244
0.244
0.244
0.244
0.244
0.244
0.244
0.244
0.244
0.244
0.244
0.244
0.244
0.244
0.244
0.244
0.244
0.244
0.062
0.062
0.062
0.062
0.062
0.156
0.156
0.156
0.156
0.156
0.156
0.156
0.156
0.156
0.156
0.156
0.156
0.156
0.156
0.156
0.156
0.156
0.156
0.062
0.062
0.062
0.062
0.062
0.062
0.062
0.062
0.217
0.217
0.217
0.217
0.217
0.217
0.217
0.217
0.217
0.217
0.217
0.217
0.217
0.217
0.217
0.217
0.217
0.217
0.217
0.217
0.062
0.062
0.062
0.062
0.062
0.062
0.244
0.244
0.244
0.244
0.244
0.244
0.338
0.338
0.338
0.338
0.338
0.338
0.338
0.338
0.338
0.338
0.338
0.338
0.338
0.338
0.338
0.338
0.156
0.156
0.062
0.062
0.062
0.062
0.062
0.062
0.062
0.062
0.062
0.062
0.062
0.217
0.217
0.217
0.217
0.217
0.217
0.217
0.217
0.217
0.217
0.217
0.217
0.217
0.217
0.217
0.217
0.217
0.217
0.217
0.217
0.062
0.062
0.062
0.062
0.062
0.062
0.062
0.062
0.062
0.156
0.156
0.156
0.156
0.156
0.156
0.156
0.338
0.338
0.338
0.338
0.338
0.338
0.338
0.338
0.338
0.338
0.338
0.244
0.244
0.244
0.244
0.244
0.244
0.244
0.244
0.244
0.244
0.244
0.062
0.062
0.198
0.198
0.198
0.198
0.198
0.21
0.21
0.21
0.21
0.21
0.21
0.21
0.21
0.21
0.21
0.21
0.21
0.21
0.21
0.21
0.21
0.21
0.21
0.21
0.21
0.21
0.21
0.21
0.25
0.25
0.25
0.25
0.25
0.25
0.25
0.25
0.25
0.25
0.25
0.31
0.31
0.31
0.415
0.415
0.415
0.415
0.455
0.317
0.317
0.326
0.366
0.366
0.366
0.366
0.366
0.357
0.317
0.317
0.317
0.317
0.377
0.377
0.499
0.439
0.439
0.439
0.439
0.499
0.499
0.499
0.459
0.459
0.459
0.459
0.459
0.459
0.519
0.519
0.519
0.419
0.419
0.519
0.419
0.419
0.237
0.237
0.237
0.237
0.248
0.248
0.248
0.248
0.248
0.248
0.248
0.248
0.348
0.348
0.348
0.348
0.348
0.348
0.348
0.348
0.348
0.348
0.442
0.442
0.442
0.442
0.442
0.442
0.442
0.442
0.442
0.442
0.442
0.482
0.342
0.342
0.342
0.342
0.342
0.342
0.248
0.248
0.248
0.248
0.248
0.248
0.248
0.248
0.248
0.248
0.248
0.248
0.248
0.248
0.308
0.308
0.062
0.217
0.217
0.217
0.217
0.217
0.217
0.217
0.217
0.217
0.217
0.217
0.217
0.217
0.217
0.217
0.217
0.217
0.217
0.217
0.217
0.062
0.062
0.062
0.062
0.156
0.156
0.156
0.156
0.156
0.156
0.156
0.156
0.156
0.156
0.338
0.338
0.338
0.338
0.338
0.338
0.338
0.338
0.244
0.244
0.244
0.244
0.244
0.244
0.244
0.244
0.244
0.244
0.244
0.244
0.244
0.244
0.062
0.062
0.062
0.062
0.062
0.062
0.062
0.062
0.062
0.062
0.062
0.062
0.062
0.062
0.062
0.062
0.062
0.062
0.062
0.062
0.062
0.062
0.062
0.062
0.062
0.062
0.062
0.062
0.062
0.062
0.062
0.062
0.062
0.062
0.062
0.062
0.062
0.062
0.062
0.062
0.062
0.062
0.062
0.062
0.156
0.156
0.156
0.156
0.156
0.156
0.156
0.156
0.311
0.311
0.311
0.311
0.311
0.311
0.311
0.311
0.311
0.311
0.217
0.217
0.217
0.217
0.217
0.217
0.217
0.217
0.217
0.217
0.062
0.244
0.244
0.244
0.244
0.244
0.244
0.244
0.244
0.244
0.244
0.244
0.244
0.244
0.244
0.244
0.244
0.244
0.244
0.244
0.244
0.244
0.244
0.062
0.062
0.062
0.062
0.062
0.062
0.062
0.062
0.062
0.062
0.062
0.062
0.062
0.062
0.062
0.156
0.156
0.156
0.311
0.311
0.311
0.311
0.311
0.311
0.311
0.311
0.311
0.311
0.311
0.311
0.311
0.311
0.311
0.217
0.217
0.217
0.217
0.217
0.062
0.062
0.062
0.062
0.062
0.062
0.062
0.062
0.062
0.062
0.062
0.062
0.062
0.062
0.062
0.062
0.062
0.062
0.062
0.062
0.062
0.062
0.062
0.062
0.062
0.062
0.062
0.062
0.062
0.062
0.062
0.062
0.062
0.062
0.062
0.062
0.062
0.062
0.062
0.062
0.062
0.062
0.062
0.244
0.244
0.244
0.399
0.399
0.399
0.399
0.399
0.399
0.399
0.399
0.399
0.399
0.399
0.399
0.399
0.399
0.399
0.399
0.399
0.399
0.399
0.217
0.062
0.062
0.062
0.062
0.062
0.062
0.062
0.062
0.062
0.062
0.062
0.062
0.062
0.062
0.062
0.062
0.062
0.062
0.062
0.062
0.062
0.062
0.062
0.062
0.062
0.062
0.062
0.062
0.062
0.062
0.062
0.062
0.062
0.062
0.062
0.062
0.062
0.062
0.062
0.062
0.062
0.217
0.217
0.217
0.217
0.217
0.217
0.217
0.217
0.217
0.217
0.217
0.217
0.217
0.217
0.217
0.399
0.399
0.399
0.399
0.399
0.244
0.244
0.244
0.244
0.244
0.244
0.244
0.244
0.244
0.244
0.244
0.244
0.244
0.244
0.244
0.244
0.244
0.062
0.062
0.062
0.062
0.062
0.062
0.062
0.062
0.062
0.062
0.062
0.062
0.062
0.062
0.062
0.062
0.062
0.062
0.062
0.062
0.062
0.062
0.062
0.062
0.062
0.062
0.062
0.062
0.062
0.062
0.062
0.062
0.062
0.062
0.062
0.062
0.062
0.062
0.062
0.062
0.062
0.062
0.062
0.062
0.062
0.244
0.244
0.244
0.244
0.244
0.244
0.244
0.244
0.244
0.244
0.244
0.244
0.244
0.244
0.244
0.244
0.244
0.244
0.244
0.338
0.338
0.493
0.311
0.311
0.311
0.311
0.311
0.311
0.311
0.311
0.311
0.311
0.311
0.311
0.311
0.311
0.311
0.217
0.217
0.217
0.217
0.062
0.062
0.062
0.062
0.062
0.062
0.062
0.062
0.062
0.062
0.062
0.062
0.062
0.062
0.062
0.062
0.062
0.062
0.062
0.062
0.062
0.062
0.062
0.062
0.062
0.062
0.062
0.062
0.062
0.062
0.062
0.062
0.062
0.062
0.062
0.062
0.062
0.062
0.062
0.062
0.217
0.217
0.217
0.217
0.217
0.217
0.217
0.217
0.217
0.217
0.217
0.217
0.217
0.217
0.217
0.217
0.217
0.217
0.217
0.217
0.062
0.062
0.062
0.062
0.062
0.062
0.062
0.062
0.062
0.062
0.062
0.062
0.062
0.062
0.062
0.062
0.062
0.062
0.062
0.062
0.062
0.062
0.062
0.338
0.338
0.338
0.338
0.338
0.338
0.338
0.338
0.338
0.338
0.338
0.338
0.338
0.338
0.338
0.338
0.338
0.338
0.244
0.244
0.244
0.244
0.062
0.062
0.062
0.062
0.062
0.062
0.062
0.062
0.062
0.062
0.062
0.062
0.217
0.217
0.217
0.217
0.217
0.217
0.217
0.217
0.217
0.217
0.217
0.217
0.217
0.226
0.226
0.226
0.226
0.226
0.286
0.455
0.3
0.34
0.34
0.366
0.326
0.3
0.3
0.191
0.203
0.191
0.191
0.251
0.251
0.351
0.34
0.34
0.34
0.24
0.24
0.422
0.422
0.422
0.531
0.244
0.244
0.244
0.244
0.244
0.244
0.244
0.244
0.244
0.244
0.244
0.244
0.244
0.244
0.244
0.244
0.338
0.338
0.156
0.156
0.156
0.156
0.156
0.156
0.156
0.156
0.156
0.156
0.156
0.156
0.156
0.156
0.156
0.156
0.062
0.062
0.062
0.062
0.062
0.062
0.062
0.062
0.062
0.062
0.062
0.062
0.062
0.062
0.062
0.062
0.062
0.062
0.062
0.062
0.062
0.062
0.062
0.062
0.062
0.062
0.181
0.181
0.181
0.181
0.363
0.363
0.546
0.606
0.606
0.606
0.606
0.606
0.606
0.546
0.606
0.666
0.76
0.76
0.688
0.688
0.688
0.688
0.688
0.688
0.688
0.588
0.406
0.511
0.511
0.511
0.406
0.418
0.573
0.633
0.539
0.539
0.491
0.551
0.551
0.551
0.551
0.551
0.551
0.551
0.551
0.551
0.551
0.551
0.551
0.591
0.591
0.591
0.436
0.436
0.436
0.376
0.436
0.297
0.237
0.257
0.257
0.297
0.285
0.394
0.382
0.382
0.469
0.469
0.569
0.569
0.569
0.569
0.569
0.569
0.569
0.539
0.551
0.551
0.551
0.551
0.656
0.551
0.511
0.441
0.441
0.452
0.465
0.465
0.465
0.465
0.785
0.785
0.785
0.785
0.785
0.785
0.785
0.785
0.785
0.785
0.879
0.919
0.919
0.979
0.979
0.979
1.039
1.039
1.039
1.039
0.901
0.901
0.719
0.719
0.719
0.719
0.719
0.759
0.73
0.73
0.73
0.67
0.505
0.505
0.505
0.505
0.505
0.505
0.505
0.505
0.505
0.505
0.505
0.505
0.505
0.445
0.445
0.445
0.445
0.545
0.545
0.605
0.545
0.545
0.545
0.545
0.532
0.532
0.592
0.622
0.562
0.562
0.562
0.562
0.717
0.777
0.917
0.817
0.988
0.988
0.988
1.126
1.186
1.086
1.086
1.026
1.026
0.926
0.926
0.926
0.856
0.856
0.718
0.718
0.563
0.563
0.721
0.661
0.661
0.661
0.479
0.49
0.49
0.49
0.55
0.55
0.55
0.45
0.45
0.45
0.45
0.45
0.49
0.49
0.49
0.49
0.49
0.49
0.51
0.51
0.51
0.61
0.61
0.51
0.51
0.615
0.675
0.615
0.615
0.555
0.555
0.495
0.495
0.495
0.495
0.495
0.504
0.504
0.495
0.495
0.65
0.65
0.65
0.65
0.71
0.71
0.71
0.71
0.71
0.71
0.71
0.71
0.71
0.65
0.71
0.71
0.59
0.481
0.481
0.481
0.326
0.326
0.403
0.463
0.403
0.403
0.403
0.403
0.403
0.403
0.512
0.612
0.652
0.746
0.735
0.695
0.695
0.695
0.695
0.695
0.755
0.755
0.755
0.755
0.573
0.573
0.573
0.563
0.503
0.563
