0.11979999999999999
0.213
0.213
0.23700000000000002
0.2178
0.157
0.11700000000000002
0.13820000000000002
0.223
0.23499999999999996
0.077
0.077
0.077
0.077
0.077
0.077
0.077
0.077
0.077
0.077
0.077
0.077
0.077
0.077
0.077
0.077
0.077
0.077
0.077
0.077
0.077
0.077
0.077
0.077
0.077
0.077
0.077
0.077
0.077
0.077
0.077
0.077
0.077
0.077
0.077
0.077
0.077
0.077
0.077
0.077
0.077
0.077
0.077
0.077
0.077
0.077
0.077
0.077
0.077
0.077
0.077
0.077
0.077
0.077
0.077
0.077
0.077
0.077
0.077
0.077
0.077
0.077
0.077
0.077
0.077
0.077
0.077
0.077
0.077
0.077
0.077
0.077
0.077
0.077
0.257
0.317
0.2314
0.20780000000000004
0.199
0.323
0.3518
1.0674
4.352600000000001
4.8978
5.656000000000001
6.4572
4.5520000000000005
4.585999999999999
4.642
4.626
9.3966
3.135
2.779
2.779
0.6174
0.077
0.077
0.077
0.077
0.077
0.077
0.077
0.311
0.311
0.077
0.077
0.077
0.077
0.077
0.077
0.077
0.077
0.077
0.077
0.077
0.077
0.077
0.077
0.077
0.077
0.077
0.077
0.077
0.077
0.077
0.077
0.077
0.077
0.077
0.077
0.077
0.077
0.077
0.077
0.077
0.077
0.077
0.077
0.077
0.077
0.077
0.077
0.077
0.077
0.077
0.077
0.331
0.361
0.521
0.521
0.4786
0.4894
0.5189999999999999
0.5450000000000002
0.559
0.9806000000000001
1.4166000000000003
2.2174
2.614
2.779
2.779
1.6272000000000002
0.7170000000000002
0.7558
0.777
0.7134
0.671
0.6805999999999999
0.6758000000000001
1.328
0.149
0.149
0.149
0.149
0.2198
0.149
0.2198
0.149
0.149
0.2198
1.546
1.6014
2.0774
1.6074000000000002
1.5
1.8252000000000002
2.0576
1.6394000000000002
1.707
1.764
2.7312000000000003
3.3614000000000006
3.6656
3.002
2.9764000000000004
2.978
0.762
0.8140000000000001
0.892
0.8539999999999999
0.851
0.8286
2.8038000000000003
2.717
2.7019999999999995
2.8340000000000005
2.0276000000000005
0.8480000000000001
0.8539999999999999
0.8106
1.3534
0.709
0.709
0.6874
0.6186
0.661
2.4018
2.9095999999999997
2.942
2.958
3.0324000000000004
2.2116
0.8
0.7506
1.873
0.857
0.829
0.899
0.8550000000000001
0.6844
0.676
0.712
0.7572
0.842
0.7619999999999999
0.6940000000000002
0.7831999999999999
0.8
0.736
0.7959999999999999
0.708
1.8240000000000003
3.4939999999999998
3.4850000000000003
3.5149999999999997
3.503
3.3958
3.3286000000000002
3.135
3.135
3.149
3.149
3.149
2.1462
0.5258
0.41900000000000004
0.396
0.27999999999999997
0.29400000000000004
0.4452
0.43
0.41
0.3336
0.268
0.30000000000000004
0.308
0.308
0.2972
0.268
0.2788
0.31379999999999997
0.4962
0.077
0.077
0.077
0.069
0.067
0.067
