0.059
0.18499999999999997
0.061
0.065
0.071
0.071
0.071
0.071
0.071
0.071
0.20539999999999997
0.23899999999999996
0.23899999999999996
0.23899999999999996
0.17179999999999998
0.071
0.071
0.071
0.071
0.071
0.071
0.071
0.071
0.071
0.071
0.071
0.0714
0.24700000000000003
0.20539999999999997
0.23899999999999996
0.23899999999999996
0.23899999999999996
0.17179999999999998
0.071
0.071
0.071
0.071
0.071
0.071
0.071
0.071
0.071
0.071
0.20539999999999997
0.23899999999999996
0.23899999999999996
0.23899999999999996
0.17179999999999998
0.071
0.071
0.071
0.071
0.071
0.071
0.071
0.071
0.10459999999999998
0.23899999999999996
0.23899999999999996
0.23899999999999996
0.23899999999999996
0.1046
0.071
0.071
0.071
0.071
0.071
0.071
0.071
0.071
0.071
0.071
0.071
0.10459999999999998
0.23899999999999996
0.23899999999999996
0.23899999999999996
0.23899999999999996
0.1046
0.071
0.071
0.071
0.071
0.071
0.0714
0.14420000000000002
0.187
0.253
0.353
0.367
0.43100000000000005
0.507
1.3021999999999998
0.7186
0.29900000000000004
0.219
0.219
0.291
0.369
0.369
0.369
0.369
0.369
0.6460000000000001
0.692
0.704
0.674
0.4412000000000001
0.374
0.7736
1.1731999999999998
0.374
0.36560000000000004
0.34
0.372
0.34800000000000003
0.45920000000000005
0.56
0.56
0.5826
0.673
0.487
0.355
0.355
0.3534
0.355
0.355
0.3598
0.363
0.363
0.071
0.071
0.198
1.2570000000000001
1.9630000000000003
1.9630000000000003
2.0638
1.0863999999999998
0.438
1.6198000000000001
2.3793999999999995
2.245
2.245
1.4518
0.254
0.254
0.254
0.254
0.8545999999999999
1.3002
1.4016000000000002
3.1594
4.6698
1.423
0.8224
0.28759999999999997
0.2138
0.143
0.17839999999999998
0.1784
0.143
0.2138
0.143
0.143
0.5107999999999999
0.29779999999999995
0.071
0.071
0.182
0.182
0.24200000000000005
0.35200000000000004
0.38439999999999996
0.484
0.5056
0.484
0.5444000000000001
0.2492
0.242
0.242
0.254
0.356
0.324
0.35960000000000003
0.4378
0.5997999999999999
0.615
0.6662000000000001
0.7754000000000001
0.833
2.0738
0.8048
0.6788
0.6424
0.562
0.6312
0.6092
0.7101999999999999
0.707
0.737
0.757
0.6940000000000001
0.6456000000000001
0.584
0.5962000000000001
0.7647999999999999
0.8320000000000001
0.8320000000000001
0.7286
0.7018
0.6063999999999999
0.63
0.63
0.577
0.625
0.6314
0.633
0.633
0.645
0.7674000000000001
0.749
0.588
0.6552
0.5088
0.492
0.526
0.40499999999999997
0.4082
0.45380000000000004
0.445
0.49939999999999996
0.5638
0.6649999999999999
0.7382
0.7754
0.752
0.737
0.791
0.071
0.071
0.071
0.071
0.071
0.071
0.071
0.071
0.071
0.071
0.071
0.071
0.071
0.071
0.071
0.1382
0.23899999999999996
0.23899999999999996
0.23899999999999996
0.23899999999999996
0.071
0.071
0.071
0.071
0.071
0.071
0.071
0.071
0.071
0.071
0.071
0.071
0.071
0.20539999999999997
0.23899999999999996
0.23899999999999996
0.23899999999999996
0.17179999999999998
0.071
0.071
0.071
0.071
0.071
0.071
0.071
0.071
0.071
0.06699999999999999
0.229
0.229
