0.06400000000000003
0.06466666666666669
0.13533333333333333
0.258
0.09853333333333335
0.1356
0.2177333333333334
0.13533333333333333
0.258
0.09853333333333335
0.1356
0.2177333333333334
0.13533333333333333
0.258
0.12933333333333333
0.2280000000000001
0.09453333333333334
0.13533333333333333
0.258
0.09853333333333335
0.1356
0.2177333333333334
0.074
0.074
0.074
0.20346666666666666
0.26546666666666663
0.9355999999999999
0.45893333333333336
0.45053333333333334
0.8864666666666666
0.5534666666666667
0.6805333333333332
0.7468000000000001
0.5857333333333334
0.4120000000000001
0.316
0.7124666666666665
0.3905333333333333
0.8888666666666668
0.1353333333333334
0.074
0.19720000000000004
0.15613333333333332
0.074
0.24573333333333333
0.17213333333333328
0.074
0.074
0.074
0.16640000000000002
0.1869333333333333
0.074
0.074
0.074
0.3506666666666666
0.27253333333333335
0.074
0.074
0.1766666666666667
0.17666666666666664
0.23346666666666668
0.18439999999999995
0.074
0.11506666666666665
0.2280000000000001
0.09653333333333333
0.258
0.1954666666666667
0.2825333333333333
0.32280000000000003
0.27573333333333333
0.4035333333333334
0.23060000000000003
0.23160000000000008
0.2141333333333334
0.3893333333333333
0.22426666666666667
0.33226666666666665
0.4474
0.6479999999999998
0.6714666666666668
0.7546
0.5657333333333333
1.3458666666666668
0.9525333333333329
0.7922666666666668
0.8692000000000001
0.583
0.2459999999999999
0.074
0.1844
0.23346666666666666
0.074
0.074
0.11013333333333333
