0.046000000000000006
0.04933333333333334
0.05600000000000002
0.17919999999999997
0.26013333333333327
0.20239999999999994
0.05600000000000002
0.05600000000000002
0.15039999999999995
0.2264
0.13813333333333333
0.05600000000000002
0.17399999999999996
0.20279999999999998
0.2113333333333333
0.2389999999999999
0.09180000000000002
0.25613333333333327
0.1792
0.05600000000000002
0.16853333333333337
0.3412666666666667
0.06820000000000002
0.05600000000000002
0.21
0.1781333333333333
0.30979999999999996
0.1414
0.05600000000000002
0.05600000000000002
0.23933333333333337
0.3731333333333332
0.17086666666666667
0.05600000000000002
0.05600000000000002
0.19646666666666668
0.41793333333333327
0.16759999999999994
0.05400000000000002
0.054933333333333355
0.3375333333333332
0.3624666666666669
0.12113333333333336
0.089
0.10359999999999997
0.24553333333333338
0.4762666666666667
0.153
0.06386666666666668
0.17399999999999996
0.13273333333333331
0.36219999999999986
0.21253333333333327
0.06200000000000003
0.11613333333333332
0.7688
0.4820666666666666
1.6298000000000001
2.4415333333333336
0.81
1.8736000000000002
0.16460000000000008
0.12800000000000006
0.17520000000000008
0.37879999999999997
0.5179333333333334
0.10600000000000005
0.05600000000000002
0.26573333333333327
0.19320000000000004
1.3988000000000003
3.0202
1.8962666666666668
2.2016666666666667
2.0078666666666667
0.7652666666666667
0.9221333333333335
0.7017333333333333
1.1208666666666667
0.6592666666666667
2.4523333333333333
2.4724
1.6651333333333336
1.6074666666666668
1.3729333333333333
0.8602
1.0537999999999998
0.9297333333333333
0.6991333333333335
2.555
2.698733333333334
2.6166
2.4670666666666676
0.11893333333333334
0.13813333333333333
0.17586666666666667
