0.063
0.063
0.063
0.063
0.063
0.063
0.063
0.063
0.063
0.063
3.277
3.277
3.277
3.277
3.277
3.297
3.637
3.637
3.637
3.637
3.637
3.637
3.637
3.637
3.647
3.647
3.547
3.547
3.527
3.527
0.075
0.075
0.075
0.075
0.075
0.075
0.075
0.075
0.075
0.075
0.075
0.075
0.075
0.075
0.075
0.075
0.075
0.075
0.075
0.075
0.075
0.075
0.075
0.075
0.075
0.075
0.075
0.075
0.075
0.075
0.075
0.075
0.075
0.075
0.075
0.075
0.075
0.075
0.075
0.075
0.075
0.075
0.075
0.075
0.075
0.075
0.075
0.075
0.075
0.075
0.075
0.075
0.075
0.075
0.075
0.075
0.075
0.075
0.075
0.075
0.075
0.075
0.075
0.075
0.075
0.075
0.075
0.075
0.075
0.075
0.075
0.075
0.075
0.075
0.075
0.075
0.075
0.266
0.266
0.266
0.266
0.266
0.266
0.46
0.46
0.46
0.46
0.46
0.46
0.46
0.46
0.46
0.46
0.46
0.46
0.46
0.46
0.266
0.266
0.075
0.075
0.075
0.075
0.075
0.075
0.075
0.075
0.075
0.075
0.075
0.075
0.075
0.075
0.075
0.075
0.075
0.075
0.075
0.075
0.075
0.075
0.075
0.075
0.075
0.075
0.075
0.075
0.075
0.075
0.075
0.075
0.075
0.075
0.075
0.075
0.075
0.075
0.075
0.075
0.075
0.075
0.075
0.075
0.075
0.075
0.266
0.266
0.266
0.266
0.266
0.266
0.266
0.266
0.266
0.266
0.266
0.266
0.266
0.266
0.266
0.266
0.266
0.266
0.266
0.266
0.266
0.266
0.075
0.075
0.075
0.075
0.075
0.075
0.075
0.075
0.075
0.075
0.075
0.075
0.269
0.269
0.269
0.269
0.269
0.269
0.269
0.269
0.269
0.269
0.269
0.269
0.269
0.269
0.075
0.075
0.075
0.075
0.075
0.075
0.075
0.075
0.075
0.075
0.075
0.075
0.075
0.075
0.075
0.075
0.075
0.075
0.075
0.075
0.075
0.075
0.075
0.075
0.075
0.075
0.075
0.075
0.075
0.075
0.075
0.075
0.075
0.075
0.075
0.075
0.075
0.075
0.075
0.075
0.075
0.075
0.075
0.075
0.075
0.266
0.266
0.266
0.266
0.266
0.266
0.266
0.266
0.266
0.266
0.266
0.266
0.46
0.46
0.46
0.46
0.46
0.46
0.46
0.46
0.46
0.46
0.269
0.269
0.269
0.269
0.075
0.075
0.075
0.075
0.075
0.075
0.075
0.075
0.075
0.075
0.075
0.075
0.075
0.075
0.075
0.075
0.075
0.075
0.075
0.075
0.075
0.075
0.075
0.075
0.075
0.075
0.075
0.075
0.075
0.075
0.075
0.075
0.075
0.075
0.075
0.075
0.075
0.075
0.075
0.075
0.075
0.075
0.075
0.075
0.075
0.075
0.075
0.075
0.075
0.075
0.075
0.075
0.075
0.075
0.075
0.075
0.075
0.075
0.075
0.269
0.269
0.269
0.269
0.269
0.269
0.269
0.269
0.269
0.269
0.269
0.269
0.269
0.269
0.266
0.266
0.266
0.266
0.266
0.266
0.266
0.266
0.266
0.266
0.266
0.266
0.266
0.266
0.266
0.266
0.266
0.266
0.266
0.266
0.266
0.266
0.075
0.075
0.075
0.075
0.075
0.075
0.075
0.075
0.075
0.075
0.075
0.075
0.075
0.075
0.075
0.075
0.075
0.075
0.075
0.075
0.075
0.075
0.075
0.075
0.075
0.075
0.075
0.075
0.075
0.075
0.075
0.075
0.075
0.075
0.075
0.075
0.269
0.269
0.269
0.269
0.269
0.269
0.269
0.269
0.269
0.269
0.269
0.269
0.269
0.269
0.075
0.075
0.075
0.075
0.075
0.075
0.075
0.075
0.266
0.266
0.266
0.404
0.404
0.404
0.459
0.459
0.459
0.439
0.439
0.439
0.439
0.439
0.439
1.173
1.173
1.173
0.439
0.439
0.439
0.499
0.225
0.225
0.225
0.225
0.225
0.225
0.225
0.225
0.225
2.128
2.128
2.023
0.18
0.18
0.18
0.18
0.22
0.22
0.22
0.32
0.32
0.32
0.32
0.345
0.345
0.345
0.345
0.345
0.345
0.345
0.345
0.345
0.285
0.285
0.285
0.285
0.305
0.325
0.305
0.505
0.465
0.659
0.619
0.619
0.619
0.539
0.499
0.519
0.519
0.519
0.519
0.519
0.519
0.519
0.559
0.345
0.345
0.345
0.345
0.395
0.395
0.407
0.467
0.608
0.548
0.548
0.548
0.548
0.608
0.608
0.631
0.631
0.619
0.619
0.619
0.619
0.584
0.584
0.624
0.684
0.564
0.857
0.857
0.857
0.797
0.273
0.273
0.273
0.273
0.273
0.273
0.273
0.273
0.285
0.285
0.285
0.425
0.485
0.485
0.425
0.425
0.425
0.46
0.325
0.325
0.325
0.385
0.325
0.325
0.325
0.325
0.325
0.519
0.507
0.507
0.507
0.507
0.507
0.467
0.467
0.467
0.467
0.467
0.567
0.567
0.567
0.373
0.373
0.433
0.433
0.433
0.433
0.543
0.403
0.403
0.415
0.606
0.606
0.606
0.606
0.606
0.606
0.606
0.606
0.546
0.546
0.546
0.546
0.577
0.577
0.577
0.577
0.577
0.577
0.577
0.577
0.577
0.577
0.386
0.386
0.386
0.386
0.386
0.386
0.386
0.386
0.386
0.386
0.386
0.386
0.386
0.446
0.446
0.463
0.463
0.463
0.463
0.463
0.423
0.423
0.423
0.423
0.423
0.423
0.423
0.423
0.443
0.443
0.443
0.443
0.443
0.443
0.443
0.443
0.443
0.431
0.431
0.431
0.431
0.631
0.631
0.825
0.825
0.825
1.016
1.016
1.016
0.956
0.956
0.956
0.956
0.956
0.956
0.956
0.956
0.762
0.762
0.762
0.762
0.762
0.742
0.711
0.711
0.711
0.731
0.731
0.54
0.54
0.54
0.42
0.42
0.42
0.42
0.42
0.42
0.42
0.42
0.42
0.42
0.42
0.42
0.42
0.42
0.42
0.42
0.42
0.403
0.243
0.243
0.243
0.338
0.338
0.278
0.278
0.278
0.278
0.398
0.398
0.398
0.415
0.415
0.415
0.415
0.415
0.51
0.51
0.51
0.45
0.45
0.45
0.45
0.45
0.45
0.45
0.45
0.704
0.704
0.704
0.704
0.704
0.704
0.704
0.684
0.684
0.649
0.649
0.649
0.649
0.649
0.455
0.455
0.455
0.395
0.395
0.395
0.395
0.395
0.395
0.395
0.395
0.395
0.395
0.32
0.32
0.36
0.42
0.42
0.42
0.611
0.771
0.771
0.771
0.771
0.771
0.831
0.791
0.731
0.731
0.731
0.731
0.671
0.671
0.671
0.671
0.671
0.671
0.671
0.671
0.671
0.671
0.48
0.38
0.363
0.363
0.363
0.363
0.363
0.243
0.243
0.243
0.243
0.243
0.243
0.243
0.243
2.146
2.246
2.246
0.343
0.343
0.343
0.343
0.343
0.363
0.363
0.363
0.363
0.363
0.363
0.463
0.363
0.363
0.363
0.363
0.363
0.363
0.363
0.363
0.403
0.383
0.383
0.383
0.577
0.577
0.577
0.577
0.768
0.668
0.703
0.715
0.715
0.715
0.835
0.82
0.82
0.84
0.646
0.681
0.673
0.673
0.673
0.733
0.733
0.673
0.613
0.553
0.553
0.553
0.422
0.422
0.462
0.462
0.482
0.482
0.482
0.482
0.482
0.482
0.482
0.482
0.462
0.562
0.642
0.642
0.602
0.482
0.482
0.482
0.482
0.482
0.382
0.382
0.382
0.382
0.382
0.442
0.442
0.382
0.442
0.442
0.442
0.442
0.442
2.345
2.345
2.345
0.442
0.442
0.442
0.442
0.442
0.482
0.915
0.855
0.855
0.855
0.51
0.51
0.51
0.724
0.724
0.915
0.915
0.915
0.975
0.975
1.115
1.115
1.115
1.115
1.055
2.846
2.846
2.652
0.809
0.809
0.809
0.809
0.949
1.049
0.989
1.009
1.029
0.738
0.695
0.695
0.707
0.567
0.567
0.567
0.575
0.575
0.555
0.555
0.675
0.675
0.675
0.675
0.675
0.79
0.85
0.89
0.89
0.89
0.89
0.89
0.89
0.89
0.89
0.89
0.89
0.99
0.99
0.99
0.77
0.81
0.81
0.93
0.93
0.93
0.93
0.93
0.835
0.835
0.835
0.835
0.835
0.895
0.895
0.895
0.895
0.745
0.745
0.745
0.685
0.757
0.757
0.697
0.697
0.728
0.728
0.922
0.922
0.922
0.922
2.925
2.945
2.945
1.042
1.042
1.042
0.902
0.914
0.914
0.854
0.66
0.66
0.643
0.643
0.643
0.643
0.643
0.713
0.713
0.713
0.745
0.785
0.805
0.805
0.845
0.785
0.785
0.775
0.775
0.775
0.715
0.715
0.715
0.966
0.966
0.966
0.966
1.136
1.136
1.136
1.136
1.136
0.996
0.996
0.996
0.876
4.055
4.115
4.103
4.103
4.043
4.183
4.183
4.223
4.223
5.935
5.995
5.995
3.952
3.952
4.092
4.092
4.092
4.052
4.112
4.112
0.85
0.807
0.772
0.772
0.772
0.712
0.712
0.712
0.712
0.712
0.712
0.712
0.712
0.7
0.712
0.7
0.7
0.795
0.795
0.835
1.029
1.029
1.029
1.029
0.994
0.994
0.994
0.994
1.114
1.114
1.154
4.368
4.368
4.38
6.417
6.357
6.357
6.357
6.357
6.397
6.397
6.397
6.588
6.588
6.588
6.528
6.528
6.628
6.488
6.548
6.548
3.334
3.334
3.294
3.329
3.329
3.329
3.389
3.389
3.389
3.349
1.106
1.106
1.166
0.975
0.975
0.975
0.975
0.915
0.915
0.915
0.915
0.927
0.758
0.778
0.838
0.838
0.718
0.758
0.758
0.758
0.698
0.729
0.789
0.789
0.729
0.749
0.809
0.821
0.833
0.773
0.673
0.867
0.867
0.867
4.041
4.041
4.101
4.101
4.101
4.101
4.101
4.173
4.113
4.233
4.273
4.039
4.039
4.019
4.019
6.062
6.062
6.05
6.05
6.1
2.846
2.863
2.843
3.134
3.134
3.174
3.174
3.134
3.134
3.134
3.122
3.122
3.162
3.062
3.062
3.062
1.079
1.219
1.179
1.069
1.069
1.009
0.989
1.149
1.149
0.958
0.838
0.838
0.838
0.838
0.838
0.838
0.838
0.838
0.838
0.738
0.778
0.878
0.998
0.898
0.727
0.727
0.677
0.677
0.737
0.737
0.847
0.867
0.967
0.867
0.767
0.767
0.767
2.77
2.79
2.85
2.91
2.91
2.87
1.067
1.067
1.067
1.079
1.079
1.079
1.273
1.213
1.273
1.273
1.173
1.173
1.173
1.173
1.173
1.156
1.096
1.096
1.096
1.096
1.079
1.079
0.882
0.879
0.919
0.919
0.919
0.919
0.919
0.919
0.919
0.919
0.919
1.096
1.096
0.939
0.879
0.879
0.879
0.879
0.879
0.939
0.951
0.951
0.951
0.851
1.028
1.028
0.811
0.811
0.811
0.776
0.776
0.967
0.967
0.967
0.967
1.027
0.877
0.994
0.994
1.312
1.312
1.312
1.352
1.387
0.78
0.745
0.745
0.845
0.917
0.917
0.925
0.965
1.045
0.854
0.854
0.854
0.854
0.854
0.854
0.854
0.874
0.874
0.909
0.909
0.869
0.869
0.909
0.849
0.849
0.749
0.943
0.943
0.943
0.943
0.926
0.986
0.926
0.926
0.998
0.998
0.986
0.986
1.046
0.986
0.784
0.724
2.724
2.712
2.677
2.677
2.637
2.749
2.749
2.649
2.649
2.649
2.819
2.819
3.252
3.252
3.252
3.252
2.919
2.919
2.919
2.737
2.928
0.945
1.005
1.005
1.005
0.945
0.825
0.825
0.825
0.825
0.765
0.765
0.8
0.8
0.8
0.8
0.8
0.8
0.338
0.338
0.338
0.338
0.147
0.147
0.147
0.147
0.147
0.147
0.147
0.147
0.147
0.147
0.147
0.147
0.147
0.147
0.147
0.147
0.147
0.147
0.147
0.147
0.147
0.147
0.147
0.147
0.147
0.341
0.341
0.341
0.341
0.341
0.341
0.341
0.341
0.341
0.341
0.341
0.341
0.341
0.341
0.147
0.137
0.137
0.314
0.314
0.137
0.137
