0.072
0.072
0.072
0.072
0.072
0.072
0.072
0.072
0.072
0.072
0.072
0.13319999999999999
0.174
0.174
0.174
0.072
0.13279999999999997
0.22400000000000003
0.22400000000000003
0.22400000000000003
0.22400000000000003
0.072
0.072
0.072
0.072
0.072
0.072
0.072
0.072
0.15360000000000001
0.23480000000000004
0.326
0.3056
0.22400000000000003
0.22400000000000003
0.072
0.072
0.072
0.072
0.072
0.072
0.072
0.072
0.072
0.072
0.072
0.23480000000000004
0.326
0.326
0.2852
0.22400000000000003
0.072
0.072
0.072
0.072
0.072
0.072
0.072
0.072
0.072
0.072
0.072
0.072
0.072
0.30560000000000004
0.326
0.326
0.3056
0.13279999999999997
0.072
0.072
0.072
0.07
0.07
0.31179999999999997
0.3286
0.28200000000000003
5.5616
0.2892
0.422
0.422
0.434
0.282
0.1908
0.23000000000000004
0.242
0.25
0.186
0.19
0.29
0.2778
0.265
0.514
0.598
0.598
0.598
0.6484
3.868
2.285
5.4685999999999995
0.812
1.141
1.533
0.565
0.5609999999999999
0.465
0.5754000000000001
0.558
2.5989999999999998
2.475
2.565
2.6214
0.722
0.722
0.6307999999999999
0.5088
0.9186
1.3692
0.7644
2.2362
0.6154
0.645
0.6554
0.618
0.618
0.5820000000000001
0.7308000000000001
1.0783999999999998
0.812
0.7916000000000001
0.6396000000000001
0.518
0.538
0.63
0.638
0.734
0.7554000000000001
0.745
0.072
0.072
0.072
0.072
0.2548
0.326
0.326
0.326
0.16319999999999998
0.072
0.072
0.072
0.072
0.072
0.072
0.072
0.11279999999999998
0.174
0.174
0.23480000000000004
0.2444
0.22400000000000003
0.507
0.507
0.23499999999999996
0.205
0.205
0.24579999999999996
0.4069999999999999
0.4069999999999999
0.42699999999999994
0.3454
0.325
1.768
0.477
0.42300000000000004
0.342
0.3116
0.19
0.27
0.29
0.29
0.29
0.28600000000000003
0.274
0.27
0.27
0.17
0.26680000000000004
0.5024
0.6839999999999999
0.684
0.6184
0.5498000000000001
0.5334000000000001
0.511
0.6629999999999999
0.5630000000000001
0.543
0.535
0.523
0.39099999999999996
0.335
0.379
0.363
0.3712000000000001
0.374
1.2752
0.9190000000000002
0.602
0.5832
0.596
0.488
0.4424
0.35
0.326
0.4032
0.44299999999999995
0.44299999999999995
0.515
0.633
0.633
0.6754
0.733
2.0768
0.725
0.757
0.6434
0.649
0.653
0.681
0.7226000000000001
0.772
0.8160000000000001
0.8400000000000001
0.8532
0.899
0.875
0.9214
0.925
0.933
0.9949999999999999
0.974
0.8364
0.8540000000000001
0.756
0.716
0.782
0.752
0.942
0.7647999999999999
0.763
0.9940000000000001
1.004
1.028
1.15
1.0256000000000003
0.945
2.2968
0.901
0.865
0.795
0.875
0.8030000000000002
0.8149999999999998
0.776
0.768
0.7840000000000001
1.7100000000000002
1.371
1.002
1.034
1.0299999999999998
0.6088
0.608
0.668
0.652
0.628
0.5680000000000001
0.6428
2.0267999999999997
0.805
0.817
0.765
0.9949999999999999
0.985
0.929
1.0509999999999997
1.0896
1.0939999999999999
