0.07
0.07
0.064
0.06
0.06
0.06
0.12480000000000002
0.168
0.174
0.178
0.07
0.07
0.07
0.1066
0.253
0.253
0.253
0.253
0.1066
0.07
0.07
0.07
0.07
0.07
0.07
0.07
0.07
0.253
0.253
0.31779999999999997
0.361
0.2512
0.178
0.07
0.07
0.07
0.07
0.07
0.07
0.07
0.0916
0.178
0.178
0.2512
0.29619999999999996
0.253
0.253
0.253
0.07
0.07
0.07
0.07
0.07
0.07
0.07
0.178
0.178
0.178
0.24459999999999998
0.253
0.253
0.253
0.2164
0.07
0.07
0.07
0.07
0.07
0.07
0.07
0.1564
0.178
0.178
0.1564
0.07
0.253
0.263
0.29100000000000004
0.27899999999999997
0.16599999999999998
0.184
0.1864
0.22400000000000003
0.148
0.21280000000000002
0.2584
0.178
0.178
0.07
0.07
0.07
0.07
0.07
0.07
0.1432
0.253
0.253
0.2962
0.361
0.178
0.178
0.0916
0.1
0.252
0.22800000000000004
5.3466000000000005
0.30000000000000004
0.35
0.258
0.258
0.6259999999999999
0.691
0.691
0.6477999999999999
0.5098
0.4
0.4
0.4
0.4
0.4
0.07
0.07
0.11320000000000001
0.28779999999999994
0.361
0.361
0.27460000000000007
0.2164
0.07
0.07
0.07
0.07
0.07
0.07
0.07
0.07
0.07
0.24459999999999998
0.361
0.361
0.361
0.2164
0.07
0.07
0.07
0.07
0.07
0.07
0.07
0.07
0.07
0.07
0.1564
0.178
0.178
0.193
0.253
0.253
0.253
0.253
0.1066
0.07
0.07
0.07
0.07
0.07
0.07
0.07
0.07
0.07
0.07
0.07
0.07
0.253
0.253
0.253
0.253
0.14320000000000005
0.07
0.07
0.07
0.07
0.07
0.07
0.1564
0.178
0.178
0.1564
0.07
0.253
0.253
0.253
0.253
0.14320000000000005
0.07
0.07
0.07
0.07
0.07
0.0916
0.178
0.178
0.178
0.11320000000000001
0.21799999999999997
0.25139999999999996
1.8849999999999998
2.917
2.9901999999999997
3.2199999999999998
2.1382
1.4922
0.8375999999999999
2.896
2.927
2.971
3.031
0.548
0.9508000000000001
0.7476
0.604
0.6406
0.7222000000000002
0.679
0.679
0.679
0.5446
0.556
0.6532
0.7436
0.906
0.8219999999999998
0.7164000000000001
0.6472
1.6567999999999998
0.6178000000000001
0.779
0.779
0.8030000000000002
2.5528000000000004
2.844
2.844
2.844
2.8738
1.9937999999999996
0.7242
0.813
0.9149999999999998
0.8550000000000001
0.6336
0.783
0.8434000000000001
1.0542000000000002
0.889
0.7632
0.69
0.69
0.72
0.7776
0.734
0.8012
0.7248000000000001
0.618
1.0555999999999999
0.07
0.07
0.07
0.1066
0.253
0.253
0.253
0.253
0.1066
0.07
0.07
0.07
0.07
0.07
0.07
0.07
0.11320000000000001
0.178
0.178
0.178
0.1282
0.253
0.253
0.253
