0.067
0.067
0.067
0.067
0.067
0.067
0.067
0.067
0.067
0.067
0.067
0.067
0.067
0.057
0.057
0.057
0.057
0.057
0.057
0.057
0.057
0.057
0.057
0.057
0.057
0.057
0.057
0.057
0.057
0.057
0.057
0.057
0.057
0.057
0.057
0.057
0.057
0.057
0.057
0.057
0.057
0.057
0.057
0.067
0.067
0.067
0.067
0.067
0.067
0.067
0.067
0.067
0.067
0.067
0.067
0.067
0.067
0.067
0.067
0.067
0.067
0.067
0.067
0.067
0.266
0.266
0.266
0.266
0.266
0.266
0.266
0.266
0.266
0.266
0.266
0.266
0.266
0.266
0.266
0.266
0.266
0.266
0.266
0.266
0.266
0.266
0.067
0.067
0.067
0.067
0.067
0.067
0.067
0.067
0.067
0.067
0.067
0.067
0.067
0.067
0.067
0.067
0.067
0.067
0.067
0.067
0.067
0.067
0.067
0.067
0.067
0.067
0.067
0.067
0.067
0.067
0.067
0.067
0.067
0.067
0.067
0.067
0.067
0.067
0.067
0.067
0.067
0.067
0.067
0.067
0.067
0.067
0.067
0.067
0.067
0.067
0.067
0.067
0.067
0.067
0.067
0.266
0.266
0.266
0.266
0.266
0.266
0.266
0.266
0.266
0.266
0.266
0.266
0.266
0.266
0.266
0.266
0.266
0.266
0.266
0.266
0.266
0.266
0.067
0.067
0.067
0.067
0.067
0.067
0.067
0.067
0.067
0.067
0.067
0.067
0.067
0.067
0.067
0.067
0.067
0.067
0.067
0.067
0.067
0.067
0.067
0.067
0.067
0.067
0.067
0.067
0.067
0.067
0.067
0.067
0.067
0.067
0.067
0.067
0.067
0.067
0.067
0.067
0.067
0.067
0.067
0.067
0.067
0.067
0.067
0.067
0.067
0.067
0.067
0.067
0.067
0.067
0.067
0.067
0.067
0.067
0.067
0.067
0.067
0.067
0.067
0.067
0.067
0.067
0.067
0.067
0.067
0.067
0.067
0.067
0.067
0.067
0.067
0.067
0.067
0.067
0.067
0.067
0.067
0.067
0.067
0.067
0.067
0.067
0.067
0.067
0.067
0.067
0.067
0.067
0.067
0.067
0.067
0.067
0.067
0.067
0.067
0.067
0.067
0.067
0.067
0.067
0.067
0.067
0.067
0.067
0.067
0.067
0.067
0.067
0.067
0.067
0.067
0.067
0.067
0.067
0.067
0.067
0.067
0.067
0.067
0.067
0.266
0.266
0.266
0.266
0.266
0.266
0.266
0.266
0.266
0.266
0.266
0.266
0.266
0.266
0.266
0.266
0.266
0.266
0.266
0.266
0.266
0.266
0.067
0.067
0.067
0.067
0.067
0.067
0.067
0.067
0.067
0.067
0.067
0.067
0.067
0.067
0.067
0.067
0.067
0.067
0.067
0.067
0.067
0.067
0.067
0.067
0.067
0.067
0.067
0.067
0.067
0.067
0.067
0.067
0.067
0.067
0.067
0.067
0.067
0.067
0.067
0.067
0.067
0.067
0.067
0.067
0.067
0.067
0.067
0.067
0.067
0.266
0.266
0.266
0.266
0.266
0.266
0.266
0.266
0.266
0.266
0.266
0.266
0.266
0.266
0.266
0.266
0.266
0.266
0.266
0.266
0.266
0.266
0.067
0.067
0.067
0.067
0.067
0.067
0.067
0.067
0.067
0.067
0.067
0.067
0.067
0.067
0.067
0.067
0.067
0.067
0.067
0.067
1.795
1.786
1.798
0.077
0.077
0.077
0.065
0.065
0.065
0.065
0.065
0.065
0.077
0.137
0.197
0.185
0.313
0.213
0.153
0.153
0.153
0.213
0.213
0.213
0.153
0.153
0.153
0.153
0.167
0.167
0.293
0.368
0.428
0.428
0.488
0.428
0.428
0.528
0.528
0.528
0.528
0.528
0.528
0.528
0.54
0.54
0.739
0.691
0.691
0.751
0.739
0.727
0.727
0.739
0.739
0.739
0.739
0.739
0.739
0.789
0.789
0.761
0.761
0.761
0.761
0.641
0.641
0.641
0.442
0.454
0.379
0.379
0.379
0.379
0.379
0.279
0.279
0.279
0.279
0.279
0.279
0.279
0.279
0.339
0.339
0.339
0.289
0.289
0.284
0.284
0.288
0.288
0.288
0.288
0.288
0.288
0.288
0.288
0.288
0.288
0.288
0.348
0.348
0.288
0.316
0.288
0.288
0.357
0.345
0.345
0.285
0.285
0.285
0.297
0.397
0.472
0.472
0.472
0.46
0.46
0.46
0.46
0.46
0.46
0.385
0.385
0.385
0.385
0.385
0.385
0.385
0.385
0.385
0.385
0.385
0.385
0.385
0.385
0.385
0.285
0.285
0.285
0.276
0.276
0.276
0.276
0.475
0.475
0.475
0.475
0.475
0.475
0.541
0.541
0.541
0.541
0.541
0.541
0.541
0.541
0.613
0.613
0.613
0.6
0.6
0.6
0.6
0.6
2.384
2.384
2.384
2.384
2.384
2.384
2.384
2.384
2.384
2.384
2.384
2.384
2.384
2.384
2.334
2.334
2.334
2.306
2.306
2.306
2.306
0.323
0.323
0.323
0.323
0.323
0.323
0.323
0.323
0.323
0.323
0.323
0.323
0.323
0.323
0.323
0.323
0.323
0.323
0.323
0.323
0.323
0.323
0.323
0.323
0.323
0.323
0.522
0.522
0.522
0.522
0.522
0.522
0.522
0.522
0.522
0.522
0.522
0.522
0.522
0.522
0.522
0.522
0.522
0.522
0.522
0.522
0.522
0.522
0.323
0.323
0.323
0.323
0.323
0.323
0.323
0.323
0.323
0.323
0.323
0.323
0.323
0.323
0.323
0.5
0.5
0.323
0.323
0.323
0.323
0.323
0.323
0.323
0.323
0.323
0.323
0.323
0.5
0.5
0.323
0.323
0.323
0.323
0.323
0.323
0.323
0.323
0.323
0.323
0.323
0.5
0.5
0.323
0.323
0.323
0.323
0.323
0.323
0.522
0.522
0.522
0.522
0.522
0.699
0.699
1.017
1.017
1.017
1.017
1.017
0.45
0.45
0.45
0.45
0.45
0.45
0.45
0.45
0.45
0.45
0.251
0.251
0.251
0.251
1.972
1.972
1.972
0.251
0.251
0.251
0.251
0.251
0.251
0.251
0.251
0.251
0.251
0.251
0.251
0.251
0.251
0.251
0.125
0.125
0.125
0.125
0.125
0.125
0.125
0.125
0.125
0.125
0.125
0.125
0.125
0.065
0.065
0.065
0.065
0.065
0.065
0.065
0.065
0.065
0.065
0.065
0.065
0.065
0.065
0.065
0.065
0.065
0.065
0.065
0.065
0.264
0.264
0.264
0.264
0.264
0.264
0.264
0.264
0.264
0.264
0.264
0.264
0.264
0.264
0.264
0.264
0.264
0.264
0.264
0.264
0.264
0.264
0.065
0.065
0.065
0.065
0.065
0.065
0.065
0.065
0.065
0.065
0.065
0.065
0.065
0.065
0.065
0.065
0.065
0.065
0.065
0.065
0.065
0.065
0.065
0.078
0.078
0.078
0.078
0.078
0.078
0.078
0.078
0.078
0.078
0.078
0.078
0.078
0.078
0.078
0.078
0.078
0.106
0.106
0.106
0.106
0.106
0.067
0.067
0.067
0.067
0.067
0.067
0.067
0.067
0.067
0.067
0.067
0.067
0.067
0.067
0.067
0.067
0.067
0.266
0.266
0.266
0.266
0.266
0.266
0.266
0.266
0.266
0.266
0.266
0.266
0.266
0.266
0.266
0.266
0.266
0.266
0.266
0.266
0.266
0.266
0.067
0.067
0.067
0.067
0.067
0.067
0.067
0.067
0.067
0.067
0.067
0.067
0.067
0.067
0.067
0.067
0.067
0.067
0.067
0.067
0.067
0.067
0.067
0.067
0.067
0.067
0.067
0.067
0.067
0.067
0.067
0.067
0.067
0.067
0.067
0.067
0.067
0.067
0.067
0.067
0.067
0.067
0.067
0.067
0.067
0.067
0.067
0.266
0.266
0.266
0.266
0.266
0.266
0.266
0.266
0.266
0.266
0.266
0.266
0.266
0.266
0.266
0.266
0.266
0.266
0.266
0.266
0.266
0.266
0.067
0.067
0.067
0.067
0.067
0.067
0.067
0.067
0.067
0.067
0.067
0.067
0.067
0.067
0.067
0.067
0.067
0.067
0.067
0.067
0.067
0.067
0.067
0.067
0.067
0.067
0.067
0.067
0.067
0.067
0.067
0.067
0.067
0.067
0.067
0.067
0.067
0.067
0.067
0.067
0.067
0.067
0.106
0.212
0.312
0.312
0.312
0.312
0.312
0.312
0.381
0.381
0.381
0.284
0.474
0.474
0.474
0.474
0.414
0.414
0.414
0.414
0.414
0.414
0.414
0.414
0.414
0.414
0.414
0.414
0.414
0.414
0.414
0.414
0.414
0.414
0.215
0.215
0.215
0.215
0.215
0.215
0.215
0.215
0.206
0.206
0.206
0.206
0.106
0.106
0.118
0.178
0.178
0.165
0.265
0.265
0.265
0.265
0.265
0.265
0.265
0.265
0.265
0.253
0.253
0.303
0.313
0.313
0.313
0.313
0.225
0.225
0.238
0.238
0.238
0.25
0.25
0.25
0.264
0.264
0.264
0.324
0.324
0.437
0.437
0.377
0.377
0.389
0.389
0.389
0.588
0.576
0.576
0.576
0.463
0.463
0.463
0.523
0.523
0.523
0.523
0.463
0.463
0.463
0.463
0.463
0.563
0.463
0.563
0.563
0.563
0.572
0.373
0.373
0.373
0.433
0.433
0.433
0.433
0.333
0.333
0.446
0.446
0.446
0.446
0.446
0.446
0.446
0.446
0.386
0.386
0.386
0.386
0.386
0.386
0.326
0.326
0.326
0.312
0.312
0.372
0.259
0.199
0.259
0.199
0.186
0.186
0.214
0.283
0.336
0.336
0.336
0.336
0.336
0.348
0.348
0.547
0.535
0.535
0.535
0.535
0.535
0.535
0.535
0.535
0.535
0.563
0.563
0.563
0.563
0.535
0.595
0.535
0.535
0.548
0.608
0.654
0.654
0.455
0.515
0.515
0.515
0.575
0.575
0.469
0.469
0.469
0.575
0.462
0.462
0.462
0.462
0.462
0.462
0.462
0.462
0.462
0.562
0.562
0.562
0.562
0.562
0.562
0.562
0.562
0.637
0.562
0.59
0.59
0.562
0.562
0.562
0.562
0.562
0.562
0.59
0.59
0.565
0.49
0.49
0.522
0.522
0.522
0.522
0.575
0.603
0.575
0.575
0.566
0.765
0.765
0.765
0.793
0.853
0.853
0.793
0.793
0.793
0.868
0.868
0.882
0.882
0.882
0.882
0.882
0.882
0.894
0.881
0.881
0.881
0.869
0.67
0.67
0.67
2.391
2.4
2.4
0.691
0.691
0.691
0.691
0.731
0.656
0.656
0.716
0.644
0.644
0.644
0.644
0.644
0.719
0.707
0.707
0.707
0.707
0.707
0.707
0.707
0.707
0.601
0.592
0.698
0.711
0.711
0.771
0.831
0.831
0.831
0.831
0.831
0.843
0.831
0.771
0.771
0.771
0.771
0.711
0.711
0.882
0.882
0.868
0.928
0.928
0.828
0.828
0.655
0.655
0.715
0.715
0.815
0.815
0.815
0.715
0.64
0.64
0.64
0.64
0.64
0.64
0.58
0.381
0.381
0.381
0.381
0.381
0.381
0.381
0.381
0.381
0.381
0.381
0.381
0.381
0.381
0.381
0.381
0.381
0.381
0.545
0.545
0.557
0.557
0.657
0.645
0.645
0.506
0.506
0.494
0.494
0.494
0.466
0.541
0.541
0.541
0.541
0.588
0.588
0.588
0.648
0.648
0.648
0.648
0.648
0.648
0.648
0.648
0.648
0.888
0.888
0.888
0.888
0.888
0.888
0.888
0.888
0.888
0.888
0.9
0.9
0.794
0.794
0.734
0.734
0.734
0.734
2.467
2.467
2.467
0.746
0.547
0.447
0.447
0.447
0.447
0.447
0.447
0.475
0.475
0.475
0.4
0.4
0.4
0.372
0.372
0.372
0.372
0.372
0.422
0.422
0.422
0.422
0.422
0.422
0.422
0.422
0.422
0.312
0.312
0.312
0.312
0.372
0.36
0.36
0.36
0.36
0.42
0.42
0.42
0.351
0.351
0.351
0.351
0.351
0.351
0.351
0.351
0.351
0.351
0.351
0.55
0.509
0.509
0.509
0.509
0.509
0.509
0.509
0.509
0.615
0.615
0.615
0.615
0.615
0.615
0.615
0.615
0.615
0.615
0.615
0.615
0.624
0.425
