0.063
0.063
0.056999999999999995
0.053000000000000005
0.053000000000000005
0.053000000000000005
0.053000000000000005
0.053000000000000005
0.09559999999999999
0.246
0.246
0.246
0.246
0.0996
0.063
0.1926
0.225
0.225
0.225
0.09540000000000001
0.1398
0.191
0.191
0.397
0.269
0.2278
0.063
0.063
0.063
0.063
0.1926
0.225
0.37139999999999995
0.40800000000000003
0.3296
0.374
0.3008
0.2734
0.2946000000000001
0.269
0.14539999999999997
0.063
0.063
0.063
0.0954
0.225
0.29819999999999997
0.40800000000000003
0.3756
0.246
0.246
0.063
0.063
0.063
0.18660000000000002
0.269
0.269
0.1042
0.16019999999999998
0.225
0.225
0.225
0.1278
0.063
0.063
0.063
0.063
0.1142
0.191
0.2734
0.58
0.47759999999999997
0.33180000000000004
0.253
0.14320000000000005
0.1588
0.292
0.36239999999999994
0.4808
0.25120000000000003
0.21680000000000002
0.3022
0.307
0.3894
0.5361999999999999
0.736
1.9568
0.527
0.539
0.5416
0.5384
0.5576
0.524
0.518
0.38599999999999995
0.3056
0.3874
0.433
2.218
2.2426000000000004
2.2321999999999997
2.4714
0.8538
0.9593999999999999
0.861
0.7192000000000001
0.5294
0.2662
0.063
0.063
0.063
0.063
0.063
0.063
0.063
0.1654
0.191
0.4702
0.5544
0.41080000000000005
0.246
0.246
0.225
0.225
0.225
0.225
0.063
0.063
0.063
0.063
0.063
0.063
0.269
0.269
0.2278
0.1398
0.191
0.191
0.191
0.20939999999999998
0.246
0.246
0.31079999999999997
0.33480000000000004
0.225
0.225
1.3397999999999999
2.2289999999999996
2.321
1.5546000000000002
0.199
0.1038
0.08
0.08
0.1728
0.34319999999999995
0.40800000000000003
0.40800000000000003
0.3714
0.1278
0.1654
0.191
0.2734
0.37140000000000006
0.269
0.14539999999999997
0.063
0.063
0.063
0.063
0.16019999999999998
0.225
0.225
0.225
0.16440000000000002
0.246
0.246
0.246
0.246
0.0996
0.269
0.269
0.2278
0.063
0.063
0.063
0.1654
0.2882
0.353
0.3274
0.225
0.1278
0.08
0.096
0.2016
0.3028
0.53
0.49399999999999994
0.4356
0.30999999999999994
0.426
0.49400000000000005
0.5122
0.786
0.586
0.6352
0.697
0.6118
0.371
0.44299999999999995
0.6517999999999999
0.7178000000000001
0.9346
0.7706
0.607
0.48260000000000003
0.3154
0.27240000000000003
0.3604
0.29
0.386
0.4192
0.4032000000000001
0.378
0.402
0.4344
0.9132
0.9794
1.0402
0.8778
0.7085999999999999
0.8228
2.37
2.4874
2.574
0.6100000000000001
0.7176
0.7778
0.8522000000000001
0.7874000000000001
0.8526
0.8742000000000001
0.9258
0.9618
1.045
1.0782
0.9099999999999999
0.8939999999999999
0.924
0.834
1.0484
0.9955999999999999
1.0579999999999998
0.9259999999999999
0.9321999999999999
0.8710000000000001
0.9238
0.9561999999999999
0.9874
1.1332
1.1772000000000002
1.052
0.9936
0.8699999999999999
0.7879999999999999
1.2862000000000002
3.3853999999999997
3.3893999999999997
3.5379999999999994
3.5100000000000002
3.5296
3.5504
3.4661999999999997
3.505
3.6642
3.5510000000000006
2.9036
2.229
0.225
0.225
0.09540000000000001
0.063
0.246
0.2972
0.374
0.374
0.26420000000000005
0.0886
