0.05400000000000002
0.057333333333333354
0.06400000000000003
0.06400000000000003
0.06400000000000003
0.06400000000000003
0.06400000000000003
0.06400000000000003
0.06400000000000003
0.06400000000000003
0.2280000000000001
0.14053333333333337
0.06400000000000003
0.06400000000000003
0.06400000000000003
0.1514666666666667
0.21706666666666674
0.06400000000000003
0.06400000000000003
0.06400000000000003
0.19520000000000007
0.17333333333333337
0.06400000000000003
0.06400000000000003
0.06400000000000003
0.11866666666666667
0.2280000000000001
0.08586666666666672
0.06400000000000003
0.06400000000000003
0.19520000000000007
0.17333333333333337
0.093
0.17433333333333334
0.3308666666666666
0.5973333333333332
0.3996666666666667
0.3796666666666668
0.353
0.32699999999999996
0.11866666666666667
0.2280000000000001
0.08586666666666672
0.06400000000000003
0.06400000000000003
0.06400000000000003
0.06400000000000003
0.06400000000000003
0.06400000000000003
0.06400000000000003
0.16240000000000002
0.2061333333333334
0.06400000000000003
0.06400000000000003
0.06400000000000003
0.06400000000000003
0.06400000000000003
0.06400000000000003
0.06400000000000003
0.2061333333333334
0.16240000000000002
0.06400000000000003
0.06400000000000003
0.10733333333333335
0.25633333333333336
0.6404
2.360933333333333
1.3025333333333333
0.6607333333333333
2.9883333333333337
1.1439999999999997
0.7389333333333331
0.9511333333333334
0.21933333333333335
0.12966666666666668
0.25453333333333344
0.2280000000000001
0.14053333333333337
0.112
0.6424
0.382
0.5482666666666666
0.6090666666666666
0.7353333333333332
0.7636666666666667
0.7889999999999999
2.850933333333333
1.7959333333333334
0.6273333333333332
0.20500000000000002
0.3105333333333333
0.3087333333333334
0.06400000000000003
0.06400000000000003
0.06400000000000003
0.06066666666666669
