0.06099999999999997
0.06966666666666664
0.2541999999999999
0.2236666666666667
0.07099999999999998
0.07099999999999998
0.07099999999999998
0.17786666666666665
0.29999999999999993
0.07099999999999998
0.07099999999999998
0.07099999999999998
0.13206666666666667
0.29999999999999993
0.11679999999999996
0.07099999999999998
0.07099999999999998
0.07099999999999998
0.07099999999999998
0.2847333333333333
0.1931333333333334
0.07099999999999998
0.0788
0.16266666666666663
0.40433333333333316
0.5196666666666665
0.4777333333333333
0.36439999999999995
0.292
0.3957333333333334
0.6024666666666667
0.49073333333333324
0.3040000000000001
0.7238
0.3634666666666667
0.28826666666666667
0.21200000000000005
0.34819999999999995
0.4310000000000001
0.07000000000000003
0.07000000000000003
0.07000000000000003
0.07160000000000002
0.2499333333333333
0.24993333333333329
0.082
0.08426666666666667
0.07880000000000001
0.20739999999999997
0.26846666666666663
0.21266666666666662
0.6473999999999999
0.206
0.2948
0.2847333333333333
0.1931333333333334
0.36733333333333323
0.17600000000000013
0.07099999999999998
0.07099999999999998
0.07099999999999998
0.2875333333333333
0.6069999999999999
0.7096666666666668
1.1604666666666672
0.7004666666666667
1.0394666666666668
0.5046000000000002
3.0332000000000003
2.926466666666667
2.0778
0.6259999999999999
1.3044000000000002
2.9183999999999997
0.8639333333333333
1.0418
0.7404000000000003
1.0048000000000001
1.1644666666666665
1.1540666666666666
1.024
0.9440000000000001
1.402866666666667
1.1310000000000002
1.1423333333333332
0.7607999999999999
0.7074666666666667
2.202
3.0692666666666666
1.2086000000000001
0.7364000000000002
0.6527999999999999
0.7800000000000001
1.2261999999999997
0.2847333333333333
0.1931333333333334
