0.066
0.064
0.05600000000000001
0.05600000000000001
0.05600000000000001
0.12080000000000002
0.164
0.166
0.174
0.066
0.1028
0.25
0.25
0.25
0.25
0.1028
0.066
0.066
0.066
0.066
0.1092
0.174
0.174
0.174
0.0876
0.066
0.066
0.066
0.066
0.066
0.25
0.25
0.25
0.25
0.13960000000000003
0.066
0.066
0.066
0.066
0.066
0.066
0.066
0.066
0.066
0.066
0.066
0.066
0.066
0.1028
0.25
0.25
0.25
0.25
0.18919999999999998
0.174
0.174
0.1524
0.066
0.066
0.066
0.066
0.066
0.1396
0.25
0.25
0.31479999999999997
0.358
0.174
0.174
0.066
0.066
0.066
0.066
0.066
0.066
0.066
0.1524
0.174
0.21079999999999996
0.3364
0.25
0.25
0.348
0.2032
0.24499999999999997
0.279
0.3346
1.0582
0.45099999999999996
0.5469999999999999
0.5134000000000001
1.5384
0.288
0.16
0.272
1.9856000000000003
3.172
3.1295999999999995
3.272
3.3804000000000003
2.6660000000000004
0.5488000000000001
0.4744
0.44800000000000006
0.488
0.388
0.41600000000000004
0.413
0.40499999999999997
0.35300000000000004
0.30900000000000005
0.3546
0.9634
0.319
0.2974
0.2846
0.395
0.375
0.295
0.295
0.11100000000000002
0.11100000000000002
0.11100000000000002
0.1326
0.19099999999999998
0.184
0.39460000000000006
0.19219999999999998
0.09
0.1268
0.274
0.274
0.2716
0.262
0.17240000000000003
0.6114
2.241
2.2830000000000004
2.304
2.1382
0.138
0.138
0.138
0.2852
0.322
0.322
0.322
0.2484
0.138
0.138
0.138
0.138
0.23040000000000002
0.246
0.246
0.3168
0.1812
0.1734
0.1734
0.138
0.4182
0.7036
0.25
0.25
0.25920000000000004
0.0856
0.194
0.2868
0.306
0.2412
0.1052
1.2273999999999998
0.09
0.09
0.0924
0.0924
0.09
0.0962
0.121
0.141
0.36500000000000005
0.4202
0.43099999999999994
0.42619999999999997
0.3426000000000001
0.329
0.529
0.611
0.621
0.6152
0.586
0.445
0.4944
0.402
0.342
0.382
0.437
0.45899999999999996
0.45899999999999996
0.519
0.8388
1.4018000000000002
0.6990000000000001
0.611
0.4102
0.26539999999999997
0.147
0.183
0.207
0.29100000000000004
1.5659999999999998
0.4584
0.446
0.466
0.6348
0.9404
1.058
1.058
0.95
0.8884000000000001
0.708
0.7662
0.687
0.692
0.7846000000000001
0.685
0.637
0.5740000000000001
0.588
0.588
0.772
0.8150000000000001
0.897
0.9865999999999998
0.7746000000000001
0.6626000000000001
0.7192000000000001
0.607
0.647
0.647
0.635
0.591
0.9507999999999999
1.3346000000000002
0.567
0.475
0.6242000000000001
0.681
1.9393999999999998
0.836
0.7352
0.49559999999999993
0.4732
0.42919999999999997
0.6046
0.46900000000000003
0.406
0.3654
2.4002
4.4292
0.5800000000000001
0.6644
0.898
0.8779999999999999
0.898
0.9815999999999999
0.7864000000000001
0.626
0.7162
0.8886
0.7091999999999999
0.7135999999999999
0.7398
0.618
0.639
1.8892
0.7869999999999999
0.975
0.9369999999999999
0.8160000000000001
0.844
0.7196
0.7016
0.5999999999999999
0.59
0.59
0.6317999999999999
0.5726
