0.4620666666666666
0.3153333333333333
0.22100000000000006
0.141
0.1546
0.06499999999999997
0.15860000000000002
0.17940000000000003
0.06499999999999997
0.06499999999999997
0.06499999999999997
0.06499999999999997
0.29566666666666674
0.17673333333333333
0.06499999999999997
0.06499999999999997
0.20660000000000003
0.26580000000000004
0.06499999999999997
0.06499999999999997
0.06499999999999997
0.06499999999999997
0.1828666666666667
0.2583333333333334
0.09619999999999997
0.4157333333333334
0.2122666666666667
0.3337333333333333
0.32613333333333333
0.43166666666666664
0.7544
0.24659999999999999
0.46806666666666674
0.2514666666666666
0.13866666666666666
0.29300000000000004
0.43393333333333345
0.2728666666666666
0.2429999999999999
0.5904000000000003
0.30273333333333335
0.3176666666666667
0.3678
0.32620000000000005
1.2499333333333333
1.7533999999999996
0.29366666666666663
0.5216666666666667
0.7095999999999999
0.3217999999999999
0.34979999999999994
0.4831333333333333
0.48133333333333345
0.32499999999999996
0.3036666666666666
0.33333333333333326
0.06499999999999997
0.7750666666666667
0.28260000000000013
0.06499999999999997
0.06499999999999997
0.09620000000000001
0.22100000000000006
0.09326666666666664
1.0661999999999998
0.2769333333333334
0.16900000000000004
0.169
0.11726666666666669
0.14713333333333337
0.06499999999999997
0.06499999999999997
0.117
0.6914666666666667
0.39540000000000003
0.5813333333333334
1.0108
0.9837333333333335
0.9916000000000003
1.1591999999999998
0.7850000000000003
1.0634666666666666
0.9807333333333336
1.0935333333333335
0.9242666666666665
0.7844000000000001
0.7884
0.7800000000000001
0.8659999999999998
0.7973999999999999
0.9088
1.1083333333333336
1.1230666666666667
0.7862666666666668
0.6511333333333332
0.4524
