0.069
0.069
0.069
0.219
0.239
0.239
0.239
0.239
0.239
0.239
0.382
0.382
0.382
0.413
0.413
0.413
0.413
0.413
0.413
0.413
0.413
0.413
0.413
0.513
0.523
0.523
9.344
9.344
9.344
0.423
2.377
2.377
2.377
0.483
0.483
0.483
0.483
0.483
0.483
0.483
0.483
0.483
0.483
0.483
0.483
0.483
0.463
0.463
0.463
0.463
0.273
0.273
0.273
0.273
0.273
0.273
0.273
0.373
0.373
0.373
0.373
0.495
0.668
0.668
0.668
0.668
0.668
0.668
0.668
0.728
0.728
0.788
0.728
0.728
0.74
0.74
0.8
0.72
0.74
0.72
0.66
0.66
0.365
0.425
0.575
0.515
0.484
0.484
0.484
0.484
0.484
0.484
0.484
0.354
0.354
0.354
0.354
0.385
0.385
0.385
0.535
0.535
0.435
0.435
0.435
0.435
0.435
0.485
0.485
0.485
0.485
0.465
0.437
0.437
0.537
0.537
0.537
0.537
0.537
0.537
0.487
0.487
0.587
0.587
0.587
0.687
0.797
0.797
0.797
0.737
0.737
0.757
0.657
0.83
0.96
0.96
0.96
0.96
0.96
0.96
1.02
1.02
1.02
1.02
0.92
0.94
0.94
0.94
0.94
0.94
0.92
0.92
0.92
0.747
0.747
0.747
0.747
0.747
0.747
0.747
0.597
0.697
0.697
0.697
2.651
2.651
2.551
0.597
0.597
0.597
0.586
0.586
0.597
0.597
0.597
0.447
0.467
0.467
0.467
0.467
0.567
0.567
0.567
0.567
0.567
0.567
0.567
0.567
0.547
0.547
0.547
0.547
0.547
0.547
0.547
0.447
0.447
0.447
0.447
0.447
0.447
0.62
0.62
0.62
0.77
0.87
0.87
0.87
0.87
0.77
0.77
0.77
0.77
0.77
0.77
0.758
0.758
0.808
0.808
0.808
0.808
0.735
0.735
0.685
0.685
0.685
0.685
0.785
0.685
0.585
0.585
0.585
0.574
0.574
0.574
0.594
0.594
0.694
0.694
0.694
0.694
0.694
0.694
0.682
0.682
0.682
0.682
0.622
0.622
0.682
0.682
0.682
0.782
0.782
0.782
0.782
0.782
0.782
0.782
0.842
0.72
0.72
0.72
0.72
0.74
0.74
0.74
0.74
2.674
2.674
2.674
0.72
0.72
0.72
0.72
0.72
0.72
0.72
0.72
0.72
0.72
0.72
0.72
0.72
0.62
0.62
0.66
0.66
0.78
0.78
0.74
0.68
0.68
0.68
9.601
9.601
9.601
0.68
0.77
0.62
0.671
0.671
0.671
0.671
0.671
0.671
0.671
0.671
0.711
0.711
0.508
0.508
0.508
0.508
0.528
0.568
0.741
0.741
0.741
0.741
0.741
0.741
2.695
2.695
2.695
0.801
0.801
0.801
0.923
0.823
0.823
0.823
0.823
0.763
0.763
0.763
0.59
0.59
0.59
0.69
0.702
0.762
0.65
0.65
0.65
0.65
0.65
0.71
0.71
0.71
0.65
0.69
0.69
0.69
0.69
0.69
0.69
0.67
0.67
0.67
0.659
0.659
0.659
0.659
0.659
0.659
0.659
0.659
0.659
0.659
0.659
0.719
0.719
0.719
9.64
9.64
9.64
0.779
0.892
0.892
0.242
0.242
0.242
0.242
0.242
0.242
0.242
0.242
0.242
0.242
0.242
0.242
0.242
0.242
0.242
0.242
0.242
0.242
0.069
0.069
0.069
0.069
0.069
0.069
0.069
0.069
0.069
0.069
0.069
0.069
0.189
0.189
0.189
0.309
0.309
0.309
0.309
0.309
0.452
0.452
0.552
0.612
0.592
0.592
0.592
0.592
0.592
0.492
0.492
0.552
0.652
0.592
0.742
0.742
0.592
0.592
0.592
0.612
0.612
0.612
0.612
0.672
0.762
0.812
0.812
0.872
1.053
1.053
1.003
1.003
1.003
1.003
1.003
1.003
1.003
0.903
0.903
1.076
0.976
0.976
0.976
1.076
1.136
1.076
1.087
1.087
1.087
1.087
1.087
1.087
1.087
1.087
1.087
1.087
1.087
1.087
1.127
0.954
0.954
0.954
0.904
0.904
0.904
0.904
0.804
0.804
0.654
0.654
0.654
0.714
0.774
0.774
0.714
0.714
0.714
0.714
0.714
0.714
0.774
0.774
0.774
0.774
0.714
0.814
0.814
0.814
0.814
0.814
0.814
0.814
0.714
0.714
0.614
0.626
0.626
0.626
0.726
0.726
0.726
0.675
0.675
2.69
2.69
2.65
2.639
2.619
2.619
2.619
2.719
2.719
2.679
2.619
2.619
2.619
2.619
2.719
2.719
2.799
2.699
2.699
2.124
2.297
0.314
0.314
0.314
0.314
0.314
0.314
0.314
0.314
0.314
0.314
0.314
0.314
0.314
0.314
0.314
0.314
0.314
0.314
0.314
0.141
0.141
0.141
0.141
0.141
0.141
0.141
0.141
0.141
0.141
0.141
0.141
0.141
0.141
0.141
0.141
0.141
0.141
0.141
0.141
0.141
0.141
0.141
0.141
0.141
0.141
0.141
0.141
0.141
0.141
0.141
0.141
0.141
0.141
0.141
0.141
0.141
0.141
0.141
0.141
0.141
0.141
0.141
0.141
0.318
0.491
0.314
0.314
0.314
0.314
0.314
0.314
0.314
0.314
0.314
0.314
0.314
0.491
0.491
0.314
0.314
0.314
0.314
0.314
0.314
0.141
0.141
0.141
0.141
0.141
0.318
0.318
0.141
0.141
0.141
0.141
0.141
0.141
0.141
0.141
0.141
0.141
0.141
0.318
0.318
0.636
0.636
0.636
0.636
0.636
0.069
0.069
0.069
0.069
0.069
0.069
0.069
0.069
0.069
0.069
0.069
0.069
0.069
0.069
0.069
0.069
0.069
0.069
0.069
0.069
0.069
0.069
0.069
0.069
0.069
0.069
0.069
0.069
0.069
0.069
0.069
0.069
0.069
0.069
0.069
0.069
0.069
0.069
0.069
0.069
0.069
0.069
0.069
0.069
0.069
0.069
0.069
0.069
0.242
0.242
0.242
0.242
0.242
0.242
0.242
0.242
0.242
0.242
0.242
0.242
0.242
0.242
0.242
0.242
0.242
0.242
0.242
0.242
0.069
0.069
0.069
0.069
0.069
0.069
0.069
0.069
0.069
0.069
0.069
0.332
0.332
0.332
0.332
0.332
0.332
0.332
0.332
0.332
0.332
0.332
0.332
0.332
0.332
0.332
0.332
0.332
0.332
0.332
0.332
0.332
0.343
0.343
0.343
0.343
0.343
0.343
0.343
0.343
0.343
0.343
0.343
0.343
0.343
0.343
0.343
0.343
0.343
0.343
0.343
0.343
2.447
2.447
2.447
0.493
0.493
0.493
0.493
0.493
0.493
0.493
0.666
0.666
0.666
0.666
0.666
0.666
0.666
0.666
0.666
0.666
0.666
0.666
0.666
0.666
0.666
0.666
0.666
0.666
0.666
0.666
0.493
0.493
0.493
0.493
0.493
0.493
0.493
0.493
0.493
0.371
0.36
0.36
0.36
0.36
0.36
0.36
2.325
2.325
2.325
0.371
0.371
0.371
0.371
0.371
0.371
0.371
0.371
0.371
0.371
0.371
0.371
0.371
0.371
0.371
0.371
0.371
0.371
0.371
0.431
0.431
0.604
0.604
0.604
0.604
0.604
0.604
0.604
0.604
0.604
0.604
0.604
0.604
0.604
0.604
0.544
0.544
0.544
0.544
0.544
0.544
0.371
0.371
0.371
0.371
0.371
0.371
0.371
0.371
0.371
0.371
0.371
0.371
0.371
0.371
0.371
0.371
0.36
0.36
0.36
0.36
0.36
0.36
0.36
0.36
0.36
0.36
0.36
0.36
0.36
0.376
0.376
0.376
0.376
0.436
0.436
0.436
0.436
0.536
0.436
0.536
0.536
0.536
0.576
0.636
0.576
0.576
0.749
0.666
0.666
0.666
0.766
0.766
0.766
0.766
0.766
0.766
0.766
0.766
0.766
0.726
0.726
0.666
0.666
0.666
0.808
0.808
0.635
0.635
0.777
0.777
0.777
0.777
0.757
0.757
0.697
0.657
0.557
0.607
0.667
0.827
0.827
0.827
0.545
0.605
0.605
0.665
0.665
0.665
0.725
0.785
0.725
0.725
0.725
0.725
0.725
0.725
0.725
0.725
0.725
0.785
0.785
0.885
0.869
0.869
0.869
0.869
0.869
0.869
0.829
0.829
0.891
0.891
0.831
0.831
0.831
0.831
0.831
0.931
0.931
0.931
0.831
0.831
0.831
0.891
0.88
1.053
1.053
1.053
1.053
1.053
1.053
1.073
1.073
1.163
1.073
1.073
1.073
1.042
1.132
1.232
1.032
1.032
1.032
1.032
0.972
0.649
0.629
0.629
0.689
0.649
0.649
0.649
0.649
0.649
0.649
0.649
0.499
0.499
0.499
0.599
0.659
0.659
0.659
0.659
0.639
0.789
0.639
0.639
0.639
0.639
0.639
0.639
0.639
0.679
0.679
0.679
0.679
0.769
0.647
0.647
0.647
0.557
0.569
2.923
2.823
2.763
2.863
2.953
2.863
2.823
2.895
2.935
2.935
2.935
2.935
2.835
3.008
2.996
4.979
2.685
2.685
2.785
2.785
2.785
2.785
2.796
2.796
2.796
2.896
2.896
2.986
2.886
2.886
2.886
2.886
2.917
2.744
2.894
2.894
0.911
0.821
0.821
0.821
0.821
0.761
0.761
0.661
0.661
0.661
0.661
0.861
0.861
0.861
0.861
0.861
0.861
0.661
0.601
0.601
0.451
0.551
0.551
0.551
0.551
0.551
0.611
0.511
0.511
0.571
0.571
0.571
0.611
0.591
0.591
0.591
0.591
0.591
0.711
0.751
0.751
0.651
0.651
0.651
0.611
0.611
0.6
0.6
0.6
0.7
0.64
0.54
0.64
0.64
0.813
0.813
0.913
0.913
0.913
0.813
0.813
0.813
0.813
0.99
1.01
0.833
0.933
0.933
0.913
0.882
0.902
0.902
0.902
0.902
0.709
0.549
0.726
0.726
0.64
0.64
0.58
0.58
0.33
0.33
0.33
0.33
0.38
0.38
0.38
0.617
0.557
0.392
0.392
0.392
0.38
0.42
0.42
0.42
0.416
0.416
2.37
2.37
2.547
0.593
0.911
0.911
0.911
0.911
0.911
2.903
2.843
2.843
2.843
2.903
2.903
3.003
2.903
2.903
3.025
3.025
2.903
2.993
3.136
3.258
3.258
3.258
3.258
3.298
3.448
3.408
3.508
3.528
3.701
3.701
3.611
3.611
3.491
3.531
3.491
3.491
3.491
3.491
3.491
3.551
3.551
3.551
3.429
3.429
3.429
3.469
3.569
3.438
3.265
3.387
3.387
3.387
3.387
3.387
3.387
3.387
3.327
3.427
3.427
3.427
3.427
3.487
3.487
3.487
3.487
0.888
0.766
0.75
0.69
0.69
0.69
0.69
0.69
0.706
0.706
0.706
0.069
0.069
0.069
0.069
0.069
0.069
0.069
0.069
0.069
0.069
0.069
0.069
0.069
0.069
0.069
0.069
0.069
0.242
0.242
0.242
0.242
0.242
0.242
0.242
0.242
0.242
0.242
0.242
0.242
0.242
0.242
0.242
0.242
0.242
0.242
0.242
0.242
0.069
0.069
0.069
0.069
0.069
0.069
0.069
0.069
0.069
0.069
0.069
0.069
0.069
0.069
0.069
0.069
0.069
0.069
0.069
0.069
0.069
0.069
0.069
0.069
0.069
0.069
0.069
0.069
0.069
0.069
0.069
0.069
0.069
0.069
0.069
0.069
0.069
0.069
0.069
0.069
0.069
0.069
0.069
0.242
0.242
0.242
0.242
0.242
0.242
0.242
0.242
0.242
0.242
0.242
0.242
0.242
0.242
0.242
0.242
0.242
0.242
0.242
0.242
0.069
0.069
0.069
0.069
0.069
0.069
0.069
0.069
0.069
0.069
0.069
0.069
0.069
0.069
0.069
0.069
0.069
0.069
0.069
0.069
0.069
0.069
0.069
0.069
0.069
0.069
0.069
0.069
0.069
0.069
0.069
0.069
0.069
0.069
0.069
0.069
0.069
0.069
0.069
0.069
0.069
0.069
0.069
0.069
0.069
0.069
0.069
0.069
0.069
0.069
0.246
0.396
0.376
0.376
0.376
0.376
0.376
0.376
0.376
0.476
0.536
0.536
0.536
0.536
0.476
0.476
0.476
0.476
0.476
0.476
0.069
0.069
0.069
0.069
0.059
0.059
0.059
0.059
0.059
0.059
