0.055
0.055
0.055
0.055
0.055
0.115
0.115
0.135
0.135
0.235
0.295
0.195
0.135
0.135
0.135
0.135
0.135
0.135
0.135
0.135
0.135
0.205
0.145
0.205
0.205
0.205
0.205
0.205
0.205
0.205
0.205
0.205
0.185
0.185
0.185
0.185
0.185
0.185
0.185
0.185
0.185
0.125
0.125
0.125
0.125
0.125
0.185
0.185
0.185
0.185
0.185
0.185
0.185
0.185
0.185
0.205
0.205
0.205
0.205
0.205
0.217
0.217
0.217
0.217
0.217
0.217
0.197
0.197
0.197
0.197
0.197
0.197
0.197
0.197
0.197
0.137
0.137
0.137
0.137
0.137
0.137
0.137
0.137
0.137
0.137
0.137
0.197
0.197
0.197
0.197
0.197
0.197
0.237
0.237
0.237
0.237
0.237
0.237
0.297
0.237
0.237
0.237
0.237
0.237
0.237
0.237
0.257
0.257
0.257
0.257
0.257
0.257
0.257
0.269
0.283
0.243
0.243
0.243
0.243
0.243
0.243
0.223
0.223
0.223
0.417
0.417
0.417
0.417
0.417
0.417
0.477
0.477
0.477
0.465
0.465
0.465
0.465
0.445
0.445
0.445
0.445
0.445
0.445
0.445
0.445
0.385
0.191
0.191
0.191
0.191
0.191
0.191
0.191
0.191
0.191
0.191
0.226
0.226
0.226
0.266
0.266
0.266
0.266
0.266
0.266
0.266
0.266
0.266
0.266
0.266
0.266
0.266
0.266
0.266
2.622
2.622
2.622
2.622
2.682
2.682
0.067
0.067
0.067
0.067
0.067
0.067
0.067
0.067
0.067
0.067
0.067
0.067
0.067
0.067
0.067
0.067
0.067
0.067
0.067
0.067
0.067
0.067
0.067
0.067
0.067
0.261
0.261
0.261
0.261
0.261
0.261
0.261
0.261
0.261
0.261
0.261
0.261
0.261
0.261
0.261
0.261
0.261
0.261
0.261
0.261
0.261
0.261
0.067
0.067
0.067
0.067
0.067
0.067
0.067
0.067
0.067
0.067
0.067
0.067
0.067
0.067
0.067
0.067
0.067
0.067
0.067
0.067
0.067
0.067
0.067
0.067
0.067
0.067
0.067
0.067
0.067
0.067
0.067
0.067
0.067
0.067
0.067
0.067
0.067
0.067
0.067
0.067
0.067
0.067
0.067
0.067
0.067
0.067
0.067
0.067
0.067
0.067
0.067
0.067
0.067
0.067
0.067
0.067
0.067
0.067
0.261
0.261
0.261
0.261
0.261
0.261
0.261
0.261
0.261
0.261
0.261
0.261
0.261
0.261
0.261
0.261
0.261
0.261
0.261
0.261
0.261
0.261
0.067
0.067
0.067
0.067
0.067
0.067
0.067
0.067
0.067
0.067
0.067
0.067
0.067
0.067
0.067
0.067
0.067
0.067
0.067
0.067
0.067
0.067
0.067
0.067
0.067
0.067
0.067
0.067
0.067
0.067
0.067
0.067
0.067
0.067
0.067
0.067
0.067
0.067
0.067
0.067
0.067
0.067
0.067
0.067
0.067
0.067
0.067
0.067
0.067
0.067
0.067
0.067
0.067
0.067
0.067
0.067
0.067
0.067
0.067
0.067
0.067
0.067
0.067
2.53
2.53
2.53
2.59
2.53
2.877
2.877
2.937
2.937
2.53
0.16
0.16
0.16
0.16
0.16
0.16
0.16
0.16
0.16
0.16
0.354
0.354
0.354
0.354
0.354
0.354
0.354
0.354
0.354
0.354
0.354
0.354
0.374
0.374
0.374
0.374
0.374
0.374
0.434
0.434
0.434
0.434
0.24
0.24
0.24
0.24
0.24
0.24
0.24
0.205
0.205
0.205
0.205
0.205
0.205
0.205
0.205
0.205
0.205
0.205
0.205
0.145
0.145
0.145
0.145
0.145
0.145
0.145
0.145
0.145
0.145
0.145
0.145
0.145
0.145
0.145
0.145
0.145
0.125
0.125
0.125
0.125
0.125
0.185
0.185
0.185
0.185
0.185
0.185
0.185
0.185
0.125
0.125
0.185
0.185
0.485
0.485
0.485
0.485
0.485
0.425
0.619
0.619
0.619
0.619
0.619
0.619
0.619
0.619
0.619
0.619
0.619
0.619
0.319
0.319
0.319
0.319
0.319
0.319
0.319
0.319
0.331
0.331
0.137
0.137
0.137
0.137
0.137
0.137
0.437
0.067
0.067
0.067
0.067
0.067
0.067
0.067
0.067
0.067
0.067
0.067
0.067
0.067
0.067
0.067
0.067
0.067
0.067
0.067
0.067
0.067
0.067
0.067
0.067
0.067
0.067
0.067
0.067
0.067
0.067
0.067
0.067
0.067
0.067
0.067
0.067
0.067
0.067
0.067
0.067
0.067
0.067
0.067
0.067
0.067
0.067
0.067
0.067
0.067
0.067
0.067
0.067
0.067
0.067
0.067
0.067
0.067
0.261
0.261
0.261
0.261
0.261
0.261
0.261
0.261
0.261
0.261
0.261
0.261
0.261
0.261
0.261
0.261
0.261
0.261
0.261
0.261
0.261
0.261
0.067
0.067
0.067
0.067
0.067
0.067
0.067
0.067
0.067
0.067
0.067
0.067
0.067
0.067
0.067
0.067
0.067
0.067
0.067
0.067
0.067
0.067
0.067
0.067
0.067
0.067
0.067
0.067
0.067
0.067
0.067
0.067
0.067
0.067
0.067
0.067
0.067
0.067
0.067
0.067
0.067
0.067
0.067
0.067
0.067
0.067
0.067
0.067
0.067
0.067
0.067
0.067
0.067
0.067
0.067
0.067
0.067
0.067
0.067
0.067
0.067
0.067
0.067
0.067
0.067
0.067
0.067
0.067
0.261
0.261
0.261
0.261
0.261
0.261
0.261
0.261
0.261
0.261
0.261
0.261
0.261
0.261
0.261
0.261
0.261
0.261
0.261
0.261
0.261
0.261
0.067
0.067
0.067
0.067
0.067
0.067
0.067
0.067
0.067
0.067
0.067
0.067
0.067
0.067
0.067
0.067
0.067
0.067
0.067
0.067
0.067
0.067
0.067
0.067
0.067
0.067
0.067
0.067
0.067
0.067
0.067
0.067
0.067
0.067
0.067
0.067
0.067
0.067
0.067
0.067
0.067
0.067
0.067
0.067
0.067
0.067
0.067
0.067
0.067
0.067
0.261
0.261
0.261
0.261
0.261
0.261
0.261
0.261
0.261
0.261
0.261
0.261
0.261
0.261
0.261
0.261
0.261
0.261
0.261
0.261
0.261
0.271
0.077
0.077
0.077
0.077
0.077
0.077
0.077
0.077
0.077
0.077
0.077
0.077
0.077
0.077
0.077
0.424
0.424
0.424
0.424
0.077
0.077
0.077
0.077
0.077
0.077
0.077
0.077
0.077
0.077
0.077
0.077
0.077
0.077
0.077
0.077
0.077
0.077
0.077
0.077
1.818
1.818
2.165
0.424
0.424
0.424
0.077
0.077
0.077
0.077
0.077
0.077
0.077
0.077
0.112
0.112
0.112
0.112
0.112
0.112
0.112
0.112
0.112
0.112
0.1
0.1
0.1
0.1
0.1
0.1
0.1
0.294
0.294
0.294
0.294
0.294
0.294
0.294
0.294
0.294
0.294
0.294
0.294
0.294
0.294
0.294
0.294
0.294
0.294
0.294
0.294
0.294
0.294
0.1
0.1
0.1
0.1
0.1
0.1
0.1
0.1
0.1
0.1
0.1
0.1
0.1
0.1
0.1
0.1
0.1
0.1
0.1
0.1
0.1
0.1
0.1
0.1
0.1
0.1
0.1
0.1
0.1
0.1
0.1
0.1
0.1
0.1
0.065
0.065
0.065
0.065
0.065
0.065
0.065
0.065
0.065
0.065
0.065
0.065
0.065
0.067
0.067
0.067
0.067
0.067
0.067
0.067
0.067
0.067
0.067
0.067
0.067
0.067
0.067
0.067
0.067
0.067
0.067
0.067
0.067
0.067
0.067
0.067
0.067
0.067
0.067
0.067
0.067
0.067
0.067
0.067
0.067
0.067
0.067
0.067
0.067
0.067
0.067
0.067
0.067
0.067
0.067
0.067
0.067
0.067
0.067
0.067
0.067
0.067
0.067
0.067
0.067
0.067
0.261
0.261
0.261
0.261
0.261
0.261
0.261
0.261
0.261
0.261
0.261
0.261
0.261
0.261
0.261
0.261
0.261
0.261
0.261
0.261
0.261
0.261
0.067
0.067
0.067
0.067
0.067
0.065
0.065
0.065
0.065
0.065
0.065
0.065
0.065
0.065
0.065
0.065
0.065
0.065
0.065
0.065
0.085
0.065
0.065
0.065
0.065
0.125
0.125
0.125
0.125
0.125
0.125
0.125
0.125
0.125
0.125
0.125
0.125
0.125
0.185
0.185
0.125
0.125
0.125
0.265
0.265
0.265
0.265
0.165
0.165
0.359
0.359
0.359
0.359
0.359
0.359
0.261
0.261
0.261
0.261
0.261
0.261
0.261
0.261
0.261
0.261
0.261
0.261
0.261
0.261
0.261
0.261
0.067
0.067
0.067
0.067
0.067
0.067
0.067
0.067
0.067
0.067
0.067
0.067
0.067
0.067
0.067
0.067
0.067
0.067
0.067
0.067
0.067
0.067
0.067
0.067
0.067
0.067
0.067
0.067
0.067
0.067
0.067
0.067
0.067
0.067
0.067
0.067
0.067
0.067
0.067
0.067
0.067
0.067
0.067
0.067
0.067
0.067
0.067
0.067
0.261
0.261
0.261
0.261
0.261
0.261
0.261
0.261
0.261
0.261
0.261
0.261
0.261
0.261
0.261
0.261
0.261
0.261
0.261
0.261
0.261
0.261
0.067
0.067
0.067
0.067
0.067
0.067
0.067
0.067
0.067
0.067
0.067
0.067
0.067
0.067
0.067
0.067
0.067
0.067
0.067
0.067
0.067
0.067
0.067
0.067
0.067
0.067
0.067
0.067
0.067
0.067
0.067
0.067
0.067
0.067
0.067
0.067
0.067
0.067
0.067
0.067
0.067
0.067
0.067
0.067
0.172
0.172
0.172
0.172
0.172
0.172
0.172
0.172
0.172
0.172
0.172
0.172
0.172
0.172
0.172
0.172
0.192
0.192
0.192
0.192
0.192
0.192
0.252
0.192
0.192
0.192
0.192
0.232
0.387
0.339
0.339
0.339
0.339
0.399
0.399
0.339
0.339
0.399
0.399
0.399
0.399
0.399
0.399
0.399
0.399
0.399
0.459
0.459
0.459
0.653
0.653
0.546
0.546
0.486
0.486
0.486
0.486
0.486
0.486
0.486
0.486
0.486
0.546
0.546
0.526
0.466
0.466
0.466
0.466
0.466
0.466
0.272
0.272
0.272
0.272
0.272
0.272
0.272
0.272
0.272
0.272
0.272
0.272
0.272
0.272
0.272
0.272
0.272
0.272
0.272
0.272
0.272
0.272
0.272
0.272
0.332
0.332
0.272
0.272
2.013
2.013
1.918
0.165
0.165
0.165
0.165
0.165
0.165
0.165
0.165
0.165
0.165
0.165
0.165
0.165
0.165
0.165
0.165
0.165
0.165
0.165
0.165
0.165
0.165
0.225
0.225
0.225
0.225
0.225
0.225
0.225
0.225
0.285
0.225
0.225
0.245
0.332
0.332
0.332
0.344
0.284
0.284
0.284
0.319
0.319
0.319
0.319
0.319
0.319
0.513
0.513
0.513
0.513
0.513
0.513
0.513
0.513
0.513
0.513
0.513
0.513
0.513
0.513
0.513
0.573
0.573
0.513
0.513
0.513
0.513
0.513
0.319
0.319
0.319
0.319
0.339
0.339
0.339
0.399
0.379
0.439
0.439
0.439
0.379
0.379
0.379
0.379
0.319
0.319
0.319
0.319
0.319
0.319
0.319
0.319
0.319
0.319
0.319
0.319
0.379
0.379
0.379
0.379
0.399
0.459
0.459
0.459
0.459
0.399
0.399
0.067
0.067
0.067
0.067
0.067
0.067
0.067
0.067
0.067
0.067
0.067
0.067
0.067
0.067
0.067
0.067
0.067
0.067
0.067
0.067
0.067
0.067
0.261
0.261
0.261
0.261
0.261
0.261
0.261
0.261
0.261
0.261
0.261
0.261
0.261
0.261
0.261
0.261
0.261
0.261
0.261
0.261
0.261
0.261
0.067
0.067
0.067
0.067
0.067
0.067
0.067
0.067
0.067
0.067
0.067
0.067
0.067
0.067
0.067
0.067
0.067
0.067
0.067
0.067
0.067
0.067
0.067
0.067
0.067
0.067
0.067
0.067
0.067
0.067
0.067
0.067
0.067
0.067
0.067
0.067
0.067
0.057
0.057
0.057
0.057
0.057
0.057
0.057
0.057
0.057
