0.062
0.083
0.097
0.16360000000000002
0.189
0.19
0.244
1.8808
2.9519999999999995
2.8695999999999997
2.848
2.9028
2.888
2.912
2.848
1.3406
0.074
0.074
0.074
0.074
0.074
0.074
0.074
0.074
0.074
0.074
0.074
0.074
0.074
0.074
0.074
0.074
0.074
0.074
0.074
0.074
0.11000000000000001
0.164
0.164
0.164
0.092
0.074
0.074
0.074
0.074
0.074
0.074
0.074
0.074
0.074
0.074
0.074
0.074
0.074
0.074
0.092
0.164
0.164
0.164
0.11000000000000001
0.074
0.074
0.074
0.074
0.074
0.074
0.11000000000000001
0.164
0.164
0.164
0.092
0.074
0.074
0.074
0.074
0.074
0.074
0.074
0.074
0.14600000000000002
2.5744
3.1708
3.225
3.222
1.0436
0.45600000000000007
0.335
0.295
0.366
0.44959999999999994
8.0746
3.069
3.1858
3.196
1.1092
0.6454000000000001
0.7061999999999999
0.7454000000000001
0.9945999999999999
1.8990000000000002
1.9404
1.935
1.9398
1.8821999999999999
1.6282
0.5772
0.6540000000000001
0.748
0.7239999999999999
0.661
0.6305999999999999
0.6930000000000001
0.825
0.8032
0.776
0.6704
0.637
0.6346
0.532
0.512
0.512
0.512
0.512
0.53
0.727
0.727
0.727
0.673
0.6159999999999999
0.5993999999999999
0.589
0.589
0.602
0.602
1.6746000000000003
0.637
0.4948
0.45199999999999996
0.44000000000000006
0.44000000000000006
0.44000000000000006
0.476
0.53
0.53
0.517
0.37
0.302
0.302
0.29500000000000004
0.267
0.267
0.262
0.294
0.29039999999999994
0.321
0.395
0.42380000000000007
0.3126
0.2658
0.21600000000000003
0.26
0.24
0.1516
2.3048
2.813
2.813
2.903
0.6906
0.1606
0.1822
0.16460000000000002
0.1512
0.0738
0.6576
2.9
5.243
5.267
4.6814
2.499
2.511
1.1228
0.132
0.1698
0.6992
1.0674000000000001
0.351
0.31500000000000006
0.2832
0.2652
0.238
0.264
0.5199999999999999
0.3934
0.425
0.4984
0.5619999999999999
0.57
0.44200000000000006
2.6684
3.5132
3.2887999999999997
5.329
3.9919999999999995
5.9116
5.1770000000000005
3.56
2.6158
0.43099999999999994
0.383
0.515
0.9256
3.6123999999999996
2.923
3.217
1.4362000000000001
0.9836
0.932
0.8794000000000001
0.9154
1.0048
2.0442
2.1852000000000005
2.221
2.2918
2.221
2.2725999999999997
1.7550000000000001
0.8928
0.8699999999999999
0.8177999999999999
0.7998000000000001
0.843
1.6404
0.7678
0.741
0.729
0.729
0.8119999999999999
0.9064
1.0
1.0173999999999999
1.007
0.901
0.877
0.8824
0.8859999999999999
0.85
1.5224
1.2992
0.8109999999999999
0.599
2.5238
3.017
3.1361999999999997
2.039
1.1420000000000001
1.0464
0.9029999999999999
0.774
0.8882000000000001
0.907
0.8709999999999999
0.835
6.2152
3.0894
3.761
4.1091999999999995
4.384
1.4591999999999998
0.8200000000000001
0.7710000000000001
1.5008
1.984
1.984
2.084
5.7738
3.8444000000000003
1.0171999999999999
0.556
0.426
1.1393999999999997
0.366
0.074
0.074
0.074
0.072
0.064
0.1
