0.12300000000000001
0.15733333333333333
0.2026666666666667
0.22000000000000008
0.24446666666666667
0.37533333333333335
0.4075333333333334
0.33753333333333335
0.2683333333333334
0.07099999999999998
0.07099999999999998
0.07099999999999998
0.07099999999999998
0.07099999999999998
0.07099999999999998
0.07099999999999998
0.07099999999999998
0.07099999999999998
0.07099999999999998
0.07099999999999998
0.07099999999999998
0.07099999999999998
0.07099999999999998
0.07099999999999998
0.07099999999999998
0.07099999999999998
0.07099999999999998
0.07099999999999998
0.07099999999999998
0.07099999999999998
0.07099999999999998
0.07099999999999998
0.07099999999999998
0.07099999999999998
0.07099999999999998
0.07099999999999998
0.07099999999999998
0.07099999999999998
0.07099999999999998
0.07099999999999998
0.07099999999999998
0.07099999999999998
0.07099999999999998
0.07099999999999998
0.2290666666666667
2.289400000000001
0.8678000000000001
0.07099999999999998
0.07099999999999998
0.07099999999999998
0.07099999999999998
0.07099999999999998
0.07099999999999998
0.07099999999999998
0.07099999999999998
0.07099999999999998
0.07099999999999998
0.07099999999999998
0.2352666666666666
0.214
0.2743333333333334
0.2700000000000001
0.2678
0.3393333333333333
0.07099999999999998
0.07099999999999998
0.07099999999999998
0.07099999999999998
0.07099999999999998
0.07099999999999998
0.07099999999999998
0.07099999999999998
0.07099999999999998
0.18566666666666662
0.2963333333333333
0.39500000000000013
0.26299999999999996
0.2678666666666667
0.37666666666666665
0.4707999999999999
0.646
0.6502666666666668
0.6886666666666666
0.6180000000000002
0.592
0.5180000000000002
0.4982666666666666
0.46666666666666673
0.4358
0.5549999999999999
0.4562000000000001
0.26766666666666666
0.07099999999999998
0.07099999999999998
0.07099999999999998
0.07099999999999998
