0.072
0.072
0.072
0.072
0.072
0.072
0.072
0.072
0.072
0.072
0.072
0.072
0.072
0.072
0.072
0.072
0.072
0.072
0.072
0.072
0.072
0.072
0.072
0.072
0.072
0.072
0.072
0.072
0.072
0.072
0.072
0.072
0.072
0.072
0.072
0.072
0.072
0.072
0.072
0.072
0.072
0.072
0.072
0.072
0.072
0.072
0.072
0.072
0.072
0.072
0.072
0.072
0.072
0.072
0.072
0.072
0.072
0.072
0.072
0.072
0.072
0.072
0.072
0.072
0.072
0.072
0.072
0.072
0.072
0.072
0.072
0.072
0.072
0.072
0.072
0.072
0.072
0.072
0.072
0.072
0.072
0.072
0.072
0.072
0.072
0.072
0.072
0.072
0.072
0.072
0.072
0.072
0.072
0.072
0.072
0.072
0.072
0.072
0.072
0.072
0.072
0.072
0.072
0.072
0.072
0.072
0.072
0.072
0.072
0.072
0.072
0.072
0.072
0.072
0.072
0.072
0.072
0.072
0.072
0.072
0.072
0.072
0.072
0.072
0.072
0.072
0.072
0.072
0.072
0.072
0.072
0.072
0.072
0.072
0.072
0.072
0.072
0.072
0.072
0.072
0.072
0.072
0.072
0.072
0.072
0.072
0.072
0.072
0.072
0.072
0.072
0.072
0.072
0.072
0.072
0.072
0.072
0.072
0.072
0.072
0.072
0.072
0.072
0.072
0.072
0.072
0.072
0.072
0.072
0.072
0.072
0.072
0.072
0.072
0.072
0.072
0.072
0.072
0.072
0.072
0.072
0.072
0.072
0.072
0.072
0.072
0.072
0.072
0.072
0.072
0.072
0.072
0.072
0.072
0.072
0.072
0.072
0.072
0.072
0.072
0.072
0.072
0.072
0.072
0.072
0.072
0.072
0.072
0.072
0.072
0.072
0.072
0.072
0.072
0.072
0.072
0.072
0.072
0.072
0.072
0.072
0.072
0.072
0.072
0.072
0.072
0.072
0.072
0.072
0.072
0.072
0.072
0.072
0.072
0.072
0.072
0.072
0.072
0.072
0.072
0.072
0.072
0.072
0.072
0.072
0.072
0.072
0.072
0.072
0.072
0.072
0.072
0.072
0.072
0.072
0.072
0.072
0.072
0.072
0.072
0.072
0.072
0.072
0.072
0.072
0.072
0.072
0.072
0.072
0.072
0.072
0.072
0.072
0.072
0.072
0.072
0.072
0.072
0.072
0.072
0.072
0.072
0.072
0.072
0.072
0.072
0.072
0.072
0.072
0.072
0.07
0.07
0.07
0.17
0.17
0.23
0.17
0.17
0.17
0.17
0.17
0.17
0.17
0.17
0.17
0.17
0.17
0.17
0.17
0.17
0.17
0.23
0.17
0.17
0.17
0.17
0.17
0.17
0.17
0.17
0.17
0.17
0.17
0.17
0.17
0.17
0.17
0.27
0.27
0.27
0.27
0.27
0.27
2.081
2.081
2.081
2.081
2.081
2.081
2.081
2.081
2.081
2.081
2.081
2.081
2.081
2.081
2.081
2.081
2.081
2.081
2.136
2.196
0.385
0.385
0.385
0.385
0.385
0.385
0.385
0.33
0.33
0.43
0.33
0.33
0.33
0.33
0.33
0.33
1.461
1.601
1.661
1.661
1.661
1.661
1.661
1.661
1.661
1.661
1.716
1.716
1.716
1.716
1.716
1.716
1.716
1.716
1.656
1.656
1.656
1.656
1.656
1.656
1.656
1.656
1.596
1.596
1.596
1.596
1.596
1.596
1.596
1.596
1.596
1.596
1.596
1.596
1.596
1.596
1.596
1.596
1.596
1.652
1.652
1.596
1.596
1.596
1.596
1.596
1.596
1.596
1.608
1.608
1.608
1.608
1.608
1.608
1.608
1.648
0.517
0.477
0.477
0.477
0.477
0.477
0.477
0.477
0.477
0.537
0.437
0.537
0.537
0.482
0.482
0.482
0.482
0.482
0.482
0.615
0.615
0.515
0.515
0.515
0.515
0.515
0.515
0.515
0.515
0.57
0.57
0.57
0.515
0.515
0.515
0.515
0.515
0.515
0.515
0.515
0.515
0.515
0.515
0.515
0.515
0.515
0.515
0.515
0.515
0.515
0.515
0.515
0.503
0.503
0.603
0.603
0.603
0.603
0.603
0.603
0.603
0.603
0.603
0.603
0.603
0.703
0.703
0.703
0.703
0.803
0.803
0.803
0.803
0.803
0.858
0.858
0.858
0.803
0.803
0.803
0.803
0.803
0.803
0.803
0.803
0.803
0.803
0.803
0.803
0.803
0.803
0.072
0.072
0.072
0.072
0.072
0.072
0.072
0.072
0.072
0.072
0.072
0.072
0.072
0.072
0.072
0.072
0.072
0.072
0.072
0.072
0.072
0.072
0.072
0.072
0.072
0.072
0.072
0.072
0.072
0.072
0.072
0.072
0.072
0.072
0.072
0.072
0.072
0.072
0.072
0.072
0.072
0.072
0.072
0.072
0.072
0.072
0.072
0.072
0.072
0.072
0.072
0.072
0.072
0.072
0.072
0.072
0.072
0.072
0.072
0.072
0.315
0.282
0.282
0.282
0.282
0.282
0.282
0.282
2.265
2.265
2.265
2.265
2.265
2.265
2.265
2.265
2.265
2.265
2.265
2.265
2.265
2.265
2.265
2.265
4.304
4.304
4.304
2.395
4.206
2.223
2.223
2.223
2.223
2.223
2.223
2.223
2.223
2.223
2.223
2.223
0.144
0.144
0.144
0.144
0.144
0.144
0.144
0.144
0.144
0.144
0.144
0.144
0.144
0.144
0.144
0.144
0.144
0.144
0.144
0.144
0.144
0.144
0.144
0.144
0.144
0.144
0.144
0.144
0.144
0.144
0.144
0.144
0.144
0.144
0.144
0.144
0.144
0.144
0.144
0.144
0.144
0.144
0.144
0.144
0.144
0.144
0.144
0.144
0.144
0.144
0.144
0.144
0.321
0.321
0.144
0.144
0.144
0.144
0.144
0.144
0.144
0.144
0.144
0.144
0.144
0.321
0.321
0.144
0.144
0.144
0.144
0.144
0.144
0.144
0.144
0.144
0.144
0.144
0.321
0.321
0.144
0.144
0.144
0.144
0.144
0.144
0.144
0.144
0.144
0.144
0.144
0.321
0.321
0.639
0.639
0.639
0.639
0.639
0.072
0.072
0.072
0.072
0.072
0.072
0.072
0.072
0.072
0.072
0.072
0.072
0.072
0.072
0.072
0.072
0.072
0.072
0.072
0.072
0.072
0.072
0.072
0.072
0.072
0.072
0.072
0.072
0.072
0.072
0.072
0.072
0.072
0.072
0.072
0.072
0.072
0.072
0.072
0.072
0.072
0.072
0.072
0.072
0.072
0.072
0.072
0.072
0.072
0.072
0.072
0.072
0.072
0.072
0.072
0.072
0.072
0.072
0.072
0.072
0.072
0.072
0.072
0.072
0.072
0.072
0.072
0.072
0.072
0.072
0.072
0.072
0.072
0.072
0.072
0.072
0.072
0.072
0.072
0.072
0.072
0.072
0.072
0.072
0.072
0.072
0.072
0.072
0.072
0.072
0.072
0.072
0.072
0.072
0.072
0.072
0.072
0.072
0.072
0.072
0.072
0.072
0.072
0.072
0.072
0.072
0.072
0.072
0.072
0.072
0.072
0.072
0.072
0.072
0.072
0.072
0.072
0.072
0.072
0.072
0.072
0.072
0.072
0.072
0.072
0.072
0.072
0.072
0.072
0.072
0.072
0.072
0.072
0.072
0.072
0.072
0.072
0.072
0.072
0.072
0.072
0.072
0.072
0.072
0.072
0.072
0.072
0.072
0.072
0.072
0.072
0.072
0.072
0.072
0.072
0.072
0.072
0.072
0.072
0.072
0.072
0.072
0.072
0.072
0.072
0.072
0.072
0.072
0.072
0.072
0.072
0.072
0.072
0.072
0.072
0.072
0.072
0.072
0.072
0.072
0.072
0.072
0.072
0.072
0.072
0.072
0.072
0.072
0.072
0.072
0.072
0.072
0.072
0.072
0.072
0.072
0.072
0.072
0.072
0.072
0.072
0.072
0.072
0.072
0.072
0.072
0.072
0.072
0.072
0.072
0.072
0.072
0.072
0.072
0.072
0.072
0.072
0.072
0.072
0.072
0.072
0.072
0.072
0.072
0.072
0.072
0.072
0.072
0.072
0.072
0.072
0.072
2.151
2.151
3.282
3.282
3.289
3.289
3.289
3.289
1.478
1.478
1.478
1.478
1.478
1.478
1.478
1.478
1.478
1.478
1.478
1.478
1.478
1.538
1.538
1.538
1.538
1.538
1.638
1.638
1.638
1.638
1.693
1.638
1.738
1.738
1.738
1.738
1.638
1.638
1.638
1.638
1.638
1.638
1.638
1.638
1.638
1.638
1.638
1.638
1.638
1.508
1.508
1.508
1.508
1.508
1.508
1.508
1.508
1.508
1.508
1.508
1.508
1.508
2.615
2.615
2.615
2.615
2.615
2.615
2.615
2.615
2.615
2.615
3.747
3.747
3.747
2.615
2.615
2.608
0.37
0.37
0.37
2.409
2.409
2.409
0.37
0.37
0.37
0.37
0.37
0.37
0.37
0.37
0.37
0.37
0.425
0.425
0.425
0.425
0.425
0.425
0.365
0.365
0.31
0.31
0.31
0.31
0.31
0.31
0.31
0.31
0.17
0.17
0.17
0.17
0.17
0.17
0.27
0.27
0.27
0.27
0.27
0.27
0.27
0.37
0.37
0.37
0.37
0.37
0.37
0.27
0.27
2.508
2.508
2.563
2.563
2.563
2.563
2.563
2.563
2.563
2.563
2.563
2.563
2.603
2.936
2.936
2.936
0.698
0.365
0.365
0.365
0.365
0.365
0.31
0.31
0.31
0.31
0.31
0.31
0.31
0.072
0.072
0.072
0.072
0.072
0.072
0.072
0.072
0.072
0.072
0.07
0.07
0.07
1.202
1.202
1.202
0.07
0.07
0.07
0.07
0.07
0.07
0.07
0.193
0.193
0.293
0.293
0.293
0.293
0.293
0.293
0.293
0.07
0.255
2.673
2.673
2.673
1.541
1.67
1.67
1.67
1.67
1.67
1.67
1.71
1.71
1.71
1.71
1.71
1.722
1.722
1.722
1.722
1.722
1.729
1.729
2.821
2.821
2.821
1.789
1.689
1.789
1.689
1.559
0.273
0.273
0.273
0.218
0.218
0.218
0.218
0.218
0.218
0.218
0.218
0.218
0.218
0.218
0.218
0.273
0.273
0.273
0.273
0.273
0.273
0.273
0.273
0.373
0.373
0.373
0.373
0.433
0.433
0.433
0.433
0.433
0.433
0.433
0.433
0.433
0.433
0.433
0.433
0.433
0.433
0.433
0.377
0.377
0.377
0.465
0.465
0.432
0.332
0.332
0.332
0.332
0.332
0.332
0.232
0.244
0.244
0.244
2.283
2.283
2.283
0.244
0.244
0.237
0.237
0.137
0.137
0.137
0.137
0.137
0.137
0.137
0.297
0.297
0.237
0.237
0.237
0.237
0.237
0.297
0.297
0.297
0.33
0.43
0.43
0.43
0.072
0.072
0.072
0.072
0.072
0.072
0.072
0.072
0.072
0.072
0.072
0.072
0.072
0.072
0.072
0.072
0.072
0.072
0.072
0.072
0.072
0.072
0.072
0.072
0.072
0.072
0.072
0.072
0.072
0.072
0.072
0.072
0.072
0.072
0.072
0.072
0.072
0.072
0.072
0.072
0.072
0.072
0.072
0.072
0.072
0.072
0.072
0.072
0.072
0.072
0.072
0.072
0.072
0.072
0.072
0.072
0.072
0.072
0.072
0.072
0.072
0.072
0.072
0.072
0.072
0.072
0.072
0.072
0.072
0.072
0.072
0.072
0.072
0.072
0.072
0.072
0.072
0.072
0.072
0.072
0.072
0.072
0.072
0.072
0.072
0.072
0.072
0.072
0.072
0.072
0.072
0.072
0.072
0.072
0.072
0.072
0.072
0.072
0.072
0.072
0.072
0.072
0.072
0.072
0.072
0.072
0.072
0.072
0.072
0.072
0.072
0.072
0.072
0.072
0.072
0.072
0.072
0.072
0.072
0.072
0.072
0.072
0.072
0.072
0.072
0.072
0.072
0.072
0.072
0.072
0.072
0.072
0.072
0.072
0.072
0.072
0.072
0.072
0.072
0.072
0.072
0.072
0.072
0.072
0.072
0.072
0.072
0.072
0.072
0.072
0.072
0.072
0.072
0.072
0.072
0.072
0.072
0.072
0.072
0.072
0.072
0.072
0.072
0.072
0.072
0.072
0.072
0.072
0.072
0.072
0.072
0.072
0.072
0.072
0.072
0.072
0.072
0.072
0.072
0.072
