0.07
0.07
0.07
0.068
0.06
0.06
0.06
0.06
0.062
0.07
0.07
0.09640000000000001
0.202
0.202
0.202
0.17560000000000003
0.07
0.07
0.2476
0.292
0.44719999999999993
0.48599999999999993
0.3972
0.07
0.17560000000000003
0.265
0.307
0.307
0.20140000000000002
0.07
0.07
0.07
0.07
0.07
0.3196
0.48599999999999993
0.5915999999999999
0.5048
0.48460000000000003
0.307
0.20140000000000002
0.091
0.07
0.07
0.07
0.07
0.07
0.07
0.07
0.07
0.1588
0.292
0.292
0.292
0.4084
0.264
0.264
0.2246
0.307
0.307
0.307
0.14920000000000005
0.07
0.07
0.07
0.07
0.07
0.07
0.07
0.1896
0.369
0.5022
0.5274
0.445
0.42400000000000004
0.3796
0.14920000000000005
0.07
0.07
0.07
0.07
0.07
0.07
0.07
1.8176
3.0316
2.7771999999999997
1.4628
0.945
1.6872
1.1810000000000003
0.9702
0.605
0.361
0.417
0.471
0.32699999999999996
0.32299999999999995
0.34299999999999997
0.357
0.313
0.35300000000000004
0.286
0.22799999999999998
0.178
0.25
0.40040000000000003
0.492
0.5254000000000001
0.4988
0.46799999999999997
0.44000000000000006
0.68
0.5544
0.51
0.47700000000000004
0.233
0.233
0.273
0.273
0.3118
0.46699999999999997
0.689
0.6324
1.6920000000000002
0.732
0.5988
0.44700000000000006
0.3436
0.21800000000000003
0.21800000000000003
0.21800000000000003
0.25599999999999995
0.16399999999999998
0.118
0.118
0.2002
0.4546
0.7502
0.851
0.645
0.9642
2.3346
2.3649999999999998
2.442
2.49
2.49
2.0839999999999996
0.265
0.265
0.265
0.7398
0.9446
0.857
0.597
0.5551999999999999
0.533
0.485
0.409
0.8258000000000001
1.1954
0.5249999999999999
0.505
0.3994
1.0984000000000003
0.7592
0.42800000000000005
0.4668
0.6252
0.6739999999999999
0.6327999999999999
0.749
0.8173999999999999
0.8869999999999999
0.8969999999999999
0.49139999999999995
0.3846
0.38859999999999995
0.40939999999999993
0.4720000000000001
0.4828
0.446
0.45899999999999996
0.563
0.564
0.6416
0.737
0.653
0.5766000000000001
0.518
0.6075999999999999
0.5900000000000001
0.8879999999999999
0.9460000000000001
0.5024
1.6745999999999999
0.549
0.6980000000000001
0.6299999999999999
0.5642
0.9618
1.006
1.006
0.7872
0.8572
0.6519999999999999
0.712
0.667
0.499
1.0528
0.6804
0.784
0.8480000000000001
0.86
0.696
0.675
1.4546
3.353
3.3242
3.169
0.9875999999999999
0.748
0.828
0.819
1.5093999999999999
1.1822
0.9541999999999998
0.9969999999999999
0.9570000000000001
0.9570000000000001
1.1582000000000001
1.196
1.104
0.8720000000000001
0.7676000000000001
0.642
0.672
0.584
0.9766
1.2664
0.4464
0.5164
0.6799999999999999
0.67
0.8792
1.2993999999999999
1.2750000000000001
2.3352
3.255
4.186
2.8264000000000005
2.823
2.4579999999999997
0.852
0.721
0.7609999999999999
0.6049999999999999
0.55
0.7545999999999999
2.0136000000000003
1.042
1.1244
1.0084
0.9350000000000002
0.8998000000000002
0.857
0.6370000000000001
0.716
0.6534
0.5966000000000001
0.657
0.68
0.7508
0.946
0.8949999999999999
0.7164
0.5662
0.5843999999999999
0.696
0.696
0.9831999999999999
1.0266
0.7514
0.8406
0.7792
0.646
0.62
0.6209999999999999
