0.071
0.071
0.071
0.071
0.071
0.071
0.071
0.071
0.071
0.071
0.061
0.061
0.061
0.061
0.061
0.061
0.061
0.061
0.061
0.061
0.061
0.061
0.061
0.061
0.061
0.061
0.061
0.061
0.061
0.061
0.061
0.061
0.061
0.061
0.061
0.061
0.061
0.061
0.061
0.061
0.071
0.071
0.071
0.071
0.071
0.071
0.071
0.071
0.071
0.071
0.071
0.071
0.162
0.162
0.162
0.162
0.162
0.162
0.162
0.162
0.162
0.162
0.162
0.162
0.162
0.162
0.162
0.162
0.162
0.162
0.071
0.071
0.071
0.071
0.258
0.258
0.258
0.258
0.258
0.258
0.258
0.258
0.258
0.258
0.258
0.258
0.258
0.258
0.071
0.071
0.071
0.071
0.071
0.071
0.071
0.071
0.071
0.071
0.071
0.071
0.071
0.071
0.071
0.071
0.071
0.071
0.071
0.071
0.071
0.071
0.071
0.071
0.071
0.071
0.071
0.071
0.071
0.071
0.071
0.071
0.071
0.071
0.071
0.071
0.071
0.071
0.071
0.071
0.071
0.071
0.071
0.071
0.071
0.071
0.071
0.071
0.071
0.071
0.071
0.071
0.071
0.071
0.071
0.071
0.071
0.071
0.071
0.071
0.071
0.071
0.071
0.071
0.071
0.071
0.071
0.258
0.258
0.258
0.258
0.258
0.258
0.258
0.258
0.258
0.258
0.258
0.258
0.258
0.258
0.071
0.071
0.162
0.162
0.162
0.162
0.162
0.162
0.162
0.162
0.162
0.162
0.162
0.162
0.162
0.162
0.162
0.162
0.162
0.162
0.071
0.071
0.071
0.071
0.071
0.071
0.071
0.071
0.071
0.071
0.071
0.071
0.071
0.071
0.071
0.071
0.071
0.071
0.071
0.071
0.071
0.071
0.071
0.071
0.071
0.071
0.071
0.071
0.071
0.071
0.071
0.071
0.071
0.071
0.071
0.071
0.071
0.071
0.071
0.071
0.071
0.071
0.071
0.071
0.071
0.071
0.071
0.071
0.071
0.071
0.258
0.258
0.258
0.258
0.258
0.258
0.258
0.258
0.258
0.258
0.258
0.258
0.258
0.258
0.071
0.071
0.071
0.071
0.071
0.071
0.071
0.071
0.071
0.071
0.071
0.071
0.162
0.162
0.162
0.162
0.162
0.162
0.162
0.162
0.162
0.162
0.162
0.162
0.162
0.162
0.162
0.162
0.162
0.162
0.071
0.071
0.071
0.071
0.071
0.071
0.071
0.071
0.071
0.071
0.071
0.071
0.071
0.071
0.071
0.071
0.071
0.071
0.071
0.071
0.071
0.071
0.071
0.071
0.071
0.071
0.071
0.071
0.258
0.258
0.258
0.258
0.258
0.258
0.258
0.258
0.258
0.258
0.258
0.258
0.258
0.349
0.162
0.162
0.162
0.162
0.162
0.162
0.162
0.162
0.162
0.162
0.162
0.162
0.162
0.162
0.162
0.162
0.162
0.071
0.071
0.071
0.071
0.071
0.071
0.071
0.071
0.071
0.071
0.071
0.071
0.071
0.071
0.071
0.071
0.071
0.071
0.071
0.071
0.071
0.071
0.071
0.071
0.071
0.071
0.071
0.071
0.071
0.071
0.071
0.071
0.071
0.071
0.071
0.071
0.071
0.071
0.071
0.071
0.071
0.071
0.071
0.071
0.071
0.071
0.258
0.258
0.258
0.258
0.258
0.258
0.258
0.258
0.258
0.258
0.258
0.258
0.258
0.258
0.071
0.071
0.071
0.071
0.071
0.071
0.071
0.071
0.071
0.071
0.071
0.071
0.071
0.071
0.071
0.071
0.071
0.071
0.071
0.071
0.071
0.071
0.071
0.071
0.071
0.071
0.071
0.071
0.069
0.069
0.069
0.069
0.125
0.185
0.185
0.14
0.231
0.231
0.231
0.231
0.231
0.231
0.231
0.231
0.271
0.283
0.283
0.283
0.283
0.283
0.283
0.283
0.383
0.383
0.292
0.292
0.292
0.292
0.292
0.292
0.479
0.479
0.479
0.479
1.572
1.572
1.612
1.612
1.612
1.612
1.612
1.612
1.612
1.612
1.425
1.485
1.485
1.485
1.485
1.425
1.425
1.425
1.465
1.465
1.381
1.381
1.381
1.381
1.421
1.421
1.421
1.421
1.421
1.521
1.521
1.51
1.545
1.545
1.505
1.365
1.365
1.365
1.365
1.365
1.365
1.365
1.365
1.365
1.365
1.425
1.425
1.425
1.365
1.365
1.274
1.214
1.519
1.519
1.507
1.507
1.202
1.202
1.202
1.202
0.109
0.109
0.169
0.109
0.149
0.149
0.29
0.29
0.416
0.416
0.416
0.603
0.603
0.703
0.703
0.517
0.573
0.477
0.477
0.477
0.477
0.477
0.533
0.6
0.6
0.373
0.433
0.433
0.433
0.433
0.433
0.533
0.533
0.433
0.433
0.533
0.633
0.633
0.583
1.786
1.826
1.826
1.826
1.826
1.826
1.826
1.826
1.786
1.786
1.786
1.786
1.786
1.786
1.786
1.786
1.797
1.706
1.706
1.706
1.706
1.706
1.706
1.706
1.706
1.706
1.706
1.606
1.606
1.606
0.403
0.403
0.403
0.403
0.403
0.403
0.347
0.347
0.347
0.347
0.247
0.247
0.247
0.247
0.247
0.434
0.434
0.434
0.434
0.434
0.434
0.434
0.394
0.394
0.394
0.394
0.394
0.382
0.382
0.195
0.195
0.195
0.195
0.195
0.195
0.195
0.195
0.195
0.286
0.286
0.286
0.286
0.346
0.346
2.028
2.028
2.017
0.275
0.275
0.275
0.275
0.275
0.275
0.275
0.275
0.275
0.184
0.184
0.184
0.184
0.184
0.184
0.184
0.184
0.184
0.184
0.184
0.184
0.184
0.184
0.184
0.184
0.184
0.184
0.184
0.315
0.315
0.315
0.315
0.315
0.315
0.315
0.315
0.315
0.315
0.315
0.315
0.315
0.441
0.441
0.441
0.441
0.441
0.441
0.441
0.441
0.441
0.441
0.441
0.441
0.441
0.541
0.541
0.541
0.541
0.541
0.728
0.728
0.728
0.728
0.728
0.728
0.728
0.728
0.728
0.728
0.728
0.728
0.728
0.869
0.716
0.716
0.716
0.716
0.716
0.716
0.656
0.656
0.656
0.656
0.656
0.656
0.656
0.656
0.656
0.656
0.656
0.656
0.656
0.656
0.656
0.656
0.656
0.656
0.656
0.656
0.656
0.656
0.656
0.747
0.747
0.747
0.747
0.747
0.747
0.747
0.747
0.747
0.747
0.747
0.807
0.807
0.807
0.807
0.807
0.807
0.807
0.716
0.716
0.716
0.716
0.728
0.768
0.768
0.768
0.768
0.768
0.756
0.716
0.772
0.812
0.812
0.772
0.959
1.004
1.004
1.004
0.944
0.884
0.884
0.884
0.884
0.984
0.85
0.85
0.85
0.85
0.663
0.663
0.663
0.663
0.663
0.663
0.663
0.663
0.663
0.723
0.663
0.663
0.663
0.663
0.663
0.663
0.663
0.623
0.623
0.623
0.623
0.714
0.714
0.714
0.714
0.714
0.714
0.714
0.658
0.658
0.658
0.658
0.658
0.658
0.67
0.544
0.544
0.544
0.503
0.412
0.412
0.412
0.472
0.472
0.472
0.472
0.472
0.472
0.472
0.532
0.472
0.472
0.472
0.472
0.512
0.552
0.452
0.452
0.452
0.452
0.61
0.61
0.61
0.61
0.61
0.751
0.61
0.51
0.51
0.51
0.51
0.51
0.51
0.51
0.323
0.323
0.323
0.323
0.323
0.323
0.323
0.323
0.383
0.383
0.383
0.509
0.509
0.509
0.509
0.383
0.383
0.624
0.684
0.744
0.744
0.744
0.744
0.744
0.684
0.81
0.684
0.684
0.684
0.684
0.684
0.584
0.889
0.932
0.877
0.877
0.572
0.572
0.572
0.572
0.572
0.572
0.572
0.572
0.572
0.572
0.501
0.501
0.513
0.513
0.553
0.553
0.553
0.553
0.553
0.553
0.553
0.644
0.644
0.644
0.644
0.644
0.644
0.644
0.644
0.644
0.543
0.543
0.543
0.543
0.543
0.543
0.503
0.503
0.463
0.372
0.559
0.559
0.559
0.559
0.459
0.459
0.515
0.459
0.459
0.459
0.459
0.459
0.6
0.656
0.509
0.529
0.473
0.473
0.473
0.473
0.453
0.453
0.453
0.453
0.453
0.453
0.509
0.509
0.378
0.378
0.378
0.378
0.378
0.378
0.378
0.378
0.378
0.418
0.418
0.418
0.418
0.418
0.418
0.518
0.418
0.406
0.406
0.406
0.406
0.406
0.406
0.406
0.406
0.406
0.406
0.406
0.406
0.366
0.366
0.366
0.366
0.366
0.366
0.366
0.497
0.509
0.509
0.509
0.368
0.368
0.368
1.552
1.552
1.552
1.552
1.552
1.512
1.512
1.512
1.512
1.512
1.699
1.699
1.699
1.699
1.699
1.699
1.699
1.699
1.608
1.608
1.608
1.749
1.749
1.789
1.602
1.602
1.602
1.562
1.502
1.502
1.513
1.513
1.513
1.513
1.513
1.513
1.553
1.553
1.553
1.553
1.553
1.553
1.553
1.553
1.553
1.412
1.412
1.412
1.412
1.432
1.392
1.392
1.392
1.392
1.392
1.573
1.573
1.613
1.625
1.625
0.58
0.58
0.58
0.58
0.56
0.56
0.56
0.548
0.548
0.548
0.548
0.628
2.37
2.37
2.27
0.468
0.468
0.468
0.468
0.468
0.468
0.468
0.468
0.508
0.568
0.634
0.634
0.634
0.634
0.634
0.623
0.623
0.714
0.658
0.658
0.658
0.658
0.652
0.652
0.652
0.652
0.652
0.712
0.712
0.652
0.652
0.839
0.839
0.839
0.839
0.748
0.748
0.748
0.748
0.803
0.803
0.903
0.848
0.848
0.848
0.661
0.661
0.661
0.701
0.701
0.701
0.701
0.661
0.721
0.721
0.721
0.721
0.721
0.721
0.821
0.921
0.921
0.921
0.821
0.821
0.821
0.761
0.761
0.761
0.761
0.761
0.861
0.861
0.861
0.861
0.861
0.861
0.761
0.761
0.761
0.761
0.761
1.964
1.916
1.971
1.971
1.971
1.971
1.971
1.971
1.971
1.971
1.971
2.011
2.011
1.977
1.989
2.023
2.123
2.179
2.079
2.079
2.17
2.114
2.114
3.856
3.856
3.9
2.158
2.158
2.289
2.289
1.086
1.086
1.086
1.086
1.086
1.186
1.186
1.146
1.055
2.797
2.797
2.797
0.868
0.768
0.768
0.768
0.768
0.768
0.768
0.768
0.768
0.768
0.768
0.768
0.768
0.768
0.928
0.928
0.928
0.928
0.928
0.928
0.988
0.988
0.988
0.847
0.847
0.847
0.887
0.887
0.987
0.987
0.987
0.987
0.975
0.975
0.975
0.975
1.066
1.066
1.066
1.066
1.371
1.371
1.427
1.427
1.122
1.122
1.088
1.088
1.088
1.088
1.033
1.033
1.033
1.033
0.942
0.942
0.942
0.842
0.842
0.842
1.029
0.981
0.981
0.981
1.122
1.142
1.142
1.142
1.142
1.142
1.142
1.202
1.202
1.142
0.955
0.895
0.895
0.895
0.895
0.895
0.895
0.895
0.895
0.839
0.839
0.839
0.839
0.839
0.839
0.85
0.905
0.905
0.905
0.996
0.664
0.664
0.664
0.664
0.664
0.664
0.664
0.664
0.664
0.664
0.664
0.644
0.644
0.644
0.644
0.644
0.644
0.553
0.553
0.553
0.553
0.553
0.453
0.453
0.553
0.553
0.553
0.694
0.694
0.694
0.694
0.694
0.694
0.694
0.754
0.754
0.754
0.854
0.854
0.728
0.616
0.616
0.616
0.616
0.616
0.561
0.561
0.748
0.748
0.748
1.841
1.841
1.841
1.841
1.841
1.79
1.79
1.69
1.69
1.69
1.69
1.503
1.503
1.503
1.503
1.634
1.634
1.634
1.574
1.574
1.574
1.574
1.534
1.534
1.534
1.534
1.393
1.393
1.393
1.393
1.493
1.493
1.493
1.493
1.493
1.493
1.493
1.493
1.493
1.493
1.493
1.493
1.493
1.493
1.553
1.553
1.553
1.553
1.553
1.553
1.553
1.553
1.553
1.553
0.071
0.071
0.071
0.071
0.071
0.071
0.071
0.071
0.071
0.071
0.071
0.071
0.071
0.071
0.071
0.071
0.071
0.071
0.071
0.071
0.071
0.071
0.071
0.071
0.071
0.258
0.258
0.258
0.258
0.258
