0.061
0.061
0.121
0.121
0.121
0.121
0.121
0.121
0.121
0.121
0.121
0.121
0.151
0.151
0.151
0.151
0.151
0.151
0.151
0.091
0.091
0.091
0.091
0.26
0.26
0.22
0.22
0.22
0.52
0.52
0.52
0.56
0.56
0.56
0.56
0.66
0.66
0.66
0.66
0.36
0.36
0.36
0.37
0.241
0.241
0.39
0.39
0.39
0.39
0.39
0.39
0.39
0.39
0.39
0.39
0.39
0.75
0.65
0.65
0.39
0.39
0.39
0.39
0.39
0.39
0.39
0.35
0.35
0.35
0.35
0.35
0.35
0.35
0.35
0.35
0.35
0.35
0.35
0.35
0.35
0.35
0.35
0.535
0.575
0.575
0.575
0.575
0.615
2.666
2.666
2.666
0.615
0.575
0.575
0.575
0.575
0.575
0.575
0.575
0.575
0.575
0.575
2.626
2.626
2.441
0.39
0.39
0.39
0.39
0.39
0.39
0.39
0.35
0.31
0.35
0.35
0.35
0.35
0.35
0.35
0.35
0.39
0.39
0.39
0.39
0.39
0.39
0.35
0.35
0.35
0.35
0.35
0.35
0.35
0.35
0.35
0.35
0.221
0.221
0.221
0.261
0.261
0.261
0.261
0.301
0.261
0.221
0.221
0.221
0.181
0.181
0.181
0.181
0.181
0.181
0.181
0.181
0.181
0.181
0.181
0.221
0.221
0.221
0.321
0.333
0.333
0.345
0.305
0.305
0.305
0.305
0.305
0.305
0.305
0.49
0.49
0.49
0.49
0.49
0.49
0.49
0.49
0.49
0.49
0.39
0.39
0.43
0.43
0.43
0.43
0.43
0.43
0.43
0.43
0.43
0.43
0.245
0.245
0.245
0.245
0.245
0.245
0.245
0.245
0.245
0.245
0.245
0.245
0.245
0.245
0.245
0.245
0.376
0.376
0.376
0.376
0.376
0.416
0.416
0.416
0.416
0.376
0.376
0.376
0.364
0.364
0.364
0.384
0.384
0.384
0.384
0.384
0.384
0.384
0.384
0.384
0.384
0.384
0.384
0.364
0.364
0.364
0.364
0.364
0.364
0.364
0.364
0.364
0.364
0.364
0.233
0.233
0.233
0.233
0.233
0.233
0.273
0.213
0.213
0.213
0.213
0.213
0.213
0.213
0.213
0.213
0.153
0.153
0.153
0.153
0.153
0.253
0.253
0.253
0.253
0.253
0.253
0.253
0.153
0.153
0.153
0.153
0.153
0.153
0.153
0.113
0.173
0.113
0.113
0.113
0.173
0.173
0.173
0.173
0.173
0.173
0.173
0.173
0.173
0.173
0.173
0.298
0.318
0.318
0.258
0.258
0.258
0.258
0.258
0.258
0.258
0.258
0.258
0.258
0.278
0.278
0.278
0.278
0.278
0.278
0.278
0.278
0.318
0.133
0.093
0.093
0.093
0.093
0.093
0.093
0.093
0.093
0.081
0.081
0.081
0.133
0.133
0.133
0.133
0.133
0.233
0.133
0.133
0.133
0.133
0.133
0.133
0.193
0.193
0.193
0.233
0.233
0.233
0.233
0.273
0.273
0.273
0.273
0.293
0.293
0.063
0.063
0.063
0.063
0.063
0.063
0.063
0.063
0.063
0.063
0.063
0.063
0.063
0.063
0.063
0.248
0.248
0.248
0.248
0.248
0.248
0.248
0.248
0.248
0.248
0.248
0.248
0.248
0.248
0.248
0.258
0.258
0.558
0.558
0.558
0.558
0.558
0.433
0.433
0.433
0.433
0.433
0.433
0.433
0.433
0.433
0.433
0.433
0.493
0.493
0.593
0.593
0.593
0.593
0.593
0.613
0.613
0.513
0.513
0.513
0.453
0.453
0.453
0.453
0.453
0.381
0.381
0.381
0.381
0.381
0.421
0.421
0.381
0.381
0.381
0.361
0.361
0.361
0.361
0.361
0.361
0.361
0.361
0.546
0.546
0.546
0.546
0.546
0.546
0.546
0.546
0.586
0.626
0.586
0.586
0.598
0.598
0.598
0.598
0.598
0.598
0.598
0.598
0.598
0.598
0.413
0.413
0.413
0.413
0.413
0.413
0.473
0.473
0.473
0.433
0.433
0.433
0.433
0.433
0.433
0.433
0.433
0.433
0.473
0.473
0.493
0.493
0.493
0.493
0.493
0.493
0.493
0.193
0.193
0.193
0.193
0.193
0.173
0.173
0.173
0.173
0.173
0.173
0.173
0.133
0.233
0.133
0.133
0.133
0.133
0.133
0.133
0.133
0.133
0.193
0.193
0.193
0.265
0.265
0.337
0.337
0.337
0.277
0.277
0.277
2.36
2.36
2.36
2.36
2.36
2.36
2.36
2.26
2.26
2.26
2.26
2.26
2.26
2.26
2.26
2.26
4.311
4.311
4.251
2.2
2.18
0.197
0.197
0.197
0.197
0.157
0.342
0.342
0.342
0.442
0.442
0.442
0.442
0.382
0.382
0.432
0.432
0.432
0.432
0.432
0.432
0.432
0.432
0.432
0.432
0.432
0.432
0.432
0.247
0.247
0.247
0.247
0.247
0.247
0.235
0.235
0.235
0.235
0.235
0.235
0.235
0.235
0.235
0.235
0.235
0.235
0.235
0.295
0.295
0.295
0.295
0.295
0.295
0.295
0.295
0.295
0.295
0.295
0.247
0.247
0.247
0.247
0.247
0.247
0.424
0.424
0.247
0.247
0.247
0.247
0.247
0.247
0.247
0.247
0.432
0.342
0.342
0.519
0.519
0.352
0.352
0.352
0.352
0.352
0.352
0.352
0.352
0.352
0.352
0.352
0.529
0.529
0.352
0.352
0.352
0.352
0.296
0.296
0.296
0.296
0.296
0.296
0.396
0.573
0.573
0.891
0.891
0.891
0.891
0.891
0.324
0.195
0.195
0.195
0.195
0.195
0.195
0.195
0.183
0.183
0.183
0.083
0.083
0.083
0.083
0.083
0.083
0.083
0.083
0.083
0.083
0.083
0.083
0.083
0.083
0.083
0.083
0.083
2.134
2.134
2.134
0.083
0.083
0.083
0.083
2.026
2.026
2.026
2.026
2.026
2.026
2.026
2.004
2.004
2.004
4.055
4.055
4.055
2.004
2.004
2.004
2.004
2.004
2.004
2.004
0.061
0.061
0.061
0.061
0.061
0.246
0.246
0.246
0.246
0.246
0.246
0.246
0.246
0.246
0.246
0.246
0.246
0.286
0.246
0.306
0.306
0.306
0.246
0.246
0.246
0.246
0.246
0.061
0.061
0.061
0.061
0.061
0.061
0.101
0.061
0.061
0.061
0.061
0.061
0.061
0.192
0.061
0.061
0.061
0.061
0.061
0.061
0.061
0.061
0.061
0.061
0.061
0.061
0.061
0.061
0.061
0.061
0.061
0.061
0.061
0.061
0.061
0.061
0.061
0.061
0.061
0.061
0.061
0.061
0.081
0.121
0.121
0.121
0.161
0.161
0.346
0.346
0.346
0.386
0.446
0.406
0.406
0.346
0.346
0.346
0.346
0.386
0.386
0.386
0.386
0.386
0.686
0.686
0.686
0.686
0.686
0.686
0.501
0.461
0.461
0.461
0.461
0.461
0.461
0.461
0.461
0.461
0.461
0.461
0.421
0.421
0.421
0.421
0.421
0.421
0.421
0.421
0.421
0.421
0.421
0.421
0.421
0.421
0.552
0.552
0.552
2.603
2.603
2.603
0.552
0.552
0.552
0.512
0.512
0.512
0.524
0.524
0.524
0.524
0.524
0.524
0.524
0.524
0.524
0.524
0.524
0.524
0.504
0.504
0.504
0.504
0.504
0.504
0.504
0.504
0.504
0.504
0.504
0.504
0.504
0.504
0.504
0.504
0.504
0.504
0.504
0.504
0.504
0.504
0.504
0.504
0.504
0.133
0.133
0.133
0.433
0.433
0.433
0.433
0.453
0.463
0.463
0.463
0.463
0.463
0.463
0.463
0.443
0.483
0.483
0.483
0.483
0.483
0.183
0.183
0.171
0.131
0.231
0.231
0.231
0.171
0.171
0.191
0.191
0.211
0.211
0.211
0.211
0.211
0.211
0.211
0.211
0.211
0.211
0.211
0.211
0.171
0.171
0.171
0.171
0.111
0.111
2.162
2.162
2.162
0.111
0.111
0.171
0.171
0.24
0.2
0.2
0.2
0.24
0.2
0.2
0.2
0.2
0.2
2.351
2.651
2.651
0.6
0.6
0.6
0.6
0.74
0.511
0.656
0.656
0.656
0.656
0.656
0.646
0.646
0.646
0.646
0.646
0.686
0.686
0.686
0.686
0.726
0.726
0.626
0.626
0.626
0.846
0.846
0.846
0.661
0.661
0.661
0.661
0.661
0.621
0.621
0.661
0.661
0.661
0.661
0.701
0.701
0.701
0.701
0.741
0.741
0.741
0.741
0.741
0.741
0.741
0.701
0.801
0.801
0.801
0.801
0.861
0.861
0.861
0.861
0.861
0.861
0.861
1.783
1.783
1.843
0.79
0.89
0.89
0.79
0.802
0.802
0.802
0.802
0.702
0.742
0.742
0.742
0.742
0.742
0.782
0.782
0.782
0.882
0.882
0.882
0.942
0.942
0.942
0.753
0.938
0.938
0.938
0.978
0.938
0.978
1.038
0.998
0.998
0.998
0.998
0.998
0.998
0.998
0.998
0.998
0.998
1.018
3.069
3.069
3.069
1.018
0.833
0.833
0.833
0.833
0.833
0.733
0.733
0.733
0.743
0.743
0.743
0.743
0.683
2.729
2.729
2.729
2.729
2.729
2.717
2.717
2.717
2.717
2.717
2.717
2.717
2.717
2.757
2.757
2.757
2.888
2.828
2.828
2.828
2.828
2.828
2.828
2.828
2.788
2.788
2.788
0.742
0.742
0.742
0.742
0.742
0.742
0.927
0.927
1.027
1.067
1.027
1.027
0.927
0.927
0.927
0.796
0.796
0.796
0.796
0.796
0.896
0.896
0.796
0.836
0.796
0.796
0.796
0.856
0.671
0.611
0.611
0.611
0.611
0.611
0.611
0.591
0.591
0.591
10.572
10.572
10.572
0.581
0.581
0.581
0.301
0.301
0.301
0.432
0.492
0.532
0.532
0.544
0.544
0.544
0.544
2.535
2.535
2.495
0.444
0.444
0.444
0.484
0.504
0.504
2.455
2.455
2.395
0.344
0.404
0.404
0.404
0.533
0.573
0.573
0.533
0.533
0.533
0.533
0.533
0.589
0.589
0.529
0.589
0.589
0.589
0.589
0.549
0.549
0.609
0.589
0.629
0.629
0.629
0.589
0.489
0.489
0.489
0.489
0.549
0.589
0.589
0.404
0.404
0.404
0.404
0.384
0.384
0.384
0.384
0.444
0.444
0.432
0.432
0.301
0.301
0.301
0.341
0.341
0.341
0.341
0.341
0.401
0.421
0.421
0.421
0.421
0.401
0.401
0.401
0.411
0.423
0.483
0.483
0.443
0.423
0.423
0.423
0.463
0.463
0.463
0.463
0.523
0.523
0.523
0.523
0.614
0.871
0.871
0.831
0.831
0.831
0.831
0.731
0.731
2.714
2.583
2.683
2.754
2.714
2.714
2.774
2.774
2.774
2.774
2.774
2.714
2.714
2.714
2.529
2.529
2.529
2.529
2.529
2.529
2.529
0.586
0.355
0.355
0.355
0.355
0.355
0.355
0.355
0.355
0.355
2.406
2.406
2.446
0.335
0.375
0.363
0.363
0.363
0.363
0.423
0.723
0.723
0.723
0.723
0.723
0.723
0.723
0.713
0.753
0.753
0.753
0.853
0.853
0.853
0.853
0.813
0.813
0.813
0.944
0.844
0.544
0.584
0.584
0.544
0.504
0.504
0.504
0.564
0.564
0.564
0.564
0.564
0.564
0.564
0.564
0.564
0.564
0.564
0.564
0.564
0.564
0.564
0.544
0.721
0.721
0.544
0.504
0.504
0.504
0.504
0.504
0.504
0.135
0.135
0.32
0.32
0.497
0.497
0.32
0.32
0.32
0.32
0.32
0.32
0.32
0.32
0.32
0.32
0.32
0.497
0.497
0.32
0.32
0.32
0.32
0.32
0.135
0.135
0.135
0.135
0.135
0.135
0.312
0.312
0.63
0.63
0.63
0.63
0.63
0.063
0.063
0.063
0.063
0.063
0.063
0.063
0.063
0.063
0.063
0.063
0.063
0.063
0.063
0.063
0.063
0.063
0.063
0.063
0.063
0.063
0.063
0.063
0.063
0.063
0.063
0.063
0.063
0.063
0.063
0.063
0.063
0.063
0.063
0.063
0.063
0.063
0.063
0.063
0.063
0.063
0.063
0.063
0.063
0.063
0.063
0.063
0.063
0.063
0.063
0.063
0.063
0.063
