0.06566666666666666
0.05700000000000002
0.05833333333333335
0.06699999999999998
0.21293333333333334
0.2129333333333334
0.06699999999999998
0.06699999999999998
0.06699999999999998
0.1864
0.2394666666666667
0.06699999999999998
0.06699999999999998
0.06699999999999998
0.06699999999999998
0.06699999999999998
0.06699999999999998
0.06699999999999998
0.06699999999999998
0.23946666666666666
0.18640000000000007
0.06699999999999998
0.06699999999999998
0.09353333333333332
0.266
0.1333333333333333
0.4135333333333333
0.12633333333333335
0.24953333333333333
0.5669333333333333
0.7499333333333331
0.40726666666666667
0.296
0.3100666666666666
0.40733333333333327
0.37833333333333324
0.40980000000000005
0.8208
2.3740000000000006
0.8518000000000003
0.32300000000000006
0.5220000000000001
0.4158666666666669
0.34660000000000013
0.34660000000000013
0.3996666666666667
0.6769999999999997
0.6349999999999998
0.20899999999999996
0.09699999999999998
0.09153333333333331
0.2640000000000001
0.1313333333333333
0.06673333333333331
0.078
0.07999999999999997
0.17313333333333336
0.25273333333333337
0.06699999999999998
0.06699999999999998
0.06699999999999998
0.25273333333333337
0.17313333333333342
0.06699999999999998
0.06699999999999998
0.21913333333333332
0.41913333333333325
0.3344
0.19333333333333336
0.27340000000000003
0.30213333333333325
0.49513333333333326
0.4749333333333333
0.4172
0.2946666666666666
0.4063333333333334
0.5601333333333333
0.5089333333333333
0.5336666666666667
0.5547333333333334
0.6878666666666665
0.8597999999999999
1.0228000000000004
0.6798666666666666
0.7878000000000002
0.8026666666666666
0.5201333333333334
0.4263333333333334
0.5498000000000001
0.724
1.0465333333333335
0.6044666666666667
0.39799999999999996
0.36079999999999995
0.43800000000000006
0.5958666666666669
