0.064
0.054000000000000006
0.05600000000000001
0.05600000000000001
0.05600000000000001
0.05600000000000001
0.05600000000000001
0.066
0.066
0.066
0.066
0.066
0.066
0.066
0.084
0.184
0.184
0.19599999999999998
0.20400000000000001
0.271
0.27299999999999996
0.24100000000000002
0.40379999999999994
0.5406000000000001
1.9036000000000002
0.608
0.664
0.659
0.643
0.643
1.9945999999999997
0.623
0.5790000000000001
0.5640000000000001
0.5720000000000001
0.5509999999999999
0.5529999999999999
0.521
0.528
0.5763999999999999
0.566
0.53
0.506
0.53
0.622
0.558
0.558
0.63
0.63
0.63
0.6596
0.6652
0.6699999999999999
0.6520000000000001
2.0286
0.7042
0.689
0.713
0.689
0.7250000000000001
0.765
0.7110000000000001
0.697
0.6602
0.7699999999999999
0.747
0.6990000000000001
0.623
0.5422
0.5224
0.52
0.536
0.5960000000000001
0.56
0.5548
0.4600000000000001
0.48100000000000004
0.42800000000000005
0.508
1.4384000000000001
0.9802000000000002
0.5278
0.44539999999999996
0.41600000000000004
0.41600000000000004
0.399
0.536
0.6759999999999999
0.7350000000000001
0.7529999999999999
0.763
0.7550000000000001
0.5710000000000001
0.45599999999999996
0.4782
0.638
0.5860000000000001
0.679
0.5860000000000001
0.5446000000000001
0.61
0.5852
2.2896
0.8109999999999999
0.066
0.066
0.349
0.361
0.384
0.384
0.396
0.384
0.5648
0.667
0.253
0.253
0.253
0.253
0.2386
0.23499999999999996
0.066
0.066
0.066
0.066
0.066
0.066
0.066
0.066
0.066
0.066
0.066
0.066
0.066
0.066
0.066
0.066
0.066
0.066
0.066
0.066
0.066
0.066
0.066
0.066
0.066
0.066
0.066
0.066
0.066
0.066
0.066
0.066
0.066
0.066
0.3048
0.331
0.3048
0.2
0.2
0.1728
0.064
0.064
0.064
0.064
0.064
0.1456
0.2
0.2
0.2
0.2
0.066
0.066
0.066
0.066
0.066
0.066
0.066
0.066
0.066
0.066
0.066
0.066
0.066
0.066
0.066
0.066
0.066
0.066
0.066
0.066
0.066
0.066
0.066
0.066
0.066
0.066
0.066
0.066
0.066
0.066
0.066
0.066
0.066
0.066
0.066
0.066
0.066
0.066
0.066
0.066
0.066
0.066
0.066
0.066
0.066
0.066
0.066
0.066
0.2
0.2
0.2
0.2186
0.309
0.333
0.333
0.36900000000000005
0.381
0.351
0.4032
0.5206000000000001
0.45099999999999996
0.45099999999999996
1.4054000000000002
1.0168000000000001
0.538
1.8616
0.49000000000000005
0.517
0.6154
0.613
0.629
0.6338000000000001
0.575
0.551
0.5972
0.7310000000000001
0.635
0.651
0.631
0.631
0.7680000000000001
0.7799999999999999
0.7856
0.772
0.8030000000000002
1.9937999999999998
2.7322
2.684
2.7119999999999997
2.6439999999999997
2.2846
0.766
0.8052000000000001
0.804
0.8734
0.9684000000000001
0.9022
0.915
0.891
0.999
2.3226
0.9109999999999999
0.8870000000000001
2.153
0.679
0.655
0.695
0.6806
0.653
0.657
0.645
0.641
0.6890000000000001
0.737
0.778
0.798
0.8620000000000001
0.7110000000000001
