0.06499999999999997
0.06966666666666664
0.07499999999999998
0.07499999999999998
0.07499999999999998
0.07499999999999998
0.07499999999999998
0.16599999999999998
0.10999999999999996
0.07499999999999998
0.07499999999999998
0.14499999999999996
0.13099999999999995
0.07499999999999998
0.07499999999999998
0.09599999999999999
0.18000000000000002
0.07499999999999998
0.07499999999999998
0.13799999999999998
0.13799999999999996
0.07499999999999998
0.07499999999999998
0.12353333333333334
0.8116666666666666
0.4463333333333333
2.2288
0.6600000000000001
0.4314666666666666
0.4993333333333334
0.4412
0.8899999999999999
0.9726666666666666
0.9733333333333334
1.1136666666666668
0.5879333333333333
0.42293333333333344
2.0027999999999992
0.40599999999999997
0.3076666666666667
0.313
0.334
0.44920000000000004
0.36300000000000004
0.2389999999999999
0.20699999999999996
0.4034666666666666
0.3129999999999999
0.238
0.24866666666666667
0.5083333333333332
0.15200000000000002
0.07499999999999998
0.07499999999999998
0.08199999999999999
0.18000000000000002
0.08899999999999997
0.07499999999999998
0.07499999999999998
0.07366666666666664
0.47700000000000004
1.1692666666666665
2.597466666666667
1.4448666666666665
0.491
0.5607333333333332
0.6206666666666666
0.5728666666666666
0.38266666666666665
0.3183333333333334
0.36979999999999996
0.304
0.3627333333333333
2.540133333333333
0.13099999999999995
0.07499999999999998
0.16533333333333333
0.3566666666666665
0.49693333333333345
0.5844666666666668
0.3724
0.548
0.687
1.0468666666666668
0.5426666666666667
0.5720666666666667
0.7376666666666666
0.33433333333333337
0.07499999999999998
0.07499999999999998
0.07499999999999998
0.07499999999999998
0.07499999999999998
0.07499999999999998
0.07499999999999998
0.07033333333333332
