0.663
0.663
0.663
0.673
0.673
0.673
0.673
0.673
0.778
0.778
0.778
0.778
0.778
0.888
0.888
0.738
0.838
0.838
0.838
0.838
0.838
0.838
0.988
0.988
0.988
0.988
0.883
0.883
0.823
0.823
0.823
0.673
0.673
0.673
0.673
0.519
0.519
0.052
0.052
0.052
0.052
0.052
0.052
0.052
0.052
0.052
0.052
0.052
0.052
0.052
0.052
0.052
0.052
0.052
0.052
0.062
0.062
0.062
0.062
0.062
0.062
0.062
0.062
0.062
0.062
0.062
0.062
0.062
0.062
0.062
0.062
0.062
0.062
0.062
0.062
0.062
0.062
0.062
0.062
0.062
0.062
0.062
0.062
0.062
0.062
0.062
0.062
0.062
0.062
0.062
0.062
0.062
0.062
0.062
0.062
0.062
0.062
0.062
0.062
0.062
0.062
0.062
0.062
0.062
0.062
0.062
0.062
0.062
0.062
0.062
0.062
0.062
0.062
0.062
0.062
0.062
0.062
0.062
0.062
0.062
0.062
0.062
0.062
0.062
0.062
0.062
0.062
0.062
0.062
0.062
0.062
0.062
0.062
0.062
0.062
0.062
0.062
0.062
0.062
0.062
0.062
0.062
0.062
0.062
0.062
0.062
0.062
0.062
0.062
0.062
0.062
0.062
0.062
0.062
0.062
0.062
0.062
0.062
0.062
0.062
0.062
0.062
0.062
0.062
0.062
0.062
0.062
0.062
0.062
0.062
0.062
0.062
0.062
0.062
0.062
0.062
0.062
0.062
0.062
0.062
0.062
0.062
0.062
0.062
0.062
0.062
0.062
0.062
0.062
0.062
0.062
0.062
0.062
0.062
0.062
0.062
0.062
0.062
0.062
0.062
0.062
0.062
0.062
0.062
0.062
0.062
0.062
0.062
0.062
0.062
0.062
0.062
0.062
0.062
0.062
0.062
0.062
0.062
0.062
0.062
0.062
0.062
0.062
0.062
0.062
0.062
0.062
0.062
0.062
0.062
0.062
0.062
0.062
0.062
0.062
0.062
0.062
0.062
0.062
0.062
0.062
0.062
0.062
0.062
0.062
0.062
0.062
0.062
0.062
0.062
0.062
0.062
0.062
0.062
0.062
0.062
0.062
0.062
0.062
0.062
0.062
0.062
0.062
0.062
0.062
0.062
0.062
0.062
0.062
0.062
0.062
0.062
0.062
0.062
0.062
0.062
0.062
0.062
0.062
0.062
0.062
0.062
0.062
0.062
0.062
0.062
0.062
0.062
0.062
0.062
0.062
0.062
0.062
0.062
0.062
0.062
0.062
0.062
0.062
0.062
0.062
0.062
0.062
0.062
0.062
0.062
0.062
0.062
0.062
0.062
0.062
0.062
0.062
0.062
0.062
0.062
0.062
0.062
0.062
0.062
0.062
0.062
0.062
0.062
0.062
0.062
0.062
0.062
0.062
0.062
0.062
0.062
0.062
0.062
0.062
0.062
0.062
0.062
0.062
0.062
0.062
0.062
0.062
0.062
0.062
0.062
0.062
0.062
0.062
0.062
0.062
0.062
0.062
0.062
0.062
0.062
0.062
0.062
0.062
0.062
0.062
0.062
0.062
0.062
0.062
0.062
0.062
0.062
0.062
0.062
0.062
0.062
0.062
0.062
0.062
0.062
0.062
0.062
0.062
0.062
0.062
0.062
0.062
0.062
0.062
0.062
0.062
0.062
0.062
0.062
0.062
0.062
0.062
0.062
0.062
0.062
0.062
0.062
0.062
0.062
0.062
0.062
0.062
0.062
0.062
0.062
0.062
0.062
0.062
0.062
0.062
0.062
0.062
0.062
0.062
0.062
0.062
0.062
0.062
0.062
0.062
0.062
0.062
0.062
0.062
0.062
0.062
0.069
0.069
0.069
0.069
0.069
0.069
0.069
0.129
0.129
11.106
11.106
11.106
0.239
0.23
0.239
0.251
0.251
0.251
0.239
0.239
0.239
0.239
0.339
0.339
0.339
0.339
0.339
0.339
0.359
0.359
0.359
0.359
0.371
0.371
0.271
0.271
0.271
0.211
0.211
0.211
0.211
0.251
0.251
0.301
0.321
0.321
0.321
0.321
0.321
0.321
0.381
0.381
0.381
0.321
0.321
0.321
0.321
0.261
0.301
0.281
0.231
0.231
0.231
0.231
0.231
0.231
0.231
0.231
0.231
0.231
0.391
0.451
0.511
0.546
0.546
0.546
0.546
0.558
0.558
0.511
0.511
0.511
0.511
0.86
0.86
0.86
0.86
0.511
0.451
0.451
0.451
0.463
0.476
0.476
0.476
0.476
0.476
0.476
0.476
0.476
0.476
0.576
0.576
0.576
0.576
0.611
0.576
0.576
0.576
0.576
0.576
0.576
0.576
0.576
0.564
0.564
0.564
0.564
0.564
0.564
0.614
0.614
0.614
0.614
0.614
0.614
0.614
0.614
0.614
0.614
0.614
0.614
0.614
0.614
0.614
0.649
0.554
0.589
0.589
0.589
0.589
0.589
0.589
0.539
0.539
0.499
0.499
0.499
0.499
0.399
0.339
0.339
0.386
0.386
0.386
0.326
0.341
0.341
0.341
0.401
0.481
0.421
0.421
0.421
0.421
0.412
0.421
0.421
0.421
0.321
0.321
0.321
0.321
0.321
0.356
0.356
0.321
0.421
0.421
0.421
0.401
0.401
0.401
0.401
0.401
0.401
0.401
0.401
0.401
0.401
0.401
0.401
0.301
0.427
0.427
0.427
0.427
0.427
0.427
0.427
0.427
0.427
0.427
0.427
0.427
0.427
0.427
0.427
0.427
2.169
2.169
2.169
0.367
0.367
0.367
0.367
0.367
0.367
0.367
0.38
0.33
0.33
0.33
0.33
0.33
0.33
0.33
0.33
0.27
0.27
0.27
0.27
0.27
0.27
0.27
0.27
0.27
0.27
0.27
0.258
0.258
0.258
0.258
0.258
0.258
0.258
0.258
0.258
0.258
0.258
0.258
0.249
0.249
0.249
0.249
0.249
0.249
0.199
0.199
0.199
0.285
0.285
0.285
0.357
0.357
0.357
0.357
0.357
0.357
0.357
0.357
2.34
2.34
2.34
2.34
2.34
2.34
2.34
2.34
2.327
2.327
2.327
2.327
2.327
2.327
2.327
2.327
2.327
2.327
2.327
2.327
2.327
0.344
0.394
0.394
0.405
0.418
0.418
0.418
0.418
0.418
0.368
0.368
0.368
0.368
0.368
0.368
0.368
0.368
0.368
0.368
0.368
0.368
0.368
0.368
0.368
0.368
0.368
0.368
0.368
0.282
0.282
0.282
0.282
0.282
0.282
0.282
0.282
0.282
0.282
0.282
0.282
0.282
0.282
0.282
0.282
0.282
0.282
0.282
0.282
0.282
0.282
0.282
0.282
0.282
0.282
0.282
0.282
0.282
0.282
0.282
0.282
0.282
0.282
0.282
0.459
0.446
0.269
0.269
0.269
0.269
0.269
0.269
0.269
0.269
0.269
0.269
0.269
0.435
0.435
0.258
0.258
0.258
0.258
0.258
0.258
0.258
0.258
0.258
0.258
0.258
0.435
0.435
0.258
0.258
0.258
0.258
0.258
0.258
0.258
0.258
0.258
0.258
0.258
0.435
0.435
0.765
0.765
0.753
0.753
0.753
2.685
2.685
2.685
2.685
2.685
2.685
2.685
2.685
2.685
2.685
2.685
2.685
2.685
2.685
2.685
2.685
2.685
2.685
2.685
2.685
2.685
2.685
2.685
2.685
2.685
2.685
2.685
2.685
2.685
2.685
2.685
2.685
2.685
2.685
2.685
2.685
2.685
2.685
2.685
2.685
2.685
2.685
2.685
2.685
2.685
2.685
2.685
2.685
2.685
2.685
2.685
2.685
2.685
2.685
2.685
2.685
2.685
2.685
2.685
2.685
0.186
0.186
0.246
0.246
0.186
0.186
0.186
0.186
0.186
0.186
0.186
0.186
0.186
0.186
0.186
0.186
0.186
0.186
0.186
0.186
0.186
0.186
0.186
0.186
0.186
0.246
0.306
0.306
0.319
0.319
0.319
0.419
0.419
0.419
0.419
0.319
0.319
0.319
0.319
0.259
0.294
0.294
0.294
0.314
0.254
0.254
0.254
0.254
0.254
0.334
0.334
0.334
0.334
0.299
0.299
0.299
0.299
0.311
0.299
0.299
0.299
0.299
0.299
0.299
0.459
0.519
0.519
0.459
0.459
0.459
0.459
0.509
0.509
0.459
0.459
0.459
0.494
0.494
0.514
0.514
0.514
0.494
0.494
0.494
0.444
0.444
0.444
0.444
0.431
0.431
0.371
0.371
0.383
0.383
0.383
0.383
0.383
0.383
0.383
0.383
0.418
0.418
0.418
0.418
0.418
0.418
0.418
0.478
0.478
0.498
0.538
0.538
0.478
0.418
0.418
0.418
0.478
0.478
0.478
0.478
0.478
0.418
0.383
0.383
0.383
0.283
0.283
0.283
0.283
0.403
0.403
0.356
0.356
0.356
0.356
0.476
0.476
0.476
0.476
0.476
0.476
0.511
0.536
0.536
0.565
0.565
0.565
0.556
0.556
0.58
0.592
0.583
0.583
0.583
0.523
0.523
0.523
0.523
0.523
0.558
0.578
0.578
0.518
0.518
0.518
0.518
0.518
0.483
0.483
0.483
0.483
0.483
0.483
0.483
0.533
0.533
0.533
0.533
0.633
0.593
0.613
0.613
0.613
0.563
0.623
0.563
0.563
0.563
0.563
0.437
0.446
0.446
0.446
0.406
2.148
2.148
2.013
0.262
0.262
0.262
0.262
0.262
0.262
0.262
0.242
0.242
0.242
0.182
0.282
0.382
0.222
0.222
0.222
0.222
0.222
0.281
0.316
0.316
0.316
0.316
0.316
0.316
0.316
0.328
0.328
0.328
0.348
0.286
0.286
0.286
0.286
0.286
0.306
0.306
0.266
0.266
0.266
0.216
0.216
0.216
0.181
0.181
0.181
0.181
0.181
0.181
0.081
0.072
0.072
0.072
0.072
0.072
0.072
0.072
0.072
0.107
0.072
0.072
0.072
0.172
0.172
0.232
0.267
0.267
0.207
0.207
0.232
0.232
0.22
0.22
0.16
0.26
0.32
0.26
0.16
0.16
0.16
0.26
0.26
0.26
0.26
0.26
0.26
0.26
0.26
0.26
0.26
0.26
0.32
0.32
0.32
0.22
0.22
0.22
0.26
0.26
0.26
0.26
0.36
0.36
0.46
0.48
2.222
2.162
2.162
0.42
0.52
0.646
0.546
0.601
0.601
0.613
0.613
0.613
0.614
0.665
0.665
0.645
2.387
2.387
2.387
0.519
0.519
0.579
0.579
0.519
0.519
0.645
0.645
0.645
0.645
0.645
0.685
0.685
0.72
0.72
0.72
0.72
0.72
0.72
0.72
0.62
0.62
0.62
0.494
0.544
0.544
0.494
0.62
0.494
0.494
0.494
0.494
0.494
0.494
0.494
0.494
0.494
0.494
0.494
0.554
0.519
0.519
0.519
0.519
0.519
0.494
0.494
0.494
0.459
0.468
0.468
0.468
0.468
0.455
0.369
0.369
0.369
0.369
0.419
0.419
0.469
0.469
0.469
0.469
0.419
0.369
0.369
0.369
0.369
0.369
0.36
0.36
0.42
0.42
0.42
0.42
0.42
0.42
0.42
0.429
0.429
0.429
0.429
0.441
0.441
0.441
0.441
0.441
0.429
0.549
0.549
0.584
0.584
0.575
0.575
0.575
0.575
0.575
0.575
0.575
0.555
0.555
0.555
0.615
0.615
0.741
0.681
0.681
0.694
0.754
0.694
0.694
0.714
0.654
0.634
0.646
0.666
0.54
0.54
0.54
0.615
0.615
0.603
0.703
0.703
0.703
0.663
0.663
0.763
0.763
0.763
0.763
0.663
0.723
0.723
0.723
0.723
0.723
0.823
0.823
0.823
0.723
0.623
0.623
0.623
0.588
0.488
0.548
0.648
0.648
0.648
0.648
0.583
0.583
0.483
0.533
0.533
0.533
0.533
0.533
0.568
0.468
0.408
0.508
0.52
0.52
0.52
0.52
0.607
0.627
0.527
0.527
0.627
0.627
0.527
0.507
0.507
0.507
0.507
0.507
0.457
0.457
0.557
0.557
0.557
0.557
0.633
0.633
0.533
0.533
0.533
0.533
0.533
0.533
0.513
0.504
0.517
0.517
0.517
0.517
0.517
0.517
0.517
0.517
0.517
0.517
0.517
0.517
0.517
0.517
0.517
0.517
0.537
0.537
0.477
0.477
0.477
0.477
0.577
0.577
0.637
0.577
0.577
0.557
0.557
0.522
0.622
0.542
0.542
0.542
0.577
