0.071
0.071
0.061
0.061
0.061
0.061
0.061
0.061
0.061
0.061
0.061
0.061
0.061
0.061
0.061
0.061
0.061
0.061
0.061
0.061
0.061
0.061
0.061
0.061
0.061
0.061
0.061
0.061
0.061
0.061
0.061
0.061
0.071
0.071
0.071
0.071
0.071
0.071
0.071
0.071
0.071
0.071
0.071
0.071
0.071
0.071
0.071
0.071
0.071
0.071
0.071
0.071
0.071
0.071
0.071
0.071
0.071
0.071
0.071
0.071
0.071
0.071
0.071
0.071
0.071
0.071
0.071
0.071
0.071
0.071
0.255
0.255
0.255
0.255
0.255
0.373
0.373
0.373
0.373
0.373
0.373
0.373
0.373
0.373
0.373
0.373
0.373
0.373
0.373
0.373
0.373
0.373
0.189
0.071
0.071
0.071
0.071
0.071
0.071
0.071
0.071
0.071
0.071
0.071
0.071
0.071
0.071
0.071
0.071
0.071
0.071
0.071
0.071
0.071
0.071
0.071
0.071
0.071
0.071
0.071
0.071
0.071
0.071
0.071
0.071
0.071
0.071
0.071
0.071
0.071
0.071
0.071
0.071
0.071
0.071
0.071
0.071
0.071
0.071
0.071
0.071
0.071
0.071
0.071
0.071
0.071
0.071
0.071
0.071
0.071
0.071
0.071
0.071
0.071
0.071
0.071
0.189
0.189
0.189
0.189
0.189
0.189
0.189
0.189
0.189
0.189
0.189
0.189
0.189
0.189
0.189
0.189
0.189
0.189
0.071
0.071
0.071
0.071
0.071
0.071
0.071
0.071
0.071
0.071
0.071
0.071
0.071
0.071
0.071
0.071
0.071
0.071
0.071
0.071
0.071
0.071
0.071
0.071
0.071
0.071
0.071
0.071
0.071
0.071
0.071
0.071
0.071
0.071
0.071
0.071
0.071
0.071
0.071
0.071
0.071
0.071
0.071
0.071
0.071
0.255
0.255
0.373
0.373
0.373
0.373
0.373
0.373
0.373
0.373
0.373
0.373
0.373
0.373
0.373
0.373
0.373
0.373
0.373
0.373
0.255
0.255
0.071
0.071
0.071
0.071
0.071
0.071
0.071
0.071
0.071
0.071
0.071
0.071
0.071
0.071
0.071
0.071
0.071
0.071
0.071
0.071
0.071
0.071
0.071
0.071
0.071
0.071
0.071
0.071
0.071
0.071
0.071
0.071
0.071
0.071
0.071
0.071
0.071
0.071
0.071
0.071
0.071
0.071
0.071
0.071
0.071
0.071
0.071
0.071
0.255
0.255
0.255
0.255
0.255
0.255
0.255
0.255
0.255
0.255
0.373
0.373
0.373
0.373
0.373
0.373
0.373
0.373
0.373
0.373
0.373
0.373
0.189
0.189
0.189
0.189
0.189
0.189
0.071
0.071
0.071
0.071
0.071
0.071
0.071
0.071
0.071
0.071
0.071
0.071
0.071
0.071
0.071
0.071
0.071
0.071
0.071
0.071
0.071
0.071
0.071
0.071
0.071
0.071
0.071
0.071
0.071
0.071
0.071
0.071
0.071
0.071
0.071
0.071
0.071
0.071
0.071
0.071
0.071
0.071
0.071
0.071
0.071
0.255
0.255
0.255
0.373
0.373
0.373
0.373
0.373
0.373
0.373
0.373
0.373
0.373
0.373
0.373
0.373
0.373
0.373
0.373
0.373
0.373
0.255
0.071
0.071
0.071
0.071
0.071
0.071
0.071
0.071
0.071
0.071
0.071
0.071
0.071
0.071
0.071
0.071
0.071
0.071
0.071
0.071
0.071
0.071
0.071
0.071
0.071
0.071
0.071
0.071
0.071
0.071
0.071
0.071
0.071
0.071
0.071
0.071
0.069
0.069
0.069
0.129
0.129
0.129
0.129
0.129
0.181
0.181
0.121
0.121
0.121
2.982
2.982
3.067
3.067
3.022
2.982
2.982
2.982
2.982
2.982
2.982
2.982
4.803
4.803
5.071
3.25
3.25
3.25
3.25
3.1
3.16
3.16
3.16
3.16
3.16
3.16
3.16
3.16
3.16
3.16
3.16
3.16
3.042
3.042
3.042
3.226
3.226
3.226
3.326
3.326
3.326
3.326
3.326
3.326
3.326
3.326
3.326
3.326
3.411
3.431
3.431
3.431
3.431
3.431
3.431
3.471
3.471
3.287
3.287
3.247
0.461
0.461
0.461
0.461
0.461
0.561
0.561
0.561
0.561
0.561
0.561
0.521
0.711
0.671
0.671
0.769
0.669
0.669
0.669
0.669
0.609
0.609
0.669
0.594
0.594
0.534
0.534
0.534
0.574
0.574
0.474
0.474
0.399
0.281
0.166
0.166
0.166
0.166
0.166
0.206
0.306
2.207
2.167
2.167
0.306
0.306
0.306
0.306
0.306
0.456
0.456
0.456
0.456
0.456
0.456
0.456
0.371
0.371
0.371
0.371
0.371
0.371
0.371
0.371
0.371
0.371
0.371
0.471
0.471
0.556
0.556
0.556
0.74
0.49
0.49
0.49
0.49
0.608
0.608
0.608
0.608
0.608
0.608
0.608
0.608
0.608
0.608
0.608
0.608
0.608
0.608
0.608
0.523
0.523
0.339
0.221
0.221
0.221
0.221
0.221
0.221
0.221
0.221
0.221
0.221
0.221
0.221
0.071
0.071
0.071
0.071
0.071
0.071
0.071
0.071
0.071
0.071
0.071
0.071
0.071
0.071
0.071
0.071
0.071
0.071
0.071
0.071
0.071
0.071
0.071
0.071
0.071
0.071
0.071
0.071
0.071
0.071
0.071
0.071
0.071
0.255
0.255
0.255
0.255
0.255
0.255
0.255
0.255
0.255
0.255
0.255
0.255
0.255
0.255
0.255
0.255
0.255
0.255
0.255
0.255
0.255
0.255
0.071
0.071
0.071
0.071
0.071
0.071
0.071
0.071
0.071
0.071
0.189
0.189
0.189
0.189
0.189
0.189
0.189
0.189
0.189
0.189
0.189
0.189
0.189
0.189
0.189
0.189
0.189
0.189
0.071
0.071
0.071
0.071
0.071
0.071
0.071
0.071
0.071
0.071
0.071
0.071
0.071
0.071
0.071
0.071
0.071
0.071
0.071
0.071
0.071
0.071
0.071
0.071
0.071
0.071
0.071
0.071
0.071
0.255
0.255
0.255
0.255
0.255
0.255
0.255
0.255
0.255
0.255
0.255
0.255
0.255
0.255
0.255
0.255
0.255
0.255
0.255
0.255
0.255
0.255
0.071
0.071
0.071
0.189
0.189
0.189
0.189
0.189
0.189
0.189
0.189
0.189
0.189
0.189
0.189
0.189
0.189
0.189
0.189
0.189
0.189
0.071
0.071
0.071
0.071
0.071
0.071
0.071
0.071
0.071
0.071
0.071
0.071
0.071
0.071
0.071
0.071
0.071
0.071
0.071
0.071
0.071
0.071
0.071
0.071
0.071
0.071
0.071
0.071
0.071
0.071
0.071
0.071
0.071
0.071
0.071
0.071
0.071
0.071
0.071
0.071
0.071
0.071
0.071
0.071
0.071
0.071
0.071
0.071
0.071
0.071
0.071
0.071
0.071
0.071
0.071
0.071
0.071
0.071
0.071
0.071
0.071
0.071
0.071
0.071
0.071
0.071
0.071
0.071
0.071
0.071
0.071
0.071
0.071
0.071
0.071
0.071
0.071
0.071
0.071
0.071
0.071
0.071
0.071
0.071
0.071
0.071
0.071
0.071
0.255
0.373
0.373
0.373
0.373
0.373
0.373
0.373
0.373
0.373
0.373
0.373
0.373
0.373
0.373
0.373
0.373
0.373
0.373
0.255
0.255
0.255
0.071
0.071
0.071
0.071
0.071
0.071
0.071
0.071
0.071
0.071
0.071
0.071
0.071
0.071
0.071
0.069
0.069
0.069
0.069
0.069
0.069
0.069
0.069
0.169
0.169
0.169
0.169
0.169
0.169
0.189
0.289
0.329
0.329
0.329
0.229
0.229
0.229
0.329
0.404
0.304
0.304
0.304
0.315
0.275
0.275
0.275
0.275
0.275
0.275
0.275
0.275
0.275
0.275
0.275
0.275
0.393
0.617
0.577
0.482
0.482
0.482
0.482
0.482
0.482
0.482
0.582
0.655
0.655
0.582
0.582
0.582
0.582
0.482
0.364
0.404
0.404
0.404
0.554
0.22
0.22
0.295
0.295
0.295
0.295
0.295
0.295
0.295
0.295
0.355
0.415
0.355
0.355
0.395
0.395
0.395
0.395
2.256
2.256
2.385
0.524
0.524
0.524
0.449
0.449
0.449
0.449
0.494
0.494
0.494
0.494
0.494
0.494
0.494
0.494
0.494
0.483
0.483
0.583
0.583
0.583
0.583
0.583
0.701
0.701
0.701
0.701
0.712
0.876
0.876
0.836
0.836
0.856
0.756
0.756
0.756
0.756
0.756
0.756
0.756
0.756
0.638
0.638
0.638
0.628
0.628
0.628
0.628
0.628
0.628
0.544
0.629
0.629
0.629
0.629
0.629
0.729
0.729
0.629
0.554
0.554
0.534
0.534
0.534
0.534
0.534
0.534
0.534
0.534
0.534
0.534
0.546
0.546
0.546
0.546
0.641
0.556
0.496
0.496
0.614
0.579
0.579
0.654
0.654
0.775
0.815
0.875
0.875
0.875
0.875
0.875
0.875
0.875
1.869
1.869
1.869
1.869
1.751
1.751
1.711
1.688
1.688
1.688
1.688
1.688
1.688
1.688
1.628
1.499
1.499
1.499
1.519
1.399
1.583
1.543
1.543
1.543
1.583
1.643
1.643
1.543
1.543
1.543
1.693
1.693
1.693
1.793
1.693
1.693
1.693
1.693
1.778
1.79
1.79
1.79
1.735
1.735
1.65
1.661
1.701
1.741
1.741
1.741
1.86
1.741
1.741
1.741
1.612
1.612
1.612
1.537
1.537
1.537
0.543
0.543
0.543
0.543
0.531
0.531
0.591
0.591
0.451
0.451
0.57
0.57
0.47
0.47
0.32
0.32
0.32
0.32
0.32
0.32
0.32
0.36
0.36
0.071
0.071
0.071
0.071
0.071
0.071
0.071
0.071
0.071
0.071
0.071
0.071
0.071
0.071
0.071
0.071
0.071
0.189
0.189
0.189
0.189
0.189
0.189
0.189
0.189
0.189
0.189
0.373
0.373
0.373
0.373
0.373
0.373
0.373
0.373
0.255
0.255
0.255
0.255
0.255
0.255
0.255
0.255
0.255
0.255
0.255
0.255
0.255
0.255
0.071
0.071
0.071
0.071
0.071
0.071
0.071
0.071
0.071
0.071
0.071
0.071
0.071
0.071
0.071
0.071
0.071
0.071
0.071
0.071
0.071
0.071
0.071
0.071
0.071
0.071
0.071
0.071
0.071
0.071
0.071
0.071
0.071
0.071
0.071
0.071
0.071
0.071
0.071
0.071
0.071
0.071
0.071
0.071
0.071
0.071
0.071
0.071
0.071
0.071
0.071
0.071
0.071
0.071
0.071
0.071
0.071
0.071
0.071
0.071
0.071
0.071
0.071
0.071
0.071
0.189
0.189
0.189
0.189
0.189
0.189
0.189
0.189
0.189
0.189
0.189
0.189
0.189
0.373
0.373
0.373
0.373
0.373
0.255
0.255
0.255
0.255
0.255
0.255
0.255
0.255
0.255
0.255
0.255
0.255
0.255
0.255
0.255
0.255
0.255
0.071
0.071
0.071
0.071
0.071
0.071
0.071
0.071
0.071
0.071
0.071
0.071
0.071
0.071
0.071
0.071
0.071
0.071
0.071
0.071
0.071
0.071
0.071
0.071
0.071
0.071
0.071
0.071
0.071
0.071
0.071
0.071
0.071
0.071
0.071
0.071
0.071
0.071
0.071
0.071
0.071
0.071
0.071
0.071
0.071
0.071
0.071
0.071
0.071
0.071
0.071
0.071
0.071
0.071
0.071
0.071
0.071
0.071
0.071
0.071
0.071
0.071
0.071
0.071
0.189
0.373
0.373
0.373
0.373
0.373
0.373
0.373
0.373
0.373
0.373
0.373
0.373
0.373
0.373
0.373
0.373
0.373
0.255
0.255
0.255
0.255
0.255
0.071
0.071
0.071
0.071
0.071
0.071
0.071
0.071
0.071
0.071
0.071
0.071
0.071
0.071
0.071
0.071
0.071
0.071
0.071
0.071
0.071
0.071
0.071
0.071
0.071
0.071
0.071
0.071
0.071
0.071
0.071
0.071
0.071
0.071
0.071
0.071
0.071
0.071
0.071
0.071
0.071
0.071
0.071
0.071
0.071
0.071
0.071
0.071
0.071
0.071
0.071
0.071
0.071
0.071
0.071
0.071
0.071
0.071
0.071
0.071
0.071
0.071
0.071
0.071
