0.069
0.069
0.0982
0.255
0.255
0.255
0.255
0.0982
0.069
0.069
0.069
0.069
0.069
0.069
0.069
0.069
0.069
0.069
0.069
0.069
0.069
0.069
0.069
0.069
0.18660000000000002
0.265
0.265
0.265
0.2258
0.069
0.069
0.069
0.069
0.069
0.069
0.069
0.069
0.069
0.069
0.069
0.18660000000000002
0.265
0.265
0.265
0.2258
0.069
0.069
0.069
0.069
0.069
0.069
0.069
0.069
0.069
0.069
0.069
0.069
0.069
0.069
0.069
0.069
0.069
0.069
0.069
0.069
0.069
0.069
0.069
0.069
0.069
0.069
0.069
0.069
0.14740000000000003
0.363
0.363
0.363
0.4109999999999999
0.195
0.291
0.267
0.267
0.25
0.4464
0.4064
0.242
0.25
0.202
0.47800000000000004
0.546
0.718
0.734
0.5924
0.43400000000000005
0.41200000000000003
0.46499999999999997
0.453
0.437
0.533
0.449
0.357
0.317
0.317
0.317
0.317
0.317
0.317
0.281
0.257
0.257
0.269
0.261
0.229
0.3074
0.425
0.425
0.425
0.425
0.229
0.649
2.4153999999999995
0.373
0.373
0.373
0.36819999999999997
0.361
0.361
0.35
0.4444
0.562
0.562
0.5660000000000001
0.602
0.361
0.3646
0.335
0.347
0.347
0.347
0.347
0.347
0.767
1.3046000000000002
0.543
1.8029999999999997
0.6222
0.6481999999999999
0.495
0.495
0.347
0.34219999999999995
0.335
0.335
0.335
0.305
0.24
0.254
0.24
0.2112
0.1262
0.283
0.283
0.271
0.263
0.1062
0.067
0.067
0.067
0.08700000000000001
0.167
1.427
0.167
0.167
0.3238
0.363
0.363
0.363
0.2942
0.13899999999999996
0.079
0.079
0.079
0.079
0.091
0.211
0.259
0.23899999999999996
0.2662
0.375
0.347
0.46299999999999997
0.49260000000000004
0.4732
0.6586000000000001
0.8130000000000001
0.499
1.3270000000000002
0.8390000000000001
0.602
0.602
0.6548
0.738
1.9531999999999996
3.38
3.44
3.0103999999999997
0.9444000000000001
1.9555999999999998
2.218
2.0612000000000004
1.986
1.95
2.0460000000000003
0.942
0.694
0.646
0.5307999999999999
0.6315999999999999
0.71
0.63
0.745
0.6258
0.458
0.5468
0.546
0.606
0.606
0.61
0.626
0.626
0.7044
0.7404
1.5259999999999998
1.1460000000000001
0.693
0.5329999999999999
0.069
0.069
0.069
0.069
0.069
0.069
0.069
0.069
0.18660000000000002
0.265
0.426
0.438
0.3988
0.258
0.262
0.466
0.41319999999999996
0.49800000000000005
0.5149999999999999
0.541
0.469
0.517
0.713
0.705
0.681
0.7434000000000001
0.7198
0.6013999999999999
0.40380000000000005
0.254
0.3596
0.6113999999999999
0.737
0.6226
0.497
0.533
0.485
0.477
0.5898000000000001
0.7938000000000001
0.833
0.833
0.9442
0.7524
0.069
0.069
0.069
0.069
0.069
0.069
0.069
0.069
