0.06
0.06
0.06
0.06
0.06
0.1752
0.244
0.13040000000000002
0.05600000000000001
0.05600000000000001
0.05800000000000001
0.066
0.066
0.066
0.066
0.066
0.066
0.066
0.066
0.066
0.066
0.066
0.066
0.066
0.066
0.066
0.066
0.066
0.066
0.066
0.066
0.066
0.066
0.066
0.066
0.066
0.066
0.066
0.066
0.066
0.066
0.066
0.066
0.066
0.066
0.066
0.066
0.066
0.066
0.066
0.066
0.066
0.066
0.066
0.066
0.066
0.066
0.066
0.066
0.066
0.066
0.0648
0.08000000000000002
0.12
0.31440000000000007
0.362
0.36920000000000003
0.398
0.43000000000000005
0.40099999999999997
0.4010000000000001
0.40599999999999997
0.3884
0.38680000000000003
0.434
0.422
0.422
0.422
0.386
0.4226
1.8108
0.394
1.657
1.7468
3.776
1.5499999999999998
0.066
0.066
0.066
0.066
0.066
0.066
0.066
0.066
0.066
0.066
0.066
0.066
0.066
0.066
0.066
0.066
0.066
0.066
0.066
0.066
0.066
0.066
0.066
0.066
0.066
0.066
0.066
0.066
0.066
0.066
0.066
0.066
0.066
0.066
0.066
0.066
0.066
0.066
0.066
0.066
0.066
0.066
0.066
0.066
0.066
0.066
0.066
0.066
0.066
0.066
0.066
0.066
0.066
0.066
0.066
0.066
0.066
0.066
0.066
0.066
0.066
0.066
0.066
2.1768
3.5840000000000005
2.2312000000000003
0.202
0.7428000000000001
2.906
2.906
2.933
2.953
2.953
6.335
6.315
7.0566
7.551
4.005999999999999
2.77
2.2292
0.066
0.066
0.066
0.066
0.066
0.066
0.066
0.066
0.066
0.066
0.066
0.066
0.066
0.066
0.066
0.066
0.066
0.066
0.066
0.066
0.066
0.066
0.066
0.066
0.066
0.066
0.066
0.066
0.066
0.066
0.066
0.066
0.066
0.066
0.066
2.9746
4.947
5.0084
5.037999999999999
1.6268
0.45600000000000007
0.45600000000000007
0.47719999999999996
1.1094
3.771
3.691
3.6949999999999994
3.0186
0.3266
0.3242
0.309
0.31379999999999997
0.2832
0.3406
1.7521999999999998
3.7918
3.811
3.819
2.4542
0.393
0.9629999999999999
3.6314
3.6385999999999994
3.5931999999999995
3.0141999999999998
0.338
2.3272
3.66
3.692
3.6759999999999997
1.577
0.22379999999999994
0.297
0.2878
0.182
0.2852
0.47779999999999995
0.35660000000000003
0.29179999999999995
0.28420000000000006
0.277
0.33820000000000006
0.3088
1.6141999999999999
3.5450000000000004
3.5730000000000004
3.5904
2.239
0.2574
0.264
0.4412
0.386
0.446
0.4872000000000001
0.384
0.48640000000000005
0.55
0.676
0.664
0.6748
0.5516
0.5324
0.577
1.2574
3.9509999999999996
3.9866
3.9034
3.2030000000000003
0.492
0.492
3.2252
4.0287999999999995
4.097799999999999
4.030600000000001
1.3274
0.30000000000000004
0.066
0.066
0.066
0.066
0.066
0.066
