0.202
0.3986666666666666
2.0140000000000002
0.41173333333333323
0.34600000000000003
0.46146666666666675
0.49119999999999997
0.36626666666666663
0.5526666666666666
0.4522666666666668
0.3866666666666667
0.286
0.36539999999999995
0.4709333333333335
0.6498666666666666
0.4753333333333333
0.5418666666666666
0.476
0.4751999999999999
2.111933333333334
0.4199333333333334
0.46406666666666674
0.2736666666666666
0.2285333333333333
0.344
0.4439333333333334
0.4276000000000001
0.6409333333333334
0.5159999999999999
0.3591333333333333
2.7751333333333332
1.5494000000000006
0.5314
0.5478666666666665
0.43266666666666675
0.5086666666666668
0.6033333333333335
0.6926666666666665
0.6309333333333333
0.4336666666666665
0.09466666666666669
0.168
0.07653333333333337
0.07000000000000003
0.1708
0.3419999999999999
0.07000000000000003
0.07000000000000003
0.07000000000000003
0.17439999999999997
0.22733333333333325
0.36066666666666664
1.6330666666666673
1.6200000000000008
0.4286000000000001
2.616799999999999
2.944666666666666
2.934533333333334
2.8350000000000004
0.9836666666666668
0.22079999999999997
0.47240000000000004
3.2334666666666667
1.1289333333333338
0.8721999999999998
0.5656000000000001
0.8109333333333334
0.7524666666666666
0.5776666666666668
0.5790000000000002
0.5155999999999998
0.19759999999999991
0.14186666666666664
0.11573333333333337
0.08160000000000003
0.24399999999999988
0.13960000000000003
0.07000000000000003
0.14186666666666664
0.11573333333333337
0.17439999999999997
0.2207999999999999
0.265
0.22100000000000006
0.5301333333333333
0.8405333333333335
1.382866666666667
0.9756666666666666
1.1118666666666666
2.4761999999999995
0.6827333333333333
0.22433333333333322
0.07000000000000003
0.20919999999999994
0.2317333333333334
0.14186666666666664
