0.05600000000000001
0.10400000000000001
0.22799999999999998
0.2232
0.254
0.3318
0.068
0.068
0.068
0.068
0.068
0.068
0.068
0.068
0.068
0.068
0.068
0.068
0.068
0.068
0.068
0.068
0.068
0.068
0.068
0.068
0.068
0.068
0.068
0.068
0.068
0.068
0.068
0.068
0.068
0.068
0.068
0.068
0.068
0.068
0.068
0.068
0.068
0.068
0.068
0.068
0.068
0.068
0.068
0.068
0.068
0.068
0.068
0.068
0.068
0.068
0.068
0.068
0.068
0.068
0.068
0.068
0.068
0.068
0.068
0.068
0.068
0.068
0.068
0.068
0.068
0.068
0.068
0.068
0.068
0.068
0.068
0.068
0.068
0.068
0.197
0.205
0.257
0.357
0.30100000000000005
0.31300000000000006
0.429
0.429
0.3882
0.441
0.561
0.6808
0.6844000000000001
4.1686
7.6574
0.555
0.5773999999999999
1.9451999999999998
0.527
0.51
0.49000000000000005
0.49800000000000005
0.4116000000000001
0.516
0.46399999999999997
0.4782
0.45899999999999996
0.42600000000000005
0.47000000000000003
0.51
0.51
0.5700000000000001
2.2668
2.6466000000000003
2.64
2.586
0.9492
0.549
0.549
0.549
0.549
0.549
0.549
0.5418000000000001
0.489
0.477
0.457
0.357
0.357
0.357
0.357
0.30899999999999994
0.297
0.297
0.8465999999999999
0.197
0.197
0.23299999999999996
0.24539999999999998
0.15639999999999998
0.10400000000000001
0.10400000000000001
0.10400000000000001
0.10400000000000001
0.15639999999999998
0.23499999999999996
0.343
0.343
0.343
0.343
0.2566
0.283
0.2702
0.24700000000000003
0.2286
0.28900000000000003
0.3928
0.36
0.36
0.4032
0.4720000000000001
0.492
0.068
0.068
0.068
0.068
0.068
0.068
0.068
0.068
0.068
0.068
0.068
0.068
0.068
0.068
0.068
0.068
0.068
0.068
0.068
0.068
0.068
0.068
0.068
0.068
0.068
0.068
0.068
0.068
0.068
0.068
0.068
0.068
0.068
0.068
0.068
0.068
0.068
0.068
0.068
0.068
0.068
0.068
0.068
0.068
0.26
0.26
0.49119999999999997
0.5044000000000001
0.454
0.59
0.5484
0.4756
0.504
0.5814
0.5178
0.38
0.3888
0.42000000000000004
0.429
0.369
1.7711999999999999
0.369
0.34819999999999995
0.329
0.3378
0.4
0.5
0.48
0.068
0.068
0.068
0.068
0.068
0.068
0.068
0.068
0.068
0.068
0.068
0.068
0.068
0.068
0.068
0.068
0.068
0.068
0.068
0.068
0.068
0.068
0.068
0.068
0.068
0.068
0.068
0.068
0.068
0.068
0.068
0.068
0.068
0.068
0.068
0.068
0.068
0.068
0.068
0.068
0.068
0.068
0.068
0.068
0.068
0.068
0.068
0.068
0.068
0.068
0.068
0.068
0.068
0.068
0.068
0.068
0.066
0.05800000000000001
