0.06466666666666669
0.058000000000000024
0.08760000000000004
0.26500000000000007
0.1336666666666667
0.06800000000000003
0.06800000000000003
0.06800000000000003
0.1782
0.4302000000000001
0.12053333333333338
0.06800000000000003
0.06800000000000003
0.17173333333333338
0.4420000000000001
0.11520000000000004
0.06800000000000003
0.06800000000000003
0.4052666666666668
0.2556666666666667
0.06800000000000003
0.06800000000000003
0.06800000000000003
0.22140000000000007
0.2152666666666666
0.1844666666666667
0.14033333333333334
0.36813333333333337
0.5207999999999999
0.22733333333333333
0.25666666666666665
0.2822666666666666
0.501
0.4738000000000001
0.9412
0.46059999999999995
0.43106666666666676
0.36453333333333343
0.29426666666666673
0.126
0.2183333333333333
2.3579333333333325
3.149000000000001
0.534933333333333
0.18500000000000003
0.38139999999999996
0.3049333333333334
0.438
0.35713333333333336
0.40813333333333346
0.5117333333333335
0.6655333333333334
0.5326666666666667
0.6239333333333333
0.8099999999999999
0.2810666666666667
0.4770000000000001
0.3665999999999999
2.2884
1.1372666666666664
0.4113333333333333
2.5753999999999992
0.7106666666666667
0.6850000000000002
0.6793333333333335
0.8807999999999997
1.5648666666666666
2.766
1.156733333333333
0.5753333333333333
0.7711333333333332
0.6378
0.5593333333333333
1.8062666666666662
1.9598
0.6974000000000001
0.36706666666666654
0.06800000000000003
0.06800000000000003
0.17420000000000002
0.48086666666666666
0.5162666666666667
0.374
0.4139999999999999
0.9926666666666666
0.4276000000000001
0.7829333333333334
0.4965333333333332
1.0288666666666666
0.6780000000000003
0.3121333333333334
0.2764
0.5083999999999999
0.20486666666666672
0.06800000000000003
0.24500000000000008
