0.05633333333333335
0.04700000000000001
0.04766666666666667
0.05700000000000002
0.05700000000000002
0.05700000000000002
0.05700000000000002
0.05700000000000002
0.05700000000000002
0.16566666666666668
0.18740000000000004
0.05700000000000002
0.05700000000000002
0.05700000000000002
0.05700000000000002
0.05700000000000002
0.16566666666666668
0.18740000000000004
0.05700000000000002
0.05700000000000002
0.05700000000000002
0.05700000000000002
0.05700000000000002
0.0896
0.22000000000000008
0.10046666666666665
0.05700000000000002
0.055666666666666684
0.20246666666666668
0.4446666666666666
0.4482666666666667
1.689533333333333
0.2083333333333333
0.39973333333333344
0.3330666666666668
0.8105999999999999
0.3865333333333334
0.40073333333333333
0.3893333333333332
0.22299999999999995
0.21866666666666662
0.3616666666666667
0.521
0.5354666666666664
0.34646666666666676
0.23119999999999996
0.2577333333333333
0.43013333333333337
0.3289333333333334
0.23399999999999999
0.6574666666666668
0.1706
0.21886666666666665
0.25733333333333347
0.08959999999999999
0.05700000000000002
0.05700000000000002
0.06786666666666669
0.22000000000000008
0.21266666666666664
0.2816666666666666
0.26499999999999996
0.1857333333333333
0.4017333333333333
0.2949333333333334
0.12399999999999996
0.05700000000000002
0.05700000000000002
0.22000000000000008
0.13306666666666664
0.05700000000000002
0.05700000000000002
0.05700000000000002
0.1222
0.22000000000000008
0.0678666666666667
0.05700000000000002
0.05700000000000002
0.14393333333333333
0.2091333333333334
0.09780000000000003
0.16699999999999998
0.7379333333333332
0.5058666666666668
0.5669333333333334
0.4561333333333335
0.5649333333333334
0.5846666666666668
0.5784
0.4935333333333331
0.44559999999999983
0.8284
0.13306666666666667
0.22000000000000008
0.05700000000000002
0.05700000000000002
