0.05533333333333335
0.05400000000000002
0.06266666666666669
0.06400000000000003
0.06400000000000003
0.06400000000000003
0.06400000000000003
0.06400000000000003
0.06400000000000003
0.26653333333333346
0.1797333333333334
0.06400000000000003
0.06400000000000003
0.06400000000000003
0.10740000000000004
0.2810000000000001
0.12186666666666672
0.06400000000000003
0.06400000000000003
0.06400000000000003
0.06400000000000003
0.06400000000000003
0.06400000000000003
0.13633333333333336
0.2810000000000001
0.09293333333333338
0.06400000000000003
1.6240000000000008
1.4813333333333327
2.4251999999999994
2.280466666666667
0.35500000000000004
1.2904666666666667
2.7891333333333335
2.909333333333334
0.06400000000000003
0.06400000000000003
0.06400000000000003
0.06400000000000003
0.19420000000000004
0.30106666666666676
0.21099999999999997
0.21099999999999997
0.21099999999999997
2.0586666666666664
0.7514666666666667
2.055
0.871733333333333
0.29900000000000004
0.12233333333333338
0.22313333333333343
0.31313333333333326
0.19899999999999998
0.5376
0.5376
0.22793333333333335
0.4636666666666666
0.3108000000000001
0.20779999999999996
0.21259999999999998
0.24413333333333329
0.48046666666666665
0.5853999999999999
0.3980000000000001
0.6063333333333334
1.3708666666666665
2.9507333333333334
0.9391999999999999
2.7386000000000004
2.8065333333333333
0.6233333333333333
0.06400000000000003
0.3610666666666667
0.5622666666666665
0.4711333333333334
0.7835333333333335
0.6045333333333331
0.5339333333333334
0.5354666666666666
0.8731333333333335
0.6791999999999999
0.32120000000000004
0.31799999999999995
0.35533333333333333
0.3768
0.637
0.5571333333333335
0.3506666666666668
0.43066666666666664
0.5387333333333334
0.7568666666666667
0.5711999999999999
0.6458000000000002
2.082066666666667
1.756933333333334
0.8586666666666667
