0.07
0.1364
0.246
0.246
0.246
0.17160000000000003
0.06
0.068
0.07
0.07
0.07
0.07
0.07
0.07
0.256
0.4514
0.572
0.572
0.33999999999999997
0.271
0.07
0.13999999999999999
0.24500000000000002
0.24500000000000002
0.14000000000000004
0.07
0.07
0.07
0.07
0.271
0.271
0.271
0.271
0.15040000000000003
0.07
0.256
0.29100000000000004
0.43099999999999994
0.43099999999999994
0.175
0.07
0.07
0.07
0.07
0.07
0.07
0.1504
0.271
0.271
0.271
0.34540000000000004
0.256
0.256
0.256
0.18160000000000004
0.07
0.07
0.175
0.24500000000000002
0.24500000000000002
0.10500000000000001
0.23080000000000003
0.271
0.271
0.344
0.3166
0.244
0.25599999999999995
0.252
0.179
0.255
0.229
0.277
0.309
0.309
0.575
0.695
0.635
0.42299999999999993
0.3594
0.475
0.395
0.355
0.33899999999999997
0.20540000000000003
0.393
0.473
0.446
0.4779999999999999
0.5282
0.6369999999999999
0.51
0.488
0.6040000000000001
6.8952
6.871
0.3146
0.30899999999999994
0.297
0.36500000000000005
0.409
0.389
0.429
0.379
0.4646
0.5826
0.592
0.9038
1.9978000000000002
1.9546
2.6926
2.2218
1.7982
1.3442
0.294
0.683
2.554
2.5652
2.568
2.6694000000000004
2.775
2.7294
2.7154
3.057
3.057
2.882
2.928
2.125
0.185
0.185
0.093
0.07
0.07
0.07
0.07
0.07
0.23080000000000003
0.446
0.446
0.41100000000000003
0.3766
0.256
0.256
0.256
0.07
0.07
0.07
0.07
0.07
0.07
0.07
0.19060000000000002
0.271
0.41100000000000003
0.446
0.4058
0.07
0.07
0.07
0.07
0.07
0.07
0.139
0.185
0.198
0.198
0.083
0.7123999999999999
0.19460000000000002
0.269
0.34540000000000004
0.4598
1.6152000000000002
2.3419999999999996
3.7404
2.556
1.7628
0.573
1.0034
1.4786000000000001
0.619
0.641
0.6088
0.8550000000000001
2.0509999999999997
3.4889999999999994
3.2670000000000003
3.1789999999999994
2.925
2.9838
2.953
2.9884
3.0286
3.1059999999999994
3.1648
3.2090000000000005
2.3286
1.137
0.8497999999999999
0.584
0.7204
0.7569999999999999
0.767
0.5960000000000001
0.6759999999999999
0.7040000000000001
0.716
0.68
0.6079999999999999
0.5780000000000001
0.1072
0.256
0.256
0.256
0.5038
0.361
0.45120000000000005
0.632
0.7540000000000001
0.777
0.777
0.4692
0.551
0.5309999999999999
0.501
0.581
0.07
0.07
0.07
0.162
0.45199999999999996
0.52
0.626
0.566
0.7268
0.6056
0.592
1.9014
1.576
0.20600000000000002
0.31
0.21680000000000002
0.238
0.4138
0.523
0.539
0.5980000000000001
0.6003999999999999
0.7440000000000001
0.7300000000000001
0.7290000000000001
0.6890000000000001
0.5242
0.49720000000000003
0.42699999999999994
0.39699999999999996
0.409
0.349
0.309
0.253
0.30060000000000003
0.386
0.45599999999999996
0.7111999999999999
1.032
1.0213999999999999
0.561
0.45600000000000007
0.2252
0.093
0.07
0.07
0.07
0.07
0.1816
0.256
0.256
0.348
0.49539999999999995
0.561
0.538
0.376
0.15040000000000003
0.07
0.07
0.07
0.07
0.07
