0.068
0.066
0.066
0.066
0.066
0.066
0.07400000000000001
0.076
0.076
0.076
0.076
0.076
0.076
0.076
0.076
0.076
0.076
0.076
0.076
0.076
0.23680000000000004
0.277
0.277
0.277
0.1966
0.076
0.076
0.076
0.076
0.076
0.076
0.076
0.076
0.076
0.1162
0.277
0.277
0.277
0.277
0.1162
0.076
0.076
0.076
0.076
0.076
0.076
0.076
0.076
0.076
0.076
0.076
0.076
0.076
0.076
0.076
0.076
0.076
0.076
0.076
0.277
0.277
0.277
0.277
0.15639999999999998
0.076
0.076
0.076
0.076
0.076
0.076
0.076
0.076
0.1564
0.277
0.277
0.277
0.277
0.076
0.076
0.076
0.076
0.076
0.16599999999999998
0.15
0.094
0.094
0.5636
0.9532000000000002
0.7312
1.184
1.236
1.256
1.196
1.192
1.276
1.316
2.5848
1.4448000000000003
1.497
1.549
0.9518000000000001
0.4426
0.274
0.23679999999999998
0.076
0.076
0.076
0.076
0.076
0.076
0.19660000000000002
0.277
0.389
0.389
0.3488
0.188
0.074
0.074
0.074
0.074
0.074
0.52
0.29700000000000004
0.074
0.074
0.16360000000000002
0.27080000000000004
0.074
0.074
0.19440000000000002
0.275
0.275
0.275
0.275
0.074
0.074
0.074
0.27080000000000004
0.2004
0.22600000000000003
0.22600000000000003
0.238
0.25
0.22600000000000003
0.22600000000000003
0.3064
0.42699999999999994
0.42699999999999994
0.42699999999999994
0.42699999999999994
0.262
0.238
0.22600000000000003
0.22600000000000003
0.22600000000000003
0.22600000000000003
0.22600000000000003
1.5832000000000002
0.34
0.42000000000000004
0.34880000000000005
0.326
0.076
0.076
0.076
0.076
0.076
0.076
0.076
0.076
0.076
0.076
0.076
0.277
0.277
0.277
0.277
0.15639999999999998
0.3966
0.4894
0.504
0.512
0.396
0.396
0.332
0.332
0.368
0.42119999999999996
0.522
0.51
0.5074
0.533
0.653
0.6904
0.8619999999999999
2.1488
2.0618000000000003
2.8869999999999996
2.8023999999999996
2.722
1.9288000000000003
0.739
2.4896000000000003
2.5159999999999996
2.672
3.0216000000000003
3.4846000000000004
1.7015999999999998
1.0211999999999999
0.7988
0.8667999999999999
0.932
0.9040000000000001
2.1233999999999997
2.7252
2.6373999999999995
1.7753999999999999
0.471
0.5898
0.5429999999999999
0.6342
1.0288
0.8238
0.601
0.569
0.504
0.536
0.536
0.536
0.5920000000000001
0.552
0.536
0.596
0.596
0.556
0.48439999999999994
0.34299999999999997
0.4069999999999999
0.076
0.076
0.076
0.076
0.076
0.076
0.076
0.076
0.076
0.076
0.1564
0.277
0.277
0.277
0.277
0.076
0.087
0.123
0.23499999999999996
0.223
0.211
0.5077999999999999
0.272
1.1312
0.6616000000000001
0.27759999999999996
0.3902
0.489
0.5694
0.8019999999999999
0.8300000000000001
0.75
0.7988000000000001
0.597
0.574
0.5313999999999999
0.373
0.421
0.421
0.5239999999999999
0.626
0.526
0.526
0.518
0.076
0.076
0.076
0.1564
0.277
0.277
