0.059
0.059
0.059
0.059
0.059
0.059
0.059
0.059
0.059
0.059
0.059
0.059
0.049
0.049
0.049
0.049
0.049
0.049
0.049
0.049
0.049
0.049
0.049
0.049
0.183
0.183
0.183
0.183
0.183
0.183
0.183
0.183
0.183
0.359
0.359
0.359
0.359
0.359
0.359
0.359
0.359
0.359
0.235
0.235
0.235
0.235
0.235
0.235
0.235
0.235
0.235
0.235
0.235
0.235
0.235
0.059
0.059
0.059
0.059
0.059
0.059
0.059
0.059
0.059
0.059
0.059
0.059
0.059
0.059
0.059
0.059
0.059
0.059
0.059
0.059
0.059
0.059
0.059
0.059
0.059
0.059
0.059
0.059
0.059
0.193
0.193
0.193
0.193
0.193
0.193
0.193
0.193
0.193
0.193
0.193
0.193
0.193
0.193
0.193
0.193
0.193
0.193
0.059
0.059
0.059
0.059
0.235
0.235
0.235
0.235
0.235
0.235
0.235
0.235
0.235
0.235
0.235
0.235
0.235
0.235
0.235
0.235
0.235
0.235
0.235
0.235
0.235
0.235
0.059
0.059
0.059
0.059
0.059
0.059
0.059
0.059
0.059
0.059
0.059
0.059
0.059
0.059
0.193
0.193
0.193
0.193
0.193
0.193
0.193
0.193
0.193
0.193
0.193
0.193
0.193
0.193
0.193
0.193
0.193
0.193
0.059
0.059
0.059
0.059
0.059
0.059
0.059
0.059
0.059
0.059
0.059
0.059
0.059
0.059
0.059
0.059
0.059
0.059
0.059
0.059
0.059
0.059
0.059
0.059
0.059
0.059
0.059
0.059
0.059
0.059
0.059
0.059
0.059
0.059
0.059
0.059
0.059
0.235
0.235
0.235
0.235
0.235
0.235
0.235
0.235
0.235
0.235
0.235
0.235
0.235
0.235
0.235
0.235
0.235
0.235
0.235
0.235
0.235
0.235
0.059
0.059
0.059
0.059
0.059
0.059
0.059
0.059
0.059
0.059
0.059
0.059
0.059
0.059
0.059
0.059
0.059
0.059
0.059
0.059
0.059
0.059
0.059
0.059
0.059
0.059
0.059
0.059
0.059
0.059
0.059
0.059
0.059
0.059
0.059
0.059
0.059
0.059
0.059
0.059
0.059
0.059
0.059
0.193
0.193
0.193
0.193
0.193
0.193
0.193
0.193
0.193
0.193
0.193
0.193
0.193
0.193
0.193
0.193
0.193
0.193
0.059
0.059
0.059
0.059
0.059
0.059
0.059
0.059
0.059
0.059
0.059
0.059
0.059
0.059
0.059
0.059
0.059
0.235
0.235
0.235
0.235
0.235
0.235
0.235
0.235
0.235
0.235
0.235
0.235
0.235
0.235
0.235
0.235
0.235
0.235
0.235
0.235
0.235
0.235
0.059
0.059
0.059
0.059
0.059
0.059
0.059
0.059
0.059
0.059
0.059
0.059
0.059
0.059
0.059
0.059
0.059
0.059
0.059
0.059
0.059
0.059
0.059
0.059
0.059
0.059
0.059
0.059
0.059
0.059
0.059
0.059
0.059
0.059
0.059
0.059
0.059
0.059
0.059
0.059
0.059
0.059
0.059
0.059
0.235
0.235
0.235
0.235
0.235
0.369
0.369
0.369
0.369
0.369
0.369
0.369
0.369
0.369
0.369
0.369
0.369
0.369
0.369
0.369
0.369
0.369
0.193
0.059
0.059
0.059
0.059
0.059
0.059
0.059
0.059
0.059
0.059
0.059
0.059
0.059
0.059
0.059
0.059
0.059
0.059
0.059
0.059
0.059
0.059
0.059
0.059
0.057
0.057
0.092
0.092
0.092
0.092
0.057
0.057
0.057
0.057
0.057
0.057
0.117
0.117
0.117
0.237
0.237
0.237
0.237
0.237
0.237
0.237
0.473
0.473
0.607
0.667
0.667
0.702
0.667
0.667
0.607
0.607
0.726
2.576
2.611
2.611
2.611
2.576
3.731
3.746
3.639
3.639
3.549
3.549
3.373
3.473
3.473
3.473
3.473
3.473
3.473
3.473
3.473
3.473
3.473
3.533
3.533
4.033
3.533
3.533
1.683
1.718
1.718
1.599
1.564
1.599
1.599
1.499
1.499
1.499
1.499
1.499
1.499
1.499
1.499
1.499
1.499
1.499
1.499
1.499
1.499
1.499
1.499
1.499
1.499
1.499
1.499
1.499
1.414
1.414
1.414
1.414
1.414
1.414
1.414
1.354
1.354
1.354
0.387
0.387
0.387
0.422
0.422
0.422
0.507
0.387
0.422
0.422
0.422
0.434
1.243
1.377
1.462
1.141
1.161
0.661
0.661
0.661
0.661
0.661
0.485
0.476
0.476
0.476
0.536
0.536
0.536
0.548
0.548
0.414
0.402
0.402
0.402
0.402
0.415
0.315
0.315
0.315
0.327
0.327
0.327
0.327
0.292
0.292
0.292
0.257
0.257
0.257
0.257
0.257
0.257
0.257
0.197
0.162
0.162
0.162
0.162
0.162
0.162
0.162
0.162
0.171
0.171
0.159
0.099
0.099
0.099
0.099
0.099
0.099
0.099
0.099
0.099
0.099
0.099
0.099
0.09
0.09
0.09
0.224
0.224
0.224
0.344
0.259
0.259
0.259
0.259
0.259
0.259
0.259
2.404
2.404
2.404
0.259
0.422
0.422
0.422
0.288
0.288
0.288
0.288
0.268
0.268
0.268
0.268
0.268
0.268
0.268
0.268
0.268
0.268
0.268
0.268
0.233
0.233
0.233
0.057
0.057
0.057
0.057
0.057
0.057
0.057
0.057
0.057
0.057
0.057
0.057
0.057
0.057
0.057
0.07
0.07
0.07
0.07
0.07
0.07
0.07
0.07
0.07
0.07
0.07
0.07
0.07
0.155
0.07
0.07
0.204
0.204
0.204
0.236
0.236
0.35
0.35
0.35
0.35
0.35
0.35
0.35
0.35
0.35
0.35
0.35
0.526
0.526
0.392
0.392
0.392
0.392
0.392
0.392
0.392
0.392
0.392
0.392
2.537
2.537
2.537
0.392
0.392
0.392
0.392
0.392
0.392
0.392
0.216
0.216
0.216
0.102
0.102
0.102
0.089
0.089
0.089
0.149
0.149
0.149
0.149
0.149
0.149
0.149
0.149
0.149
2.294
2.234
2.234
0.089
0.089
0.102
0.102
0.102
0.102
0.102
0.221
0.221
0.221
0.221
0.221
0.221
0.221
0.221
0.221
0.221
0.259
0.507
0.507
0.507
0.507
0.507
0.507
0.542
0.428
0.428
0.428
0.428
0.428
0.428
0.393
0.393
0.393
0.569
0.569
0.435
0.435
0.435
0.435
0.435
0.47
0.47
0.47
0.47
0.61
0.61
0.61
0.605
0.605
0.57
0.57
0.57
0.57
0.57
0.57
0.394
0.394
0.394
0.394
0.394
0.275
0.322
0.322
0.322
0.335
0.3
0.3
0.3
0.3
0.335
0.335
0.395
0.395
0.335
0.335
0.335
0.309
2.305
2.305
2.305
2.261
2.346
2.261
2.261
2.261
2.261
2.261
2.261
2.395
2.407
2.407
2.407
2.407
2.407
2.407
2.407
2.307
0.346
0.406
0.346
0.346
0.355
0.355
0.355
0.355
0.474
0.34
0.34
0.34
0.305
0.305
0.355
0.355
0.355
0.355
0.355
0.355
0.355
0.355
0.405
0.405
0.405
0.405
0.581
0.568
0.568
0.568
0.568
0.568
0.668
0.668
0.728
0.763
0.763
0.877
0.777
0.73
0.73
0.73
0.68
0.68
0.68
0.68
0.68
0.68
0.504
0.504
0.539
0.539
0.539
0.639
0.639
0.639
0.639
0.639
0.639
0.773
0.773
0.713
0.713
0.798
0.798
0.713
0.713
0.713
0.713
0.713
0.678
0.564
0.564
0.564
0.564
0.564
0.564
0.43
0.93
0.93
0.43
0.43
0.43
0.43
0.43
0.43
0.93
0.93
0.93
0.93
0.83
0.83
0.83
0.83
0.83
0.83
0.83
0.83
2.986
2.986
2.986
2.986
2.986
2.986
2.986
2.986
3.086
5.316
5.316
5.316
3.171
3.171
3.171
3.071
3.071
3.071
3.106
3.071
1.251
1.251
1.251
1.251
1.286
1.286
1.286
1.286
1.286
1.286
1.298
1.298
1.286
1.286
1.286
1.286
1.286
1.321
1.186
1.186
1.218
1.218
1.042
1.042
1.042
1.042
1.042
1.082
1.082
1.082
1.082
1.082
1.082
1.082
1.082
1.082
0.642
0.642
0.642
0.642
0.642
0.642
0.642
0.642
0.682
0.682
0.782
0.742
0.742
0.742
0.742
0.702
0.702
0.702
0.737
0.737
0.737
0.737
0.737
0.737
0.777
0.677
0.677
0.737
0.737
0.737
0.697
0.782
0.832
0.832
0.747
0.76
0.936
0.936
0.936
0.936
0.886
0.901
0.901
0.782
0.782
0.722
0.722
0.722
0.722
0.722
0.722
0.722
0.762
0.762
0.762
0.762
0.762
0.73
0.554
0.519
0.484
0.484
0.484
0.424
0.389
0.329
0.389
0.389
0.508
0.508
0.508
0.508
0.508
0.508
0.543
0.543
0.543
0.677
0.677
0.677
0.677
0.677
0.677
0.677
0.677
0.677
0.642
1.142
1.133
0.633
0.633
0.693
0.693
0.725
0.725
0.578
0.533
0.533
0.533
0.533
0.533
0.568
0.568
0.568
1.068
1.212
1.177
1.168
1.063
1.072
1.072
1.072
0.984
0.984
0.919
0.919
0.91
0.91
0.995
1.01
1.01
1.01
1.01
1.186
1.186
1.186
1.067
1.067
1.067
1.107
0.987
1.047
1.047
1.047
1.142
1.117
1.117
1.077
1.117
1.117
1.117
1.117
1.117
1.117
1.137
0.961
0.926
0.386
0.386
0.386
0.386
0.386
0.386
0.386
0.446
0.446
0.446
0.446
0.446
0.446
0.446
0.546
0.546
0.546
0.546
0.546
0.514
0.628
0.628
0.628
0.728
0.728
0.801
0.801
0.801
0.801
0.673
0.673
0.807
0.807
0.807
0.807
0.807
0.807
0.807
0.926
0.866
0.866
0.831
0.871
1.406
1.406
1.379
1.475
1.49
1.55
1.393
1.333
1.333
1.333
1.345
1.38
1.38
1.38
1.368
1.368
1.333
1.333
1.333
1.333
1.333
1.333
1.333
1.418
1.418
1.242
1.242
1.242
1.242
1.242
1.23
1.23
1.23
1.23
0.73
1.23
1.23
1.23
1.242
1.242
1.242
1.157
1.144
1.164
1.144
1.144
1.144
1.144
1.144
1.144
1.204
1.192
1.192
1.192
1.17
1.17
1.13
1.13
1.016
0.984
0.924
0.924
0.924
0.864
0.959
0.959
0.959
0.959
0.959
0.924
0.924
0.924
0.924
0.924
0.965
0.465
0.456
0.441
0.441
2.626
2.586
2.586
0.441
0.45
0.441
0.617
0.617
0.617
0.617
0.617
0.617
0.617
0.617
0.617
0.731
0.731
0.617
0.617
0.632
0.632
0.632
0.632
0.632
0.632
0.632
0.632
2.777
2.601
2.601
0.456
0.541
0.506
0.421
0.43
0.417
0.452
0.452
0.392
0.392
0.491
0.491
0.491
0.471
0.471
0.971
1.071
0.571
0.571
0.571
0.471
0.471
0.506
0.62
0.645
0.645
0.745
1.849
1.715
1.615
1.615
1.615
1.555
1.47
1.482
1.482
1.482
1.517
1.585
1.485
1.485
1.57
1.57
1.63
1.63
1.665
1.841
1.841
1.841
1.841
1.901
1.881
1.809
1.809
1.809
1.809
1.809
0.745
0.745
0.745
0.745
0.745
0.73
0.635
0.585
0.585
0.585
0.545
0.369
0.369
0.469
0.469
0.481
0.481
2.605
2.665
2.605
0.473
0.473
0.473
0.473
0.473
0.523
0.523
0.438
0.438
0.498
0.498
0.583
0.483
0.483
0.398
0.493
0.453
0.448
0.483
0.483
0.583
0.583
0.583
0.595
0.595
0.729
0.729
0.729
2.862
2.902
2.902
0.757
0.643
0.703
0.703
0.723
0.688
0.688
0.864
1.034
1.034
1.034
0.949
0.815
0.815
0.815
0.815
0.755
0.755
0.755
0.755
0.755
0.755
2.9
2.9
2.9
0.735
0.735
0.735
0.675
0.486
0.486
0.518
0.518
0.553
0.553
0.059
0.059
0.059
0.059
0.059
0.059
0.059
0.059
0.059
0.059
0.059
0.059
0.059
0.059
0.059
0.193
0.193
0.193
0.193
0.193
0.193
0.193
0.193
0.193
0.193
0.193
0.193
0.193
0.193
0.193
