0.067
0.067
0.057
0.067
0.155
0.155
0.155
0.155
0.155
0.155
0.153
0.153
0.153
0.153
0.153
0.153
0.153
0.153
0.143
0.143
0.143
0.328
0.24
0.24
0.24
0.24
0.24
0.24
0.24
0.24
0.24
0.24
0.25
0.25
0.263
0.328
0.328
0.328
0.339
0.339
0.339
0.379
0.339
0.194
0.194
0.194
0.194
0.194
0.194
0.194
0.194
0.194
0.194
0.194
0.194
0.194
0.194
0.194
0.194
0.194
0.194
0.194
0.194
2.144
2.144
2.144
0.194
0.194
0.194
0.194
0.194
0.194
0.194
0.194
0.194
0.194
0.189
0.189
0.277
0.277
0.242
0.242
0.242
0.242
0.342
0.342
0.242
0.242
0.242
0.242
3.351
3.351
3.536
3.536
3.523
3.523
3.435
3.435
3.435
3.435
3.435
3.435
3.435
3.435
3.435
3.435
3.465
3.465
3.465
3.579
0.47
0.459
0.459
0.459
0.274
0.274
0.274
0.274
0.274
0.274
0.274
0.274
0.274
0.274
0.274
0.209
3.318
3.318
3.318
3.318
3.318
3.318
3.318
3.318
3.318
3.318
3.318
3.318
3.318
3.318
3.318
3.318
3.318
3.318
3.318
3.318
0.209
0.209
0.209
0.209
0.209
0.209
0.209
0.209
0.209
0.274
0.374
0.374
0.32
0.32
0.255
0.32
0.26
0.36
0.26
0.3
0.3
0.3
0.3
0.3
0.26
0.26
0.26
0.26
0.26
0.26
0.26
0.26
3.369
3.339
3.339
3.339
3.339
3.274
3.274
3.274
3.459
3.459
3.554
3.554
3.554
3.494
3.534
3.574
3.634
3.594
3.594
3.594
0.485
0.485
0.485
0.485
0.485
0.485
0.485
0.485
0.485
0.485
0.3
0.3
0.414
0.414
0.414
0.414
0.414
0.414
0.414
0.414
0.414
0.514
0.514
0.514
0.514
0.514
0.514
0.4
0.4
0.4
0.4
0.3
0.3
0.3
0.3
0.3
0.3
0.24
0.328
0.328
0.328
0.328
0.328
0.664
0.664
0.664
0.664
0.393
0.328
0.328
0.393
0.393
0.393
0.393
0.393
0.393
0.305
0.305
0.305
0.305
0.49
0.59
0.59
0.59
0.59
0.59
0.59
0.59
0.59
0.59
0.59
0.59
0.59
0.55
0.55
0.55
0.55
0.55
0.55
0.55
0.515
0.515
0.33
0.33
0.33
0.33
0.33
0.33
0.33
0.33
0.33
0.33
0.33
0.33
0.33
0.33
0.33
0.33
0.33
0.33
0.33
0.33
0.33
0.33
0.33
0.353
0.353
0.353
0.253
0.253
0.253
0.253
0.253
0.253
0.253
0.253
0.253
2.268
2.268
2.268
0.318
3.427
3.427
3.339
3.339
3.339
3.339
3.339
3.339
3.339
3.339
3.339
3.339
3.339
3.339
3.339
3.339
3.339
3.339
3.339
3.339
0.23
0.13
0.13
0.13
0.13
0.13
0.13
0.35
0.35
0.35
0.35
0.35
0.35
0.315
3.424
3.424
3.424
3.424
3.424
3.424
3.424
3.424
3.424
3.424
3.424
3.437
3.437
3.437
3.537
3.352
3.387
3.387
3.387
3.387
0.278
0.278
0.366
0.331
0.331
0.331
0.331
0.331
0.331
0.331
0.371
0.371
0.371
0.371
0.371
0.371
0.371
0.371
0.371
0.371
0.283
0.283
0.283
0.283
0.283
0.318
2.268
2.268
2.268
0.318
0.318
0.318
0.318
0.318
0.318
0.318
0.329
0.329
0.329
0.329
0.574
0.574
0.574
0.574
0.574
0.574
0.574
0.574
3.648
3.648
3.648
3.647
3.647
3.647
3.647
3.635
3.635
3.635
3.635
3.635
3.635
3.635
3.45
3.39
3.39
3.39
5.34
5.34
2.231
0.281
0.281
0.281
0.281
0.281
0.281
0.369
0.369
0.369
0.369
0.369
0.369
0.441
2.391
2.391
2.391
0.441
0.441
0.441
0.441
2.424
2.424
2.424
2.424
2.336
2.336
2.336
2.336
2.336
2.336
2.336
2.371
2.371
2.371
2.331
2.331
2.331
2.331
2.331
2.331
2.32
0.337
0.337
0.447
0.447
0.783
0.783
3.892
3.892
3.556
3.556
3.556
3.556
3.631
3.631
3.631
3.631
3.631
3.631
3.631
3.631
3.631
3.631
3.631
3.631
3.631
3.631
0.522
0.522
0.522
0.522
0.522
0.623
0.623
0.623
0.538
0.538
0.498
0.333
0.333
0.333
0.333
0.333
0.333
0.333
0.333
0.333
0.333
0.333
0.333
0.245
0.245
0.245
0.345
0.345
0.345
0.345
0.345
0.31
0.31
0.37
0.37
0.435
0.435
0.612
0.612
0.335
0.335
0.335
0.335
0.335
0.375
0.375
0.375
0.375
0.375
0.375
0.552
0.552
0.335
0.335
0.335
0.335
0.335
0.27
0.27
0.37
0.37
0.37
0.37
0.547
0.547
0.297
0.297
0.297
1.333
1.333
1.333
0.297
0.297
0.297
0.297
0.297
0.474
0.747
0.965
0.965
0.965
0.965
0.965
0.398
0.398
0.398
0.398
0.398
0.398
0.398
0.409
0.409
0.409
0.409
0.409
0.321
0.261
0.261
0.261
0.076
0.076
0.076
0.076
0.076
0.076
0.076
0.076
0.076
0.076
0.076
0.076
0.076
0.076
0.076
0.076
0.076
0.076
0.076
3.185
3.185
3.185
3.185
3.185
3.185
3.185
3.185
3.185
3.185
3.185
3.185
3.185
3.185
3.185
3.185
3.185
3.185
3.185
3.185
0.076
0.076
0.076
0.076
9.388
9.476
9.476
0.164
0.164
0.349
0.349
0.349
0.349
0.349
0.349
0.349
0.349
0.349
0.349
0.349
0.349
0.349
0.349
0.261
0.261
0.25
0.25
0.28
0.28
3.389
3.389
3.204
3.204
3.204
3.204
3.204
3.204
3.204
3.204
3.204
3.204
3.204
3.204
3.204
3.204
3.204
3.204
3.204
3.204
0.095
0.095
0.095
0.108
0.108
0.108
0.108
0.108
0.108
0.108
3.217
3.217
3.217
3.217
3.217
3.217
3.217
3.217
3.217
3.217
3.217
3.217
3.217
3.217
3.217
3.217
3.217
3.217
3.217
3.217
0.108
0.293
0.293
0.293
0.293
0.293
0.293
0.293
0.293
0.293
0.293
0.293
0.293
0.293
0.293
0.293
0.293
0.293
0.293
0.293
0.293
0.263
0.263
0.078
1.114
1.114
1.114
0.078
0.078
0.188
0.188
0.188
0.188
0.175
0.175
0.175
0.175
0.175
0.175
0.175
0.175
0.235
0.136
0.136
0.136
0.136
0.136
0.136
0.136
0.208
0.208
0.208
0.208
0.208
0.208
0.208
0.208
2.191
2.191
2.191
2.191
2.191
2.191
2.191
2.256
2.256
2.196
2.131
2.131
2.131
2.131
2.219
2.219
2.219
2.219
2.219
2.219
2.219
0.236
0.236
0.236
0.236
0.236
0.236
0.236
0.236
0.236
0.236
0.236
0.148
0.148
0.148
0.148
0.148
0.148
0.333
0.363
0.363
0.363
0.363
0.363
0.473
0.473
0.473
0.473
0.473
0.473
0.363
0.363
0.363
0.363
0.363
0.363
0.363
0.363
0.352
0.352
0.167
0.167
0.167
0.167
0.277
0.277
0.277
0.277
0.277
0.29
0.29
0.29
0.29
0.29
0.29
0.29
0.29
0.29
0.29
0.29
0.29
0.29
0.29
0.29
0.467
0.467
0.29
0.29
0.29
0.29
0.29
0.29
0.29
0.29
0.29
0.29
0.29
0.467
0.467
0.29
0.378
0.378
0.378
0.378
0.378
5.437
5.437
5.437
3.487
3.487
3.664
3.664
3.457
3.457
3.457
3.457
3.642
3.642
3.554
3.554
3.554
3.554
3.554
3.771
3.771
0.98
0.98
0.98
0.98
1.027
0.46
0.46
0.46
0.46
0.46
0.46
0.42
0.42
0.235
0.235
0.235
0.235
0.235
0.235
0.235
3.344
3.344
3.344
3.344
3.344
3.344
3.344
3.344
3.344
3.344
3.344
3.344
3.344
3.344
3.344
3.344
3.432
3.432
3.432
3.432
0.334
0.334
0.334
0.334
0.334
0.334
0.347
0.347
0.347
0.347
0.347
0.347
0.347
0.347
0.259
0.259
0.259
0.259
0.259
0.259
0.259
0.259
0.294
0.294
0.294
0.294
0.294
0.294
2.244
2.209
2.209
0.259
0.259
0.294
0.294
0.294
0.294
0.294
0.294
0.294
0.259
0.259
0.259
0.259
0.259
0.324
0.324
0.324
0.249
0.359
0.359
0.544
0.544
0.544
0.658
0.548
0.548
0.483
0.483
0.543
0.543
0.543
0.543
0.543
0.543
0.543
0.63
0.53
0.53
0.53
0.53
0.495
0.495
0.299
0.299
0.299
0.299
0.299
0.299
0.299
0.299
0.299
0.239
0.327
0.327
0.327
0.327
0.327
0.327
0.327
0.327
0.327
0.327
0.327
0.327
0.327
0.327
0.327
0.327
0.327
0.34
1.288
1.288
1.288
0.252
0.252
0.252
0.252
0.252
0.252
0.252
0.317
0.317
0.317
0.317
0.252
0.252
0.252
0.252
0.252
0.317
0.317
0.317
0.317
0.317
0.317
0.317
0.317
0.417
2.367
2.367
2.302
0.352
0.352
0.352
0.352
0.352
0.352
0.44
0.44
0.44
0.44
0.44
0.44
0.44
0.44
0.44
0.44
0.44
0.44
3.549
3.734
3.734
5.684
5.684
5.684
3.646
3.646
3.586
3.586
3.573
3.573
3.608
3.608
3.608
3.608
12.92
12.92
12.92
3.608
0.499
0.499
0.499
0.314
0.314
0.314
0.2
0.2
0.2
0.2
0.2
0.2
0.2
0.2
0.2
0.2
0.2
0.2
0.2
0.265
0.265
0.265
0.2
0.2
0.2
0.2
0.1
0.1
0.21
0.1
0.1
0.14
0.14
0.1
0.16
0.16
0.16
0.26
0.26
0.16
0.16
0.16
0.16
0.16
0.16
0.22
0.22
0.231
0.231
0.231
0.231
0.231
0.416
0.416
0.416
0.416
0.416
0.516
0.526
0.526
6.341
6.341
6.341
6.341
6.341
6.381
6.381
6.381
6.271
6.276
6.276
6.236
6.236
6.236
6.051
6.139
3.433
3.433
3.433
3.433
0.324
0.324
0.324
0.324
0.324
0.364
0.464
0.464
0.424
0.424
0.538
0.538
0.568
0.48
0.48
0.48
0.366
0.48
0.48
0.48
0.48
0.48
0.48
0.48
0.48
0.48
0.48
0.48
0.48
0.48
0.48
0.48
0.48
0.42
0.42
0.42
0.42
0.32
0.32
0.32
0.309
0.244
0.244
0.244
0.244
0.244
0.244
0.244
0.344
0.344
3.453
3.353
3.353
3.353
3.353
3.413
3.413
3.413
3.413
3.413
3.413
3.413
3.353
3.353
3.353
3.353
3.453
3.638
3.638
3.638
0.529
0.529
0.529
0.529
0.529
0.529
0.529
0.529
0.529
0.594
0.682
0.682
0.682
0.682
0.682
0.652
0.652
0.682
0.682
0.497
0.497
0.497
0.497
0.497
0.497
0.497
0.497
0.497
0.409
0.409
0.409
0.409
0.409
0.344
0.344
0.344
0.454
0.454
0.454
0.454
0.344
3.518
3.483
3.483
3.483
3.483
3.483
3.483
3.483
3.483
3.483
3.483
0.067
0.067
0.067
0.067
0.067
0.067
0.067
0.067
0.067
0.067
0.067
0.067
0.067
0.067
0.067
0.067
0.067
0.067
0.252
0.252
0.252
0.252
0.252
0.252
0.252
0.252
0.252
0.252
0.34
0.34
0.34
0.34
0.34
0.34
0.34
0.34
0.34
0.34
0.34
0.34
0.155
0.155
0.155
0.155
0.155
0.155
0.067
0.067
0.067
0.067
0.067
0.067
0.067
0.067
0.067
0.067
0.067
0.067
0.067
0.067
0.067
0.067
0.067
0.067
0.067
0.067
0.067
0.067
0.067
0.067
0.067
0.067
0.067
0.067
0.067
0.067
0.067
0.067
0.067
0.067
0.067
0.067
0.067
0.067
0.067
0.067
0.067
0.067
0.155
0.155
0.155
0.155
0.155
0.155
0.155
0.155
0.155
0.155
0.155
0.155
0.155
0.155
0.155
0.155
0.155
0.155
0.067
0.067
0.252
0.252
0.252
0.252
0.252
0.252
0.252
0.252
0.252
0.252
0.252
0.252
