0.351
0.351
0.351
0.351
0.351
0.351
0.351
0.351
0.351
0.351
0.351
0.351
0.351
0.351
0.262
0.212
0.212
0.212
0.212
0.212
0.225
0.375
0.275
0.275
0.275
0.285
0.285
0.285
0.285
0.225
0.225
0.285
0.285
0.285
0.285
0.249
0.249
0.063
0.063
0.063
0.063
0.063
0.063
0.063
0.063
0.063
0.261
0.261
0.261
0.261
0.261
0.261
0.251
0.251
0.251
0.251
0.251
0.251
0.251
0.251
0.251
0.251
0.251
0.251
0.251
0.251
0.251
0.251
0.053
0.053
0.053
0.053
0.053
0.053
0.053
0.053
0.053
0.053
0.053
0.053
0.053
0.063
0.235
0.235
0.235
0.235
0.235
0.235
0.235
0.235
0.235
0.235
0.235
0.235
0.235
0.235
0.235
0.235
0.235
0.235
0.235
0.235
0.063
0.063
0.063
0.063
0.063
0.063
0.063
0.063
0.063
0.063
0.063
0.063
0.063
0.063
0.063
0.063
0.063
0.063
0.063
0.063
0.063
0.063
0.063
0.063
0.063
0.063
0.063
0.063
0.063
0.063
0.063
0.063
0.261
0.261
0.261
0.259
0.259
0.259
0.259
0.259
0.259
0.259
0.259
0.267
0.439
0.433
0.433
0.433
0.433
0.433
0.433
0.433
0.433
0.433
0.235
0.235
0.235
0.235
0.235
0.235
0.235
0.235
0.235
0.235
0.063
0.063
0.063
0.063
0.063
0.063
0.185
0.185
0.185
0.185
0.185
0.185
0.185
0.185
0.185
0.185
0.185
0.185
0.185
0.185
0.185
0.185
0.185
0.185
0.063
0.063
0.063
0.063
0.063
0.063
0.063
0.063
0.063
0.063
0.063
0.063
0.063
0.063
0.063
0.063
0.063
0.063
0.063
0.063
0.063
0.063
0.063
0.063
0.063
0.063
0.063
0.063
0.063
0.063
0.063
0.063
0.063
0.063
0.063
0.063
0.063
0.063
0.063
0.261
0.261
0.261
0.261
0.261
0.261
0.261
0.261
0.261
0.261
0.261
0.261
0.261
0.261
0.261
0.261
0.261
0.261
0.261
0.261
0.261
0.261
0.063
0.063
0.063
0.063
0.185
0.185
0.185
0.185
0.185
0.185
0.185
0.185
0.185
0.185
0.357
0.357
0.357
0.357
0.357
0.357
0.357
0.357
0.235
0.235
0.235
0.235
0.235
0.235
0.235
0.235
0.235
0.235
0.235
0.235
0.063
0.063
0.063
0.063
0.063
0.063
0.063
0.063
0.063
0.063
0.063
0.063
0.063
0.063
0.063
0.063
0.063
0.063
0.063
0.063
0.063
0.063
0.063
0.063
0.063
0.063
0.063
0.063
0.063
0.063
0.063
0.063
0.063
0.063
0.063
0.063
0.063
0.063
0.063
0.063
0.063
0.063
0.063
0.185
0.185
0.185
0.185
0.185
0.185
0.185
0.185
0.185
0.185
0.185
0.185
0.185
0.185
0.185
0.357
0.357
0.357
0.235
0.235
0.235
0.235
0.235
0.235
0.235
0.235
0.235
0.235
0.235
0.235
0.235
0.433
0.433
0.433
0.433
0.261
0.261
0.261
0.261
0.261
0.261
0.261
0.261
0.261
0.261
0.261
0.261
0.261
0.261
0.261
0.261
0.261
0.261
0.063
0.063
0.063
0.063
0.063
0.063
0.063
0.063
0.063
0.063
0.063
0.063
0.063
0.063
0.063
0.063
0.063
0.063
0.063
0.063
0.063
0.063
0.063
0.063
0.063
0.235
0.235
0.235
0.235
0.235
0.235
0.235
0.235
0.235
0.235
0.357
0.355
0.355
0.415
0.415
0.415
0.415
0.415
0.415
0.415
9.574
9.574
9.574
0.243
0.243
0.243
0.243
0.243
0.121
0.221
0.229
0.129
0.129
0.129
0.129
0.129
0.129
0.129
0.129
0.129
0.129
0.129
0.129
0.121
0.121
0.181
0.181
0.252
0.252
0.252
0.252
0.312
0.312
0.312
0.312
0.312
0.312
0.312
0.332
0.332
0.332
0.332
0.332
0.332
0.332
0.332
0.332
0.332
0.332
0.332
0.332
0.332
0.34
0.34
0.34
0.34
0.34
0.34
0.34
0.34
0.34
0.34
0.34
0.28
0.28
0.28
0.28
0.34
0.34
0.34
0.34
0.34
0.34
0.34
0.28
0.482
0.482
0.502
0.502
0.482
0.482
0.482
0.462
0.422
0.422
0.422
0.422
0.422
0.422
0.422
0.362
0.362
0.362
0.24
0.24
0.24
0.2
0.2
0.2
0.2
0.2
0.2
0.069
0.109
0.121
0.121
0.121
0.121
0.307
0.307
0.307
0.367
0.367
0.367
0.387
0.447
0.387
0.387
0.387
0.387
0.387
0.447
0.447
0.447
0.447
0.547
0.527
0.527
0.415
0.475
0.475
0.475
0.475
0.475
0.475
0.525
0.415
0.415
0.355
0.355
0.255
0.063
0.063
0.063
0.063
0.063
0.063
0.063
0.185
0.185
0.185
0.185
0.185
0.185
0.185
0.185
0.185
0.185
0.185
0.185
0.185
0.185
0.185
0.185
0.185
0.185
0.063
0.063
0.063
0.063
0.063
0.063
0.063
0.063
0.063
0.063
0.063
0.063
0.063
0.063
0.063
0.063
0.063
0.235
0.235
0.235
0.235
0.235
0.235
0.235
0.235
0.235
0.235
0.235
0.235
0.235
0.235
0.235
0.235
0.235
0.235
0.235
0.235
0.063
0.063
0.063
0.063
0.063
0.063
0.185
0.185
0.185
0.185
0.185
0.185
0.185
0.383
0.383
0.383
0.383
0.383
0.383
0.383
0.383
0.383
0.383
0.383
0.261
0.261
0.261
0.261
0.261
0.261
0.261
0.261
0.261
0.261
0.261
0.063
0.063
0.063
0.063
0.063
0.063
0.063
0.063
0.063
0.063
0.063
0.063
0.063
0.063
0.235
0.235
0.235
0.235
0.235
0.235
0.235
0.235
0.235
0.235
0.235
0.235
0.235
0.235
0.235
0.235
0.235
0.235
0.235
0.235
0.063
0.063
0.063
0.063
0.063
0.063
0.063
0.063
0.063
0.185
0.185
0.185
0.185
0.185
0.185
0.185
0.185
0.185
0.185
0.185
0.185
0.185
0.185
0.185
0.185
0.185
0.185
0.063
0.063
0.063
0.063
0.063
0.063
0.063
0.063
0.063
0.063
0.261
0.261
0.273
0.273
0.273
0.273
0.445
0.445
0.445
0.445
0.445
0.445
0.445
0.445
0.445
2.462
2.462
2.462
2.462
2.462
2.462
2.462
2.264
2.264
2.264
2.264
2.092
2.092
2.092
2.078
2.078
2.078
2.078
2.078
2.078
2.078
2.078
2.078
2.078
2.106
2.166
2.166
0.089
0.089
0.103
0.103
0.103
0.103
0.103
0.103
0.103
0.103
0.103
0.103
0.103
0.103
0.103
0.103
0.103
0.103
0.103
0.103
0.063
0.063
0.063
0.063
0.063
0.063
0.063
0.063
0.063
0.063
0.063
0.063
0.063
0.063
0.063
0.185
0.185
0.185
0.185
0.185
0.185
0.185
0.185
0.185
0.185
0.185
0.185
0.185
0.185
0.185
0.185
0.185
0.185
0.063
0.063
0.063
0.063
0.063
0.063
0.063
0.063
0.063
0.235
0.235
0.235
0.235
0.235
0.235
0.235
0.235
0.235
0.235
0.235
0.235
0.235
0.235
0.235
0.235
0.235
0.235
0.235
0.235
0.063
0.063
0.063
0.063
0.063
0.063
0.063
0.063
0.063
0.063
0.063
0.063
0.063
0.063
0.063
0.063
0.063
0.063
0.063
0.063
0.063
0.063
0.063
0.063
0.063
0.261
0.261
0.261
0.261
0.261
0.261
0.261
0.261
0.261
0.261
0.383
0.383
0.383
0.383
0.383
0.383
0.383
0.383
0.383
0.383
0.383
0.383
0.185
0.185
0.185
0.185
0.185
0.185
0.063
0.063
0.063
0.063
0.063
0.063
0.063
0.063
0.063
0.063
0.063
0.063
0.063
0.063
0.063
0.063
0.063
0.063
0.063
0.063
0.063
0.063
0.063
0.063
0.063
0.063
0.063
0.063
0.063
0.063
0.063
0.063
0.063
0.063
0.063
0.063
0.063
0.063
0.063
0.235
0.235
0.235
0.235
0.235
0.235
0.235
0.235
0.235
0.235
0.235
0.235
0.433
0.433
0.433
0.433
0.433
0.433
0.433
0.433
0.383
0.383
0.383
0.383
0.383
0.383
0.383
0.383
0.383
0.383
0.383
0.383
0.383
0.383
0.185
0.185
0.185
0.185
0.063
0.063
0.063
0.063
0.063
0.063
0.063
0.063
0.063
0.063
0.063
0.063
0.063
0.063
0.063
0.063
0.063
0.063
0.063
0.063
0.063
0.063
0.063
0.063
0.063
0.063
0.063
0.063
0.063
0.063
0.063
0.063
0.063
0.063
0.063
0.063
0.063
0.063
0.063
0.063
0.063
0.185
0.185
0.185
0.185
0.185
0.357
0.357
0.357
0.357
0.357
0.357
0.357
0.357
0.357
0.357
0.357
0.357
0.357
0.235
0.235
0.235
0.235
0.235
0.235
0.235
0.063
0.063
0.261
0.261
0.261
0.261
0.261
0.261
0.261
0.261
0.261
0.261
0.261
0.261
0.261
0.261
0.261
0.261
0.261
0.261
0.261
0.261
0.261
0.261
0.063
0.063
0.063
0.063
0.063
0.063
0.063
0.063
0.063
0.063
0.063
0.063
0.063
0.063
0.063
0.063
0.063
0.063
0.063
0.063
0.063
0.063
0.063
0.063
0.063
0.063
0.063
0.063
0.103
0.203
0.203
0.203
0.103
0.194
0.194
0.194
0.194
0.194
0.194
0.234
0.234
0.234
0.234
0.234
0.234
0.254
0.624
0.624
0.624
0.664
0.724
0.724
0.664
0.714
0.836
0.836
0.836
0.836
0.836
0.836
0.936
0.996
0.996
1.056
0.996
0.996
0.824
0.824
0.626
0.626
0.626
0.626
0.504
0.504
0.504
0.504
0.504
0.504
0.476
0.476
0.476
0.476
0.627
0.482
0.482
0.482
0.632
0.632
0.632
0.632
0.532
0.592
0.62
0.419
0.419
0.419
0.419
0.269
0.269
0.269
0.269
0.329
0.329
0.309
0.309
0.309
2.444
2.444
2.484
0.409
0.417
0.377
0.377
0.377
0.377
0.377
0.575
0.575
0.575
0.589
0.589
0.589
0.589
0.589
0.761
0.761
0.761
0.821
0.813
0.813
0.813
0.813
0.813
0.873
0.813
0.813
0.753
0.753
0.555
0.555
0.555
0.555
0.555
0.569
0.397
0.397
0.397
0.397
0.397
0.337
0.437
0.497
0.628
0.628
0.728
0.728
0.728
0.788
0.728
0.728
0.788
0.688
0.628
0.568
0.568
0.54
0.448
0.448
0.448
0.508
0.508
0.448
0.448
0.448
0.448
0.488
0.388
0.388
0.388
0.374
0.314
0.314
0.414
0.414
0.586
0.586
0.486
0.486
0.684
0.684
0.676
0.716
0.716
0.716
0.716
0.776
0.776
2.901
2.901
2.909
0.794
0.794
0.794
0.794
0.622
0.602
0.614
0.614
0.614
0.634
0.436
0.496
0.496
0.496
0.496
0.446
0.494
0.494
0.544
0.544
0.764
0.764
0.732
0.732
0.732
0.732
0.732
0.732
0.732
0.732
0.732
0.732
0.732
0.682
0.56
0.574
0.574
0.574
0.574
0.574
0.574
0.634
0.634
0.634
0.634
0.674
0.674
0.634
0.746
0.746
0.806
0.806
0.866
0.866
0.866
0.866
0.906
0.966
0.966
0.966
0.966
0.966
0.966
0.966
0.966
0.966
0.906
0.926
0.754
0.754
0.754
0.754
0.754
0.754
0.754
0.754
0.754
0.694
0.892
0.892
0.792
0.792
0.792
0.892
0.892
0.922
0.872
0.872
0.872
0.872
0.872
0.872
0.872
0.712
0.712
0.684
0.684
0.684
0.584
0.584
0.386
0.386
0.386
0.461
0.461
0.461
0.461
0.461
0.475
0.475
0.475
0.475
0.475
0.475
0.475
0.475
0.475
0.475
0.475
0.475
0.475
0.475
0.475
0.475
0.475
0.4
0.4
0.4
0.4
0.522
0.522
0.522
0.694
0.694
0.854
0.794
0.794
0.794
0.357
0.357
0.357
0.357
0.357
0.357
0.357
0.357
0.357
0.235
0.235
0.235
0.235
0.235
0.063
0.063
0.063
0.063
0.063
0.063
0.063
0.063
0.063
