0.0784666666666667
0.25206666666666677
0.08026666666666668
0.165
0.07593333333333334
0.076
0.27379999999999993
0.19033333333333333
0.076
0.076
0.23206666666666662
0.2320666666666667
0.076
0.076
0.09579999999999998
0.2523333333333333
0.19200000000000006
0.076
0.109
0.1618
0.076
0.134
0.2113333333333334
0.1684
0.10240000000000002
0.076
0.134
0.27073333333333327
0.13540000000000005
0.076
0.076
0.076
0.10133333333333333
0.2664000000000001
0.4093333333333332
0.4304
1.8286666666666667
2.4622666666666664
0.5713333333333334
0.2746000000000001
0.30399999999999994
0.27753333333333335
0.35400000000000004
0.12353333333333337
0.076
0.076
0.076
0.076
0.076
0.076
0.076
0.15333333333333335
0.23819999999999994
0.14860000000000004
0.076
0.11466666666666668
0.22100000000000006
0.08566666666666665
0.076
0.076
0.08566666666666665
0.22100000000000006
0.17406666666666665
0.13540000000000005
0.07959999999999998
0.3229999999999999
0.25499999999999995
0.2517333333333333
0.3684
1.559133333333333
2.670733333333334
0.6853333333333335
0.6317333333333331
0.6832666666666666
0.5906666666666667
2.359799999999999
0.5616
0.8504000000000002
0.6914666666666668
1.0638666666666665
3.3846666666666674
1.9646666666666663
4.270733333333334
0.8955333333333334
0.7427333333333332
0.7325999999999998
0.7082000000000002
0.6369333333333334
0.5510000000000002
0.7713333333333332
0.8526
0.7204666666666666
0.7220666666666667
0.6030000000000001
0.6336666666666666
0.15560000000000007
