0.063
0.063
0.063
0.063
0.063
0.063
0.063
0.063
0.063
0.063
0.063
0.063
0.063
0.063
0.063
0.063
0.063
0.063
0.063
0.073
0.073
0.073
0.24
0.24
0.24
0.24
0.24
0.24
0.24
0.24
0.24
0.24
0.24
0.24
0.24
0.24
0.24
0.24
0.24
0.24
0.24
0.24
0.24
0.24
0.073
0.073
0.073
0.073
0.073
0.073
0.073
0.073
0.073
0.073
0.073
0.073
0.073
0.073
0.184
0.184
0.184
0.184
0.184
0.184
0.184
0.184
0.184
0.184
0.184
0.184
0.184
0.184
0.184
0.184
0.184
0.184
0.073
0.073
0.073
0.073
0.073
0.073
0.073
0.073
0.073
0.073
0.073
0.073
0.073
0.073
0.073
0.073
0.073
0.073
0.24
0.24
0.24
0.24
0.24
0.24
0.24
0.24
0.24
0.24
0.24
0.24
0.24
0.24
0.24
0.24
0.24
0.24
0.24
0.24
0.24
0.24
0.073
0.073
0.073
0.073
0.073
0.073
0.073
0.073
0.073
0.073
0.073
0.073
0.073
0.073
0.184
0.184
0.184
0.184
0.184
0.184
0.184
0.184
0.184
0.184
0.184
0.184
0.184
0.184
0.184
0.184
0.184
0.184
0.073
0.073
0.073
0.073
0.073
0.073
0.073
0.073
0.073
0.073
0.073
0.073
0.073
0.073
0.073
0.073
0.073
0.073
0.073
0.073
0.24
0.24
0.24
0.24
0.24
0.24
0.24
0.24
0.24
0.24
0.24
0.24
0.24
0.24
0.24
0.24
0.24
0.24
0.24
0.24
0.24
0.24
0.073
0.073
0.073
0.073
0.073
0.073
0.073
0.184
0.184
0.184
0.184
0.184
0.184
0.184
0.184
0.184
0.184
0.184
0.184
0.184
0.184
0.184
0.184
0.184
0.184
0.073
0.073
0.073
0.073
0.073
0.073
0.073
0.073
0.073
0.073
0.073
0.073
0.073
0.073
0.073
0.073
0.073
0.073
0.073
0.073
0.073
0.073
0.073
0.073
0.073
0.073
0.073
0.073
0.073
0.073
0.073
0.073
0.073
0.073
0.073
0.073
0.073
0.073
0.073
0.073
0.073
0.073
0.24
0.24
0.24
0.24
0.24
0.24
0.24
0.24
0.24
0.24
0.24
0.24
0.24
0.24
0.24
0.24
0.24
0.24
0.24
0.24
0.24
0.24
0.073
0.073
0.073
0.073
0.073
0.184
0.184
0.184
0.184
0.184
0.184
0.184
0.184
0.184
0.184
0.184
0.184
0.184
0.184
0.184
0.184
0.184
0.184
0.073
0.073
0.073
0.073
0.073
0.073
0.073
0.073
0.073
0.073
0.073
0.073
0.073
0.073
0.073
0.073
0.073
0.073
0.073
0.073
0.073
0.073
0.073
0.073
0.073
0.073
0.073
0.073
0.073
0.073
0.073
0.073
0.073
0.073
0.073
0.073
0.073
0.073
0.073
0.073
0.073
0.073
0.184
0.184
0.184
0.184
0.351
0.351
0.351
0.351
0.351
0.351
0.351
0.351
0.351
0.351
0.351
0.351
0.351
0.351
0.24
0.24
0.24
0.24
0.24
0.24
0.24
0.24
0.073
0.073
0.073
0.073
0.073
0.073
0.073
0.073
0.073
0.073
0.073
0.073
0.073
0.073
0.073
0.073
0.073
0.073
0.073
0.073
0.073
0.073
0.073
0.073
0.073
0.073
0.073
0.073
0.073
0.073
0.073
0.073
0.073
0.073
0.073
0.073
0.073
0.073
0.073
0.073
0.071
0.071
0.071
0.071
0.131
0.298
0.298
0.298
0.298
0.298
3.357
3.357
3.357
3.357
3.357
3.357
3.357
3.357
3.357
3.357
3.357
3.357
3.357
3.357
3.357
3.357
3.357
3.19
3.19
3.19
0.131
0.131
0.131
0.131
0.191
0.291
0.291
0.308
0.308
0.308
0.308
0.308
0.248
0.289
0.289
0.229
0.269
0.229
0.229
0.355
0.355
0.338
0.4
0.511
0.551
0.511
0.511
0.451
0.451
0.578
0.518
0.451
0.451
2.545
2.545
5.604
3.51
3.51
3.51
3.51
3.51
3.318
3.192
3.192
3.192
3.212
3.212
3.192
3.252
3.312
3.312
3.252
3.252
5.346
5.346
2.287
0.193
0.193
0.253
0.253
0.253
0.273
0.273
0.34
0.34
0.582
0.602
0.602
0.527
0.587
0.587
0.587
0.567
0.644
0.644
0.644
0.644
0.719
0.657
0.657
0.757
0.757
0.757
0.757
0.819
0.879
0.779
0.712
0.712
0.712
0.712
0.712
0.712
0.752
0.752
0.677
0.408
0.408
0.408
0.408
0.408
0.408
0.388
0.388
0.388
0.488
0.488
0.488
0.488
0.488
0.488
0.488
0.488
0.488
0.488
0.488
0.488
0.488
0.488
0.488
0.488
0.488
0.488
0.488
0.488
0.488
0.488
0.488
0.428
0.428
0.428
0.428
0.368
0.368
0.368
0.368
0.379
0.379
0.379
0.546
0.546
0.546
0.546
0.546
0.546
0.546
0.546
0.546
0.486
0.486
0.486
0.486
0.486
0.486
0.486
0.486
0.486
0.486
0.486
0.486
0.486
0.319
0.319
0.319
0.319
0.319
0.219
0.219
0.279
0.279
0.279
0.279
0.279
0.279
0.279
0.279
0.279
0.279
0.279
0.279
0.279
0.279
0.279
0.279
0.39
0.39
0.39
0.39
0.39
0.39
0.516
0.516
0.516
0.516
0.516
0.516
0.505
0.505
2.599
2.599
2.599
0.505
0.394
0.394
0.394
0.394
0.394
0.561
0.561
0.561
0.561
0.561
0.561
0.561
0.561
0.561
0.561
0.561
0.561
0.561
0.561
0.561
0.561
0.561
0.561
0.561
0.561
0.561
0.561
0.394
0.394
0.394
0.394
0.394
0.394
0.394
0.394
0.394
0.394
0.394
0.394
0.394
0.394
0.394
0.394
0.394
0.394
0.394
0.394
0.394
0.394
0.394
0.394
0.394
0.394
0.394
0.394
0.516
0.516
0.516
0.516
0.516
0.516
0.516
0.516
0.516
0.516
0.516
0.516
0.588
0.588
0.588
0.588
0.588
0.588
2.571
2.571
4.554
2.46
2.46
2.46
2.46
2.46
2.46
2.46
2.46
2.46
2.46
2.46
2.46
2.46
2.771
2.771
2.771
2.771
2.46
2.52
2.52
0.537
0.537
0.537
0.704
0.704
0.704
0.644
0.644
0.644
0.644
0.644
0.644
0.644
1.704
1.704
1.704
0.644
0.644
0.644
0.633
0.633
0.633
0.633
0.633
0.633
0.466
0.466
0.466
0.466
0.466
0.466
0.466
0.466
0.466
0.466
0.466
0.466
0.466
0.466
0.466
0.466
0.466
0.145
0.145
0.145
0.145
0.145
0.145
0.145
0.145
0.145
0.145
0.145
0.145
0.145
0.145
0.145
0.145
0.145
0.145
0.145
0.145
0.145
0.322
0.322
0.145
0.145
0.145
0.145
0.145
0.145
0.145
0.145
0.145
0.145
0.145
0.322
0.322
0.145
0.145
0.256
0.256
0.256
0.256
0.256
0.256
0.256
0.423
0.423
0.6
0.6
0.423
0.423
0.423
0.423
0.423
0.423
0.423
0.312
0.312
0.312
0.312
0.489
0.489
0.807
0.807
0.807
0.807
0.807
0.073
0.073
0.073
0.073
0.073
0.073
0.073
0.073
0.073
0.073
0.073
0.073
0.073
0.073
0.073
0.073
0.073
0.073
0.073
0.073
0.073
0.073
0.073
0.073
0.073
0.073
0.073
0.073
0.073
0.073
0.073
0.073
0.073
0.073
0.073
0.073
0.073
0.073
0.073
0.073
0.073
0.073
0.073
0.073
0.073
0.073
0.073
0.073
0.073
0.073
0.073
0.073
0.073
0.073
0.184
0.184
0.184
0.184
0.184
0.184
0.184
0.184
0.184
0.184
0.184
0.184
0.184
0.184
0.184
0.351
0.351
0.351
0.24
0.24
0.24
0.24
0.24
0.24
0.24
0.24
0.24
0.24
0.24
0.24
0.24
0.24
0.24
0.24
0.24
0.24
0.24
0.073
0.073
0.073
0.073
0.073
0.073
0.073
0.073
0.073
0.073
0.073
0.073
0.073
0.073
0.073
0.073
0.073
0.073
0.073
0.184
0.184
0.184
0.184
0.184
0.184
0.184
0.184
0.184
0.184
0.184
0.184
0.184
0.184
0.184
0.184
0.184
0.184
0.073
0.073
0.073
0.073
0.073
0.073
0.073
0.073
0.073
0.073
0.073
0.073
0.073
0.073
0.073
0.073
0.073
0.073
0.073
0.073
0.073
0.073
0.073
0.073
0.073
0.073
0.073
0.073
0.073
0.073
0.073
0.073
0.073
0.073
0.073
0.334
0.334
0.434
0.454
0.454
0.454
0.465
0.465
0.465
0.525
0.525
0.525
0.525
0.525
0.525
0.525
0.525
0.525
0.545
0.545
0.545
0.545
0.545
0.545
0.545
0.612
3.671
3.671
3.671
3.611
3.611
3.611
3.678
3.541
3.541
3.541
3.521
3.581
3.521
3.521
3.55
3.55
3.55
3.566
3.499
3.566
0.607
0.44
0.44
0.44
0.515
0.515
0.515
0.515
0.515
0.495
0.495
0.495
0.515
0.515
0.515
0.555
0.595
0.595
0.595
0.595
0.646
0.646
0.646
0.566
0.815
0.877
0.877
0.877
0.677
0.677
0.677
0.67
0.67
0.67
0.544
0.584
0.584
0.524
0.564
0.631
0.631
0.591
0.591
0.591
0.591
0.591
0.48
0.48
0.48
0.48
0.48
0.58
0.58
0.666
0.666
0.666
0.666
0.833
0.833
0.833
0.833
0.833
0.833
0.706
0.631
0.631
0.631
0.476
0.536
0.536
0.52
0.52
0.52
0.52
0.52
0.52
0.52
0.52
0.52
0.353
0.353
0.353
0.353
0.353
0.353
0.382
0.382
0.382
0.382
0.382
0.382
0.382
0.322
0.322
0.362
0.362
0.362
0.362
0.362
0.362
0.362
0.362
0.362
0.362
0.362
0.362
0.362
0.422
0.422
0.422
0.422
0.422
0.422
0.482
0.482
0.608
0.588
0.608
0.608
0.608
0.719
0.719
0.719
0.719
0.819
0.986
0.986
1.121
1.121
1.121
1.121
1.061
1.061
1.139
1.139
1.079
1.012
1.012
0.961
0.878
0.801
0.817
0.817
0.817
0.877
0.877
0.877
0.71
0.71
0.71
0.71
0.71
0.71
0.71
0.81
0.81
0.81
0.75
0.721
0.646
0.586
0.586
0.646
0.646
0.646
0.646
0.957
0.957
0.957
0.977
0.666
0.666
0.666
0.646
0.675
0.675
0.775
0.775
0.775
0.775
0.549
0.549
0.549
0.549
0.549
0.549
0.549
0.549
0.66
0.72
0.787
0.827
0.827
0.816
0.816
0.776
0.793
0.793
0.793
0.793
0.793
0.793
0.726
0.769
0.729
0.729
0.618
0.618
0.718
0.718
0.718
0.718
0.718
0.718
0.702
0.702
0.825
0.825
0.785
0.985
0.985
1.06
1.06
1.02
1.02
1.02
1.02
0.878
0.778
0.678
0.678
0.578
0.578
0.578
0.578
0.578
0.578
0.578
0.411
0.411
0.411
0.411
0.411
0.411
0.537
0.597
0.659
0.63
0.63
0.63
0.63
0.63
0.63
0.63
0.63
0.69
0.65
0.65
0.65
0.63
3.563
3.488
3.488
3.488
3.488
3.488
3.488
3.488
3.488
3.488
3.448
3.448
3.448
3.448
3.559
3.559
3.559
3.559
3.559
3.559
0.5
0.567
0.587
0.587
0.52
0.52
0.52
0.527
0.5
0.451
0.451
0.451
0.34
0.34
0.34
0.44
0.44
0.44
0.44
0.36
0.527
0.467
0.467
0.467
0.527
0.527
0.527
0.593
0.593
0.622
0.56
0.56
0.56
0.56
0.56
0.56
0.56
0.6
0.6
0.681
0.681
0.681
0.614
0.736
0.736
0.736
0.696
0.696
0.696
0.696
0.696
0.807
0.747
0.747
0.747
0.747
0.747
0.747
0.807
0.807
0.747
0.626
0.626
0.686
0.666
0.666
0.666
0.666
0.726
0.604
0.604
0.671
0.671
0.609
0.609
0.609
0.609
0.609
0.483
0.483
0.483
0.483
0.467
0.447
0.073
0.073
0.073
0.073
0.073
0.073
0.073
0.073
0.073
0.073
0.073
0.073
0.073
0.073
0.073
0.073
0.073
0.073
0.073
0.073
