0.058666666666666686
0.10133333333333332
0.132
0.060000000000000026
0.21680000000000005
0.27866666666666673
0.10400000000000004
0.060000000000000026
0.060000000000000026
0.08613333333333335
0.2560000000000001
0.17666666666666667
0.14066666666666666
0.060000000000000026
0.060000000000000026
0.060000000000000026
0.2560000000000001
0.2614666666666666
0.08200000000000005
0.060000000000000026
0.1384
0.2706666666666668
0.18306666666666663
0.06733333333333337
0.09799999999999999
0.2364
0.502
0.4730666666666666
0.30533333333333335
0.19866666666666669
0.392
0.5054
0.3056666666666666
0.2554666666666666
0.06733333333333337
0.19066666666666668
0.26813333333333333
0.14066666666666666
0.060000000000000026
0.08613333333333335
0.2560000000000001
0.12533333333333338
0.08200000000000002
0.16999999999999996
0.2302666666666667
0.28253333333333336
0.060000000000000026
0.13333333333333333
0.15786666666666668
0.2560000000000001
0.11226666666666671
0.1553333333333333
0.0966666666666667
0.060000000000000026
0.1384
0.2560000000000001
0.0730666666666667
0.060000000000000026
0.11266666666666666
0.8717999999999999
0.2917333333333333
0.060000000000000026
0.060000000000000026
0.060000000000000026
0.38573333333333343
0.6073333333333334
0.5206666666666668
0.718
0.5388000000000001
0.39693333333333325
0.4170666666666667
0.4279999999999999
0.6115999999999999
0.5210000000000002
0.6503333333333337
1.0558666666666665
0.5014666666666667
0.6256666666666665
0.7301999999999998
0.6432666666666667
0.4484666666666667
0.7415333333333332
0.39633333333333337
0.6113999999999999
0.9257333333333334
1.0003333333333333
1.0153333333333336
1.8512
2.4482000000000004
0.5914666666666667
0.6720666666666666
1.0275999999999998
0.5258666666666668
0.6155999999999998
0.5772000000000002
0.6036000000000001
