0.052
0.052
0.052
0.052
0.052
0.052
0.052
0.052
0.052
0.052
0.052
0.052
0.052
0.052
0.052
0.052
0.052
0.052
0.253
0.253
0.263
0.263
0.263
0.263
0.263
0.263
0.263
0.263
0.263
0.263
0.263
0.263
0.263
0.263
0.263
0.263
0.263
0.263
0.263
0.263
0.062
0.062
0.062
0.062
0.062
0.062
0.062
0.062
0.062
0.062
0.062
0.062
0.062
0.062
0.062
0.062
0.062
0.062
0.062
0.062
0.062
0.062
0.062
0.062
0.062
0.062
0.062
0.062
0.062
0.062
0.062
0.062
0.062
0.062
0.062
0.062
0.062
0.062
0.062
0.062
0.062
0.062
0.062
0.062
0.062
0.263
0.263
0.263
0.263
0.263
0.263
0.263
0.263
0.263
0.263
0.263
0.263
0.263
0.263
0.263
0.263
0.263
0.263
0.263
0.263
0.263
0.263
0.062
0.062
0.062
0.062
0.062
0.062
0.062
0.062
0.062
0.062
0.062
0.062
0.062
0.062
0.062
0.062
0.062
0.062
0.062
0.062
0.062
0.062
0.062
0.062
0.062
0.062
0.062
0.062
0.062
0.062
0.062
0.062
0.062
0.062
0.062
0.062
0.062
0.062
0.062
0.062
0.062
0.062
0.062
0.062
0.062
0.062
0.062
0.062
0.062
0.062
0.062
0.062
0.062
0.062
0.062
0.062
0.062
0.062
0.062
0.062
0.062
0.062
0.062
0.062
0.062
0.062
0.062
0.062
0.062
0.062
0.062
0.062
0.062
0.062
0.062
0.062
0.062
0.062
0.062
0.062
0.263
0.263
0.263
0.263
0.263
0.263
0.263
0.263
0.263
0.263
0.263
0.263
0.263
0.263
0.263
0.263
0.263
0.263
0.263
0.263
0.263
0.263
0.062
0.062
0.062
0.062
0.062
0.062
0.062
0.062
0.062
0.062
0.062
0.062
0.062
0.062
0.062
0.062
0.062
0.062
0.062
0.062
0.062
0.062
0.062
0.062
0.062
0.062
0.062
0.062
0.062
0.062
0.062
0.062
0.062
0.062
0.062
0.062
0.062
0.062
0.062
0.062
0.062
0.062
0.062
0.062
0.062
0.062
0.062
0.263
0.263
0.263
0.263
0.263
0.263
0.263
0.263
0.263
0.263
0.263
0.263
0.263
0.263
0.263
0.263
0.263
0.263
0.263
0.263
0.263
0.263
0.062
0.062
0.062
0.062
0.062
0.062
0.062
0.062
0.062
0.062
0.062
0.062
0.062
0.062
0.062
0.062
0.062
0.062
0.062
0.062
0.062
0.062
0.062
0.062
0.062
0.062
0.062
0.062
0.062
0.062
0.062
0.062
0.062
0.062
0.062
0.062
0.062
0.062
0.062
0.062
0.062
0.062
0.062
0.062
0.062
0.062
0.062
0.062
0.062
0.062
0.062
0.062
0.062
0.062
0.062
0.062
0.062
0.062
0.062
0.062
0.062
0.062
0.263
0.263
0.263
0.263
0.263
0.263
0.263
0.263
0.263
0.263
0.263
0.263
0.263
0.263
0.263
0.263
0.263
0.263
0.263
0.263
0.263
0.263
0.062
0.062
0.062
0.062
0.062
0.062
0.062
0.062
0.062
0.062
0.062
0.062
0.062
0.062
0.062
0.062
0.062
0.062
0.062
0.062
0.062
0.062
0.062
0.062
0.062
0.062
0.062
0.062
0.062
0.062
0.062
0.062
0.062
0.062
0.062
0.062
0.062
0.062
0.062
0.062
0.062
0.062
0.062
0.062
0.062
0.062
0.062
0.062
0.062
0.062
0.263
0.263
0.263
0.263
0.263
0.263
0.263
0.263
0.263
0.263
0.263
0.263
0.263
0.263
0.263
0.263
0.263
0.263
0.261
0.261
0.321
0.321
0.12
0.12
0.12
0.19
0.19
0.19
7.659
7.659
7.659
0.25
0.25
0.31
0.31
0.31
0.31
0.345
0.345
0.31
0.31
1.268
1.268
1.368
0.41
0.47
0.47
0.41
0.41
0.41
0.41
0.41
0.385
0.385
0.385
0.405
0.405
0.405
0.405
0.37
0.37
0.21
0.27
0.27
0.21
0.21
0.21
0.21
0.21
0.21
0.21
0.21
0.21
0.27
0.33
0.39
0.32
0.32
0.32
2.21
2.21
2.21
0.32
0.32
0.26
0.416
0.456
0.456
0.456
0.476
0.376
0.376
0.496
0.496
0.496
0.476
0.476
0.456
0.456
0.396
0.396
0.396
0.396
0.396
0.396
0.396
0.396
0.456
0.456
0.556
0.556
0.556
0.556
0.556
0.556
0.556
0.596
0.576
0.636
0.616
0.496
0.496
0.601
0.601
0.601
0.601
0.802
0.802
0.737
0.737
0.737
0.737
0.697
0.697
0.697
0.697
0.697
0.697
0.581
0.581
0.581
0.581
0.581
0.581
0.521
0.521
0.521
0.521
0.32
0.32
0.32
0.32
0.32
0.26
0.26
0.26
0.26
0.26
0.26
0.26
0.26
0.26
0.16
0.16
0.16
0.16
0.16
0.16
0.16
0.16
0.16
0.16
0.16
3.206
3.206
3.206
3.206
3.206
3.206
3.206
3.206
3.206
3.351
3.351
3.351
3.351
3.206
3.206
3.206
3.206
3.219
3.219
3.219
0.173
0.374
0.334
0.334
0.334
0.334
0.334
0.274
0.274
0.274
0.274
0.274
0.274
0.274
0.274
0.274
0.274
0.274
0.274
0.274
0.274
0.334
0.334
0.133
0.073
0.073
0.073
0.073
0.073
0.073
0.073
0.073
0.073
0.073
0.073
0.073
0.073
0.073
0.073
0.073
0.073
0.073
0.073
0.073
0.073
0.073
0.073
0.073
0.073
0.073
0.073
0.073
0.073
0.073
0.073
0.073
0.073
0.06
0.06
0.06
0.06
0.06
0.06
0.06
0.06
0.12
0.12
0.12
0.12
0.12
0.12
0.12
0.12
0.12
0.12
0.12
0.12
0.12
0.12
0.154
0.154
0.154
0.154
0.154
0.154
0.154
0.154
0.154
0.154
0.154
0.154
0.154
0.154
2.044
2.044
2.044
0.154
0.154
0.154
0.154
0.154
0.355
0.355
0.355
0.355
0.355
0.355
0.33
0.33
0.33
0.296
0.296
0.296
0.296
0.296
0.296
0.296
0.296
0.296
0.296
0.296
0.296
0.296
0.095
0.095
0.095
0.095
0.095
0.095
0.095
0.095
0.095
0.095
0.095
0.095
0.095
0.095
0.095
0.095
0.095
0.095
0.06
0.06
0.06
0.06
0.06
0.06
0.06
0.06
0.06
0.06
0.06
0.06
0.06
0.06
0.06
0.06
0.06
0.06
0.06
0.06
0.06
0.06
0.06
0.06
0.06
0.06
0.06
0.06
0.093
0.093
0.093
0.093
0.093
0.294
0.294
0.41
0.41
0.41
0.41
0.41
0.41
0.41
0.41
0.41
0.41
0.41
0.41
0.41
0.41
0.41
0.41
0.41
0.41
0.41
0.41
0.209
0.209
0.209
0.209
0.209
0.209
0.209
0.221
0.221
0.241
0.241
0.241
0.386
0.386
0.386
0.386
0.386
0.399
0.399
3.445
3.445
3.445
3.445
3.445
3.445
3.445
3.445
3.445
3.445
3.445
3.3
3.3
3.3
3.3
3.3
3.3
3.3
3.3
3.3
0.254
0.254
0.254
0.254
0.254
0.254
0.254
0.482
0.482
0.482
0.263
0.263
0.263
0.263
0.263
0.263
0.263
0.263
0.263
0.263
0.263
0.263
0.263
0.263
0.263
0.263
0.263
0.263
0.263
0.062
0.062
0.062
0.062
0.062
0.062
0.062
0.062
0.062
0.062
0.062
0.062
0.062
0.062
0.062
0.062
0.062
0.062
0.062
0.062
0.062
0.062
0.062
0.062
0.062
0.062
0.062
0.062
0.062
0.062
0.062
0.062
0.062
0.062
0.062
0.062
0.062
0.062
0.062
0.062
0.062
0.062
0.062
0.062
0.062
0.062
0.062
0.263
0.263
0.263
0.263
0.263
0.263
0.263
0.263
0.263
0.263
0.263
0.263
0.263
0.263
0.263
0.263
0.263
0.263
0.263
0.263
0.263
0.263
0.062
0.062
0.062
0.062
0.062
0.062
0.062
0.062
0.062
0.062
0.062
0.062
0.062
0.062
0.062
0.062
0.062
0.062
0.062
0.062
0.062
0.062
0.062
0.062
0.062
0.062
0.062
0.062
0.062
0.062
0.062
0.062
0.062
0.062
0.062
0.062
0.062
0.062
0.062
0.062
0.062
0.062
0.062
0.062
0.062
0.062
0.062
0.062
0.062
0.062
0.062
0.062
0.062
0.062
0.062
0.062
0.062
0.062
0.062
0.062
0.062
0.062
0.062
0.062
0.062
0.062
0.062
0.062
0.062
0.062
0.062
0.062
0.062
0.062
0.062
0.062
0.062
0.062
0.062
0.062
0.062
0.062
0.201
0.261
0.261
0.321
0.462
0.495
0.567
0.567
0.602
0.753
0.753
0.898
0.898
0.838
0.838
0.838
0.838
0.873
0.921
0.921
0.921
0.921
0.921
0.921
0.981
0.981
0.78
0.78
0.732
0.732
0.732
0.72
2.963
2.963
2.963
2.972
2.972
2.912
2.912
2.946
2.946
2.946
2.886
2.886
2.886
2.986
2.926
2.926
2.926
2.926
4.075
4.075
4.175
4.175
4.235
4.295
4.355
4.295
4.295
2.052
2.017
2.017
1.977
1.977
1.977
1.917
1.937
1.937
1.937
1.937
1.903
2.104
2.104
2.095
2.095
2.075
2.075
2.135
2.162
2.222
2.222
2.222
2.222
2.162
2.122
2.122
2.122
2.122
2.122
2.122
2.182
2.182
2.251
1.99
1.99
1.93
1.921
1.921
1.921
1.921
1.921
1.921
1.956
1.956
1.991
1.991
1.956
1.921
1.921
1.921
0.772
0.772
0.772
0.772
0.807
0.807
0.807
2.485
2.485
2.485
3.503
3.503
3.503
2.4
2.34
4.23
4.23
4.265
2.395
2.3
2.312
2.292
2.292
2.352
2.372
2.442
2.442
0.764
0.764
0.764
0.764
0.764
0.764
0.764
0.764
0.965
1.005
1.005
1.005
1.005
1.038
1.038
1.073
1.033
1.033
1.033
1.073
1.073
1.073
1.073
1.073
1.073
1.073
1.073
1.073
1.073
1.073
0.872
0.881
0.881
0.881
0.881
0.881
0.881
0.811
0.811
0.811
0.811
3.857
3.857
3.857
3.857
3.857
3.987
3.987
3.871
3.871
3.871
3.871
3.871
3.871
3.871
3.871
3.871
3.871
3.871
3.871
4.171
3.015
2.955
2.955
1.065
1.065
1.068
1.068
1.068
1.068
1.068
1.068
1.068
1.068
1.068
1.068
1.068
1.068
1.103
1.213
1.213
1.213
1.213
1.153
1.153
1.153
1.321
1.321
1.321
1.281
1.211
1.244
1.244
1.244
1.184
1.184
1.184
1.184
1.184
1.204
1.204
1.213
1.213
1.204
1.304
1.304
1.304
1.269
1.068
1.068
1.068
1.103
1.103
1.063
1.028
1.124
1.124
1.159
1.159
3.049
3.049
3.049
1.024
0.989
0.989
0.989
0.989
0.989
0.669
0.669
0.769
0.769
0.669
0.669
0.669
0.669
0.669
0.669
0.749
0.689
0.689
0.689
0.629
0.629
0.629
0.664
0.664
0.664
0.676
0.676
0.676
0.676
0.676
0.676
0.676
0.676
0.676
0.676
0.676
0.616
0.616
0.616
0.616
0.616
0.683
0.583
0.583
0.643
0.643
0.643
0.643
0.643
0.492
0.492
0.492
0.492
0.753
0.753
0.798
0.798
0.733
3.779
3.779
3.839
3.839
3.839
3.874
3.874
3.874
3.874
3.874
3.874
3.874
3.814
3.927
3.927
3.927
3.927
3.726
3.726
3.726
0.68
0.68
0.68
3.666
3.666
3.666
3.686
3.651
3.651
3.651
3.651
3.631
3.631
3.631
3.631
3.631
3.622
3.757
3.766
3.766
3.754
3.754
0.062
0.062
0.062
0.062
0.062
0.062
0.062
0.062
0.062
0.062
0.062
0.062
0.062
0.062
0.062
0.062
0.062
0.062
0.062
0.263
0.263
0.263
0.263
0.263
0.263
0.263
0.263
0.263
0.263
0.263
0.263
0.263
0.263
0.263
0.263
0.263
0.263
0.263
0.263
0.263
0.263
0.062
0.062
0.062
0.062
0.062
0.062
0.062
0.062
0.062
0.052
0.052
0.052
0.052
0.052
0.052
0.052
0.052
0.052
0.052
