0.058
0.058
0.058
0.058
0.058
0.058
0.058
0.058
0.058
0.058
0.058
0.058
0.058
0.058
0.058
0.058
0.058
0.068
0.068
0.068
0.068
0.068
0.068
0.068
0.068
0.068
0.068
0.068
0.068
0.068
0.068
0.068
0.068
0.068
0.068
0.068
0.068
0.068
0.068
0.068
0.068
0.068
0.068
0.068
0.068
0.068
0.068
0.068
0.068
0.068
0.068
0.068
0.068
0.068
0.068
0.257
0.257
0.257
0.257
0.257
0.257
0.257
0.257
0.257
0.257
0.257
0.257
0.416
0.416
0.227
0.227
0.227
0.227
0.227
0.227
0.227
0.227
0.227
0.227
0.227
0.227
0.227
0.227
0.227
0.227
0.227
0.227
0.068
0.068
0.068
0.068
0.068
0.068
0.068
0.068
0.068
0.068
0.068
0.068
0.068
0.068
0.068
0.068
0.068
0.068
0.068
0.068
0.068
0.068
0.068
0.068
0.068
0.068
0.068
0.068
0.068
0.068
0.068
0.068
0.068
0.068
0.068
0.068
0.068
0.068
0.068
0.068
0.068
0.068
0.068
0.068
0.068
0.068
0.068
0.068
0.068
0.068
0.068
0.068
0.068
0.068
0.068
0.068
0.068
0.068
0.068
0.068
0.257
0.257
0.257
0.257
0.257
0.257
0.257
0.257
0.257
0.257
0.257
0.416
0.416
0.416
0.227
0.227
0.227
0.227
0.227
0.227
0.227
0.227
0.227
0.227
0.227
0.227
0.227
0.227
0.227
0.227
0.227
0.068
0.068
0.068
0.068
0.068
0.068
0.068
0.068
0.068
0.068
0.068
0.068
0.068
0.068
0.068
0.068
0.068
0.068
0.068
0.068
0.068
0.068
0.068
0.068
0.068
0.068
0.068
0.068
0.068
0.068
0.068
0.068
0.068
0.068
0.068
0.068
0.068
0.068
0.068
0.257
0.257
0.257
0.257
0.257
0.257
0.257
0.257
0.257
0.257
0.257
0.257
0.257
0.257
0.068
0.068
0.068
0.068
0.068
0.068
0.068
0.068
0.068
0.068
0.068
0.068
0.068
0.068
0.068
0.068
0.068
0.068
0.068
0.068
0.068
0.068
0.068
0.068
0.068
0.068
0.068
0.068
0.068
0.068
0.068
0.068
0.068
0.068
0.068
0.068
0.068
0.068
0.068
0.068
0.068
0.068
0.068
0.068
0.068
0.068
0.068
0.068
0.068
0.068
0.068
0.068
0.068
0.227
0.227
0.227
0.227
0.227
0.227
0.227
0.227
0.227
0.227
0.227
0.227
0.227
0.227
0.227
0.227
0.227
0.227
0.227
0.227
0.068
0.068
0.068
0.068
0.068
0.068
0.068
0.068
0.068
0.068
0.068
0.068
0.068
0.068
0.068
0.068
0.257
0.257
0.257
0.257
0.257
0.257
0.257
0.257
0.257
0.257
0.257
0.257
0.257
0.257
0.068
0.068
0.068
0.068
0.068
0.068
0.068
0.068
0.068
0.068
0.068
0.068
0.068
0.068
0.068
0.068
0.068
0.068
0.068
0.068
0.068
0.068
0.068
0.068
0.068
0.068
0.068
0.068
0.068
0.068
0.068
0.068
0.068
0.068
0.068
0.068
0.068
0.068
0.068
0.068
0.068
0.068
0.068
0.068
0.068
0.068
0.068
0.068
0.068
0.068
0.068
0.068
0.068
0.068
0.068
0.068
0.068
0.068
0.068
0.257
0.257
0.257
0.257
0.257
0.257
0.257
0.257
0.257
0.257
0.257
0.257
0.257
0.257
0.068
0.068
0.068
0.068
0.068
0.068
0.068
0.068
0.068
0.068
0.068
0.068
0.068
0.067
0.067
0.067
0.067
0.067
0.127
0.286
0.286
0.286
0.286
0.286
0.286
0.286
0.286
0.346
0.346
0.446
0.446
0.346
0.346
0.306
0.306
0.306
0.306
0.306
0.306
0.187
0.187
0.227
0.287
0.287
0.287
0.287
0.287
0.287
0.287
0.287
0.287
0.387
0.387
0.447
0.447
0.287
0.342
0.342
0.342
0.342
0.631
0.631
0.631
0.631
0.631
0.631
0.631
0.631
0.576
0.576
0.636
0.636
0.636
0.636
0.447
0.447
0.447
0.447
0.447
0.447
0.447
0.447
0.387
0.387
1.3
1.3
1.3
1.3
1.3
1.3
1.3
1.3
1.36
1.36
1.41
1.445
1.445
1.445
1.445
1.445
1.445
1.575
1.575
1.575
1.734
1.734
1.687
1.687
1.637
1.637
1.637
1.637
1.637
1.637
1.637
1.65
1.65
3.552
3.607
3.719
1.762
1.762
1.75
1.75
1.591
1.591
1.591
1.591
1.591
1.591
1.591
1.591
1.591
1.663
1.663
1.663
1.663
1.663
1.663
1.663
1.663
3.646
3.646
2.123
2.123
2.123
2.123
2.123
2.123
2.123
2.312
2.312
2.312
2.312
2.312
2.312
2.312
2.312
2.312
2.312
2.312
2.312
0.329
0.329
0.14
0.14
0.14
0.14
0.14
0.14
0.14
0.14
0.14
0.14
0.14
0.14
0.14
0.14
0.14
0.14
0.14
0.14
0.14
0.14
0.14
0.14
0.14
0.14
0.14
0.14
0.14
0.14
0.14
0.14
0.299
0.299
0.299
0.299
0.299
0.299
0.299
0.299
0.299
0.299
0.299
0.299
0.299
0.299
0.299
0.299
0.299
0.299
0.299
0.299
0.14
0.14
0.14
0.14
0.14
0.14
0.14
0.14
0.14
0.14
0.14
0.317
0.317
0.14
0.329
0.329
0.329
0.329
0.329
0.329
0.329
0.329
0.329
0.329
0.506
0.506
0.329
0.329
0.14
0.14
0.14
0.14
0.14
0.14
0.14
0.14
0.14
0.317
0.317
0.14
0.14
0.14
0.14
0.14
0.14
0.14
0.14
0.14
0.14
0.14
0.317
0.317
0.635
0.635
0.635
0.794
0.794
2.726
2.726
2.726
2.726
2.726
2.726
2.726
2.726
2.726
2.726
2.726
2.726
2.726
2.726
2.726
2.726
2.726
2.726
2.567
2.567
2.567
2.567
2.567
2.567
2.567
2.567
2.567
2.567
2.567
2.567
2.567
2.567
2.567
2.567
2.567
2.567
2.567
2.567
2.567
2.567
2.567
2.756
2.756
2.756
2.756
2.756
2.756
2.756
2.756
2.756
2.756
2.756
2.756
2.756
2.756
2.567
2.567
2.567
2.567
2.567
0.068
0.068
0.068
0.068
0.068
0.068
0.068
0.068
0.068
0.068
0.068
0.068
0.068
0.068
0.068
0.068
0.068
0.068
0.068
0.068
0.068
0.068
1.211
0.21
0.21
0.21
0.21
0.21
0.21
0.21
0.21
0.369
0.369
0.369
0.369
0.369
0.369
0.369
0.369
0.369
0.369
0.369
0.369
0.369
0.369
0.369
0.369
0.369
0.369
0.369
0.369
0.21
0.068
0.068
0.068
0.068
0.068
0.068
0.068
0.068
0.068
0.068
0.068
0.068
0.068
0.068
0.068
0.068
0.068
0.068
0.068
0.068
0.068
0.068
0.068
0.068
0.068
0.068
0.068
0.068
0.068
0.068
0.21
0.21
0.21
0.21
0.399
0.399
0.399
0.399
0.399
0.399
0.399
0.399
0.399
0.399
0.399
0.386
0.386
0.386
0.197
0.197
0.356
0.356
0.356
0.356
0.356
0.356
0.356
0.356
0.356
0.356
0.356
0.916
0.916
0.916
1.016
1.016
1.016
1.016
1.016
1.016
0.857
0.857
0.857
0.857
0.857
0.857
0.857
0.919
0.969
0.919
0.919
0.919
0.919
0.919
0.919
0.919
0.919
1.097
1.037
1.037
1.037
1.037
1.037
1.037
0.907
0.907
0.967
0.967
0.967
0.967
0.917
0.917
0.917
0.917
0.917
0.977
0.977
0.965
0.965
1.02
1.02
1.02
1.179
1.179
1.079
1.079
1.079
1.079
1.079
1.079
0.416
0.416
0.416
0.416
0.416
0.416
0.416
0.416
0.416
0.416
0.416
0.416
0.257
0.257
0.068
0.068
0.068
0.068
0.068
0.068
0.068
0.068
0.068
0.068
0.068
0.068
0.068
0.068
0.068
0.068
0.068
0.068
0.068
0.068
0.068
0.068
0.068
0.068
0.068
0.068
0.068
0.068
0.068
0.068
0.068
0.068
0.068
0.068
0.068
0.068
0.068
0.068
0.068
0.068
0.068
0.068
0.068
0.068
0.068
0.068
0.068
0.068
0.068
0.068
0.068
0.068
0.068
0.068
0.068
0.068
0.068
0.068
0.068
0.068
0.068
0.068
0.068
0.068
0.068
0.068
0.068
0.068
0.068
0.068
0.068
0.068
0.068
0.068
0.068
0.068
0.068
0.068
0.257
0.257
0.257
0.257
0.257
0.257
0.257
0.257
0.257
0.257
0.257
0.257
0.257
0.257
0.068
0.068
0.227
0.227
0.227
0.227
0.227
0.227
0.227
0.227
0.227
0.227
0.227
0.227
0.227
0.227
0.227
0.227
0.227
0.227
0.227
0.227
0.068
0.068
0.068
0.068
0.068
0.068
0.068
0.068
0.068
0.068
0.068
0.068
0.068
0.068
0.068
0.068
0.068
0.068
0.068
0.068
0.068
0.068
0.068
0.068
0.068
0.068
0.068
0.068
0.068
0.068
0.068
0.068
0.245
0.245
0.295
0.295
0.295
0.295
0.295
0.295
0.355
0.355
0.068
0.257
0.257
0.257
0.416
0.416
0.416
0.416
0.416
0.416
0.416
0.416
0.416
0.416
0.416
0.227
0.227
0.227
0.227
0.227
0.227
0.227
0.227
0.227
0.068
0.068
0.068
0.068
0.068
0.068
0.068
0.068
0.068
0.068
0.068
0.068
0.068
0.068
0.068
0.068
0.068
0.068
0.068
0.068
0.068
0.068
0.068
0.068
0.068
0.068
0.068
0.068
0.068
0.068
0.068
0.068
0.068
0.068
0.068
0.068
0.068
0.068
0.068
0.068
0.068
0.068
0.068
0.068
0.068
0.068
0.068
0.068
0.068
0.068
0.068
0.068
0.257
0.257
0.257
0.257
0.257
0.257
0.257
0.257
0.257
0.257
0.257
0.257
0.257
0.257
0.068
0.068
0.068
0.068
0.068
0.068
0.068
0.227
0.227
0.227
0.227
0.227
0.227
0.227
0.227
0.227
0.227
0.227
0.227
0.227
0.227
0.227
0.227
0.227
0.227
0.227
0.227
0.068
0.068
0.068
0.068
0.068
0.068
0.068
0.068
0.068
0.068
0.068
0.068
0.068
0.068
0.068
0.068
0.068
0.068
0.068
0.068
0.068
0.068
0.068
0.068
0.068
0.068
0.068
0.068
0.068
0.068
0.068
0.068
0.068
0.068
0.068
0.068
0.068
0.068
0.068
0.068
0.257
0.257
0.257
0.257
0.257
0.257
0.257
0.257
0.257
0.257
0.257
0.257
0.257
0.257
0.068
0.068
0.068
0.227
0.227
0.227
0.227
0.227
0.227
0.227
0.227
0.227
0.227
0.227
0.227
0.227
0.227
0.227
0.227
0.227
0.227
0.227
0.227
0.068
0.068
0.068
0.068
0.068
0.068
0.068
0.068
0.068
0.068
0.068
0.068
0.068
0.068
0.068
0.068
0.068
0.068
0.068
0.068
0.068
0.068
0.068
0.068
0.068
0.068
0.068
0.068
0.068
0.068
0.068
0.068
0.068
0.068
0.068
0.068
0.068
0.068
0.068
0.257
0.257
0.257
0.257
0.257
0.257
0.257
0.257
0.257
0.257
0.257
0.257
0.257
0.257
0.068
0.068
0.068
0.068
0.068
0.068
0.068
0.068
0.068
0.068
0.068
0.068
0.068
0.068
0.068
0.068
0.068
0.068
0.068
0.068
0.068
0.068
0.068
0.245
0.245
0.245
0.305
0.325
2.227
2.227
2.227
0.584
0.584
0.639
0.539
0.539
0.484
0.484
0.484
0.484
0.534
0.534
0.534
0.534
0.484
0.484
0.484
0.484
0.592
0.592
0.592
0.493
0.493
0.593
0.593
0.533
0.633
2.595
2.595
2.495
0.693
0.763
0.763
0.763
0.763
0.763
0.795
0.795
0.795
0.795
0.808
0.808
0.997
0.997
0.997
0.997
0.997
0.997
1.057
1.057
1.057
0.997
1.097
1.037
0.937
0.937
0.748
0.748
0.76
0.76
0.76
0.82
0.979
0.227
0.227
0.227
0.227
0.227
0.227
0.227
0.217
0.217
0.217
0.217
0.217
0.217
0.217
0.217
0.217
0.217
0.217
0.217
0.058
