0.064
0.064
0.064
0.064
0.064
0.064
0.064
0.064
0.064
0.064
0.064
0.064
0.064
0.054
0.054
0.054
0.054
0.054
0.054
0.054
0.054
0.054
0.054
0.054
0.054
0.054
0.054
0.054
0.054
0.054
0.054
0.054
0.054
0.054
0.054
0.054
0.054
0.054
0.054
0.054
0.054
0.054
0.054
0.064
0.156
0.156
0.156
0.156
0.156
0.156
0.156
0.156
0.156
0.156
0.156
0.156
0.156
0.156
0.156
0.156
0.156
0.156
0.064
0.064
0.064
0.064
0.064
0.064
0.064
0.064
0.064
0.064
0.064
0.064
0.064
0.064
0.064
0.064
0.064
0.064
0.064
0.064
0.064
0.064
0.064
0.064
0.064
0.064
0.064
0.064
0.064
0.064
0.064
0.064
0.064
0.064
0.064
0.064
0.064
0.064
0.064
0.064
0.064
0.064
0.064
0.064
0.064
0.064
0.064
0.064
0.064
0.064
0.064
0.064
0.064
0.064
0.064
0.064
0.064
0.064
0.064
0.064
0.064
0.064
0.064
0.064
0.064
0.064
0.064
0.064
0.064
0.064
0.064
0.064
0.064
0.064
0.064
0.064
0.064
0.064
0.064
0.156
0.156
0.156
0.156
0.156
0.156
0.156
0.156
0.156
0.156
0.156
0.156
0.156
0.156
0.156
0.156
0.156
0.156
0.064
0.064
0.064
0.064
0.064
0.064
0.064
0.064
0.064
0.064
0.064
0.064
0.064
0.064
0.064
0.064
0.064
0.064
0.064
0.064
0.064
0.064
0.064
0.064
0.064
0.064
0.064
0.064
0.064
0.064
0.064
0.064
0.064
0.064
0.064
0.064
0.064
0.064
0.064
0.064
0.064
0.064
0.064
0.064
0.064
0.064
0.064
0.064
0.064
0.064
0.064
0.064
0.064
0.064
0.064
0.064
0.064
0.064
0.064
0.064
0.064
0.064
0.064
0.064
0.064
0.064
0.064
0.064
0.064
0.064
0.064
0.064
0.064
0.064
0.064
0.064
0.064
0.064
0.064
0.064
0.064
0.064
0.064
0.064
0.064
0.064
0.064
0.064
0.064
0.156
0.156
0.156
0.156
0.156
0.156
0.156
0.156
0.156
0.156
0.156
0.156
0.156
0.156
0.156
0.156
0.156
0.156
0.064
0.064
0.064
0.064
0.064
0.064
0.064
0.064
0.064
0.064
0.064
0.064
0.064
0.064
0.064
0.064
0.064
0.064
0.064
0.064
0.064
0.064
0.064
0.064
0.064
0.064
0.064
0.064
0.064
0.064
0.064
0.064
0.064
0.064
0.064
0.064
0.064
0.064
0.064
0.064
0.064
0.064
0.064
0.064
0.064
0.064
0.064
0.064
0.064
0.064
0.064
0.064
0.064
0.064
0.064
0.064
0.064
0.064
0.064
0.064
0.064
0.064
0.064
0.064
0.064
0.064
0.064
0.064
0.064
0.064
0.064
0.156
0.156
0.156
0.156
0.156
0.156
0.156
0.156
0.156
0.156
0.156
0.156
0.156
0.156
0.156
0.156
0.156
0.156
0.064
0.064
0.064
0.064
0.064
0.064
0.064
0.064
0.064
0.064
0.064
0.064
0.064
0.064
0.064
0.064
0.064
0.064
0.064
0.064
0.064
0.064
0.064
0.064
0.064
0.062
0.062
0.062
0.062
0.062
0.062
0.062
0.062
0.062
0.062
0.062
0.062
0.062
0.062
0.062
0.122
0.122
0.222
0.175
0.275
0.075
0.075
0.083
0.083
0.083
0.083
0.083
0.083
0.083
0.083
0.083
0.083
0.103
0.103
0.103
0.095
0.095
0.095
0.095
0.095
0.095
0.095
0.095
0.095
0.095
0.095
0.17
0.27
0.195
0.195
0.195
0.195
0.195
0.195
0.223
0.283
0.283
0.283
0.283
2.042
2.042
2.042
0.283
0.283
0.283
0.283
0.323
0.263
0.223
2.371
2.371
2.371
2.463
2.463
2.463
2.443
2.463
2.483
2.53
2.59
2.57
2.57
2.57
2.57
2.57
2.51
2.51
2.61
2.61
2.61
2.518
2.518
2.593
2.533
2.573
2.673
0.645
0.645
0.645
0.57
0.064
0.064
0.064
0.064
0.064
0.064
0.064
0.064
0.064
0.064
0.064
0.064
0.064
0.064
0.064
0.064
0.064
0.064
0.064
0.064
0.064
0.064
0.064
0.064
0.064
0.064
0.064
0.064
0.064
0.064
0.064
0.064
0.064
0.064
0.064
0.064
0.064
0.064
0.064
0.064
0.064
0.064
0.064
0.064
0.064
0.064
0.064
0.064
0.064
0.064
0.064
0.064
0.064
0.064
0.064
0.064
0.064
0.064
0.064
0.064
0.064
0.064
0.064
0.064
0.064
0.064
0.064
0.064
0.064
0.064
0.064
0.064
0.064
0.064
0.064
0.064
0.064
0.064
0.064
0.064
0.064
0.064
0.064
0.064
0.064
0.064
0.064
0.064
0.064
0.064
0.064
0.064
0.064
0.064
0.064
0.064
0.064
0.064
0.064
0.064
0.064
0.064
0.064
0.064
0.064
0.064
0.064
0.064
0.064
0.064
0.064
0.156
0.156
0.156
0.156
0.156
0.156
0.156
0.156
0.156
0.156
0.156
0.156
0.156
0.156
0.156
0.156
0.156
0.156
0.064
0.064
0.064
0.064
0.064
0.064
0.064
0.064
0.064
0.064
0.064
0.064
0.064
0.064
0.064
0.064
0.064
0.064
0.064
0.064
0.064
0.064
0.064
0.064
0.064
0.064
0.064
0.064
0.064
0.064
0.064
0.064
0.064
0.064
0.064
0.064
0.064
0.064
0.064
0.064
0.064
0.064
0.064
0.064
0.064
0.064
0.064
0.064
0.064
0.064
0.064
0.064
0.064
0.064
0.064
0.064
0.064
0.064
0.064
0.064
0.064
0.064
0.064
0.064
0.064
0.064
0.064
0.064
0.064
0.064
0.064
0.064
0.064
0.064
0.064
0.064
0.064
0.064
0.064
0.156
0.156
0.156
0.156
0.156
0.156
0.156
0.156
0.156
0.156
0.156
0.156
0.156
0.156
0.156
0.156
0.156
0.156
0.064
0.064
0.064
0.064
0.064
0.064
0.064
0.064
0.064
0.064
0.064
0.064
0.064
0.064
0.21
0.21
0.21
0.21
0.21
0.21
0.21
0.21
0.21
0.21
0.21
0.21
0.21
0.21
0.21
0.21
0.21
0.21
0.21
0.21
0.21
0.21
0.21
0.21
0.21
0.21
0.21
0.182
0.182
0.182
0.182
0.182
0.182
0.182
0.182
0.182
0.182
0.182
0.182
0.182
0.182
0.182
0.182
0.182
0.182
0.182
0.182
0.182
0.19
0.202
0.202
0.182
0.274
0.424
0.459
0.309
0.309
0.309
0.309
0.309
0.156
0.156
0.156
0.156
0.156
0.156
0.156
0.156
0.156
0.156
0.182
0.182
0.182
0.182
0.13
0.13
0.13
0.13
0.13
0.13
0.13
0.13
0.13
0.13
0.13
0.13
0.13
0.13
0.226
0.226
0.226
0.226
0.226
0.226
0.226
0.226
0.226
0.226
1.985
1.985
1.985
0.226
0.226
0.226
0.226
0.226
0.226
0.226
0.226
0.226
0.226
0.226
0.226
0.326
0.326
0.326
0.326
0.326
2.085
2.085
2.085
0.326
0.318
0.318
0.318
0.318
0.318
0.318
0.318
0.318
0.318
0.318
0.318
0.318
0.318
0.318
0.318
0.318
0.318
0.318
0.226
0.226
0.226
0.226
0.226
0.226
0.326
0.298
0.202
0.202
0.102
0.102
0.102
0.102
0.102
0.102
0.102
0.102
0.102
0.102
0.102
0.102
0.102
0.102
0.102
0.102
0.102
0.102
0.102
0.102
0.102
0.102
0.102
1.861
1.861
1.861
0.102
0.102
0.102
0.162
0.064
0.064
0.064
0.064
0.064
0.064
0.064
0.064
0.064
0.064
0.064
0.064
0.064
0.064
0.064
0.064
0.064
0.064
0.064
0.064
0.064
0.064
0.064
0.064
0.064
0.064
0.064
0.064
0.064
0.064
0.064
0.064
0.064
0.064
0.064
0.064
0.064
0.064
0.064
0.064
0.064
0.064
0.064
0.064
0.064
0.064
0.064
0.064
0.064
0.064
0.064
0.064
0.064
0.064
0.064
0.064
0.064
0.064
0.064
0.064
0.062
0.082
0.082
0.062
0.097
0.097
0.097
0.097
0.097
0.097
0.097
0.097
0.097
0.097
0.097
0.097
0.157
0.157
0.292
0.412
0.412
0.412
0.412
0.412
0.352
0.412
0.472
0.412
0.412
0.412
0.412
0.412
0.412
0.412
0.412
0.412
0.412
0.412
0.412
0.412
0.412
0.412
0.412
0.44
0.532
0.457
0.477
0.457
0.457
0.457
0.457
0.457
0.457
0.457
0.457
0.457
0.517
0.482
0.482
0.482
0.482
0.433
0.281
0.281
0.281
0.281
0.281
0.281
0.301
0.281
0.281
0.281
0.281
0.341
0.221
0.271
0.271
0.221
0.311
0.311
0.311
0.386
0.386
0.406
0.406
0.471
0.531
0.371
0.271
0.271
0.271
0.271
0.271
0.271
0.221
0.221
0.221
0.221
0.313
0.313
0.253
0.253
0.293
0.328
0.328
0.428
0.428
0.528
0.528
0.528
0.528
0.528
0.528
0.528
0.528
0.548
0.503
2.262
2.262
2.262
0.503
0.503
0.503
0.503
0.503
0.503
0.468
0.468
0.468
0.468
0.468
0.468
0.468
0.528
0.457
0.517
0.517
0.517
0.497
0.557
0.497
0.497
0.508
0.508
0.508
0.508
0.468
0.468
0.468
0.496
0.504
0.504
0.504
0.504
0.504
0.564
0.639
0.564
0.564
0.564
0.604
0.604
0.604
0.596
0.596
0.556
0.556
0.656
0.656
0.581
0.656
0.656
0.656
0.656
0.691
0.731
0.631
0.651
0.691
0.691
0.691
0.599
0.599
0.599
0.599
0.599
0.499
0.499
0.399
0.399
0.399
0.399
0.399
0.399
0.399
0.399
0.399
0.399
0.399
0.439
0.439
0.359
0.359
0.459
0.459
0.359
0.372
0.372
0.372
0.372
0.372
0.372
0.352
0.352
0.292
0.281
0.281
0.281
0.281
0.281
0.281
0.281
0.253
0.253
0.253
0.465
0.465
0.465
0.465
0.465
0.465
0.405
0.505
0.505
0.505
0.505
0.505
0.505
0.505
0.505
0.505
0.505
0.505
0.413
0.433
0.433
0.433
0.433
0.433
0.493
0.493
0.493
0.568
0.568
0.568
0.568
0.568
0.568
0.668
0.668
0.608
0.608
0.618
0.658
0.658
0.658
0.645
0.645
0.585
0.545
0.645
0.645
2.404
2.404
2.304
0.456
0.396
0.396
0.396
0.416
0.416
0.416
0.416
0.476
0.476
0.476
0.476
0.476
0.568
0.488
0.488
0.448
0.448
0.483
0.511
0.611
0.611
0.711
0.711
0.676
0.736
0.736
0.736
0.736
0.736
0.736
0.644
0.644
0.644
0.694
0.594
0.594
0.534
0.534
0.534
0.534
0.534
0.534
0.534
0.534
0.484
0.484
0.484
0.484
0.484
0.496
0.556
0.576
0.516
0.516
0.516
0.516
0.516
0.516
0.516
0.576
0.516
0.551
0.551
0.551
0.551
0.516
0.396
0.396
0.396
0.496
0.484
0.384
0.373
0.433
0.485
0.485
0.485
0.485
0.485
0.577
0.577
0.577
0.577
0.577
0.577
0.577
0.577
0.577
0.577
0.517
0.517
0.489
0.489
0.489
0.489
2.248
2.398
2.306
0.547
0.547
0.547
0.547
0.547
0.527
0.562
0.59
0.59
0.59
0.59
0.59
0.59
0.59
0.44
0.44
0.44
0.44
0.44
0.44
0.44
0.44
0.44
0.44
0.44
0.44
0.44
0.44
0.44
0.44
0.44
0.44
0.44
0.44
0.451
0.451
0.451
0.416
0.356
0.396
0.396
0.396
0.396
0.396
0.396
0.396
0.064
0.064
0.064
0.064
0.064
0.064
0.064
0.064
0.064
0.064
0.156
0.156
0.156
0.156
0.156
0.156
0.156
0.156
0.156
0.156
0.156
0.156
0.156
0.156
0.156
0.156
0.156
0.156
0.064
0.064
0.064
0.064
0.064
0.064
0.064
0.064
0.064
0.064
0.064
0.064
0.064
0.064
0.064
0.064
0.064
0.064
0.064
0.064
0.064
0.064
0.064
0.064
0.064
0.064
0.064
0.064
0.064
0.064
0.064
0.064
