0.06899999999999998
0.06899999999999998
0.06899999999999998
0.06899999999999998
0.06899999999999998
0.19733333333333328
0.19733333333333328
0.06899999999999998
0.06899999999999998
0.06899999999999998
0.20899999999999994
0.18566666666666662
0.06899999999999998
0.06899999999999998
0.06899999999999998
0.06899999999999998
0.23233333333333323
0.1623333333333333
0.06899999999999998
0.06899999999999998
0.06899999999999998
0.13899999999999998
0.24399999999999988
0.08066666666666664
0.06899999999999998
0.06899999999999998
0.06899999999999998
0.20899999999999994
0.18566666666666662
0.06899999999999998
0.06899999999999998
0.06899999999999998
0.09979999999999999
0.28099999999999997
0.27799999999999997
0.23866666666666672
0.06899999999999998
0.06899999999999998
0.06899999999999998
0.104
0.24399999999999988
0.11566666666666663
0.06899999999999998
0.06899999999999998
0.20899999999999994
0.18566666666666662
0.06899999999999998
0.06899999999999998
0.06899999999999998
0.20899999999999994
0.18566666666666662
0.06899999999999998
0.06899999999999998
0.13899999999999998
0.24399999999999988
0.08066666666666664
0.06899999999999998
0.06899999999999998
0.104
0.24399999999999988
0.11566666666666663
0.06899999999999998
0.06899999999999998
0.12733333333333333
0.24399999999999988
0.0923333333333333
0.06899999999999998
0.06899999999999998
0.18566666666666662
0.20899999999999994
0.10966666666666668
0.2868
0.38166666666666677
0.5429999999999999
0.5919333333333334
0.49766666666666676
0.6044666666666666
0.5196000000000001
0.7166666666666668
0.6071333333333333
0.4036666666666667
0.2534
0.3660666666666667
0.8361333333333332
0.08066666666666664
0.06899999999999998
0.06899999999999998
0.12733333333333333
0.24399999999999988
0.0923333333333333
0.06899999999999998
0.06899999999999998
0.15066666666666664
0.24399999999999988
0.06899999999999998
0.06899999999999998
