0.063
0.063
0.063
0.063
0.063
0.063
0.063
0.063
0.063
0.063
0.063
0.063
0.063
0.063
0.063
0.063
0.063
0.063
0.063
0.063
0.063
0.063
0.063
0.063
0.063
0.063
0.063
0.063
0.073
0.073
0.073
0.073
0.073
0.073
0.073
0.073
0.073
0.073
0.073
0.073
0.073
0.073
0.073
0.073
0.222
0.222
0.222
0.394
0.394
0.394
0.394
0.394
0.394
0.394
0.394
0.394
0.394
0.394
0.394
0.394
0.394
0.394
0.394
0.394
0.245
0.245
0.245
0.245
0.245
0.073
0.073
0.073
0.073
0.073
0.073
0.073
0.073
0.073
0.176
0.176
0.176
0.176
0.176
0.176
0.176
0.176
0.176
0.176
0.176
0.176
0.176
0.176
0.176
0.176
0.176
0.176
0.073
0.073
0.073
0.073
0.073
0.073
0.073
0.073
0.073
0.073
0.073
0.073
0.073
0.222
0.222
0.222
0.222
0.222
0.222
0.222
0.222
0.222
0.222
0.222
0.222
0.222
0.222
0.222
0.222
0.222
0.222
0.222
0.222
0.073
0.073
0.073
0.073
0.073
0.073
0.073
0.073
0.073
0.073
0.073
0.073
0.073
0.073
0.073
0.073
0.073
0.073
0.073
0.073
0.073
0.073
0.073
0.245
0.245
0.245
0.245
0.245
0.245
0.245
0.245
0.245
0.245
0.245
0.245
0.245
0.245
0.245
0.245
0.245
0.245
0.245
0.245
0.245
0.245
0.073
0.073
0.073
0.073
0.073
0.073
0.073
0.073
0.073
0.176
0.176
0.176
0.176
0.176
0.176
0.176
0.176
0.325
0.325
0.325
0.325
0.325
0.325
0.325
0.325
0.325
0.325
0.222
0.222
0.222
0.222
0.222
0.222
0.222
0.222
0.222
0.222
0.073
0.073
0.073
0.073
0.073
0.073
0.073
0.073
0.073
0.073
0.073
0.073
0.073
0.073
0.073
0.073
0.073
0.073
0.073
0.073
0.073
0.073
0.073
0.073
0.073
0.073
0.073
0.073
0.176
0.176
0.176
0.176
0.176
0.176
0.176
0.176
0.176
0.176
0.176
0.176
0.176
0.176
0.176
0.176
0.176
0.176
0.073
0.073
0.073
0.073
0.073
0.073
0.073
0.073
0.073
0.073
0.073
0.222
0.222
0.222
0.222
0.222
0.222
0.222
0.222
0.222
0.394
0.394
0.394
0.394
0.394
0.394
0.394
0.394
0.394
0.394
0.394
0.245
0.245
0.245
0.245
0.245
0.348
0.348
0.348
0.348
0.348
0.348
0.176
0.176
0.176
0.176
0.176
0.176
0.176
0.176
0.176
0.176
0.176
0.176
0.073
0.073
0.073
0.073
0.073
0.073
0.073
0.073
0.073
0.073
0.073
0.073
0.073
0.073
0.073
0.073
0.073
0.073
0.073
0.073
0.073
0.073
0.073
0.073
0.073
0.073
0.073
0.073
0.073
0.073
0.073
0.073
0.073
0.073
0.073
0.073
0.222
0.222
0.222
0.222
0.222
0.222
0.222
0.222
0.222
0.222
0.222
0.222
0.222
0.394
0.394
0.497
0.497
0.497
0.497
0.497
0.348
0.348
0.348
0.346
0.346
0.346
0.406
0.406
0.476
0.476
0.476
0.476
0.576
0.473
0.453
0.281
0.221
0.221
0.221
0.221
0.221
0.221
0.221
0.321
0.381
0.381
0.381
0.281
0.281
0.341
0.341
0.341
0.341
0.341
0.441
0.441
0.441
0.381
0.381
0.381
0.381
0.381
0.381
0.381
0.381
0.381
0.441
0.421
0.421
0.421
0.421
0.524
0.524
0.524
0.584
0.524
0.673
0.673
0.573
0.573
0.573
0.513
0.513
0.513
0.513
0.513
0.513
0.513
0.513
0.41
0.41
0.41
0.445
0.51
0.51
0.51
0.361
0.361
0.361
0.321
0.381
0.441
0.441
0.371
0.371
0.543
0.543
0.543
0.543
0.563
0.503
0.503
0.503
0.503
0.713
0.713
0.643
0.643
0.643
0.643
0.643
0.703
0.603
0.603
0.603
0.603
0.615
0.343
0.443
0.443
0.443
0.443
0.513
0.443
0.546
0.546
0.546
0.546
0.546
0.616
0.616
0.646
0.646
0.646
0.646
0.646
0.646
0.646
0.646
0.646
0.646
0.646
0.543
0.543
0.543
0.473
0.473
0.473
0.473
0.473
0.473
2.89
2.89
0.073
0.073
0.073
0.073
0.073
0.073
0.073
0.073
0.245
0.245
0.245
0.245
0.245
0.245
0.245
0.245
0.245
0.245
0.245
0.245
0.245
0.245
0.245
0.245
0.245
0.245
0.245
0.245
0.245
0.245
0.073
0.073
0.073
0.073
0.073
0.073
0.222
0.222
0.222
0.222
0.222
0.222
0.222
0.222
0.222
0.222
0.325
0.325
0.325
0.325
0.325
0.325
0.325
0.325
0.325
0.325
0.176
0.176
0.176
0.176
0.176
0.176
0.176
0.176
0.073
0.073
0.073
0.073
0.073
0.073
0.073
0.073
0.073
0.073
0.073
0.073
0.073
0.073
0.073
0.073
0.073
0.245
0.245
0.245
0.245
0.245
0.245
0.245
0.245
0.245
0.245
0.245
0.245
0.245
0.245
0.245
0.245
0.245
0.245
0.245
0.245
0.245
0.245
0.176
0.176
0.176
0.176
0.176
0.176
0.176
0.176
0.176
0.176
0.176
0.176
0.176
0.176
0.176
0.176
0.176
0.176
0.073
0.073
0.073
0.073
0.073
0.073
0.073
0.073
0.073
0.073
0.073
0.073
0.073
0.073
0.073
0.073
0.073
0.073
0.073
0.073
0.073
0.073
0.073
0.073
0.073
0.073
0.073
0.073
0.073
0.073
0.073
0.073
0.073
0.073
0.245
0.245
0.245
0.245
0.245
0.245
0.245
0.245
0.245
0.245
0.245
0.245
0.245
0.245
0.245
0.348
0.348
0.348
0.348
0.348
0.497
0.497
0.325
0.325
0.325
0.325
0.325
0.325
0.325
0.325
0.325
0.325
0.325
0.222
0.222
0.222
0.222
0.222
0.222
0.222
0.073
0.073
0.073
0.073
0.073
0.073
0.073
0.073
0.073
0.073
0.073
0.073
0.073
0.073
0.073
0.073
0.073
0.073
0.073
0.073
0.073
0.073
0.073
0.073
0.073
0.073
0.073
0.073
0.073
0.073
0.073
0.073
0.073
0.176
0.176
0.176
0.176
0.176
0.176
0.176
0.176
0.176
0.176
0.176
0.176
0.176
0.176
0.176
0.176
0.176
0.176
0.073
0.073
0.073
0.073
0.073
0.222
0.222
0.222
0.222
0.222
0.222
0.222
0.222
0.222
0.222
0.222
0.222
0.222
0.222
0.222
0.222
0.222
0.222
0.222
2.679
2.59
2.59
2.63
2.65
2.65
2.65
2.65
2.65
2.56
2.58
2.52
2.52
2.52
0.103
0.103
0.103
0.103
0.103
0.103
0.103
0.103
0.103
0.091
0.091
0.346
0.366
0.366
0.346
0.346
0.406
0.476
0.476
0.476
0.536
0.536
0.536
0.476
0.476
0.476
0.476
0.476
0.476
0.373
0.373
0.373
0.373
0.201
0.201
0.201
0.201
0.201
0.201
0.201
0.201
0.201
0.201
0.201
0.201
0.201
0.073
0.073
0.073
0.073
0.073
0.073
0.073
0.073
0.073
0.073
0.073
0.073
0.073
0.073
0.073
0.073
0.073
0.073
0.073
0.073
0.073
0.073
0.073
0.073
0.073
0.176
0.176
0.176
0.176
0.176
0.176
0.176
0.176
0.176
0.176
0.176
0.176
0.176
0.176
0.348
0.348
0.348
0.348
0.245
0.245
0.245
0.245
0.245
0.245
0.245
0.245
0.245
0.245
0.245
0.245
0.245
0.245
0.245
0.245
0.245
0.245
0.222
0.222
0.222
0.222
0.222
0.222
0.222
0.222
0.222
0.22
0.22
0.22
2.133
2.133
2.133
0.22
0.32
0.32
0.32
0.32
0.171
0.171
0.171
0.171
0.171
0.171
0.171
0.171
0.231
0.231
0.231
0.303
0.373
0.373
0.373
0.373
0.373
0.413
0.413
2.356
2.356
2.356
2.356
2.286
2.286
2.298
2.298
2.298
2.298
2.298
2.298
2.358
2.358
2.358
2.358
2.358
2.484
2.484
2.484
2.544
0.441
0.441
0.561
0.561
0.561
0.71
0.71
0.73
0.73
0.79
0.79
0.73
0.73
0.79
0.79
0.79
0.67
0.67
0.67
0.842
0.885
0.945
0.945
0.945
0.945
0.796
0.796
0.796
0.796
0.796
0.856
0.856
0.976
0.916
0.916
0.916
0.816
0.816
0.713
0.783
0.713
0.541
0.732
0.802
0.802
0.671
0.671
0.671
0.671
2.718
2.718
2.718
2.718
2.718
2.718
2.758
2.667
2.793
2.721
2.721
2.721
2.721
2.721
2.958
2.958
2.841
2.841
2.841
2.841
2.801
2.801
2.801
2.801
2.801
2.801
2.801
0.931
0.931
0.754
0.754
0.854
0.754
0.754
0.789
0.754
0.754
0.754
0.754
0.754
0.931
0.931
0.754
1.661
1.721
1.721
0.814
0.814
0.814
0.734
0.734
0.734
0.794
0.931
0.931
1.421
1.421
1.295
1.547
1.547
0.98
0.92
0.92
1.02
1.02
1.02
1.072
1.072
1.072
1.084
1.084
1.084
1.084
1.084
1.144
1.144
0.981
0.869
0.72
0.72
0.685
0.725
0.725
0.725
0.725
0.725
0.725
0.725
0.665
0.665
0.665
0.665
0.665
0.665
0.665
0.665
0.665
0.665
0.665
0.555
0.555
0.555
0.681
0.681
0.851
0.851
0.851
0.851
0.911
0.911
0.951
0.951
0.951
0.951
0.951
0.951
0.951
0.951
0.951
1.1
1.1
1.1
1.1
1.03
1.202
1.142
1.13
1.09
1.09
1.09
0.93
3.347
3.347
3.347
3.382
3.382
3.382
3.382
3.382
3.233
3.293
3.233
3.281
3.281
3.281
3.384
3.212
0.855
0.855
0.855
0.855
0.795
0.795
0.795
0.795
0.795
0.735
0.735
0.735
0.735
0.735
0.675
0.735
0.644
0.704
0.764
0.764
0.824
0.824
0.824
0.824
0.824
0.824
0.824
0.824
0.859
0.859
0.859
0.99
0.99
0.955
0.955
0.955
0.955
0.955
1.015
1.015
2.928
2.868
2.748
0.775
0.775
0.775
0.835
0.965
0.965
0.905
0.905
1.005
0.945
0.815
0.875
0.875
0.875
0.915
0.915
0.985
0.95
1.099
0.968
0.968
0.968
0.968
0.898
0.898
2.811
2.846
2.916
0.968
0.908
0.908
0.908
0.908
0.908
0.908
0.908
0.908
0.908
0.759
0.759
0.759
0.699
0.699
0.699
0.699
0.871
0.859
0.759
0.859
0.879
0.879
0.879
0.979
0.979
1.082
3.055
3.055
3.055
1.102
1.114
1.114
1.054
1.054
0.954
0.828
0.828
0.828
0.596
1.076
1.076
1.207
1.219
1.116
1.116
1.116
1.116
1.116
1.151
1.151
0.651
0.651
0.651
0.8
0.8
0.926
0.8
0.8
0.73
0.73
0.599
0.599
0.599
0.599
0.599
0.599
0.599
0.599
0.669
0.669
0.669
0.669
0.729
0.58
0.52
0.52
0.52
0.52
0.46
0.46
0.46
0.46
0.46
0.39
0.39
0.39
0.39
0.39
0.45
0.45
0.438
0.641
0.541
0.481
0.481
0.641
0.641
0.641
0.641
0.611
0.611
0.611
0.551
0.611
0.611
0.611
0.711
2.624
2.624
2.521
0.608
0.608
0.608
0.608
0.608
0.596
0.596
0.551
0.551
0.551
0.627
0.592
0.592
0.983
0.948
0.878
0.778
0.838
0.838
0.838
0.838
0.778
0.778
0.778
0.778
0.858
0.858
0.858
0.858
0.858
0.858
0.858
0.858
2.622
2.556
2.384
0.411
0.481
0.411
0.411
0.411
0.411
0.411
0.411
0.411
0.471
0.471
0.571
0.571
0.571
0.571
0.571
1.114
1.214
1.286
1.246
1.377
1.277
1.277
1.277
1.277
1.277
1.277
1.277
1.217
1.217
1.217
1.217
1.217
1.217
1.184
1.184
1.184
1.184
1.184
1.184
1.184
1.284
1.224
1.224
1.224
1.224
1.224
1.373
1.373
1.373
1.373
1.373
1.373
1.373
1.342
1.282
1.454
1.454
1.454
1.58
1.58
1.54
1.44
1.43
1.43
