0.056
0.056
0.056
0.056
0.056
0.056
0.056
0.056
0.056
0.056
0.056
0.056
0.056
0.056
0.056
0.056
0.066
0.066
0.066
0.066
0.066
0.066
0.066
0.066
0.066
0.066
0.066
0.066
0.066
0.066
0.066
0.066
0.066
0.066
0.256
0.256
0.256
0.256
0.256
0.256
0.256
0.256
0.256
0.256
0.256
0.256
0.256
0.256
0.256
0.256
0.256
0.256
0.256
0.256
0.256
0.256
0.066
0.066
0.066
0.066
0.066
0.066
0.066
0.066
0.066
0.066
0.066
0.066
0.066
0.066
0.066
0.066
0.066
0.066
0.066
0.066
0.066
0.066
0.066
0.066
0.066
0.066
0.066
0.066
0.066
0.066
0.066
0.066
0.066
0.066
0.066
0.066
0.204
0.204
0.204
0.204
0.204
0.204
0.204
0.204
0.204
0.204
0.204
0.204
0.394
0.394
0.394
0.394
0.394
0.394
0.256
0.256
0.256
0.256
0.256
0.256
0.256
0.256
0.256
0.256
0.256
0.256
0.256
0.256
0.256
0.256
0.066
0.066
0.066
0.066
0.066
0.066
0.066
0.066
0.066
0.066
0.066
0.066
0.066
0.066
0.066
0.066
0.066
0.066
0.066
0.066
0.066
0.066
0.066
0.066
0.066
0.066
0.066
0.066
0.066
0.066
0.066
0.066
0.066
0.066
0.066
0.066
0.066
0.066
0.066
0.066
0.066
0.066
0.066
0.066
0.066
0.066
0.204
0.204
0.204
0.204
0.204
0.204
0.204
0.204
0.204
0.204
0.204
0.204
0.204
0.204
0.204
0.204
0.204
0.204
0.066
0.066
0.066
0.066
0.066
0.066
0.066
0.066
0.066
0.066
0.066
0.066
0.066
0.066
0.066
0.066
0.066
0.066
0.066
0.066
0.066
0.066
0.066
0.066
0.256
0.256
0.256
0.256
0.256
0.256
0.256
0.256
0.256
0.256
0.256
0.256
0.256
0.256
0.256
0.256
0.256
0.256
0.256
0.256
0.256
0.256
0.066
0.066
0.066
0.066
0.066
0.066
0.066
0.066
0.066
0.066
0.066
0.066
0.066
0.066
0.066
0.066
0.066
0.066
0.066
0.066
0.066
0.066
0.066
0.066
0.066
0.066
0.066
0.066
0.066
0.066
0.066
0.066
0.066
0.066
0.066
0.066
0.066
0.066
0.066
0.066
0.066
0.066
0.066
0.066
0.066
0.066
0.066
0.066
0.066
0.066
0.204
0.204
0.204
0.204
0.204
0.204
0.204
0.204
0.204
0.394
0.394
0.394
0.394
0.394
0.394
0.394
0.394
0.394
0.256
0.256
0.256
0.256
0.256
0.256
0.256
0.256
0.256
0.256
0.256
0.256
0.256
0.066
0.066
0.066
0.066
0.066
0.066
0.066
0.066
0.066
0.066
0.066
0.066
0.066
0.066
0.066
0.066
0.066
0.066
0.066
0.066
0.066
0.066
0.066
0.066
0.066
0.066
0.066
0.066
0.066
0.066
0.066
0.066
0.066
0.066
0.066
0.066
0.066
0.066
0.066
0.066
0.204
0.204
0.204
0.204
0.204
0.204
0.204
0.204
0.204
0.204
0.204
0.204
0.204
0.204
0.204
0.204
0.204
0.394
0.256
0.256
0.256
0.256
0.256
0.256
0.256
0.256
0.256
0.256
0.256
0.256
0.256
0.256
0.256
0.256
0.256
0.256
0.256
0.256
0.256
0.066
0.066
0.066
0.066
0.066
0.066
0.066
0.066
0.066
0.066
0.066
0.066
0.066
0.066
0.066
0.066
0.066
0.066
0.066
0.204
0.204
0.204
0.204
0.204
0.202
0.231
0.231
0.231
0.231
0.231
0.231
0.231
2.642
2.602
2.602
0.231
0.231
0.093
0.093
0.093
0.093
0.093
0.093
0.093
0.093
10.081
10.081
10.121
0.173
0.173
0.173
0.173
0.193
0.193
0.193
0.173
0.144
0.144
0.204
0.204
0.204
0.204
0.204
0.164
0.164
0.354
0.354
0.354
0.354
0.354
0.354
0.354
0.354
0.354
0.434
0.434
0.454
0.454
0.394
0.434
0.434
0.434
0.469
0.394
0.394
0.394
0.454
2.575
2.575
2.595
0.224
0.224
0.224
0.224
0.224
0.224
0.204
0.204
0.204
0.204
0.204
0.239
0.279
0.244
0.244
0.244
0.244
0.244
0.244
0.244
0.244
0.244
0.244
0.244
0.264
0.264
0.264
0.284
0.244
0.244
0.244
0.417
0.417
0.417
0.377
0.377
0.377
0.317
0.317
0.317
0.317
0.317
0.317
0.337
0.337
0.337
0.337
0.527
0.527
0.449
0.449
0.389
0.389
0.389
0.389
0.389
0.389
0.389
0.369
0.369
0.369
0.369
0.369
0.369
0.409
0.369
0.334
0.334
0.334
0.144
0.144
0.144
0.204
0.204
0.156
0.156
0.156
0.275
0.275
0.275
0.275
0.275
2.646
2.646
2.646
0.275
0.275
0.275
0.413
0.413
0.413
0.413
0.413
0.413
0.413
0.413
0.294
0.294
0.294
0.294
0.294
0.294
0.305
0.305
0.305
0.305
0.167
0.167
0.167
0.167
0.167
0.167
0.167
0.167
0.167
0.167
0.167
0.167
0.167
0.167
0.167
0.167
0.127
0.127
0.127
0.127
0.127
0.127
0.127
0.127
0.127
0.127
0.127
0.127
0.151
0.163
0.163
0.163
0.163
0.163
0.163
0.163
0.163
0.163
0.163
0.163
0.163
0.163
0.163
0.301
0.301
0.301
0.491
0.491
0.491
0.491
0.491
0.491
0.491
0.491
0.503
0.503
0.503
0.503
0.503
0.503
0.503
0.365
0.365
0.365
0.365
0.405
0.405
0.365
0.175
0.164
0.164
0.164
0.164
0.164
0.164
0.164
0.164
0.164
0.164
0.164
0.164
0.164
0.164
0.164
0.193
0.193
0.193
0.193
0.193
0.181
0.169
0.129
0.129
0.129
0.129
0.129
0.129
0.129
0.129
0.129
0.129
0.093
0.093
0.093
0.093
0.093
0.093
0.093
0.093
0.093
0.231
0.231
0.421
0.421
0.421
0.439
0.439
0.439
0.439
0.439
0.439
0.439
0.439
0.511
0.511
0.511
0.511
0.511
0.373
0.373
0.373
2.356
2.356
2.356
2.178
2.218
2.238
2.238
2.218
2.218
2.218
2.218
2.218
2.218
2.218
4.589
4.589
4.589
2.238
2.238
2.31
2.31
0.427
0.427
0.427
0.427
0.327
0.307
0.307
2.678
2.678
2.678
0.307
0.307
0.307
0.307
0.267
0.267
0.267
0.267
0.267
0.267
0.267
0.267
0.267
0.267
0.255
0.393
0.433
0.433
0.433
0.433
0.433
0.468
0.468
0.468
0.433
0.485
0.474
0.474
0.474
0.474
0.474
0.474
2.905
2.787
2.767
0.336
0.276
0.336
0.336
0.396
0.396
0.396
0.396
2.787
2.827
2.787
0.416
0.416
0.404
0.404
0.404
0.404
0.404
0.581
0.581
0.404
0.404
0.404
0.364
0.364
0.364
0.364
0.554
0.554
0.554
0.594
0.782
0.782
0.605
0.605
0.605
0.605
0.605
0.605
0.605
0.485
0.328
0.328
0.328
0.643
0.643
0.466
0.466
0.466
0.276
0.276
0.276
0.276
0.276
0.276
0.276
0.276
0.453
0.453
0.771
0.771
0.771
0.633
0.633
0.066
0.066
0.066
0.066
0.066
0.066
0.066
0.066
0.066
0.066
0.066
0.066
0.066
0.066
0.066
0.066
0.066
0.066
0.066
0.066
0.066
0.066
0.066
0.066
0.066
0.066
0.066
0.066
0.066
0.066
0.066
0.066
0.066
0.066
0.066
0.066
0.066
0.066
0.066
0.066
0.066
0.066
0.066
0.066
0.066
0.066
0.066
0.066
0.066
0.066
0.066
0.066
0.066
0.066
0.066
0.066
0.066
0.066
0.066
0.066
0.066
0.066
0.066
0.066
0.256
0.256
0.256
0.256
0.256
0.256
0.256
0.256
0.256
0.394
0.394
0.394
0.394
0.394
0.394
0.394
0.394
0.394
0.394
0.394
0.394
0.394
0.204
0.204
0.204
0.204
0.204
0.066
0.066
0.066
0.066
0.066
0.066
0.066
0.066
0.066
0.066
0.066
0.066
0.066
0.066
0.066
0.066
0.171
0.111
0.111
0.151
0.151
0.151
0.163
0.163
0.163
0.163
0.163
0.163
0.263
0.263
0.223
0.263
0.303
0.303
0.303
0.303
0.303
0.303
0.303
0.267
0.456
0.456
0.456
0.367
0.407
0.431
0.431
0.431
0.431
0.431
0.431
0.431
0.431
2.802
2.814
2.774
0.593
0.593
0.553
0.553
0.553
0.553
0.553
0.553
0.573
0.711
0.711
0.711
0.711
0.711
0.711
0.711
0.711
0.711
0.711
0.711
0.711
0.711
0.521
0.51
0.51
0.51
0.51
0.372
0.372
0.372
0.392
0.392
0.372
0.372
0.332
0.332
0.344
0.344
0.344
0.344
0.344
0.344
0.344
0.344
0.344
0.344
0.344
0.344
0.463
0.463
0.463
0.463
0.463
0.463
0.423
0.423
0.423
0.423
0.483
0.483
0.543
0.483
0.347
0.485
0.485
0.485
0.485
0.485
0.485
0.485
0.485
0.473
0.413
0.413
0.433
0.433
0.453
0.453
0.643
0.643
0.643
0.505
0.605
0.605
0.605
0.545
0.505
0.545
0.545
0.605
0.645
0.585
0.585
0.545
0.545
0.557
0.545
0.585
0.585
0.545
0.395
0.43
0.39
0.43
0.418
0.418
0.418
0.264
0.324
0.324
0.344
0.344
0.359
0.359
0.359
0.319
0.319
0.359
0.359
0.359
0.359
1.416
1.416
1.554
0.497
0.497
0.497
0.497
0.497
0.497
0.497
0.497
0.462
0.462
0.482
0.482
0.502
0.502
0.562
0.574
0.574
0.412
0.412
0.452
0.412
0.582
0.57
0.57
0.649
0.649
0.649
0.621
0.621
0.609
0.609
0.549
0.549
0.549
0.549
3.012
2.972
2.972
0.596
0.596
0.596
0.596
0.576
0.576
0.576
0.476
0.516
2.887
2.927
2.927
0.476
0.496
0.496
0.496
0.461
0.651
0.726
0.751
1.946
1.827
1.827
0.77
0.77
0.77
0.77
0.77
0.77
0.77
0.77
0.77
0.77
0.77
0.805
0.805
0.77
0.87
0.682
0.552
0.552
0.552
0.512
0.512
0.512
0.512
0.472
0.412
2.783
2.783
2.823
0.427
0.351
0.411
0.411
0.411
0.451
0.439
0.439
0.439
0.439
0.379
0.379
0.379
0.438
0.438
0.438
0.438
0.438
0.438
0.438
0.398
0.378
0.378
0.378
0.354
0.314
0.279
0.279
0.279
0.339
0.469
0.504
0.484
0.674
0.686
0.686
0.686
0.686
0.686
0.697
0.757
0.847
0.847
0.947
0.947
0.935
0.935
0.935
0.895
0.895
0.895
0.895
0.895
0.895
0.895
0.705
0.705
0.705
3.076
3.076
3.076
0.845
0.923
0.883
0.843
0.843
1.003
0.943
0.783
0.872
0.952
0.852
0.722
0.722
0.722
0.722
0.722
0.852
0.852
0.952
0.814
0.814
0.814
0.814
0.684
0.565
0.605
0.705
0.804
0.804
0.804
0.644
0.684
0.644
0.644
0.604
0.604
0.568
0.548
0.648
0.648
0.369
0.381
0.381
0.381
0.381
0.381
0.381
0.421
0.511
0.701
0.701
0.69
0.69
0.69
0.678
0.678
0.678
0.678
0.678
0.654
0.654
0.654
0.654
0.666
0.666
0.654
0.654
0.654
0.654
0.524
0.524
0.334
0.374
0.374
0.374
0.374
0.374
0.386
0.386
0.386
0.486
0.521
0.581
0.581
0.581
0.621
0.621
0.621
0.641
0.641
0.522
0.522
0.7
0.7
0.7
0.7
0.7
3.071
3.071
3.071
0.6
0.6
0.6
0.66
0.62
0.62
0.204
0.204
0.204
0.204
0.066
0.066
0.066
0.066
0.066
0.066
0.066
0.066
0.066
0.066
0.066
0.066
0.066
0.066
0.066
0.066
0.066
0.066
0.066
0.066
0.066
0.066
0.066
0.066
0.066
0.066
0.066
0.066
0.066
0.066
0.066
0.066
0.066
0.066
0.066
0.066
0.066
0.066
0.066
0.066
0.066
0.066
0.056
0.056
0.056
0.246
0.246
0.246
0.246
0.246
0.246
0.246
0.246
0.246
0.246
0.246
