0.068
0.068
0.066
0.05800000000000001
0.05800000000000001
0.05800000000000001
0.05800000000000001
0.05800000000000001
0.06000000000000001
0.096
0.20800000000000002
0.20800000000000002
0.20800000000000002
0.18
0.068
0.068
0.068
0.068
0.068
0.068
0.068
0.068
0.068
0.068
0.15199999999999997
0.20800000000000002
0.20800000000000002
0.20800000000000002
0.12400000000000003
0.068
0.068
0.068
0.068
0.068
0.068
0.068
0.068
0.18
0.20800000000000002
0.20800000000000002
0.20800000000000002
0.096
0.068
0.068
0.068
0.068
0.068
0.068
0.068
0.068
0.068
0.068
0.068
0.068
0.15199999999999997
0.20800000000000002
0.20800000000000002
0.20800000000000002
0.12400000000000003
0.068
0.068
0.068
0.068
0.068
0.068
0.068
0.124
0.20800000000000002
0.20800000000000002
0.20800000000000002
0.152
0.068
0.068
0.068
0.068
0.068
0.068
0.068
0.078
0.15
0.186
0.23399999999999999
0.23879999999999998
0.246
0.238
0.31599999999999995
0.40800000000000003
0.4516
0.5436
0.6098
0.46900000000000003
1.7131999999999998
0.542
0.514
0.578
0.626
0.5744
0.612
0.752
0.72
0.7
4.0836
0.068
0.068
0.068
0.068
0.068
0.068
0.068
0.068
1.8168000000000002
0.148
0.26
0.26
0.26
0.25600000000000006
0.11159999999999999
0.8768
0.45939999999999986
0.066
0.066
0.066
0.066
0.10600000000000001
0.10600000000000001
0.238
0.22000000000000003
0.22000000000000003
0.22000000000000003
0.08
0.08
0.08
0.096
0.096
0.096
0.096
0.096
0.096
0.082
0.082
0.082
0.082
0.3548
5.0114
0.24900000000000003
0.24900000000000003
0.27460000000000007
0.23960000000000004
0.10600000000000001
0.31060000000000004
0.20620000000000002
0.138
0.138
0.138
1.3262
0.178
0.188
0.20600000000000002
0.318
0.318
0.40140000000000003
0.5038
0.45519999999999994
0.5202
0.2832
0.242
0.20600000000000002
0.198
0.17800000000000002
0.166
0.194
0.306
0.306
0.306
0.27799999999999997
0.166
0.068
0.068
0.068
0.068
0.068
0.068
0.068
0.068
0.2124
0.30200000000000005
0.20800000000000002
0.20800000000000002
0.12400000000000003
0.068
0.068
0.068
0.0918
0.126
0.166
0.27199999999999996
0.39999999999999997
0.4
0.7525999999999999
2.441
2.455
2.4128
0.3512
0.38
0.6083999999999999
0.6516
0.69
0.6739999999999999
0.5900000000000001
0.6618
0.932
0.736
0.728
0.76
0.7468
0.8099999999999999
1.4693999999999998
0.9067999999999999
0.914
0.9321999999999999
0.865
5.7746
0.921
0.849
0.63
0.49800000000000005
0.4252000000000001
0.41000000000000003
0.462
0.5640000000000001
0.6098000000000001
0.8602000000000001
0.8119999999999999
0.844
0.952
0.8379999999999999
0.6976000000000001
0.6444
0.602
0.6155999999999999
0.6779999999999999
0.6779999999999999
0.714
0.6599999999999999
0.594
0.65
0.71
0.7048
0.8943999999999999
0.7464000000000001
0.586
0.55
0.5731999999999999
0.6324
0.8699999999999999
0.9444000000000001
1.03
1.042
0.9899999999999999
1.0356
2.98
3.03
3.0452000000000004
2.8259999999999996
0.7922
0.8708
0.933
0.933
0.8934000000000001
0.8469999999999999
0.7734
0.8949999999999999
0.917
0.9734
0.8909999999999998
0.7290000000000001
0.765
0.717
1.0658
0.601
0.6214000000000001
0.789
0.805
0.805
0.699
0.739
0.875
0.8109999999999999
