0.18193333333333336
0.20393333333333336
0.15940000000000004
0.12966666666666662
0.07699999999999999
0.07699999999999999
0.07699999999999999
0.07699999999999999
0.07699999999999999
0.07699999999999999
0.07699999999999999
0.07699999999999999
0.07699999999999999
0.07699999999999999
0.07699999999999999
0.07699999999999999
0.07699999999999999
0.07699999999999999
0.07699999999999999
0.07699999999999999
0.07699999999999999
0.07699999999999999
0.07699999999999999
0.07699999999999999
0.07699999999999999
0.07699999999999999
0.07699999999999999
0.07699999999999999
0.26846666666666674
0.24326666666666671
1.9239333333333335
5.670333333333334
4.593333333333334
5.7192000000000025
2.058466666666667
0.07699999999999999
0.07699999999999999
0.23299999999999998
0.07699999999999999
0.07699999999999999
0.07699999999999999
0.07699999999999999
0.07699999999999999
0.07699999999999999
0.07699999999999999
0.07699999999999999
0.07699999999999999
0.07699999999999999
0.07699999999999999
0.07699999999999999
0.07699999999999999
0.07699999999999999
0.40433333333333327
0.4963333333333333
0.541
1.5382000000000002
2.723999999999999
1.033333333333333
0.7204666666666666
0.8948
0.149
0.1726
0.1726
1.1223999999999998
1.7282666666666666
1.8407333333333338
2.0674
3.343000000000001
2.2388
0.8533333333333332
1.4944666666666668
2.7510000000000003
1.2432000000000003
0.9576666666666666
0.6716666666666665
1.9908
2.977466666666666
1.254066666666667
1.1863333333333332
0.8128
0.7150666666666667
0.7659999999999999
0.7730666666666667
1.1093333333333333
3.497999999999999
3.409133333333334
3.1396666666666664
2.8147333333333338
0.44693333333333346
0.3397333333333333
0.39119999999999994
0.2919999999999999
0.2910666666666666
0.36293333333333333
0.07699999999999999
0.06766666666666664
