0.073
0.06899999999999999
0.063
0.063
0.063
0.063
0.063
0.067
0.073
0.073
0.073
0.073
0.073
0.073
0.073
0.073
0.073
0.16299999999999998
0.223
0.223
0.223
0.193
0.073
0.073
0.073
0.073
0.073
0.073
0.073
0.073
0.073
0.073
0.073
0.223
0.223
0.223
0.223
0.13299999999999998
0.073
0.073
0.073
0.073
0.073
0.073
0.073
0.073
0.13299999999999998
0.223
0.223
0.223
0.223
0.073
0.073
0.073
0.073
0.073
0.073
0.073
0.073
0.073
0.073
0.073
0.073
0.16299999999999998
0.223
0.223
0.223
0.193
0.073
0.073
0.073
0.073
0.073
0.073
0.073
0.073
0.10300000000000001
0.223
0.223
0.223
0.223
0.10300000000000001
0.163
0.29100000000000004
0.35100000000000003
0.43099999999999994
0.331
0.331
0.343
0.491
0.399
0.4114000000000001
0.6744
0.6960000000000001
0.684
0.684
0.6540000000000001
0.534
0.534
0.534
0.47400000000000003
0.4244
0.422
0.446
0.47400000000000003
0.462
0.522
0.5519999999999999
0.492
0.492
0.492
0.342
0.797
2.617
2.617
2.617
2.162
0.342
0.342
0.342
0.326
0.302
0.302
0.302
0.302
0.302
0.202
0.202
0.202
0.202
0.202
0.202
0.362
0.45200000000000007
0.45200000000000007
0.352
0.292
0.202
0.202
0.202
0.202
0.202
0.202
0.202
0.202
0.2274
0.073
0.073
0.073
0.073
0.223
0.223
0.223
0.223
0.13299999999999998
0.073
0.073
0.073
0.073
0.073
0.073
0.073
0.073
0.073
0.073
0.073
0.073
0.073
0.073
0.10300000000000001
0.223
0.223
0.223
0.223
0.10300000000000001
0.073
0.073
0.073
0.073
0.073
0.073
0.073
0.073
0.073
0.073
0.10300000000000001
0.223
0.223
0.223
0.223
0.10300000000000001
0.073
0.073
0.073
0.073
0.073
0.073
0.073
0.326
0.262
0.3196
0.571
0.746
0.798
0.6759999999999999
0.5409999999999999
0.421
0.381
0.2762
0.19499999999999998
0.073
0.073
0.073
0.073
0.13299999999999998
0.223
0.223
0.223
0.223
0.073
0.073
0.073
0.086
0.43079999999999996
0.7858000000000002
0.127
0.223
0.6284
1.1788
0.554
0.554
0.599
0.554
0.324
0.304
0.304
0.40099999999999997
0.662
0.662
0.662
0.67
0.782
0.7856000000000001
0.585
0.601
0.6849999999999999
0.786
0.6764
0.528
0.43099999999999994
0.35300000000000004
0.466
0.42700000000000005
0.4452
0.462
0.458
0.53
0.542
0.5429999999999999
0.571
0.6472
0.698
0.698
0.698
0.6068
0.759
0.8375999999999999
0.9380000000000001
0.9206
0.8550000000000001
0.7224
0.688
0.728
0.844
0.768
0.8480000000000001
0.073
0.073
0.073
0.073
0.073
0.073
0.073
0.073
0.073
0.193
0.223
0.223
