0.066
0.066
0.066
0.066
0.066
0.066
0.066
0.066
0.056
0.056
0.056
0.056
0.056
0.056
0.056
0.056
0.056
0.056
0.056
0.056
0.056
0.056
0.056
0.056
0.056
0.056
0.267
0.267
0.267
0.267
0.267
0.267
0.267
0.267
0.267
0.267
0.267
0.267
0.277
0.277
0.277
0.277
0.277
0.277
0.277
0.277
0.277
0.277
0.066
0.066
0.066
0.066
0.066
0.066
0.066
0.066
0.066
0.066
0.066
0.066
0.066
0.066
0.066
0.066
0.066
0.066
0.066
0.066
0.066
0.066
0.066
0.066
0.066
0.066
0.066
0.066
0.066
0.066
0.066
0.066
0.066
0.066
0.066
0.066
0.066
0.066
0.066
0.066
0.066
0.066
0.066
0.066
0.066
0.066
0.066
0.066
0.066
0.066
0.066
0.066
0.066
0.066
0.277
0.277
0.277
0.277
0.277
0.277
0.277
0.277
0.277
0.277
0.277
0.277
0.277
0.277
0.277
0.277
0.277
0.277
0.277
0.277
0.277
0.277
0.066
0.066
0.066
0.066
0.066
0.066
0.066
0.066
0.066
0.066
0.066
0.066
0.066
0.066
0.066
0.066
0.066
0.066
0.066
0.066
0.066
0.066
0.066
0.066
0.066
0.066
0.066
0.066
0.066
0.066
0.066
0.066
0.066
0.066
0.066
0.066
0.066
0.066
0.066
0.066
0.066
0.066
0.066
0.066
0.066
0.066
0.066
0.066
0.066
0.066
0.066
0.066
0.066
0.066
0.066
0.066
0.066
0.066
0.066
0.066
0.066
0.066
0.066
0.066
0.066
0.277
0.277
0.277
0.277
0.277
0.277
0.277
0.277
0.277
0.277
0.277
0.277
0.277
0.277
0.277
0.277
0.277
0.277
0.277
0.277
0.277
0.277
0.066
0.066
0.066
0.066
0.066
0.066
0.066
0.066
0.066
0.066
0.066
0.066
0.066
0.066
0.066
0.066
0.066
0.066
0.066
0.066
0.066
0.066
0.066
0.066
0.066
0.066
0.066
0.066
0.066
0.066
0.066
0.066
0.066
0.066
0.066
0.066
0.066
0.066
0.066
0.066
0.066
0.066
0.066
0.066
0.066
0.066
0.066
0.066
0.066
0.066
0.066
0.066
0.066
0.277
0.277
0.277
0.277
0.277
0.277
0.277
0.277
0.277
0.277
0.277
0.277
0.277
0.277
0.277
0.277
0.277
0.277
0.277
0.277
0.277
0.277
0.066
0.066
0.066
0.066
0.064
0.064
0.064
0.064
0.064
0.064
0.064
0.064
0.064
0.417
0.417
0.417
0.417
0.064
0.064
0.064
0.064
0.064
0.064
0.064
0.064
0.064
0.064
0.064
0.064
0.064
0.076
0.076
0.136
0.236
0.296
0.236
0.236
0.236
0.296
0.196
0.136
0.136
0.136
0.273
0.273
0.273
0.273
0.273
0.273
0.273
0.273
0.273
0.273
0.273
0.136
0.136
0.136
0.347
0.347
0.387
0.387
0.387
0.387
0.387
0.387
0.387
0.387
0.387
0.387
0.387
0.387
0.487
0.547
0.547
0.487
0.487
0.624
0.624
0.624
0.413
0.413
0.413
0.413
0.413
0.413
0.413
0.413
0.313
0.313
0.313
0.313
3.032
3.032
3.032
3.032
3.032
3.032
3.032
3.032
3.032
3.032
3.032
3.032
5.019
5.019
5.019
3.032
0.313
0.313
0.313
0.313
0.313
0.313
0.313
0.313
0.313
0.413
0.413
0.413
0.413
0.413
0.413
0.413
0.413
0.413
0.413
0.413
0.413
0.413
0.413
0.413
0.413
0.413
0.766
0.766
0.766
0.977
0.684
0.684
0.564
0.564
0.564
0.564
0.564
0.427
0.427
0.487
0.487
0.487
0.501
0.501
0.501
0.501
0.501
0.501
0.501
0.501
0.501
0.29
0.29
0.29
0.29
0.29
0.29
0.29
0.29
0.643
0.643
0.643
0.643
0.29
0.29
0.29
0.29
0.066
0.066
0.066
0.066
0.066
0.066
0.066
0.066
0.066
0.066
0.066
0.066
0.066
0.066
0.066
0.066
0.066
0.066
0.066
0.066
0.066
0.066
0.066
0.066
0.066
0.066
0.066
0.066
0.066
0.066
0.066
0.066
0.066
0.066
0.066
0.066
0.066
0.066
0.066
0.066
0.066
0.066
0.066
0.066
0.066
0.066
0.277
0.277
0.277
0.277
0.277
0.277
0.277
0.277
0.277
0.277
0.277
0.277
0.277
0.277
0.277
0.277
0.277
0.277
0.277
0.277
0.277
0.277
0.066
0.066
0.066
0.066
0.066
0.066
0.066
0.066
0.066
0.066
0.066
0.066
0.138
0.138
0.138
0.138
0.138
0.138
0.138
0.138
0.138
0.138
0.198
0.198
0.198
0.138
0.178
0.178
0.178
0.178
0.118
0.118
0.118
0.118
0.118
0.118
0.118
0.118
0.118
0.078
0.078
0.078
0.078
0.078
0.078
0.078
0.078
0.064
0.064
0.275
0.275
0.275
0.275
0.275
0.275
0.275
0.275
0.275
0.275
0.275
0.275
0.275
0.275
0.275
0.275
0.275
0.275
0.275
0.275
0.275
0.275
0.064
0.064
0.064
0.064
0.064
0.064
0.064
0.064
0.064
0.064
0.124
0.124
0.124
0.124
0.124
0.124
0.124
0.124
0.124
0.124
0.124
0.124
0.124
0.124
0.124
0.124
0.124
0.124
0.124
0.124
0.124
0.124
0.124
0.064
0.064
0.064
0.064
0.064
0.064
0.064
0.064
0.064
0.064
0.064
0.064
0.275
0.275
0.275
0.275
0.275
0.275
0.275
0.275
0.275
0.275
0.275
0.275
0.275
0.275
0.275
0.275
0.275
0.275
0.275
0.275
0.275
0.275
0.064
0.064
0.064
0.064
0.064
0.064
0.064
0.064
0.064
0.064
0.064
0.064
0.064
0.064
0.064
0.064
0.064
0.064
0.064
0.064
0.064
0.064
0.064
0.064
0.064
0.064
0.064
0.064
0.064
0.064
0.064
0.064
0.064
0.064
0.064
0.064
0.064
0.078
0.078
0.078
0.078
0.078
0.078
0.078
0.078
0.078
0.078
0.078
0.078
2.797
2.797
2.797
2.797
2.797
2.797
2.797
3.008
3.008
3.008
3.008
3.008
3.008
3.008
3.008
3.008
0.289
0.289
0.289
0.289
0.289
0.289
0.289
0.289
0.289
0.289
0.289
0.289
0.289
0.078
0.078
0.078
0.078
0.078
0.078
0.078
0.078
0.078
0.078
0.078
0.107
0.107
0.107
0.107
0.107
0.107
0.107
0.107
0.093
0.093
0.107
0.107
0.107
0.107
0.107
0.107
0.107
0.107
0.107
0.107
0.107
0.107
0.107
0.107
0.107
0.107
0.107
0.107
0.107
0.107
0.107
0.107
0.107
0.107
0.107
0.107
0.107
0.107
0.107
0.107
0.107
0.107
0.107
0.107
0.107
0.107
0.107
0.107
0.107
0.107
0.107
0.107
0.107
0.107
0.107
0.238
0.238
0.238
0.238
0.238
0.238
0.238
0.238
0.238
0.238
0.449
0.449
0.449
0.449
0.449
0.435
0.449
0.449
0.42
0.42
0.42
0.42
0.42
0.42
0.42
0.42
0.42
0.42
0.42
0.42
0.432
0.432
0.221
0.221
0.221
0.221
0.221
0.221
0.221
0.221
0.221
0.221
0.221
0.209
0.209
0.209
0.209
0.209
0.209
0.209
0.209
0.209
0.209
0.209
0.209
0.332
0.332
0.332
0.209
0.209
0.209
0.209
0.209
0.209
0.209
0.209
0.209
2.231
2.231
2.231
0.244
0.244
0.244
0.236
0.236
0.236
0.236
0.236
0.236
0.236
0.236
0.236
0.396
0.396
0.396
0.296
0.296
0.296
0.296
0.296
0.296
0.301
0.301
0.401
0.401
0.436
0.436
0.496
0.496
0.496
0.496
0.496
0.496
0.496
0.496
0.496
0.707
0.647
0.647
0.647
0.647
0.647
0.647
0.707
0.707
0.607
0.572
0.672
0.672
0.672
0.672
0.672
0.732
0.732
0.732
0.792
0.792
0.792
0.581
0.641
0.581
0.581
0.581
0.581
0.581
0.581
0.616
0.616
0.616
0.616
0.581
0.581
0.481
0.481
0.481
0.481
0.481
0.604
0.604
0.604
0.604
0.604
0.604
0.604
0.604
0.604
0.604
0.604
0.604
0.604
0.604
0.604
0.604
0.604
0.604
0.604
0.604
0.704
0.704
0.521
0.521
0.521
0.521
0.421
0.421
0.329
0.329
0.329
0.329
0.329
0.329
0.329
0.329
0.329
0.329
0.329
0.329
0.329
0.329
0.329
0.329
0.329
0.329
0.329
0.341
0.37
0.37
0.37
0.37
0.405
0.465
2.452
2.452
2.452
0.465
0.405
0.405
0.405
0.405
0.405
0.405
0.405
0.405
0.405
0.268
0.268
0.268
0.268
0.233
0.233
0.233
0.233
0.233
2.22
2.22
2.22
0.233
0.233
0.233
0.233
0.37
0.37
0.37
1.421
1.421
1.521
0.47
0.47
0.47
0.47
0.47
0.681
0.681
0.681
0.681
0.681
0.581
0.521
0.613
0.613
0.513
0.513
0.513
0.513
0.513
0.513
0.513
0.513
0.513
0.513
0.513
0.513
0.513
0.302
0.302
0.302
2.289
2.289
2.26
0.273
0.273
0.273
0.273
0.261
0.261
0.261
0.261
0.124
0.124
0.159
0.159
0.159
0.124
0.124
0.124
0.124
2.111
2.171
2.171
0.213
0.253
0.253
0.253
0.253
0.253
0.253
0.193
0.193
0.193
0.205
0.213
0.213
0.208
0.173
0.273
0.333
0.333
0.393
0.393
0.393
0.393
0.393
0.393
0.393
0.393
0.393
0.393
0.393
0.393
0.393
0.393
0.393
0.393
0.393
0.393
0.393
0.393
0.393
0.393
0.433
0.433
0.433
0.433
0.433
0.393
0.333
0.544
0.544
0.604
0.604
0.604
0.604
0.604
0.604
0.604
0.604
0.604
0.604
0.604
0.604
0.544
0.544
0.544
0.681
0.741
0.741
0.741
0.741
0.53
0.53
0.53
0.53
0.501
0.501
0.501
0.501
0.501
0.501
0.501
0.501
0.501
0.501
0.501
0.493
0.493
0.493
0.493
0.493
0.493
0.493
0.493
0.501
0.501
0.501
0.536
0.536
0.536
0.536
0.524
0.453
0.453
0.418
0.281
0.281
0.281
0.281
0.281
0.281
0.404
0.404
0.404
0.344
0.344
0.344
0.344
0.344
0.344
0.344
0.344
0.344
0.344
0.344
0.344
0.344
0.344
0.404
0.404
0.404
0.404
0.344
0.344
0.344
0.344
0.344
0.344
0.284
0.284
0.284
0.284
0.284
0.284
0.284
0.284
0.173
0.233
0.247
0.247
0.247
0.247
0.247
0.247
0.247
0.187
0.187
0.187
0.187
0.187
0.187
0.187
0.187
0.187
0.287
0.187
0.187
0.179
0.179
0.532
0.532
0.532
0.532
0.179
0.179
0.15
0.287
0.287
0.287
0.287
0.287
0.287
0.287
0.287
0.287
0.287
0.287
0.287
0.287
0.287
0.287
0.287
0.287
0.287
0.287
0.287
0.316
0.316
0.316
0.316
0.316
0.179
0.179
0.179
0.179
0.179
0.179
0.179
0.165
0.165
0.165
0.165
0.165
0.165
0.165
0.165
0.165
0.165
0.165
0.302
0.342
0.342
0.302
0.302
0.302
0.302
0.302
0.302
0.302
0.302
0.302
0.302
0.302
0.302
0.302
0.302
0.513
0.513
0.513
0.548
0.548
0.548
0.901
0.901
0.901
0.901
0.453
0.453
0.453
0.453
0.453
0.553
0.553
0.601
0.601
0.601
0.661
0.524
0.313
0.213
0.213
0.313
0.313
0.473
0.433
0.433
0.433
0.373
0.373
0.344
0.502
0.502
0.639
0.639
0.639
0.639
0.639
0.639
0.639
0.639
0.639
0.639
0.639
0.066
0.066
0.066
0.066
0.066
0.066
0.066
0.066
0.066
0.066
0.066
0.066
0.066
0.066
0.066
0.066
0.066
0.066
0.066
0.066
0.066
0.066
0.066
0.066
0.066
0.066
0.066
0.066
0.066
0.066
0.066
0.066
0.066
0.066
0.066
0.066
0.066
0.066
0.066
0.066
0.066
0.066
0.066
0.066
0.066
0.066
0.066
0.066
0.277
0.277
0.277
0.277
0.277
0.277
0.277
0.277
0.277
0.277
0.277
0.277
