0.066
0.066
0.066
0.066
0.066
0.066
0.056
0.056
0.056
0.056
0.056
0.056
0.056
0.056
0.056
0.056
0.056
0.056
0.056
0.056
0.056
0.056
0.056
0.056
0.056
0.056
0.056
0.056
0.056
0.056
0.056
0.056
0.056
0.056
0.056
0.056
0.066
0.066
0.066
0.066
0.066
0.066
0.066
0.066
0.066
0.066
0.066
0.066
0.066
0.066
0.066
0.066
0.066
0.066
0.066
0.066
0.066
0.066
0.066
0.066
0.066
0.066
0.066
0.066
0.066
0.066
0.066
0.212
0.212
0.212
0.212
0.212
0.212
0.212
0.212
0.212
0.212
0.212
0.212
0.212
0.212
0.212
0.212
0.212
0.212
0.326
0.326
0.18
0.18
0.18
0.18
0.18
0.18
0.18
0.18
0.18
0.18
0.18
0.18
0.18
0.18
0.18
0.18
0.066
0.066
0.066
0.066
0.066
0.066
0.066
0.066
0.066
0.066
0.066
0.066
0.066
0.066
0.204
0.204
0.204
0.204
0.204
0.204
0.204
0.204
0.204
0.204
0.204
0.204
0.204
0.204
0.204
0.204
0.204
0.204
0.204
0.204
0.204
0.204
0.066
0.066
0.066
0.066
0.066
0.066
0.066
0.066
0.066
0.066
0.066
0.066
0.066
0.066
0.066
0.066
0.066
0.066
0.212
0.212
0.212
0.212
0.212
0.212
0.212
0.212
0.212
0.326
0.326
0.326
0.326
0.326
0.326
0.326
0.326
0.326
0.326
0.326
0.18
0.18
0.18
0.18
0.18
0.18
0.318
0.204
0.204
0.204
0.204
0.204
0.204
0.204
0.204
0.204
0.204
0.204
0.204
0.204
0.204
0.204
0.204
0.204
0.204
0.204
0.204
0.204
0.066
0.066
0.066
0.066
0.066
0.066
0.066
0.066
0.066
0.066
0.066
0.066
0.066
0.066
0.066
0.066
0.066
0.066
0.066
0.066
0.066
0.212
0.212
0.212
0.212
0.212
0.212
0.212
0.212
0.212
0.212
0.212
0.212
0.212
0.212
0.212
0.212
0.212
0.212
0.212
0.212
0.066
0.066
0.066
0.066
0.066
0.066
0.066
0.066
0.066
0.066
0.066
0.204
0.204
0.204
0.204
0.204
0.204
0.204
0.204
0.318
0.318
0.318
0.318
0.318
0.318
0.318
0.318
0.318
0.318
0.318
0.318
0.318
0.318
0.18
0.18
0.18
0.18
0.066
0.066
0.066
0.066
0.066
0.066
0.066
0.066
0.066
0.066
0.066
0.066
0.066
0.066
0.066
0.066
0.066
0.066
0.066
0.066
0.066
0.066
0.066
0.066
0.066
0.066
0.066
0.066
0.066
0.066
0.066
0.066
0.066
0.066
0.066
0.066
0.066
0.066
0.066
0.066
0.066
0.066
0.066
0.066
0.066
0.066
0.212
0.212
0.212
0.326
0.326
0.326
0.326
0.326
0.326
0.326
0.326
0.326
0.464
0.464
0.464
0.464
0.464
0.464
0.464
0.464
0.318
0.204
0.204
0.204
0.204
0.204
0.204
0.204
0.204
0.204
0.204
0.204
0.204
0.204
0.066
0.066
0.066
0.066
0.066
0.066
0.066
0.066
0.066
0.066
0.066
0.066
0.066
0.066
0.066
0.066
0.066
0.066
0.066
0.066
0.066
0.066
0.066
0.066
0.066
0.066
0.066
0.066
0.066
0.066
0.066
0.066
0.18
0.18
0.18
0.18
0.18
0.18
0.18
0.18
0.18
0.18
0.18
0.18
0.18
0.18
0.18
0.18
0.18
0.326
0.212
0.212
0.212
0.212
0.212
0.212
0.212
0.212
0.212
0.212
0.212
0.35
0.35
0.35
0.35
0.35
0.35
0.35
0.35
0.204
0.204
0.204
0.204
0.204
0.204
0.204
0.204
0.204
0.204
0.204
0.204
0.204
0.204
0.066
0.066
0.066
0.066
0.066
0.066
0.066
0.066
0.066
0.066
0.066
0.066
0.066
0.066
0.066
0.066
0.066
0.066
0.18
0.18
0.18
0.18
0.18
0.18
0.18
0.18
0.18
0.18
0.18
0.18
0.18
0.18
0.18
0.18
0.384
0.444
0.33
0.33
0.33
0.33
0.33
0.33
0.342
0.342
0.342
0.342
0.282
0.317
0.377
0.377
0.377
0.377
0.317
0.455
0.274
0.346
0.346
0.346
0.346
0.379
0.379
0.379
0.419
2.282
2.347
2.382
2.382
2.382
2.347
2.347
2.347
2.342
2.342
2.282
2.282
2.144
2.144
2.144
2.144
2.144
2.179
2.179
2.239
2.204
0.221
0.271
0.271
0.271
2.454
2.454
2.454
0.331
0.331
0.331
0.271
0.271
0.567
0.567
9.705
9.705
9.409
0.319
0.319
0.319
0.319
0.379
0.379
0.319
0.319
0.465
0.415
0.415
0.415
0.415
0.415
0.415
0.39
0.39
0.39
0.377
0.377
0.377
0.377
0.377
0.377
0.377
0.377
0.377
0.377
0.231
0.369
0.369
0.309
0.309
0.309
0.309
0.309
0.309
0.309
0.309
0.309
0.309
0.309
0.309
0.309
0.309
0.309
0.486
0.486
0.309
0.309
0.309
0.171
0.171
0.171
0.171
0.171
0.171
0.171
0.171
0.348
0.348
0.171
0.171
0.171
0.171
0.285
0.285
0.285
0.25
0.25
0.25
0.25
0.427
0.427
0.279
0.279
0.279
0.291
0.291
0.291
0.291
0.587
0.587
0.461
0.461
0.342
0.342
0.66
0.66
0.66
0.66
0.66
0.093
0.093
0.106
0.106
0.106
0.252
0.252
0.252
0.252
0.252
0.252
0.252
0.39
0.39
0.39
0.45
0.45
0.45
0.45
0.45
0.45
0.45
0.45
0.45
0.45
0.304
0.304
0.304
0.304
0.304
0.304
0.304
0.304
0.304
0.166
0.166
0.166
0.166
0.166
0.166
0.166
0.066
0.066
0.066
0.066
0.066
0.066
0.066
0.066
0.066
0.066
0.066
0.066
0.066
0.066
0.066
0.066
0.066
0.066
0.066
0.066
0.066
0.066
0.066
0.066
0.066
0.066
0.066
0.066
0.066
0.066
0.066
0.066
0.066
0.066
0.066
0.066
0.066
0.066
0.066
0.212
0.212
0.212
0.212
0.212
0.212
0.326
0.326
0.326
0.326
0.326
0.326
0.326
0.326
0.326
0.326
0.326
0.326
0.326
0.326
0.318
0.318
0.318
0.318
0.204
0.204
0.204
0.204
0.204
0.204
0.204
0.204
0.204
0.204
0.204
0.204
0.204
0.204
0.204
0.204
0.204
0.204
0.066
0.066
0.066
0.066
0.066
0.066
0.066
0.066
0.066
0.066
0.066
0.066
0.066
0.066
0.066
0.066
0.066
0.066
0.212
0.212
0.212
0.212
0.212
0.212
0.212
0.212
0.326
0.326
0.326
0.326
0.326
0.326
0.326
0.326
0.326
0.326
0.326
0.326
0.18
0.18
0.18
0.18
0.18
0.18
0.066
0.066
0.066
0.066
0.066
0.066
0.066
0.066
0.066
0.066
0.066
0.066
0.066
0.066
0.066
0.066
0.066
0.066
0.066
0.066
0.066
0.066
0.066
0.066
0.066
0.066
0.066
0.066
0.066
0.066
0.066
0.066
0.066
0.066
0.066
0.066
0.066
0.066
0.066
0.204
0.204
0.204
0.204
0.204
0.204
0.204
0.204
0.204
0.204
0.204
0.204
0.204
0.204
0.204
0.204
0.204
0.204
0.204
0.204
0.204
0.204
0.066
0.066
0.066
0.066
0.066
0.066
0.212
0.212
0.212
0.212
0.212
0.212
0.212
0.212
0.212
0.212
0.212
0.212
0.212
0.212
0.212
0.212
0.212
0.212
0.212
0.212
0.066
0.066
0.066
0.066
0.066
0.066
0.18
0.18
0.22
0.22
0.22
0.22
2.343
2.403
2.403
0.22
0.22
0.22
0.22
0.22
0.22
0.22
0.191
0.191
0.077
0.077
0.077
0.077
0.077
0.064
0.064
0.064
0.064
0.064
0.064
0.064
0.124
0.224
0.224
0.224
0.164
0.164
0.164
0.164
0.164
0.164
0.302
0.302
0.302
0.302
0.362
0.362
0.362
0.362
0.362
0.362
0.397
0.397
0.397
0.397
0.397
0.337
0.337
0.39
0.35
0.35
0.35
0.35
0.066
0.066
0.066
0.066
0.066
0.066
0.066
0.066
0.066
0.18
0.18
0.18
0.18
0.18
0.18
0.18
0.18
0.18
0.18
0.18
0.18
0.18
0.18
0.18
0.18
0.18
0.18
0.066
0.066
0.066
0.066
0.066
0.066
0.066
0.066
0.066
0.066
0.066
0.066
0.066
0.066
0.066
0.066
0.066
0.066
0.066
0.066
0.066
0.066
0.066
0.066
0.066
0.066
0.066
0.066
0.066
0.066
0.066
0.066
0.066
0.066
0.066
0.066
0.066
0.066
0.066
0.066
0.066
0.066
0.066
0.066
0.066
0.066
0.066
0.066
0.212
0.212
0.212
0.212
0.212
0.212
0.212
0.212
0.35
0.35
0.35
0.35
0.35
0.35
0.35
0.35
0.35
0.35
0.35
0.35
0.204
0.204
0.204
0.204
0.204
0.204
0.204
0.204
0.204
0.204
0.066
0.066
0.066
0.066
0.066
0.066
0.066
0.066
0.066
0.066
0.066
0.066
0.066
0.066
0.066
0.066
0.066
0.066
0.066
0.066
0.066
0.066
0.066
0.066
0.066
0.066
0.066
0.066
0.066
0.066
0.066
0.066
0.066
0.066
0.066
0.066
0.066
0.066
0.066
0.212
0.212
0.212
0.212
0.212
0.212
0.212
0.212
0.212
0.326
0.326
0.326
0.326
0.326
0.326
0.326
0.337
0.337
0.337
0.337
0.191
0.231
0.231
0.231
0.231
0.231
0.18
0.066
0.066
0.066
0.066
0.066
0.066
0.066
0.066
0.066
0.077
0.215
0.215
0.265
0.265
0.325
1.444
1.334
1.334
0.275
0.275
0.275
0.275
0.275
0.275
0.275
0.275
0.275
0.275
0.275
0.275
0.275
0.275
0.137
0.137
0.137
0.137
0.283
0.283
0.283
0.283
0.283
0.283
0.283
0.397
0.397
0.397
0.397
0.397
0.409
0.469
0.469
0.469
0.509
0.509
0.496
0.496
0.35
0.35
0.35
0.35
0.35
0.236
0.296
0.296
0.296
0.284
0.244
0.244
0.244
0.244
0.244
0.244
0.244
0.244
0.244
2.367
2.367
2.367
0.244
0.244
0.244
0.244
0.279
0.279
0.219
0.219
0.254
0.254
0.254
0.254
0.174
0.174
0.174
0.174
0.174
0.174
0.26
0.237
0.237
0.237
0.237
0.297
0.357
0.357
0.345
0.445
0.445
0.445
0.445
0.445
0.385
0.285
0.399
0.399
0.399
0.399
0.333
0.333
0.333
0.333
0.333
0.405
0.405
0.345
0.345
0.285
0.285
0.285
0.285
0.285
0.171
0.409
0.409
0.409
0.397
0.397
0.397
0.437
0.437
0.437
0.437
0.437
0.437
0.437
0.437
0.437
0.437
0.437
0.437
0.437
0.437
0.447
2.57
2.432
2.432
0.294
0.294
0.294
0.323
0.323
0.323
0.323
0.335
0.335
0.407
0.395
0.395
0.395
0.435
0.375
0.375
0.375
0.435
0.435
0.495
0.495
0.415
0.355
0.501
0.441
0.441
0.441
0.441
0.441
0.581
0.641
0.629
0.629
0.629
0.212
0.212
0.212
0.212
0.212
0.212
0.212
0.212
0.212
0.066
0.066
0.066
0.066
0.066
0.066
0.066
0.066
0.066
0.066
0.066
0.066
0.066
0.066
0.204
0.204
0.204
0.204
0.204
0.204
0.204
0.204
0.204
0.204
0.318
0.318
0.318
0.318
0.318
0.318
0.318
0.318
0.318
0.318
0.318
0.318
0.18
0.18
0.18
0.18
0.18
0.18
0.066
0.066
0.066
0.066
0.066
0.212
0.212
0.212
0.212
0.212
0.212
0.212
0.212
0.212
0.212
0.212
0.212
0.212
0.212
0.212
0.212
0.212
0.212
0.212
0.212
0.066
0.066
0.066
0.066
0.066
0.066
0.066
0.066
0.066
0.066
0.066
0.066
0.066
0.066
0.066
0.066
0.066
0.066
0.066
0.066
0.066
0.066
0.066
0.066
0.066
0.204
0.204
0.204
0.204
0.204
0.204
0.204
0.204
0.204
0.204
0.204
0.204
0.204
0.204
0.204
0.204
0.204
0.204
0.204
