0.073
0.073
0.065
0.063
0.063
0.063
0.063
0.063
0.07100000000000001
0.11339999999999999
0.174
0.174
0.174
0.2508
0.27
0.27
0.27
0.19119999999999998
0.073
0.073
0.073
0.073
0.073
0.073
0.073
0.073
0.073
0.09319999999999999
0.174
0.174
0.3316
0.3104
0.27
0.27
0.19119999999999998
0.073
0.073
0.073
0.073
0.073
0.073
0.073
0.073
0.073
0.073
0.073
0.073
0.27
0.27
0.27
0.27
0.1518
0.073
0.073
0.073
0.073
0.073
0.073
0.174
0.174
0.174
0.1336
0.073
0.1518
0.27
0.27
0.27
0.27
0.073
0.073
0.073
0.073
0.11339999999999999
0.174
0.174
0.174
0.0932
0.073
0.1518
0.27
0.27
0.27
0.27
0.073
0.11339999999999999
0.174
0.2758
0.42300000000000004
2.6792000000000002
2.6212000000000004
2.7060000000000004
2.732
2.829
1.4324
0.4548
0.541
0.465
0.425
0.4074
0.196
0.2966
0.297
0.306
0.29999999999999993
0.1686
0.181
0.24100000000000002
0.24100000000000002
0.24100000000000002
0.506
0.5796
0.622
0.6164
0.4758
0.397
0.45760000000000006
0.49800000000000005
0.49800000000000005
0.49800000000000005
0.397
0.073
0.073
0.1912
0.27
0.27
0.27
0.2306
0.073
0.073
0.073
0.073
0.073
0.073
0.073
0.073
0.073
0.073
0.073
0.27
0.27
0.3306
0.371
0.25279999999999997
0.174
0.073
0.073
0.073
0.073
0.073
0.073
0.073
0.11339999999999999
1.6114000000000002
0.298
0.298
0.2172
0.197
0.31520000000000004
0.27
0.27
0.27
0.2306
0.11339999999999999
0.174
0.174
0.174
0.0932
0.073
0.197
0.23699999999999996
0.297
0.5757999999999999
0.5982
1.1298000000000001
0.514
1.7062000000000002
0.3402
0.421
0.421
0.48460000000000003
0.4074
0.3712
0.30720000000000003
0.858
2.879
2.95
0.073
0.073
0.2306
0.27
0.27
0.27
0.19119999999999998
0.073
0.073
0.073
0.1538
0.174
0.174
0.1538
0.073
0.073
0.27
0.27
0.27
0.27
0.1518
0.073
0.073
0.073
0.073
0.073
0.1538
0.174
2.791
0.299
0.2172
0.28200000000000003
0.294
0.38
2.8890000000000002
2.9328000000000003
3.051
1.075
0.621
0.8210000000000001
0.644
0.5258
0.46020000000000005
0.5296
0.49000000000000005
0.6901999999999999
0.849
0.458
0.45280000000000004
0.666
0.598
0.598
0.634
2.0286
0.073
0.073
0.073
0.073
0.073
0.073
0.30939999999999995
0.41580000000000006
0.4384
0.44320000000000004
0.6368
0.5888
0.564
0.484
0.4426
0.46699999999999997
0.4781999999999999
0.38899999999999996
0.5098
0.71
0.7206
0.6844
0.604
0.6896000000000001
0.2306
0.27
0.27
0.27
0.19119999999999998
0.073
0.073
0.09319999999999999
0.174
0.174
0.174
0.11339999999999999
0.073
0.073
0.073
0.073
0.073
0.073
0.073
0.073
0.073
0.2306
0.27
0.27
