0.061
0.061
0.061
0.061
0.061
0.061
0.061
0.061
0.061
0.061
0.061
0.061
0.061
0.061
0.061
0.061
0.061
0.061
0.061
0.071
0.071
0.071
0.071
0.071
0.071
0.071
0.071
0.071
0.071
0.071
0.071
0.071
0.071
0.071
0.071
0.071
0.071
0.071
0.071
0.071
0.071
0.071
0.071
0.071
0.071
0.071
0.071
0.071
0.071
0.071
0.071
0.071
0.071
0.071
0.071
0.071
0.071
0.071
0.071
0.071
0.071
0.071
0.071
0.071
0.071
0.071
0.071
0.071
0.071
0.071
0.071
0.071
0.071
0.071
0.071
0.071
0.071
0.071
0.071
0.071
0.071
0.071
0.071
0.071
0.071
0.071
0.071
0.071
0.071
0.071
0.071
0.071
0.071
0.071
0.071
0.071
0.071
0.071
0.241
0.241
0.241
0.241
0.241
0.241
0.241
0.241
0.241
0.241
0.241
0.241
0.241
0.241
0.241
0.241
0.241
0.241
0.241
0.241
0.071
0.071
0.071
0.071
0.071
0.071
0.071
0.071
0.071
0.071
0.071
0.071
0.071
0.071
0.071
0.071
0.071
0.071
0.071
0.071
0.071
0.071
0.071
0.071
0.071
0.071
0.071
0.071
0.071
0.071
0.071
0.071
0.071
0.071
0.071
0.071
0.071
0.071
0.071
0.071
0.071
0.241
0.241
0.241
0.241
0.241
0.241
0.241
0.241
0.241
0.241
0.241
0.241
0.241
0.241
0.241
0.241
0.241
0.241
0.241
0.241
0.071
0.071
0.071
0.071
0.071
0.071
0.071
0.071
0.071
0.071
0.071
0.071
0.071
0.071
0.071
0.071
0.071
0.071
0.071
0.071
0.071
0.071
0.071
0.071
0.071
0.071
0.071
0.071
0.071
0.071
0.071
0.071
0.071
0.071
0.071
0.071
0.071
0.071
0.071
0.071
0.071
0.071
0.071
0.071
0.071
0.071
0.071
0.071
0.071
0.071
0.071
0.071
0.071
0.071
0.071
0.071
0.071
0.071
0.071
0.071
0.071
0.071
0.071
0.071
0.071
0.071
0.071
0.071
0.071
0.071
0.071
0.071
0.071
0.241
0.241
0.241
0.241
0.241
0.241
0.241
0.241
0.241
0.241
0.241
0.241
0.241
0.241
0.241
0.241
0.241
0.241
0.241
0.241
0.071
0.071
0.071
0.071
0.071
0.071
0.071
0.071
0.071
0.071
0.071
0.071
0.071
0.071
0.071
0.071
0.071
0.071
0.071
0.071
0.071
0.071
0.071
0.071
0.071
0.071
0.071
0.071
0.071
0.071
0.071
0.071
0.071
0.071
0.071
0.071
0.071
0.071
0.071
0.071
0.071
0.071
0.241
0.241
0.241
0.241
0.241
0.241
0.241
0.241
0.241
0.241
0.241
0.241
0.241
0.241
0.241
0.241
0.241
0.241
0.241
0.241
0.071
0.071
0.071
0.071
0.071
0.071
0.071
0.071
0.071
0.071
0.071
0.071
0.071
0.071
0.071
0.071
0.071
0.071
0.071
0.071
0.071
0.071
0.071
0.071
0.071
0.071
0.071
0.071
0.071
0.071
0.071
0.071
0.071
0.071
0.071
0.071
0.071
0.071
0.071
0.071
0.071
0.071
0.071
0.071
0.071
0.071
0.071
0.071
0.241
0.241
0.241
0.241
0.241
0.241
0.241
0.241
0.241
0.241
0.241
0.241
0.241
0.241
0.241
0.241
0.241
0.241
0.241
0.241
0.071
0.071
0.071
0.071
0.071
0.071
0.071
0.071
0.071
0.071
0.071
0.071
0.071
0.071
0.071
0.071
0.071
0.071
0.071
0.071
0.071
0.071
0.071
0.071
0.071
0.071
0.071
0.071
0.069
0.069
0.069
0.069
0.109
0.109
0.209
0.209
0.109
0.149
0.205
0.205
0.205
0.205
0.205
0.245
0.28
0.28
0.38
0.38
0.38
0.38
0.3
0.3
0.3
0.3
0.3
0.3
0.3
0.3
0.3
0.3
0.26
0.26
0.2
0.2
0.3
0.3
0.26
0.32
0.32
0.32
0.32
0.32
0.32
0.26
0.26
0.42
0.46
0.36
0.36
0.36
0.36
0.36
0.36
0.36
0.36
0.36
0.36
0.495
0.495
0.495
0.495
0.535
0.535
0.495
0.495
0.495
0.495
0.455
0.455
0.495
0.495
0.495
0.535
0.535
0.535
0.635
0.69
0.59
3.184
3.184
3.184
3.184
3.184
3.289
3.289
3.289
3.289
3.254
3.254
3.119
3.059
3.059
3.059
3.099
0.605
0.605
0.775
0.786
0.786
0.786
0.786
0.786
0.786
0.786
0.786
0.759
0.759
0.759
0.759
0.759
0.759
0.759
0.759
0.759
0.771
0.731
0.601
0.601
0.071
0.071
0.071
0.071
0.071
0.071
0.071
0.071
0.071
0.071
0.071
0.071
0.071
0.071
0.071
0.071
0.071
0.071
0.071
0.071
0.071
0.071
0.071
0.071
0.071
0.071
0.071
0.071
0.071
0.071
0.071
0.071
0.071
0.071
0.071
0.071
0.071
0.071
0.071
0.241
0.241
0.241
0.241
0.241
0.241
0.241
0.241
0.241
0.241
0.241
0.241
0.241
0.241
0.241
0.241
0.241
0.241
0.241
0.241
0.071
0.071
0.071
0.071
0.071
0.071
0.071
0.071
0.071
0.071
0.071
0.071
0.071
0.071
0.071
0.071
0.071
0.071
0.071
0.071
0.071
0.071
0.071
0.071
0.071
0.071
0.071
0.071
0.071
0.071
0.071
0.071
0.071
0.071
0.071
0.071
0.071
0.071
0.071
0.071
0.071
0.071
0.071
0.071
0.071
0.071
0.071
0.071
0.071
0.071
0.071
0.071
0.071
0.071
0.071
0.071
0.071
0.071
0.071
0.241
0.241
0.241
0.241
0.241
0.241
0.241
0.241
0.241
0.241
0.241
0.241
0.241
0.241
0.241
0.241
0.241
0.241
0.241
0.241
0.071
0.071
0.071
0.071
0.071
0.071
0.071
0.071
0.071
0.071
0.071
0.071
0.071
0.071
0.071
0.071
0.071
0.071
0.071
0.071
0.071
0.071
0.071
0.071
0.071
0.071
0.071
0.071
0.071
0.071
0.071
0.071
0.071
0.071
0.071
0.071
0.071
0.071
0.071
0.071
0.071
0.071
0.071
0.071
0.071
0.071
0.071
0.071
0.071
0.071
0.071
0.071
0.071
0.071
0.071
0.071
0.241
0.241
0.241
0.241
0.241
0.241
0.241
0.241
0.241
0.241
0.241
0.241
0.241
0.241
0.241
0.241
0.241
0.241
0.241
0.241
0.071
0.071
0.071
0.071
0.071
0.071
0.071
0.071
0.071
0.071
0.071
0.071
0.071
0.071
0.071
0.071
0.071
0.071
0.071
0.071
0.071
0.071
0.071
0.071
0.071
0.071
0.071
0.071
0.071
0.071
0.071
0.071
0.071
0.071
0.071
0.071
0.298
0.298
0.298
0.358
0.398
0.298
0.298
0.298
0.298
0.358
0.358
0.458
0.398
0.398
0.398
0.398
0.298
0.298
0.298
0.298
0.298
0.468
0.468
0.468
0.468
0.468
0.468
0.468
0.468
0.468
0.468
0.468
0.468
0.468
0.468
0.468
0.468
0.468
0.468
0.468
0.468
0.405
0.405
0.405
0.405
0.405
0.405
0.392
0.392
0.392
0.392
0.392
0.381
0.381
0.381
0.381
0.381
0.441
0.441
0.541
0.564
0.564
0.524
0.512
0.512
0.512
0.512
0.512
0.512
0.512
0.452
0.452
0.452
0.452
0.452
0.352
0.452
0.452
0.452
0.492
0.492
0.492
0.572
0.572
0.532
0.532
0.683
0.643
0.683
0.683
0.683
0.853
0.865
0.865
0.865
0.865
0.865
0.865
0.865
0.825
0.838
0.731
0.771
0.771
0.831
0.771
0.771
0.871
0.831
0.731
0.731
0.561
0.561
0.561
0.561
0.561
0.561
0.461
0.501
0.39
0.39
0.43
0.43
0.39
0.35
0.35
0.35
0.35
0.35
0.35
0.39
0.39
0.39
0.379
0.439
0.399
0.339
0.439
0.439
0.399
0.399
0.434
0.489
0.449
0.449
0.449
0.449
0.449
0.394
0.274
0.274
0.274
0.274
0.314
0.274
0.374
0.474
0.474
0.374
0.374
0.361
0.361
0.361
0.361
0.361
0.361
0.361
0.461
0.361
0.361
0.421
0.421
0.421
0.421
0.361
0.461
0.461
0.596
0.596
0.766
0.766
0.766
0.766
0.766
0.766
0.766
0.777
0.777
0.777
0.777
0.241
0.241
0.241
0.241
0.241
0.241
0.241
0.241
0.241
0.071
0.071
0.071
0.071
0.071
0.071
0.071
0.071
0.071
0.071
0.071
0.071
0.071
0.071
0.071
0.071
0.071
0.071
0.071
0.071
0.071
0.071
0.071
0.071
0.071
0.071
0.071
0.071
0.071
0.071
0.071
0.071
0.071
0.071
0.071
0.071
0.071
0.071
0.071
0.071
0.071
0.071
0.071
0.071
0.071
0.071
0.071
0.071
0.071
0.071
0.071
0.071
0.071
0.071
0.071
0.071
0.071
0.071
0.071
0.071
0.071
0.071
0.071
0.071
0.071
0.071
0.241
0.241
0.241
0.241
0.241
0.241
0.241
0.241
0.241
0.241
0.241
0.241
0.241
0.241
0.241
0.525
3.019
3.059
3.059
3.059
2.889
2.989
2.989
2.989
2.929
2.929
2.889
2.889
3.049
3.049
3.049
3.049
0.555
1.802
1.802
1.842
0.695
3.189
3.189
3.066
3.054
3.054
3.054
3.054
3.054
3.054
3.054
3.054
3.054
3.054
3.054
3.089
3.089
0.595
0.635
0.635
0.635
0.5
0.5
0.5
0.5
0.5
0.5
0.56
3.165
3.205
3.205
3.205
3.205
3.265
3.205
3.205
3.205
3.205
3.205
3.205
3.205
3.165
3.165
3.165
0.671
0.671
0.726
0.671
0.66
0.66
0.76
0.76
0.8
0.8
0.75
0.75
0.695
0.695
0.815
0.735
0.675
0.675
0.675
0.675
0.845
0.845
0.845
0.905
0.985
0.985
0.985
0.985
0.985
1.025
1.025
1.025
1.085
1.085
1.085
1.045
0.985
0.985
1.005
1.14
0.91
0.91
0.91
0.81
0.775
0.715
0.715
0.715
0.715
0.815
0.815
0.815
0.815
0.875
0.875
0.875
0.875
0.875
0.875
0.875
0.875
0.875
0.875
0.875
0.855
0.855
0.855
0.855
0.855
0.855
0.855
0.855
0.855
0.855
0.815
0.815
0.815
0.815
0.815
0.815
0.985
0.985
0.985
0.985
0.985
0.985
1.045
1.085
1.085
1.085
1.085
1.085
1.145
1.145
1.145
1.085
1.085
1.045
0.945
0.985
0.955
0.955
0.955
0.955
0.884
0.884
0.884
0.884
0.884
0.884
0.884
0.844
0.844
0.844
0.844
0.844
0.844
0.844
0.844
0.844
0.804
0.804
0.804
0.804
0.804
1.015
1.05
1.05
0.915
0.975
0.975
0.975
0.975
0.975
0.975
0.855
0.855
0.826
0.726
0.726
0.626
0.626
0.626
0.666
0.666
0.666
0.666
0.706
0.876
0.776
0.748
0.803
0.863
0.864
0.999
0.943
0.808
0.808
0.908
0.848
0.748
0.748
0.708
0.748
0.788
0.863
0.728
0.728
0.558
0.558
0.518
0.518
0.518
0.518
0.518
0.518
0.518
0.518
0.518
0.518
0.518
0.573
0.573
0.573
0.573
0.573
0.633
0.633
0.673
0.622
0.622
0.562
0.562
0.562
0.522
0.582
0.622
0.722
0.722
0.687
0.627
0.567
0.567
0.567
0.627
0.627
0.507
0.467
0.467
0.467
0.516
0.516
0.456
0.456
0.501
0.607
0.647
0.647
0.647
0.647
0.647
0.647
0.647
0.647
0.647
0.647
0.647
0.647
0.647
0.647
0.647
0.647
0.647
0.647
0.647
0.647
0.647
0.647
0.647
0.647
0.647
0.647
0.587
0.587
0.587
0.071
0.071
0.071
0.071
0.071
0.071
0.071
0.071
0.071
0.071
0.071
0.071
0.071
0.071
0.071
0.071
0.071
0.071
0.071
0.071
0.071
0.071
0.071
0.071
0.071
0.071
0.071
0.071
0.071
0.071
0.071
0.071
0.071
0.071
0.071
0.071
0.071
0.071
0.071
0.061
0.231
0.231
0.231
0.231
0.231
0.231
0.231
0.231
0.231
0.231
