3.651
3.651
3.651
3.651
3.651
3.651
3.651
3.651
3.651
3.651
3.651
3.651
3.651
3.651
3.651
3.651
3.651
3.651
3.651
3.651
3.651
3.651
3.651
3.651
3.651
3.651
3.651
3.651
3.651
3.651
3.782
3.782
3.782
3.782
3.782
3.782
3.782
3.782
3.782
3.782
3.782
3.782
3.782
3.782
3.782
3.782
3.782
3.782
3.782
3.782
3.782
3.782
3.782
3.782
3.782
3.782
3.782
3.782
3.782
3.782
3.734
3.734
3.734
3.734
3.734
3.734
3.734
3.734
3.734
3.734
3.734
3.734
3.734
3.734
3.734
3.734
3.734
3.734
3.734
3.734
3.734
3.734
3.734
3.734
3.734
3.734
3.734
3.734
3.734
3.734
3.709
3.709
3.709
3.709
3.709
3.709
3.709
3.709
3.709
3.709
3.709
3.709
3.709
3.709
3.709
3.709
3.709
3.709
3.709
3.709
3.709
3.709
3.709
3.709
3.709
3.709
3.709
3.709
3.709
3.709
3.727
3.727
3.727
3.727
3.727
3.727
3.727
3.727
3.727
3.727
3.727
3.727
3.727
3.727
3.727
3.727
3.727
3.727
3.727
3.727
3.727
3.727
3.727
3.727
3.727
3.727
3.727
3.727
3.727
3.727
3.671
3.671
3.671
3.671
3.671
3.671
3.671
3.671
3.671
3.671
3.671
3.671
3.671
3.671
3.671
3.671
3.671
3.671
3.671
3.671
3.671
3.671
3.671
3.671
3.671
3.671
3.671
3.671
3.671
3.671
3.558
3.558
3.558
3.558
3.558
3.558
3.558
3.558
3.558
3.558
3.558
3.558
3.558
3.558
3.558
3.558
3.558
3.558
3.558
3.558
3.558
3.558
3.558
3.558
3.558
3.558
3.558
3.558
3.558
3.558
3.521
3.521
3.521
3.521
3.521
3.521
3.521
3.521
3.521
3.521
3.521
3.521
3.521
3.521
3.521
3.521
3.521
3.521
3.521
3.521
3.521
3.521
3.521
3.521
3.521
3.521
3.521
3.521
3.521
3.521
3.484
3.484
3.484
3.484
3.484
3.484
3.484
3.484
3.484
3.484
3.484
3.484
3.484
3.484
3.484
3.484
3.484
3.484
3.484
3.484
3.484
3.484
3.484
3.484
3.484
3.484
3.484
3.484
3.484
3.484
3.443
3.443
3.443
3.443
3.443
3.443
3.443
3.443
3.443
3.443
3.443
3.443
3.443
3.443
3.443
3.443
3.443
3.443
3.443
3.443
3.443
3.443
3.443
3.443
3.443
3.443
3.443
3.443
3.443
3.443
3.492
3.492
3.492
3.492
3.492
3.492
3.492
3.492
3.492
3.492
3.492
3.492
3.492
3.492
3.492
3.492
3.492
3.492
3.492
3.492
3.492
3.492
3.492
3.492
3.492
3.492
3.492
3.492
3.492
3.492
3.536
3.536
3.536
3.536
3.536
3.536
3.536
3.536
3.536
3.536
3.536
3.536
3.536
3.536
3.536
3.536
3.536
3.536
3.536
3.536
3.536
3.536
3.536
3.536
3.536
3.536
3.536
3.536
3.536
3.536
3.618
3.618
3.618
3.618
3.618
3.618
3.618
3.618
3.618
3.618
3.618
3.618
3.618
3.618
3.618
3.618
3.618
3.618
3.618
3.618
3.618
3.618
3.618
3.618
3.618
3.618
3.618
3.618
3.618
3.618
3.615
3.615
3.615
3.615
3.615
3.615
3.615
3.615
3.615
3.615
3.615
3.615
3.615
3.615
3.615
3.615
3.615
3.615
3.615
3.615
3.615
3.615
3.615
3.615
3.615
3.615
3.615
3.615
3.615
3.615
3.965
3.965
3.965
3.965
3.965
3.965
3.965
3.965
3.965
3.965
3.965
3.965
3.965
3.965
3.965
3.965
3.965
3.965
3.965
3.965
3.965
3.965
3.965
3.965
3.965
3.965
3.965
3.965
3.965
3.965
4.585
4.585
4.585
4.585
4.585
4.585
4.585
4.585
4.585
4.585
4.585
4.585
4.585
4.585
4.585
4.585
4.585
4.585
4.585
4.585
4.585
4.585
4.585
4.585
4.585
4.585
4.585
4.585
4.585
4.585
5.047
5.047
5.047
5.047
5.047
5.047
5.047
5.047
5.047
5.047
5.047
5.047
5.047
5.047
5.047
5.047
5.047
5.047
5.047
5.047
5.047
5.047
5.047
5.047
5.047
5.047
5.047
5.047
5.047
5.047
5.15
5.15
5.15
5.15
5.15
5.15
5.15
5.15
5.15
5.15
5.15
5.15
5.15
5.15
5.15
5.15
5.15
5.15
5.15
5.15
5.15
5.15
5.15
5.15
5.15
5.15
5.15
5.15
5.15
5.15
4.741
4.741
4.741
4.741
4.741
4.741
4.741
4.741
4.741
4.741
4.741
4.741
4.741
4.741
4.741
4.741
4.741
4.741
4.741
4.741
4.741
4.741
4.741
4.741
4.741
4.741
4.741
4.741
4.741
4.741
4.537
4.537
4.537
4.537
4.537
4.537
4.537
4.537
4.537
4.537
4.537
4.537
4.537
4.537
4.537
4.537
4.537
4.537
4.537
4.537
4.537
4.537
4.537
4.537
4.537
4.537
4.537
4.537
4.537
4.537
4.452
4.452
4.452
4.452
4.452
4.452
4.452
4.452
4.452
4.452
4.452
4.452
4.452
4.452
4.452
4.452
4.452
4.452
4.452
4.452
4.452
4.452
4.452
4.452
4.452
4.452
4.452
4.452
4.452
4.452
4.388
4.388
4.388
4.388
4.388
4.388
4.388
4.388
4.388
4.388
4.388
4.388
4.388
4.388
4.388
4.388
4.388
4.388
4.388
4.388
4.388
4.388
4.388
4.388
4.388
4.388
4.388
4.388
4.388
4.388
5.524
5.524
5.524
5.524
5.524
5.524
5.524
5.524
5.524
5.524
5.524
5.524
5.524
5.524
5.524
5.524
5.524
5.524
5.524
5.524
5.524
5.524
5.524
5.524
5.524
5.524
5.524
5.524
5.524
5.524
4.123
4.123
4.123
4.123
4.123
4.123
4.123
4.123
4.123
4.123
4.123
4.123
4.123
4.123
4.123
4.123
4.123
4.123
4.123
4.123
4.123
4.123
4.123
4.123
4.123
4.123
4.123
4.123
4.123
4.123
4.036
4.036
4.036
4.036
4.036
4.036
4.036
4.036
4.036
4.036
4.036
4.036
4.036
4.036
4.036
4.036
4.036
4.036
4.036
4.036
4.036
4.036
4.036
4.036
4.036
4.036
4.036
4.036
4.036
4.036
4.048
4.048
4.048
4.048
4.048
4.048
4.048
4.048
4.048
4.048
4.048
4.048
4.048
4.048
4.048
4.048
4.048
4.048
4.048
4.048
4.048
4.048
4.048
4.048
4.048
4.048
4.048
4.048
4.048
4.048
4.004
4.004
4.004
4.004
4.004
4.004
4.004
4.004
4.004
4.004
4.004
4.004
4.004
4.004
4.004
4.004
4.004
4.004
4.004
4.004
4.004
4.004
4.004
4.004
4.004
4.004
4.004
4.004
4.004
4.004
3.854
3.854
3.854
3.854
3.854
3.854
3.854
3.854
3.854
3.854
3.854
3.854
3.854
3.854
3.854
3.854
3.854
3.854
3.854
3.854
3.854
3.854
3.854
3.854
3.854
3.854
3.854
3.854
3.854
3.854
3.945
3.945
3.945
3.945
3.945
3.945
3.945
3.945
3.945
3.945
3.945
3.945
3.945
3.945
3.945
3.945
3.945
3.945
3.945
3.945
3.945
3.945
3.945
3.945
3.945
3.945
3.945
3.945
3.945
3.945
3.907
3.907
3.907
3.907
3.907
3.907
3.907
3.907
3.907
3.907
3.907
3.907
3.907
3.907
3.907
3.907
3.907
3.907
3.907
3.907
3.907
3.907
3.907
3.907
3.907
3.907
3.907
3.907
3.907
3.907
4.288
4.288
4.288
4.288
4.288
4.288
4.288
4.288
4.288
4.288
4.288
4.288
4.288
4.288
4.288
4.288
4.288
4.288
4.288
4.288
4.288
4.288
4.288
4.288
4.288
4.288
4.288
4.288
4.288
4.288
5.229
5.229
5.229
5.229
5.229
5.229
5.229
5.229
5.229
5.229
5.229
5.229
5.229
5.229
5.229
5.229
5.229
5.229
5.229
5.229
5.229
5.229
5.229
5.229
5.229
5.229
5.229
5.229
5.229
5.229
5.215
5.215
5.215
5.215
5.215
5.215
5.215
5.215
5.215
5.215
5.215
5.215
5.215
5.215
5.215
5.215
5.215
5.215
5.215
5.215
5.215
5.215
5.215
5.215
5.215
5.215
5.215
5.215
5.215
5.215
7.252
7.252
7.252
7.252
7.252
7.252
7.252
7.252
7.252
7.252
7.252
7.252
7.252
7.252
7.252
7.252
7.252
7.252
7.252
7.252
7.252
7.252
7.252
7.252
7.252
7.252
7.252
7.252
7.252
7.252
7.802
7.802
7.802
7.802
7.802
7.802
7.802
7.802
7.802
7.802
7.802
7.802
7.802
7.802
7.802
7.802
7.802
7.802
7.802
7.802
7.802
7.802
7.802
7.802
7.802
7.802
7.802
7.802
7.802
7.802
6.759
6.759
6.759
6.759
6.759
6.759
6.759
6.759
6.759
6.759
6.759
6.759
6.759
6.759
6.759
6.759
6.759
6.759
6.759
6.759
6.759
6.759
6.759
6.759
6.759
6.759
6.759
6.759
6.759
6.759
6.563
6.563
6.563
6.563
6.563
6.563
6.563
6.563
6.563
6.563
6.563
6.563
6.563
6.563
6.563
6.563
6.563
6.563
6.563
6.563
6.563
6.563
6.563
6.563
6.563
6.563
6.563
6.563
6.563
6.563
5.874
5.874
5.874
5.874
5.874
5.874
5.874
5.874
5.874
5.874
5.874
5.874
5.874
5.874
5.874
5.874
5.874
5.874
5.874
5.874
5.874
5.874
5.874
5.874
5.874
5.874
5.874
5.874
5.874
5.874
5.015
5.015
5.015
5.015
5.015
5.015
5.015
5.015
5.015
5.015
5.015
5.015
5.015
5.015
5.015
5.015
5.015
5.015
5.015
5.015
5.015
5.015
5.015
5.015
5.015
5.015
5.015
5.015
5.015
5.015
4.122
4.122
4.122
4.122
4.122
4.122
4.122
4.122
4.122
4.122
4.122
4.122
4.122
4.122
4.122
4.122
4.122
4.122
4.122
4.122
4.122
4.122
4.122
4.122
4.122
4.122
4.122
4.122
4.122
4.122
4.29
4.29
4.29
4.29
4.29
4.29
4.29
4.29
4.29
4.29
4.29
4.29
4.29
4.29
4.29
4.29
4.29
4.29
4.29
4.29
4.29
4.29
4.29
4.29
4.29
4.29
4.29
4.29
4.29
4.29
3.836
3.836
3.836
3.836
3.836
3.836
3.836
3.836
3.836
3.836
3.836
3.836
3.836
3.836
3.836
3.836
3.836
3.836
3.836
3.836
3.836
3.836
3.836
3.836
3.836
3.836
3.836
3.836
3.836
3.836
3.7
3.7
3.7
3.7
3.7
3.7
3.7
3.7
3.7
3.7
3.7
3.7
3.7
3.7
3.7
3.7
3.7
3.7
3.7
3.7
3.7
3.7
3.7
3.7
3.7
3.7
3.7
3.7
3.7
3.7
3.613
3.613
3.613
3.613
3.613
3.613
3.613
3.613
3.613
3.613
3.613
3.613
3.613
3.613
3.613
3.613
3.613
3.613
3.613
3.613
3.613
3.613
3.613
3.613
3.613
3.613
3.613
3.613
3.613
3.613
3.596
3.596
3.596
3.596
3.596
3.596
3.596
3.596
3.596
3.596
3.596
3.596
3.596
3.596
3.596
3.596
3.596
3.596
3.596
3.596
3.596
3.596
3.596
3.596
3.596
3.596
3.596
3.596
3.596
3.596
3.598
3.598
3.598
3.598
3.598
3.598
3.598
3.598
3.598
3.598
3.598
3.598
3.598
3.598
3.598
3.598
3.598
3.598
3.598
3.598
3.598
3.598
3.598
3.598
3.598
3.598
3.598
3.598
3.598
3.598
3.997
3.997
3.997
3.997
3.997
3.997
3.997
3.997
3.997
3.997
3.997
3.997
3.997
3.997
3.997
3.997
3.997
3.997
3.997
3.997
3.997
3.997
3.997
3.997
3.997
3.997
3.997
3.997
3.997
3.997
3.575
3.575
3.575
3.575
3.575
3.575
3.575
3.575
3.575
3.575
3.575
3.575
3.575
3.575
3.575
3.575
3.575
3.575
3.575
3.575
3.575
3.575
3.575
3.575
3.575
3.575
3.575
3.575
3.575
3.575
