3.381
3.381
3.381
3.381
3.381
3.381
3.381
3.381
3.381
3.381
3.381
3.381
3.381
3.381
3.381
3.381
3.381
3.381
3.381
3.381
3.381
3.381
3.381
3.381
3.381
3.381
3.381
3.381
3.381
3.381
3.301
3.301
3.301
3.301
3.301
3.301
3.301
3.301
3.301
3.301
3.301
3.301
3.301
3.301
3.301
3.301
3.301
3.301
3.301
3.301
3.301
3.301
3.301
3.301
3.301
3.301
3.301
3.301
3.301
3.301
3.336
3.336
3.336
3.336
3.336
3.336
3.336
3.336
3.336
3.336
3.336
3.336
3.336
3.336
3.336
3.336
3.336
3.336
3.336
3.336
3.336
3.336
3.336
3.336
3.336
3.336
3.336
3.336
3.336
3.336
3.338
3.338
3.338
3.338
3.338
3.338
3.338
3.338
3.338
3.338
3.338
3.338
3.338
3.338
3.338
3.338
3.338
3.338
3.338
3.338
3.338
3.338
3.338
3.338
3.338
3.338
3.338
3.338
3.338
3.338
3.339
3.339
3.339
3.339
3.339
3.339
3.339
3.339
3.339
3.339
3.339
3.339
3.339
3.339
3.339
3.339
3.339
3.339
3.339
3.339
3.339
3.339
3.339
3.339
3.339
3.339
3.339
3.339
3.339
3.339
3.311
3.311
3.311
3.311
3.311
3.311
3.311
3.311
3.311
3.311
3.311
3.311
3.311
3.311
3.311
3.311
3.311
3.311
3.311
3.311
3.311
3.311
3.311
3.311
3.311
3.311
3.311
3.311
3.311
3.311
3.182
3.182
3.182
3.182
3.182
3.182
3.182
3.182
3.182
3.182
3.182
3.182
3.182
3.182
3.182
3.182
3.182
3.182
3.182
3.182
3.182
3.182
3.182
3.182
3.182
3.182
3.182
3.182
3.182
3.182
3.155
3.155
3.155
3.155
3.155
3.155
3.155
3.155
3.155
3.155
3.155
3.155
3.155
3.155
3.155
3.155
3.155
3.155
3.155
3.155
3.155
3.155
3.155
3.155
3.155
3.155
3.155
3.155
3.155
3.155
3.084
3.084
3.084
3.084
3.084
3.084
3.084
3.084
3.084
3.084
3.084
3.084
3.084
3.084
3.084
3.084
3.084
3.084
3.084
3.084
3.084
3.084
3.084
3.084
3.084
3.084
3.084
3.084
3.084
3.084
3.063
3.063
3.063
3.063
3.063
3.063
3.063
3.063
3.063
3.063
3.063
3.063
3.063
3.063
3.063
3.063
3.063
3.063
3.063
3.063
3.063
3.063
3.063
3.063
3.063
3.063
3.063
3.063
3.063
3.063
3.128
3.128
3.128
3.128
3.128
3.128
3.128
3.128
3.128
3.128
3.128
3.128
3.128
3.128
3.128
3.128
3.128
3.128
3.128
3.128
3.128
3.128
3.128
3.128
3.128
3.128
3.128
3.128
3.128
3.128
3.142
3.142
3.142
3.142
3.142
3.142
3.142
3.142
3.142
3.142
3.142
3.142
3.142
3.142
3.142
3.142
3.142
3.142
3.142
3.142
3.142
3.142
3.142
3.142
3.142
3.142
3.142
3.142
3.142
3.142
3.331
3.331
3.331
3.331
3.331
3.331
3.331
3.331
3.331
3.331
3.331
3.331
3.331
3.331
3.331
3.331
3.331
3.331
3.331
3.331
3.331
3.331
3.331
3.331
3.331
3.331
3.331
3.331
3.331
3.331
3.488
3.488
3.488
3.488
3.488
3.488
3.488
3.488
3.488
3.488
3.488
3.488
3.488
3.488
3.488
3.488
3.488
3.488
3.488
3.488
3.488
3.488
3.488
3.488
3.488
3.488
3.488
3.488
3.488
3.488
4.017
4.017
4.017
4.017
4.017
4.017
4.017
4.017
4.017
4.017
4.017
4.017
4.017
4.017
4.017
4.017
4.017
4.017
4.017
4.017
4.017
4.017
4.017
4.017
4.017
4.017
4.017
4.017
4.017
4.017
4.446
4.446
4.446
4.446
4.446
4.446
4.446
4.446
4.446
4.446
4.446
4.446
4.446
4.446
4.446
4.446
4.446
4.446
4.446
4.446
4.446
4.446
4.446
4.446
4.446
4.446
4.446
4.446
4.446
4.446
4.537
4.537
4.537
4.537
4.537
4.537
4.537
4.537
4.537
4.537
4.537
4.537
4.537
4.537
4.537
4.537
4.537
4.537
4.537
4.537
4.537
4.537
4.537
4.537
4.537
4.537
4.537
4.537
4.537
4.537
4.485
4.485
4.485
4.485
4.485
4.485
4.485
4.485
4.485
4.485
4.485
4.485
4.485
4.485
4.485
4.485
4.485
4.485
4.485
4.485
4.485
4.485
4.485
4.485
4.485
4.485
4.485
4.485
4.485
4.485
4.704
4.704
4.704
4.704
4.704
4.704
4.704
4.704
4.704
4.704
4.704
4.704
4.704
4.704
4.704
4.704
4.704
4.704
4.704
4.704
4.704
4.704
4.704
4.704
4.704
4.704
4.704
4.704
4.704
4.704
4.658
4.658
4.658
4.658
4.658
4.658
4.658
4.658
4.658
4.658
4.658
4.658
4.658
4.658
4.658
4.658
4.658
4.658
4.658
4.658
4.658
4.658
4.658
4.658
4.658
4.658
4.658
4.658
4.658
4.658
4.416
4.416
4.416
4.416
4.416
4.416
4.416
4.416
4.416
4.416
4.416
4.416
4.416
4.416
4.416
4.416
4.416
4.416
4.416
4.416
4.416
4.416
4.416
4.416
4.416
4.416
4.416
4.416
4.416
4.416
4.272
4.272
4.272
4.272
4.272
4.272
4.272
4.272
4.272
4.272
4.272
4.272
4.272
4.272
4.272
4.272
4.272
4.272
4.272
4.272
4.272
4.272
4.272
4.272
4.272
4.272
4.272
4.272
4.272
4.272
3.913
3.913
3.913
3.913
3.913
3.913
3.913
3.913
3.913
3.913
3.913
3.913
3.913
3.913
3.913
3.913
3.913
3.913
3.913
3.913
3.913
3.913
3.913
3.913
3.913
3.913
3.913
3.913
3.913
3.913
3.82
3.82
3.82
3.82
3.82
3.82
3.82
3.82
3.82
3.82
3.82
3.82
3.82
3.82
3.82
3.82
3.82
3.82
3.82
3.82
3.82
3.82
3.82
3.82
3.82
3.82
3.82
3.82
3.82
3.82
3.608
3.608
3.608
3.608
3.608
3.608
3.608
3.608
3.608
3.608
3.608
3.608
3.608
3.608
3.608
3.608
3.608
3.608
3.608
3.608
3.608
3.608
3.608
3.608
3.608
3.608
3.608
3.608
3.608
3.608
3.621
3.621
3.621
3.621
3.621
3.621
3.621
3.621
3.621
3.621
3.621
3.621
3.621
3.621
3.621
3.621
3.621
3.621
3.621
3.621
3.621
3.621
3.621
3.621
3.621
3.621
3.621
3.621
3.621
3.621
3.544
3.544
3.544
3.544
3.544
3.544
3.544
3.544
3.544
3.544
3.544
3.544
3.544
3.544
3.544
3.544
3.544
3.544
3.544
3.544
3.544
3.544
3.544
3.544
3.544
3.544
3.544
3.544
3.544
3.544
3.524
3.524
3.524
3.524
3.524
3.524
3.524
3.524
3.524
3.524
3.524
3.524
3.524
3.524
3.524
3.524
3.524
3.524
3.524
3.524
3.524
3.524
3.524
3.524
3.524
3.524
3.524
3.524
3.524
3.524
3.503
3.503
3.503
3.503
3.503
3.503
3.503
3.503
3.503
3.503
3.503
3.503
3.503
3.503
3.503
3.503
3.503
3.503
3.503
3.503
3.503
3.503
3.503
3.503
3.503
3.503
3.503
3.503
3.503
3.503
3.49
3.49
3.49
3.49
3.49
3.49
3.49
3.49
3.49
3.49
3.49
3.49
3.49
3.49
3.49
3.49
3.49
3.49
3.49
3.49
3.49
3.49
3.49
3.49
3.49
3.49
3.49
3.49
3.49
3.49
3.749
3.749
3.749
3.749
3.749
3.749
3.749
3.749
3.749
3.749
3.749
3.749
3.749
3.749
3.749
3.749
3.749
3.749
3.749
3.749
3.749
3.749
3.749
3.749
3.749
3.749
3.749
3.749
3.749
3.749
3.769
3.769
3.769
3.769
3.769
3.769
3.769
3.769
3.769
3.769
3.769
3.769
3.769
3.769
3.769
3.769
3.769
3.769
3.769
3.769
3.769
3.769
3.769
3.769
3.769
3.769
3.769
3.769
3.769
3.769
3.831
3.831
3.831
3.831
3.831
3.831
3.831
3.831
3.831
3.831
3.831
3.831
3.831
3.831
3.831
3.831
3.831
3.831
3.831
3.831
3.831
3.831
3.831
3.831
3.831
3.831
3.831
3.831
3.831
3.831
3.867
3.867
3.867
3.867
3.867
3.867
3.867
3.867
3.867
3.867
3.867
3.867
3.867
3.867
3.867
3.867
3.867
3.867
3.867
3.867
3.867
3.867
3.867
3.867
3.867
3.867
3.867
3.867
3.867
3.867
4.465
4.465
4.465
4.465
4.465
4.465
4.465
4.465
4.465
4.465
4.465
4.465
4.465
4.465
4.465
4.465
4.465
4.465
4.465
4.465
4.465
4.465
4.465
4.465
4.465
4.465
4.465
4.465
4.465
4.465
4.244
4.244
4.244
4.244
4.244
4.244
4.244
4.244
4.244
4.244
4.244
4.244
4.244
4.244
4.244
4.244
4.244
4.244
4.244
4.244
4.244
4.244
4.244
4.244
4.244
4.244
4.244
4.244
4.244
4.244
4.099
4.099
4.099
4.099
4.099
4.099
4.099
4.099
4.099
4.099
4.099
4.099
4.099
4.099
4.099
4.099
4.099
4.099
4.099
4.099
4.099
4.099
4.099
4.099
4.099
4.099
4.099
4.099
4.099
4.099
4.088
4.088
4.088
4.088
4.088
4.088
4.088
4.088
4.088
4.088
4.088
4.088
4.088
4.088
4.088
4.088
4.088
4.088
4.088
4.088
4.088
4.088
4.088
4.088
4.088
4.088
4.088
4.088
4.088
4.088
4.334
4.334
4.334
4.334
4.334
4.334
4.334
4.334
4.334
4.334
4.334
4.334
4.334
4.334
4.334
4.334
4.334
4.334
4.334
4.334
4.334
4.334
4.334
4.334
4.334
4.334
4.334
4.334
4.334
4.334
4.262
4.262
4.262
4.262
4.262
4.262
4.262
4.262
4.262
4.262
4.262
4.262
4.262
4.262
4.262
4.262
4.262
4.262
4.262
4.262
4.262
4.262
4.262
4.262
4.262
4.262
4.262
4.262
4.262
4.262
4.173
4.173
4.173
4.173
4.173
4.173
4.173
4.173
4.173
4.173
4.173
4.173
4.173
4.173
4.173
4.173
4.173
4.173
4.173
4.173
4.173
4.173
4.173
4.173
4.173
4.173
4.173
4.173
4.173
4.173
4.174
4.174
4.174
4.174
4.174
4.174
4.174
4.174
4.174
4.174
4.174
4.174
4.174
4.174
4.174
4.174
4.174
4.174
4.174
4.174
4.174
4.174
4.174
4.174
4.174
4.174
4.174
4.174
4.174
4.174
4.321
4.321
4.321
4.321
4.321
4.321
4.321
4.321
4.321
4.321
4.321
4.321
4.321
4.321
4.321
4.321
4.321
4.321
4.321
4.321
4.321
4.321
4.321
4.321
4.321
4.321
4.321
4.321
4.321
4.321
4.035
4.035
4.035
4.035
4.035
4.035
4.035
4.035
4.035
4.035
4.035
4.035
4.035
4.035
4.035
4.035
4.035
4.035
4.035
4.035
4.035
4.035
4.035
4.035
4.035
4.035
4.035
4.035
4.035
4.035
3.999
3.999
3.999
3.999
3.999
3.999
3.999
3.999
3.999
3.999
3.999
3.999
3.999
3.999
3.999
3.999
3.999
3.999
3.999
3.999
3.999
3.999
3.999
3.999
3.999
3.999
3.999
3.999
3.999
3.999
3.89
3.89
3.89
3.89
3.89
3.89
3.89
3.89
3.89
3.89
3.89
3.89
3.89
3.89
3.89
3.89
3.89
3.89
3.89
3.89
3.89
3.89
3.89
3.89
3.89
3.89
3.89
3.89
3.89
3.89
3.696
3.696
3.696
3.696
3.696
3.696
3.696
3.696
3.696
3.696
3.696
3.696
3.696
3.696
3.696
3.696
3.696
3.696
3.696
3.696
3.696
3.696
3.696
3.696
3.696
3.696
3.696
3.696
3.696
3.696
3.518
3.518
3.518
3.518
3.518
3.518
3.518
3.518
3.518
3.518
3.518
3.518
3.518
3.518
3.518
3.518
3.518
3.518
3.518
3.518
3.518
3.518
3.518
3.518
3.518
3.518
3.518
3.518
3.518
3.518
