3.711
3.711
3.711
3.711
3.711
3.711
3.711
3.711
3.711
3.711
3.711
3.711
3.711
3.711
3.711
3.711
3.711
3.711
3.711
3.711
3.711
3.711
3.711
3.711
3.711
3.711
3.711
3.711
3.711
3.711
3.597
3.597
3.597
3.597
3.597
3.597
3.597
3.597
3.597
3.597
3.597
3.597
3.597
3.597
3.597
3.597
3.597
3.597
3.597
3.597
3.597
3.597
3.597
3.597
3.597
3.597
3.597
3.597
3.597
3.597
3.625
3.625
3.625
3.625
3.625
3.625
3.625
3.625
3.625
3.625
3.625
3.625
3.625
3.625
3.625
3.625
3.625
3.625
3.625
3.625
3.625
3.625
3.625
3.625
3.625
3.625
3.625
3.625
3.625
3.625
3.63
3.63
3.63
3.63
3.63
3.63
3.63
3.63
3.63
3.63
3.63
3.63
3.63
3.63
3.63
3.63
3.63
3.63
3.63
3.63
3.63
3.63
3.63
3.63
3.63
3.63
3.63
3.63
3.63
3.63
3.616
3.616
3.616
3.616
3.616
3.616
3.616
3.616
3.616
3.616
3.616
3.616
3.616
3.616
3.616
3.616
3.616
3.616
3.616
3.616
3.616
3.616
3.616
3.616
3.616
3.616
3.616
3.616
3.616
3.616
3.564
3.564
3.564
3.564
3.564
3.564
3.564
3.564
3.564
3.564
3.564
3.564
3.564
3.564
3.564
3.564
3.564
3.564
3.564
3.564
3.564
3.564
3.564
3.564
3.564
3.564
3.564
3.564
3.564
3.564
3.487
3.487
3.487
3.487
3.487
3.487
3.487
3.487
3.487
3.487
3.487
3.487
3.487
3.487
3.487
3.487
3.487
3.487
3.487
3.487
3.487
3.487
3.487
3.487
3.487
3.487
3.487
3.487
3.487
3.487
3.464
3.464
3.464
3.464
3.464
3.464
3.464
3.464
3.464
3.464
3.464
3.464
3.464
3.464
3.464
3.464
3.464
3.464
3.464
3.464
3.464
3.464
3.464
3.464
3.464
3.464
3.464
3.464
3.464
3.464
3.517
3.517
3.517
3.517
3.517
3.517
3.517
3.517
3.517
3.517
3.517
3.517
3.517
3.517
3.517
3.517
3.517
3.517
3.517
3.517
3.517
3.517
3.517
3.517
3.517
3.517
3.517
3.517
3.517
3.517
3.449
3.449
3.449
3.449
3.449
3.449
3.449
3.449
3.449
3.449
3.449
3.449
3.449
3.449
3.449
3.449
3.449
3.449
3.449
3.449
3.449
3.449
3.449
3.449
3.449
3.449
3.449
3.449
3.449
3.449
3.609
3.609
3.609
3.609
3.609
3.609
3.609
3.609
3.609
3.609
3.609
3.609
3.609
3.609
3.609
3.609
3.609
3.609
3.609
3.609
3.609
3.609
3.609
3.609
3.609
3.609
3.609
3.609
3.609
3.609
3.633
3.633
3.633
3.633
3.633
3.633
3.633
3.633
3.633
3.633
3.633
3.633
3.633
3.633
3.633
3.633
3.633
3.633
3.633
3.633
3.633
3.633
3.633
3.633
3.633
3.633
3.633
3.633
3.633
3.633
3.724
3.724
3.724
3.724
3.724
3.724
3.724
3.724
3.724
3.724
3.724
3.724
3.724
3.724
3.724
3.724
3.724
3.724
3.724
3.724
3.724
3.724
3.724
3.724
3.724
3.724
3.724
3.724
3.724
3.724
3.748
3.748
3.748
3.748
3.748
3.748
3.748
3.748
3.748
3.748
3.748
3.748
3.748
3.748
3.748
3.748
3.748
3.748
3.748
3.748
3.748
3.748
3.748
3.748
3.748
3.748
3.748
3.748
3.748
3.748
3.857
3.857
3.857
3.857
3.857
3.857
3.857
3.857
3.857
3.857
3.857
3.857
3.857
3.857
3.857
3.857
3.857
3.857
3.857
3.857
3.857
3.857
3.857
3.857
3.857
3.857
3.857
3.857
3.857
3.857
4.012
4.012
4.012
4.012
4.012
4.012
4.012
4.012
4.012
4.012
4.012
4.012
4.012
4.012
4.012
4.012
4.012
4.012
4.012
4.012
4.012
4.012
4.012
4.012
4.012
4.012
4.012
4.012
4.012
4.012
4.357
4.357
4.357
4.357
4.357
4.357
4.357
4.357
4.357
4.357
4.357
4.357
4.357
4.357
4.357
4.357
4.357
4.357
4.357
4.357
4.357
4.357
4.357
4.357
4.357
4.357
4.357
4.357
4.357
4.357
5.496
5.496
5.496
5.496
5.496
5.496
5.496
5.496
5.496
5.496
5.496
5.496
5.496
5.496
5.496
5.496
5.496
5.496
5.496
5.496
5.496
5.496
5.496
5.496
5.496
5.496
5.496
5.496
5.496
5.496
6.205
6.205
6.205
6.205
6.205
6.205
6.205
6.205
6.205
6.205
6.205
6.205
6.205
6.205
6.205
6.205
6.205
6.205
6.205
6.205
6.205
6.205
6.205
6.205
6.205
6.205
6.205
6.205
6.205
6.205
6.241
6.241
6.241
6.241
6.241
6.241
6.241
6.241
6.241
6.241
6.241
6.241
6.241
6.241
6.241
6.241
6.241
6.241
6.241
6.241
6.241
6.241
6.241
6.241
6.241
6.241
6.241
6.241
6.241
6.241
6.26
6.26
6.26
6.26
6.26
6.26
6.26
6.26
6.26
6.26
6.26
6.26
6.26
6.26
6.26
6.26
6.26
6.26
6.26
6.26
6.26
6.26
6.26
6.26
6.26
6.26
6.26
6.26
6.26
6.26
6.314
6.314
6.314
6.314
6.314
6.314
6.314
6.314
6.314
6.314
6.314
6.314
6.314
6.314
6.314
6.314
6.314
6.314
6.314
6.314
6.314
6.314
6.314
6.314
6.314
6.314
6.314
6.314
6.314
6.314
6.286
6.286
6.286
6.286
6.286
6.286
6.286
6.286
6.286
6.286
6.286
6.286
6.286
6.286
6.286
6.286
6.286
6.286
6.286
6.286
6.286
6.286
6.286
6.286
6.286
6.286
6.286
6.286
6.286
6.286
6.084
6.084
6.084
6.084
6.084
6.084
6.084
6.084
6.084
6.084
6.084
6.084
6.084
6.084
6.084
6.084
6.084
6.084
6.084
6.084
6.084
6.084
6.084
6.084
6.084
6.084
6.084
6.084
6.084
6.084
6.006
6.006
6.006
6.006
6.006
6.006
6.006
6.006
6.006
6.006
6.006
6.006
6.006
6.006
6.006
6.006
6.006
6.006
6.006
6.006
6.006
6.006
6.006
6.006
6.006
6.006
6.006
6.006
6.006
6.006
5.9
5.9
5.9
5.9
5.9
5.9
5.9
5.9
5.9
5.9
5.9
5.9
5.9
5.9
5.9
5.9
5.9
5.9
5.9
5.9
5.9
5.9
5.9
5.9
5.9
5.9
5.9
5.9
5.9
5.9
5.348
5.348
5.348
5.348
5.348
5.348
5.348
5.348
5.348
5.348
5.348
5.348
5.348
5.348
5.348
5.348
5.348
5.348
5.348
5.348
5.348
5.348
5.348
5.348
5.348
5.348
5.348
5.348
5.348
5.348
5.371
5.371
5.371
5.371
5.371
5.371
5.371
5.371
5.371
5.371
5.371
5.371
5.371
5.371
5.371
5.371
5.371
5.371
5.371
5.371
5.371
5.371
5.371
5.371
5.371
5.371
5.371
5.371
5.371
5.371
5.239
5.239
5.239
5.239
5.239
5.239
5.239
5.239
5.239
5.239
5.239
5.239
5.239
5.239
5.239
5.239
5.239
5.239
5.239
5.239
5.239
5.239
5.239
5.239
5.239
5.239
5.239
5.239
5.239
5.239
5.354
5.354
5.354
5.354
5.354
5.354
5.354
5.354
5.354
5.354
5.354
5.354
5.354
5.354
5.354
5.354
5.354
5.354
5.354
5.354
5.354
5.354
5.354
5.354
5.354
5.354
5.354
5.354
5.354
5.354
5.365
5.365
5.365
5.365
5.365
5.365
5.365
5.365
5.365
5.365
5.365
5.365
5.365
5.365
5.365
5.365
5.365
5.365
5.365
5.365
5.365
5.365
5.365
5.365
5.365
5.365
5.365
5.365
5.365
5.365
5.445
5.445
5.445
5.445
5.445
5.445
5.445
5.445
5.445
5.445
5.445
5.445
5.445
5.445
5.445
5.445
5.445
5.445
5.445
5.445
5.445
5.445
5.445
5.445
5.445
5.445
5.445
5.445
5.445
5.445
5.473
5.473
5.473
5.473
5.473
5.473
5.473
5.473
5.473
5.473
5.473
5.473
5.473
5.473
5.473
5.473
5.473
5.473
5.473
5.473
5.473
5.473
5.473
5.473
5.473
5.473
5.473
5.473
5.473
5.473
5.691
5.691
5.691
5.691
5.691
5.691
5.691
5.691
5.691
5.691
5.691
5.691
5.691
5.691
5.691
5.691
5.691
5.691
5.691
5.691
5.691
5.691
5.691
5.691
5.691
5.691
5.691
5.691
5.691
5.691
6.046
6.046
6.046
6.046
6.046
6.046
6.046
6.046
6.046
6.046
6.046
6.046
6.046
6.046
6.046
6.046
6.046
6.046
6.046
6.046
6.046
6.046
6.046
6.046
6.046
6.046
6.046
6.046
6.046
6.046
6.221
6.221
6.221
6.221
6.221
6.221
6.221
6.221
6.221
6.221
6.221
6.221
6.221
6.221
6.221
6.221
6.221
6.221
6.221
6.221
6.221
6.221
6.221
6.221
6.221
6.221
6.221
6.221
6.221
6.221
6.382
6.382
6.382
6.382
6.382
6.382
6.382
6.382
6.382
6.382
6.382
6.382
6.382
6.382
6.382
6.382
6.382
6.382
6.382
6.382
6.382
6.382
6.382
6.382
6.382
6.382
6.382
6.382
6.382
6.382
6.285
6.285
6.285
6.285
6.285
6.285
6.285
6.285
6.285
6.285
6.285
6.285
6.285
6.285
6.285
6.285
6.285
6.285
6.285
6.285
6.285
6.285
6.285
6.285
6.285
6.285
6.285
6.285
6.285
6.285
4.202
4.202
4.202
4.202
4.202
4.202
4.202
4.202
4.202
4.202
4.202
4.202
4.202
4.202
4.202
4.202
4.202
4.202
4.202
4.202
4.202
4.202
4.202
4.202
4.202
4.202
4.202
4.202
4.202
4.202
4.232
4.232
4.232
4.232
4.232
4.232
4.232
4.232
4.232
4.232
4.232
4.232
4.232
4.232
4.232
4.232
4.232
4.232
4.232
4.232
4.232
4.232
4.232
4.232
4.232
4.232
4.232
4.232
4.232
4.232
4.03
4.03
4.03
4.03
4.03
4.03
4.03
4.03
4.03
4.03
4.03
4.03
4.03
4.03
4.03
4.03
4.03
4.03
4.03
4.03
4.03
4.03
4.03
4.03
4.03
4.03
4.03
4.03
4.03
4.03
4.179
4.179
4.179
4.179
4.179
4.179
4.179
4.179
4.179
4.179
4.179
4.179
4.179
4.179
4.179
4.179
4.179
4.179
4.179
4.179
4.179
4.179
4.179
4.179
4.179
4.179
4.179
4.179
4.179
4.179
4.112
4.112
4.112
4.112
4.112
4.112
4.112
4.112
4.112
4.112
4.112
4.112
4.112
4.112
4.112
4.112
4.112
4.112
4.112
4.112
4.112
4.112
4.112
4.112
4.112
4.112
4.112
4.112
4.112
4.112
4.106
4.106
4.106
4.106
4.106
4.106
4.106
4.106
4.106
4.106
4.106
4.106
4.106
4.106
4.106
4.106
4.106
4.106
4.106
4.106
4.106
4.106
4.106
4.106
4.106
4.106
4.106
4.106
4.106
4.106
4.082
4.082
4.082
4.082
4.082
4.082
4.082
4.082
4.082
4.082
4.082
4.082
4.082
4.082
4.082
4.082
4.082
4.082
4.082
4.082
4.082
4.082
4.082
4.082
4.082
4.082
4.082
4.082
4.082
4.082
3.992
3.992
3.992
3.992
3.992
3.992
3.992
3.992
3.992
3.992
3.992
3.992
3.992
3.992
3.992
3.992
3.992
3.992
3.992
3.992
3.992
3.992
3.992
3.992
3.992
3.992
3.992
3.992
3.992
3.992
3.659
3.659
3.659
3.659
3.659
3.659
3.659
3.659
3.659
3.659
3.659
3.659
3.659
3.659
3.659
3.659
3.659
3.659
3.659
3.659
3.659
3.659
3.659
3.659
3.659
3.659
3.659
3.659
3.659
3.659
3.798
3.798
3.798
3.798
3.798
3.798
3.798
3.798
3.798
3.798
3.798
3.798
3.798
3.798
3.798
3.798
3.798
3.798
3.798
3.798
3.798
3.798
3.798
3.798
3.798
3.798
3.798
3.798
3.798
3.798
