3.551
3.551
3.551
3.551
3.551
3.551
3.551
3.551
3.551
3.551
3.551
3.551
3.551
3.551
3.551
3.551
3.551
3.551
3.551
3.551
3.551
3.551
3.551
3.551
3.551
3.551
3.551
3.551
3.551
3.551
3.57
3.57
3.57
3.57
3.57
3.57
3.57
3.57
3.57
3.57
3.57
3.57
3.57
3.57
3.57
3.57
3.57
3.57
3.57
3.57
3.57
3.57
3.57
3.57
3.57
3.57
3.57
3.57
3.57
3.57
3.662
3.662
3.662
3.662
3.662
3.662
3.662
3.662
3.662
3.662
3.662
3.662
3.662
3.662
3.662
3.662
3.662
3.662
3.662
3.662
3.662
3.662
3.662
3.662
3.662
3.662
3.662
3.662
3.662
3.662
3.756
3.756
3.756
3.756
3.756
3.756
3.756
3.756
3.756
3.756
3.756
3.756
3.756
3.756
3.756
3.756
3.756
3.756
3.756
3.756
3.756
3.756
3.756
3.756
3.756
3.756
3.756
3.756
3.756
3.756
3.767
3.767
3.767
3.767
3.767
3.767
3.767
3.767
3.767
3.767
3.767
3.767
3.767
3.767
3.767
3.767
3.767
3.767
3.767
3.767
3.767
3.767
3.767
3.767
3.767
3.767
3.767
3.767
3.767
3.767
3.673
3.673
3.673
3.673
3.673
3.673
3.673
3.673
3.673
3.673
3.673
3.673
3.673
3.673
3.673
3.673
3.673
3.673
3.673
3.673
3.673
3.673
3.673
3.673
3.673
3.673
3.673
3.673
3.673
3.673
3.856
3.856
3.856
3.856
3.856
3.856
3.856
3.856
3.856
3.856
3.856
3.856
3.856
3.856
3.856
3.856
3.856
3.856
3.856
3.856
3.856
3.856
3.856
3.856
3.856
3.856
3.856
3.856
3.856
3.856
3.807
3.807
3.807
3.807
3.807
3.807
3.807
3.807
3.807
3.807
3.807
3.807
3.807
3.807
3.807
3.807
3.807
3.807
3.807
3.807
3.807
3.807
3.807
3.807
3.807
3.807
3.807
3.807
3.807
3.807
3.787
3.787
3.787
3.787
3.787
3.787
3.787
3.787
3.787
3.787
3.787
3.787
3.787
3.787
3.787
3.787
3.787
3.787
3.787
3.787
3.787
3.787
3.787
3.787
3.787
3.787
3.787
3.787
3.787
3.787
3.522
3.522
3.522
3.522
3.522
3.522
3.522
3.522
3.522
3.522
3.522
3.522
3.522
3.522
3.522
3.522
3.522
3.522
3.522
3.522
3.522
3.522
3.522
3.522
3.522
3.522
3.522
3.522
3.522
3.522
3.72
3.72
3.72
3.72
3.72
3.72
3.72
3.72
3.72
3.72
3.72
3.72
3.72
3.72
3.72
3.72
3.72
3.72
3.72
3.72
3.72
3.72
3.72
3.72
3.72
3.72
3.72
3.72
3.72
3.72
3.854
3.854
3.854
3.854
3.854
3.854
3.854
3.854
3.854
3.854
3.854
3.854
3.854
3.854
3.854
3.854
3.854
3.854
3.854
3.854
3.854
3.854
3.854
3.854
3.854
3.854
3.854
3.854
3.854
3.854
4.051
4.051
4.051
4.051
4.051
4.051
4.051
4.051
4.051
4.051
4.051
4.051
4.051
4.051
4.051
4.051
4.051
4.051
4.051
4.051
4.051
4.051
4.051
4.051
4.051
4.051
4.051
4.051
4.051
4.051
3.652
3.652
3.652
3.652
3.652
3.652
3.652
3.652
3.652
3.652
3.652
3.652
3.652
3.652
3.652
3.652
3.652
3.652
3.652
3.652
3.652
3.652
3.652
3.652
3.652
3.652
3.652
3.652
3.652
3.652
4.9
4.9
4.9
4.9
4.9
4.9
4.9
4.9
4.9
4.9
4.9
4.9
4.9
4.9
4.9
4.9
4.9
4.9
4.9
4.9
4.9
4.9
4.9
4.9
4.9
4.9
4.9
4.9
4.9
4.9
5.829
5.829
5.829
5.829
5.829
5.829
5.829
5.829
5.829
5.829
5.829
5.829
5.829
5.829
5.829
5.829
5.829
5.829
5.829
5.829
5.829
5.829
5.829
5.829
5.829
5.829
5.829
5.829
5.829
5.829
5.602
5.602
5.602
5.602
5.602
5.602
5.602
5.602
5.602
5.602
5.602
5.602
5.602
5.602
5.602
5.602
5.602
5.602
5.602
5.602
5.602
5.602
5.602
5.602
5.602
5.602
5.602
5.602
5.602
5.602
5.665
5.665
5.665
5.665
5.665
5.665
5.665
5.665
5.665
5.665
5.665
5.665
5.665
5.665
5.665
5.665
5.665
5.665
5.665
5.665
5.665
5.665
5.665
5.665
5.665
5.665
5.665
5.665
5.665
5.665
5.275
5.275
5.275
5.275
5.275
5.275
5.275
5.275
5.275
5.275
5.275
5.275
5.275
5.275
5.275
5.275
5.275
5.275
5.275
5.275
5.275
5.275
5.275
5.275
5.275
5.275
5.275
5.275
5.275
5.275
5.202
5.202
5.202
5.202
5.202
5.202
5.202
5.202
5.202
5.202
5.202
5.202
5.202
5.202
5.202
5.202
5.202
5.202
5.202
5.202
5.202
5.202
5.202
5.202
5.202
5.202
5.202
5.202
5.202
5.202
4.929
4.929
4.929
4.929
4.929
4.929
4.929
4.929
4.929
4.929
4.929
4.929
4.929
4.929
4.929
4.929
4.929
4.929
4.929
4.929
4.929
4.929
4.929
4.929
4.929
4.929
4.929
4.929
4.929
4.929
4.816
4.816
4.816
4.816
4.816
4.816
4.816
4.816
4.816
4.816
4.816
4.816
4.816
4.816
4.816
4.816
4.816
4.816
4.816
4.816
4.816
4.816
4.816
4.816
4.816
4.816
4.816
4.816
4.816
4.816
3.533
3.533
3.533
3.533
3.533
3.533
3.533
3.533
3.533
3.533
3.533
3.533
3.533
3.533
3.533
3.533
3.533
3.533
3.533
3.533
3.533
3.533
3.533
3.533
3.533
3.533
3.533
3.533
3.533
3.533
3.444
3.444
3.444
3.444
3.444
3.444
3.444
3.444
3.444
3.444
3.444
3.444
3.444
3.444
3.444
3.444
3.444
3.444
3.444
3.444
3.444
3.444
3.444
3.444
3.444
3.444
3.444
3.444
3.444
3.444
3.478
3.478
3.478
3.478
3.478
3.478
3.478
3.478
3.478
3.478
3.478
3.478
3.478
3.478
3.478
3.478
3.478
3.478
3.478
3.478
3.478
3.478
3.478
3.478
3.478
3.478
3.478
3.478
3.478
3.478
3.522
3.522
3.522
3.522
3.522
3.522
3.522
3.522
3.522
3.522
3.522
3.522
3.522
3.522
3.522
3.522
3.522
3.522
3.522
3.522
3.522
3.522
3.522
3.522
3.522
3.522
3.522
3.522
3.522
3.522
3.553
3.553
3.553
3.553
3.553
3.553
3.553
3.553
3.553
3.553
3.553
3.553
3.553
3.553
3.553
3.553
3.553
3.553
3.553
3.553
3.553
3.553
3.553
3.553
3.553
3.553
3.553
3.553
3.553
3.553
3.526
3.526
3.526
3.526
3.526
3.526
3.526
3.526
3.526
3.526
3.526
3.526
3.526
3.526
3.526
3.526
3.526
3.526
3.526
3.526
3.526
3.526
3.526
3.526
3.526
3.526
3.526
3.526
3.526
3.526
3.474
3.474
3.474
3.474
3.474
3.474
3.474
3.474
3.474
3.474
3.474
3.474
3.474
3.474
3.474
3.474
3.474
3.474
3.474
3.474
3.474
3.474
3.474
3.474
3.474
3.474
3.474
3.474
3.474
3.474
3.428
3.428
3.428
3.428
3.428
3.428
3.428
3.428
3.428
3.428
3.428
3.428
3.428
3.428
3.428
3.428
3.428
3.428
3.428
3.428
3.428
3.428
3.428
3.428
3.428
3.428
3.428
3.428
3.428
3.428
3.602
3.602
3.602
3.602
3.602
3.602
3.602
3.602
3.602
3.602
3.602
3.602
3.602
3.602
3.602
3.602
3.602
3.602
3.602
3.602
3.602
3.602
3.602
3.602
3.602
3.602
3.602
3.602
3.602
3.602
3.593
3.593
3.593
3.593
3.593
3.593
3.593
3.593
3.593
3.593
3.593
3.593
3.593
3.593
3.593
3.593
3.593
3.593
3.593
3.593
3.593
3.593
3.593
3.593
3.593
3.593
3.593
3.593
3.593
3.593
3.729
3.729
3.729
3.729
3.729
3.729
3.729
3.729
3.729
3.729
3.729
3.729
3.729
3.729
3.729
3.729
3.729
3.729
3.729
3.729
3.729
3.729
3.729
3.729
3.729
3.729
3.729
3.729
3.729
3.729
3.723
3.723
3.723
3.723
3.723
3.723
3.723
3.723
3.723
3.723
3.723
3.723
3.723
3.723
3.723
3.723
3.723
3.723
3.723
3.723
3.723
3.723
3.723
3.723
3.723
3.723
3.723
3.723
3.723
3.723
3.997
3.997
3.997
3.997
3.997
3.997
3.997
3.997
3.997
3.997
3.997
3.997
3.997
3.997
3.997
3.997
3.997
3.997
3.997
3.997
3.997
3.997
3.997
3.997
3.997
3.997
3.997
3.997
3.997
3.997
3.986
3.986
3.986
3.986
3.986
3.986
3.986
3.986
3.986
3.986
3.986
3.986
3.986
3.986
3.986
3.986
3.986
3.986
3.986
3.986
3.986
3.986
3.986
3.986
3.986
3.986
3.986
3.986
3.986
3.986
4.157
4.157
4.157
4.157
4.157
4.157
4.157
4.157
4.157
4.157
4.157
4.157
4.157
4.157
4.157
4.157
4.157
4.157
4.157
4.157
4.157
4.157
4.157
4.157
4.157
4.157
4.157
4.157
4.157
4.157
4.266
4.266
4.266
4.266
4.266
4.266
4.266
4.266
4.266
4.266
4.266
4.266
4.266
4.266
4.266
4.266
4.266
4.266
4.266
4.266
4.266
4.266
4.266
4.266
4.266
4.266
4.266
4.266
4.266
4.266
4.816
4.816
4.816
4.816
4.816
4.816
4.816
4.816
4.816
4.816
4.816
4.816
4.816
4.816
4.816
4.816
4.816
4.816
4.816
4.816
4.816
4.816
4.816
4.816
4.816
4.816
4.816
4.816
4.816
4.816
5.535
5.535
5.535
5.535
5.535
5.535
5.535
5.535
5.535
5.535
5.535
5.535
5.535
5.535
5.535
5.535
5.535
5.535
5.535
5.535
5.535
5.535
5.535
5.535
5.535
5.535
5.535
5.535
5.535
5.535
6.348
6.348
6.348
6.348
6.348
6.348
6.348
6.348
6.348
6.348
6.348
6.348
6.348
6.348
6.348
6.348
6.348
6.348
6.348
6.348
6.348
6.348
6.348
6.348
6.348
6.348
6.348
6.348
6.348
6.348
5.879
5.879
5.879
5.879
5.879
5.879
5.879
5.879
5.879
5.879
5.879
5.879
5.879
5.879
5.879
5.879
5.879
5.879
5.879
5.879
5.879
5.879
5.879
5.879
5.879
5.879
5.879
5.879
5.879
5.879
4.309
4.309
4.309
4.309
4.309
4.309
4.309
4.309
4.309
4.309
4.309
4.309
4.309
4.309
4.309
4.309
4.309
4.309
4.309
4.309
4.309
4.309
4.309
4.309
4.309
4.309
4.309
4.309
4.309
4.309
3.991
3.991
3.991
3.991
3.991
3.991
3.991
3.991
3.991
3.991
3.991
3.991
3.991
3.991
3.991
3.991
3.991
3.991
3.991
3.991
3.991
3.991
3.991
3.991
3.991
3.991
3.991
3.991
3.991
3.991
3.766
3.766
3.766
3.766
3.766
3.766
3.766
3.766
3.766
3.766
3.766
3.766
3.766
3.766
3.766
3.766
3.766
3.766
3.766
3.766
3.766
3.766
3.766
3.766
3.766
3.766
3.766
3.766
3.766
3.766
3.696
3.696
3.696
3.696
3.696
3.696
3.696
3.696
3.696
3.696
3.696
3.696
3.696
3.696
3.696
3.696
3.696
3.696
3.696
3.696
3.696
3.696
3.696
3.696
3.696
3.696
3.696
3.696
3.696
3.696
3.611
3.611
3.611
3.611
3.611
3.611
3.611
3.611
3.611
3.611
3.611
3.611
3.611
3.611
3.611
3.611
3.611
3.611
3.611
3.611
3.611
3.611
3.611
3.611
3.611
3.611
3.611
3.611
3.611
3.611
3.577
3.577
3.577
3.577
3.577
3.577
3.577
3.577
3.577
3.577
3.577
3.577
3.577
3.577
3.577
3.577
3.577
3.577
3.577
3.577
3.577
3.577
3.577
3.577
3.577
3.577
3.577
3.577
3.577
3.577
