3.87
3.87
3.87
3.87
3.87
3.87
3.87
3.87
3.87
3.87
3.87
3.87
3.87
3.87
3.87
3.87
3.87
3.87
3.87
3.87
3.87
3.87
3.87
3.87
3.87
3.87
3.87
3.87
3.87
3.87
4.153
4.153
4.153
4.153
4.153
4.153
4.153
4.153
4.153
4.153
4.153
4.153
4.153
4.153
4.153
4.153
4.153
4.153
4.153
4.153
4.153
4.153
4.153
4.153
4.153
4.153
4.153
4.153
4.153
4.153
4.127
4.127
4.127
4.127
4.127
4.127
4.127
4.127
4.127
4.127
4.127
4.127
4.127
4.127
4.127
4.127
4.127
4.127
4.127
4.127
4.127
4.127
4.127
4.127
4.127
4.127
4.127
4.127
4.127
4.127
3.943
3.943
3.943
3.943
3.943
3.943
3.943
3.943
3.943
3.943
3.943
3.943
3.943
3.943
3.943
3.943
3.943
3.943
3.943
3.943
3.943
3.943
3.943
3.943
3.943
3.943
3.943
3.943
3.943
3.943
3.937
3.937
3.937
3.937
3.937
3.937
3.937
3.937
3.937
3.937
3.937
3.937
3.937
3.937
3.937
3.937
3.937
3.937
3.937
3.937
3.937
3.937
3.937
3.937
3.937
3.937
3.937
3.937
3.937
3.937
3.993
3.993
3.993
3.993
3.993
3.993
3.993
3.993
3.993
3.993
3.993
3.993
3.993
3.993
3.993
3.993
3.993
3.993
3.993
3.993
3.993
3.993
3.993
3.993
3.993
3.993
3.993
3.993
3.993
3.993
3.86
3.86
3.86
3.86
3.86
3.86
3.86
3.86
3.86
3.86
3.86
3.86
3.86
3.86
3.86
3.86
3.86
3.86
3.86
3.86
3.86
3.86
3.86
3.86
3.86
3.86
3.86
3.86
3.86
3.86
3.816
3.816
3.816
3.816
3.816
3.816
3.816
3.816
3.816
3.816
3.816
3.816
3.816
3.816
3.816
3.816
3.816
3.816
3.816
3.816
3.816
3.816
3.816
3.816
3.816
3.816
3.816
3.816
3.816
3.816
3.814
3.814
3.814
3.814
3.814
3.814
3.814
3.814
3.814
3.814
3.814
3.814
3.814
3.814
3.814
3.814
3.814
3.814
3.814
3.814
3.814
3.814
3.814
3.814
3.814
3.814
3.814
3.814
3.814
3.814
3.68
3.68
3.68
3.68
3.68
3.68
3.68
3.68
3.68
3.68
3.68
3.68
3.68
3.68
3.68
3.68
3.68
3.68
3.68
3.68
3.68
3.68
3.68
3.68
3.68
3.68
3.68
3.68
3.68
3.68
3.967
3.967
3.967
3.967
3.967
3.967
3.967
3.967
3.967
3.967
3.967
3.967
3.967
3.967
3.967
3.967
3.967
3.967
3.967
3.967
3.967
3.967
3.967
3.967
3.967
3.967
3.967
3.967
3.967
3.967
3.89
3.89
3.89
3.89
3.89
3.89
3.89
3.89
3.89
3.89
3.89
3.89
3.89
3.89
3.89
3.89
3.89
3.89
3.89
3.89
3.89
3.89
3.89
3.89
3.89
3.89
3.89
3.89
3.89
3.89
4.1
4.1
4.1
4.1
4.1
4.1
4.1
4.1
4.1
4.1
4.1
4.1
4.1
4.1
4.1
4.1
4.1
4.1
4.1
4.1
4.1
4.1
4.1
4.1
4.1
4.1
4.1
4.1
4.1
4.1
4.116
4.116
4.116
4.116
4.116
4.116
4.116
4.116
4.116
4.116
4.116
4.116
4.116
4.116
4.116
4.116
4.116
4.116
4.116
4.116
4.116
4.116
4.116
4.116
4.116
4.116
4.116
4.116
4.116
4.116
4.791
4.791
4.791
4.791
4.791
4.791
4.791
4.791
4.791
4.791
4.791
4.791
4.791
4.791
4.791
4.791
4.791
4.791
4.791
4.791
4.791
4.791
4.791
4.791
4.791
4.791
4.791
4.791
4.791
4.791
6.989
6.989
6.989
6.989
6.989
6.989
6.989
6.989
6.989
6.989
6.989
6.989
6.989
6.989
6.989
6.989
6.989
6.989
6.989
6.989
6.989
6.989
6.989
6.989
6.989
6.989
6.989
6.989
6.989
6.989
7.223
7.223
7.223
7.223
7.223
7.223
7.223
7.223
7.223
7.223
7.223
7.223
7.223
7.223
7.223
7.223
7.223
7.223
7.223
7.223
7.223
7.223
7.223
7.223
7.223
7.223
7.223
7.223
7.223
7.223
7.294
7.294
7.294
7.294
7.294
7.294
7.294
7.294
7.294
7.294
7.294
7.294
7.294
7.294
7.294
7.294
7.294
7.294
7.294
7.294
7.294
7.294
7.294
7.294
7.294
7.294
7.294
7.294
7.294
7.294
8.266
8.266
8.266
8.266
8.266
8.266
8.266
8.266
8.266
8.266
8.266
8.266
8.266
8.266
8.266
8.266
8.266
8.266
8.266
8.266
8.266
8.266
8.266
8.266
8.266
8.266
8.266
8.266
8.266
8.266
7.046
7.046
7.046
7.046
7.046
7.046
7.046
7.046
7.046
7.046
7.046
7.046
7.046
7.046
7.046
7.046
7.046
7.046
7.046
7.046
7.046
7.046
7.046
7.046
7.046
7.046
7.046
7.046
7.046
7.046
6.588
6.588
6.588
6.588
6.588
6.588
6.588
6.588
6.588
6.588
6.588
6.588
6.588
6.588
6.588
6.588
6.588
6.588
6.588
6.588
6.588
6.588
6.588
6.588
6.588
6.588
6.588
6.588
6.588
6.588
6.714
6.714
6.714
6.714
6.714
6.714
6.714
6.714
6.714
6.714
6.714
6.714
6.714
6.714
6.714
6.714
6.714
6.714
6.714
6.714
6.714
6.714
6.714
6.714
6.714
6.714
6.714
6.714
6.714
6.714
5.276
5.276
5.276
5.276
5.276
5.276
5.276
5.276
5.276
5.276
5.276
5.276
5.276
5.276
5.276
5.276
5.276
5.276
5.276
5.276
5.276
5.276
5.276
5.276
5.276
5.276
5.276
5.276
5.276
5.276
5.164
5.164
5.164
5.164
5.164
5.164
5.164
5.164
5.164
5.164
5.164
5.164
5.164
5.164
5.164
5.164
5.164
5.164
5.164
5.164
5.164
5.164
5.164
5.164
5.164
5.164
5.164
5.164
5.164
5.164
5.073
5.073
5.073
5.073
5.073
5.073
5.073
5.073
5.073
5.073
5.073
5.073
5.073
5.073
5.073
5.073
5.073
5.073
5.073
5.073
5.073
5.073
5.073
5.073
5.073
5.073
5.073
5.073
5.073
5.073
5.001
5.001
5.001
5.001
5.001
5.001
5.001
5.001
5.001
5.001
5.001
5.001
5.001
5.001
5.001
5.001
5.001
5.001
5.001
5.001
5.001
5.001
5.001
5.001
5.001
5.001
5.001
5.001
5.001
5.001
5.067
5.067
5.067
5.067
5.067
5.067
5.067
5.067
5.067
5.067
5.067
5.067
5.067
5.067
5.067
5.067
5.067
5.067
5.067
5.067
5.067
5.067
5.067
5.067
5.067
5.067
5.067
5.067
5.067
5.067
5.018
5.018
5.018
5.018
5.018
5.018
5.018
5.018
5.018
5.018
5.018
5.018
5.018
5.018
5.018
5.018
5.018
5.018
5.018
5.018
5.018
5.018
5.018
5.018
5.018
5.018
5.018
5.018
5.018
5.018
5.039
5.039
5.039
5.039
5.039
5.039
5.039
5.039
5.039
5.039
5.039
5.039
5.039
5.039
5.039
5.039
5.039
5.039
5.039
5.039
5.039
5.039
5.039
5.039
5.039
5.039
5.039
5.039
5.039
5.039
5.072
5.072
5.072
5.072
5.072
5.072
5.072
5.072
5.072
5.072
5.072
5.072
5.072
5.072
5.072
5.072
5.072
5.072
5.072
5.072
5.072
5.072
5.072
5.072
5.072
5.072
5.072
5.072
5.072
5.072
6.945
6.945
6.945
6.945
6.945
6.945
6.945
6.945
6.945
6.945
6.945
6.945
6.945
6.945
6.945
6.945
6.945
6.945
6.945
6.945
6.945
6.945
6.945
6.945
6.945
6.945
6.945
6.945
6.945
6.945
9.281
9.281
9.281
9.281
9.281
9.281
9.281
9.281
9.281
9.281
9.281
9.281
9.281
9.281
9.281
9.281
9.281
9.281
9.281
9.281
9.281
9.281
9.281
9.281
9.281
9.281
9.281
9.281
9.281
9.281
9.572
9.572
9.572
9.572
9.572
9.572
9.572
9.572
9.572
9.572
9.572
9.572
9.572
9.572
9.572
9.572
9.572
9.572
9.572
9.572
9.572
9.572
9.572
9.572
9.572
9.572
9.572
9.572
9.572
9.572
15.7
15.7
15.7
15.7
15.7
15.7
15.7
15.7
15.7
15.7
15.7
15.7
15.7
15.7
15.7
15.7
15.7
15.7
15.7
15.7
15.7
15.7
15.7
15.7
15.7
15.7
15.7
15.7
15.7
15.7
16.429
16.429
16.429
16.429
16.429
16.429
16.429
16.429
16.429
16.429
16.429
16.429
16.429
16.429
16.429
16.429
16.429
16.429
16.429
16.429
16.429
16.429
16.429
16.429
16.429
16.429
16.429
16.429
16.429
16.429
13.127
13.127
13.127
13.127
13.127
13.127
13.127
13.127
13.127
13.127
13.127
13.127
13.127
13.127
13.127
13.127
13.127
13.127
13.127
13.127
13.127
13.127
13.127
13.127
13.127
13.127
13.127
13.127
13.127
13.127
9.506
9.506
9.506
9.506
9.506
9.506
9.506
9.506
9.506
9.506
9.506
9.506
9.506
9.506
9.506
9.506
9.506
9.506
9.506
9.506
9.506
9.506
9.506
9.506
9.506
9.506
9.506
9.506
9.506
9.506
9.543
9.543
9.543
9.543
9.543
9.543
9.543
9.543
9.543
9.543
9.543
9.543
9.543
9.543
9.543
9.543
9.543
9.543
9.543
9.543
9.543
9.543
9.543
9.543
9.543
9.543
9.543
9.543
9.543
9.543
6.482
6.482
6.482
6.482
6.482
6.482
6.482
6.482
6.482
6.482
6.482
6.482
6.482
6.482
6.482
6.482
6.482
6.482
6.482
6.482
6.482
6.482
6.482
6.482
6.482
6.482
6.482
6.482
6.482
6.482
6.262
6.262
6.262
6.262
6.262
6.262
6.262
6.262
6.262
6.262
6.262
6.262
6.262
6.262
6.262
6.262
6.262
6.262
6.262
6.262
6.262
6.262
6.262
6.262
6.262
6.262
6.262
6.262
6.262
6.262
6.356
6.356
6.356
6.356
6.356
6.356
6.356
6.356
6.356
6.356
6.356
6.356
6.356
6.356
6.356
6.356
6.356
6.356
6.356
6.356
6.356
6.356
6.356
6.356
6.356
6.356
6.356
6.356
6.356
6.356
5.06
5.06
5.06
5.06
5.06
5.06
5.06
5.06
5.06
5.06
5.06
5.06
5.06
5.06
5.06
5.06
5.06
5.06
5.06
5.06
5.06
5.06
5.06
5.06
5.06
5.06
5.06
5.06
5.06
5.06
5.311
5.311
5.311
5.311
5.311
5.311
5.311
5.311
5.311
5.311
5.311
5.311
5.311
5.311
5.311
5.311
5.311
5.311
5.311
5.311
5.311
5.311
5.311
5.311
5.311
5.311
5.311
5.311
5.311
5.311
4.875
4.875
4.875
4.875
4.875
4.875
4.875
4.875
4.875
4.875
4.875
4.875
4.875
4.875
4.875
4.875
4.875
4.875
4.875
4.875
4.875
4.875
4.875
4.875
4.875
4.875
4.875
4.875
4.875
4.875
4.511
4.511
4.511
4.511
4.511
4.511
4.511
4.511
4.511
4.511
4.511
4.511
4.511
4.511
4.511
4.511
4.511
4.511
4.511
4.511
4.511
4.511
4.511
4.511
4.511
4.511
4.511
4.511
4.511
4.511
4.388
4.388
4.388
4.388
4.388
4.388
4.388
4.388
4.388
4.388
4.388
4.388
4.388
4.388
4.388
4.388
4.388
4.388
4.388
4.388
4.388
4.388
4.388
4.388
4.388
4.388
4.388
4.388
4.388
4.388
3.849
3.849
3.849
3.849
3.849
3.849
3.849
3.849
3.849
3.849
3.849
3.849
3.849
3.849
3.849
3.849
3.849
3.849
3.849
3.849
3.849
3.849
3.849
3.849
3.849
3.849
3.849
3.849
3.849
3.849
3.829
3.829
3.829
3.829
3.829
3.829
3.829
3.829
3.829
3.829
3.829
3.829
3.829
3.829
3.829
3.829
3.829
3.829
3.829
3.829
3.829
3.829
3.829
3.829
3.829
3.829
3.829
3.829
3.829
3.829
