3.583
3.583
3.583
3.583
3.583
3.583
3.583
3.583
3.583
3.583
3.583
3.583
3.583
3.583
3.583
3.583
3.583
3.583
3.583
3.583
3.583
3.583
3.583
3.583
3.583
3.583
3.583
3.583
3.583
3.583
3.597
3.597
3.597
3.597
3.597
3.597
3.597
3.597
3.597
3.597
3.597
3.597
3.597
3.597
3.597
3.597
3.597
3.597
3.597
3.597
3.597
3.597
3.597
3.597
3.597
3.597
3.597
3.597
3.597
3.597
3.528
3.528
3.528
3.528
3.528
3.528
3.528
3.528
3.528
3.528
3.528
3.528
3.528
3.528
3.528
3.528
3.528
3.528
3.528
3.528
3.528
3.528
3.528
3.528
3.528
3.528
3.528
3.528
3.528
3.528
3.328
3.328
3.328
3.328
3.328
3.328
3.328
3.328
3.328
3.328
3.328
3.328
3.328
3.328
3.328
3.328
3.328
3.328
3.328
3.328
3.328
3.328
3.328
3.328
3.328
3.328
3.328
3.328
3.328
3.328
3.279
3.279
3.279
3.279
3.279
3.279
3.279
3.279
3.279
3.279
3.279
3.279
3.279
3.279
3.279
3.279
3.279
3.279
3.279
3.279
3.279
3.279
3.279
3.279
3.279
3.279
3.279
3.279
3.279
3.279
3.169
3.169
3.169
3.169
3.169
3.169
3.169
3.169
3.169
3.169
3.169
3.169
3.169
3.169
3.169
3.169
3.169
3.169
3.169
3.169
3.169
3.169
3.169
3.169
3.169
3.169
3.169
3.169
3.169
3.169
2.751
2.751
2.751
2.751
2.751
2.751
2.751
2.751
2.751
2.751
2.751
2.751
2.751
2.751
2.751
2.751
2.751
2.751
2.751
2.751
2.751
2.751
2.751
2.751
2.751
2.751
2.751
2.751
2.751
2.751
2.514
2.514
2.514
2.514
2.514
2.514
2.514
2.514
2.514
2.514
2.514
2.514
2.514
2.514
2.514
2.514
2.514
2.514
2.514
2.514
2.514
2.514
2.514
2.514
2.514
2.514
2.514
2.514
2.514
2.514
2.249
2.249
2.249
2.249
2.249
2.249
2.249
2.249
2.249
2.249
2.249
2.249
2.249
2.249
2.249
2.249
2.249
2.249
2.249
2.249
2.249
2.249
2.249
2.249
2.249
2.249
2.249
2.249
2.249
2.249
2.268
2.268
2.268
2.268
2.268
2.268
2.268
2.268
2.268
2.268
2.268
2.268
2.268
2.268
2.268
2.268
2.268
2.268
2.268
2.268
2.268
2.268
2.268
2.268
2.268
2.268
2.268
2.268
2.268
2.268
1.987
1.987
1.987
1.987
1.987
1.987
1.987
1.987
1.987
1.987
1.987
1.987
1.987
1.987
1.987
1.987
1.987
1.987
1.987
1.987
1.987
1.987
1.987
1.987
1.987
1.987
1.987
1.987
1.987
1.987
1.965
1.965
1.965
1.965
1.965
1.965
1.965
1.965
1.965
1.965
1.965
1.965
1.965
1.965
1.965
1.965
1.965
1.965
1.965
1.965
1.965
1.965
1.965
1.965
1.965
1.965
1.965
1.965
1.965
1.965
2.638
2.638
2.638
2.638
2.638
2.638
2.638
2.638
2.638
2.638
2.638
2.638
2.638
2.638
2.638
2.638
2.638
2.638
2.638
2.638
2.638
2.638
2.638
2.638
2.638
2.638
2.638
2.638
2.638
2.638
2.959
2.959
2.959
2.959
2.959
2.959
2.959
2.959
2.959
2.959
2.959
2.959
2.959
2.959
2.959
2.959
2.959
2.959
2.959
2.959
2.959
2.959
2.959
2.959
2.959
2.959
2.959
2.959
2.959
2.959
3.329
3.329
3.329
3.329
3.329
3.329
3.329
3.329
3.329
3.329
3.329
3.329
3.329
3.329
3.329
3.329
3.329
3.329
3.329
3.329
3.329
3.329
3.329
3.329
3.329
3.329
3.329
3.329
3.329
3.329
3.466
3.466
3.466
3.466
3.466
3.466
3.466
3.466
3.466
3.466
3.466
3.466
3.466
3.466
3.466
3.466
3.466
3.466
3.466
3.466
3.466
3.466
3.466
3.466
3.466
3.466
3.466
3.466
3.466
3.466
3.924
3.924
3.924
3.924
3.924
3.924
3.924
3.924
3.924
3.924
3.924
3.924
3.924
3.924
3.924
3.924
3.924
3.924
3.924
3.924
3.924
3.924
3.924
3.924
3.924
3.924
3.924
3.924
3.924
3.924
4.049
4.049
4.049
4.049
4.049
4.049
4.049
4.049
4.049
4.049
4.049
4.049
4.049
4.049
4.049
4.049
4.049
4.049
4.049
4.049
4.049
4.049
4.049
4.049
4.049
4.049
4.049
4.049
4.049
4.049
4.159
4.159
4.159
4.159
4.159
4.159
4.159
4.159
4.159
4.159
4.159
4.159
4.159
4.159
4.159
4.159
4.159
4.159
4.159
4.159
4.159
4.159
4.159
4.159
4.159
4.159
4.159
4.159
4.159
4.159
4.133
4.133
4.133
4.133
4.133
4.133
4.133
4.133
4.133
4.133
4.133
4.133
4.133
4.133
4.133
4.133
4.133
4.133
4.133
4.133
4.133
4.133
4.133
4.133
4.133
4.133
4.133
4.133
4.133
4.133
4.132
4.132
4.132
4.132
4.132
4.132
4.132
4.132
4.132
4.132
4.132
4.132
4.132
4.132
4.132
4.132
4.132
4.132
4.132
4.132
4.132
4.132
4.132
4.132
4.132
4.132
4.132
4.132
4.132
4.132
4.108
4.108
4.108
4.108
4.108
4.108
4.108
4.108
4.108
4.108
4.108
4.108
4.108
4.108
4.108
4.108
4.108
4.108
4.108
4.108
4.108
4.108
4.108
4.108
4.108
4.108
4.108
4.108
4.108
4.108
4.919
4.919
4.919
4.919
4.919
4.919
4.919
4.919
4.919
4.919
4.919
4.919
4.919
4.919
4.919
4.919
4.919
4.919
4.919
4.919
4.919
4.919
4.919
4.919
4.919
4.919
4.919
4.919
4.919
4.919
4.905
4.905
4.905
4.905
4.905
4.905
4.905
4.905
4.905
4.905
4.905
4.905
4.905
4.905
4.905
4.905
4.905
4.905
4.905
4.905
4.905
4.905
4.905
4.905
4.905
4.905
4.905
4.905
4.905
4.905
4.824
4.824
4.824
4.824
4.824
4.824
4.824
4.824
4.824
4.824
4.824
4.824
4.824
4.824
4.824
4.824
4.824
4.824
4.824
4.824
4.824
4.824
4.824
4.824
4.824
4.824
4.824
4.824
4.824
4.824
5.005
5.005
5.005
5.005
5.005
5.005
5.005
5.005
5.005
5.005
5.005
5.005
5.005
5.005
5.005
5.005
5.005
5.005
5.005
5.005
5.005
5.005
5.005
5.005
5.005
5.005
5.005
5.005
5.005
5.005
4.854
4.854
4.854
4.854
4.854
4.854
4.854
4.854
4.854
4.854
4.854
4.854
4.854
4.854
4.854
4.854
4.854
4.854
4.854
4.854
4.854
4.854
4.854
4.854
4.854
4.854
4.854
4.854
4.854
4.854
4.836
4.836
4.836
4.836
4.836
4.836
4.836
4.836
4.836
4.836
4.836
4.836
4.836
4.836
4.836
4.836
4.836
4.836
4.836
4.836
4.836
4.836
4.836
4.836
4.836
4.836
4.836
4.836
4.836
4.836
4.773
4.773
4.773
4.773
4.773
4.773
4.773
4.773
4.773
4.773
4.773
4.773
4.773
4.773
4.773
4.773
4.773
4.773
4.773
4.773
4.773
4.773
4.773
4.773
4.773
4.773
4.773
4.773
4.773
4.773
4.625
4.625
4.625
4.625
4.625
4.625
4.625
4.625
4.625
4.625
4.625
4.625
4.625
4.625
4.625
4.625
4.625
4.625
4.625
4.625
4.625
4.625
4.625
4.625
4.625
4.625
4.625
4.625
4.625
4.625
4.504
4.504
4.504
4.504
4.504
4.504
4.504
4.504
4.504
4.504
4.504
4.504
4.504
4.504
4.504
4.504
4.504
4.504
4.504
4.504
4.504
4.504
4.504
4.504
4.504
4.504
4.504
4.504
4.504
4.504
4.325
4.325
4.325
4.325
4.325
4.325
4.325
4.325
4.325
4.325
4.325
4.325
4.325
4.325
4.325
4.325
4.325
4.325
4.325
4.325
4.325
4.325
4.325
4.325
4.325
4.325
4.325
4.325
4.325
4.325
4.334
4.334
4.334
4.334
4.334
4.334
4.334
4.334
4.334
4.334
4.334
4.334
4.334
4.334
4.334
4.334
4.334
4.334
4.334
4.334
4.334
4.334
4.334
4.334
4.334
4.334
4.334
4.334
4.334
4.334
4.521
4.521
4.521
4.521
4.521
4.521
4.521
4.521
4.521
4.521
4.521
4.521
4.521
4.521
4.521
4.521
4.521
4.521
4.521
4.521
4.521
4.521
4.521
4.521
4.521
4.521
4.521
4.521
4.521
4.521
4.539
4.539
4.539
4.539
4.539
4.539
4.539
4.539
4.539
4.539
4.539
4.539
4.539
4.539
4.539
4.539
4.539
4.539
4.539
4.539
4.539
4.539
4.539
4.539
4.539
4.539
4.539
4.539
4.539
4.539
4.462
4.462
4.462
4.462
4.462
4.462
4.462
4.462
4.462
4.462
4.462
4.462
4.462
4.462
4.462
4.462
4.462
4.462
4.462
4.462
4.462
4.462
4.462
4.462
4.462
4.462
4.462
4.462
4.462
4.462
4.37
4.37
4.37
4.37
4.37
4.37
4.37
4.37
4.37
4.37
4.37
4.37
4.37
4.37
4.37
4.37
4.37
4.37
4.37
4.37
4.37
4.37
4.37
4.37
4.37
4.37
4.37
4.37
4.37
4.37
4.339
4.339
4.339
4.339
4.339
4.339
4.339
4.339
4.339
4.339
4.339
4.339
4.339
4.339
4.339
4.339
4.339
4.339
4.339
4.339
4.339
4.339
4.339
4.339
4.339
4.339
4.339
4.339
4.339
4.339
4.077
4.077
4.077
4.077
4.077
4.077
4.077
4.077
4.077
4.077
4.077
4.077
4.077
4.077
4.077
4.077
4.077
4.077
4.077
4.077
4.077
4.077
4.077
4.077
4.077
4.077
4.077
4.077
4.077
4.077
4.13
4.13
4.13
4.13
4.13
4.13
4.13
4.13
4.13
4.13
4.13
4.13
4.13
4.13
4.13
4.13
4.13
4.13
4.13
4.13
4.13
4.13
4.13
4.13
4.13
4.13
4.13
4.13
4.13
4.13
4.005
4.005
4.005
4.005
4.005
4.005
4.005
4.005
4.005
4.005
4.005
4.005
4.005
4.005
4.005
4.005
4.005
4.005
4.005
4.005
4.005
4.005
4.005
4.005
4.005
4.005
4.005
4.005
4.005
4.005
3.988
3.988
3.988
3.988
3.988
3.988
3.988
3.988
3.988
3.988
3.988
3.988
3.988
3.988
3.988
3.988
3.988
3.988
3.988
3.988
3.988
3.988
3.988
3.988
3.988
3.988
3.988
3.988
3.988
3.988
3.706
3.706
3.706
3.706
3.706
3.706
3.706
3.706
3.706
3.706
3.706
3.706
3.706
3.706
3.706
3.706
3.706
3.706
3.706
3.706
3.706
3.706
3.706
3.706
3.706
3.706
3.706
3.706
3.706
3.706
3.588
3.588
3.588
3.588
3.588
3.588
3.588
3.588
3.588
3.588
3.588
3.588
3.588
3.588
3.588
3.588
3.588
3.588
3.588
3.588
3.588
3.588
3.588
3.588
3.588
3.588
3.588
3.588
3.588
3.588
3.556
3.556
3.556
3.556
3.556
3.556
3.556
3.556
3.556
3.556
3.556
3.556
3.556
3.556
3.556
3.556
3.556
3.556
3.556
3.556
3.556
3.556
3.556
3.556
3.556
3.556
3.556
3.556
3.556
3.556
3.578
3.578
3.578
3.578
3.578
3.578
3.578
3.578
3.578
3.578
3.578
3.578
3.578
3.578
3.578
3.578
3.578
3.578
3.578
3.578
3.578
3.578
3.578
3.578
3.578
3.578
3.578
3.578
3.578
3.578
3.77
3.77
3.77
3.77
3.77
3.77
3.77
3.77
3.77
3.77
3.77
3.77
3.77
3.77
3.77
3.77
3.77
3.77
3.77
3.77
3.77
3.77
3.77
3.77
3.77
3.77
3.77
3.77
3.77
3.77
3.465
3.465
3.465
3.465
3.465
3.465
3.465
3.465
3.465
3.465
3.465
3.465
3.465
3.465
3.465
3.465
3.465
3.465
3.465
3.465
3.465
3.465
3.465
3.465
3.465
3.465
3.465
3.465
3.465
3.465
