3.441
3.441
3.441
3.441
3.441
3.441
3.441
3.441
3.441
3.441
3.441
3.441
3.441
3.441
3.441
3.441
3.441
3.441
3.441
3.441
3.441
3.441
3.441
3.441
3.441
3.441
3.441
3.441
3.441
3.441
3.259
3.259
3.259
3.259
3.259
3.259
3.259
3.259
3.259
3.259
3.259
3.259
3.259
3.259
3.259
3.259
3.259
3.259
3.259
3.259
3.259
3.259
3.259
3.259
3.259
3.259
3.259
3.259
3.259
3.259
3.298
3.298
3.298
3.298
3.298
3.298
3.298
3.298
3.298
3.298
3.298
3.298
3.298
3.298
3.298
3.298
3.298
3.298
3.298
3.298
3.298
3.298
3.298
3.298
3.298
3.298
3.298
3.298
3.298
3.298
3.25
3.25
3.25
3.25
3.25
3.25
3.25
3.25
3.25
3.25
3.25
3.25
3.25
3.25
3.25
3.25
3.25
3.25
3.25
3.25
3.25
3.25
3.25
3.25
3.25
3.25
3.25
3.25
3.25
3.25
3.215
3.215
3.215
3.215
3.215
3.215
3.215
3.215
3.215
3.215
3.215
3.215
3.215
3.215
3.215
3.215
3.215
3.215
3.215
3.215
3.215
3.215
3.215
3.215
3.215
3.215
3.215
3.215
3.215
3.215
3.238
3.238
3.238
3.238
3.238
3.238
3.238
3.238
3.238
3.238
3.238
3.238
3.238
3.238
3.238
3.238
3.238
3.238
3.238
3.238
3.238
3.238
3.238
3.238
3.238
3.238
3.238
3.238
3.238
3.238
3.267
3.267
3.267
3.267
3.267
3.267
3.267
3.267
3.267
3.267
3.267
3.267
3.267
3.267
3.267
3.267
3.267
3.267
3.267
3.267
3.267
3.267
3.267
3.267
3.267
3.267
3.267
3.267
3.267
3.267
3.261
3.261
3.261
3.261
3.261
3.261
3.261
3.261
3.261
3.261
3.261
3.261
3.261
3.261
3.261
3.261
3.261
3.261
3.261
3.261
3.261
3.261
3.261
3.261
3.261
3.261
3.261
3.261
3.261
3.261
3.251
3.251
3.251
3.251
3.251
3.251
3.251
3.251
3.251
3.251
3.251
3.251
3.251
3.251
3.251
3.251
3.251
3.251
3.251
3.251
3.251
3.251
3.251
3.251
3.251
3.251
3.251
3.251
3.251
3.251
3.22
3.22
3.22
3.22
3.22
3.22
3.22
3.22
3.22
3.22
3.22
3.22
3.22
3.22
3.22
3.22
3.22
3.22
3.22
3.22
3.22
3.22
3.22
3.22
3.22
3.22
3.22
3.22
3.22
3.22
3.334
3.334
3.334
3.334
3.334
3.334
3.334
3.334
3.334
3.334
3.334
3.334
3.334
3.334
3.334
3.334
3.334
3.334
3.334
3.334
3.334
3.334
3.334
3.334
3.334
3.334
3.334
3.334
3.334
3.334
3.51
3.51
3.51
3.51
3.51
3.51
3.51
3.51
3.51
3.51
3.51
3.51
3.51
3.51
3.51
3.51
3.51
3.51
3.51
3.51
3.51
3.51
3.51
3.51
3.51
3.51
3.51
3.51
3.51
3.51
4.436
4.436
4.436
4.436
4.436
4.436
4.436
4.436
4.436
4.436
4.436
4.436
4.436
4.436
4.436
4.436
4.436
4.436
4.436
4.436
4.436
4.436
4.436
4.436
4.436
4.436
4.436
4.436
4.436
4.436
3.84
3.84
3.84
3.84
3.84
3.84
3.84
3.84
3.84
3.84
3.84
3.84
3.84
3.84
3.84
3.84
3.84
3.84
3.84
3.84
3.84
3.84
3.84
3.84
3.84
3.84
3.84
3.84
3.84
3.84
4.512
4.512
4.512
4.512
4.512
4.512
4.512
4.512
4.512
4.512
4.512
4.512
4.512
4.512
4.512
4.512
4.512
4.512
4.512
4.512
4.512
4.512
4.512
4.512
4.512
4.512
4.512
4.512
4.512
4.512
5.463
5.463
5.463
5.463
5.463
5.463
5.463
5.463
5.463
5.463
5.463
5.463
5.463
5.463
5.463
5.463
5.463
5.463
5.463
5.463
5.463
5.463
5.463
5.463
5.463
5.463
5.463
5.463
5.463
5.463
5.766
5.766
5.766
5.766
5.766
5.766
5.766
5.766
5.766
5.766
5.766
5.766
5.766
5.766
5.766
5.766
5.766
5.766
5.766
5.766
5.766
5.766
5.766
5.766
5.766
5.766
5.766
5.766
5.766
5.766
5.821
5.821
5.821
5.821
5.821
5.821
5.821
5.821
5.821
5.821
5.821
5.821
5.821
5.821
5.821
5.821
5.821
5.821
5.821
5.821
5.821
5.821
5.821
5.821
5.821
5.821
5.821
5.821
5.821
5.821
5.711
5.711
5.711
5.711
5.711
5.711
5.711
5.711
5.711
5.711
5.711
5.711
5.711
5.711
5.711
5.711
5.711
5.711
5.711
5.711
5.711
5.711
5.711
5.711
5.711
5.711
5.711
5.711
5.711
5.711
5.648
5.648
5.648
5.648
5.648
5.648
5.648
5.648
5.648
5.648
5.648
5.648
5.648
5.648
5.648
5.648
5.648
5.648
5.648
5.648
5.648
5.648
5.648
5.648
5.648
5.648
5.648
5.648
5.648
5.648
5.581
5.581
5.581
5.581
5.581
5.581
5.581
5.581
5.581
5.581
5.581
5.581
5.581
5.581
5.581
5.581
5.581
5.581
5.581
5.581
5.581
5.581
5.581
5.581
5.581
5.581
5.581
5.581
5.581
5.581
5.545
5.545
5.545
5.545
5.545
5.545
5.545
5.545
5.545
5.545
5.545
5.545
5.545
5.545
5.545
5.545
5.545
5.545
5.545
5.545
5.545
5.545
5.545
5.545
5.545
5.545
5.545
5.545
5.545
5.545
4.476
4.476
4.476
4.476
4.476
4.476
4.476
4.476
4.476
4.476
4.476
4.476
4.476
4.476
4.476
4.476
4.476
4.476
4.476
4.476
4.476
4.476
4.476
4.476
4.476
4.476
4.476
4.476
4.476
4.476
4.32
4.32
4.32
4.32
4.32
4.32
4.32
4.32
4.32
4.32
4.32
4.32
4.32
4.32
4.32
4.32
4.32
4.32
4.32
4.32
4.32
4.32
4.32
4.32
4.32
4.32
4.32
4.32
4.32
4.32
4.23
4.23
4.23
4.23
4.23
4.23
4.23
4.23
4.23
4.23
4.23
4.23
4.23
4.23
4.23
4.23
4.23
4.23
4.23
4.23
4.23
4.23
4.23
4.23
4.23
4.23
4.23
4.23
4.23
4.23
4.241
4.241
4.241
4.241
4.241
4.241
4.241
4.241
4.241
4.241
4.241
4.241
4.241
4.241
4.241
4.241
4.241
4.241
4.241
4.241
4.241
4.241
4.241
4.241
4.241
4.241
4.241
4.241
4.241
4.241
3.902
3.902
3.902
3.902
3.902
3.902
3.902
3.902
3.902
3.902
3.902
3.902
3.902
3.902
3.902
3.902
3.902
3.902
3.902
3.902
3.902
3.902
3.902
3.902
3.902
3.902
3.902
3.902
3.902
3.902
3.842
3.842
3.842
3.842
3.842
3.842
3.842
3.842
3.842
3.842
3.842
3.842
3.842
3.842
3.842
3.842
3.842
3.842
3.842
3.842
3.842
3.842
3.842
3.842
3.842
3.842
3.842
3.842
3.842
3.842
3.879
3.879
3.879
3.879
3.879
3.879
3.879
3.879
3.879
3.879
3.879
3.879
3.879
3.879
3.879
3.879
3.879
3.879
3.879
3.879
3.879
3.879
3.879
3.879
3.879
3.879
3.879
3.879
3.879
3.879
3.819
3.819
3.819
3.819
3.819
3.819
3.819
3.819
3.819
3.819
3.819
3.819
3.819
3.819
3.819
3.819
3.819
3.819
3.819
3.819
3.819
3.819
3.819
3.819
3.819
3.819
3.819
3.819
3.819
3.819
3.627
3.627
3.627
3.627
3.627
3.627
3.627
3.627
3.627
3.627
3.627
3.627
3.627
3.627
3.627
3.627
3.627
3.627
3.627
3.627
3.627
3.627
3.627
3.627
3.627
3.627
3.627
3.627
3.627
3.627
3.587
3.587
3.587
3.587
3.587
3.587
3.587
3.587
3.587
3.587
3.587
3.587
3.587
3.587
3.587
3.587
3.587
3.587
3.587
3.587
3.587
3.587
3.587
3.587
3.587
3.587
3.587
3.587
3.587
3.587
3.513
3.513
3.513
3.513
3.513
3.513
3.513
3.513
3.513
3.513
3.513
3.513
3.513
3.513
3.513
3.513
3.513
3.513
3.513
3.513
3.513
3.513
3.513
3.513
3.513
3.513
3.513
3.513
3.513
3.513
3.59
3.59
3.59
3.59
3.59
3.59
3.59
3.59
3.59
3.59
3.59
3.59
3.59
3.59
3.59
3.59
3.59
3.59
3.59
3.59
3.59
3.59
3.59
3.59
3.59
3.59
3.59
3.59
3.59
3.59
3.961
3.961
3.961
3.961
3.961
3.961
3.961
3.961
3.961
3.961
3.961
3.961
3.961
3.961
3.961
3.961
3.961
3.961
3.961
3.961
3.961
3.961
3.961
3.961
3.961
3.961
3.961
3.961
3.961
3.961
4.183
4.183
4.183
4.183
4.183
4.183
4.183
4.183
4.183
4.183
4.183
4.183
4.183
4.183
4.183
4.183
4.183
4.183
4.183
4.183
4.183
4.183
4.183
4.183
4.183
4.183
4.183
4.183
4.183
4.183
4.817
4.817
4.817
4.817
4.817
4.817
4.817
4.817
4.817
4.817
4.817
4.817
4.817
4.817
4.817
4.817
4.817
4.817
4.817
4.817
4.817
4.817
4.817
4.817
4.817
4.817
4.817
4.817
4.817
4.817
5.188
5.188
5.188
5.188
5.188
5.188
5.188
5.188
5.188
5.188
5.188
5.188
5.188
5.188
5.188
5.188
5.188
5.188
5.188
5.188
5.188
5.188
5.188
5.188
5.188
5.188
5.188
5.188
5.188
5.188
5.777
5.777
5.777
5.777
5.777
5.777
5.777
5.777
5.777
5.777
5.777
5.777
5.777
5.777
5.777
5.777
5.777
5.777
5.777
5.777
5.777
5.777
5.777
5.777
5.777
5.777
5.777
5.777
5.777
5.777
5.287
5.287
5.287
5.287
5.287
5.287
5.287
5.287
5.287
5.287
5.287
5.287
5.287
5.287
5.287
5.287
5.287
5.287
5.287
5.287
5.287
5.287
5.287
5.287
5.287
5.287
5.287
5.287
5.287
5.287
4.972
4.972
4.972
4.972
4.972
4.972
4.972
4.972
4.972
4.972
4.972
4.972
4.972
4.972
4.972
4.972
4.972
4.972
4.972
4.972
4.972
4.972
4.972
4.972
4.972
4.972
4.972
4.972
4.972
4.972
5.249
5.249
5.249
5.249
5.249
5.249
5.249
5.249
5.249
5.249
5.249
5.249
5.249
5.249
5.249
5.249
5.249
5.249
5.249
5.249
5.249
5.249
5.249
5.249
5.249
5.249
5.249
5.249
5.249
5.249
4.857
4.857
4.857
4.857
4.857
4.857
4.857
4.857
4.857
4.857
4.857
4.857
4.857
4.857
4.857
4.857
4.857
4.857
4.857
4.857
4.857
4.857
4.857
4.857
4.857
4.857
4.857
4.857
4.857
4.857
3.955
3.955
3.955
3.955
3.955
3.955
3.955
3.955
3.955
3.955
3.955
3.955
3.955
3.955
3.955
3.955
3.955
3.955
3.955
3.955
3.955
3.955
3.955
3.955
3.955
3.955
3.955
3.955
3.955
3.955
4.085
4.085
4.085
4.085
4.085
4.085
4.085
4.085
4.085
4.085
4.085
4.085
4.085
4.085
4.085
4.085
4.085
4.085
4.085
4.085
4.085
4.085
4.085
4.085
4.085
4.085
4.085
4.085
4.085
4.085
3.602
3.602
3.602
3.602
3.602
3.602
3.602
3.602
3.602
3.602
3.602
3.602
3.602
3.602
3.602
3.602
3.602
3.602
3.602
3.602
3.602
3.602
3.602
3.602
3.602
3.602
3.602
3.602
3.602
3.602
3.758
3.758
3.758
3.758
3.758
3.758
3.758
3.758
3.758
3.758
3.758
3.758
3.758
3.758
3.758
3.758
3.758
3.758
3.758
3.758
3.758
3.758
3.758
3.758
3.758
3.758
3.758
3.758
3.758
3.758
3.991
3.991
3.991
3.991
3.991
3.991
3.991
3.991
3.991
3.991
3.991
3.991
3.991
3.991
3.991
3.991
3.991
3.991
3.991
3.991
3.991
3.991
3.991
3.991
3.991
3.991
3.991
3.991
3.991
3.991
