3.602
3.602
3.602
3.602
3.602
3.602
3.602
3.602
3.602
3.602
3.602
3.602
3.602
3.602
3.602
3.602
3.602
3.602
3.602
3.602
3.602
3.602
3.602
3.602
3.602
3.602
3.602
3.602
3.602
3.602
3.564
3.564
3.564
3.564
3.564
3.564
3.564
3.564
3.564
3.564
3.564
3.564
3.564
3.564
3.564
3.564
3.564
3.564
3.564
3.564
3.564
3.564
3.564
3.564
3.564
3.564
3.564
3.564
3.564
3.564
3.674
3.674
3.674
3.674
3.674
3.674
3.674
3.674
3.674
3.674
3.674
3.674
3.674
3.674
3.674
3.674
3.674
3.674
3.674
3.674
3.674
3.674
3.674
3.674
3.674
3.674
3.674
3.674
3.674
3.674
3.582
3.582
3.582
3.582
3.582
3.582
3.582
3.582
3.582
3.582
3.582
3.582
3.582
3.582
3.582
3.582
3.582
3.582
3.582
3.582
3.582
3.582
3.582
3.582
3.582
3.582
3.582
3.582
3.582
3.582
3.356
3.356
3.356
3.356
3.356
3.356
3.356
3.356
3.356
3.356
3.356
3.356
3.356
3.356
3.356
3.356
3.356
3.356
3.356
3.356
3.356
3.356
3.356
3.356
3.356
3.356
3.356
3.356
3.356
3.356
3.476
3.476
3.476
3.476
3.476
3.476
3.476
3.476
3.476
3.476
3.476
3.476
3.476
3.476
3.476
3.476
3.476
3.476
3.476
3.476
3.476
3.476
3.476
3.476
3.476
3.476
3.476
3.476
3.476
3.476
3.506
3.506
3.506
3.506
3.506
3.506
3.506
3.506
3.506
3.506
3.506
3.506
3.506
3.506
3.506
3.506
3.506
3.506
3.506
3.506
3.506
3.506
3.506
3.506
3.506
3.506
3.506
3.506
3.506
3.506
3.3
3.3
3.3
3.3
3.3
3.3
3.3
3.3
3.3
3.3
3.3
3.3
3.3
3.3
3.3
3.3
3.3
3.3
3.3
3.3
3.3
3.3
3.3
3.3
3.3
3.3
3.3
3.3
3.3
3.3
3.287
3.287
3.287
3.287
3.287
3.287
3.287
3.287
3.287
3.287
3.287
3.287
3.287
3.287
3.287
3.287
3.287
3.287
3.287
3.287
3.287
3.287
3.287
3.287
3.287
3.287
3.287
3.287
3.287
3.287
3.361
3.361
3.361
3.361
3.361
3.361
3.361
3.361
3.361
3.361
3.361
3.361
3.361
3.361
3.361
3.361
3.361
3.361
3.361
3.361
3.361
3.361
3.361
3.361
3.361
3.361
3.361
3.361
3.361
3.361
4.087
4.087
4.087
4.087
4.087
4.087
4.087
4.087
4.087
4.087
4.087
4.087
4.087
4.087
4.087
4.087
4.087
4.087
4.087
4.087
4.087
4.087
4.087
4.087
4.087
4.087
4.087
4.087
4.087
4.087
4.259
4.259
4.259
4.259
4.259
4.259
4.259
4.259
4.259
4.259
4.259
4.259
4.259
4.259
4.259
4.259
4.259
4.259
4.259
4.259
4.259
4.259
4.259
4.259
4.259
4.259
4.259
4.259
4.259
4.259
4.71
4.71
4.71
4.71
4.71
4.71
4.71
4.71
4.71
4.71
4.71
4.71
4.71
4.71
4.71
4.71
4.71
4.71
4.71
4.71
4.71
4.71
4.71
4.71
4.71
4.71
4.71
4.71
4.71
4.71
4.856
4.856
4.856
4.856
4.856
4.856
4.856
4.856
4.856
4.856
4.856
4.856
4.856
4.856
4.856
4.856
4.856
4.856
4.856
4.856
4.856
4.856
4.856
4.856
4.856
4.856
4.856
4.856
4.856
4.856
5.412
5.412
5.412
5.412
5.412
5.412
5.412
5.412
5.412
5.412
5.412
5.412
5.412
5.412
5.412
5.412
5.412
5.412
5.412
5.412
5.412
5.412
5.412
5.412
5.412
5.412
5.412
5.412
5.412
5.412
5.586
5.586
5.586
5.586
5.586
5.586
5.586
5.586
5.586
5.586
5.586
5.586
5.586
5.586
5.586
5.586
5.586
5.586
5.586
5.586
5.586
5.586
5.586
5.586
5.586
5.586
5.586
5.586
5.586
5.586
5.641
5.641
5.641
5.641
5.641
5.641
5.641
5.641
5.641
5.641
5.641
5.641
5.641
5.641
5.641
5.641
5.641
5.641
5.641
5.641
5.641
5.641
5.641
5.641
5.641
5.641
5.641
5.641
5.641
5.641
6.304
6.304
6.304
6.304
6.304
6.304
6.304
6.304
6.304
6.304
6.304
6.304
6.304
6.304
6.304
6.304
6.304
6.304
6.304
6.304
6.304
6.304
6.304
6.304
6.304
6.304
6.304
6.304
6.304
6.304
6.057
6.057
6.057
6.057
6.057
6.057
6.057
6.057
6.057
6.057
6.057
6.057
6.057
6.057
6.057
6.057
6.057
6.057
6.057
6.057
6.057
6.057
6.057
6.057
6.057
6.057
6.057
6.057
6.057
6.057
6.141
6.141
6.141
6.141
6.141
6.141
6.141
6.141
6.141
6.141
6.141
6.141
6.141
6.141
6.141
6.141
6.141
6.141
6.141
6.141
6.141
6.141
6.141
6.141
6.141
6.141
6.141
6.141
6.141
6.141
6.103
6.103
6.103
6.103
6.103
6.103
6.103
6.103
6.103
6.103
6.103
6.103
6.103
6.103
6.103
6.103
6.103
6.103
6.103
6.103
6.103
6.103
6.103
6.103
6.103
6.103
6.103
6.103
6.103
6.103
5.853
5.853
5.853
5.853
5.853
5.853
5.853
5.853
5.853
5.853
5.853
5.853
5.853
5.853
5.853
5.853
5.853
5.853
5.853
5.853
5.853
5.853
5.853
5.853
5.853
5.853
5.853
5.853
5.853
5.853
4.931
4.931
4.931
4.931
4.931
4.931
4.931
4.931
4.931
4.931
4.931
4.931
4.931
4.931
4.931
4.931
4.931
4.931
4.931
4.931
4.931
4.931
4.931
4.931
4.931
4.931
4.931
4.931
4.931
4.931
4.902
4.902
4.902
4.902
4.902
4.902
4.902
4.902
4.902
4.902
4.902
4.902
4.902
4.902
4.902
4.902
4.902
4.902
4.902
4.902
4.902
4.902
4.902
4.902
4.902
4.902
4.902
4.902
4.902
4.902
4.906
4.906
4.906
4.906
4.906
4.906
4.906
4.906
4.906
4.906
4.906
4.906
4.906
4.906
4.906
4.906
4.906
4.906
4.906
4.906
4.906
4.906
4.906
4.906
4.906
4.906
4.906
4.906
4.906
4.906
4.857
4.857
4.857
4.857
4.857
4.857
4.857
4.857
4.857
4.857
4.857
4.857
4.857
4.857
4.857
4.857
4.857
4.857
4.857
4.857
4.857
4.857
4.857
4.857
4.857
4.857
4.857
4.857
4.857
4.857
4.449
4.449
4.449
4.449
4.449
4.449
4.449
4.449
4.449
4.449
4.449
4.449
4.449
4.449
4.449
4.449
4.449
4.449
4.449
4.449
4.449
4.449
4.449
4.449
4.449
4.449
4.449
4.449
4.449
4.449
4.467
4.467
4.467
4.467
4.467
4.467
4.467
4.467
4.467
4.467
4.467
4.467
4.467
4.467
4.467
4.467
4.467
4.467
4.467
4.467
4.467
4.467
4.467
4.467
4.467
4.467
4.467
4.467
4.467
4.467
4.371
4.371
4.371
4.371
4.371
4.371
4.371
4.371
4.371
4.371
4.371
4.371
4.371
4.371
4.371
4.371
4.371
4.371
4.371
4.371
4.371
4.371
4.371
4.371
4.371
4.371
4.371
4.371
4.371
4.371
4.261
4.261
4.261
4.261
4.261
4.261
4.261
4.261
4.261
4.261
4.261
4.261
4.261
4.261
4.261
4.261
4.261
4.261
4.261
4.261
4.261
4.261
4.261
4.261
4.261
4.261
4.261
4.261
4.261
4.261
4.49
4.49
4.49
4.49
4.49
4.49
4.49
4.49
4.49
4.49
4.49
4.49
4.49
4.49
4.49
4.49
4.49
4.49
4.49
4.49
4.49
4.49
4.49
4.49
4.49
4.49
4.49
4.49
4.49
4.49
4.504
4.504
4.504
4.504
4.504
4.504
4.504
4.504
4.504
4.504
4.504
4.504
4.504
4.504
4.504
4.504
4.504
4.504
4.504
4.504
4.504
4.504
4.504
4.504
4.504
4.504
4.504
4.504
4.504
4.504
4.648
4.648
4.648
4.648
4.648
4.648
4.648
4.648
4.648
4.648
4.648
4.648
4.648
4.648
4.648
4.648
4.648
4.648
4.648
4.648
4.648
4.648
4.648
4.648
4.648
4.648
4.648
4.648
4.648
4.648
4.624
4.624
4.624
4.624
4.624
4.624
4.624
4.624
4.624
4.624
4.624
4.624
4.624
4.624
4.624
4.624
4.624
4.624
4.624
4.624
4.624
4.624
4.624
4.624
4.624
4.624
4.624
4.624
4.624
4.624
5.702
5.702
5.702
5.702
5.702
5.702
5.702
5.702
5.702
5.702
5.702
5.702
5.702
5.702
5.702
5.702
5.702
5.702
5.702
5.702
5.702
5.702
5.702
5.702
5.702
5.702
5.702
5.702
5.702
5.702
6.116
6.116
6.116
6.116
6.116
6.116
6.116
6.116
6.116
6.116
6.116
6.116
6.116
6.116
6.116
6.116
6.116
6.116
6.116
6.116
6.116
6.116
6.116
6.116
6.116
6.116
6.116
6.116
6.116
6.116
5.678
5.678
5.678
5.678
5.678
5.678
5.678
5.678
5.678
5.678
5.678
5.678
5.678
5.678
5.678
5.678
5.678
5.678
5.678
5.678
5.678
5.678
5.678
5.678
5.678
5.678
5.678
5.678
5.678
5.678
5.438
5.438
5.438
5.438
5.438
5.438
5.438
5.438
5.438
5.438
5.438
5.438
5.438
5.438
5.438
5.438
5.438
5.438
5.438
5.438
5.438
5.438
5.438
5.438
5.438
5.438
5.438
5.438
5.438
5.438
5.038
5.038
5.038
5.038
5.038
5.038
5.038
5.038
5.038
5.038
5.038
5.038
5.038
5.038
5.038
5.038
5.038
5.038
5.038
5.038
5.038
5.038
5.038
5.038
5.038
5.038
5.038
5.038
5.038
5.038
5.103
5.103
5.103
5.103
5.103
5.103
5.103
5.103
5.103
5.103
5.103
5.103
5.103
5.103
5.103
5.103
5.103
5.103
5.103
5.103
5.103
5.103
5.103
5.103
5.103
5.103
5.103
5.103
5.103
5.103
4.969
4.969
4.969
4.969
4.969
4.969
4.969
4.969
4.969
4.969
4.969
4.969
4.969
4.969
4.969
4.969
4.969
4.969
4.969
4.969
4.969
4.969
4.969
4.969
4.969
4.969
4.969
4.969
4.969
4.969
5.019
5.019
5.019
5.019
5.019
5.019
5.019
5.019
5.019
5.019
5.019
5.019
5.019
5.019
5.019
5.019
5.019
5.019
5.019
5.019
5.019
5.019
5.019
5.019
5.019
5.019
5.019
5.019
5.019
5.019
4.553
4.553
4.553
4.553
4.553
4.553
4.553
4.553
4.553
4.553
4.553
4.553
4.553
4.553
4.553
4.553
4.553
4.553
4.553
4.553
4.553
4.553
4.553
4.553
4.553
4.553
4.553
4.553
4.553
4.553
4.415
4.415
4.415
4.415
4.415
4.415
4.415
4.415
4.415
4.415
4.415
4.415
4.415
4.415
4.415
4.415
4.415
4.415
4.415
4.415
4.415
4.415
4.415
4.415
4.415
4.415
4.415
4.415
4.415
4.415
4.144
4.144
4.144
4.144
4.144
4.144
4.144
4.144
4.144
4.144
4.144
4.144
4.144
4.144
4.144
4.144
4.144
4.144
4.144
4.144
4.144
4.144
4.144
4.144
4.144
4.144
4.144
4.144
4.144
4.144
4.056
4.056
4.056
4.056
4.056
4.056
4.056
4.056
4.056
4.056
4.056
4.056
4.056
4.056
4.056
4.056
4.056
4.056
4.056
4.056
4.056
4.056
4.056
4.056
4.056
4.056
4.056
4.056
4.056
4.056
3.668
3.668
3.668
3.668
3.668
3.668
3.668
3.668
3.668
3.668
3.668
3.668
3.668
3.668
3.668
3.668
3.668
3.668
3.668
3.668
3.668
3.668
3.668
3.668
3.668
3.668
3.668
3.668
3.668
3.668
3.516
3.516
3.516
3.516
3.516
3.516
3.516
3.516
3.516
3.516
3.516
3.516
3.516
3.516
3.516
3.516
3.516
3.516
3.516
3.516
3.516
3.516
3.516
3.516
3.516
3.516
3.516
3.516
3.516
3.516
