3.432
3.432
3.432
3.432
3.432
3.432
3.432
3.432
3.432
3.432
3.432
3.432
3.432
3.432
3.432
3.432
3.432
3.432
3.432
3.432
3.432
3.432
3.432
3.432
3.432
3.432
3.432
3.432
3.432
3.432
2.997
2.997
2.997
2.997
2.997
2.997
2.997
2.997
2.997
2.997
2.997
2.997
2.997
2.997
2.997
2.997
2.997
2.997
2.997
2.997
2.997
2.997
2.997
2.997
2.997
2.997
2.997
2.997
2.997
2.997
3.115
3.115
3.115
3.115
3.115
3.115
3.115
3.115
3.115
3.115
3.115
3.115
3.115
3.115
3.115
3.115
3.115
3.115
3.115
3.115
3.115
3.115
3.115
3.115
3.115
3.115
3.115
3.115
3.115
3.115
3.149
3.149
3.149
3.149
3.149
3.149
3.149
3.149
3.149
3.149
3.149
3.149
3.149
3.149
3.149
3.149
3.149
3.149
3.149
3.149
3.149
3.149
3.149
3.149
3.149
3.149
3.149
3.149
3.149
3.149
3.15
3.15
3.15
3.15
3.15
3.15
3.15
3.15
3.15
3.15
3.15
3.15
3.15
3.15
3.15
3.15
3.15
3.15
3.15
3.15
3.15
3.15
3.15
3.15
3.15
3.15
3.15
3.15
3.15
3.15
3.081
3.081
3.081
3.081
3.081
3.081
3.081
3.081
3.081
3.081
3.081
3.081
3.081
3.081
3.081
3.081
3.081
3.081
3.081
3.081
3.081
3.081
3.081
3.081
3.081
3.081
3.081
3.081
3.081
3.081
3.022
3.022
3.022
3.022
3.022
3.022
3.022
3.022
3.022
3.022
3.022
3.022
3.022
3.022
3.022
3.022
3.022
3.022
3.022
3.022
3.022
3.022
3.022
3.022
3.022
3.022
3.022
3.022
3.022
3.022
3.019
3.019
3.019
3.019
3.019
3.019
3.019
3.019
3.019
3.019
3.019
3.019
3.019
3.019
3.019
3.019
3.019
3.019
3.019
3.019
3.019
3.019
3.019
3.019
3.019
3.019
3.019
3.019
3.019
3.019
3.041
3.041
3.041
3.041
3.041
3.041
3.041
3.041
3.041
3.041
3.041
3.041
3.041
3.041
3.041
3.041
3.041
3.041
3.041
3.041
3.041
3.041
3.041
3.041
3.041
3.041
3.041
3.041
3.041
3.041
3.032
3.032
3.032
3.032
3.032
3.032
3.032
3.032
3.032
3.032
3.032
3.032
3.032
3.032
3.032
3.032
3.032
3.032
3.032
3.032
3.032
3.032
3.032
3.032
3.032
3.032
3.032
3.032
3.032
3.032
3.138
3.138
3.138
3.138
3.138
3.138
3.138
3.138
3.138
3.138
3.138
3.138
3.138
3.138
3.138
3.138
3.138
3.138
3.138
3.138
3.138
3.138
3.138
3.138
3.138
3.138
3.138
3.138
3.138
3.138
3.423
3.423
3.423
3.423
3.423
3.423
3.423
3.423
3.423
3.423
3.423
3.423
3.423
3.423
3.423
3.423
3.423
3.423
3.423
3.423
3.423
3.423
3.423
3.423
3.423
3.423
3.423
3.423
3.423
3.423
3.806
3.806
3.806
3.806
3.806
3.806
3.806
3.806
3.806
3.806
3.806
3.806
3.806
3.806
3.806
3.806
3.806
3.806
3.806
3.806
3.806
3.806
3.806
3.806
3.806
3.806
3.806
3.806
3.806
3.806
3.833
3.833
3.833
3.833
3.833
3.833
3.833
3.833
3.833
3.833
3.833
3.833
3.833
3.833
3.833
3.833
3.833
3.833
3.833
3.833
3.833
3.833
3.833
3.833
3.833
3.833
3.833
3.833
3.833
3.833
4.376
4.376
4.376
4.376
4.376
4.376
4.376
4.376
4.376
4.376
4.376
4.376
4.376
4.376
4.376
4.376
4.376
4.376
4.376
4.376
4.376
4.376
4.376
4.376
4.376
4.376
4.376
4.376
4.376
4.376
4.804
4.804
4.804
4.804
4.804
4.804
4.804
4.804
4.804
4.804
4.804
4.804
4.804
4.804
4.804
4.804
4.804
4.804
4.804
4.804
4.804
4.804
4.804
4.804
4.804
4.804
4.804
4.804
4.804
4.804
5.272
5.272
5.272
5.272
5.272
5.272
5.272
5.272
5.272
5.272
5.272
5.272
5.272
5.272
5.272
5.272
5.272
5.272
5.272
5.272
5.272
5.272
5.272
5.272
5.272
5.272
5.272
5.272
5.272
5.272
5.388
5.388
5.388
5.388
5.388
5.388
5.388
5.388
5.388
5.388
5.388
5.388
5.388
5.388
5.388
5.388
5.388
5.388
5.388
5.388
5.388
5.388
5.388
5.388
5.388
5.388
5.388
5.388
5.388
5.388
5.21
5.21
5.21
5.21
5.21
5.21
5.21
5.21
5.21
5.21
5.21
5.21
5.21
5.21
5.21
5.21
5.21
5.21
5.21
5.21
5.21
5.21
5.21
5.21
5.21
5.21
5.21
5.21
5.21
5.21
4.539
4.539
4.539
4.539
4.539
4.539
4.539
4.539
4.539
4.539
4.539
4.539
4.539
4.539
4.539
4.539
4.539
4.539
4.539
4.539
4.539
4.539
4.539
4.539
4.539
4.539
4.539
4.539
4.539
4.539
4.137
4.137
4.137
4.137
4.137
4.137
4.137
4.137
4.137
4.137
4.137
4.137
4.137
4.137
4.137
4.137
4.137
4.137
4.137
4.137
4.137
4.137
4.137
4.137
4.137
4.137
4.137
4.137
4.137
4.137
3.86
3.86
3.86
3.86
3.86
3.86
3.86
3.86
3.86
3.86
3.86
3.86
3.86
3.86
3.86
3.86
3.86
3.86
3.86
3.86
3.86
3.86
3.86
3.86
3.86
3.86
3.86
3.86
3.86
3.86
3.577
3.577
3.577
3.577
3.577
3.577
3.577
3.577
3.577
3.577
3.577
3.577
3.577
3.577
3.577
3.577
3.577
3.577
3.577
3.577
3.577
3.577
3.577
3.577
3.577
3.577
3.577
3.577
3.577
3.577
3.518
3.518
3.518
3.518
3.518
3.518
3.518
3.518
3.518
3.518
3.518
3.518
3.518
3.518
3.518
3.518
3.518
3.518
3.518
3.518
3.518
3.518
3.518
3.518
3.518
3.518
3.518
3.518
3.518
3.518
3.553
3.553
3.553
3.553
3.553
3.553
3.553
3.553
3.553
3.553
3.553
3.553
3.553
3.553
3.553
3.553
3.553
3.553
3.553
3.553
3.553
3.553
3.553
3.553
3.553
3.553
3.553
3.553
3.553
3.553
3.523
3.523
3.523
3.523
3.523
3.523
3.523
3.523
3.523
3.523
3.523
3.523
3.523
3.523
3.523
3.523
3.523
3.523
3.523
3.523
3.523
3.523
3.523
3.523
3.523
3.523
3.523
3.523
3.523
3.523
3.53
3.53
3.53
3.53
3.53
3.53
3.53
3.53
3.53
3.53
3.53
3.53
3.53
3.53
3.53
3.53
3.53
3.53
3.53
3.53
3.53
3.53
3.53
3.53
3.53
3.53
3.53
3.53
3.53
3.53
3.496
3.496
3.496
3.496
3.496
3.496
3.496
3.496
3.496
3.496
3.496
3.496
3.496
3.496
3.496
3.496
3.496
3.496
3.496
3.496
3.496
3.496
3.496
3.496
3.496
3.496
3.496
3.496
3.496
3.496
3.457
3.457
3.457
3.457
3.457
3.457
3.457
3.457
3.457
3.457
3.457
3.457
3.457
3.457
3.457
3.457
3.457
3.457
3.457
3.457
3.457
3.457
3.457
3.457
3.457
3.457
3.457
3.457
3.457
3.457
3.485
3.485
3.485
3.485
3.485
3.485
3.485
3.485
3.485
3.485
3.485
3.485
3.485
3.485
3.485
3.485
3.485
3.485
3.485
3.485
3.485
3.485
3.485
3.485
3.485
3.485
3.485
3.485
3.485
3.485
3.666
3.666
3.666
3.666
3.666
3.666
3.666
3.666
3.666
3.666
3.666
3.666
3.666
3.666
3.666
3.666
3.666
3.666
3.666
3.666
3.666
3.666
3.666
3.666
3.666
3.666
3.666
3.666
3.666
3.666
3.712
3.712
3.712
3.712
3.712
3.712
3.712
3.712
3.712
3.712
3.712
3.712
3.712
3.712
3.712
3.712
3.712
3.712
3.712
3.712
3.712
3.712
3.712
3.712
3.712
3.712
3.712
3.712
3.712
3.712
3.801
3.801
3.801
3.801
3.801
3.801
3.801
3.801
3.801
3.801
3.801
3.801
3.801
3.801
3.801
3.801
3.801
3.801
3.801
3.801
3.801
3.801
3.801
3.801
3.801
3.801
3.801
3.801
3.801
3.801
3.934
3.934
3.934
3.934
3.934
3.934
3.934
3.934
3.934
3.934
3.934
3.934
3.934
3.934
3.934
3.934
3.934
3.934
3.934
3.934
3.934
3.934
3.934
3.934
3.934
3.934
3.934
3.934
3.934
3.934
4.587
4.587
4.587
4.587
4.587
4.587
4.587
4.587
4.587
4.587
4.587
4.587
4.587
4.587
4.587
4.587
4.587
4.587
4.587
4.587
4.587
4.587
4.587
4.587
4.587
4.587
4.587
4.587
4.587
4.587
4.844
4.844
4.844
4.844
4.844
4.844
4.844
4.844
4.844
4.844
4.844
4.844
4.844
4.844
4.844
4.844
4.844
4.844
4.844
4.844
4.844
4.844
4.844
4.844
4.844
4.844
4.844
4.844
4.844
4.844
4.752
4.752
4.752
4.752
4.752
4.752
4.752
4.752
4.752
4.752
4.752
4.752
4.752
4.752
4.752
4.752
4.752
4.752
4.752
4.752
4.752
4.752
4.752
4.752
4.752
4.752
4.752
4.752
4.752
4.752
4.618
4.618
4.618
4.618
4.618
4.618
4.618
4.618
4.618
4.618
4.618
4.618
4.618
4.618
4.618
4.618
4.618
4.618
4.618
4.618
4.618
4.618
4.618
4.618
4.618
4.618
4.618
4.618
4.618
4.618
5.212
5.212
5.212
5.212
5.212
5.212
5.212
5.212
5.212
5.212
5.212
5.212
5.212
5.212
5.212
5.212
5.212
5.212
5.212
5.212
5.212
5.212
5.212
5.212
5.212
5.212
5.212
5.212
5.212
5.212
5.564
5.564
5.564
5.564
5.564
5.564
5.564
5.564
5.564
5.564
5.564
5.564
5.564
5.564
5.564
5.564
5.564
5.564
5.564
5.564
5.564
5.564
5.564
5.564
5.564
5.564
5.564
5.564
5.564
5.564
5.939
5.939
5.939
5.939
5.939
5.939
5.939
5.939
5.939
5.939
5.939
5.939
5.939
5.939
5.939
5.939
5.939
5.939
5.939
5.939
5.939
5.939
5.939
5.939
5.939
5.939
5.939
5.939
5.939
5.939
5.606
5.606
5.606
5.606
5.606
5.606
5.606
5.606
5.606
5.606
5.606
5.606
5.606
5.606
5.606
5.606
5.606
5.606
5.606
5.606
5.606
5.606
5.606
5.606
5.606
5.606
5.606
5.606
5.606
5.606
4.474
4.474
4.474
4.474
4.474
4.474
4.474
4.474
4.474
4.474
4.474
4.474
4.474
4.474
4.474
4.474
4.474
4.474
4.474
4.474
4.474
4.474
4.474
4.474
4.474
4.474
4.474
4.474
4.474
4.474
4.378
4.378
4.378
4.378
4.378
4.378
4.378
4.378
4.378
4.378
4.378
4.378
4.378
4.378
4.378
4.378
4.378
4.378
4.378
4.378
4.378
4.378
4.378
4.378
4.378
4.378
4.378
4.378
4.378
4.378
4.036
4.036
4.036
4.036
4.036
4.036
4.036
4.036
4.036
4.036
4.036
4.036
4.036
4.036
4.036
4.036
4.036
4.036
4.036
4.036
4.036
4.036
4.036
4.036
4.036
4.036
4.036
4.036
4.036
4.036
3.935
3.935
3.935
3.935
3.935
3.935
3.935
3.935
3.935
3.935
3.935
3.935
3.935
3.935
3.935
3.935
3.935
3.935
3.935
3.935
3.935
3.935
3.935
3.935
3.935
3.935
3.935
3.935
3.935
3.935
3.488
3.488
3.488
3.488
3.488
3.488
3.488
3.488
3.488
3.488
3.488
3.488
3.488
3.488
3.488
3.488
3.488
3.488
3.488
3.488
3.488
3.488
3.488
3.488
3.488
3.488
3.488
3.488
3.488
3.488
3.589
3.589
3.589
3.589
3.589
3.589
3.589
3.589
3.589
3.589
3.589
3.589
3.589
3.589
3.589
3.589
3.589
3.589
3.589
3.589
3.589
3.589
3.589
3.589
3.589
3.589
3.589
3.589
3.589
3.589
