3.152
3.152
3.152
3.152
3.152
3.152
3.152
3.152
3.152
3.152
3.152
3.152
3.152
3.152
3.152
3.152
3.152
3.152
3.152
3.152
3.152
3.152
3.152
3.152
3.152
3.152
3.152
3.152
3.152
3.152
3.059
3.059
3.059
3.059
3.059
3.059
3.059
3.059
3.059
3.059
3.059
3.059
3.059
3.059
3.059
3.059
3.059
3.059
3.059
3.059
3.059
3.059
3.059
3.059
3.059
3.059
3.059
3.059
3.059
3.059
3.048
3.048
3.048
3.048
3.048
3.048
3.048
3.048
3.048
3.048
3.048
3.048
3.048
3.048
3.048
3.048
3.048
3.048
3.048
3.048
3.048
3.048
3.048
3.048
3.048
3.048
3.048
3.048
3.048
3.048
2.559
2.559
2.559
2.559
2.559
2.559
2.559
2.559
2.559
2.559
2.559
2.559
2.559
2.559
2.559
2.559
2.559
2.559
2.559
2.559
2.559
2.559
2.559
2.559
2.559
2.559
2.559
2.559
2.559
2.559
2.52
2.52
2.52
2.52
2.52
2.52
2.52
2.52
2.52
2.52
2.52
2.52
2.52
2.52
2.52
2.52
2.52
2.52
2.52
2.52
2.52
2.52
2.52
2.52
2.52
2.52
2.52
2.52
2.52
2.52
2.523
2.523
2.523
2.523
2.523
2.523
2.523
2.523
2.523
2.523
2.523
2.523
2.523
2.523
2.523
2.523
2.523
2.523
2.523
2.523
2.523
2.523
2.523
2.523
2.523
2.523
2.523
2.523
2.523
2.523
2.957
2.957
2.957
2.957
2.957
2.957
2.957
2.957
2.957
2.957
2.957
2.957
2.957
2.957
2.957
2.957
2.957
2.957
2.957
2.957
2.957
2.957
2.957
2.957
2.957
2.957
2.957
2.957
2.957
2.957
2.749
2.749
2.749
2.749
2.749
2.749
2.749
2.749
2.749
2.749
2.749
2.749
2.749
2.749
2.749
2.749
2.749
2.749
2.749
2.749
2.749
2.749
2.749
2.749
2.749
2.749
2.749
2.749
2.749
2.749
2.522
2.522
2.522
2.522
2.522
2.522
2.522
2.522
2.522
2.522
2.522
2.522
2.522
2.522
2.522
2.522
2.522
2.522
2.522
2.522
2.522
2.522
2.522
2.522
2.522
2.522
2.522
2.522
2.522
2.522
2.337
2.337
2.337
2.337
2.337
2.337
2.337
2.337
2.337
2.337
2.337
2.337
2.337
2.337
2.337
2.337
2.337
2.337
2.337
2.337
2.337
2.337
2.337
2.337
2.337
2.337
2.337
2.337
2.337
2.337
2.541
2.541
2.541
2.541
2.541
2.541
2.541
2.541
2.541
2.541
2.541
2.541
2.541
2.541
2.541
2.541
2.541
2.541
2.541
2.541
2.541
2.541
2.541
2.541
2.541
2.541
2.541
2.541
2.541
2.541
2.679
2.679
2.679
2.679
2.679
2.679
2.679
2.679
2.679
2.679
2.679
2.679
2.679
2.679
2.679
2.679
2.679
2.679
2.679
2.679
2.679
2.679
2.679
2.679
2.679
2.679
2.679
2.679
2.679
2.679
2.99
2.99
2.99
2.99
2.99
2.99
2.99
2.99
2.99
2.99
2.99
2.99
2.99
2.99
2.99
2.99
2.99
2.99
2.99
2.99
2.99
2.99
2.99
2.99
2.99
2.99
2.99
2.99
2.99
2.99
2.533
2.533
2.533
2.533
2.533
2.533
2.533
2.533
2.533
2.533
2.533
2.533
2.533
2.533
2.533
2.533
2.533
2.533
2.533
2.533
2.533
2.533
2.533
2.533
2.533
2.533
2.533
2.533
2.533
2.533
3.643
3.643
3.643
3.643
3.643
3.643
3.643
3.643
3.643
3.643
3.643
3.643
3.643
3.643
3.643
3.643
3.643
3.643
3.643
3.643
3.643
3.643
3.643
3.643
3.643
3.643
3.643
3.643
3.643
3.643
3.345
3.345
3.345
3.345
3.345
3.345
3.345
3.345
3.345
3.345
3.345
3.345
3.345
3.345
3.345
3.345
3.345
3.345
3.345
3.345
3.345
3.345
3.345
3.345
3.345
3.345
3.345
3.345
3.345
3.345
3.045
3.045
3.045
3.045
3.045
3.045
3.045
3.045
3.045
3.045
3.045
3.045
3.045
3.045
3.045
3.045
3.045
3.045
3.045
3.045
3.045
3.045
3.045
3.045
3.045
3.045
3.045
3.045
3.045
3.045
2.76
2.76
2.76
2.76
2.76
2.76
2.76
2.76
2.76
2.76
2.76
2.76
2.76
2.76
2.76
2.76
2.76
2.76
2.76
2.76
2.76
2.76
2.76
2.76
2.76
2.76
2.76
2.76
2.76
2.76
3.008
3.008
3.008
3.008
3.008
3.008
3.008
3.008
3.008
3.008
3.008
3.008
3.008
3.008
3.008
3.008
3.008
3.008
3.008
3.008
3.008
3.008
3.008
3.008
3.008
3.008
3.008
3.008
3.008
3.008
2.98
2.98
2.98
2.98
2.98
2.98
2.98
2.98
2.98
2.98
2.98
2.98
2.98
2.98
2.98
2.98
2.98
2.98
2.98
2.98
2.98
2.98
2.98
2.98
2.98
2.98
2.98
2.98
2.98
2.98
2.819
2.819
2.819
2.819
2.819
2.819
2.819
2.819
2.819
2.819
2.819
2.819
2.819
2.819
2.819
2.819
2.819
2.819
2.819
2.819
2.819
2.819
2.819
2.819
2.819
2.819
2.819
2.819
2.819
2.819
2.837
2.837
2.837
2.837
2.837
2.837
2.837
2.837
2.837
2.837
2.837
2.837
2.837
2.837
2.837
2.837
2.837
2.837
2.837
2.837
2.837
2.837
2.837
2.837
2.837
2.837
2.837
2.837
2.837
2.837
3.0
3.0
3.0
3.0
3.0
3.0
3.0
3.0
3.0
3.0
3.0
3.0
3.0
3.0
3.0
3.0
3.0
3.0
3.0
3.0
3.0
3.0
3.0
3.0
3.0
3.0
3.0
3.0
3.0
3.0
3.029
3.029
3.029
3.029
3.029
3.029
3.029
3.029
3.029
3.029
3.029
3.029
3.029
3.029
3.029
3.029
3.029
3.029
3.029
3.029
3.029
3.029
3.029
3.029
3.029
3.029
3.029
3.029
3.029
3.029
3.181
3.181
3.181
3.181
3.181
3.181
3.181
3.181
3.181
3.181
3.181
3.181
3.181
3.181
3.181
3.181
3.181
3.181
3.181
3.181
3.181
3.181
3.181
3.181
3.181
3.181
3.181
3.181
3.181
3.181
3.29
3.29
3.29
3.29
3.29
3.29
3.29
3.29
3.29
3.29
3.29
3.29
3.29
3.29
3.29
3.29
3.29
3.29
3.29
3.29
3.29
3.29
3.29
3.29
3.29
3.29
3.29
3.29
3.29
3.29
3.332
3.332
3.332
3.332
3.332
3.332
3.332
3.332
3.332
3.332
3.332
3.332
3.332
3.332
3.332
3.332
3.332
3.332
3.332
3.332
3.332
3.332
3.332
3.332
3.332
3.332
3.332
3.332
3.332
3.332
3.399
3.399
3.399
3.399
3.399
3.399
3.399
3.399
3.399
3.399
3.399
3.399
3.399
3.399
3.399
3.399
3.399
3.399
3.399
3.399
3.399
3.399
3.399
3.399
3.399
3.399
3.399
3.399
3.399
3.399
3.583
3.583
3.583
3.583
3.583
3.583
3.583
3.583
3.583
3.583
3.583
3.583
3.583
3.583
3.583
3.583
3.583
3.583
3.583
3.583
3.583
3.583
3.583
3.583
3.583
3.583
3.583
3.583
3.583
3.583
3.694
3.694
3.694
3.694
3.694
3.694
3.694
3.694
3.694
3.694
3.694
3.694
3.694
3.694
3.694
3.694
3.694
3.694
3.694
3.694
3.694
3.694
3.694
3.694
3.694
3.694
3.694
3.694
3.694
3.694
3.796
3.796
3.796
3.796
3.796
3.796
3.796
3.796
3.796
3.796
3.796
3.796
3.796
3.796
3.796
3.796
3.796
3.796
3.796
3.796
3.796
3.796
3.796
3.796
3.796
3.796
3.796
3.796
3.796
3.796
3.906
3.906
3.906
3.906
3.906
3.906
3.906
3.906
3.906
3.906
3.906
3.906
3.906
3.906
3.906
3.906
3.906
3.906
3.906
3.906
3.906
3.906
3.906
3.906
3.906
3.906
3.906
3.906
3.906
3.906
4.21
4.21
4.21
4.21
4.21
4.21
4.21
4.21
4.21
4.21
4.21
4.21
4.21
4.21
4.21
4.21
4.21
4.21
4.21
4.21
4.21
4.21
4.21
4.21
4.21
4.21
4.21
4.21
4.21
4.21
4.254
4.254
4.254
4.254
4.254
4.254
4.254
4.254
4.254
4.254
4.254
4.254
4.254
4.254
4.254
4.254
4.254
4.254
4.254
4.254
4.254
4.254
4.254
4.254
4.254
4.254
4.254
4.254
4.254
4.254
4.924
4.924
4.924
4.924
4.924
4.924
4.924
4.924
4.924
4.924
4.924
4.924
4.924
4.924
4.924
4.924
4.924
4.924
4.924
4.924
4.924
4.924
4.924
4.924
4.924
4.924
4.924
4.924
4.924
4.924
6.471
6.471
6.471
6.471
6.471
6.471
6.471
6.471
6.471
6.471
6.471
6.471
6.471
6.471
6.471
6.471
6.471
6.471
6.471
6.471
6.471
6.471
6.471
6.471
6.471
6.471
6.471
6.471
6.471
6.471
5.867
5.867
5.867
5.867
5.867
5.867
5.867
5.867
5.867
5.867
5.867
5.867
5.867
5.867
5.867
5.867
5.867
5.867
5.867
5.867
5.867
5.867
5.867
5.867
5.867
5.867
5.867
5.867
5.867
5.867
5.149
5.149
5.149
5.149
5.149
5.149
5.149
5.149
5.149
5.149
5.149
5.149
5.149
5.149
5.149
5.149
5.149
5.149
5.149
5.149
5.149
5.149
5.149
5.149
5.149
5.149
5.149
5.149
5.149
5.149
4.584
4.584
4.584
4.584
4.584
4.584
4.584
4.584
4.584
4.584
4.584
4.584
4.584
4.584
4.584
4.584
4.584
4.584
4.584
4.584
4.584
4.584
4.584
4.584
4.584
4.584
4.584
4.584
4.584
4.584
4.106
4.106
4.106
4.106
4.106
4.106
4.106
4.106
4.106
4.106
4.106
4.106
4.106
4.106
4.106
4.106
4.106
4.106
4.106
4.106
4.106
4.106
4.106
4.106
4.106
4.106
4.106
4.106
4.106
4.106
3.61
3.61
3.61
3.61
3.61
3.61
3.61
3.61
3.61
3.61
3.61
3.61
3.61
3.61
3.61
3.61
3.61
3.61
3.61
3.61
3.61
3.61
3.61
3.61
3.61
3.61
3.61
3.61
3.61
3.61
3.472
3.472
3.472
3.472
3.472
3.472
3.472
3.472
3.472
3.472
3.472
3.472
3.472
3.472
3.472
3.472
3.472
3.472
3.472
3.472
3.472
3.472
3.472
3.472
3.472
3.472
3.472
3.472
3.472
3.472
3.309
3.309
3.309
3.309
3.309
3.309
3.309
3.309
3.309
3.309
3.309
3.309
3.309
3.309
3.309
3.309
3.309
3.309
3.309
3.309
3.309
3.309
3.309
3.309
3.309
3.309
3.309
3.309
3.309
3.309
3.278
3.278
3.278
3.278
3.278
3.278
3.278
3.278
3.278
3.278
3.278
3.278
3.278
3.278
3.278
3.278
3.278
3.278
3.278
3.278
3.278
3.278
3.278
3.278
3.278
3.278
3.278
3.278
3.278
3.278
3.19
3.19
3.19
3.19
3.19
3.19
3.19
3.19
3.19
3.19
3.19
3.19
3.19
3.19
3.19
3.19
3.19
3.19
3.19
3.19
3.19
3.19
3.19
3.19
3.19
3.19
3.19
3.19
3.19
3.19
3.124
3.124
3.124
3.124
3.124
3.124
3.124
3.124
3.124
3.124
3.124
3.124
3.124
3.124
3.124
3.124
3.124
3.124
3.124
3.124
3.124
3.124
3.124
3.124
3.124
3.124
3.124
3.124
3.124
3.124
2.974
2.974
2.974
2.974
2.974
2.974
2.974
2.974
2.974
2.974
2.974
2.974
2.974
2.974
2.974
2.974
2.974
2.974
2.974
2.974
2.974
2.974
2.974
2.974
2.974
2.974
2.974
2.974
2.974
2.974
3.26
3.26
3.26
3.26
3.26
3.26
3.26
3.26
3.26
3.26
3.26
3.26
3.26
3.26
3.26
3.26
3.26
3.26
3.26
3.26
3.26
3.26
3.26
3.26
3.26
3.26
3.26
3.26
3.26
3.26
