2.773
2.773
2.773
2.773
2.773
2.773
2.773
2.773
2.773
2.773
2.773
2.773
2.773
2.773
2.773
2.773
2.773
2.773
2.773
2.773
2.773
2.773
2.773
2.773
2.773
2.773
2.773
2.773
2.773
2.773
2.985
2.985
2.985
2.985
2.985
2.985
2.985
2.985
2.985
2.985
2.985
2.985
2.985
2.985
2.985
2.985
2.985
2.985
2.985
2.985
2.985
2.985
2.985
2.985
2.985
2.985
2.985
2.985
2.985
2.985
3.013
3.013
3.013
3.013
3.013
3.013
3.013
3.013
3.013
3.013
3.013
3.013
3.013
3.013
3.013
3.013
3.013
3.013
3.013
3.013
3.013
3.013
3.013
3.013
3.013
3.013
3.013
3.013
3.013
3.013
2.832
2.832
2.832
2.832
2.832
2.832
2.832
2.832
2.832
2.832
2.832
2.832
2.832
2.832
2.832
2.832
2.832
2.832
2.832
2.832
2.832
2.832
2.832
2.832
2.832
2.832
2.832
2.832
2.832
2.832
2.818
2.818
2.818
2.818
2.818
2.818
2.818
2.818
2.818
2.818
2.818
2.818
2.818
2.818
2.818
2.818
2.818
2.818
2.818
2.818
2.818
2.818
2.818
2.818
2.818
2.818
2.818
2.818
2.818
2.818
2.767
2.767
2.767
2.767
2.767
2.767
2.767
2.767
2.767
2.767
2.767
2.767
2.767
2.767
2.767
2.767
2.767
2.767
2.767
2.767
2.767
2.767
2.767
2.767
2.767
2.767
2.767
2.767
2.767
2.767
2.854
2.854
2.854
2.854
2.854
2.854
2.854
2.854
2.854
2.854
2.854
2.854
2.854
2.854
2.854
2.854
2.854
2.854
2.854
2.854
2.854
2.854
2.854
2.854
2.854
2.854
2.854
2.854
2.854
2.854
2.86
2.86
2.86
2.86
2.86
2.86
2.86
2.86
2.86
2.86
2.86
2.86
2.86
2.86
2.86
2.86
2.86
2.86
2.86
2.86
2.86
2.86
2.86
2.86
2.86
2.86
2.86
2.86
2.86
2.86
2.759
2.759
2.759
2.759
2.759
2.759
2.759
2.759
2.759
2.759
2.759
2.759
2.759
2.759
2.759
2.759
2.759
2.759
2.759
2.759
2.759
2.759
2.759
2.759
2.759
2.759
2.759
2.759
2.759
2.759
2.724
2.724
2.724
2.724
2.724
2.724
2.724
2.724
2.724
2.724
2.724
2.724
2.724
2.724
2.724
2.724
2.724
2.724
2.724
2.724
2.724
2.724
2.724
2.724
2.724
2.724
2.724
2.724
2.724
2.724
2.587
2.587
2.587
2.587
2.587
2.587
2.587
2.587
2.587
2.587
2.587
2.587
2.587
2.587
2.587
2.587
2.587
2.587
2.587
2.587
2.587
2.587
2.587
2.587
2.587
2.587
2.587
2.587
2.587
2.587
2.721
2.721
2.721
2.721
2.721
2.721
2.721
2.721
2.721
2.721
2.721
2.721
2.721
2.721
2.721
2.721
2.721
2.721
2.721
2.721
2.721
2.721
2.721
2.721
2.721
2.721
2.721
2.721
2.721
2.721
3.145
3.145
3.145
3.145
3.145
3.145
3.145
3.145
3.145
3.145
3.145
3.145
3.145
3.145
3.145
3.145
3.145
3.145
3.145
3.145
3.145
3.145
3.145
3.145
3.145
3.145
3.145
3.145
3.145
3.145
3.491
3.491
3.491
3.491
3.491
3.491
3.491
3.491
3.491
3.491
3.491
3.491
3.491
3.491
3.491
3.491
3.491
3.491
3.491
3.491
3.491
3.491
3.491
3.491
3.491
3.491
3.491
3.491
3.491
3.491
5.293
5.293
5.293
5.293
5.293
5.293
5.293
5.293
5.293
5.293
5.293
5.293
5.293
5.293
5.293
5.293
5.293
5.293
5.293
5.293
5.293
5.293
5.293
5.293
5.293
5.293
5.293
5.293
5.293
5.293
4.975
4.975
4.975
4.975
4.975
4.975
4.975
4.975
4.975
4.975
4.975
4.975
4.975
4.975
4.975
4.975
4.975
4.975
4.975
4.975
4.975
4.975
4.975
4.975
4.975
4.975
4.975
4.975
4.975
4.975
4.828
4.828
4.828
4.828
4.828
4.828
4.828
4.828
4.828
4.828
4.828
4.828
4.828
4.828
4.828
4.828
4.828
4.828
4.828
4.828
4.828
4.828
4.828
4.828
4.828
4.828
4.828
4.828
4.828
4.828
4.123
4.123
4.123
4.123
4.123
4.123
4.123
4.123
4.123
4.123
4.123
4.123
4.123
4.123
4.123
4.123
4.123
4.123
4.123
4.123
4.123
4.123
4.123
4.123
4.123
4.123
4.123
4.123
4.123
4.123
4.185
4.185
4.185
4.185
4.185
4.185
4.185
4.185
4.185
4.185
4.185
4.185
4.185
4.185
4.185
4.185
4.185
4.185
4.185
4.185
4.185
4.185
4.185
4.185
4.185
4.185
4.185
4.185
4.185
4.185
4.162
4.162
4.162
4.162
4.162
4.162
4.162
4.162
4.162
4.162
4.162
4.162
4.162
4.162
4.162
4.162
4.162
4.162
4.162
4.162
4.162
4.162
4.162
4.162
4.162
4.162
4.162
4.162
4.162
4.162
3.907
3.907
3.907
3.907
3.907
3.907
3.907
3.907
3.907
3.907
3.907
3.907
3.907
3.907
3.907
3.907
3.907
3.907
3.907
3.907
3.907
3.907
3.907
3.907
3.907
3.907
3.907
3.907
3.907
3.907
3.472
3.472
3.472
3.472
3.472
3.472
3.472
3.472
3.472
3.472
3.472
3.472
3.472
3.472
3.472
3.472
3.472
3.472
3.472
3.472
3.472
3.472
3.472
3.472
3.472
3.472
3.472
3.472
3.472
3.472
3.032
3.032
3.032
3.032
3.032
3.032
3.032
3.032
3.032
3.032
3.032
3.032
3.032
3.032
3.032
3.032
3.032
3.032
3.032
3.032
3.032
3.032
3.032
3.032
3.032
3.032
3.032
3.032
3.032
3.032
2.973
2.973
2.973
2.973
2.973
2.973
2.973
2.973
2.973
2.973
2.973
2.973
2.973
2.973
2.973
2.973
2.973
2.973
2.973
2.973
2.973
2.973
2.973
2.973
2.973
2.973
2.973
2.973
2.973
2.973
2.928
2.928
2.928
2.928
2.928
2.928
2.928
2.928
2.928
2.928
2.928
2.928
2.928
2.928
2.928
2.928
2.928
2.928
2.928
2.928
2.928
2.928
2.928
2.928
2.928
2.928
2.928
2.928
2.928
2.928
2.981
2.981
2.981
2.981
2.981
2.981
2.981
2.981
2.981
2.981
2.981
2.981
2.981
2.981
2.981
2.981
2.981
2.981
2.981
2.981
2.981
2.981
2.981
2.981
2.981
2.981
2.981
2.981
2.981
2.981
2.973
2.973
2.973
2.973
2.973
2.973
2.973
2.973
2.973
2.973
2.973
2.973
2.973
2.973
2.973
2.973
2.973
2.973
2.973
2.973
2.973
2.973
2.973
2.973
2.973
2.973
2.973
2.973
2.973
2.973
2.959
2.959
2.959
2.959
2.959
2.959
2.959
2.959
2.959
2.959
2.959
2.959
2.959
2.959
2.959
2.959
2.959
2.959
2.959
2.959
2.959
2.959
2.959
2.959
2.959
2.959
2.959
2.959
2.959
2.959
3.002
3.002
3.002
3.002
3.002
3.002
3.002
3.002
3.002
3.002
3.002
3.002
3.002
3.002
3.002
3.002
3.002
3.002
3.002
3.002
3.002
3.002
3.002
3.002
3.002
3.002
3.002
3.002
3.002
3.002
3.145
3.145
3.145
3.145
3.145
3.145
3.145
3.145
3.145
3.145
3.145
3.145
3.145
3.145
3.145
3.145
3.145
3.145
3.145
3.145
3.145
3.145
3.145
3.145
3.145
3.145
3.145
3.145
3.145
3.145
2.922
2.922
2.922
2.922
2.922
2.922
2.922
2.922
2.922
2.922
2.922
2.922
2.922
2.922
2.922
2.922
2.922
2.922
2.922
2.922
2.922
2.922
2.922
2.922
2.922
2.922
2.922
2.922
2.922
2.922
2.918
2.918
2.918
2.918
2.918
2.918
2.918
2.918
2.918
2.918
2.918
2.918
2.918
2.918
2.918
2.918
2.918
2.918
2.918
2.918
2.918
2.918
2.918
2.918
2.918
2.918
2.918
2.918
2.918
2.918
2.948
2.948
2.948
2.948
2.948
2.948
2.948
2.948
2.948
2.948
2.948
2.948
2.948
2.948
2.948
2.948
2.948
2.948
2.948
2.948
2.948
2.948
2.948
2.948
2.948
2.948
2.948
2.948
2.948
2.948
3.107
3.107
3.107
3.107
3.107
3.107
3.107
3.107
3.107
3.107
3.107
3.107
3.107
3.107
3.107
3.107
3.107
3.107
3.107
3.107
3.107
3.107
3.107
3.107
3.107
3.107
3.107
3.107
3.107
3.107
6.014
6.014
6.014
6.014
6.014
6.014
6.014
6.014
6.014
6.014
6.014
6.014
6.014
6.014
6.014
6.014
6.014
6.014
6.014
6.014
6.014
6.014
6.014
6.014
6.014
6.014
6.014
6.014
6.014
6.014
6.751
6.751
6.751
6.751
6.751
6.751
6.751
6.751
6.751
6.751
6.751
6.751
6.751
6.751
6.751
6.751
6.751
6.751
6.751
6.751
6.751
6.751
6.751
6.751
6.751
6.751
6.751
6.751
6.751
6.751
7.044
7.044
7.044
7.044
7.044
7.044
7.044
7.044
7.044
7.044
7.044
7.044
7.044
7.044
7.044
7.044
7.044
7.044
7.044
7.044
7.044
7.044
7.044
7.044
7.044
7.044
7.044
7.044
7.044
7.044
6.337
6.337
6.337
6.337
6.337
6.337
6.337
6.337
6.337
6.337
6.337
6.337
6.337
6.337
6.337
6.337
6.337
6.337
6.337
6.337
6.337
6.337
6.337
6.337
6.337
6.337
6.337
6.337
6.337
6.337
3.85
3.85
3.85
3.85
3.85
3.85
3.85
3.85
3.85
3.85
3.85
3.85
3.85
3.85
3.85
3.85
3.85
3.85
3.85
3.85
3.85
3.85
3.85
3.85
3.85
3.85
3.85
3.85
3.85
3.85
3.717
3.717
3.717
3.717
3.717
3.717
3.717
3.717
3.717
3.717
3.717
3.717
3.717
3.717
3.717
3.717
3.717
3.717
3.717
3.717
3.717
3.717
3.717
3.717
3.717
3.717
3.717
3.717
3.717
3.717
3.478
3.478
3.478
3.478
3.478
3.478
3.478
3.478
3.478
3.478
3.478
3.478
3.478
3.478
3.478
3.478
3.478
3.478
3.478
3.478
3.478
3.478
3.478
3.478
3.478
3.478
3.478
3.478
3.478
3.478
3.423
3.423
3.423
3.423
3.423
3.423
3.423
3.423
3.423
3.423
3.423
3.423
3.423
3.423
3.423
3.423
3.423
3.423
3.423
3.423
3.423
3.423
3.423
3.423
3.423
3.423
3.423
3.423
3.423
3.423
3.373
3.373
3.373
3.373
3.373
3.373
3.373
3.373
3.373
3.373
3.373
3.373
3.373
3.373
3.373
3.373
3.373
3.373
3.373
3.373
3.373
3.373
3.373
3.373
3.373
3.373
3.373
3.373
3.373
3.373
3.112
3.112
3.112
3.112
3.112
3.112
3.112
3.112
3.112
3.112
3.112
3.112
3.112
3.112
3.112
3.112
3.112
3.112
3.112
3.112
3.112
3.112
3.112
3.112
3.112
3.112
3.112
3.112
3.112
3.112
3.009
3.009
3.009
3.009
3.009
3.009
3.009
3.009
3.009
3.009
3.009
3.009
3.009
3.009
3.009
3.009
3.009
3.009
3.009
3.009
3.009
3.009
3.009
3.009
3.009
3.009
3.009
3.009
3.009
3.009
2.968
2.968
2.968
2.968
2.968
2.968
2.968
2.968
2.968
2.968
2.968
2.968
2.968
2.968
2.968
2.968
2.968
2.968
2.968
2.968
2.968
2.968
2.968
2.968
2.968
2.968
2.968
2.968
2.968
2.968
2.844
2.844
2.844
2.844
2.844
2.844
2.844
2.844
2.844
2.844
2.844
2.844
2.844
2.844
2.844
2.844
2.844
2.844
2.844
2.844
2.844
2.844
2.844
2.844
2.844
2.844
2.844
2.844
2.844
2.844
2.854
2.854
2.854
2.854
2.854
2.854
2.854
2.854
2.854
2.854
2.854
2.854
2.854
2.854
2.854
2.854
2.854
2.854
2.854
2.854
2.854
2.854
2.854
2.854
2.854
2.854
2.854
2.854
2.854
2.854
