2.487
2.487
2.487
2.487
2.487
2.487
2.487
2.487
2.487
2.487
2.487
2.487
2.487
2.487
2.487
2.487
2.487
2.487
2.487
2.487
2.487
2.487
2.487
2.487
2.487
2.487
2.487
2.487
2.487
2.487
2.339
2.339
2.339
2.339
2.339
2.339
2.339
2.339
2.339
2.339
2.339
2.339
2.339
2.339
2.339
2.339
2.339
2.339
2.339
2.339
2.339
2.339
2.339
2.339
2.339
2.339
2.339
2.339
2.339
2.339
2.445
2.445
2.445
2.445
2.445
2.445
2.445
2.445
2.445
2.445
2.445
2.445
2.445
2.445
2.445
2.445
2.445
2.445
2.445
2.445
2.445
2.445
2.445
2.445
2.445
2.445
2.445
2.445
2.445
2.445
2.55
2.55
2.55
2.55
2.55
2.55
2.55
2.55
2.55
2.55
2.55
2.55
2.55
2.55
2.55
2.55
2.55
2.55
2.55
2.55
2.55
2.55
2.55
2.55
2.55
2.55
2.55
2.55
2.55
2.55
2.498
2.498
2.498
2.498
2.498
2.498
2.498
2.498
2.498
2.498
2.498
2.498
2.498
2.498
2.498
2.498
2.498
2.498
2.498
2.498
2.498
2.498
2.498
2.498
2.498
2.498
2.498
2.498
2.498
2.498
2.42
2.42
2.42
2.42
2.42
2.42
2.42
2.42
2.42
2.42
2.42
2.42
2.42
2.42
2.42
2.42
2.42
2.42
2.42
2.42
2.42
2.42
2.42
2.42
2.42
2.42
2.42
2.42
2.42
2.42
2.41
2.41
2.41
2.41
2.41
2.41
2.41
2.41
2.41
2.41
2.41
2.41
2.41
2.41
2.41
2.41
2.41
2.41
2.41
2.41
2.41
2.41
2.41
2.41
2.41
2.41
2.41
2.41
2.41
2.41
2.399
2.399
2.399
2.399
2.399
2.399
2.399
2.399
2.399
2.399
2.399
2.399
2.399
2.399
2.399
2.399
2.399
2.399
2.399
2.399
2.399
2.399
2.399
2.399
2.399
2.399
2.399
2.399
2.399
2.399
2.413
2.413
2.413
2.413
2.413
2.413
2.413
2.413
2.413
2.413
2.413
2.413
2.413
2.413
2.413
2.413
2.413
2.413
2.413
2.413
2.413
2.413
2.413
2.413
2.413
2.413
2.413
2.413
2.413
2.413
2.4
2.4
2.4
2.4
2.4
2.4
2.4
2.4
2.4
2.4
2.4
2.4
2.4
2.4
2.4
2.4
2.4
2.4
2.4
2.4
2.4
2.4
2.4
2.4
2.4
2.4
2.4
2.4
2.4
2.4
2.706
2.706
2.706
2.706
2.706
2.706
2.706
2.706
2.706
2.706
2.706
2.706
2.706
2.706
2.706
2.706
2.706
2.706
2.706
2.706
2.706
2.706
2.706
2.706
2.706
2.706
2.706
2.706
2.706
2.706
2.465
2.465
2.465
2.465
2.465
2.465
2.465
2.465
2.465
2.465
2.465
2.465
2.465
2.465
2.465
2.465
2.465
2.465
2.465
2.465
2.465
2.465
2.465
2.465
2.465
2.465
2.465
2.465
2.465
2.465
3.099
3.099
3.099
3.099
3.099
3.099
3.099
3.099
3.099
3.099
3.099
3.099
3.099
3.099
3.099
3.099
3.099
3.099
3.099
3.099
3.099
3.099
3.099
3.099
3.099
3.099
3.099
3.099
3.099
3.099
3.142
3.142
3.142
3.142
3.142
3.142
3.142
3.142
3.142
3.142
3.142
3.142
3.142
3.142
3.142
3.142
3.142
3.142
3.142
3.142
3.142
3.142
3.142
3.142
3.142
3.142
3.142
3.142
3.142
3.142
2.938
2.938
2.938
2.938
2.938
2.938
2.938
2.938
2.938
2.938
2.938
2.938
2.938
2.938
2.938
2.938
2.938
2.938
2.938
2.938
2.938
2.938
2.938
2.938
2.938
2.938
2.938
2.938
2.938
2.938
4.206
4.206
4.206
4.206
4.206
4.206
4.206
4.206
4.206
4.206
4.206
4.206
4.206
4.206
4.206
4.206
4.206
4.206
4.206
4.206
4.206
4.206
4.206
4.206
4.206
4.206
4.206
4.206
4.206
4.206
5.124
5.124
5.124
5.124
5.124
5.124
5.124
5.124
5.124
5.124
5.124
5.124
5.124
5.124
5.124
5.124
5.124
5.124
5.124
5.124
5.124
5.124
5.124
5.124
5.124
5.124
5.124
5.124
5.124
5.124
5.209
5.209
5.209
5.209
5.209
5.209
5.209
5.209
5.209
5.209
5.209
5.209
5.209
5.209
5.209
5.209
5.209
5.209
5.209
5.209
5.209
5.209
5.209
5.209
5.209
5.209
5.209
5.209
5.209
5.209
6.697
6.697
6.697
6.697
6.697
6.697
6.697
6.697
6.697
6.697
6.697
6.697
6.697
6.697
6.697
6.697
6.697
6.697
6.697
6.697
6.697
6.697
6.697
6.697
6.697
6.697
6.697
6.697
6.697
6.697
4.7
4.7
4.7
4.7
4.7
4.7
4.7
4.7
4.7
4.7
4.7
4.7
4.7
4.7
4.7
4.7
4.7
4.7
4.7
4.7
4.7
4.7
4.7
4.7
4.7
4.7
4.7
4.7
4.7
4.7
3.889
3.889
3.889
3.889
3.889
3.889
3.889
3.889
3.889
3.889
3.889
3.889
3.889
3.889
3.889
3.889
3.889
3.889
3.889
3.889
3.889
3.889
3.889
3.889
3.889
3.889
3.889
3.889
3.889
3.889
3.436
3.436
3.436
3.436
3.436
3.436
3.436
3.436
3.436
3.436
3.436
3.436
3.436
3.436
3.436
3.436
3.436
3.436
3.436
3.436
3.436
3.436
3.436
3.436
3.436
3.436
3.436
3.436
3.436
3.436
3.12
3.12
3.12
3.12
3.12
3.12
3.12
3.12
3.12
3.12
3.12
3.12
3.12
3.12
3.12
3.12
3.12
3.12
3.12
3.12
3.12
3.12
3.12
3.12
3.12
3.12
3.12
3.12
3.12
3.12
3.145
3.145
3.145
3.145
3.145
3.145
3.145
3.145
3.145
3.145
3.145
3.145
3.145
3.145
3.145
3.145
3.145
3.145
3.145
3.145
3.145
3.145
3.145
3.145
3.145
3.145
3.145
3.145
3.145
3.145
3.201
3.201
3.201
3.201
3.201
3.201
3.201
3.201
3.201
3.201
3.201
3.201
3.201
3.201
3.201
3.201
3.201
3.201
3.201
3.201
3.201
3.201
3.201
3.201
3.201
3.201
3.201
3.201
3.201
3.201
3.139
3.139
3.139
3.139
3.139
3.139
3.139
3.139
3.139
3.139
3.139
3.139
3.139
3.139
3.139
3.139
3.139
3.139
3.139
3.139
3.139
3.139
3.139
3.139
3.139
3.139
3.139
3.139
3.139
3.139
3.134
3.134
3.134
3.134
3.134
3.134
3.134
3.134
3.134
3.134
3.134
3.134
3.134
3.134
3.134
3.134
3.134
3.134
3.134
3.134
3.134
3.134
3.134
3.134
3.134
3.134
3.134
3.134
3.134
3.134
3.041
3.041
3.041
3.041
3.041
3.041
3.041
3.041
3.041
3.041
3.041
3.041
3.041
3.041
3.041
3.041
3.041
3.041
3.041
3.041
3.041
3.041
3.041
3.041
3.041
3.041
3.041
3.041
3.041
3.041
3.111
3.111
3.111
3.111
3.111
3.111
3.111
3.111
3.111
3.111
3.111
3.111
3.111
3.111
3.111
3.111
3.111
3.111
3.111
3.111
3.111
3.111
3.111
3.111
3.111
3.111
3.111
3.111
3.111
3.111
3.111
3.111
3.111
3.111
3.111
3.111
3.111
3.111
3.111
3.111
3.111
3.111
3.111
3.111
3.111
3.111
3.111
3.111
3.111
3.111
3.111
3.111
3.111
3.111
3.111
3.111
3.111
3.111
3.111
3.111
3.351
3.351
3.351
3.351
3.351
3.351
3.351
3.351
3.351
3.351
3.351
3.351
3.351
3.351
3.351
3.351
3.351
3.351
3.351
3.351
3.351
3.351
3.351
3.351
3.351
3.351
3.351
3.351
3.351
3.351
3.33
3.33
3.33
3.33
3.33
3.33
3.33
3.33
3.33
3.33
3.33
3.33
3.33
3.33
3.33
3.33
3.33
3.33
3.33
3.33
3.33
3.33
3.33
3.33
3.33
3.33
3.33
3.33
3.33
3.33
3.47
3.47
3.47
3.47
3.47
3.47
3.47
3.47
3.47
3.47
3.47
3.47
3.47
3.47
3.47
3.47
3.47
3.47
3.47
3.47
3.47
3.47
3.47
3.47
3.47
3.47
3.47
3.47
3.47
3.47
3.696
3.696
3.696
3.696
3.696
3.696
3.696
3.696
3.696
3.696
3.696
3.696
3.696
3.696
3.696
3.696
3.696
3.696
3.696
3.696
3.696
3.696
3.696
3.696
3.696
3.696
3.696
3.696
3.696
3.696
4.121
4.121
4.121
4.121
4.121
4.121
4.121
4.121
4.121
4.121
4.121
4.121
4.121
4.121
4.121
4.121
4.121
4.121
4.121
4.121
4.121
4.121
4.121
4.121
4.121
4.121
4.121
4.121
4.121
4.121
3.943
3.943
3.943
3.943
3.943
3.943
3.943
3.943
3.943
3.943
3.943
3.943
3.943
3.943
3.943
3.943
3.943
3.943
3.943
3.943
3.943
3.943
3.943
3.943
3.943
3.943
3.943
3.943
3.943
3.943
3.858
3.858
3.858
3.858
3.858
3.858
3.858
3.858
3.858
3.858
3.858
3.858
3.858
3.858
3.858
3.858
3.858
3.858
3.858
3.858
3.858
3.858
3.858
3.858
3.858
3.858
3.858
3.858
3.858
3.858
3.798
3.798
3.798
3.798
3.798
3.798
3.798
3.798
3.798
3.798
3.798
3.798
3.798
3.798
3.798
3.798
3.798
3.798
3.798
3.798
3.798
3.798
3.798
3.798
3.798
3.798
3.798
3.798
3.798
3.798
3.481
3.481
3.481
3.481
3.481
3.481
3.481
3.481
3.481
3.481
3.481
3.481
3.481
3.481
3.481
3.481
3.481
3.481
3.481
3.481
3.481
3.481
3.481
3.481
3.481
3.481
3.481
3.481
3.481
3.481
3.613
3.613
3.613
3.613
3.613
3.613
3.613
3.613
3.613
3.613
3.613
3.613
3.613
3.613
3.613
3.613
3.613
3.613
3.613
3.613
3.613
3.613
3.613
3.613
3.613
3.613
3.613
3.613
3.613
3.613
4.011
4.011
4.011
4.011
4.011
4.011
4.011
4.011
4.011
4.011
4.011
4.011
4.011
4.011
4.011
4.011
4.011
4.011
4.011
4.011
4.011
4.011
4.011
4.011
4.011
4.011
4.011
4.011
4.011
4.011
3.949
3.949
3.949
3.949
3.949
3.949
3.949
3.949
3.949
3.949
3.949
3.949
3.949
3.949
3.949
3.949
3.949
3.949
3.949
3.949
3.949
3.949
3.949
3.949
3.949
3.949
3.949
3.949
3.949
3.949
3.503
3.503
3.503
3.503
3.503
3.503
3.503
3.503
3.503
3.503
3.503
3.503
3.503
3.503
3.503
3.503
3.503
3.503
3.503
3.503
3.503
3.503
3.503
3.503
3.503
3.503
3.503
3.503
3.503
3.503
3.312
3.312
3.312
3.312
3.312
3.312
3.312
3.312
3.312
3.312
3.312
3.312
3.312
3.312
3.312
3.312
3.312
3.312
3.312
3.312
3.312
3.312
3.312
3.312
3.312
3.312
3.312
3.312
3.312
3.312
3.24
3.24
3.24
3.24
3.24
3.24
3.24
3.24
3.24
3.24
3.24
3.24
3.24
3.24
3.24
3.24
3.24
3.24
3.24
3.24
3.24
3.24
3.24
3.24
3.24
3.24
3.24
3.24
3.24
3.24
3.066
3.066
3.066
3.066
3.066
3.066
3.066
3.066
3.066
3.066
3.066
3.066
3.066
3.066
3.066
3.066
3.066
3.066
3.066
3.066
3.066
3.066
3.066
3.066
3.066
3.066
3.066
3.066
3.066
3.066
2.659
2.659
2.659
2.659
2.659
2.659
2.659
2.659
2.659
2.659
2.659
2.659
2.659
2.659
2.659
2.659
2.659
2.659
2.659
2.659
2.659
2.659
2.659
2.659
2.659
2.659
2.659
2.659
2.659
2.659
2.62
2.62
2.62
2.62
2.62
2.62
2.62
2.62
2.62
2.62
2.62
2.62
2.62
2.62
2.62
2.62
2.62
2.62
2.62
2.62
2.62
2.62
2.62
2.62
2.62
2.62
2.62
2.62
2.62
2.62
