4.49
4.49
4.49
4.49
4.49
4.49
4.49
4.49
4.49
4.49
4.49
4.49
4.49
4.49
4.49
4.49
4.49
4.49
4.49
4.49
4.49
4.49
4.49
4.49
4.49
4.49
4.49
4.49
4.49
4.49
4.824
4.824
4.824
4.824
4.824
4.824
4.824
4.824
4.824
4.824
4.824
4.824
4.824
4.824
4.824
4.824
4.824
4.824
4.824
4.824
4.824
4.824
4.824
4.824
4.824
4.824
4.824
4.824
4.824
4.824
4.685
4.685
4.685
4.685
4.685
4.685
4.685
4.685
4.685
4.685
4.685
4.685
4.685
4.685
4.685
4.685
4.685
4.685
4.685
4.685
4.685
4.685
4.685
4.685
4.685
4.685
4.685
4.685
4.685
4.685
4.769
4.769
4.769
4.769
4.769
4.769
4.769
4.769
4.769
4.769
4.769
4.769
4.769
4.769
4.769
4.769
4.769
4.769
4.769
4.769
4.769
4.769
4.769
4.769
4.769
4.769
4.769
4.769
4.769
4.769
5.095
5.095
5.095
5.095
5.095
5.095
5.095
5.095
5.095
5.095
5.095
5.095
5.095
5.095
5.095
5.095
5.095
5.095
5.095
5.095
5.095
5.095
5.095
5.095
5.095
5.095
5.095
5.095
5.095
5.095
5.171
5.171
5.171
5.171
5.171
5.171
5.171
5.171
5.171
5.171
5.171
5.171
5.171
5.171
5.171
5.171
5.171
5.171
5.171
5.171
5.171
5.171
5.171
5.171
5.171
5.171
5.171
5.171
5.171
5.171
4.074
4.074
4.074
4.074
4.074
4.074
4.074
4.074
4.074
4.074
4.074
4.074
4.074
4.074
4.074
4.074
4.074
4.074
4.074
4.074
4.074
4.074
4.074
4.074
4.074
4.074
4.074
4.074
4.074
4.074
3.99
3.99
3.99
3.99
3.99
3.99
3.99
3.99
3.99
3.99
3.99
3.99
3.99
3.99
3.99
3.99
3.99
3.99
3.99
3.99
3.99
3.99
3.99
3.99
3.99
3.99
3.99
3.99
3.99
3.99
4.022
4.022
4.022
4.022
4.022
4.022
4.022
4.022
4.022
4.022
4.022
4.022
4.022
4.022
4.022
4.022
4.022
4.022
4.022
4.022
4.022
4.022
4.022
4.022
4.022
4.022
4.022
4.022
4.022
4.022
3.913
3.913
3.913
3.913
3.913
3.913
3.913
3.913
3.913
3.913
3.913
3.913
3.913
3.913
3.913
3.913
3.913
3.913
3.913
3.913
3.913
3.913
3.913
3.913
3.913
3.913
3.913
3.913
3.913
3.913
3.967
3.967
3.967
3.967
3.967
3.967
3.967
3.967
3.967
3.967
3.967
3.967
3.967
3.967
3.967
3.967
3.967
3.967
3.967
3.967
3.967
3.967
3.967
3.967
3.967
3.967
3.967
3.967
3.967
3.967
3.941
3.941
3.941
3.941
3.941
3.941
3.941
3.941
3.941
3.941
3.941
3.941
3.941
3.941
3.941
3.941
3.941
3.941
3.941
3.941
3.941
3.941
3.941
3.941
3.941
3.941
3.941
3.941
3.941
3.941
4.7
4.7
4.7
4.7
4.7
4.7
4.7
4.7
4.7
4.7
4.7
4.7
4.7
4.7
4.7
4.7
4.7
4.7
4.7
4.7
4.7
4.7
4.7
4.7
4.7
4.7
4.7
4.7
4.7
4.7
4.829
4.829
4.829
4.829
4.829
4.829
4.829
4.829
4.829
4.829
4.829
4.829
4.829
4.829
4.829
4.829
4.829
4.829
4.829
4.829
4.829
4.829
4.829
4.829
4.829
4.829
4.829
4.829
4.829
4.829
5.684
5.684
5.684
5.684
5.684
5.684
5.684
5.684
5.684
5.684
5.684
5.684
5.684
5.684
5.684
5.684
5.684
5.684
5.684
5.684
5.684
5.684
5.684
5.684
5.684
5.684
5.684
5.684
5.684
5.684
6.45
6.45
6.45
6.45
6.45
6.45
6.45
6.45
6.45
6.45
6.45
6.45
6.45
6.45
6.45
6.45
6.45
6.45
6.45
6.45
6.45
6.45
6.45
6.45
6.45
6.45
6.45
6.45
6.45
6.45
6.251
6.251
6.251
6.251
6.251
6.251
6.251
6.251
6.251
6.251
6.251
6.251
6.251
6.251
6.251
6.251
6.251
6.251
6.251
6.251
6.251
6.251
6.251
6.251
6.251
6.251
6.251
6.251
6.251
6.251
5.894
5.894
5.894
5.894
5.894
5.894
5.894
5.894
5.894
5.894
5.894
5.894
5.894
5.894
5.894
5.894
5.894
5.894
5.894
5.894
5.894
5.894
5.894
5.894
5.894
5.894
5.894
5.894
5.894
5.894
6.221
6.221
6.221
6.221
6.221
6.221
6.221
6.221
6.221
6.221
6.221
6.221
6.221
6.221
6.221
6.221
6.221
6.221
6.221
6.221
6.221
6.221
6.221
6.221
6.221
6.221
6.221
6.221
6.221
6.221
6.187
6.187
6.187
6.187
6.187
6.187
6.187
6.187
6.187
6.187
6.187
6.187
6.187
6.187
6.187
6.187
6.187
6.187
6.187
6.187
6.187
6.187
6.187
6.187
6.187
6.187
6.187
6.187
6.187
6.187
5.843
5.843
5.843
5.843
5.843
5.843
5.843
5.843
5.843
5.843
5.843
5.843
5.843
5.843
5.843
5.843
5.843
5.843
5.843
5.843
5.843
5.843
5.843
5.843
5.843
5.843
5.843
5.843
5.843
5.843
5.752
5.752
5.752
5.752
5.752
5.752
5.752
5.752
5.752
5.752
5.752
5.752
5.752
5.752
5.752
5.752
5.752
5.752
5.752
5.752
5.752
5.752
5.752
5.752
5.752
5.752
5.752
5.752
5.752
5.752
5.34
5.34
5.34
5.34
5.34
5.34
5.34
5.34
5.34
5.34
5.34
5.34
5.34
5.34
5.34
5.34
5.34
5.34
5.34
5.34
5.34
5.34
5.34
5.34
5.34
5.34
5.34
5.34
5.34
5.34
5.612
5.612
5.612
5.612
5.612
5.612
5.612
5.612
5.612
5.612
5.612
5.612
5.612
5.612
5.612
5.612
5.612
5.612
5.612
5.612
5.612
5.612
5.612
5.612
5.612
5.612
5.612
5.612
5.612
5.612
5.505
5.505
5.505
5.505
5.505
5.505
5.505
5.505
5.505
5.505
5.505
5.505
5.505
5.505
5.505
5.505
5.505
5.505
5.505
5.505
5.505
5.505
5.505
5.505
5.505
5.505
5.505
5.505
5.505
5.505
5.367
5.367
5.367
5.367
5.367
5.367
5.367
5.367
5.367
5.367
5.367
5.367
5.367
5.367
5.367
5.367
5.367
5.367
5.367
5.367
5.367
5.367
5.367
5.367
5.367
5.367
5.367
5.367
5.367
5.367
4.922
4.922
4.922
4.922
4.922
4.922
4.922
4.922
4.922
4.922
4.922
4.922
4.922
4.922
4.922
4.922
4.922
4.922
4.922
4.922
4.922
4.922
4.922
4.922
4.922
4.922
4.922
4.922
4.922
4.922
4.515
4.515
4.515
4.515
4.515
4.515
4.515
4.515
4.515
4.515
4.515
4.515
4.515
4.515
4.515
4.515
4.515
4.515
4.515
4.515
4.515
4.515
4.515
4.515
4.515
4.515
4.515
4.515
4.515
4.515
4.562
4.562
4.562
4.562
4.562
4.562
4.562
4.562
4.562
4.562
4.562
4.562
4.562
4.562
4.562
4.562
4.562
4.562
4.562
4.562
4.562
4.562
4.562
4.562
4.562
4.562
4.562
4.562
4.562
4.562
4.546
4.546
4.546
4.546
4.546
4.546
4.546
4.546
4.546
4.546
4.546
4.546
4.546
4.546
4.546
4.546
4.546
4.546
4.546
4.546
4.546
4.546
4.546
4.546
4.546
4.546
4.546
4.546
4.546
4.546
5.026
5.026
5.026
5.026
5.026
5.026
5.026
5.026
5.026
5.026
5.026
5.026
5.026
5.026
5.026
5.026
5.026
5.026
5.026
5.026
5.026
5.026
5.026
5.026
5.026
5.026
5.026
5.026
5.026
5.026
5.302
5.302
5.302
5.302
5.302
5.302
5.302
5.302
5.302
5.302
5.302
5.302
5.302
5.302
5.302
5.302
5.302
5.302
5.302
5.302
5.302
5.302
5.302
5.302
5.302
5.302
5.302
5.302
5.302
5.302
5.535
5.535
5.535
5.535
5.535
5.535
5.535
5.535
5.535
5.535
5.535
5.535
5.535
5.535
5.535
5.535
5.535
5.535
5.535
5.535
5.535
5.535
5.535
5.535
5.535
5.535
5.535
5.535
5.535
5.535
9.564
9.564
9.564
9.564
9.564
9.564
9.564
9.564
9.564
9.564
9.564
9.564
9.564
9.564
9.564
9.564
9.564
9.564
9.564
9.564
9.564
9.564
9.564
9.564
9.564
9.564
9.564
9.564
9.564
9.564
8.114
8.114
8.114
8.114
8.114
8.114
8.114
8.114
8.114
8.114
8.114
8.114
8.114
8.114
8.114
8.114
8.114
8.114
8.114
8.114
8.114
8.114
8.114
8.114
8.114
8.114
8.114
8.114
8.114
8.114
7.752
7.752
7.752
7.752
7.752
7.752
7.752
7.752
7.752
7.752
7.752
7.752
7.752
7.752
7.752
7.752
7.752
7.752
7.752
7.752
7.752
7.752
7.752
7.752
7.752
7.752
7.752
7.752
7.752
7.752
7.098
7.098
7.098
7.098
7.098
7.098
7.098
7.098
7.098
7.098
7.098
7.098
7.098
7.098
7.098
7.098
7.098
7.098
7.098
7.098
7.098
7.098
7.098
7.098
7.098
7.098
7.098
7.098
7.098
7.098
6.639
6.639
6.639
6.639
6.639
6.639
6.639
6.639
6.639
6.639
6.639
6.639
6.639
6.639
6.639
6.639
6.639
6.639
6.639
6.639
6.639
6.639
6.639
6.639
6.639
6.639
6.639
6.639
6.639
6.639
5.428
5.428
5.428
5.428
5.428
5.428
5.428
5.428
5.428
5.428
5.428
5.428
5.428
5.428
5.428
5.428
5.428
5.428
5.428
5.428
5.428
5.428
5.428
5.428
5.428
5.428
5.428
5.428
5.428
5.428
4.87
4.87
4.87
4.87
4.87
4.87
4.87
4.87
4.87
4.87
4.87
4.87
4.87
4.87
4.87
4.87
4.87
4.87
4.87
4.87
4.87
4.87
4.87
4.87
4.87
4.87
4.87
4.87
4.87
4.87
4.9
4.9
4.9
4.9
4.9
4.9
4.9
4.9
4.9
4.9
4.9
4.9
4.9
4.9
4.9
4.9
4.9
4.9
4.9
4.9
4.9
4.9
4.9
4.9
4.9
4.9
4.9
4.9
4.9
4.9
4.916
4.916
4.916
4.916
4.916
4.916
4.916
4.916
4.916
4.916
4.916
4.916
4.916
4.916
4.916
4.916
4.916
4.916
4.916
4.916
4.916
4.916
4.916
4.916
4.916
4.916
4.916
4.916
4.916
4.916
4.46
4.46
4.46
4.46
4.46
4.46
4.46
4.46
4.46
4.46
4.46
4.46
4.46
4.46
4.46
4.46
4.46
4.46
4.46
4.46
4.46
4.46
4.46
4.46
4.46
4.46
4.46
4.46
4.46
4.46
4.301
4.301
4.301
4.301
4.301
4.301
4.301
4.301
4.301
4.301
4.301
4.301
4.301
4.301
4.301
4.301
4.301
4.301
4.301
4.301
4.301
4.301
4.301
4.301
4.301
4.301
4.301
4.301
4.301
4.301
4.203
4.203
4.203
4.203
4.203
4.203
4.203
4.203
4.203
4.203
4.203
4.203
4.203
4.203
4.203
4.203
4.203
4.203
4.203
4.203
4.203
4.203
4.203
4.203
4.203
4.203
4.203
4.203
4.203
4.203
4.077
4.077
4.077
4.077
4.077
4.077
4.077
4.077
4.077
4.077
4.077
4.077
4.077
4.077
4.077
4.077
4.077
4.077
4.077
4.077
4.077
4.077
4.077
4.077
4.077
4.077
4.077
4.077
4.077
4.077
4.218
4.218
4.218
4.218
4.218
4.218
4.218
4.218
4.218
4.218
4.218
4.218
4.218
4.218
4.218
4.218
4.218
4.218
4.218
4.218
4.218
4.218
4.218
4.218
4.218
4.218
4.218
4.218
4.218
4.218
4.132
4.132
4.132
4.132
4.132
4.132
4.132
4.132
4.132
4.132
4.132
4.132
4.132
4.132
4.132
4.132
4.132
4.132
4.132
4.132
4.132
4.132
4.132
4.132
4.132
4.132
4.132
4.132
4.132
4.132
