3.649
3.649
3.649
3.649
3.649
3.649
3.649
3.649
3.649
3.649
3.649
3.649
3.649
3.649
3.649
3.649
3.649
3.649
3.649
3.649
3.649
3.649
3.649
3.649
3.649
3.649
3.649
3.649
3.649
3.649
3.616
3.616
3.616
3.616
3.616
3.616
3.616
3.616
3.616
3.616
3.616
3.616
3.616
3.616
3.616
3.616
3.616
3.616
3.616
3.616
3.616
3.616
3.616
3.616
3.616
3.616
3.616
3.616
3.616
3.616
3.592
3.592
3.592
3.592
3.592
3.592
3.592
3.592
3.592
3.592
3.592
3.592
3.592
3.592
3.592
3.592
3.592
3.592
3.592
3.592
3.592
3.592
3.592
3.592
3.592
3.592
3.592
3.592
3.592
3.592
3.523
3.523
3.523
3.523
3.523
3.523
3.523
3.523
3.523
3.523
3.523
3.523
3.523
3.523
3.523
3.523
3.523
3.523
3.523
3.523
3.523
3.523
3.523
3.523
3.523
3.523
3.523
3.523
3.523
3.523
3.333
3.333
3.333
3.333
3.333
3.333
3.333
3.333
3.333
3.333
3.333
3.333
3.333
3.333
3.333
3.333
3.333
3.333
3.333
3.333
3.333
3.333
3.333
3.333
3.333
3.333
3.333
3.333
3.333
3.333
3.333
3.333
3.333
3.333
3.333
3.333
3.333
3.333
3.333
3.333
3.333
3.333
3.333
3.333
3.333
3.333
3.333
3.333
3.333
3.333
3.333
3.333
3.333
3.333
3.333
3.333
3.333
3.333
3.333
3.333
3.33
3.33
3.33
3.33
3.33
3.33
3.33
3.33
3.33
3.33
3.33
3.33
3.33
3.33
3.33
3.33
3.33
3.33
3.33
3.33
3.33
3.33
3.33
3.33
3.33
3.33
3.33
3.33
3.33
3.33
3.288
3.288
3.288
3.288
3.288
3.288
3.288
3.288
3.288
3.288
3.288
3.288
3.288
3.288
3.288
3.288
3.288
3.288
3.288
3.288
3.288
3.288
3.288
3.288
3.288
3.288
3.288
3.288
3.288
3.288
3.312
3.312
3.312
3.312
3.312
3.312
3.312
3.312
3.312
3.312
3.312
3.312
3.312
3.312
3.312
3.312
3.312
3.312
3.312
3.312
3.312
3.312
3.312
3.312
3.312
3.312
3.312
3.312
3.312
3.312
3.299
3.299
3.299
3.299
3.299
3.299
3.299
3.299
3.299
3.299
3.299
3.299
3.299
3.299
3.299
3.299
3.299
3.299
3.299
3.299
3.299
3.299
3.299
3.299
3.299
3.299
3.299
3.299
3.299
3.299
3.303
3.303
3.303
3.303
3.303
3.303
3.303
3.303
3.303
3.303
3.303
3.303
3.303
3.303
3.303
3.303
3.303
3.303
3.303
3.303
3.303
3.303
3.303
3.303
3.303
3.303
3.303
3.303
3.303
3.303
3.314
3.314
3.314
3.314
3.314
3.314
3.314
3.314
3.314
3.314
3.314
3.314
3.314
3.314
3.314
3.314
3.314
3.314
3.314
3.314
3.314
3.314
3.314
3.314
3.314
3.314
3.314
3.314
3.314
3.314
3.483
3.483
3.483
3.483
3.483
3.483
3.483
3.483
3.483
3.483
3.483
3.483
3.483
3.483
3.483
3.483
3.483
3.483
3.483
3.483
3.483
3.483
3.483
3.483
3.483
3.483
3.483
3.483
3.483
3.483
3.498
3.498
3.498
3.498
3.498
3.498
3.498
3.498
3.498
3.498
3.498
3.498
3.498
3.498
3.498
3.498
3.498
3.498
3.498
3.498
3.498
3.498
3.498
3.498
3.498
3.498
3.498
3.498
3.498
3.498
3.434
3.434
3.434
3.434
3.434
3.434
3.434
3.434
3.434
3.434
3.434
3.434
3.434
3.434
3.434
3.434
3.434
3.434
3.434
3.434
3.434
3.434
3.434
3.434
3.434
3.434
3.434
3.434
3.434
3.434
3.591
3.591
3.591
3.591
3.591
3.591
3.591
3.591
3.591
3.591
3.591
3.591
3.591
3.591
3.591
3.591
3.591
3.591
3.591
3.591
3.591
3.591
3.591
3.591
3.591
3.591
3.591
3.591
3.591
3.591
3.496
3.496
3.496
3.496
3.496
3.496
3.496
3.496
3.496
3.496
3.496
3.496
3.496
3.496
3.496
3.496
3.496
3.496
3.496
3.496
3.496
3.496
3.496
3.496
3.496
3.496
3.496
3.496
3.496
3.496
3.685
3.685
3.685
3.685
3.685
3.685
3.685
3.685
3.685
3.685
3.685
3.685
3.685
3.685
3.685
3.685
3.685
3.685
3.685
3.685
3.685
3.685
3.685
3.685
3.685
3.685
3.685
3.685
3.685
3.685
3.875
3.875
3.875
3.875
3.875
3.875
3.875
3.875
3.875
3.875
3.875
3.875
3.875
3.875
3.875
3.875
3.875
3.875
3.875
3.875
3.875
3.875
3.875
3.875
3.875
3.875
3.875
3.875
3.875
3.875
3.846
3.846
3.846
3.846
3.846
3.846
3.846
3.846
3.846
3.846
3.846
3.846
3.846
3.846
3.846
3.846
3.846
3.846
3.846
3.846
3.846
3.846
3.846
3.846
3.846
3.846
3.846
3.846
3.846
3.846
3.813
3.813
3.813
3.813
3.813
3.813
3.813
3.813
3.813
3.813
3.813
3.813
3.813
3.813
3.813
3.813
3.813
3.813
3.813
3.813
3.813
3.813
3.813
3.813
3.813
3.813
3.813
3.813
3.813
3.813
3.752
3.752
3.752
3.752
3.752
3.752
3.752
3.752
3.752
3.752
3.752
3.752
3.752
3.752
3.752
3.752
3.752
3.752
3.752
3.752
3.752
3.752
3.752
3.752
3.752
3.752
3.752
3.752
3.752
3.752
3.62
3.62
3.62
3.62
3.62
3.62
3.62
3.62
3.62
3.62
3.62
3.62
3.62
3.62
3.62
3.62
3.62
3.62
3.62
3.62
3.62
3.62
3.62
3.62
3.62
3.62
3.62
3.62
3.62
3.62
3.612
3.612
3.612
3.612
3.612
3.612
3.612
3.612
3.612
3.612
3.612
3.612
3.612
3.612
3.612
3.612
3.612
3.612
3.612
3.612
3.612
3.612
3.612
3.612
3.612
3.612
3.612
3.612
3.612
3.612
3.602
3.602
3.602
3.602
3.602
3.602
3.602
3.602
3.602
3.602
3.602
3.602
3.602
3.602
3.602
3.602
3.602
3.602
3.602
3.602
3.602
3.602
3.602
3.602
3.602
3.602
3.602
3.602
3.602
3.602
3.594
3.594
3.594
3.594
3.594
3.594
3.594
3.594
3.594
3.594
3.594
3.594
3.594
3.594
3.594
3.594
3.594
3.594
3.594
3.594
3.594
3.594
3.594
3.594
3.594
3.594
3.594
3.594
3.594
3.594
3.5
3.5
3.5
3.5
3.5
3.5
3.5
3.5
3.5
3.5
3.5
3.5
3.5
3.5
3.5
3.5
3.5
3.5
3.5
3.5
3.5
3.5
3.5
3.5
3.5
3.5
3.5
3.5
3.5
3.5
3.497
3.497
3.497
3.497
3.497
3.497
3.497
3.497
3.497
3.497
3.497
3.497
3.497
3.497
3.497
3.497
3.497
3.497
3.497
3.497
3.497
3.497
3.497
3.497
3.497
3.497
3.497
3.497
3.497
3.497
3.482
3.482
3.482
3.482
3.482
3.482
3.482
3.482
3.482
3.482
3.482
3.482
3.482
3.482
3.482
3.482
3.482
3.482
3.482
3.482
3.482
3.482
3.482
3.482
3.482
3.482
3.482
3.482
3.482
3.482
3.47
3.47
3.47
3.47
3.47
3.47
3.47
3.47
3.47
3.47
3.47
3.47
3.47
3.47
3.47
3.47
3.47
3.47
3.47
3.47
3.47
3.47
3.47
3.47
3.47
3.47
3.47
3.47
3.47
3.47
3.493
3.493
3.493
3.493
3.493
3.493
3.493
3.493
3.493
3.493
3.493
3.493
3.493
3.493
3.493
3.493
3.493
3.493
3.493
3.493
3.493
3.493
3.493
3.493
3.493
3.493
3.493
3.493
3.493
3.493
3.513
3.513
3.513
3.513
3.513
3.513
3.513
3.513
3.513
3.513
3.513
3.513
3.513
3.513
3.513
3.513
3.513
3.513
3.513
3.513
3.513
3.513
3.513
3.513
3.513
3.513
3.513
3.513
3.513
3.513
3.535
3.535
3.535
3.535
3.535
3.535
3.535
3.535
3.535
3.535
3.535
3.535
3.535
3.535
3.535
3.535
3.535
3.535
3.535
3.535
3.535
3.535
3.535
3.535
3.535
3.535
3.535
3.535
3.535
3.535
3.555
3.555
3.555
3.555
3.555
3.555
3.555
3.555
3.555
3.555
3.555
3.555
3.555
3.555
3.555
3.555
3.555
3.555
3.555
3.555
3.555
3.555
3.555
3.555
3.555
3.555
3.555
3.555
3.555
3.555
4.017
4.017
4.017
4.017
4.017
4.017
4.017
4.017
4.017
4.017
4.017
4.017
4.017
4.017
4.017
4.017
4.017
4.017
4.017
4.017
4.017
4.017
4.017
4.017
4.017
4.017
4.017
4.017
4.017
4.017
4.005
4.005
4.005
4.005
4.005
4.005
4.005
4.005
4.005
4.005
4.005
4.005
4.005
4.005
4.005
4.005
4.005
4.005
4.005
4.005
4.005
4.005
4.005
4.005
4.005
4.005
4.005
4.005
4.005
4.005
3.99
3.99
3.99
3.99
3.99
3.99
3.99
3.99
3.99
3.99
3.99
3.99
3.99
3.99
3.99
3.99
3.99
3.99
3.99
3.99
3.99
3.99
3.99
3.99
3.99
3.99
3.99
3.99
3.99
3.99
3.96
3.96
3.96
3.96
3.96
3.96
3.96
3.96
3.96
3.96
3.96
3.96
3.96
3.96
3.96
3.96
3.96
3.96
3.96
3.96
3.96
3.96
3.96
3.96
3.96
3.96
3.96
3.96
3.96
3.96
3.928
3.928
3.928
3.928
3.928
3.928
3.928
3.928
3.928
3.928
3.928
3.928
3.928
3.928
3.928
3.928
3.928
3.928
3.928
3.928
3.928
3.928
3.928
3.928
3.928
3.928
3.928
3.928
3.928
3.928
3.891
3.891
3.891
3.891
3.891
3.891
3.891
3.891
3.891
3.891
3.891
3.891
3.891
3.891
3.891
3.891
3.891
3.891
3.891
3.891
3.891
3.891
3.891
3.891
3.891
3.891
3.891
3.891
3.891
3.891
3.957
3.957
3.957
3.957
3.957
3.957
3.957
3.957
3.957
3.957
3.957
3.957
3.957
3.957
3.957
3.957
3.957
3.957
3.957
3.957
3.957
3.957
3.957
3.957
3.957
3.957
3.957
3.957
3.957
3.957
4.226
4.226
4.226
4.226
4.226
4.226
4.226
4.226
4.226
4.226
4.226
4.226
4.226
4.226
4.226
4.226
4.226
4.226
4.226
4.226
4.226
4.226
4.226
4.226
4.226
4.226
4.226
4.226
4.226
4.226
4.632
4.632
4.632
4.632
4.632
4.632
4.632
4.632
4.632
4.632
4.632
4.632
4.632
4.632
4.632
4.632
4.632
4.632
4.632
4.632
4.632
4.632
4.632
4.632
4.632
4.632
4.632
4.632
4.632
4.632
4.138
4.138
4.138
4.138
4.138
4.138
4.138
4.138
4.138
4.138
4.138
4.138
4.138
4.138
4.138
4.138
4.138
4.138
4.138
4.138
4.138
4.138
4.138
4.138
4.138
4.138
4.138
4.138
4.138
4.138
3.87
3.87
3.87
3.87
3.87
3.87
3.87
3.87
3.87
3.87
3.87
3.87
3.87
3.87
3.87
3.87
3.87
3.87
3.87
3.87
3.87
3.87
3.87
3.87
3.87
3.87
3.87
3.87
3.87
3.87
3.783
3.783
3.783
3.783
3.783
3.783
3.783
3.783
3.783
3.783
3.783
3.783
3.783
3.783
3.783
3.783
3.783
3.783
3.783
3.783
3.783
3.783
3.783
3.783
3.783
3.783
3.783
3.783
3.783
3.783
4.091
4.091
4.091
4.091
4.091
4.091
4.091
4.091
4.091
4.091
4.091
4.091
4.091
4.091
4.091
4.091
4.091
4.091
4.091
4.091
4.091
4.091
4.091
4.091
4.091
4.091
4.091
4.091
4.091
4.091
3.822
3.822
3.822
3.822
3.822
3.822
3.822
3.822
3.822
3.822
3.822
3.822
3.822
3.822
3.822
3.822
3.822
3.822
3.822
3.822
3.822
3.822
3.822
3.822
3.822
3.822
3.822
3.822
3.822
3.822
