2.963
2.963
2.963
2.963
2.963
2.963
2.963
2.963
2.963
2.963
2.963
2.963
2.963
2.963
2.963
2.963
2.963
2.963
2.963
2.963
2.963
2.963
2.963
2.963
2.963
2.963
2.963
2.963
2.963
2.963
3.059
3.059
3.059
3.059
3.059
3.059
3.059
3.059
3.059
3.059
3.059
3.059
3.059
3.059
3.059
3.059
3.059
3.059
3.059
3.059
3.059
3.059
3.059
3.059
3.059
3.059
3.059
3.059
3.059
3.059
3.276
3.276
3.276
3.276
3.276
3.276
3.276
3.276
3.276
3.276
3.276
3.276
3.276
3.276
3.276
3.276
3.276
3.276
3.276
3.276
3.276
3.276
3.276
3.276
3.276
3.276
3.276
3.276
3.276
3.276
3.248
3.248
3.248
3.248
3.248
3.248
3.248
3.248
3.248
3.248
3.248
3.248
3.248
3.248
3.248
3.248
3.248
3.248
3.248
3.248
3.248
3.248
3.248
3.248
3.248
3.248
3.248
3.248
3.248
3.248
3.407
3.407
3.407
3.407
3.407
3.407
3.407
3.407
3.407
3.407
3.407
3.407
3.407
3.407
3.407
3.407
3.407
3.407
3.407
3.407
3.407
3.407
3.407
3.407
3.407
3.407
3.407
3.407
3.407
3.407
3.338
3.338
3.338
3.338
3.338
3.338
3.338
3.338
3.338
3.338
3.338
3.338
3.338
3.338
3.338
3.338
3.338
3.338
3.338
3.338
3.338
3.338
3.338
3.338
3.338
3.338
3.338
3.338
3.338
3.338
2.574
2.574
2.574
2.574
2.574
2.574
2.574
2.574
2.574
2.574
2.574
2.574
2.574
2.574
2.574
2.574
2.574
2.574
2.574
2.574
2.574
2.574
2.574
2.574
2.574
2.574
2.574
2.574
2.574
2.574
2.17
2.17
2.17
2.17
2.17
2.17
2.17
2.17
2.17
2.17
2.17
2.17
2.17
2.17
2.17
2.17
2.17
2.17
2.17
2.17
2.17
2.17
2.17
2.17
2.17
2.17
2.17
2.17
2.17
2.17
2.257
2.257
2.257
2.257
2.257
2.257
2.257
2.257
2.257
2.257
2.257
2.257
2.257
2.257
2.257
2.257
2.257
2.257
2.257
2.257
2.257
2.257
2.257
2.257
2.257
2.257
2.257
2.257
2.257
2.257
2.252
2.252
2.252
2.252
2.252
2.252
2.252
2.252
2.252
2.252
2.252
2.252
2.252
2.252
2.252
2.252
2.252
2.252
2.252
2.252
2.252
2.252
2.252
2.252
2.252
2.252
2.252
2.252
2.252
2.252
2.874
2.874
2.874
2.874
2.874
2.874
2.874
2.874
2.874
2.874
2.874
2.874
2.874
2.874
2.874
2.874
2.874
2.874
2.874
2.874
2.874
2.874
2.874
2.874
2.874
2.874
2.874
2.874
2.874
2.874
3.067
3.067
3.067
3.067
3.067
3.067
3.067
3.067
3.067
3.067
3.067
3.067
3.067
3.067
3.067
3.067
3.067
3.067
3.067
3.067
3.067
3.067
3.067
3.067
3.067
3.067
3.067
3.067
3.067
3.067
3.31
3.31
3.31
3.31
3.31
3.31
3.31
3.31
3.31
3.31
3.31
3.31
3.31
3.31
3.31
3.31
3.31
3.31
3.31
3.31
3.31
3.31
3.31
3.31
3.31
3.31
3.31
3.31
3.31
3.31
3.378
3.378
3.378
3.378
3.378
3.378
3.378
3.378
3.378
3.378
3.378
3.378
3.378
3.378
3.378
3.378
3.378
3.378
3.378
3.378
3.378
3.378
3.378
3.378
3.378
3.378
3.378
3.378
3.378
3.378
3.559
3.559
3.559
3.559
3.559
3.559
3.559
3.559
3.559
3.559
3.559
3.559
3.559
3.559
3.559
3.559
3.559
3.559
3.559
3.559
3.559
3.559
3.559
3.559
3.559
3.559
3.559
3.559
3.559
3.559
3.887
3.887
3.887
3.887
3.887
3.887
3.887
3.887
3.887
3.887
3.887
3.887
3.887
3.887
3.887
3.887
3.887
3.887
3.887
3.887
3.887
3.887
3.887
3.887
3.887
3.887
3.887
3.887
3.887
3.887
3.792
3.792
3.792
3.792
3.792
3.792
3.792
3.792
3.792
3.792
3.792
3.792
3.792
3.792
3.792
3.792
3.792
3.792
3.792
3.792
3.792
3.792
3.792
3.792
3.792
3.792
3.792
3.792
3.792
3.792
3.528
3.528
3.528
3.528
3.528
3.528
3.528
3.528
3.528
3.528
3.528
3.528
3.528
3.528
3.528
3.528
3.528
3.528
3.528
3.528
3.528
3.528
3.528
3.528
3.528
3.528
3.528
3.528
3.528
3.528
3.708
3.708
3.708
3.708
3.708
3.708
3.708
3.708
3.708
3.708
3.708
3.708
3.708
3.708
3.708
3.708
3.708
3.708
3.708
3.708
3.708
3.708
3.708
3.708
3.708
3.708
3.708
3.708
3.708
3.708
3.772
3.772
3.772
3.772
3.772
3.772
3.772
3.772
3.772
3.772
3.772
3.772
3.772
3.772
3.772
3.772
3.772
3.772
3.772
3.772
3.772
3.772
3.772
3.772
3.772
3.772
3.772
3.772
3.772
3.772
3.771
3.771
3.771
3.771
3.771
3.771
3.771
3.771
3.771
3.771
3.771
3.771
3.771
3.771
3.771
3.771
3.771
3.771
3.771
3.771
3.771
3.771
3.771
3.771
3.771
3.771
3.771
3.771
3.771
3.771
3.72
3.72
3.72
3.72
3.72
3.72
3.72
3.72
3.72
3.72
3.72
3.72
3.72
3.72
3.72
3.72
3.72
3.72
3.72
3.72
3.72
3.72
3.72
3.72
3.72
3.72
3.72
3.72
3.72
3.72
3.241
3.241
3.241
3.241
3.241
3.241
3.241
3.241
3.241
3.241
3.241
3.241
3.241
3.241
3.241
3.241
3.241
3.241
3.241
3.241
3.241
3.241
3.241
3.241
3.241
3.241
3.241
3.241
3.241
3.241
3.218
3.218
3.218
3.218
3.218
3.218
3.218
3.218
3.218
3.218
3.218
3.218
3.218
3.218
3.218
3.218
3.218
3.218
3.218
3.218
3.218
3.218
3.218
3.218
3.218
3.218
3.218
3.218
3.218
3.218
3.271
3.271
3.271
3.271
3.271
3.271
3.271
3.271
3.271
3.271
3.271
3.271
3.271
3.271
3.271
3.271
3.271
3.271
3.271
3.271
3.271
3.271
3.271
3.271
3.271
3.271
3.271
3.271
3.271
3.271
3.167
3.167
3.167
3.167
3.167
3.167
3.167
3.167
3.167
3.167
3.167
3.167
3.167
3.167
3.167
3.167
3.167
3.167
3.167
3.167
3.167
3.167
3.167
3.167
3.167
3.167
3.167
3.167
3.167
3.167
2.968
2.968
2.968
2.968
2.968
2.968
2.968
2.968
2.968
2.968
2.968
2.968
2.968
2.968
2.968
2.968
2.968
2.968
2.968
2.968
2.968
2.968
2.968
2.968
2.968
2.968
2.968
2.968
2.968
2.968
2.957
2.957
2.957
2.957
2.957
2.957
2.957
2.957
2.957
2.957
2.957
2.957
2.957
2.957
2.957
2.957
2.957
2.957
2.957
2.957
2.957
2.957
2.957
2.957
2.957
2.957
2.957
2.957
2.957
2.957
2.939
2.939
2.939
2.939
2.939
2.939
2.939
2.939
2.939
2.939
2.939
2.939
2.939
2.939
2.939
2.939
2.939
2.939
2.939
2.939
2.939
2.939
2.939
2.939
2.939
2.939
2.939
2.939
2.939
2.939
2.928
2.928
2.928
2.928
2.928
2.928
2.928
2.928
2.928
2.928
2.928
2.928
2.928
2.928
2.928
2.928
2.928
2.928
2.928
2.928
2.928
2.928
2.928
2.928
2.928
2.928
2.928
2.928
2.928
2.928
3.188
3.188
3.188
3.188
3.188
3.188
3.188
3.188
3.188
3.188
3.188
3.188
3.188
3.188
3.188
3.188
3.188
3.188
3.188
3.188
3.188
3.188
3.188
3.188
3.188
3.188
3.188
3.188
3.188
3.188
3.256
3.256
3.256
3.256
3.256
3.256
3.256
3.256
3.256
3.256
3.256
3.256
3.256
3.256
3.256
3.256
3.256
3.256
3.256
3.256
3.256
3.256
3.256
3.256
3.256
3.256
3.256
3.256
3.256
3.256
3.288
3.288
3.288
3.288
3.288
3.288
3.288
3.288
3.288
3.288
3.288
3.288
3.288
3.288
3.288
3.288
3.288
3.288
3.288
3.288
3.288
3.288
3.288
3.288
3.288
3.288
3.288
3.288
3.288
3.288
3.634
3.634
3.634
3.634
3.634
3.634
3.634
3.634
3.634
3.634
3.634
3.634
3.634
3.634
3.634
3.634
3.634
3.634
3.634
3.634
3.634
3.634
3.634
3.634
3.634
3.634
3.634
3.634
3.634
3.634
4.609
4.609
4.609
4.609
4.609
4.609
4.609
4.609
4.609
4.609
4.609
4.609
4.609
4.609
4.609
4.609
4.609
4.609
4.609
4.609
4.609
4.609
4.609
4.609
4.609
4.609
4.609
4.609
4.609
4.609
4.708
4.708
4.708
4.708
4.708
4.708
4.708
4.708
4.708
4.708
4.708
4.708
4.708
4.708
4.708
4.708
4.708
4.708
4.708
4.708
4.708
4.708
4.708
4.708
4.708
4.708
4.708
4.708
4.708
4.708
4.438
4.438
4.438
4.438
4.438
4.438
4.438
4.438
4.438
4.438
4.438
4.438
4.438
4.438
4.438
4.438
4.438
4.438
4.438
4.438
4.438
4.438
4.438
4.438
4.438
4.438
4.438
4.438
4.438
4.438
4.306
4.306
4.306
4.306
4.306
4.306
4.306
4.306
4.306
4.306
4.306
4.306
4.306
4.306
4.306
4.306
4.306
4.306
4.306
4.306
4.306
4.306
4.306
4.306
4.306
4.306
4.306
4.306
4.306
4.306
3.529
3.529
3.529
3.529
3.529
3.529
3.529
3.529
3.529
3.529
3.529
3.529
3.529
3.529
3.529
3.529
3.529
3.529
3.529
3.529
3.529
3.529
3.529
3.529
3.529
3.529
3.529
3.529
3.529
3.529
3.454
3.454
3.454
3.454
3.454
3.454
3.454
3.454
3.454
3.454
3.454
3.454
3.454
3.454
3.454
3.454
3.454
3.454
3.454
3.454
3.454
3.454
3.454
3.454
3.454
3.454
3.454
3.454
3.454
3.454
3.4
3.4
3.4
3.4
3.4
3.4
3.4
3.4
3.4
3.4
3.4
3.4
3.4
3.4
3.4
3.4
3.4
3.4
3.4
3.4
3.4
3.4
3.4
3.4
3.4
3.4
3.4
3.4
3.4
3.4
3.353
3.353
3.353
3.353
3.353
3.353
3.353
3.353
3.353
3.353
3.353
3.353
3.353
3.353
3.353
3.353
3.353
3.353
3.353
3.353
3.353
3.353
3.353
3.353
3.353
3.353
3.353
3.353
3.353
3.353
3.255
3.255
3.255
3.255
3.255
3.255
3.255
3.255
3.255
3.255
3.255
3.255
3.255
3.255
3.255
3.255
3.255
3.255
3.255
3.255
3.255
3.255
3.255
3.255
3.255
3.255
3.255
3.255
3.255
3.255
3.255
3.255
3.255
3.255
3.255
3.255
3.255
3.255
3.255
3.255
3.255
3.255
3.255
3.255
3.255
3.255
3.255
3.255
3.255
3.255
3.255
3.255
3.255
3.255
3.255
3.255
3.255
3.255
3.255
3.255
3.213
3.213
3.213
3.213
3.213
3.213
3.213
3.213
3.213
3.213
3.213
3.213
3.213
3.213
3.213
3.213
3.213
3.213
3.213
3.213
3.213
3.213
3.213
3.213
3.213
3.213
3.213
3.213
3.213
3.213
3.204
3.204
3.204
3.204
3.204
3.204
3.204
3.204
3.204
3.204
3.204
3.204
3.204
3.204
3.204
3.204
3.204
3.204
3.204
3.204
3.204
3.204
3.204
3.204
3.204
3.204
3.204
3.204
3.204
3.204
2.971
2.971
2.971
2.971
2.971
2.971
2.971
2.971
2.971
2.971
2.971
2.971
2.971
2.971
2.971
2.971
2.971
2.971
2.971
2.971
2.971
2.971
2.971
2.971
2.971
2.971
2.971
2.971
2.971
2.971
2.889
2.889
2.889
2.889
2.889
2.889
2.889
2.889
2.889
2.889
2.889
2.889
2.889
2.889
2.889
2.889
2.889
2.889
2.889
2.889
2.889
2.889
2.889
2.889
2.889
2.889
2.889
2.889
2.889
2.889
