3.443
3.443
3.443
3.443
3.443
3.443
3.443
3.443
3.443
3.443
3.443
3.443
3.443
3.443
3.443
3.443
3.443
3.443
3.443
3.443
3.443
3.443
3.443
3.443
3.443
3.443
3.443
3.443
3.443
3.443
3.503
3.503
3.503
3.503
3.503
3.503
3.503
3.503
3.503
3.503
3.503
3.503
3.503
3.503
3.503
3.503
3.503
3.503
3.503
3.503
3.503
3.503
3.503
3.503
3.503
3.503
3.503
3.503
3.503
3.503
3.274
3.274
3.274
3.274
3.274
3.274
3.274
3.274
3.274
3.274
3.274
3.274
3.274
3.274
3.274
3.274
3.274
3.274
3.274
3.274
3.274
3.274
3.274
3.274
3.274
3.274
3.274
3.274
3.274
3.274
3.278
3.278
3.278
3.278
3.278
3.278
3.278
3.278
3.278
3.278
3.278
3.278
3.278
3.278
3.278
3.278
3.278
3.278
3.278
3.278
3.278
3.278
3.278
3.278
3.278
3.278
3.278
3.278
3.278
3.278
3.264
3.264
3.264
3.264
3.264
3.264
3.264
3.264
3.264
3.264
3.264
3.264
3.264
3.264
3.264
3.264
3.264
3.264
3.264
3.264
3.264
3.264
3.264
3.264
3.264
3.264
3.264
3.264
3.264
3.264
3.243
3.243
3.243
3.243
3.243
3.243
3.243
3.243
3.243
3.243
3.243
3.243
3.243
3.243
3.243
3.243
3.243
3.243
3.243
3.243
3.243
3.243
3.243
3.243
3.243
3.243
3.243
3.243
3.243
3.243
3.192
3.192
3.192
3.192
3.192
3.192
3.192
3.192
3.192
3.192
3.192
3.192
3.192
3.192
3.192
3.192
3.192
3.192
3.192
3.192
3.192
3.192
3.192
3.192
3.192
3.192
3.192
3.192
3.192
3.192
3.201
3.201
3.201
3.201
3.201
3.201
3.201
3.201
3.201
3.201
3.201
3.201
3.201
3.201
3.201
3.201
3.201
3.201
3.201
3.201
3.201
3.201
3.201
3.201
3.201
3.201
3.201
3.201
3.201
3.201
3.14
3.14
3.14
3.14
3.14
3.14
3.14
3.14
3.14
3.14
3.14
3.14
3.14
3.14
3.14
3.14
3.14
3.14
3.14
3.14
3.14
3.14
3.14
3.14
3.14
3.14
3.14
3.14
3.14
3.14
2.972
2.972
2.972
2.972
2.972
2.972
2.972
2.972
2.972
2.972
2.972
2.972
2.972
2.972
2.972
2.972
2.972
2.972
2.972
2.972
2.972
2.972
2.972
2.972
2.972
2.972
2.972
2.972
2.972
2.972
2.932
2.932
2.932
2.932
2.932
2.932
2.932
2.932
2.932
2.932
2.932
2.932
2.932
2.932
2.932
2.932
2.932
2.932
2.932
2.932
2.932
2.932
2.932
2.932
2.932
2.932
2.932
2.932
2.932
2.932
2.998
2.998
2.998
2.998
2.998
2.998
2.998
2.998
2.998
2.998
2.998
2.998
2.998
2.998
2.998
2.998
2.998
2.998
2.998
2.998
2.998
2.998
2.998
2.998
2.998
2.998
2.998
2.998
2.998
2.998
3.183
3.183
3.183
3.183
3.183
3.183
3.183
3.183
3.183
3.183
3.183
3.183
3.183
3.183
3.183
3.183
3.183
3.183
3.183
3.183
3.183
3.183
3.183
3.183
3.183
3.183
3.183
3.183
3.183
3.183
3.055
3.055
3.055
3.055
3.055
3.055
3.055
3.055
3.055
3.055
3.055
3.055
3.055
3.055
3.055
3.055
3.055
3.055
3.055
3.055
3.055
3.055
3.055
3.055
3.055
3.055
3.055
3.055
3.055
3.055
3.321
3.321
3.321
3.321
3.321
3.321
3.321
3.321
3.321
3.321
3.321
3.321
3.321
3.321
3.321
3.321
3.321
3.321
3.321
3.321
3.321
3.321
3.321
3.321
3.321
3.321
3.321
3.321
3.321
3.321
3.624
3.624
3.624
3.624
3.624
3.624
3.624
3.624
3.624
3.624
3.624
3.624
3.624
3.624
3.624
3.624
3.624
3.624
3.624
3.624
3.624
3.624
3.624
3.624
3.624
3.624
3.624
3.624
3.624
3.624
3.901
3.901
3.901
3.901
3.901
3.901
3.901
3.901
3.901
3.901
3.901
3.901
3.901
3.901
3.901
3.901
3.901
3.901
3.901
3.901
3.901
3.901
3.901
3.901
3.901
3.901
3.901
3.901
3.901
3.901
4.448
4.448
4.448
4.448
4.448
4.448
4.448
4.448
4.448
4.448
4.448
4.448
4.448
4.448
4.448
4.448
4.448
4.448
4.448
4.448
4.448
4.448
4.448
4.448
4.448
4.448
4.448
4.448
4.448
4.448
4.581
4.581
4.581
4.581
4.581
4.581
4.581
4.581
4.581
4.581
4.581
4.581
4.581
4.581
4.581
4.581
4.581
4.581
4.581
4.581
4.581
4.581
4.581
4.581
4.581
4.581
4.581
4.581
4.581
4.581
4.629
4.629
4.629
4.629
4.629
4.629
4.629
4.629
4.629
4.629
4.629
4.629
4.629
4.629
4.629
4.629
4.629
4.629
4.629
4.629
4.629
4.629
4.629
4.629
4.629
4.629
4.629
4.629
4.629
4.629
4.331
4.331
4.331
4.331
4.331
4.331
4.331
4.331
4.331
4.331
4.331
4.331
4.331
4.331
4.331
4.331
4.331
4.331
4.331
4.331
4.331
4.331
4.331
4.331
4.331
4.331
4.331
4.331
4.331
4.331
3.96
3.96
3.96
3.96
3.96
3.96
3.96
3.96
3.96
3.96
3.96
3.96
3.96
3.96
3.96
3.96
3.96
3.96
3.96
3.96
3.96
3.96
3.96
3.96
3.96
3.96
3.96
3.96
3.96
3.96
3.378
3.378
3.378
3.378
3.378
3.378
3.378
3.378
3.378
3.378
3.378
3.378
3.378
3.378
3.378
3.378
3.378
3.378
3.378
3.378
3.378
3.378
3.378
3.378
3.378
3.378
3.378
3.378
3.378
3.378
3.345
3.345
3.345
3.345
3.345
3.345
3.345
3.345
3.345
3.345
3.345
3.345
3.345
3.345
3.345
3.345
3.345
3.345
3.345
3.345
3.345
3.345
3.345
3.345
3.345
3.345
3.345
3.345
3.345
3.345
3.235
3.235
3.235
3.235
3.235
3.235
3.235
3.235
3.235
3.235
3.235
3.235
3.235
3.235
3.235
3.235
3.235
3.235
3.235
3.235
3.235
3.235
3.235
3.235
3.235
3.235
3.235
3.235
3.235
3.235
3.198
3.198
3.198
3.198
3.198
3.198
3.198
3.198
3.198
3.198
3.198
3.198
3.198
3.198
3.198
3.198
3.198
3.198
3.198
3.198
3.198
3.198
3.198
3.198
3.198
3.198
3.198
3.198
3.198
3.198
3.024
3.024
3.024
3.024
3.024
3.024
3.024
3.024
3.024
3.024
3.024
3.024
3.024
3.024
3.024
3.024
3.024
3.024
3.024
3.024
3.024
3.024
3.024
3.024
3.024
3.024
3.024
3.024
3.024
3.024
3.027
3.027
3.027
3.027
3.027
3.027
3.027
3.027
3.027
3.027
3.027
3.027
3.027
3.027
3.027
3.027
3.027
3.027
3.027
3.027
3.027
3.027
3.027
3.027
3.027
3.027
3.027
3.027
3.027
3.027
3.027
3.027
3.027
3.027
3.027
3.027
3.027
3.027
3.027
3.027
3.027
3.027
3.027
3.027
3.027
3.027
3.027
3.027
3.027
3.027
3.027
3.027
3.027
3.027
3.027
3.027
3.027
3.027
3.027
3.027
3.014
3.014
3.014
3.014
3.014
3.014
3.014
3.014
3.014
3.014
3.014
3.014
3.014
3.014
3.014
3.014
3.014
3.014
3.014
3.014
3.014
3.014
3.014
3.014
3.014
3.014
3.014
3.014
3.014
3.014
3.005
3.005
3.005
3.005
3.005
3.005
3.005
3.005
3.005
3.005
3.005
3.005
3.005
3.005
3.005
3.005
3.005
3.005
3.005
3.005
3.005
3.005
3.005
3.005
3.005
3.005
3.005
3.005
3.005
3.005
3.003
3.003
3.003
3.003
3.003
3.003
3.003
3.003
3.003
3.003
3.003
3.003
3.003
3.003
3.003
3.003
3.003
3.003
3.003
3.003
3.003
3.003
3.003
3.003
3.003
3.003
3.003
3.003
3.003
3.003
3.098
3.098
3.098
3.098
3.098
3.098
3.098
3.098
3.098
3.098
3.098
3.098
3.098
3.098
3.098
3.098
3.098
3.098
3.098
3.098
3.098
3.098
3.098
3.098
3.098
3.098
3.098
3.098
3.098
3.098
3.451
3.451
3.451
3.451
3.451
3.451
3.451
3.451
3.451
3.451
3.451
3.451
3.451
3.451
3.451
3.451
3.451
3.451
3.451
3.451
3.451
3.451
3.451
3.451
3.451
3.451
3.451
3.451
3.451
3.451
4.348
4.348
4.348
4.348
4.348
4.348
4.348
4.348
4.348
4.348
4.348
4.348
4.348
4.348
4.348
4.348
4.348
4.348
4.348
4.348
4.348
4.348
4.348
4.348
4.348
4.348
4.348
4.348
4.348
4.348
4.165
4.165
4.165
4.165
4.165
4.165
4.165
4.165
4.165
4.165
4.165
4.165
4.165
4.165
4.165
4.165
4.165
4.165
4.165
4.165
4.165
4.165
4.165
4.165
4.165
4.165
4.165
4.165
4.165
4.165
4.208
4.208
4.208
4.208
4.208
4.208
4.208
4.208
4.208
4.208
4.208
4.208
4.208
4.208
4.208
4.208
4.208
4.208
4.208
4.208
4.208
4.208
4.208
4.208
4.208
4.208
4.208
4.208
4.208
4.208
4.099
4.099
4.099
4.099
4.099
4.099
4.099
4.099
4.099
4.099
4.099
4.099
4.099
4.099
4.099
4.099
4.099
4.099
4.099
4.099
4.099
4.099
4.099
4.099
4.099
4.099
4.099
4.099
4.099
4.099
4.477
4.477
4.477
4.477
4.477
4.477
4.477
4.477
4.477
4.477
4.477
4.477
4.477
4.477
4.477
4.477
4.477
4.477
4.477
4.477
4.477
4.477
4.477
4.477
4.477
4.477
4.477
4.477
4.477
4.477
5.767
5.767
5.767
5.767
5.767
5.767
5.767
5.767
5.767
5.767
5.767
5.767
5.767
5.767
5.767
5.767
5.767
5.767
5.767
5.767
5.767
5.767
5.767
5.767
5.767
5.767
5.767
5.767
5.767
5.767
5.205
5.205
5.205
5.205
5.205
5.205
5.205
5.205
5.205
5.205
5.205
5.205
5.205
5.205
5.205
5.205
5.205
5.205
5.205
5.205
5.205
5.205
5.205
5.205
5.205
5.205
5.205
5.205
5.205
5.205
5.546
5.546
5.546
5.546
5.546
5.546
5.546
5.546
5.546
5.546
5.546
5.546
5.546
5.546
5.546
5.546
5.546
5.546
5.546
5.546
5.546
5.546
5.546
5.546
5.546
5.546
5.546
5.546
5.546
5.546
4.994
4.994
4.994
4.994
4.994
4.994
4.994
4.994
4.994
4.994
4.994
4.994
4.994
4.994
4.994
4.994
4.994
4.994
4.994
4.994
4.994
4.994
4.994
4.994
4.994
4.994
4.994
4.994
4.994
4.994
4.313
4.313
4.313
4.313
4.313
4.313
4.313
4.313
4.313
4.313
4.313
4.313
4.313
4.313
4.313
4.313
4.313
4.313
4.313
4.313
4.313
4.313
4.313
4.313
4.313
4.313
4.313
4.313
4.313
4.313
4.183
4.183
4.183
4.183
4.183
4.183
4.183
4.183
4.183
4.183
4.183
4.183
4.183
4.183
4.183
4.183
4.183
4.183
4.183
4.183
4.183
4.183
4.183
4.183
4.183
4.183
4.183
4.183
4.183
4.183
3.71
3.71
3.71
3.71
3.71
3.71
3.71
3.71
3.71
3.71
3.71
3.71
3.71
3.71
3.71
3.71
3.71
3.71
3.71
3.71
3.71
3.71
3.71
3.71
3.71
3.71
3.71
3.71
3.71
3.71
3.721
3.721
3.721
3.721
3.721
3.721
3.721
3.721
3.721
3.721
3.721
3.721
3.721
3.721
3.721
3.721
3.721
3.721
3.721
3.721
3.721
3.721
3.721
3.721
3.721
3.721
3.721
3.721
3.721
3.721
3.504
3.504
3.504
3.504
3.504
3.504
3.504
3.504
3.504
3.504
3.504
3.504
3.504
3.504
3.504
3.504
3.504
3.504
3.504
3.504
3.504
3.504
3.504
3.504
3.504
3.504
3.504
3.504
3.504
3.504
