3.571
3.571
3.571
3.571
3.571
3.571
3.571
3.571
3.571
3.571
3.571
3.571
3.571
3.571
3.571
3.571
3.571
3.571
3.571
3.571
3.571
3.571
3.571
3.571
3.571
3.571
3.571
3.571
3.571
3.571
3.426
3.426
3.426
3.426
3.426
3.426
3.426
3.426
3.426
3.426
3.426
3.426
3.426
3.426
3.426
3.426
3.426
3.426
3.426
3.426
3.426
3.426
3.426
3.426
3.426
3.426
3.426
3.426
3.426
3.426
3.65
3.65
3.65
3.65
3.65
3.65
3.65
3.65
3.65
3.65
3.65
3.65
3.65
3.65
3.65
3.65
3.65
3.65
3.65
3.65
3.65
3.65
3.65
3.65
3.65
3.65
3.65
3.65
3.65
3.65
3.528
3.528
3.528
3.528
3.528
3.528
3.528
3.528
3.528
3.528
3.528
3.528
3.528
3.528
3.528
3.528
3.528
3.528
3.528
3.528
3.528
3.528
3.528
3.528
3.528
3.528
3.528
3.528
3.528
3.528
3.361
3.361
3.361
3.361
3.361
3.361
3.361
3.361
3.361
3.361
3.361
3.361
3.361
3.361
3.361
3.361
3.361
3.361
3.361
3.361
3.361
3.361
3.361
3.361
3.361
3.361
3.361
3.361
3.361
3.361
3.333
3.333
3.333
3.333
3.333
3.333
3.333
3.333
3.333
3.333
3.333
3.333
3.333
3.333
3.333
3.333
3.333
3.333
3.333
3.333
3.333
3.333
3.333
3.333
3.333
3.333
3.333
3.333
3.333
3.333
3.19
3.19
3.19
3.19
3.19
3.19
3.19
3.19
3.19
3.19
3.19
3.19
3.19
3.19
3.19
3.19
3.19
3.19
3.19
3.19
3.19
3.19
3.19
3.19
3.19
3.19
3.19
3.19
3.19
3.19
3.166
3.166
3.166
3.166
3.166
3.166
3.166
3.166
3.166
3.166
3.166
3.166
3.166
3.166
3.166
3.166
3.166
3.166
3.166
3.166
3.166
3.166
3.166
3.166
3.166
3.166
3.166
3.166
3.166
3.166
3.159
3.159
3.159
3.159
3.159
3.159
3.159
3.159
3.159
3.159
3.159
3.159
3.159
3.159
3.159
3.159
3.159
3.159
3.159
3.159
3.159
3.159
3.159
3.159
3.159
3.159
3.159
3.159
3.159
3.159
3.14
3.14
3.14
3.14
3.14
3.14
3.14
3.14
3.14
3.14
3.14
3.14
3.14
3.14
3.14
3.14
3.14
3.14
3.14
3.14
3.14
3.14
3.14
3.14
3.14
3.14
3.14
3.14
3.14
3.14
3.32
3.32
3.32
3.32
3.32
3.32
3.32
3.32
3.32
3.32
3.32
3.32
3.32
3.32
3.32
3.32
3.32
3.32
3.32
3.32
3.32
3.32
3.32
3.32
3.32
3.32
3.32
3.32
3.32
3.32
3.615
3.615
3.615
3.615
3.615
3.615
3.615
3.615
3.615
3.615
3.615
3.615
3.615
3.615
3.615
3.615
3.615
3.615
3.615
3.615
3.615
3.615
3.615
3.615
3.615
3.615
3.615
3.615
3.615
3.615
3.648
3.648
3.648
3.648
3.648
3.648
3.648
3.648
3.648
3.648
3.648
3.648
3.648
3.648
3.648
3.648
3.648
3.648
3.648
3.648
3.648
3.648
3.648
3.648
3.648
3.648
3.648
3.648
3.648
3.648
3.927
3.927
3.927
3.927
3.927
3.927
3.927
3.927
3.927
3.927
3.927
3.927
3.927
3.927
3.927
3.927
3.927
3.927
3.927
3.927
3.927
3.927
3.927
3.927
3.927
3.927
3.927
3.927
3.927
3.927
4.118
4.118
4.118
4.118
4.118
4.118
4.118
4.118
4.118
4.118
4.118
4.118
4.118
4.118
4.118
4.118
4.118
4.118
4.118
4.118
4.118
4.118
4.118
4.118
4.118
4.118
4.118
4.118
4.118
4.118
4.299
4.299
4.299
4.299
4.299
4.299
4.299
4.299
4.299
4.299
4.299
4.299
4.299
4.299
4.299
4.299
4.299
4.299
4.299
4.299
4.299
4.299
4.299
4.299
4.299
4.299
4.299
4.299
4.299
4.299
4.777
4.777
4.777
4.777
4.777
4.777
4.777
4.777
4.777
4.777
4.777
4.777
4.777
4.777
4.777
4.777
4.777
4.777
4.777
4.777
4.777
4.777
4.777
4.777
4.777
4.777
4.777
4.777
4.777
4.777
5.259
5.259
5.259
5.259
5.259
5.259
5.259
5.259
5.259
5.259
5.259
5.259
5.259
5.259
5.259
5.259
5.259
5.259
5.259
5.259
5.259
5.259
5.259
5.259
5.259
5.259
5.259
5.259
5.259
5.259
6.232
6.232
6.232
6.232
6.232
6.232
6.232
6.232
6.232
6.232
6.232
6.232
6.232
6.232
6.232
6.232
6.232
6.232
6.232
6.232
6.232
6.232
6.232
6.232
6.232
6.232
6.232
6.232
6.232
6.232
5.953
5.953
5.953
5.953
5.953
5.953
5.953
5.953
5.953
5.953
5.953
5.953
5.953
5.953
5.953
5.953
5.953
5.953
5.953
5.953
5.953
5.953
5.953
5.953
5.953
5.953
5.953
5.953
5.953
5.953
5.669
5.669
5.669
5.669
5.669
5.669
5.669
5.669
5.669
5.669
5.669
5.669
5.669
5.669
5.669
5.669
5.669
5.669
5.669
5.669
5.669
5.669
5.669
5.669
5.669
5.669
5.669
5.669
5.669
5.669
5.367
5.367
5.367
5.367
5.367
5.367
5.367
5.367
5.367
5.367
5.367
5.367
5.367
5.367
5.367
5.367
5.367
5.367
5.367
5.367
5.367
5.367
5.367
5.367
5.367
5.367
5.367
5.367
5.367
5.367
3.734
3.734
3.734
3.734
3.734
3.734
3.734
3.734
3.734
3.734
3.734
3.734
3.734
3.734
3.734
3.734
3.734
3.734
3.734
3.734
3.734
3.734
3.734
3.734
3.734
3.734
3.734
3.734
3.734
3.734
3.633
3.633
3.633
3.633
3.633
3.633
3.633
3.633
3.633
3.633
3.633
3.633
3.633
3.633
3.633
3.633
3.633
3.633
3.633
3.633
3.633
3.633
3.633
3.633
3.633
3.633
3.633
3.633
3.633
3.633
3.653
3.653
3.653
3.653
3.653
3.653
3.653
3.653
3.653
3.653
3.653
3.653
3.653
3.653
3.653
3.653
3.653
3.653
3.653
3.653
3.653
3.653
3.653
3.653
3.653
3.653
3.653
3.653
3.653
3.653
3.616
3.616
3.616
3.616
3.616
3.616
3.616
3.616
3.616
3.616
3.616
3.616
3.616
3.616
3.616
3.616
3.616
3.616
3.616
3.616
3.616
3.616
3.616
3.616
3.616
3.616
3.616
3.616
3.616
3.616
3.54
3.54
3.54
3.54
3.54
3.54
3.54
3.54
3.54
3.54
3.54
3.54
3.54
3.54
3.54
3.54
3.54
3.54
3.54
3.54
3.54
3.54
3.54
3.54
3.54
3.54
3.54
3.54
3.54
3.54
3.548
3.548
3.548
3.548
3.548
3.548
3.548
3.548
3.548
3.548
3.548
3.548
3.548
3.548
3.548
3.548
3.548
3.548
3.548
3.548
3.548
3.548
3.548
3.548
3.548
3.548
3.548
3.548
3.548
3.548
3.542
3.542
3.542
3.542
3.542
3.542
3.542
3.542
3.542
3.542
3.542
3.542
3.542
3.542
3.542
3.542
3.542
3.542
3.542
3.542
3.542
3.542
3.542
3.542
3.542
3.542
3.542
3.542
3.542
3.542
3.533
3.533
3.533
3.533
3.533
3.533
3.533
3.533
3.533
3.533
3.533
3.533
3.533
3.533
3.533
3.533
3.533
3.533
3.533
3.533
3.533
3.533
3.533
3.533
3.533
3.533
3.533
3.533
3.533
3.533
3.977
3.977
3.977
3.977
3.977
3.977
3.977
3.977
3.977
3.977
3.977
3.977
3.977
3.977
3.977
3.977
3.977
3.977
3.977
3.977
3.977
3.977
3.977
3.977
3.977
3.977
3.977
3.977
3.977
3.977
3.858
3.858
3.858
3.858
3.858
3.858
3.858
3.858
3.858
3.858
3.858
3.858
3.858
3.858
3.858
3.858
3.858
3.858
3.858
3.858
3.858
3.858
3.858
3.858
3.858
3.858
3.858
3.858
3.858
3.858
4.023
4.023
4.023
4.023
4.023
4.023
4.023
4.023
4.023
4.023
4.023
4.023
4.023
4.023
4.023
4.023
4.023
4.023
4.023
4.023
4.023
4.023
4.023
4.023
4.023
4.023
4.023
4.023
4.023
4.023
4.082
4.082
4.082
4.082
4.082
4.082
4.082
4.082
4.082
4.082
4.082
4.082
4.082
4.082
4.082
4.082
4.082
4.082
4.082
4.082
4.082
4.082
4.082
4.082
4.082
4.082
4.082
4.082
4.082
4.082
4.111
4.111
4.111
4.111
4.111
4.111
4.111
4.111
4.111
4.111
4.111
4.111
4.111
4.111
4.111
4.111
4.111
4.111
4.111
4.111
4.111
4.111
4.111
4.111
4.111
4.111
4.111
4.111
4.111
4.111
4.055
4.055
4.055
4.055
4.055
4.055
4.055
4.055
4.055
4.055
4.055
4.055
4.055
4.055
4.055
4.055
4.055
4.055
4.055
4.055
4.055
4.055
4.055
4.055
4.055
4.055
4.055
4.055
4.055
4.055
4.054
4.054
4.054
4.054
4.054
4.054
4.054
4.054
4.054
4.054
4.054
4.054
4.054
4.054
4.054
4.054
4.054
4.054
4.054
4.054
4.054
4.054
4.054
4.054
4.054
4.054
4.054
4.054
4.054
4.054
4.202
4.202
4.202
4.202
4.202
4.202
4.202
4.202
4.202
4.202
4.202
4.202
4.202
4.202
4.202
4.202
4.202
4.202
4.202
4.202
4.202
4.202
4.202
4.202
4.202
4.202
4.202
4.202
4.202
4.202
5.697
5.697
5.697
5.697
5.697
5.697
5.697
5.697
5.697
5.697
5.697
5.697
5.697
5.697
5.697
5.697
5.697
5.697
5.697
5.697
5.697
5.697
5.697
5.697
5.697
5.697
5.697
5.697
5.697
5.697
5.401
5.401
5.401
5.401
5.401
5.401
5.401
5.401
5.401
5.401
5.401
5.401
5.401
5.401
5.401
5.401
5.401
5.401
5.401
5.401
5.401
5.401
5.401
5.401
5.401
5.401
5.401
5.401
5.401
5.401
4.962
4.962
4.962
4.962
4.962
4.962
4.962
4.962
4.962
4.962
4.962
4.962
4.962
4.962
4.962
4.962
4.962
4.962
4.962
4.962
4.962
4.962
4.962
4.962
4.962
4.962
4.962
4.962
4.962
4.962
4.737
4.737
4.737
4.737
4.737
4.737
4.737
4.737
4.737
4.737
4.737
4.737
4.737
4.737
4.737
4.737
4.737
4.737
4.737
4.737
4.737
4.737
4.737
4.737
4.737
4.737
4.737
4.737
4.737
4.737
4.673
4.673
4.673
4.673
4.673
4.673
4.673
4.673
4.673
4.673
4.673
4.673
4.673
4.673
4.673
4.673
4.673
4.673
4.673
4.673
4.673
4.673
4.673
4.673
4.673
4.673
4.673
4.673
4.673
4.673
4.586
4.586
4.586
4.586
4.586
4.586
4.586
4.586
4.586
4.586
4.586
4.586
4.586
4.586
4.586
4.586
4.586
4.586
4.586
4.586
4.586
4.586
4.586
4.586
4.586
4.586
4.586
4.586
4.586
4.586
4.33
4.33
4.33
4.33
4.33
4.33
4.33
4.33
4.33
4.33
4.33
4.33
4.33
4.33
4.33
4.33
4.33
4.33
4.33
4.33
4.33
4.33
4.33
4.33
4.33
4.33
4.33
4.33
4.33
4.33
4.255
4.255
4.255
4.255
4.255
4.255
4.255
4.255
4.255
4.255
4.255
4.255
4.255
4.255
4.255
4.255
4.255
4.255
4.255
4.255
4.255
4.255
4.255
4.255
4.255
4.255
4.255
4.255
4.255
4.255
3.801
3.801
3.801
3.801
3.801
3.801
3.801
3.801
3.801
3.801
3.801
3.801
3.801
3.801
3.801
3.801
3.801
3.801
3.801
3.801
3.801
3.801
3.801
3.801
3.801
3.801
3.801
3.801
3.801
3.801
3.545
3.545
3.545
3.545
3.545
3.545
3.545
3.545
3.545
3.545
3.545
3.545
3.545
3.545
3.545
3.545
3.545
3.545
3.545
3.545
3.545
3.545
3.545
3.545
3.545
3.545
3.545
3.545
3.545
3.545
