3.039
3.039
3.039
3.039
3.039
3.039
3.039
3.039
3.039
3.039
3.039
3.039
3.039
3.039
3.039
3.039
3.039
3.039
3.039
3.039
3.039
3.039
3.039
3.039
3.039
3.039
3.039
3.039
3.039
3.039
2.929
2.929
2.929
2.929
2.929
2.929
2.929
2.929
2.929
2.929
2.929
2.929
2.929
2.929
2.929
2.929
2.929
2.929
2.929
2.929
2.929
2.929
2.929
2.929
2.929
2.929
2.929
2.929
2.929
2.929
2.854
2.854
2.854
2.854
2.854
2.854
2.854
2.854
2.854
2.854
2.854
2.854
2.854
2.854
2.854
2.854
2.854
2.854
2.854
2.854
2.854
2.854
2.854
2.854
2.854
2.854
2.854
2.854
2.854
2.854
2.817
2.817
2.817
2.817
2.817
2.817
2.817
2.817
2.817
2.817
2.817
2.817
2.817
2.817
2.817
2.817
2.817
2.817
2.817
2.817
2.817
2.817
2.817
2.817
2.817
2.817
2.817
2.817
2.817
2.817
2.815
2.815
2.815
2.815
2.815
2.815
2.815
2.815
2.815
2.815
2.815
2.815
2.815
2.815
2.815
2.815
2.815
2.815
2.815
2.815
2.815
2.815
2.815
2.815
2.815
2.815
2.815
2.815
2.815
2.815
2.844
2.844
2.844
2.844
2.844
2.844
2.844
2.844
2.844
2.844
2.844
2.844
2.844
2.844
2.844
2.844
2.844
2.844
2.844
2.844
2.844
2.844
2.844
2.844
2.844
2.844
2.844
2.844
2.844
2.844
2.861
2.861
2.861
2.861
2.861
2.861
2.861
2.861
2.861
2.861
2.861
2.861
2.861
2.861
2.861
2.861
2.861
2.861
2.861
2.861
2.861
2.861
2.861
2.861
2.861
2.861
2.861
2.861
2.861
2.861
2.865
2.865
2.865
2.865
2.865
2.865
2.865
2.865
2.865
2.865
2.865
2.865
2.865
2.865
2.865
2.865
2.865
2.865
2.865
2.865
2.865
2.865
2.865
2.865
2.865
2.865
2.865
2.865
2.865
2.865
2.919
2.919
2.919
2.919
2.919
2.919
2.919
2.919
2.919
2.919
2.919
2.919
2.919
2.919
2.919
2.919
2.919
2.919
2.919
2.919
2.919
2.919
2.919
2.919
2.919
2.919
2.919
2.919
2.919
2.919
2.935
2.935
2.935
2.935
2.935
2.935
2.935
2.935
2.935
2.935
2.935
2.935
2.935
2.935
2.935
2.935
2.935
2.935
2.935
2.935
2.935
2.935
2.935
2.935
2.935
2.935
2.935
2.935
2.935
2.935
4.445
4.445
4.445
4.445
4.445
4.445
4.445
4.445
4.445
4.445
4.445
4.445
4.445
4.445
4.445
4.445
4.445
4.445
4.445
4.445
4.445
4.445
4.445
4.445
4.445
4.445
4.445
4.445
4.445
4.445
4.449
4.449
4.449
4.449
4.449
4.449
4.449
4.449
4.449
4.449
4.449
4.449
4.449
4.449
4.449
4.449
4.449
4.449
4.449
4.449
4.449
4.449
4.449
4.449
4.449
4.449
4.449
4.449
4.449
4.449
5.472
5.472
5.472
5.472
5.472
5.472
5.472
5.472
5.472
5.472
5.472
5.472
5.472
5.472
5.472
5.472
5.472
5.472
5.472
5.472
5.472
5.472
5.472
5.472
5.472
5.472
5.472
5.472
5.472
5.472
5.428
5.428
5.428
5.428
5.428
5.428
5.428
5.428
5.428
5.428
5.428
5.428
5.428
5.428
5.428
5.428
5.428
5.428
5.428
5.428
5.428
5.428
5.428
5.428
5.428
5.428
5.428
5.428
5.428
5.428
4.971
4.971
4.971
4.971
4.971
4.971
4.971
4.971
4.971
4.971
4.971
4.971
4.971
4.971
4.971
4.971
4.971
4.971
4.971
4.971
4.971
4.971
4.971
4.971
4.971
4.971
4.971
4.971
4.971
4.971
5.61
5.61
5.61
5.61
5.61
5.61
5.61
5.61
5.61
5.61
5.61
5.61
5.61
5.61
5.61
5.61
5.61
5.61
5.61
5.61
5.61
5.61
5.61
5.61
5.61
5.61
5.61
5.61
5.61
5.61
6.635
6.635
6.635
6.635
6.635
6.635
6.635
6.635
6.635
6.635
6.635
6.635
6.635
6.635
6.635
6.635
6.635
6.635
6.635
6.635
6.635
6.635
6.635
6.635
6.635
6.635
6.635
6.635
6.635
6.635
6.509
6.509
6.509
6.509
6.509
6.509
6.509
6.509
6.509
6.509
6.509
6.509
6.509
6.509
6.509
6.509
6.509
6.509
6.509
6.509
6.509
6.509
6.509
6.509
6.509
6.509
6.509
6.509
6.509
6.509
7.186
7.186
7.186
7.186
7.186
7.186
7.186
7.186
7.186
7.186
7.186
7.186
7.186
7.186
7.186
7.186
7.186
7.186
7.186
7.186
7.186
7.186
7.186
7.186
7.186
7.186
7.186
7.186
7.186
7.186
7.207
7.207
7.207
7.207
7.207
7.207
7.207
7.207
7.207
7.207
7.207
7.207
7.207
7.207
7.207
7.207
7.207
7.207
7.207
7.207
7.207
7.207
7.207
7.207
7.207
7.207
7.207
7.207
7.207
7.207
7.03
7.03
7.03
7.03
7.03
7.03
7.03
7.03
7.03
7.03
7.03
7.03
7.03
7.03
7.03
7.03
7.03
7.03
7.03
7.03
7.03
7.03
7.03
7.03
7.03
7.03
7.03
7.03
7.03
7.03
7.028
7.028
7.028
7.028
7.028
7.028
7.028
7.028
7.028
7.028
7.028
7.028
7.028
7.028
7.028
7.028
7.028
7.028
7.028
7.028
7.028
7.028
7.028
7.028
7.028
7.028
7.028
7.028
7.028
7.028
5.882
5.882
5.882
5.882
5.882
5.882
5.882
5.882
5.882
5.882
5.882
5.882
5.882
5.882
5.882
5.882
5.882
5.882
5.882
5.882
5.882
5.882
5.882
5.882
5.882
5.882
5.882
5.882
5.882
5.882
5.785
5.785
5.785
5.785
5.785
5.785
5.785
5.785
5.785
5.785
5.785
5.785
5.785
5.785
5.785
5.785
5.785
5.785
5.785
5.785
5.785
5.785
5.785
5.785
5.785
5.785
5.785
5.785
5.785
5.785
5.564
5.564
5.564
5.564
5.564
5.564
5.564
5.564
5.564
5.564
5.564
5.564
5.564
5.564
5.564
5.564
5.564
5.564
5.564
5.564
5.564
5.564
5.564
5.564
5.564
5.564
5.564
5.564
5.564
5.564
5.52
5.52
5.52
5.52
5.52
5.52
5.52
5.52
5.52
5.52
5.52
5.52
5.52
5.52
5.52
5.52
5.52
5.52
5.52
5.52
5.52
5.52
5.52
5.52
5.52
5.52
5.52
5.52
5.52
5.52
5.337
5.337
5.337
5.337
5.337
5.337
5.337
5.337
5.337
5.337
5.337
5.337
5.337
5.337
5.337
5.337
5.337
5.337
5.337
5.337
5.337
5.337
5.337
5.337
5.337
5.337
5.337
5.337
5.337
5.337
5.351
5.351
5.351
5.351
5.351
5.351
5.351
5.351
5.351
5.351
5.351
5.351
5.351
5.351
5.351
5.351
5.351
5.351
5.351
5.351
5.351
5.351
5.351
5.351
5.351
5.351
5.351
5.351
5.351
5.351
5.464
5.464
5.464
5.464
5.464
5.464
5.464
5.464
5.464
5.464
5.464
5.464
5.464
5.464
5.464
5.464
5.464
5.464
5.464
5.464
5.464
5.464
5.464
5.464
5.464
5.464
5.464
5.464
5.464
5.464
5.442
5.442
5.442
5.442
5.442
5.442
5.442
5.442
5.442
5.442
5.442
5.442
5.442
5.442
5.442
5.442
5.442
5.442
5.442
5.442
5.442
5.442
5.442
5.442
5.442
5.442
5.442
5.442
5.442
5.442
5.34
5.34
5.34
5.34
5.34
5.34
5.34
5.34
5.34
5.34
5.34
5.34
5.34
5.34
5.34
5.34
5.34
5.34
5.34
5.34
5.34
5.34
5.34
5.34
5.34
5.34
5.34
5.34
5.34
5.34
5.418
5.418
5.418
5.418
5.418
5.418
5.418
5.418
5.418
5.418
5.418
5.418
5.418
5.418
5.418
5.418
5.418
5.418
5.418
5.418
5.418
5.418
5.418
5.418
5.418
5.418
5.418
5.418
5.418
5.418
5.565
5.565
5.565
5.565
5.565
5.565
5.565
5.565
5.565
5.565
5.565
5.565
5.565
5.565
5.565
5.565
5.565
5.565
5.565
5.565
5.565
5.565
5.565
5.565
5.565
5.565
5.565
5.565
5.565
5.565
5.632
5.632
5.632
5.632
5.632
5.632
5.632
5.632
5.632
5.632
5.632
5.632
5.632
5.632
5.632
5.632
5.632
5.632
5.632
5.632
5.632
5.632
5.632
5.632
5.632
5.632
5.632
5.632
5.632
5.632
5.613
5.613
5.613
5.613
5.613
5.613
5.613
5.613
5.613
5.613
5.613
5.613
5.613
5.613
5.613
5.613
5.613
5.613
5.613
5.613
5.613
5.613
5.613
5.613
5.613
5.613
5.613
5.613
5.613
5.613
5.691
5.691
5.691
5.691
5.691
5.691
5.691
5.691
5.691
5.691
5.691
5.691
5.691
5.691
5.691
5.691
5.691
5.691
5.691
5.691
5.691
5.691
5.691
5.691
5.691
5.691
5.691
5.691
5.691
5.691
5.692
5.692
5.692
5.692
5.692
5.692
5.692
5.692
5.692
5.692
5.692
5.692
5.692
5.692
5.692
5.692
5.692
5.692
5.692
5.692
5.692
5.692
5.692
5.692
5.692
5.692
5.692
5.692
5.692
5.692
6.136
6.136
6.136
6.136
6.136
6.136
6.136
6.136
6.136
6.136
6.136
6.136
6.136
6.136
6.136
6.136
6.136
6.136
6.136
6.136
6.136
6.136
6.136
6.136
6.136
6.136
6.136
6.136
6.136
6.136
6.435
6.435
6.435
6.435
6.435
6.435
6.435
6.435
6.435
6.435
6.435
6.435
6.435
6.435
6.435
6.435
6.435
6.435
6.435
6.435
6.435
6.435
6.435
6.435
6.435
6.435
6.435
6.435
6.435
6.435
6.236
6.236
6.236
6.236
6.236
6.236
6.236
6.236
6.236
6.236
6.236
6.236
6.236
6.236
6.236
6.236
6.236
6.236
6.236
6.236
6.236
6.236
6.236
6.236
6.236
6.236
6.236
6.236
6.236
6.236
5.779
5.779
5.779
5.779
5.779
5.779
5.779
5.779
5.779
5.779
5.779
5.779
5.779
5.779
5.779
5.779
5.779
5.779
5.779
5.779
5.779
5.779
5.779
5.779
5.779
5.779
5.779
5.779
5.779
5.779
5.37
5.37
5.37
5.37
5.37
5.37
5.37
5.37
5.37
5.37
5.37
5.37
5.37
5.37
5.37
5.37
5.37
5.37
5.37
5.37
5.37
5.37
5.37
5.37
5.37
5.37
5.37
5.37
5.37
5.37
4.913
4.913
4.913
4.913
4.913
4.913
4.913
4.913
4.913
4.913
4.913
4.913
4.913
4.913
4.913
4.913
4.913
4.913
4.913
4.913
4.913
4.913
4.913
4.913
4.913
4.913
4.913
4.913
4.913
4.913
4.881
4.881
4.881
4.881
4.881
4.881
4.881
4.881
4.881
4.881
4.881
4.881
4.881
4.881
4.881
4.881
4.881
4.881
4.881
4.881
4.881
4.881
4.881
4.881
4.881
4.881
4.881
4.881
4.881
4.881
4.811
4.811
4.811
4.811
4.811
4.811
4.811
4.811
4.811
4.811
4.811
4.811
4.811
4.811
4.811
4.811
4.811
4.811
4.811
4.811
4.811
4.811
4.811
4.811
4.811
4.811
4.811
4.811
4.811
4.811
4.712
4.712
4.712
4.712
4.712
4.712
4.712
4.712
4.712
4.712
4.712
4.712
4.712
4.712
4.712
4.712
4.712
4.712
4.712
4.712
4.712
4.712
4.712
4.712
4.712
4.712
4.712
4.712
4.712
4.712
4.093
4.093
4.093
4.093
4.093
4.093
4.093
4.093
4.093
4.093
4.093
4.093
4.093
4.093
4.093
4.093
4.093
4.093
4.093
4.093
4.093
4.093
4.093
4.093
4.093
4.093
4.093
4.093
4.093
4.093
3.252
3.252
3.252
3.252
3.252
3.252
3.252
3.252
3.252
3.252
3.252
3.252
3.252
3.252
3.252
3.252
3.252
3.252
3.252
3.252
3.252
3.252
3.252
3.252
3.252
3.252
3.252
3.252
3.252
3.252
