2.817
2.817
2.817
2.817
2.817
2.817
2.817
2.817
2.817
2.817
2.817
2.817
2.817
2.817
2.817
2.817
2.817
2.817
2.817
2.817
2.817
2.817
2.817
2.817
2.817
2.817
2.817
2.817
2.817
2.817
2.78
2.78
2.78
2.78
2.78
2.78
2.78
2.78
2.78
2.78
2.78
2.78
2.78
2.78
2.78
2.78
2.78
2.78
2.78
2.78
2.78
2.78
2.78
2.78
2.78
2.78
2.78
2.78
2.78
2.78
3.005
3.005
3.005
3.005
3.005
3.005
3.005
3.005
3.005
3.005
3.005
3.005
3.005
3.005
3.005
3.005
3.005
3.005
3.005
3.005
3.005
3.005
3.005
3.005
3.005
3.005
3.005
3.005
3.005
3.005
3.088
3.088
3.088
3.088
3.088
3.088
3.088
3.088
3.088
3.088
3.088
3.088
3.088
3.088
3.088
3.088
3.088
3.088
3.088
3.088
3.088
3.088
3.088
3.088
3.088
3.088
3.088
3.088
3.088
3.088
3.127
3.127
3.127
3.127
3.127
3.127
3.127
3.127
3.127
3.127
3.127
3.127
3.127
3.127
3.127
3.127
3.127
3.127
3.127
3.127
3.127
3.127
3.127
3.127
3.127
3.127
3.127
3.127
3.127
3.127
3.097
3.097
3.097
3.097
3.097
3.097
3.097
3.097
3.097
3.097
3.097
3.097
3.097
3.097
3.097
3.097
3.097
3.097
3.097
3.097
3.097
3.097
3.097
3.097
3.097
3.097
3.097
3.097
3.097
3.097
3.17
3.17
3.17
3.17
3.17
3.17
3.17
3.17
3.17
3.17
3.17
3.17
3.17
3.17
3.17
3.17
3.17
3.17
3.17
3.17
3.17
3.17
3.17
3.17
3.17
3.17
3.17
3.17
3.17
3.17
3.167
3.167
3.167
3.167
3.167
3.167
3.167
3.167
3.167
3.167
3.167
3.167
3.167
3.167
3.167
3.167
3.167
3.167
3.167
3.167
3.167
3.167
3.167
3.167
3.167
3.167
3.167
3.167
3.167
3.167
3.17
3.17
3.17
3.17
3.17
3.17
3.17
3.17
3.17
3.17
3.17
3.17
3.17
3.17
3.17
3.17
3.17
3.17
3.17
3.17
3.17
3.17
3.17
3.17
3.17
3.17
3.17
3.17
3.17
3.17
3.154
3.154
3.154
3.154
3.154
3.154
3.154
3.154
3.154
3.154
3.154
3.154
3.154
3.154
3.154
3.154
3.154
3.154
3.154
3.154
3.154
3.154
3.154
3.154
3.154
3.154
3.154
3.154
3.154
3.154
3.253
3.253
3.253
3.253
3.253
3.253
3.253
3.253
3.253
3.253
3.253
3.253
3.253
3.253
3.253
3.253
3.253
3.253
3.253
3.253
3.253
3.253
3.253
3.253
3.253
3.253
3.253
3.253
3.253
3.253
3.156
3.156
3.156
3.156
3.156
3.156
3.156
3.156
3.156
3.156
3.156
3.156
3.156
3.156
3.156
3.156
3.156
3.156
3.156
3.156
3.156
3.156
3.156
3.156
3.156
3.156
3.156
3.156
3.156
3.156
3.475
3.475
3.475
3.475
3.475
3.475
3.475
3.475
3.475
3.475
3.475
3.475
3.475
3.475
3.475
3.475
3.475
3.475
3.475
3.475
3.475
3.475
3.475
3.475
3.475
3.475
3.475
3.475
3.475
3.475
3.419
3.419
3.419
3.419
3.419
3.419
3.419
3.419
3.419
3.419
3.419
3.419
3.419
3.419
3.419
3.419
3.419
3.419
3.419
3.419
3.419
3.419
3.419
3.419
3.419
3.419
3.419
3.419
3.419
3.419
5.345
5.345
5.345
5.345
5.345
5.345
5.345
5.345
5.345
5.345
5.345
5.345
5.345
5.345
5.345
5.345
5.345
5.345
5.345
5.345
5.345
5.345
5.345
5.345
5.345
5.345
5.345
5.345
5.345
5.345
5.659
5.659
5.659
5.659
5.659
5.659
5.659
5.659
5.659
5.659
5.659
5.659
5.659
5.659
5.659
5.659
5.659
5.659
5.659
5.659
5.659
5.659
5.659
5.659
5.659
5.659
5.659
5.659
5.659
5.659
5.822
5.822
5.822
5.822
5.822
5.822
5.822
5.822
5.822
5.822
5.822
5.822
5.822
5.822
5.822
5.822
5.822
5.822
5.822
5.822
5.822
5.822
5.822
5.822
5.822
5.822
5.822
5.822
5.822
5.822
5.444
5.444
5.444
5.444
5.444
5.444
5.444
5.444
5.444
5.444
5.444
5.444
5.444
5.444
5.444
5.444
5.444
5.444
5.444
5.444
5.444
5.444
5.444
5.444
5.444
5.444
5.444
5.444
5.444
5.444
5.185
5.185
5.185
5.185
5.185
5.185
5.185
5.185
5.185
5.185
5.185
5.185
5.185
5.185
5.185
5.185
5.185
5.185
5.185
5.185
5.185
5.185
5.185
5.185
5.185
5.185
5.185
5.185
5.185
5.185
4.574
4.574
4.574
4.574
4.574
4.574
4.574
4.574
4.574
4.574
4.574
4.574
4.574
4.574
4.574
4.574
4.574
4.574
4.574
4.574
4.574
4.574
4.574
4.574
4.574
4.574
4.574
4.574
4.574
4.574
4.418
4.418
4.418
4.418
4.418
4.418
4.418
4.418
4.418
4.418
4.418
4.418
4.418
4.418
4.418
4.418
4.418
4.418
4.418
4.418
4.418
4.418
4.418
4.418
4.418
4.418
4.418
4.418
4.418
4.418
4.043
4.043
4.043
4.043
4.043
4.043
4.043
4.043
4.043
4.043
4.043
4.043
4.043
4.043
4.043
4.043
4.043
4.043
4.043
4.043
4.043
4.043
4.043
4.043
4.043
4.043
4.043
4.043
4.043
4.043
3.12
3.12
3.12
3.12
3.12
3.12
3.12
3.12
3.12
3.12
3.12
3.12
3.12
3.12
3.12
3.12
3.12
3.12
3.12
3.12
3.12
3.12
3.12
3.12
3.12
3.12
3.12
3.12
3.12
3.12
3.126
3.126
3.126
3.126
3.126
3.126
3.126
3.126
3.126
3.126
3.126
3.126
3.126
3.126
3.126
3.126
3.126
3.126
3.126
3.126
3.126
3.126
3.126
3.126
3.126
3.126
3.126
3.126
3.126
3.126
3.151
3.151
3.151
3.151
3.151
3.151
3.151
3.151
3.151
3.151
3.151
3.151
3.151
3.151
3.151
3.151
3.151
3.151
3.151
3.151
3.151
3.151
3.151
3.151
3.151
3.151
3.151
3.151
3.151
3.151
3.113
3.113
3.113
3.113
3.113
3.113
3.113
3.113
3.113
3.113
3.113
3.113
3.113
3.113
3.113
3.113
3.113
3.113
3.113
3.113
3.113
3.113
3.113
3.113
3.113
3.113
3.113
3.113
3.113
3.113
3.087
3.087
3.087
3.087
3.087
3.087
3.087
3.087
3.087
3.087
3.087
3.087
3.087
3.087
3.087
3.087
3.087
3.087
3.087
3.087
3.087
3.087
3.087
3.087
3.087
3.087
3.087
3.087
3.087
3.087
3.027
3.027
3.027
3.027
3.027
3.027
3.027
3.027
3.027
3.027
3.027
3.027
3.027
3.027
3.027
3.027
3.027
3.027
3.027
3.027
3.027
3.027
3.027
3.027
3.027
3.027
3.027
3.027
3.027
3.027
3.035
3.035
3.035
3.035
3.035
3.035
3.035
3.035
3.035
3.035
3.035
3.035
3.035
3.035
3.035
3.035
3.035
3.035
3.035
3.035
3.035
3.035
3.035
3.035
3.035
3.035
3.035
3.035
3.035
3.035
3.036
3.036
3.036
3.036
3.036
3.036
3.036
3.036
3.036
3.036
3.036
3.036
3.036
3.036
3.036
3.036
3.036
3.036
3.036
3.036
3.036
3.036
3.036
3.036
3.036
3.036
3.036
3.036
3.036
3.036
3.292
3.292
3.292
3.292
3.292
3.292
3.292
3.292
3.292
3.292
3.292
3.292
3.292
3.292
3.292
3.292
3.292
3.292
3.292
3.292
3.292
3.292
3.292
3.292
3.292
3.292
3.292
3.292
3.292
3.292
3.357
3.357
3.357
3.357
3.357
3.357
3.357
3.357
3.357
3.357
3.357
3.357
3.357
3.357
3.357
3.357
3.357
3.357
3.357
3.357
3.357
3.357
3.357
3.357
3.357
3.357
3.357
3.357
3.357
3.357
3.351
3.351
3.351
3.351
3.351
3.351
3.351
3.351
3.351
3.351
3.351
3.351
3.351
3.351
3.351
3.351
3.351
3.351
3.351
3.351
3.351
3.351
3.351
3.351
3.351
3.351
3.351
3.351
3.351
3.351
3.371
3.371
3.371
3.371
3.371
3.371
3.371
3.371
3.371
3.371
3.371
3.371
3.371
3.371
3.371
3.371
3.371
3.371
3.371
3.371
3.371
3.371
3.371
3.371
3.371
3.371
3.371
3.371
3.371
3.371
3.932
3.932
3.932
3.932
3.932
3.932
3.932
3.932
3.932
3.932
3.932
3.932
3.932
3.932
3.932
3.932
3.932
3.932
3.932
3.932
3.932
3.932
3.932
3.932
3.932
3.932
3.932
3.932
3.932
3.932
3.962
3.962
3.962
3.962
3.962
3.962
3.962
3.962
3.962
3.962
3.962
3.962
3.962
3.962
3.962
3.962
3.962
3.962
3.962
3.962
3.962
3.962
3.962
3.962
3.962
3.962
3.962
3.962
3.962
3.962
4.047
4.047
4.047
4.047
4.047
4.047
4.047
4.047
4.047
4.047
4.047
4.047
4.047
4.047
4.047
4.047
4.047
4.047
4.047
4.047
4.047
4.047
4.047
4.047
4.047
4.047
4.047
4.047
4.047
4.047
4.132
4.132
4.132
4.132
4.132
4.132
4.132
4.132
4.132
4.132
4.132
4.132
4.132
4.132
4.132
4.132
4.132
4.132
4.132
4.132
4.132
4.132
4.132
4.132
4.132
4.132
4.132
4.132
4.132
4.132
3.819
3.819
3.819
3.819
3.819
3.819
3.819
3.819
3.819
3.819
3.819
3.819
3.819
3.819
3.819
3.819
3.819
3.819
3.819
3.819
3.819
3.819
3.819
3.819
3.819
3.819
3.819
3.819
3.819
3.819
3.859
3.859
3.859
3.859
3.859
3.859
3.859
3.859
3.859
3.859
3.859
3.859
3.859
3.859
3.859
3.859
3.859
3.859
3.859
3.859
3.859
3.859
3.859
3.859
3.859
3.859
3.859
3.859
3.859
3.859
3.67
3.67
3.67
3.67
3.67
3.67
3.67
3.67
3.67
3.67
3.67
3.67
3.67
3.67
3.67
3.67
3.67
3.67
3.67
3.67
3.67
3.67
3.67
3.67
3.67
3.67
3.67
3.67
3.67
3.67
4.037
4.037
4.037
4.037
4.037
4.037
4.037
4.037
4.037
4.037
4.037
4.037
4.037
4.037
4.037
4.037
4.037
4.037
4.037
4.037
4.037
4.037
4.037
4.037
4.037
4.037
4.037
4.037
4.037
4.037
3.911
3.911
3.911
3.911
3.911
3.911
3.911
3.911
3.911
3.911
3.911
3.911
3.911
3.911
3.911
3.911
3.911
3.911
3.911
3.911
3.911
3.911
3.911
3.911
3.911
3.911
3.911
3.911
3.911
3.911
3.599
3.599
3.599
3.599
3.599
3.599
3.599
3.599
3.599
3.599
3.599
3.599
3.599
3.599
3.599
3.599
3.599
3.599
3.599
3.599
3.599
3.599
3.599
3.599
3.599
3.599
3.599
3.599
3.599
3.599
3.203
3.203
3.203
3.203
3.203
3.203
3.203
3.203
3.203
3.203
3.203
3.203
3.203
3.203
3.203
3.203
3.203
3.203
3.203
3.203
3.203
3.203
3.203
3.203
3.203
3.203
3.203
3.203
3.203
3.203
3.189
3.189
3.189
3.189
3.189
3.189
3.189
3.189
3.189
3.189
3.189
3.189
3.189
3.189
3.189
3.189
3.189
3.189
3.189
3.189
3.189
3.189
3.189
3.189
3.189
3.189
3.189
3.189
3.189
3.189
3.103
3.103
3.103
3.103
3.103
3.103
3.103
3.103
3.103
3.103
3.103
3.103
3.103
3.103
3.103
3.103
3.103
3.103
3.103
3.103
3.103
3.103
3.103
3.103
3.103
3.103
3.103
3.103
3.103
3.103
3.015
3.015
3.015
3.015
3.015
3.015
3.015
3.015
3.015
3.015
3.015
3.015
3.015
3.015
3.015
3.015
3.015
3.015
3.015
3.015
3.015
3.015
3.015
3.015
3.015
3.015
3.015
3.015
3.015
3.015
