1.297
1.297
1.297
1.297
1.297
1.297
1.297
1.297
1.297
1.297
1.297
1.297
1.297
1.297
1.297
1.297
1.297
1.297
1.297
1.297
1.297
1.297
1.297
1.297
1.297
1.297
1.297
1.297
1.297
1.297
1.078
1.078
1.078
1.078
1.078
1.078
1.078
1.078
1.078
1.078
1.078
1.078
1.078
1.078
1.078
1.078
1.078
1.078
1.078
1.078
1.078
1.078
1.078
1.078
1.078
1.078
1.078
1.078
1.078
1.078
1.5
1.5
1.5
1.5
1.5
1.5
1.5
1.5
1.5
1.5
1.5
1.5
1.5
1.5
1.5
1.5
1.5
1.5
1.5
1.5
1.5
1.5
1.5
1.5
1.5
1.5
1.5
1.5
1.5
1.5
1.552
1.552
1.552
1.552
1.552
1.552
1.552
1.552
1.552
1.552
1.552
1.552
1.552
1.552
1.552
1.552
1.552
1.552
1.552
1.552
1.552
1.552
1.552
1.552
1.552
1.552
1.552
1.552
1.552
1.552
1.608
1.608
1.608
1.608
1.608
1.608
1.608
1.608
1.608
1.608
1.608
1.608
1.608
1.608
1.608
1.608
1.608
1.608
1.608
1.608
1.608
1.608
1.608
1.608
1.608
1.608
1.608
1.608
1.608
1.608
1.504
1.504
1.504
1.504
1.504
1.504
1.504
1.504
1.504
1.504
1.504
1.504
1.504
1.504
1.504
1.504
1.504
1.504
1.504
1.504
1.504
1.504
1.504
1.504
1.504
1.504
1.504
1.504
1.504
1.504
1.515
1.515
1.515
1.515
1.515
1.515
1.515
1.515
1.515
1.515
1.515
1.515
1.515
1.515
1.515
1.515
1.515
1.515
1.515
1.515
1.515
1.515
1.515
1.515
1.515
1.515
1.515
1.515
1.515
1.515
1.42
1.42
1.42
1.42
1.42
1.42
1.42
1.42
1.42
1.42
1.42
1.42
1.42
1.42
1.42
1.42
1.42
1.42
1.42
1.42
1.42
1.42
1.42
1.42
1.42
1.42
1.42
1.42
1.42
1.42
1.468
1.468
1.468
1.468
1.468
1.468
1.468
1.468
1.468
1.468
1.468
1.468
1.468
1.468
1.468
1.468
1.468
1.468
1.468
1.468
1.468
1.468
1.468
1.468
1.468
1.468
1.468
1.468
1.468
1.468
1.481
1.481
1.481
1.481
1.481
1.481
1.481
1.481
1.481
1.481
1.481
1.481
1.481
1.481
1.481
1.481
1.481
1.481
1.481
1.481
1.481
1.481
1.481
1.481
1.481
1.481
1.481
1.481
1.481
1.481
1.513
1.513
1.513
1.513
1.513
1.513
1.513
1.513
1.513
1.513
1.513
1.513
1.513
1.513
1.513
1.513
1.513
1.513
1.513
1.513
1.513
1.513
1.513
1.513
1.513
1.513
1.513
1.513
1.513
1.513
1.692
1.692
1.692
1.692
1.692
1.692
1.692
1.692
1.692
1.692
1.692
1.692
1.692
1.692
1.692
1.692
1.692
1.692
1.692
1.692
1.692
1.692
1.692
1.692
1.692
1.692
1.692
1.692
1.692
1.692
2.031
2.031
2.031
2.031
2.031
2.031
2.031
2.031
2.031
2.031
2.031
2.031
2.031
2.031
2.031
2.031
2.031
2.031
2.031
2.031
2.031
2.031
2.031
2.031
2.031
2.031
2.031
2.031
2.031
2.031
2.054
2.054
2.054
2.054
2.054
2.054
2.054
2.054
2.054
2.054
2.054
2.054
2.054
2.054
2.054
2.054
2.054
2.054
2.054
2.054
2.054
2.054
2.054
2.054
2.054
2.054
2.054
2.054
2.054
2.054
2.629
2.629
2.629
2.629
2.629
2.629
2.629
2.629
2.629
2.629
2.629
2.629
2.629
2.629
2.629
2.629
2.629
2.629
2.629
2.629
2.629
2.629
2.629
2.629
2.629
2.629
2.629
2.629
2.629
2.629
2.64
2.64
2.64
2.64
2.64
2.64
2.64
2.64
2.64
2.64
2.64
2.64
2.64
2.64
2.64
2.64
2.64
2.64
2.64
2.64
2.64
2.64
2.64
2.64
2.64
2.64
2.64
2.64
2.64
2.64
2.778
2.778
2.778
2.778
2.778
2.778
2.778
2.778
2.778
2.778
2.778
2.778
2.778
2.778
2.778
2.778
2.778
2.778
2.778
2.778
2.778
2.778
2.778
2.778
2.778
2.778
2.778
2.778
2.778
2.778
2.643
2.643
2.643
2.643
2.643
2.643
2.643
2.643
2.643
2.643
2.643
2.643
2.643
2.643
2.643
2.643
2.643
2.643
2.643
2.643
2.643
2.643
2.643
2.643
2.643
2.643
2.643
2.643
2.643
2.643
2.678
2.678
2.678
2.678
2.678
2.678
2.678
2.678
2.678
2.678
2.678
2.678
2.678
2.678
2.678
2.678
2.678
2.678
2.678
2.678
2.678
2.678
2.678
2.678
2.678
2.678
2.678
2.678
2.678
2.678
2.449
2.449
2.449
2.449
2.449
2.449
2.449
2.449
2.449
2.449
2.449
2.449
2.449
2.449
2.449
2.449
2.449
2.449
2.449
2.449
2.449
2.449
2.449
2.449
2.449
2.449
2.449
2.449
2.449
2.449
2.548
2.548
2.548
2.548
2.548
2.548
2.548
2.548
2.548
2.548
2.548
2.548
2.548
2.548
2.548
2.548
2.548
2.548
2.548
2.548
2.548
2.548
2.548
2.548
2.548
2.548
2.548
2.548
2.548
2.548
2.566
2.566
2.566
2.566
2.566
2.566
2.566
2.566
2.566
2.566
2.566
2.566
2.566
2.566
2.566
2.566
2.566
2.566
2.566
2.566
2.566
2.566
2.566
2.566
2.566
2.566
2.566
2.566
2.566
2.566
3.011
3.011
3.011
3.011
3.011
3.011
3.011
3.011
3.011
3.011
3.011
3.011
3.011
3.011
3.011
3.011
3.011
3.011
3.011
3.011
3.011
3.011
3.011
3.011
3.011
3.011
3.011
3.011
3.011
3.011
3.006
3.006
3.006
3.006
3.006
3.006
3.006
3.006
3.006
3.006
3.006
3.006
3.006
3.006
3.006
3.006
3.006
3.006
3.006
3.006
3.006
3.006
3.006
3.006
3.006
3.006
3.006
3.006
3.006
3.006
3.012
3.012
3.012
3.012
3.012
3.012
3.012
3.012
3.012
3.012
3.012
3.012
3.012
3.012
3.012
3.012
3.012
3.012
3.012
3.012
3.012
3.012
3.012
3.012
3.012
3.012
3.012
3.012
3.012
3.012
3.056
3.056
3.056
3.056
3.056
3.056
3.056
3.056
3.056
3.056
3.056
3.056
3.056
3.056
3.056
3.056
3.056
3.056
3.056
3.056
3.056
3.056
3.056
3.056
3.056
3.056
3.056
3.056
3.056
3.056
3.111
3.111
3.111
3.111
3.111
3.111
3.111
3.111
3.111
3.111
3.111
3.111
3.111
3.111
3.111
3.111
3.111
3.111
3.111
3.111
3.111
3.111
3.111
3.111
3.111
3.111
3.111
3.111
3.111
3.111
3.125
3.125
3.125
3.125
3.125
3.125
3.125
3.125
3.125
3.125
3.125
3.125
3.125
3.125
3.125
3.125
3.125
3.125
3.125
3.125
3.125
3.125
3.125
3.125
3.125
3.125
3.125
3.125
3.125
3.125
3.273
3.273
3.273
3.273
3.273
3.273
3.273
3.273
3.273
3.273
3.273
3.273
3.273
3.273
3.273
3.273
3.273
3.273
3.273
3.273
3.273
3.273
3.273
3.273
3.273
3.273
3.273
3.273
3.273
3.273
3.542
3.542
3.542
3.542
3.542
3.542
3.542
3.542
3.542
3.542
3.542
3.542
3.542
3.542
3.542
3.542
3.542
3.542
3.542
3.542
3.542
3.542
3.542
3.542
3.542
3.542
3.542
3.542
3.542
3.542
4.036
4.036
4.036
4.036
4.036
4.036
4.036
4.036
4.036
4.036
4.036
4.036
4.036
4.036
4.036
4.036
4.036
4.036
4.036
4.036
4.036
4.036
4.036
4.036
4.036
4.036
4.036
4.036
4.036
4.036
3.999
3.999
3.999
3.999
3.999
3.999
3.999
3.999
3.999
3.999
3.999
3.999
3.999
3.999
3.999
3.999
3.999
3.999
3.999
3.999
3.999
3.999
3.999
3.999
3.999
3.999
3.999
3.999
3.999
3.999
3.995
3.995
3.995
3.995
3.995
3.995
3.995
3.995
3.995
3.995
3.995
3.995
3.995
3.995
3.995
3.995
3.995
3.995
3.995
3.995
3.995
3.995
3.995
3.995
3.995
3.995
3.995
3.995
3.995
3.995
4.067
4.067
4.067
4.067
4.067
4.067
4.067
4.067
4.067
4.067
4.067
4.067
4.067
4.067
4.067
4.067
4.067
4.067
4.067
4.067
4.067
4.067
4.067
4.067
4.067
4.067
4.067
4.067
4.067
4.067
4.48
4.48
4.48
4.48
4.48
4.48
4.48
4.48
4.48
4.48
4.48
4.48
4.48
4.48
4.48
4.48
4.48
4.48
4.48
4.48
4.48
4.48
4.48
4.48
4.48
4.48
4.48
4.48
4.48
4.48
4.324
4.324
4.324
4.324
4.324
4.324
4.324
4.324
4.324
4.324
4.324
4.324
4.324
4.324
4.324
4.324
4.324
4.324
4.324
4.324
4.324
4.324
4.324
4.324
4.324
4.324
4.324
4.324
4.324
4.324
4.294
4.294
4.294
4.294
4.294
4.294
4.294
4.294
4.294
4.294
4.294
4.294
4.294
4.294
4.294
4.294
4.294
4.294
4.294
4.294
4.294
4.294
4.294
4.294
4.294
4.294
4.294
4.294
4.294
4.294
4.452
4.452
4.452
4.452
4.452
4.452
4.452
4.452
4.452
4.452
4.452
4.452
4.452
4.452
4.452
4.452
4.452
4.452
4.452
4.452
4.452
4.452
4.452
4.452
4.452
4.452
4.452
4.452
4.452
4.452
4.077
4.077
4.077
4.077
4.077
4.077
4.077
4.077
4.077
4.077
4.077
4.077
4.077
4.077
4.077
4.077
4.077
4.077
4.077
4.077
4.077
4.077
4.077
4.077
4.077
4.077
4.077
4.077
4.077
4.077
4.312
4.312
4.312
4.312
4.312
4.312
4.312
4.312
4.312
4.312
4.312
4.312
4.312
4.312
4.312
4.312
4.312
4.312
4.312
4.312
4.312
4.312
4.312
4.312
4.312
4.312
4.312
4.312
4.312
4.312
5.322
5.322
5.322
5.322
5.322
5.322
5.322
5.322
5.322
5.322
5.322
5.322
5.322
5.322
5.322
5.322
5.322
5.322
5.322
5.322
5.322
5.322
5.322
5.322
5.322
5.322
5.322
5.322
5.322
5.322
4.901
4.901
4.901
4.901
4.901
4.901
4.901
4.901
4.901
4.901
4.901
4.901
4.901
4.901
4.901
4.901
4.901
4.901
4.901
4.901
4.901
4.901
4.901
4.901
4.901
4.901
4.901
4.901
4.901
4.901
4.483
4.483
4.483
4.483
4.483
4.483
4.483
4.483
4.483
4.483
4.483
4.483
4.483
4.483
4.483
4.483
4.483
4.483
4.483
4.483
4.483
4.483
4.483
4.483
4.483
4.483
4.483
4.483
4.483
4.483
3.953
3.953
3.953
3.953
3.953
3.953
3.953
3.953
3.953
3.953
3.953
3.953
3.953
3.953
3.953
3.953
3.953
3.953
3.953
3.953
3.953
3.953
3.953
3.953
3.953
3.953
3.953
3.953
3.953
3.953
3.768
3.768
3.768
3.768
3.768
3.768
3.768
3.768
3.768
3.768
3.768
3.768
3.768
3.768
3.768
3.768
3.768
3.768
3.768
3.768
3.768
3.768
3.768
3.768
3.768
3.768
3.768
3.768
3.768
3.768
3.485
3.485
3.485
3.485
3.485
3.485
3.485
3.485
3.485
3.485
3.485
3.485
3.485
3.485
3.485
3.485
3.485
3.485
3.485
3.485
3.485
3.485
3.485
3.485
3.485
3.485
3.485
3.485
3.485
3.485
2.688
2.688
2.688
2.688
2.688
2.688
2.688
2.688
2.688
2.688
2.688
2.688
2.688
2.688
2.688
2.688
2.688
2.688
2.688
2.688
2.688
2.688
2.688
2.688
2.688
2.688
2.688
2.688
2.688
2.688
2.039
2.039
2.039
2.039
2.039
2.039
2.039
2.039
2.039
2.039
2.039
2.039
2.039
2.039
2.039
2.039
2.039
2.039
2.039
2.039
2.039
2.039
2.039
2.039
2.039
2.039
2.039
2.039
2.039
2.039
