4.037
4.037
4.037
4.037
4.037
4.037
4.037
4.037
4.037
4.037
4.037
4.037
4.037
4.037
4.037
4.037
4.037
4.037
4.037
4.037
4.037
4.037
4.037
4.037
4.037
4.037
4.037
4.037
4.037
4.037
3.924
3.924
3.924
3.924
3.924
3.924
3.924
3.924
3.924
3.924
3.924
3.924
3.924
3.924
3.924
3.924
3.924
3.924
3.924
3.924
3.924
3.924
3.924
3.924
3.924
3.924
3.924
3.924
3.924
3.924
3.951
3.951
3.951
3.951
3.951
3.951
3.951
3.951
3.951
3.951
3.951
3.951
3.951
3.951
3.951
3.951
3.951
3.951
3.951
3.951
3.951
3.951
3.951
3.951
3.951
3.951
3.951
3.951
3.951
3.951
3.985
3.985
3.985
3.985
3.985
3.985
3.985
3.985
3.985
3.985
3.985
3.985
3.985
3.985
3.985
3.985
3.985
3.985
3.985
3.985
3.985
3.985
3.985
3.985
3.985
3.985
3.985
3.985
3.985
3.985
3.953
3.953
3.953
3.953
3.953
3.953
3.953
3.953
3.953
3.953
3.953
3.953
3.953
3.953
3.953
3.953
3.953
3.953
3.953
3.953
3.953
3.953
3.953
3.953
3.953
3.953
3.953
3.953
3.953
3.953
3.949
3.949
3.949
3.949
3.949
3.949
3.949
3.949
3.949
3.949
3.949
3.949
3.949
3.949
3.949
3.949
3.949
3.949
3.949
3.949
3.949
3.949
3.949
3.949
3.949
3.949
3.949
3.949
3.949
3.949
3.433
3.433
3.433
3.433
3.433
3.433
3.433
3.433
3.433
3.433
3.433
3.433
3.433
3.433
3.433
3.433
3.433
3.433
3.433
3.433
3.433
3.433
3.433
3.433
3.433
3.433
3.433
3.433
3.433
3.433
3.396
3.396
3.396
3.396
3.396
3.396
3.396
3.396
3.396
3.396
3.396
3.396
3.396
3.396
3.396
3.396
3.396
3.396
3.396
3.396
3.396
3.396
3.396
3.396
3.396
3.396
3.396
3.396
3.396
3.396
3.214
3.214
3.214
3.214
3.214
3.214
3.214
3.214
3.214
3.214
3.214
3.214
3.214
3.214
3.214
3.214
3.214
3.214
3.214
3.214
3.214
3.214
3.214
3.214
3.214
3.214
3.214
3.214
3.214
3.214
3.182
3.182
3.182
3.182
3.182
3.182
3.182
3.182
3.182
3.182
3.182
3.182
3.182
3.182
3.182
3.182
3.182
3.182
3.182
3.182
3.182
3.182
3.182
3.182
3.182
3.182
3.182
3.182
3.182
3.182
3.1
3.1
3.1
3.1
3.1
3.1
3.1
3.1
3.1
3.1
3.1
3.1
3.1
3.1
3.1
3.1
3.1
3.1
3.1
3.1
3.1
3.1
3.1
3.1
3.1
3.1
3.1
3.1
3.1
3.1
3.137
3.137
3.137
3.137
3.137
3.137
3.137
3.137
3.137
3.137
3.137
3.137
3.137
3.137
3.137
3.137
3.137
3.137
3.137
3.137
3.137
3.137
3.137
3.137
3.137
3.137
3.137
3.137
3.137
3.137
3.02
3.02
3.02
3.02
3.02
3.02
3.02
3.02
3.02
3.02
3.02
3.02
3.02
3.02
3.02
3.02
3.02
3.02
3.02
3.02
3.02
3.02
3.02
3.02
3.02
3.02
3.02
3.02
3.02
3.02
3.195
3.195
3.195
3.195
3.195
3.195
3.195
3.195
3.195
3.195
3.195
3.195
3.195
3.195
3.195
3.195
3.195
3.195
3.195
3.195
3.195
3.195
3.195
3.195
3.195
3.195
3.195
3.195
3.195
3.195
3.163
3.163
3.163
3.163
3.163
3.163
3.163
3.163
3.163
3.163
3.163
3.163
3.163
3.163
3.163
3.163
3.163
3.163
3.163
3.163
3.163
3.163
3.163
3.163
3.163
3.163
3.163
3.163
3.163
3.163
3.218
3.218
3.218
3.218
3.218
3.218
3.218
3.218
3.218
3.218
3.218
3.218
3.218
3.218
3.218
3.218
3.218
3.218
3.218
3.218
3.218
3.218
3.218
3.218
3.218
3.218
3.218
3.218
3.218
3.218
3.378
3.378
3.378
3.378
3.378
3.378
3.378
3.378
3.378
3.378
3.378
3.378
3.378
3.378
3.378
3.378
3.378
3.378
3.378
3.378
3.378
3.378
3.378
3.378
3.378
3.378
3.378
3.378
3.378
3.378
3.446
3.446
3.446
3.446
3.446
3.446
3.446
3.446
3.446
3.446
3.446
3.446
3.446
3.446
3.446
3.446
3.446
3.446
3.446
3.446
3.446
3.446
3.446
3.446
3.446
3.446
3.446
3.446
3.446
3.446
3.426
3.426
3.426
3.426
3.426
3.426
3.426
3.426
3.426
3.426
3.426
3.426
3.426
3.426
3.426
3.426
3.426
3.426
3.426
3.426
3.426
3.426
3.426
3.426
3.426
3.426
3.426
3.426
3.426
3.426
3.437
3.437
3.437
3.437
3.437
3.437
3.437
3.437
3.437
3.437
3.437
3.437
3.437
3.437
3.437
3.437
3.437
3.437
3.437
3.437
3.437
3.437
3.437
3.437
3.437
3.437
3.437
3.437
3.437
3.437
3.371
3.371
3.371
3.371
3.371
3.371
3.371
3.371
3.371
3.371
3.371
3.371
3.371
3.371
3.371
3.371
3.371
3.371
3.371
3.371
3.371
3.371
3.371
3.371
3.371
3.371
3.371
3.371
3.371
3.371
3.332
3.332
3.332
3.332
3.332
3.332
3.332
3.332
3.332
3.332
3.332
3.332
3.332
3.332
3.332
3.332
3.332
3.332
3.332
3.332
3.332
3.332
3.332
3.332
3.332
3.332
3.332
3.332
3.332
3.332
3.219
3.219
3.219
3.219
3.219
3.219
3.219
3.219
3.219
3.219
3.219
3.219
3.219
3.219
3.219
3.219
3.219
3.219
3.219
3.219
3.219
3.219
3.219
3.219
3.219
3.219
3.219
3.219
3.219
3.219
3.173
3.173
3.173
3.173
3.173
3.173
3.173
3.173
3.173
3.173
3.173
3.173
3.173
3.173
3.173
3.173
3.173
3.173
3.173
3.173
3.173
3.173
3.173
3.173
3.173
3.173
3.173
3.173
3.173
3.173
3.136
3.136
3.136
3.136
3.136
3.136
3.136
3.136
3.136
3.136
3.136
3.136
3.136
3.136
3.136
3.136
3.136
3.136
3.136
3.136
3.136
3.136
3.136
3.136
3.136
3.136
3.136
3.136
3.136
3.136
3.092
3.092
3.092
3.092
3.092
3.092
3.092
3.092
3.092
3.092
3.092
3.092
3.092
3.092
3.092
3.092
3.092
3.092
3.092
3.092
3.092
3.092
3.092
3.092
3.092
3.092
3.092
3.092
3.092
3.092
3.023
3.023
3.023
3.023
3.023
3.023
3.023
3.023
3.023
3.023
3.023
3.023
3.023
3.023
3.023
3.023
3.023
3.023
3.023
3.023
3.023
3.023
3.023
3.023
3.023
3.023
3.023
3.023
3.023
3.023
2.952
2.952
2.952
2.952
2.952
2.952
2.952
2.952
2.952
2.952
2.952
2.952
2.952
2.952
2.952
2.952
2.952
2.952
2.952
2.952
2.952
2.952
2.952
2.952
2.952
2.952
2.952
2.952
2.952
2.952
2.922
2.922
2.922
2.922
2.922
2.922
2.922
2.922
2.922
2.922
2.922
2.922
2.922
2.922
2.922
2.922
2.922
2.922
2.922
2.922
2.922
2.922
2.922
2.922
2.922
2.922
2.922
2.922
2.922
2.922
2.899
2.899
2.899
2.899
2.899
2.899
2.899
2.899
2.899
2.899
2.899
2.899
2.899
2.899
2.899
2.899
2.899
2.899
2.899
2.899
2.899
2.899
2.899
2.899
2.899
2.899
2.899
2.899
2.899
2.899
3.291
3.291
3.291
3.291
3.291
3.291
3.291
3.291
3.291
3.291
3.291
3.291
3.291
3.291
3.291
3.291
3.291
3.291
3.291
3.291
3.291
3.291
3.291
3.291
3.291
3.291
3.291
3.291
3.291
3.291
3.321
3.321
3.321
3.321
3.321
3.321
3.321
3.321
3.321
3.321
3.321
3.321
3.321
3.321
3.321
3.321
3.321
3.321
3.321
3.321
3.321
3.321
3.321
3.321
3.321
3.321
3.321
3.321
3.321
3.321
3.431
3.431
3.431
3.431
3.431
3.431
3.431
3.431
3.431
3.431
3.431
3.431
3.431
3.431
3.431
3.431
3.431
3.431
3.431
3.431
3.431
3.431
3.431
3.431
3.431
3.431
3.431
3.431
3.431
3.431
3.642
3.642
3.642
3.642
3.642
3.642
3.642
3.642
3.642
3.642
3.642
3.642
3.642
3.642
3.642
3.642
3.642
3.642
3.642
3.642
3.642
3.642
3.642
3.642
3.642
3.642
3.642
3.642
3.642
3.642
4.65
4.65
4.65
4.65
4.65
4.65
4.65
4.65
4.65
4.65
4.65
4.65
4.65
4.65
4.65
4.65
4.65
4.65
4.65
4.65
4.65
4.65
4.65
4.65
4.65
4.65
4.65
4.65
4.65
4.65
4.422
4.422
4.422
4.422
4.422
4.422
4.422
4.422
4.422
4.422
4.422
4.422
4.422
4.422
4.422
4.422
4.422
4.422
4.422
4.422
4.422
4.422
4.422
4.422
4.422
4.422
4.422
4.422
4.422
4.422
3.644
3.644
3.644
3.644
3.644
3.644
3.644
3.644
3.644
3.644
3.644
3.644
3.644
3.644
3.644
3.644
3.644
3.644
3.644
3.644
3.644
3.644
3.644
3.644
3.644
3.644
3.644
3.644
3.644
3.644
3.725
3.725
3.725
3.725
3.725
3.725
3.725
3.725
3.725
3.725
3.725
3.725
3.725
3.725
3.725
3.725
3.725
3.725
3.725
3.725
3.725
3.725
3.725
3.725
3.725
3.725
3.725
3.725
3.725
3.725
3.298
3.298
3.298
3.298
3.298
3.298
3.298
3.298
3.298
3.298
3.298
3.298
3.298
3.298
3.298
3.298
3.298
3.298
3.298
3.298
3.298
3.298
3.298
3.298
3.298
3.298
3.298
3.298
3.298
3.298
3.315
3.315
3.315
3.315
3.315
3.315
3.315
3.315
3.315
3.315
3.315
3.315
3.315
3.315
3.315
3.315
3.315
3.315
3.315
3.315
3.315
3.315
3.315
3.315
3.315
3.315
3.315
3.315
3.315
3.315
3.324
3.324
3.324
3.324
3.324
3.324
3.324
3.324
3.324
3.324
3.324
3.324
3.324
3.324
3.324
3.324
3.324
3.324
3.324
3.324
3.324
3.324
3.324
3.324
3.324
3.324
3.324
3.324
3.324
3.324
3.371
3.371
3.371
3.371
3.371
3.371
3.371
3.371
3.371
3.371
3.371
3.371
3.371
3.371
3.371
3.371
3.371
3.371
3.371
3.371
3.371
3.371
3.371
3.371
3.371
3.371
3.371
3.371
3.371
3.371
3.176
3.176
3.176
3.176
3.176
3.176
3.176
3.176
3.176
3.176
3.176
3.176
3.176
3.176
3.176
3.176
3.176
3.176
3.176
3.176
3.176
3.176
3.176
3.176
3.176
3.176
3.176
3.176
3.176
3.176
3.127
3.127
3.127
3.127
3.127
3.127
3.127
3.127
3.127
3.127
3.127
3.127
3.127
3.127
3.127
3.127
3.127
3.127
3.127
3.127
3.127
3.127
3.127
3.127
3.127
3.127
3.127
3.127
3.127
3.127
2.978
2.978
2.978
2.978
2.978
2.978
2.978
2.978
2.978
2.978
2.978
2.978
2.978
2.978
2.978
2.978
2.978
2.978
2.978
2.978
2.978
2.978
2.978
2.978
2.978
2.978
2.978
2.978
2.978
2.978
2.995
2.995
2.995
2.995
2.995
2.995
2.995
2.995
2.995
2.995
2.995
2.995
2.995
2.995
2.995
2.995
2.995
2.995
2.995
2.995
2.995
2.995
2.995
2.995
2.995
2.995
2.995
2.995
2.995
2.995
4.201
4.201
4.201
4.201
4.201
4.201
4.201
4.201
4.201
4.201
4.201
4.201
4.201
4.201
4.201
4.201
4.201
4.201
4.201
4.201
4.201
4.201
4.201
4.201
4.201
4.201
4.201
4.201
4.201
4.201
4.144
4.144
4.144
4.144
4.144
4.144
4.144
4.144
4.144
4.144
4.144
4.144
4.144
4.144
4.144
4.144
4.144
4.144
4.144
4.144
4.144
4.144
4.144
4.144
4.144
4.144
4.144
4.144
4.144
4.144
