2.894
2.894
2.894
2.894
2.894
2.894
2.894
2.894
2.894
2.894
2.894
2.894
2.894
2.894
2.894
2.894
2.894
2.894
2.894
2.894
2.894
2.894
2.894
2.894
2.894
2.894
2.894
2.894
2.894
2.894
2.92
2.92
2.92
2.92
2.92
2.92
2.92
2.92
2.92
2.92
2.92
2.92
2.92
2.92
2.92
2.92
2.92
2.92
2.92
2.92
2.92
2.92
2.92
2.92
2.92
2.92
2.92
2.92
2.92
2.92
2.991
2.991
2.991
2.991
2.991
2.991
2.991
2.991
2.991
2.991
2.991
2.991
2.991
2.991
2.991
2.991
2.991
2.991
2.991
2.991
2.991
2.991
2.991
2.991
2.991
2.991
2.991
2.991
2.991
2.991
3.054
3.054
3.054
3.054
3.054
3.054
3.054
3.054
3.054
3.054
3.054
3.054
3.054
3.054
3.054
3.054
3.054
3.054
3.054
3.054
3.054
3.054
3.054
3.054
3.054
3.054
3.054
3.054
3.054
3.054
2.965
2.965
2.965
2.965
2.965
2.965
2.965
2.965
2.965
2.965
2.965
2.965
2.965
2.965
2.965
2.965
2.965
2.965
2.965
2.965
2.965
2.965
2.965
2.965
2.965
2.965
2.965
2.965
2.965
2.965
2.965
2.965
2.965
2.965
2.965
2.965
2.965
2.965
2.965
2.965
2.965
2.965
2.965
2.965
2.965
2.965
2.965
2.965
2.965
2.965
2.965
2.965
2.965
2.965
2.965
2.965
2.965
2.965
2.965
2.965
2.801
2.801
2.801
2.801
2.801
2.801
2.801
2.801
2.801
2.801
2.801
2.801
2.801
2.801
2.801
2.801
2.801
2.801
2.801
2.801
2.801
2.801
2.801
2.801
2.801
2.801
2.801
2.801
2.801
2.801
2.784
2.784
2.784
2.784
2.784
2.784
2.784
2.784
2.784
2.784
2.784
2.784
2.784
2.784
2.784
2.784
2.784
2.784
2.784
2.784
2.784
2.784
2.784
2.784
2.784
2.784
2.784
2.784
2.784
2.784
2.781
2.781
2.781
2.781
2.781
2.781
2.781
2.781
2.781
2.781
2.781
2.781
2.781
2.781
2.781
2.781
2.781
2.781
2.781
2.781
2.781
2.781
2.781
2.781
2.781
2.781
2.781
2.781
2.781
2.781
2.738
2.738
2.738
2.738
2.738
2.738
2.738
2.738
2.738
2.738
2.738
2.738
2.738
2.738
2.738
2.738
2.738
2.738
2.738
2.738
2.738
2.738
2.738
2.738
2.738
2.738
2.738
2.738
2.738
2.738
2.871
2.871
2.871
2.871
2.871
2.871
2.871
2.871
2.871
2.871
2.871
2.871
2.871
2.871
2.871
2.871
2.871
2.871
2.871
2.871
2.871
2.871
2.871
2.871
2.871
2.871
2.871
2.871
2.871
2.871
2.875
2.875
2.875
2.875
2.875
2.875
2.875
2.875
2.875
2.875
2.875
2.875
2.875
2.875
2.875
2.875
2.875
2.875
2.875
2.875
2.875
2.875
2.875
2.875
2.875
2.875
2.875
2.875
2.875
2.875
3.11
3.11
3.11
3.11
3.11
3.11
3.11
3.11
3.11
3.11
3.11
3.11
3.11
3.11
3.11
3.11
3.11
3.11
3.11
3.11
3.11
3.11
3.11
3.11
3.11
3.11
3.11
3.11
3.11
3.11
3.254
3.254
3.254
3.254
3.254
3.254
3.254
3.254
3.254
3.254
3.254
3.254
3.254
3.254
3.254
3.254
3.254
3.254
3.254
3.254
3.254
3.254
3.254
3.254
3.254
3.254
3.254
3.254
3.254
3.254
3.125
3.125
3.125
3.125
3.125
3.125
3.125
3.125
3.125
3.125
3.125
3.125
3.125
3.125
3.125
3.125
3.125
3.125
3.125
3.125
3.125
3.125
3.125
3.125
3.125
3.125
3.125
3.125
3.125
3.125
3.631
3.631
3.631
3.631
3.631
3.631
3.631
3.631
3.631
3.631
3.631
3.631
3.631
3.631
3.631
3.631
3.631
3.631
3.631
3.631
3.631
3.631
3.631
3.631
3.631
3.631
3.631
3.631
3.631
3.631
3.332
3.332
3.332
3.332
3.332
3.332
3.332
3.332
3.332
3.332
3.332
3.332
3.332
3.332
3.332
3.332
3.332
3.332
3.332
3.332
3.332
3.332
3.332
3.332
3.332
3.332
3.332
3.332
3.332
3.332
3.068
3.068
3.068
3.068
3.068
3.068
3.068
3.068
3.068
3.068
3.068
3.068
3.068
3.068
3.068
3.068
3.068
3.068
3.068
3.068
3.068
3.068
3.068
3.068
3.068
3.068
3.068
3.068
3.068
3.068
3.049
3.049
3.049
3.049
3.049
3.049
3.049
3.049
3.049
3.049
3.049
3.049
3.049
3.049
3.049
3.049
3.049
3.049
3.049
3.049
3.049
3.049
3.049
3.049
3.049
3.049
3.049
3.049
3.049
3.049
2.926
2.926
2.926
2.926
2.926
2.926
2.926
2.926
2.926
2.926
2.926
2.926
2.926
2.926
2.926
2.926
2.926
2.926
2.926
2.926
2.926
2.926
2.926
2.926
2.926
2.926
2.926
2.926
2.926
2.926
2.764
2.764
2.764
2.764
2.764
2.764
2.764
2.764
2.764
2.764
2.764
2.764
2.764
2.764
2.764
2.764
2.764
2.764
2.764
2.764
2.764
2.764
2.764
2.764
2.764
2.764
2.764
2.764
2.764
2.764
2.759
2.759
2.759
2.759
2.759
2.759
2.759
2.759
2.759
2.759
2.759
2.759
2.759
2.759
2.759
2.759
2.759
2.759
2.759
2.759
2.759
2.759
2.759
2.759
2.759
2.759
2.759
2.759
2.759
2.759
2.683
2.683
2.683
2.683
2.683
2.683
2.683
2.683
2.683
2.683
2.683
2.683
2.683
2.683
2.683
2.683
2.683
2.683
2.683
2.683
2.683
2.683
2.683
2.683
2.683
2.683
2.683
2.683
2.683
2.683
2.656
2.656
2.656
2.656
2.656
2.656
2.656
2.656
2.656
2.656
2.656
2.656
2.656
2.656
2.656
2.656
2.656
2.656
2.656
2.656
2.656
2.656
2.656
2.656
2.656
2.656
2.656
2.656
2.656
2.656
2.661
2.661
2.661
2.661
2.661
2.661
2.661
2.661
2.661
2.661
2.661
2.661
2.661
2.661
2.661
2.661
2.661
2.661
2.661
2.661
2.661
2.661
2.661
2.661
2.661
2.661
2.661
2.661
2.661
2.661
2.658
2.658
2.658
2.658
2.658
2.658
2.658
2.658
2.658
2.658
2.658
2.658
2.658
2.658
2.658
2.658
2.658
2.658
2.658
2.658
2.658
2.658
2.658
2.658
2.658
2.658
2.658
2.658
2.658
2.658
2.648
2.648
2.648
2.648
2.648
2.648
2.648
2.648
2.648
2.648
2.648
2.648
2.648
2.648
2.648
2.648
2.648
2.648
2.648
2.648
2.648
2.648
2.648
2.648
2.648
2.648
2.648
2.648
2.648
2.648
2.652
2.652
2.652
2.652
2.652
2.652
2.652
2.652
2.652
2.652
2.652
2.652
2.652
2.652
2.652
2.652
2.652
2.652
2.652
2.652
2.652
2.652
2.652
2.652
2.652
2.652
2.652
2.652
2.652
2.652
2.652
2.652
2.652
2.652
2.652
2.652
2.652
2.652
2.652
2.652
2.652
2.652
2.652
2.652
2.652
2.652
2.652
2.652
2.652
2.652
2.652
2.652
2.652
2.652
2.652
2.652
2.652
2.652
2.652
2.652
2.687
2.687
2.687
2.687
2.687
2.687
2.687
2.687
2.687
2.687
2.687
2.687
2.687
2.687
2.687
2.687
2.687
2.687
2.687
2.687
2.687
2.687
2.687
2.687
2.687
2.687
2.687
2.687
2.687
2.687
2.722
2.722
2.722
2.722
2.722
2.722
2.722
2.722
2.722
2.722
2.722
2.722
2.722
2.722
2.722
2.722
2.722
2.722
2.722
2.722
2.722
2.722
2.722
2.722
2.722
2.722
2.722
2.722
2.722
2.722
2.749
2.749
2.749
2.749
2.749
2.749
2.749
2.749
2.749
2.749
2.749
2.749
2.749
2.749
2.749
2.749
2.749
2.749
2.749
2.749
2.749
2.749
2.749
2.749
2.749
2.749
2.749
2.749
2.749
2.749
2.775
2.775
2.775
2.775
2.775
2.775
2.775
2.775
2.775
2.775
2.775
2.775
2.775
2.775
2.775
2.775
2.775
2.775
2.775
2.775
2.775
2.775
2.775
2.775
2.775
2.775
2.775
2.775
2.775
2.775
2.759
2.759
2.759
2.759
2.759
2.759
2.759
2.759
2.759
2.759
2.759
2.759
2.759
2.759
2.759
2.759
2.759
2.759
2.759
2.759
2.759
2.759
2.759
2.759
2.759
2.759
2.759
2.759
2.759
2.759
2.998
2.998
2.998
2.998
2.998
2.998
2.998
2.998
2.998
2.998
2.998
2.998
2.998
2.998
2.998
2.998
2.998
2.998
2.998
2.998
2.998
2.998
2.998
2.998
2.998
2.998
2.998
2.998
2.998
2.998
2.982
2.982
2.982
2.982
2.982
2.982
2.982
2.982
2.982
2.982
2.982
2.982
2.982
2.982
2.982
2.982
2.982
2.982
2.982
2.982
2.982
2.982
2.982
2.982
2.982
2.982
2.982
2.982
2.982
2.982
4.838
4.838
4.838
4.838
4.838
4.838
4.838
4.838
4.838
4.838
4.838
4.838
4.838
4.838
4.838
4.838
4.838
4.838
4.838
4.838
4.838
4.838
4.838
4.838
4.838
4.838
4.838
4.838
4.838
4.838
9.757
9.757
9.757
9.757
9.757
9.757
9.757
9.757
9.757
9.757
9.757
9.757
9.757
9.757
9.757
9.757
9.757
9.757
9.757
9.757
9.757
9.757
9.757
9.757
9.757
9.757
9.757
9.757
9.757
9.757
9.942
9.942
9.942
9.942
9.942
9.942
9.942
9.942
9.942
9.942
9.942
9.942
9.942
9.942
9.942
9.942
9.942
9.942
9.942
9.942
9.942
9.942
9.942
9.942
9.942
9.942
9.942
9.942
9.942
9.942
6.455
6.455
6.455
6.455
6.455
6.455
6.455
6.455
6.455
6.455
6.455
6.455
6.455
6.455
6.455
6.455
6.455
6.455
6.455
6.455
6.455
6.455
6.455
6.455
6.455
6.455
6.455
6.455
6.455
6.455
4.445
4.445
4.445
4.445
4.445
4.445
4.445
4.445
4.445
4.445
4.445
4.445
4.445
4.445
4.445
4.445
4.445
4.445
4.445
4.445
4.445
4.445
4.445
4.445
4.445
4.445
4.445
4.445
4.445
4.445
3.995
3.995
3.995
3.995
3.995
3.995
3.995
3.995
3.995
3.995
3.995
3.995
3.995
3.995
3.995
3.995
3.995
3.995
3.995
3.995
3.995
3.995
3.995
3.995
3.995
3.995
3.995
3.995
3.995
3.995
3.488
3.488
3.488
3.488
3.488
3.488
3.488
3.488
3.488
3.488
3.488
3.488
3.488
3.488
3.488
3.488
3.488
3.488
3.488
3.488
3.488
3.488
3.488
3.488
3.488
3.488
3.488
3.488
3.488
3.488
3.314
3.314
3.314
3.314
3.314
3.314
3.314
3.314
3.314
3.314
3.314
3.314
3.314
3.314
3.314
3.314
3.314
3.314
3.314
3.314
3.314
3.314
3.314
3.314
3.314
3.314
3.314
3.314
3.314
3.314
3.044
3.044
3.044
3.044
3.044
3.044
3.044
3.044
3.044
3.044
3.044
3.044
3.044
3.044
3.044
3.044
3.044
3.044
3.044
3.044
3.044
3.044
3.044
3.044
3.044
3.044
3.044
3.044
3.044
3.044
2.939
2.939
2.939
2.939
2.939
2.939
2.939
2.939
2.939
2.939
2.939
2.939
2.939
2.939
2.939
2.939
2.939
2.939
2.939
2.939
2.939
2.939
2.939
2.939
2.939
2.939
2.939
2.939
2.939
2.939
2.816
2.816
2.816
2.816
2.816
2.816
2.816
2.816
2.816
2.816
2.816
2.816
2.816
2.816
2.816
2.816
2.816
2.816
2.816
2.816
2.816
2.816
2.816
2.816
2.816
2.816
2.816
2.816
2.816
2.816
2.834
2.834
2.834
2.834
2.834
2.834
2.834
2.834
2.834
2.834
2.834
2.834
2.834
2.834
2.834
2.834
2.834
2.834
2.834
2.834
2.834
2.834
2.834
2.834
2.834
2.834
2.834
2.834
2.834
2.834
