4.096
4.096
4.096
4.096
4.096
4.096
4.096
4.096
4.096
4.096
4.096
4.096
4.096
4.096
4.096
4.096
4.096
4.096
4.096
4.096
4.096
4.096
4.096
4.096
4.096
4.096
4.096
4.096
4.096
4.096
3.596
3.596
3.596
3.596
3.596
3.596
3.596
3.596
3.596
3.596
3.596
3.596
3.596
3.596
3.596
3.596
3.596
3.596
3.596
3.596
3.596
3.596
3.596
3.596
3.596
3.596
3.596
3.596
3.596
3.596
3.59
3.59
3.59
3.59
3.59
3.59
3.59
3.59
3.59
3.59
3.59
3.59
3.59
3.59
3.59
3.59
3.59
3.59
3.59
3.59
3.59
3.59
3.59
3.59
3.59
3.59
3.59
3.59
3.59
3.59
3.576
3.576
3.576
3.576
3.576
3.576
3.576
3.576
3.576
3.576
3.576
3.576
3.576
3.576
3.576
3.576
3.576
3.576
3.576
3.576
3.576
3.576
3.576
3.576
3.576
3.576
3.576
3.576
3.576
3.576
3.574
3.574
3.574
3.574
3.574
3.574
3.574
3.574
3.574
3.574
3.574
3.574
3.574
3.574
3.574
3.574
3.574
3.574
3.574
3.574
3.574
3.574
3.574
3.574
3.574
3.574
3.574
3.574
3.574
3.574
3.604
3.604
3.604
3.604
3.604
3.604
3.604
3.604
3.604
3.604
3.604
3.604
3.604
3.604
3.604
3.604
3.604
3.604
3.604
3.604
3.604
3.604
3.604
3.604
3.604
3.604
3.604
3.604
3.604
3.604
3.7
3.7
3.7
3.7
3.7
3.7
3.7
3.7
3.7
3.7
3.7
3.7
3.7
3.7
3.7
3.7
3.7
3.7
3.7
3.7
3.7
3.7
3.7
3.7
3.7
3.7
3.7
3.7
3.7
3.7
3.663
3.663
3.663
3.663
3.663
3.663
3.663
3.663
3.663
3.663
3.663
3.663
3.663
3.663
3.663
3.663
3.663
3.663
3.663
3.663
3.663
3.663
3.663
3.663
3.663
3.663
3.663
3.663
3.663
3.663
3.47
3.47
3.47
3.47
3.47
3.47
3.47
3.47
3.47
3.47
3.47
3.47
3.47
3.47
3.47
3.47
3.47
3.47
3.47
3.47
3.47
3.47
3.47
3.47
3.47
3.47
3.47
3.47
3.47
3.47
3.363
3.363
3.363
3.363
3.363
3.363
3.363
3.363
3.363
3.363
3.363
3.363
3.363
3.363
3.363
3.363
3.363
3.363
3.363
3.363
3.363
3.363
3.363
3.363
3.363
3.363
3.363
3.363
3.363
3.363
4.577
4.577
4.577
4.577
4.577
4.577
4.577
4.577
4.577
4.577
4.577
4.577
4.577
4.577
4.577
4.577
4.577
4.577
4.577
4.577
4.577
4.577
4.577
4.577
4.577
4.577
4.577
4.577
4.577
4.577
5.124
5.124
5.124
5.124
5.124
5.124
5.124
5.124
5.124
5.124
5.124
5.124
5.124
5.124
5.124
5.124
5.124
5.124
5.124
5.124
5.124
5.124
5.124
5.124
5.124
5.124
5.124
5.124
5.124
5.124
5.097
5.097
5.097
5.097
5.097
5.097
5.097
5.097
5.097
5.097
5.097
5.097
5.097
5.097
5.097
5.097
5.097
5.097
5.097
5.097
5.097
5.097
5.097
5.097
5.097
5.097
5.097
5.097
5.097
5.097
4.786
4.786
4.786
4.786
4.786
4.786
4.786
4.786
4.786
4.786
4.786
4.786
4.786
4.786
4.786
4.786
4.786
4.786
4.786
4.786
4.786
4.786
4.786
4.786
4.786
4.786
4.786
4.786
4.786
4.786
5.539
5.539
5.539
5.539
5.539
5.539
5.539
5.539
5.539
5.539
5.539
5.539
5.539
5.539
5.539
5.539
5.539
5.539
5.539
5.539
5.539
5.539
5.539
5.539
5.539
5.539
5.539
5.539
5.539
5.539
5.497
5.497
5.497
5.497
5.497
5.497
5.497
5.497
5.497
5.497
5.497
5.497
5.497
5.497
5.497
5.497
5.497
5.497
5.497
5.497
5.497
5.497
5.497
5.497
5.497
5.497
5.497
5.497
5.497
5.497
5.858
5.858
5.858
5.858
5.858
5.858
5.858
5.858
5.858
5.858
5.858
5.858
5.858
5.858
5.858
5.858
5.858
5.858
5.858
5.858
5.858
5.858
5.858
5.858
5.858
5.858
5.858
5.858
5.858
5.858
6.057
6.057
6.057
6.057
6.057
6.057
6.057
6.057
6.057
6.057
6.057
6.057
6.057
6.057
6.057
6.057
6.057
6.057
6.057
6.057
6.057
6.057
6.057
6.057
6.057
6.057
6.057
6.057
6.057
6.057
5.133
5.133
5.133
5.133
5.133
5.133
5.133
5.133
5.133
5.133
5.133
5.133
5.133
5.133
5.133
5.133
5.133
5.133
5.133
5.133
5.133
5.133
5.133
5.133
5.133
5.133
5.133
5.133
5.133
5.133
5.293
5.293
5.293
5.293
5.293
5.293
5.293
5.293
5.293
5.293
5.293
5.293
5.293
5.293
5.293
5.293
5.293
5.293
5.293
5.293
5.293
5.293
5.293
5.293
5.293
5.293
5.293
5.293
5.293
5.293
5.437
5.437
5.437
5.437
5.437
5.437
5.437
5.437
5.437
5.437
5.437
5.437
5.437
5.437
5.437
5.437
5.437
5.437
5.437
5.437
5.437
5.437
5.437
5.437
5.437
5.437
5.437
5.437
5.437
5.437
5.399
5.399
5.399
5.399
5.399
5.399
5.399
5.399
5.399
5.399
5.399
5.399
5.399
5.399
5.399
5.399
5.399
5.399
5.399
5.399
5.399
5.399
5.399
5.399
5.399
5.399
5.399
5.399
5.399
5.399
4.97
4.97
4.97
4.97
4.97
4.97
4.97
4.97
4.97
4.97
4.97
4.97
4.97
4.97
4.97
4.97
4.97
4.97
4.97
4.97
4.97
4.97
4.97
4.97
4.97
4.97
4.97
4.97
4.97
4.97
4.968
4.968
4.968
4.968
4.968
4.968
4.968
4.968
4.968
4.968
4.968
4.968
4.968
4.968
4.968
4.968
4.968
4.968
4.968
4.968
4.968
4.968
4.968
4.968
4.968
4.968
4.968
4.968
4.968
4.968
4.899
4.899
4.899
4.899
4.899
4.899
4.899
4.899
4.899
4.899
4.899
4.899
4.899
4.899
4.899
4.899
4.899
4.899
4.899
4.899
4.899
4.899
4.899
4.899
4.899
4.899
4.899
4.899
4.899
4.899
4.881
4.881
4.881
4.881
4.881
4.881
4.881
4.881
4.881
4.881
4.881
4.881
4.881
4.881
4.881
4.881
4.881
4.881
4.881
4.881
4.881
4.881
4.881
4.881
4.881
4.881
4.881
4.881
4.881
4.881
4.807
4.807
4.807
4.807
4.807
4.807
4.807
4.807
4.807
4.807
4.807
4.807
4.807
4.807
4.807
4.807
4.807
4.807
4.807
4.807
4.807
4.807
4.807
4.807
4.807
4.807
4.807
4.807
4.807
4.807
4.748
4.748
4.748
4.748
4.748
4.748
4.748
4.748
4.748
4.748
4.748
4.748
4.748
4.748
4.748
4.748
4.748
4.748
4.748
4.748
4.748
4.748
4.748
4.748
4.748
4.748
4.748
4.748
4.748
4.748
4.677
4.677
4.677
4.677
4.677
4.677
4.677
4.677
4.677
4.677
4.677
4.677
4.677
4.677
4.677
4.677
4.677
4.677
4.677
4.677
4.677
4.677
4.677
4.677
4.677
4.677
4.677
4.677
4.677
4.677
4.719
4.719
4.719
4.719
4.719
4.719
4.719
4.719
4.719
4.719
4.719
4.719
4.719
4.719
4.719
4.719
4.719
4.719
4.719
4.719
4.719
4.719
4.719
4.719
4.719
4.719
4.719
4.719
4.719
4.719
5.038
5.038
5.038
5.038
5.038
5.038
5.038
5.038
5.038
5.038
5.038
5.038
5.038
5.038
5.038
5.038
5.038
5.038
5.038
5.038
5.038
5.038
5.038
5.038
5.038
5.038
5.038
5.038
5.038
5.038
5.071
5.071
5.071
5.071
5.071
5.071
5.071
5.071
5.071
5.071
5.071
5.071
5.071
5.071
5.071
5.071
5.071
5.071
5.071
5.071
5.071
5.071
5.071
5.071
5.071
5.071
5.071
5.071
5.071
5.071
5.403
5.403
5.403
5.403
5.403
5.403
5.403
5.403
5.403
5.403
5.403
5.403
5.403
5.403
5.403
5.403
5.403
5.403
5.403
5.403
5.403
5.403
5.403
5.403
5.403
5.403
5.403
5.403
5.403
5.403
6.36
6.36
6.36
6.36
6.36
6.36
6.36
6.36
6.36
6.36
6.36
6.36
6.36
6.36
6.36
6.36
6.36
6.36
6.36
6.36
6.36
6.36
6.36
6.36
6.36
6.36
6.36
6.36
6.36
6.36
6.577
6.577
6.577
6.577
6.577
6.577
6.577
6.577
6.577
6.577
6.577
6.577
6.577
6.577
6.577
6.577
6.577
6.577
6.577
6.577
6.577
6.577
6.577
6.577
6.577
6.577
6.577
6.577
6.577
6.577
6.712
6.712
6.712
6.712
6.712
6.712
6.712
6.712
6.712
6.712
6.712
6.712
6.712
6.712
6.712
6.712
6.712
6.712
6.712
6.712
6.712
6.712
6.712
6.712
6.712
6.712
6.712
6.712
6.712
6.712
6.612
6.612
6.612
6.612
6.612
6.612
6.612
6.612
6.612
6.612
6.612
6.612
6.612
6.612
6.612
6.612
6.612
6.612
6.612
6.612
6.612
6.612
6.612
6.612
6.612
6.612
6.612
6.612
6.612
6.612
6.419
6.419
6.419
6.419
6.419
6.419
6.419
6.419
6.419
6.419
6.419
6.419
6.419
6.419
6.419
6.419
6.419
6.419
6.419
6.419
6.419
6.419
6.419
6.419
6.419
6.419
6.419
6.419
6.419
6.419
6.084
6.084
6.084
6.084
6.084
6.084
6.084
6.084
6.084
6.084
6.084
6.084
6.084
6.084
6.084
6.084
6.084
6.084
6.084
6.084
6.084
6.084
6.084
6.084
6.084
6.084
6.084
6.084
6.084
6.084
6.239
6.239
6.239
6.239
6.239
6.239
6.239
6.239
6.239
6.239
6.239
6.239
6.239
6.239
6.239
6.239
6.239
6.239
6.239
6.239
6.239
6.239
6.239
6.239
6.239
6.239
6.239
6.239
6.239
6.239
7.061
7.061
7.061
7.061
7.061
7.061
7.061
7.061
7.061
7.061
7.061
7.061
7.061
7.061
7.061
7.061
7.061
7.061
7.061
7.061
7.061
7.061
7.061
7.061
7.061
7.061
7.061
7.061
7.061
7.061
6.717
6.717
6.717
6.717
6.717
6.717
6.717
6.717
6.717
6.717
6.717
6.717
6.717
6.717
6.717
6.717
6.717
6.717
6.717
6.717
6.717
6.717
6.717
6.717
6.717
6.717
6.717
6.717
6.717
6.717
5.655
5.655
5.655
5.655
5.655
5.655
5.655
5.655
5.655
5.655
5.655
5.655
5.655
5.655
5.655
5.655
5.655
5.655
5.655
5.655
5.655
5.655
5.655
5.655
5.655
5.655
5.655
5.655
5.655
5.655
5.462
5.462
5.462
5.462
5.462
5.462
5.462
5.462
5.462
5.462
5.462
5.462
5.462
5.462
5.462
5.462
5.462
5.462
5.462
5.462
5.462
5.462
5.462
5.462
5.462
5.462
5.462
5.462
5.462
5.462
5.344
5.344
5.344
5.344
5.344
5.344
5.344
5.344
5.344
5.344
5.344
5.344
5.344
5.344
5.344
5.344
5.344
5.344
5.344
5.344
5.344
5.344
5.344
5.344
5.344
5.344
5.344
5.344
5.344
5.344
5.235
5.235
5.235
5.235
5.235
5.235
5.235
5.235
5.235
5.235
5.235
5.235
5.235
5.235
5.235
5.235
5.235
5.235
5.235
5.235
5.235
5.235
5.235
5.235
5.235
5.235
5.235
5.235
5.235
5.235
4.692
4.692
4.692
4.692
4.692
4.692
4.692
4.692
4.692
4.692
4.692
4.692
4.692
4.692
4.692
4.692
4.692
4.692
4.692
4.692
4.692
4.692
4.692
4.692
4.692
4.692
4.692
4.692
4.692
4.692
4.195
4.195
4.195
4.195
4.195
4.195
4.195
4.195
4.195
4.195
4.195
4.195
4.195
4.195
4.195
4.195
4.195
4.195
4.195
4.195
4.195
4.195
4.195
4.195
4.195
4.195
4.195
4.195
4.195
4.195
