3.955
3.955
3.955
3.955
3.955
3.955
3.955
3.955
3.955
3.955
3.955
3.955
3.955
3.955
3.955
3.955
3.955
3.955
3.955
3.955
3.955
3.955
3.955
3.955
3.955
3.955
3.955
3.955
3.955
3.955
3.908
3.908
3.908
3.908
3.908
3.908
3.908
3.908
3.908
3.908
3.908
3.908
3.908
3.908
3.908
3.908
3.908
3.908
3.908
3.908
3.908
3.908
3.908
3.908
3.908
3.908
3.908
3.908
3.908
3.908
4.127
4.127
4.127
4.127
4.127
4.127
4.127
4.127
4.127
4.127
4.127
4.127
4.127
4.127
4.127
4.127
4.127
4.127
4.127
4.127
4.127
4.127
4.127
4.127
4.127
4.127
4.127
4.127
4.127
4.127
3.977
3.977
3.977
3.977
3.977
3.977
3.977
3.977
3.977
3.977
3.977
3.977
3.977
3.977
3.977
3.977
3.977
3.977
3.977
3.977
3.977
3.977
3.977
3.977
3.977
3.977
3.977
3.977
3.977
3.977
3.932
3.932
3.932
3.932
3.932
3.932
3.932
3.932
3.932
3.932
3.932
3.932
3.932
3.932
3.932
3.932
3.932
3.932
3.932
3.932
3.932
3.932
3.932
3.932
3.932
3.932
3.932
3.932
3.932
3.932
3.856
3.856
3.856
3.856
3.856
3.856
3.856
3.856
3.856
3.856
3.856
3.856
3.856
3.856
3.856
3.856
3.856
3.856
3.856
3.856
3.856
3.856
3.856
3.856
3.856
3.856
3.856
3.856
3.856
3.856
3.408
3.408
3.408
3.408
3.408
3.408
3.408
3.408
3.408
3.408
3.408
3.408
3.408
3.408
3.408
3.408
3.408
3.408
3.408
3.408
3.408
3.408
3.408
3.408
3.408
3.408
3.408
3.408
3.408
3.408
3.443
3.443
3.443
3.443
3.443
3.443
3.443
3.443
3.443
3.443
3.443
3.443
3.443
3.443
3.443
3.443
3.443
3.443
3.443
3.443
3.443
3.443
3.443
3.443
3.443
3.443
3.443
3.443
3.443
3.443
3.375
3.375
3.375
3.375
3.375
3.375
3.375
3.375
3.375
3.375
3.375
3.375
3.375
3.375
3.375
3.375
3.375
3.375
3.375
3.375
3.375
3.375
3.375
3.375
3.375
3.375
3.375
3.375
3.375
3.375
3.393
3.393
3.393
3.393
3.393
3.393
3.393
3.393
3.393
3.393
3.393
3.393
3.393
3.393
3.393
3.393
3.393
3.393
3.393
3.393
3.393
3.393
3.393
3.393
3.393
3.393
3.393
3.393
3.393
3.393
3.482
3.482
3.482
3.482
3.482
3.482
3.482
3.482
3.482
3.482
3.482
3.482
3.482
3.482
3.482
3.482
3.482
3.482
3.482
3.482
3.482
3.482
3.482
3.482
3.482
3.482
3.482
3.482
3.482
3.482
3.64
3.64
3.64
3.64
3.64
3.64
3.64
3.64
3.64
3.64
3.64
3.64
3.64
3.64
3.64
3.64
3.64
3.64
3.64
3.64
3.64
3.64
3.64
3.64
3.64
3.64
3.64
3.64
3.64
3.64
3.839
3.839
3.839
3.839
3.839
3.839
3.839
3.839
3.839
3.839
3.839
3.839
3.839
3.839
3.839
3.839
3.839
3.839
3.839
3.839
3.839
3.839
3.839
3.839
3.839
3.839
3.839
3.839
3.839
3.839
3.827
3.827
3.827
3.827
3.827
3.827
3.827
3.827
3.827
3.827
3.827
3.827
3.827
3.827
3.827
3.827
3.827
3.827
3.827
3.827
3.827
3.827
3.827
3.827
3.827
3.827
3.827
3.827
3.827
3.827
4.361
4.361
4.361
4.361
4.361
4.361
4.361
4.361
4.361
4.361
4.361
4.361
4.361
4.361
4.361
4.361
4.361
4.361
4.361
4.361
4.361
4.361
4.361
4.361
4.361
4.361
4.361
4.361
4.361
4.361
4.217
4.217
4.217
4.217
4.217
4.217
4.217
4.217
4.217
4.217
4.217
4.217
4.217
4.217
4.217
4.217
4.217
4.217
4.217
4.217
4.217
4.217
4.217
4.217
4.217
4.217
4.217
4.217
4.217
4.217
4.314
4.314
4.314
4.314
4.314
4.314
4.314
4.314
4.314
4.314
4.314
4.314
4.314
4.314
4.314
4.314
4.314
4.314
4.314
4.314
4.314
4.314
4.314
4.314
4.314
4.314
4.314
4.314
4.314
4.314
4.349
4.349
4.349
4.349
4.349
4.349
4.349
4.349
4.349
4.349
4.349
4.349
4.349
4.349
4.349
4.349
4.349
4.349
4.349
4.349
4.349
4.349
4.349
4.349
4.349
4.349
4.349
4.349
4.349
4.349
4.355
4.355
4.355
4.355
4.355
4.355
4.355
4.355
4.355
4.355
4.355
4.355
4.355
4.355
4.355
4.355
4.355
4.355
4.355
4.355
4.355
4.355
4.355
4.355
4.355
4.355
4.355
4.355
4.355
4.355
4.416
4.416
4.416
4.416
4.416
4.416
4.416
4.416
4.416
4.416
4.416
4.416
4.416
4.416
4.416
4.416
4.416
4.416
4.416
4.416
4.416
4.416
4.416
4.416
4.416
4.416
4.416
4.416
4.416
4.416
4.627
4.627
4.627
4.627
4.627
4.627
4.627
4.627
4.627
4.627
4.627
4.627
4.627
4.627
4.627
4.627
4.627
4.627
4.627
4.627
4.627
4.627
4.627
4.627
4.627
4.627
4.627
4.627
4.627
4.627
4.853
4.853
4.853
4.853
4.853
4.853
4.853
4.853
4.853
4.853
4.853
4.853
4.853
4.853
4.853
4.853
4.853
4.853
4.853
4.853
4.853
4.853
4.853
4.853
4.853
4.853
4.853
4.853
4.853
4.853
5.311
5.311
5.311
5.311
5.311
5.311
5.311
5.311
5.311
5.311
5.311
5.311
5.311
5.311
5.311
5.311
5.311
5.311
5.311
5.311
5.311
5.311
5.311
5.311
5.311
5.311
5.311
5.311
5.311
5.311
5.224
5.224
5.224
5.224
5.224
5.224
5.224
5.224
5.224
5.224
5.224
5.224
5.224
5.224
5.224
5.224
5.224
5.224
5.224
5.224
5.224
5.224
5.224
5.224
5.224
5.224
5.224
5.224
5.224
5.224
5.133
5.133
5.133
5.133
5.133
5.133
5.133
5.133
5.133
5.133
5.133
5.133
5.133
5.133
5.133
5.133
5.133
5.133
5.133
5.133
5.133
5.133
5.133
5.133
5.133
5.133
5.133
5.133
5.133
5.133
5.117
5.117
5.117
5.117
5.117
5.117
5.117
5.117
5.117
5.117
5.117
5.117
5.117
5.117
5.117
5.117
5.117
5.117
5.117
5.117
5.117
5.117
5.117
5.117
5.117
5.117
5.117
5.117
5.117
5.117
4.47
4.47
4.47
4.47
4.47
4.47
4.47
4.47
4.47
4.47
4.47
4.47
4.47
4.47
4.47
4.47
4.47
4.47
4.47
4.47
4.47
4.47
4.47
4.47
4.47
4.47
4.47
4.47
4.47
4.47
4.362
4.362
4.362
4.362
4.362
4.362
4.362
4.362
4.362
4.362
4.362
4.362
4.362
4.362
4.362
4.362
4.362
4.362
4.362
4.362
4.362
4.362
4.362
4.362
4.362
4.362
4.362
4.362
4.362
4.362
4.326
4.326
4.326
4.326
4.326
4.326
4.326
4.326
4.326
4.326
4.326
4.326
4.326
4.326
4.326
4.326
4.326
4.326
4.326
4.326
4.326
4.326
4.326
4.326
4.326
4.326
4.326
4.326
4.326
4.326
4.275
4.275
4.275
4.275
4.275
4.275
4.275
4.275
4.275
4.275
4.275
4.275
4.275
4.275
4.275
4.275
4.275
4.275
4.275
4.275
4.275
4.275
4.275
4.275
4.275
4.275
4.275
4.275
4.275
4.275
5.177
5.177
5.177
5.177
5.177
5.177
5.177
5.177
5.177
5.177
5.177
5.177
5.177
5.177
5.177
5.177
5.177
5.177
5.177
5.177
5.177
5.177
5.177
5.177
5.177
5.177
5.177
5.177
5.177
5.177
5.314
5.314
5.314
5.314
5.314
5.314
5.314
5.314
5.314
5.314
5.314
5.314
5.314
5.314
5.314
5.314
5.314
5.314
5.314
5.314
5.314
5.314
5.314
5.314
5.314
5.314
5.314
5.314
5.314
5.314
5.746
5.746
5.746
5.746
5.746
5.746
5.746
5.746
5.746
5.746
5.746
5.746
5.746
5.746
5.746
5.746
5.746
5.746
5.746
5.746
5.746
5.746
5.746
5.746
5.746
5.746
5.746
5.746
5.746
5.746
6.288
6.288
6.288
6.288
6.288
6.288
6.288
6.288
6.288
6.288
6.288
6.288
6.288
6.288
6.288
6.288
6.288
6.288
6.288
6.288
6.288
6.288
6.288
6.288
6.288
6.288
6.288
6.288
6.288
6.288
6.445
6.445
6.445
6.445
6.445
6.445
6.445
6.445
6.445
6.445
6.445
6.445
6.445
6.445
6.445
6.445
6.445
6.445
6.445
6.445
6.445
6.445
6.445
6.445
6.445
6.445
6.445
6.445
6.445
6.445
6.436
6.436
6.436
6.436
6.436
6.436
6.436
6.436
6.436
6.436
6.436
6.436
6.436
6.436
6.436
6.436
6.436
6.436
6.436
6.436
6.436
6.436
6.436
6.436
6.436
6.436
6.436
6.436
6.436
6.436
6.139
6.139
6.139
6.139
6.139
6.139
6.139
6.139
6.139
6.139
6.139
6.139
6.139
6.139
6.139
6.139
6.139
6.139
6.139
6.139
6.139
6.139
6.139
6.139
6.139
6.139
6.139
6.139
6.139
6.139
5.777
5.777
5.777
5.777
5.777
5.777
5.777
5.777
5.777
5.777
5.777
5.777
5.777
5.777
5.777
5.777
5.777
5.777
5.777
5.777
5.777
5.777
5.777
5.777
5.777
5.777
5.777
5.777
5.777
5.777
4.672
4.672
4.672
4.672
4.672
4.672
4.672
4.672
4.672
4.672
4.672
4.672
4.672
4.672
4.672
4.672
4.672
4.672
4.672
4.672
4.672
4.672
4.672
4.672
4.672
4.672
4.672
4.672
4.672
4.672
4.714
4.714
4.714
4.714
4.714
4.714
4.714
4.714
4.714
4.714
4.714
4.714
4.714
4.714
4.714
4.714
4.714
4.714
4.714
4.714
4.714
4.714
4.714
4.714
4.714
4.714
4.714
4.714
4.714
4.714
4.768
4.768
4.768
4.768
4.768
4.768
4.768
4.768
4.768
4.768
4.768
4.768
4.768
4.768
4.768
4.768
4.768
4.768
4.768
4.768
4.768
4.768
4.768
4.768
4.768
4.768
4.768
4.768
4.768
4.768
4.74
4.74
4.74
4.74
4.74
4.74
4.74
4.74
4.74
4.74
4.74
4.74
4.74
4.74
4.74
4.74
4.74
4.74
4.74
4.74
4.74
4.74
4.74
4.74
4.74
4.74
4.74
4.74
4.74
4.74
4.585
4.585
4.585
4.585
4.585
4.585
4.585
4.585
4.585
4.585
4.585
4.585
4.585
4.585
4.585
4.585
4.585
4.585
4.585
4.585
4.585
4.585
4.585
4.585
4.585
4.585
4.585
4.585
4.585
4.585
4.525
4.525
4.525
4.525
4.525
4.525
4.525
4.525
4.525
4.525
4.525
4.525
4.525
4.525
4.525
4.525
4.525
4.525
4.525
4.525
4.525
4.525
4.525
4.525
4.525
4.525
4.525
4.525
4.525
4.525
4.336
4.336
4.336
4.336
4.336
4.336
4.336
4.336
4.336
4.336
4.336
4.336
4.336
4.336
4.336
4.336
4.336
4.336
4.336
4.336
4.336
4.336
4.336
4.336
4.336
4.336
4.336
4.336
4.336
4.336
4.406
4.406
4.406
4.406
4.406
4.406
4.406
4.406
4.406
4.406
4.406
4.406
4.406
4.406
4.406
4.406
4.406
4.406
4.406
4.406
4.406
4.406
4.406
4.406
4.406
4.406
4.406
4.406
4.406
4.406
4.147
4.147
4.147
4.147
4.147
4.147
4.147
4.147
4.147
4.147
4.147
4.147
4.147
4.147
4.147
4.147
4.147
4.147
4.147
4.147
4.147
4.147
4.147
4.147
4.147
4.147
4.147
4.147
4.147
4.147
3.944
3.944
3.944
3.944
3.944
3.944
3.944
3.944
3.944
3.944
3.944
3.944
3.944
3.944
3.944
3.944
3.944
3.944
3.944
3.944
3.944
3.944
3.944
3.944
3.944
3.944
3.944
3.944
3.944
3.944
