4.466
4.466
4.466
4.466
4.466
4.466
4.466
4.466
4.466
4.466
4.466
4.466
4.466
4.466
4.466
4.466
4.466
4.466
4.466
4.466
4.466
4.466
4.466
4.466
4.466
4.466
4.466
4.466
4.466
4.466
4.537
4.537
4.537
4.537
4.537
4.537
4.537
4.537
4.537
4.537
4.537
4.537
4.537
4.537
4.537
4.537
4.537
4.537
4.537
4.537
4.537
4.537
4.537
4.537
4.537
4.537
4.537
4.537
4.537
4.537
4.577
4.577
4.577
4.577
4.577
4.577
4.577
4.577
4.577
4.577
4.577
4.577
4.577
4.577
4.577
4.577
4.577
4.577
4.577
4.577
4.577
4.577
4.577
4.577
4.577
4.577
4.577
4.577
4.577
4.577
4.156
4.156
4.156
4.156
4.156
4.156
4.156
4.156
4.156
4.156
4.156
4.156
4.156
4.156
4.156
4.156
4.156
4.156
4.156
4.156
4.156
4.156
4.156
4.156
4.156
4.156
4.156
4.156
4.156
4.156
4.054
4.054
4.054
4.054
4.054
4.054
4.054
4.054
4.054
4.054
4.054
4.054
4.054
4.054
4.054
4.054
4.054
4.054
4.054
4.054
4.054
4.054
4.054
4.054
4.054
4.054
4.054
4.054
4.054
4.054
4.176
4.176
4.176
4.176
4.176
4.176
4.176
4.176
4.176
4.176
4.176
4.176
4.176
4.176
4.176
4.176
4.176
4.176
4.176
4.176
4.176
4.176
4.176
4.176
4.176
4.176
4.176
4.176
4.176
4.176
4.042
4.042
4.042
4.042
4.042
4.042
4.042
4.042
4.042
4.042
4.042
4.042
4.042
4.042
4.042
4.042
4.042
4.042
4.042
4.042
4.042
4.042
4.042
4.042
4.042
4.042
4.042
4.042
4.042
4.042
3.53
3.53
3.53
3.53
3.53
3.53
3.53
3.53
3.53
3.53
3.53
3.53
3.53
3.53
3.53
3.53
3.53
3.53
3.53
3.53
3.53
3.53
3.53
3.53
3.53
3.53
3.53
3.53
3.53
3.53
3.422
3.422
3.422
3.422
3.422
3.422
3.422
3.422
3.422
3.422
3.422
3.422
3.422
3.422
3.422
3.422
3.422
3.422
3.422
3.422
3.422
3.422
3.422
3.422
3.422
3.422
3.422
3.422
3.422
3.422
3.521
3.521
3.521
3.521
3.521
3.521
3.521
3.521
3.521
3.521
3.521
3.521
3.521
3.521
3.521
3.521
3.521
3.521
3.521
3.521
3.521
3.521
3.521
3.521
3.521
3.521
3.521
3.521
3.521
3.521
4.008
4.008
4.008
4.008
4.008
4.008
4.008
4.008
4.008
4.008
4.008
4.008
4.008
4.008
4.008
4.008
4.008
4.008
4.008
4.008
4.008
4.008
4.008
4.008
4.008
4.008
4.008
4.008
4.008
4.008
4.296
4.296
4.296
4.296
4.296
4.296
4.296
4.296
4.296
4.296
4.296
4.296
4.296
4.296
4.296
4.296
4.296
4.296
4.296
4.296
4.296
4.296
4.296
4.296
4.296
4.296
4.296
4.296
4.296
4.296
4.442
4.442
4.442
4.442
4.442
4.442
4.442
4.442
4.442
4.442
4.442
4.442
4.442
4.442
4.442
4.442
4.442
4.442
4.442
4.442
4.442
4.442
4.442
4.442
4.442
4.442
4.442
4.442
4.442
4.442
4.269
4.269
4.269
4.269
4.269
4.269
4.269
4.269
4.269
4.269
4.269
4.269
4.269
4.269
4.269
4.269
4.269
4.269
4.269
4.269
4.269
4.269
4.269
4.269
4.269
4.269
4.269
4.269
4.269
4.269
4.421
4.421
4.421
4.421
4.421
4.421
4.421
4.421
4.421
4.421
4.421
4.421
4.421
4.421
4.421
4.421
4.421
4.421
4.421
4.421
4.421
4.421
4.421
4.421
4.421
4.421
4.421
4.421
4.421
4.421
4.477
4.477
4.477
4.477
4.477
4.477
4.477
4.477
4.477
4.477
4.477
4.477
4.477
4.477
4.477
4.477
4.477
4.477
4.477
4.477
4.477
4.477
4.477
4.477
4.477
4.477
4.477
4.477
4.477
4.477
4.193
4.193
4.193
4.193
4.193
4.193
4.193
4.193
4.193
4.193
4.193
4.193
4.193
4.193
4.193
4.193
4.193
4.193
4.193
4.193
4.193
4.193
4.193
4.193
4.193
4.193
4.193
4.193
4.193
4.193
4.464
4.464
4.464
4.464
4.464
4.464
4.464
4.464
4.464
4.464
4.464
4.464
4.464
4.464
4.464
4.464
4.464
4.464
4.464
4.464
4.464
4.464
4.464
4.464
4.464
4.464
4.464
4.464
4.464
4.464
5.022
5.022
5.022
5.022
5.022
5.022
5.022
5.022
5.022
5.022
5.022
5.022
5.022
5.022
5.022
5.022
5.022
5.022
5.022
5.022
5.022
5.022
5.022
5.022
5.022
5.022
5.022
5.022
5.022
5.022
5.333
5.333
5.333
5.333
5.333
5.333
5.333
5.333
5.333
5.333
5.333
5.333
5.333
5.333
5.333
5.333
5.333
5.333
5.333
5.333
5.333
5.333
5.333
5.333
5.333
5.333
5.333
5.333
5.333
5.333
5.665
5.665
5.665
5.665
5.665
5.665
5.665
5.665
5.665
5.665
5.665
5.665
5.665
5.665
5.665
5.665
5.665
5.665
5.665
5.665
5.665
5.665
5.665
5.665
5.665
5.665
5.665
5.665
5.665
5.665
5.279
5.279
5.279
5.279
5.279
5.279
5.279
5.279
5.279
5.279
5.279
5.279
5.279
5.279
5.279
5.279
5.279
5.279
5.279
5.279
5.279
5.279
5.279
5.279
5.279
5.279
5.279
5.279
5.279
5.279
4.687
4.687
4.687
4.687
4.687
4.687
4.687
4.687
4.687
4.687
4.687
4.687
4.687
4.687
4.687
4.687
4.687
4.687
4.687
4.687
4.687
4.687
4.687
4.687
4.687
4.687
4.687
4.687
4.687
4.687
4.536
4.536
4.536
4.536
4.536
4.536
4.536
4.536
4.536
4.536
4.536
4.536
4.536
4.536
4.536
4.536
4.536
4.536
4.536
4.536
4.536
4.536
4.536
4.536
4.536
4.536
4.536
4.536
4.536
4.536
4.851
4.851
4.851
4.851
4.851
4.851
4.851
4.851
4.851
4.851
4.851
4.851
4.851
4.851
4.851
4.851
4.851
4.851
4.851
4.851
4.851
4.851
4.851
4.851
4.851
4.851
4.851
4.851
4.851
4.851
4.609
4.609
4.609
4.609
4.609
4.609
4.609
4.609
4.609
4.609
4.609
4.609
4.609
4.609
4.609
4.609
4.609
4.609
4.609
4.609
4.609
4.609
4.609
4.609
4.609
4.609
4.609
4.609
4.609
4.609
4.293
4.293
4.293
4.293
4.293
4.293
4.293
4.293
4.293
4.293
4.293
4.293
4.293
4.293
4.293
4.293
4.293
4.293
4.293
4.293
4.293
4.293
4.293
4.293
4.293
4.293
4.293
4.293
4.293
4.293
4.288
4.288
4.288
4.288
4.288
4.288
4.288
4.288
4.288
4.288
4.288
4.288
4.288
4.288
4.288
4.288
4.288
4.288
4.288
4.288
4.288
4.288
4.288
4.288
4.288
4.288
4.288
4.288
4.288
4.288
4.347
4.347
4.347
4.347
4.347
4.347
4.347
4.347
4.347
4.347
4.347
4.347
4.347
4.347
4.347
4.347
4.347
4.347
4.347
4.347
4.347
4.347
4.347
4.347
4.347
4.347
4.347
4.347
4.347
4.347
4.282
4.282
4.282
4.282
4.282
4.282
4.282
4.282
4.282
4.282
4.282
4.282
4.282
4.282
4.282
4.282
4.282
4.282
4.282
4.282
4.282
4.282
4.282
4.282
4.282
4.282
4.282
4.282
4.282
4.282
4.89
4.89
4.89
4.89
4.89
4.89
4.89
4.89
4.89
4.89
4.89
4.89
4.89
4.89
4.89
4.89
4.89
4.89
4.89
4.89
4.89
4.89
4.89
4.89
4.89
4.89
4.89
4.89
4.89
4.89
4.932
4.932
4.932
4.932
4.932
4.932
4.932
4.932
4.932
4.932
4.932
4.932
4.932
4.932
4.932
4.932
4.932
4.932
4.932
4.932
4.932
4.932
4.932
4.932
4.932
4.932
4.932
4.932
4.932
4.932
5.097
5.097
5.097
5.097
5.097
5.097
5.097
5.097
5.097
5.097
5.097
5.097
5.097
5.097
5.097
5.097
5.097
5.097
5.097
5.097
5.097
5.097
5.097
5.097
5.097
5.097
5.097
5.097
5.097
5.097
5.182
5.182
5.182
5.182
5.182
5.182
5.182
5.182
5.182
5.182
5.182
5.182
5.182
5.182
5.182
5.182
5.182
5.182
5.182
5.182
5.182
5.182
5.182
5.182
5.182
5.182
5.182
5.182
5.182
5.182
7.555
7.555
7.555
7.555
7.555
7.555
7.555
7.555
7.555
7.555
7.555
7.555
7.555
7.555
7.555
7.555
7.555
7.555
7.555
7.555
7.555
7.555
7.555
7.555
7.555
7.555
7.555
7.555
7.555
7.555
8.442
8.442
8.442
8.442
8.442
8.442
8.442
8.442
8.442
8.442
8.442
8.442
8.442
8.442
8.442
8.442
8.442
8.442
8.442
8.442
8.442
8.442
8.442
8.442
8.442
8.442
8.442
8.442
8.442
8.442
8.595
8.595
8.595
8.595
8.595
8.595
8.595
8.595
8.595
8.595
8.595
8.595
8.595
8.595
8.595
8.595
8.595
8.595
8.595
8.595
8.595
8.595
8.595
8.595
8.595
8.595
8.595
8.595
8.595
8.595
7.791
7.791
7.791
7.791
7.791
7.791
7.791
7.791
7.791
7.791
7.791
7.791
7.791
7.791
7.791
7.791
7.791
7.791
7.791
7.791
7.791
7.791
7.791
7.791
7.791
7.791
7.791
7.791
7.791
7.791
5.647
5.647
5.647
5.647
5.647
5.647
5.647
5.647
5.647
5.647
5.647
5.647
5.647
5.647
5.647
5.647
5.647
5.647
5.647
5.647
5.647
5.647
5.647
5.647
5.647
5.647
5.647
5.647
5.647
5.647
5.38
5.38
5.38
5.38
5.38
5.38
5.38
5.38
5.38
5.38
5.38
5.38
5.38
5.38
5.38
5.38
5.38
5.38
5.38
5.38
5.38
5.38
5.38
5.38
5.38
5.38
5.38
5.38
5.38
5.38
5.133
5.133
5.133
5.133
5.133
5.133
5.133
5.133
5.133
5.133
5.133
5.133
5.133
5.133
5.133
5.133
5.133
5.133
5.133
5.133
5.133
5.133
5.133
5.133
5.133
5.133
5.133
5.133
5.133
5.133
4.917
4.917
4.917
4.917
4.917
4.917
4.917
4.917
4.917
4.917
4.917
4.917
4.917
4.917
4.917
4.917
4.917
4.917
4.917
4.917
4.917
4.917
4.917
4.917
4.917
4.917
4.917
4.917
4.917
4.917
4.837
4.837
4.837
4.837
4.837
4.837
4.837
4.837
4.837
4.837
4.837
4.837
4.837
4.837
4.837
4.837
4.837
4.837
4.837
4.837
4.837
4.837
4.837
4.837
4.837
4.837
4.837
4.837
4.837
4.837
4.746
4.746
4.746
4.746
4.746
4.746
4.746
4.746
4.746
4.746
4.746
4.746
4.746
4.746
4.746
4.746
4.746
4.746
4.746
4.746
4.746
4.746
4.746
4.746
4.746
4.746
4.746
4.746
4.746
4.746
4.72
4.72
4.72
4.72
4.72
4.72
4.72
4.72
4.72
4.72
4.72
4.72
4.72
4.72
4.72
4.72
4.72
4.72
4.72
4.72
4.72
4.72
4.72
4.72
4.72
4.72
4.72
4.72
4.72
4.72
4.619
4.619
4.619
4.619
4.619
4.619
4.619
4.619
4.619
4.619
4.619
4.619
4.619
4.619
4.619
4.619
4.619
4.619
4.619
4.619
4.619
4.619
4.619
4.619
4.619
4.619
4.619
4.619
4.619
4.619
4.167
4.167
4.167
4.167
4.167
4.167
4.167
4.167
4.167
4.167
4.167
4.167
4.167
4.167
4.167
4.167
4.167
4.167
4.167
4.167
4.167
4.167
4.167
4.167
4.167
4.167
4.167
4.167
4.167
4.167
4.253
4.253
4.253
4.253
4.253
4.253
4.253
4.253
4.253
4.253
4.253
4.253
4.253
4.253
4.253
4.253
4.253
4.253
4.253
4.253
4.253
4.253
4.253
4.253
4.253
4.253
4.253
4.253
4.253
4.253
