3.375
3.375
3.375
3.375
3.375
3.375
3.375
3.375
3.375
3.375
3.375
3.375
3.375
3.375
3.375
3.375
3.375
3.375
3.375
3.375
3.375
3.375
3.375
3.375
3.375
3.375
3.375
3.375
3.375
3.375
3.62
3.62
3.62
3.62
3.62
3.62
3.62
3.62
3.62
3.62
3.62
3.62
3.62
3.62
3.62
3.62
3.62
3.62
3.62
3.62
3.62
3.62
3.62
3.62
3.62
3.62
3.62
3.62
3.62
3.62
3.664
3.664
3.664
3.664
3.664
3.664
3.664
3.664
3.664
3.664
3.664
3.664
3.664
3.664
3.664
3.664
3.664
3.664
3.664
3.664
3.664
3.664
3.664
3.664
3.664
3.664
3.664
3.664
3.664
3.664
3.556
3.556
3.556
3.556
3.556
3.556
3.556
3.556
3.556
3.556
3.556
3.556
3.556
3.556
3.556
3.556
3.556
3.556
3.556
3.556
3.556
3.556
3.556
3.556
3.556
3.556
3.556
3.556
3.556
3.556
3.606
3.606
3.606
3.606
3.606
3.606
3.606
3.606
3.606
3.606
3.606
3.606
3.606
3.606
3.606
3.606
3.606
3.606
3.606
3.606
3.606
3.606
3.606
3.606
3.606
3.606
3.606
3.606
3.606
3.606
3.619
3.619
3.619
3.619
3.619
3.619
3.619
3.619
3.619
3.619
3.619
3.619
3.619
3.619
3.619
3.619
3.619
3.619
3.619
3.619
3.619
3.619
3.619
3.619
3.619
3.619
3.619
3.619
3.619
3.619
3.664
3.664
3.664
3.664
3.664
3.664
3.664
3.664
3.664
3.664
3.664
3.664
3.664
3.664
3.664
3.664
3.664
3.664
3.664
3.664
3.664
3.664
3.664
3.664
3.664
3.664
3.664
3.664
3.664
3.664
3.628
3.628
3.628
3.628
3.628
3.628
3.628
3.628
3.628
3.628
3.628
3.628
3.628
3.628
3.628
3.628
3.628
3.628
3.628
3.628
3.628
3.628
3.628
3.628
3.628
3.628
3.628
3.628
3.628
3.628
3.612
3.612
3.612
3.612
3.612
3.612
3.612
3.612
3.612
3.612
3.612
3.612
3.612
3.612
3.612
3.612
3.612
3.612
3.612
3.612
3.612
3.612
3.612
3.612
3.612
3.612
3.612
3.612
3.612
3.612
3.622
3.622
3.622
3.622
3.622
3.622
3.622
3.622
3.622
3.622
3.622
3.622
3.622
3.622
3.622
3.622
3.622
3.622
3.622
3.622
3.622
3.622
3.622
3.622
3.622
3.622
3.622
3.622
3.622
3.622
4.047
4.047
4.047
4.047
4.047
4.047
4.047
4.047
4.047
4.047
4.047
4.047
4.047
4.047
4.047
4.047
4.047
4.047
4.047
4.047
4.047
4.047
4.047
4.047
4.047
4.047
4.047
4.047
4.047
4.047
3.99
3.99
3.99
3.99
3.99
3.99
3.99
3.99
3.99
3.99
3.99
3.99
3.99
3.99
3.99
3.99
3.99
3.99
3.99
3.99
3.99
3.99
3.99
3.99
3.99
3.99
3.99
3.99
3.99
3.99
4.897
4.897
4.897
4.897
4.897
4.897
4.897
4.897
4.897
4.897
4.897
4.897
4.897
4.897
4.897
4.897
4.897
4.897
4.897
4.897
4.897
4.897
4.897
4.897
4.897
4.897
4.897
4.897
4.897
4.897
4.981
4.981
4.981
4.981
4.981
4.981
4.981
4.981
4.981
4.981
4.981
4.981
4.981
4.981
4.981
4.981
4.981
4.981
4.981
4.981
4.981
4.981
4.981
4.981
4.981
4.981
4.981
4.981
4.981
4.981
5.276
5.276
5.276
5.276
5.276
5.276
5.276
5.276
5.276
5.276
5.276
5.276
5.276
5.276
5.276
5.276
5.276
5.276
5.276
5.276
5.276
5.276
5.276
5.276
5.276
5.276
5.276
5.276
5.276
5.276
6.157
6.157
6.157
6.157
6.157
6.157
6.157
6.157
6.157
6.157
6.157
6.157
6.157
6.157
6.157
6.157
6.157
6.157
6.157
6.157
6.157
6.157
6.157
6.157
6.157
6.157
6.157
6.157
6.157
6.157
6.113
6.113
6.113
6.113
6.113
6.113
6.113
6.113
6.113
6.113
6.113
6.113
6.113
6.113
6.113
6.113
6.113
6.113
6.113
6.113
6.113
6.113
6.113
6.113
6.113
6.113
6.113
6.113
6.113
6.113
6.332
6.332
6.332
6.332
6.332
6.332
6.332
6.332
6.332
6.332
6.332
6.332
6.332
6.332
6.332
6.332
6.332
6.332
6.332
6.332
6.332
6.332
6.332
6.332
6.332
6.332
6.332
6.332
6.332
6.332
7.217
7.217
7.217
7.217
7.217
7.217
7.217
7.217
7.217
7.217
7.217
7.217
7.217
7.217
7.217
7.217
7.217
7.217
7.217
7.217
7.217
7.217
7.217
7.217
7.217
7.217
7.217
7.217
7.217
7.217
7.387
7.387
7.387
7.387
7.387
7.387
7.387
7.387
7.387
7.387
7.387
7.387
7.387
7.387
7.387
7.387
7.387
7.387
7.387
7.387
7.387
7.387
7.387
7.387
7.387
7.387
7.387
7.387
7.387
7.387
7.259
7.259
7.259
7.259
7.259
7.259
7.259
7.259
7.259
7.259
7.259
7.259
7.259
7.259
7.259
7.259
7.259
7.259
7.259
7.259
7.259
7.259
7.259
7.259
7.259
7.259
7.259
7.259
7.259
7.259
7.393
7.393
7.393
7.393
7.393
7.393
7.393
7.393
7.393
7.393
7.393
7.393
7.393
7.393
7.393
7.393
7.393
7.393
7.393
7.393
7.393
7.393
7.393
7.393
7.393
7.393
7.393
7.393
7.393
7.393
6.206
6.206
6.206
6.206
6.206
6.206
6.206
6.206
6.206
6.206
6.206
6.206
6.206
6.206
6.206
6.206
6.206
6.206
6.206
6.206
6.206
6.206
6.206
6.206
6.206
6.206
6.206
6.206
6.206
6.206
6.621
6.621
6.621
6.621
6.621
6.621
6.621
6.621
6.621
6.621
6.621
6.621
6.621
6.621
6.621
6.621
6.621
6.621
6.621
6.621
6.621
6.621
6.621
6.621
6.621
6.621
6.621
6.621
6.621
6.621
6.755
6.755
6.755
6.755
6.755
6.755
6.755
6.755
6.755
6.755
6.755
6.755
6.755
6.755
6.755
6.755
6.755
6.755
6.755
6.755
6.755
6.755
6.755
6.755
6.755
6.755
6.755
6.755
6.755
6.755
6.348
6.348
6.348
6.348
6.348
6.348
6.348
6.348
6.348
6.348
6.348
6.348
6.348
6.348
6.348
6.348
6.348
6.348
6.348
6.348
6.348
6.348
6.348
6.348
6.348
6.348
6.348
6.348
6.348
6.348
5.791
5.791
5.791
5.791
5.791
5.791
5.791
5.791
5.791
5.791
5.791
5.791
5.791
5.791
5.791
5.791
5.791
5.791
5.791
5.791
5.791
5.791
5.791
5.791
5.791
5.791
5.791
5.791
5.791
5.791
5.776
5.776
5.776
5.776
5.776
5.776
5.776
5.776
5.776
5.776
5.776
5.776
5.776
5.776
5.776
5.776
5.776
5.776
5.776
5.776
5.776
5.776
5.776
5.776
5.776
5.776
5.776
5.776
5.776
5.776
5.745
5.745
5.745
5.745
5.745
5.745
5.745
5.745
5.745
5.745
5.745
5.745
5.745
5.745
5.745
5.745
5.745
5.745
5.745
5.745
5.745
5.745
5.745
5.745
5.745
5.745
5.745
5.745
5.745
5.745
5.852
5.852
5.852
5.852
5.852
5.852
5.852
5.852
5.852
5.852
5.852
5.852
5.852
5.852
5.852
5.852
5.852
5.852
5.852
5.852
5.852
5.852
5.852
5.852
5.852
5.852
5.852
5.852
5.852
5.852
6.277
6.277
6.277
6.277
6.277
6.277
6.277
6.277
6.277
6.277
6.277
6.277
6.277
6.277
6.277
6.277
6.277
6.277
6.277
6.277
6.277
6.277
6.277
6.277
6.277
6.277
6.277
6.277
6.277
6.277
6.156
6.156
6.156
6.156
6.156
6.156
6.156
6.156
6.156
6.156
6.156
6.156
6.156
6.156
6.156
6.156
6.156
6.156
6.156
6.156
6.156
6.156
6.156
6.156
6.156
6.156
6.156
6.156
6.156
6.156
6.681
6.681
6.681
6.681
6.681
6.681
6.681
6.681
6.681
6.681
6.681
6.681
6.681
6.681
6.681
6.681
6.681
6.681
6.681
6.681
6.681
6.681
6.681
6.681
6.681
6.681
6.681
6.681
6.681
6.681
6.147
6.147
6.147
6.147
6.147
6.147
6.147
6.147
6.147
6.147
6.147
6.147
6.147
6.147
6.147
6.147
6.147
6.147
6.147
6.147
6.147
6.147
6.147
6.147
6.147
6.147
6.147
6.147
6.147
6.147
7.91
7.91
7.91
7.91
7.91
7.91
7.91
7.91
7.91
7.91
7.91
7.91
7.91
7.91
7.91
7.91
7.91
7.91
7.91
7.91
7.91
7.91
7.91
7.91
7.91
7.91
7.91
7.91
7.91
7.91
8.35
8.35
8.35
8.35
8.35
8.35
8.35
8.35
8.35
8.35
8.35
8.35
8.35
8.35
8.35
8.35
8.35
8.35
8.35
8.35
8.35
8.35
8.35
8.35
8.35
8.35
8.35
8.35
8.35
8.35
8.259
8.259
8.259
8.259
8.259
8.259
8.259
8.259
8.259
8.259
8.259
8.259
8.259
8.259
8.259
8.259
8.259
8.259
8.259
8.259
8.259
8.259
8.259
8.259
8.259
8.259
8.259
8.259
8.259
8.259
7.774
7.774
7.774
7.774
7.774
7.774
7.774
7.774
7.774
7.774
7.774
7.774
7.774
7.774
7.774
7.774
7.774
7.774
7.774
7.774
7.774
7.774
7.774
7.774
7.774
7.774
7.774
7.774
7.774
7.774
5.925
5.925
5.925
5.925
5.925
5.925
5.925
5.925
5.925
5.925
5.925
5.925
5.925
5.925
5.925
5.925
5.925
5.925
5.925
5.925
5.925
5.925
5.925
5.925
5.925
5.925
5.925
5.925
5.925
5.925
5.695
5.695
5.695
5.695
5.695
5.695
5.695
5.695
5.695
5.695
5.695
5.695
5.695
5.695
5.695
5.695
5.695
5.695
5.695
5.695
5.695
5.695
5.695
5.695
5.695
5.695
5.695
5.695
5.695
5.695
5.74
5.74
5.74
5.74
5.74
5.74
5.74
5.74
5.74
5.74
5.74
5.74
5.74
5.74
5.74
5.74
5.74
5.74
5.74
5.74
5.74
5.74
5.74
5.74
5.74
5.74
5.74
5.74
5.74
5.74
5.588
5.588
5.588
5.588
5.588
5.588
5.588
5.588
5.588
5.588
5.588
5.588
5.588
5.588
5.588
5.588
5.588
5.588
5.588
5.588
5.588
5.588
5.588
5.588
5.588
5.588
5.588
5.588
5.588
5.588
5.288
5.288
5.288
5.288
5.288
5.288
5.288
5.288
5.288
5.288
5.288
5.288
5.288
5.288
5.288
5.288
5.288
5.288
5.288
5.288
5.288
5.288
5.288
5.288
5.288
5.288
5.288
5.288
5.288
5.288
5.096
5.096
5.096
5.096
5.096
5.096
5.096
5.096
5.096
5.096
5.096
5.096
5.096
5.096
5.096
5.096
5.096
5.096
5.096
5.096
5.096
5.096
5.096
5.096
5.096
5.096
5.096
5.096
5.096
5.096
5.115
5.115
5.115
5.115
5.115
5.115
5.115
5.115
5.115
5.115
5.115
5.115
5.115
5.115
5.115
5.115
5.115
5.115
5.115
5.115
5.115
5.115
5.115
5.115
5.115
5.115
5.115
5.115
5.115
5.115
5.078
5.078
5.078
5.078
5.078
5.078
5.078
5.078
5.078
5.078
5.078
5.078
5.078
5.078
5.078
5.078
5.078
5.078
5.078
5.078
5.078
5.078
5.078
5.078
5.078
5.078
5.078
5.078
5.078
5.078
3.362
3.362
3.362
3.362
3.362
3.362
3.362
3.362
3.362
3.362
3.362
3.362
3.362
3.362
3.362
3.362
3.362
3.362
3.362
3.362
3.362
3.362
3.362
3.362
3.362
3.362
3.362
3.362
3.362
3.362
3.334
3.334
3.334
3.334
3.334
3.334
3.334
3.334
3.334
3.334
3.334
3.334
3.334
3.334
3.334
3.334
3.334
3.334
3.334
3.334
3.334
3.334
3.334
3.334
3.334
3.334
3.334
3.334
3.334
3.334
