2.814
2.814
2.814
2.814
2.814
2.814
2.814
2.814
2.814
2.814
2.814
2.814
2.814
2.814
2.814
2.814
2.814
2.814
2.814
2.814
2.814
2.814
2.814
2.814
2.814
2.814
2.814
2.814
2.814
2.814
3.03
3.03
3.03
3.03
3.03
3.03
3.03
3.03
3.03
3.03
3.03
3.03
3.03
3.03
3.03
3.03
3.03
3.03
3.03
3.03
3.03
3.03
3.03
3.03
3.03
3.03
3.03
3.03
3.03
3.03
2.973
2.973
2.973
2.973
2.973
2.973
2.973
2.973
2.973
2.973
2.973
2.973
2.973
2.973
2.973
2.973
2.973
2.973
2.973
2.973
2.973
2.973
2.973
2.973
2.973
2.973
2.973
2.973
2.973
2.973
2.868
2.868
2.868
2.868
2.868
2.868
2.868
2.868
2.868
2.868
2.868
2.868
2.868
2.868
2.868
2.868
2.868
2.868
2.868
2.868
2.868
2.868
2.868
2.868
2.868
2.868
2.868
2.868
2.868
2.868
2.898
2.898
2.898
2.898
2.898
2.898
2.898
2.898
2.898
2.898
2.898
2.898
2.898
2.898
2.898
2.898
2.898
2.898
2.898
2.898
2.898
2.898
2.898
2.898
2.898
2.898
2.898
2.898
2.898
2.898
3.041
3.041
3.041
3.041
3.041
3.041
3.041
3.041
3.041
3.041
3.041
3.041
3.041
3.041
3.041
3.041
3.041
3.041
3.041
3.041
3.041
3.041
3.041
3.041
3.041
3.041
3.041
3.041
3.041
3.041
3.049
3.049
3.049
3.049
3.049
3.049
3.049
3.049
3.049
3.049
3.049
3.049
3.049
3.049
3.049
3.049
3.049
3.049
3.049
3.049
3.049
3.049
3.049
3.049
3.049
3.049
3.049
3.049
3.049
3.049
2.947
2.947
2.947
2.947
2.947
2.947
2.947
2.947
2.947
2.947
2.947
2.947
2.947
2.947
2.947
2.947
2.947
2.947
2.947
2.947
2.947
2.947
2.947
2.947
2.947
2.947
2.947
2.947
2.947
2.947
2.912
2.912
2.912
2.912
2.912
2.912
2.912
2.912
2.912
2.912
2.912
2.912
2.912
2.912
2.912
2.912
2.912
2.912
2.912
2.912
2.912
2.912
2.912
2.912
2.912
2.912
2.912
2.912
2.912
2.912
2.822
2.822
2.822
2.822
2.822
2.822
2.822
2.822
2.822
2.822
2.822
2.822
2.822
2.822
2.822
2.822
2.822
2.822
2.822
2.822
2.822
2.822
2.822
2.822
2.822
2.822
2.822
2.822
2.822
2.822
2.726
2.726
2.726
2.726
2.726
2.726
2.726
2.726
2.726
2.726
2.726
2.726
2.726
2.726
2.726
2.726
2.726
2.726
2.726
2.726
2.726
2.726
2.726
2.726
2.726
2.726
2.726
2.726
2.726
2.726
2.836
2.836
2.836
2.836
2.836
2.836
2.836
2.836
2.836
2.836
2.836
2.836
2.836
2.836
2.836
2.836
2.836
2.836
2.836
2.836
2.836
2.836
2.836
2.836
2.836
2.836
2.836
2.836
2.836
2.836
3.082
3.082
3.082
3.082
3.082
3.082
3.082
3.082
3.082
3.082
3.082
3.082
3.082
3.082
3.082
3.082
3.082
3.082
3.082
3.082
3.082
3.082
3.082
3.082
3.082
3.082
3.082
3.082
3.082
3.082
3.099
3.099
3.099
3.099
3.099
3.099
3.099
3.099
3.099
3.099
3.099
3.099
3.099
3.099
3.099
3.099
3.099
3.099
3.099
3.099
3.099
3.099
3.099
3.099
3.099
3.099
3.099
3.099
3.099
3.099
3.579
3.579
3.579
3.579
3.579
3.579
3.579
3.579
3.579
3.579
3.579
3.579
3.579
3.579
3.579
3.579
3.579
3.579
3.579
3.579
3.579
3.579
3.579
3.579
3.579
3.579
3.579
3.579
3.579
3.579
3.566
3.566
3.566
3.566
3.566
3.566
3.566
3.566
3.566
3.566
3.566
3.566
3.566
3.566
3.566
3.566
3.566
3.566
3.566
3.566
3.566
3.566
3.566
3.566
3.566
3.566
3.566
3.566
3.566
3.566
3.26
3.26
3.26
3.26
3.26
3.26
3.26
3.26
3.26
3.26
3.26
3.26
3.26
3.26
3.26
3.26
3.26
3.26
3.26
3.26
3.26
3.26
3.26
3.26
3.26
3.26
3.26
3.26
3.26
3.26
3.776
3.776
3.776
3.776
3.776
3.776
3.776
3.776
3.776
3.776
3.776
3.776
3.776
3.776
3.776
3.776
3.776
3.776
3.776
3.776
3.776
3.776
3.776
3.776
3.776
3.776
3.776
3.776
3.776
3.776
3.941
3.941
3.941
3.941
3.941
3.941
3.941
3.941
3.941
3.941
3.941
3.941
3.941
3.941
3.941
3.941
3.941
3.941
3.941
3.941
3.941
3.941
3.941
3.941
3.941
3.941
3.941
3.941
3.941
3.941
3.732
3.732
3.732
3.732
3.732
3.732
3.732
3.732
3.732
3.732
3.732
3.732
3.732
3.732
3.732
3.732
3.732
3.732
3.732
3.732
3.732
3.732
3.732
3.732
3.732
3.732
3.732
3.732
3.732
3.732
3.456
3.456
3.456
3.456
3.456
3.456
3.456
3.456
3.456
3.456
3.456
3.456
3.456
3.456
3.456
3.456
3.456
3.456
3.456
3.456
3.456
3.456
3.456
3.456
3.456
3.456
3.456
3.456
3.456
3.456
3.273
3.273
3.273
3.273
3.273
3.273
3.273
3.273
3.273
3.273
3.273
3.273
3.273
3.273
3.273
3.273
3.273
3.273
3.273
3.273
3.273
3.273
3.273
3.273
3.273
3.273
3.273
3.273
3.273
3.273
2.882
2.882
2.882
2.882
2.882
2.882
2.882
2.882
2.882
2.882
2.882
2.882
2.882
2.882
2.882
2.882
2.882
2.882
2.882
2.882
2.882
2.882
2.882
2.882
2.882
2.882
2.882
2.882
2.882
2.882
2.831
2.831
2.831
2.831
2.831
2.831
2.831
2.831
2.831
2.831
2.831
2.831
2.831
2.831
2.831
2.831
2.831
2.831
2.831
2.831
2.831
2.831
2.831
2.831
2.831
2.831
2.831
2.831
2.831
2.831
2.886
2.886
2.886
2.886
2.886
2.886
2.886
2.886
2.886
2.886
2.886
2.886
2.886
2.886
2.886
2.886
2.886
2.886
2.886
2.886
2.886
2.886
2.886
2.886
2.886
2.886
2.886
2.886
2.886
2.886
2.886
2.886
2.886
2.886
2.886
2.886
2.886
2.886
2.886
2.886
2.886
2.886
2.886
2.886
2.886
2.886
2.886
2.886
2.886
2.886
2.886
2.886
2.886
2.886
2.886
2.886
2.886
2.886
2.886
2.886
2.845
2.845
2.845
2.845
2.845
2.845
2.845
2.845
2.845
2.845
2.845
2.845
2.845
2.845
2.845
2.845
2.845
2.845
2.845
2.845
2.845
2.845
2.845
2.845
2.845
2.845
2.845
2.845
2.845
2.845
2.878
2.878
2.878
2.878
2.878
2.878
2.878
2.878
2.878
2.878
2.878
2.878
2.878
2.878
2.878
2.878
2.878
2.878
2.878
2.878
2.878
2.878
2.878
2.878
2.878
2.878
2.878
2.878
2.878
2.878
2.838
2.838
2.838
2.838
2.838
2.838
2.838
2.838
2.838
2.838
2.838
2.838
2.838
2.838
2.838
2.838
2.838
2.838
2.838
2.838
2.838
2.838
2.838
2.838
2.838
2.838
2.838
2.838
2.838
2.838
2.831
2.831
2.831
2.831
2.831
2.831
2.831
2.831
2.831
2.831
2.831
2.831
2.831
2.831
2.831
2.831
2.831
2.831
2.831
2.831
2.831
2.831
2.831
2.831
2.831
2.831
2.831
2.831
2.831
2.831
3.129
3.129
3.129
3.129
3.129
3.129
3.129
3.129
3.129
3.129
3.129
3.129
3.129
3.129
3.129
3.129
3.129
3.129
3.129
3.129
3.129
3.129
3.129
3.129
3.129
3.129
3.129
3.129
3.129
3.129
3.144
3.144
3.144
3.144
3.144
3.144
3.144
3.144
3.144
3.144
3.144
3.144
3.144
3.144
3.144
3.144
3.144
3.144
3.144
3.144
3.144
3.144
3.144
3.144
3.144
3.144
3.144
3.144
3.144
3.144
3.223
3.223
3.223
3.223
3.223
3.223
3.223
3.223
3.223
3.223
3.223
3.223
3.223
3.223
3.223
3.223
3.223
3.223
3.223
3.223
3.223
3.223
3.223
3.223
3.223
3.223
3.223
3.223
3.223
3.223
3.193
3.193
3.193
3.193
3.193
3.193
3.193
3.193
3.193
3.193
3.193
3.193
3.193
3.193
3.193
3.193
3.193
3.193
3.193
3.193
3.193
3.193
3.193
3.193
3.193
3.193
3.193
3.193
3.193
3.193
3.806
3.806
3.806
3.806
3.806
3.806
3.806
3.806
3.806
3.806
3.806
3.806
3.806
3.806
3.806
3.806
3.806
3.806
3.806
3.806
3.806
3.806
3.806
3.806
3.806
3.806
3.806
3.806
3.806
3.806
3.962
3.962
3.962
3.962
3.962
3.962
3.962
3.962
3.962
3.962
3.962
3.962
3.962
3.962
3.962
3.962
3.962
3.962
3.962
3.962
3.962
3.962
3.962
3.962
3.962
3.962
3.962
3.962
3.962
3.962
4.06
4.06
4.06
4.06
4.06
4.06
4.06
4.06
4.06
4.06
4.06
4.06
4.06
4.06
4.06
4.06
4.06
4.06
4.06
4.06
4.06
4.06
4.06
4.06
4.06
4.06
4.06
4.06
4.06
4.06
3.95
3.95
3.95
3.95
3.95
3.95
3.95
3.95
3.95
3.95
3.95
3.95
3.95
3.95
3.95
3.95
3.95
3.95
3.95
3.95
3.95
3.95
3.95
3.95
3.95
3.95
3.95
3.95
3.95
3.95
3.892
3.892
3.892
3.892
3.892
3.892
3.892
3.892
3.892
3.892
3.892
3.892
3.892
3.892
3.892
3.892
3.892
3.892
3.892
3.892
3.892
3.892
3.892
3.892
3.892
3.892
3.892
3.892
3.892
3.892
3.488
3.488
3.488
3.488
3.488
3.488
3.488
3.488
3.488
3.488
3.488
3.488
3.488
3.488
3.488
3.488
3.488
3.488
3.488
3.488
3.488
3.488
3.488
3.488
3.488
3.488
3.488
3.488
3.488
3.488
3.369
3.369
3.369
3.369
3.369
3.369
3.369
3.369
3.369
3.369
3.369
3.369
3.369
3.369
3.369
3.369
3.369
3.369
3.369
3.369
3.369
3.369
3.369
3.369
3.369
3.369
3.369
3.369
3.369
3.369
3.32
3.32
3.32
3.32
3.32
3.32
3.32
3.32
3.32
3.32
3.32
3.32
3.32
3.32
3.32
3.32
3.32
3.32
3.32
3.32
3.32
3.32
3.32
3.32
3.32
3.32
3.32
3.32
3.32
3.32
3.17
3.17
3.17
3.17
3.17
3.17
3.17
3.17
3.17
3.17
3.17
3.17
3.17
3.17
3.17
3.17
3.17
3.17
3.17
3.17
3.17
3.17
3.17
3.17
3.17
3.17
3.17
3.17
3.17
3.17
3.115
3.115
3.115
3.115
3.115
3.115
3.115
3.115
3.115
3.115
3.115
3.115
3.115
3.115
3.115
3.115
3.115
3.115
3.115
3.115
3.115
3.115
3.115
3.115
3.115
3.115
3.115
3.115
3.115
3.115
3.033
3.033
3.033
3.033
3.033
3.033
3.033
3.033
3.033
3.033
3.033
3.033
3.033
3.033
3.033
3.033
3.033
3.033
3.033
3.033
3.033
3.033
3.033
3.033
3.033
3.033
3.033
3.033
3.033
3.033
2.948
2.948
2.948
2.948
2.948
2.948
2.948
2.948
2.948
2.948
2.948
2.948
2.948
2.948
2.948
2.948
2.948
2.948
2.948
2.948
2.948
2.948
2.948
2.948
2.948
2.948
2.948
2.948
2.948
2.948
3.234
3.234
3.234
3.234
3.234
3.234
3.234
3.234
3.234
3.234
3.234
3.234
3.234
3.234
3.234
3.234
3.234
3.234
3.234
3.234
3.234
3.234
3.234
3.234
3.234
3.234
3.234
3.234
3.234
3.234
2.848
2.848
2.848
2.848
2.848
2.848
2.848
2.848
2.848
2.848
2.848
2.848
2.848
2.848
2.848
2.848
2.848
2.848
2.848
2.848
2.848
2.848
2.848
2.848
2.848
2.848
2.848
2.848
2.848
2.848
