2.944
2.944
2.944
2.944
2.944
2.944
2.944
2.944
2.944
2.944
2.944
2.944
2.944
2.944
2.944
2.944
2.944
2.944
2.944
2.944
2.944
2.944
2.944
2.944
2.944
2.944
2.944
2.944
2.944
2.944
3.006
3.006
3.006
3.006
3.006
3.006
3.006
3.006
3.006
3.006
3.006
3.006
3.006
3.006
3.006
3.006
3.006
3.006
3.006
3.006
3.006
3.006
3.006
3.006
3.006
3.006
3.006
3.006
3.006
3.006
2.874
2.874
2.874
2.874
2.874
2.874
2.874
2.874
2.874
2.874
2.874
2.874
2.874
2.874
2.874
2.874
2.874
2.874
2.874
2.874
2.874
2.874
2.874
2.874
2.874
2.874
2.874
2.874
2.874
2.874
2.557
2.557
2.557
2.557
2.557
2.557
2.557
2.557
2.557
2.557
2.557
2.557
2.557
2.557
2.557
2.557
2.557
2.557
2.557
2.557
2.557
2.557
2.557
2.557
2.557
2.557
2.557
2.557
2.557
2.557
2.36
2.36
2.36
2.36
2.36
2.36
2.36
2.36
2.36
2.36
2.36
2.36
2.36
2.36
2.36
2.36
2.36
2.36
2.36
2.36
2.36
2.36
2.36
2.36
2.36
2.36
2.36
2.36
2.36
2.36
2.274
2.274
2.274
2.274
2.274
2.274
2.274
2.274
2.274
2.274
2.274
2.274
2.274
2.274
2.274
2.274
2.274
2.274
2.274
2.274
2.274
2.274
2.274
2.274
2.274
2.274
2.274
2.274
2.274
2.274
1.446
1.446
1.446
1.446
1.446
1.446
1.446
1.446
1.446
1.446
1.446
1.446
1.446
1.446
1.446
1.446
1.446
1.446
1.446
1.446
1.446
1.446
1.446
1.446
1.446
1.446
1.446
1.446
1.446
1.446
1.297
1.297
1.297
1.297
1.297
1.297
1.297
1.297
1.297
1.297
1.297
1.297
1.297
1.297
1.297
1.297
1.297
1.297
1.297
1.297
1.297
1.297
1.297
1.297
1.297
1.297
1.297
1.297
1.297
1.297
1.05
1.05
1.05
1.05
1.05
1.05
1.05
1.05
1.05
1.05
1.05
1.05
1.05
1.05
1.05
1.05
1.05
1.05
1.05
1.05
1.05
1.05
1.05
1.05
1.05
1.05
1.05
1.05
1.05
1.05
1.126
1.126
1.126
1.126
1.126
1.126
1.126
1.126
1.126
1.126
1.126
1.126
1.126
1.126
1.126
1.126
1.126
1.126
1.126
1.126
1.126
1.126
1.126
1.126
1.126
1.126
1.126
1.126
1.126
1.126
1.153
1.153
1.153
1.153
1.153
1.153
1.153
1.153
1.153
1.153
1.153
1.153
1.153
1.153
1.153
1.153
1.153
1.153
1.153
1.153
1.153
1.153
1.153
1.153
1.153
1.153
1.153
1.153
1.153
1.153
1.492
1.492
1.492
1.492
1.492
1.492
1.492
1.492
1.492
1.492
1.492
1.492
1.492
1.492
1.492
1.492
1.492
1.492
1.492
1.492
1.492
1.492
1.492
1.492
1.492
1.492
1.492
1.492
1.492
1.492
3.031
3.031
3.031
3.031
3.031
3.031
3.031
3.031
3.031
3.031
3.031
3.031
3.031
3.031
3.031
3.031
3.031
3.031
3.031
3.031
3.031
3.031
3.031
3.031
3.031
3.031
3.031
3.031
3.031
3.031
3.167
3.167
3.167
3.167
3.167
3.167
3.167
3.167
3.167
3.167
3.167
3.167
3.167
3.167
3.167
3.167
3.167
3.167
3.167
3.167
3.167
3.167
3.167
3.167
3.167
3.167
3.167
3.167
3.167
3.167
3.168
3.168
3.168
3.168
3.168
3.168
3.168
3.168
3.168
3.168
3.168
3.168
3.168
3.168
3.168
3.168
3.168
3.168
3.168
3.168
3.168
3.168
3.168
3.168
3.168
3.168
3.168
3.168
3.168
3.168
3.237
3.237
3.237
3.237
3.237
3.237
3.237
3.237
3.237
3.237
3.237
3.237
3.237
3.237
3.237
3.237
3.237
3.237
3.237
3.237
3.237
3.237
3.237
3.237
3.237
3.237
3.237
3.237
3.237
3.237
3.674
3.674
3.674
3.674
3.674
3.674
3.674
3.674
3.674
3.674
3.674
3.674
3.674
3.674
3.674
3.674
3.674
3.674
3.674
3.674
3.674
3.674
3.674
3.674
3.674
3.674
3.674
3.674
3.674
3.674
3.943
3.943
3.943
3.943
3.943
3.943
3.943
3.943
3.943
3.943
3.943
3.943
3.943
3.943
3.943
3.943
3.943
3.943
3.943
3.943
3.943
3.943
3.943
3.943
3.943
3.943
3.943
3.943
3.943
3.943
3.851
3.851
3.851
3.851
3.851
3.851
3.851
3.851
3.851
3.851
3.851
3.851
3.851
3.851
3.851
3.851
3.851
3.851
3.851
3.851
3.851
3.851
3.851
3.851
3.851
3.851
3.851
3.851
3.851
3.851
3.686
3.686
3.686
3.686
3.686
3.686
3.686
3.686
3.686
3.686
3.686
3.686
3.686
3.686
3.686
3.686
3.686
3.686
3.686
3.686
3.686
3.686
3.686
3.686
3.686
3.686
3.686
3.686
3.686
3.686
3.557
3.557
3.557
3.557
3.557
3.557
3.557
3.557
3.557
3.557
3.557
3.557
3.557
3.557
3.557
3.557
3.557
3.557
3.557
3.557
3.557
3.557
3.557
3.557
3.557
3.557
3.557
3.557
3.557
3.557
3.56
3.56
3.56
3.56
3.56
3.56
3.56
3.56
3.56
3.56
3.56
3.56
3.56
3.56
3.56
3.56
3.56
3.56
3.56
3.56
3.56
3.56
3.56
3.56
3.56
3.56
3.56
3.56
3.56
3.56
3.289
3.289
3.289
3.289
3.289
3.289
3.289
3.289
3.289
3.289
3.289
3.289
3.289
3.289
3.289
3.289
3.289
3.289
3.289
3.289
3.289
3.289
3.289
3.289
3.289
3.289
3.289
3.289
3.289
3.289
3.302
3.302
3.302
3.302
3.302
3.302
3.302
3.302
3.302
3.302
3.302
3.302
3.302
3.302
3.302
3.302
3.302
3.302
3.302
3.302
3.302
3.302
3.302
3.302
3.302
3.302
3.302
3.302
3.302
3.302
3.411
3.411
3.411
3.411
3.411
3.411
3.411
3.411
3.411
3.411
3.411
3.411
3.411
3.411
3.411
3.411
3.411
3.411
3.411
3.411
3.411
3.411
3.411
3.411
3.411
3.411
3.411
3.411
3.411
3.411
3.198
3.198
3.198
3.198
3.198
3.198
3.198
3.198
3.198
3.198
3.198
3.198
3.198
3.198
3.198
3.198
3.198
3.198
3.198
3.198
3.198
3.198
3.198
3.198
3.198
3.198
3.198
3.198
3.198
3.198
3.051
3.051
3.051
3.051
3.051
3.051
3.051
3.051
3.051
3.051
3.051
3.051
3.051
3.051
3.051
3.051
3.051
3.051
3.051
3.051
3.051
3.051
3.051
3.051
3.051
3.051
3.051
3.051
3.051
3.051
3.024
3.024
3.024
3.024
3.024
3.024
3.024
3.024
3.024
3.024
3.024
3.024
3.024
3.024
3.024
3.024
3.024
3.024
3.024
3.024
3.024
3.024
3.024
3.024
3.024
3.024
3.024
3.024
3.024
3.024
3.022
3.022
3.022
3.022
3.022
3.022
3.022
3.022
3.022
3.022
3.022
3.022
3.022
3.022
3.022
3.022
3.022
3.022
3.022
3.022
3.022
3.022
3.022
3.022
3.022
3.022
3.022
3.022
3.022
3.022
3.006
3.006
3.006
3.006
3.006
3.006
3.006
3.006
3.006
3.006
3.006
3.006
3.006
3.006
3.006
3.006
3.006
3.006
3.006
3.006
3.006
3.006
3.006
3.006
3.006
3.006
3.006
3.006
3.006
3.006
3.263
3.263
3.263
3.263
3.263
3.263
3.263
3.263
3.263
3.263
3.263
3.263
3.263
3.263
3.263
3.263
3.263
3.263
3.263
3.263
3.263
3.263
3.263
3.263
3.263
3.263
3.263
3.263
3.263
3.263
3.257
3.257
3.257
3.257
3.257
3.257
3.257
3.257
3.257
3.257
3.257
3.257
3.257
3.257
3.257
3.257
3.257
3.257
3.257
3.257
3.257
3.257
3.257
3.257
3.257
3.257
3.257
3.257
3.257
3.257
3.271
3.271
3.271
3.271
3.271
3.271
3.271
3.271
3.271
3.271
3.271
3.271
3.271
3.271
3.271
3.271
3.271
3.271
3.271
3.271
3.271
3.271
3.271
3.271
3.271
3.271
3.271
3.271
3.271
3.271
3.365
3.365
3.365
3.365
3.365
3.365
3.365
3.365
3.365
3.365
3.365
3.365
3.365
3.365
3.365
3.365
3.365
3.365
3.365
3.365
3.365
3.365
3.365
3.365
3.365
3.365
3.365
3.365
3.365
3.365
3.573
3.573
3.573
3.573
3.573
3.573
3.573
3.573
3.573
3.573
3.573
3.573
3.573
3.573
3.573
3.573
3.573
3.573
3.573
3.573
3.573
3.573
3.573
3.573
3.573
3.573
3.573
3.573
3.573
3.573
3.604
3.604
3.604
3.604
3.604
3.604
3.604
3.604
3.604
3.604
3.604
3.604
3.604
3.604
3.604
3.604
3.604
3.604
3.604
3.604
3.604
3.604
3.604
3.604
3.604
3.604
3.604
3.604
3.604
3.604
3.81
3.81
3.81
3.81
3.81
3.81
3.81
3.81
3.81
3.81
3.81
3.81
3.81
3.81
3.81
3.81
3.81
3.81
3.81
3.81
3.81
3.81
3.81
3.81
3.81
3.81
3.81
3.81
3.81
3.81
3.807
3.807
3.807
3.807
3.807
3.807
3.807
3.807
3.807
3.807
3.807
3.807
3.807
3.807
3.807
3.807
3.807
3.807
3.807
3.807
3.807
3.807
3.807
3.807
3.807
3.807
3.807
3.807
3.807
3.807
3.754
3.754
3.754
3.754
3.754
3.754
3.754
3.754
3.754
3.754
3.754
3.754
3.754
3.754
3.754
3.754
3.754
3.754
3.754
3.754
3.754
3.754
3.754
3.754
3.754
3.754
3.754
3.754
3.754
3.754
3.675
3.675
3.675
3.675
3.675
3.675
3.675
3.675
3.675
3.675
3.675
3.675
3.675
3.675
3.675
3.675
3.675
3.675
3.675
3.675
3.675
3.675
3.675
3.675
3.675
3.675
3.675
3.675
3.675
3.675
3.566
3.566
3.566
3.566
3.566
3.566
3.566
3.566
3.566
3.566
3.566
3.566
3.566
3.566
3.566
3.566
3.566
3.566
3.566
3.566
3.566
3.566
3.566
3.566
3.566
3.566
3.566
3.566
3.566
3.566
3.697
3.697
3.697
3.697
3.697
3.697
3.697
3.697
3.697
3.697
3.697
3.697
3.697
3.697
3.697
3.697
3.697
3.697
3.697
3.697
3.697
3.697
3.697
3.697
3.697
3.697
3.697
3.697
3.697
3.697
4.057
4.057
4.057
4.057
4.057
4.057
4.057
4.057
4.057
4.057
4.057
4.057
4.057
4.057
4.057
4.057
4.057
4.057
4.057
4.057
4.057
4.057
4.057
4.057
4.057
4.057
4.057
4.057
4.057
4.057
3.452
3.452
3.452
3.452
3.452
3.452
3.452
3.452
3.452
3.452
3.452
3.452
3.452
3.452
3.452
3.452
3.452
3.452
3.452
3.452
3.452
3.452
3.452
3.452
3.452
3.452
3.452
3.452
3.452
3.452
3.391
3.391
3.391
3.391
3.391
3.391
3.391
3.391
3.391
3.391
3.391
3.391
3.391
3.391
3.391
3.391
3.391
3.391
3.391
3.391
3.391
3.391
3.391
3.391
3.391
3.391
3.391
3.391
3.391
3.391
3.093
3.093
3.093
3.093
3.093
3.093
3.093
3.093
3.093
3.093
3.093
3.093
3.093
3.093
3.093
3.093
3.093
3.093
3.093
3.093
3.093
3.093
3.093
3.093
3.093
3.093
3.093
3.093
3.093
3.093
3.678
3.678
3.678
3.678
3.678
3.678
3.678
3.678
3.678
3.678
3.678
3.678
3.678
3.678
3.678
3.678
3.678
3.678
3.678
3.678
3.678
3.678
3.678
3.678
3.678
3.678
3.678
3.678
3.678
3.678
3.306
3.306
3.306
3.306
3.306
3.306
3.306
3.306
3.306
3.306
3.306
3.306
3.306
3.306
3.306
3.306
3.306
3.306
3.306
3.306
3.306
3.306
3.306
3.306
3.306
3.306
3.306
3.306
3.306
3.306
