3.894
3.894
3.894
3.894
3.894
3.894
3.894
3.894
3.894
3.894
3.894
3.894
3.894
3.894
3.894
3.894
3.894
3.894
3.894
3.894
3.894
3.894
3.894
3.894
3.894
3.894
3.894
3.894
3.894
3.894
3.833
3.833
3.833
3.833
3.833
3.833
3.833
3.833
3.833
3.833
3.833
3.833
3.833
3.833
3.833
3.833
3.833
3.833
3.833
3.833
3.833
3.833
3.833
3.833
3.833
3.833
3.833
3.833
3.833
3.833
4.004
4.004
4.004
4.004
4.004
4.004
4.004
4.004
4.004
4.004
4.004
4.004
4.004
4.004
4.004
4.004
4.004
4.004
4.004
4.004
4.004
4.004
4.004
4.004
4.004
4.004
4.004
4.004
4.004
4.004
4.026
4.026
4.026
4.026
4.026
4.026
4.026
4.026
4.026
4.026
4.026
4.026
4.026
4.026
4.026
4.026
4.026
4.026
4.026
4.026
4.026
4.026
4.026
4.026
4.026
4.026
4.026
4.026
4.026
4.026
3.996
3.996
3.996
3.996
3.996
3.996
3.996
3.996
3.996
3.996
3.996
3.996
3.996
3.996
3.996
3.996
3.996
3.996
3.996
3.996
3.996
3.996
3.996
3.996
3.996
3.996
3.996
3.996
3.996
3.996
4.144
4.144
4.144
4.144
4.144
4.144
4.144
4.144
4.144
4.144
4.144
4.144
4.144
4.144
4.144
4.144
4.144
4.144
4.144
4.144
4.144
4.144
4.144
4.144
4.144
4.144
4.144
4.144
4.144
4.144
3.942
3.942
3.942
3.942
3.942
3.942
3.942
3.942
3.942
3.942
3.942
3.942
3.942
3.942
3.942
3.942
3.942
3.942
3.942
3.942
3.942
3.942
3.942
3.942
3.942
3.942
3.942
3.942
3.942
3.942
3.907
3.907
3.907
3.907
3.907
3.907
3.907
3.907
3.907
3.907
3.907
3.907
3.907
3.907
3.907
3.907
3.907
3.907
3.907
3.907
3.907
3.907
3.907
3.907
3.907
3.907
3.907
3.907
3.907
3.907
4.273
4.273
4.273
4.273
4.273
4.273
4.273
4.273
4.273
4.273
4.273
4.273
4.273
4.273
4.273
4.273
4.273
4.273
4.273
4.273
4.273
4.273
4.273
4.273
4.273
4.273
4.273
4.273
4.273
4.273
4.41
4.41
4.41
4.41
4.41
4.41
4.41
4.41
4.41
4.41
4.41
4.41
4.41
4.41
4.41
4.41
4.41
4.41
4.41
4.41
4.41
4.41
4.41
4.41
4.41
4.41
4.41
4.41
4.41
4.41
3.853
3.853
3.853
3.853
3.853
3.853
3.853
3.853
3.853
3.853
3.853
3.853
3.853
3.853
3.853
3.853
3.853
3.853
3.853
3.853
3.853
3.853
3.853
3.853
3.853
3.853
3.853
3.853
3.853
3.853
4.271
4.271
4.271
4.271
4.271
4.271
4.271
4.271
4.271
4.271
4.271
4.271
4.271
4.271
4.271
4.271
4.271
4.271
4.271
4.271
4.271
4.271
4.271
4.271
4.271
4.271
4.271
4.271
4.271
4.271
4.407
4.407
4.407
4.407
4.407
4.407
4.407
4.407
4.407
4.407
4.407
4.407
4.407
4.407
4.407
4.407
4.407
4.407
4.407
4.407
4.407
4.407
4.407
4.407
4.407
4.407
4.407
4.407
4.407
4.407
4.76
4.76
4.76
4.76
4.76
4.76
4.76
4.76
4.76
4.76
4.76
4.76
4.76
4.76
4.76
4.76
4.76
4.76
4.76
4.76
4.76
4.76
4.76
4.76
4.76
4.76
4.76
4.76
4.76
4.76
6.397
6.397
6.397
6.397
6.397
6.397
6.397
6.397
6.397
6.397
6.397
6.397
6.397
6.397
6.397
6.397
6.397
6.397
6.397
6.397
6.397
6.397
6.397
6.397
6.397
6.397
6.397
6.397
6.397
6.397
9.617
9.617
9.617
9.617
9.617
9.617
9.617
9.617
9.617
9.617
9.617
9.617
9.617
9.617
9.617
9.617
9.617
9.617
9.617
9.617
9.617
9.617
9.617
9.617
9.617
9.617
9.617
9.617
9.617
9.617
9.874
9.874
9.874
9.874
9.874
9.874
9.874
9.874
9.874
9.874
9.874
9.874
9.874
9.874
9.874
9.874
9.874
9.874
9.874
9.874
9.874
9.874
9.874
9.874
9.874
9.874
9.874
9.874
9.874
9.874
9.914
9.914
9.914
9.914
9.914
9.914
9.914
9.914
9.914
9.914
9.914
9.914
9.914
9.914
9.914
9.914
9.914
9.914
9.914
9.914
9.914
9.914
9.914
9.914
9.914
9.914
9.914
9.914
9.914
9.914
13.321
13.321
13.321
13.321
13.321
13.321
13.321
13.321
13.321
13.321
13.321
13.321
13.321
13.321
13.321
13.321
13.321
13.321
13.321
13.321
13.321
13.321
13.321
13.321
13.321
13.321
13.321
13.321
13.321
13.321
12.302
12.302
12.302
12.302
12.302
12.302
12.302
12.302
12.302
12.302
12.302
12.302
12.302
12.302
12.302
12.302
12.302
12.302
12.302
12.302
12.302
12.302
12.302
12.302
12.302
12.302
12.302
12.302
12.302
12.302
10.853
10.853
10.853
10.853
10.853
10.853
10.853
10.853
10.853
10.853
10.853
10.853
10.853
10.853
10.853
10.853
10.853
10.853
10.853
10.853
10.853
10.853
10.853
10.853
10.853
10.853
10.853
10.853
10.853
10.853
10.242
10.242
10.242
10.242
10.242
10.242
10.242
10.242
10.242
10.242
10.242
10.242
10.242
10.242
10.242
10.242
10.242
10.242
10.242
10.242
10.242
10.242
10.242
10.242
10.242
10.242
10.242
10.242
10.242
10.242
10.649
10.649
10.649
10.649
10.649
10.649
10.649
10.649
10.649
10.649
10.649
10.649
10.649
10.649
10.649
10.649
10.649
10.649
10.649
10.649
10.649
10.649
10.649
10.649
10.649
10.649
10.649
10.649
10.649
10.649
14.079
14.079
14.079
14.079
14.079
14.079
14.079
14.079
14.079
14.079
14.079
14.079
14.079
14.079
14.079
14.079
14.079
14.079
14.079
14.079
14.079
14.079
14.079
14.079
14.079
14.079
14.079
14.079
14.079
14.079
14.308
14.308
14.308
14.308
14.308
14.308
14.308
14.308
14.308
14.308
14.308
14.308
14.308
14.308
14.308
14.308
14.308
14.308
14.308
14.308
14.308
14.308
14.308
14.308
14.308
14.308
14.308
14.308
14.308
14.308
13.098
13.098
13.098
13.098
13.098
13.098
13.098
13.098
13.098
13.098
13.098
13.098
13.098
13.098
13.098
13.098
13.098
13.098
13.098
13.098
13.098
13.098
13.098
13.098
13.098
13.098
13.098
13.098
13.098
13.098
10.052
10.052
10.052
10.052
10.052
10.052
10.052
10.052
10.052
10.052
10.052
10.052
10.052
10.052
10.052
10.052
10.052
10.052
10.052
10.052
10.052
10.052
10.052
10.052
10.052
10.052
10.052
10.052
10.052
10.052
9.589
9.589
9.589
9.589
9.589
9.589
9.589
9.589
9.589
9.589
9.589
9.589
9.589
9.589
9.589
9.589
9.589
9.589
9.589
9.589
9.589
9.589
9.589
9.589
9.589
9.589
9.589
9.589
9.589
9.589
11.246
11.246
11.246
11.246
11.246
11.246
11.246
11.246
11.246
11.246
11.246
11.246
11.246
11.246
11.246
11.246
11.246
11.246
11.246
11.246
11.246
11.246
11.246
11.246
11.246
11.246
11.246
11.246
11.246
11.246
11.183
11.183
11.183
11.183
11.183
11.183
11.183
11.183
11.183
11.183
11.183
11.183
11.183
11.183
11.183
11.183
11.183
11.183
11.183
11.183
11.183
11.183
11.183
11.183
11.183
11.183
11.183
11.183
11.183
11.183
8.486
8.486
8.486
8.486
8.486
8.486
8.486
8.486
8.486
8.486
8.486
8.486
8.486
8.486
8.486
8.486
8.486
8.486
8.486
8.486
8.486
8.486
8.486
8.486
8.486
8.486
8.486
8.486
8.486
8.486
10.987
10.987
10.987
10.987
10.987
10.987
10.987
10.987
10.987
10.987
10.987
10.987
10.987
10.987
10.987
10.987
10.987
10.987
10.987
10.987
10.987
10.987
10.987
10.987
10.987
10.987
10.987
10.987
10.987
10.987
12.002
12.002
12.002
12.002
12.002
12.002
12.002
12.002
12.002
12.002
12.002
12.002
12.002
12.002
12.002
12.002
12.002
12.002
12.002
12.002
12.002
12.002
12.002
12.002
12.002
12.002
12.002
12.002
12.002
12.002
16.106
16.106
16.106
16.106
16.106
16.106
16.106
16.106
16.106
16.106
16.106
16.106
16.106
16.106
16.106
16.106
16.106
16.106
16.106
16.106
16.106
16.106
16.106
16.106
16.106
16.106
16.106
16.106
16.106
16.106
40.575
40.575
40.575
40.575
40.575
40.575
40.575
40.575
40.575
40.575
40.575
40.575
40.575
40.575
40.575
40.575
40.575
40.575
40.575
40.575
40.575
40.575
40.575
40.575
40.575
40.575
40.575
40.575
40.575
40.575
33.499
33.499
33.499
33.499
33.499
33.499
33.499
33.499
33.499
33.499
33.499
33.499
33.499
33.499
33.499
33.499
33.499
33.499
33.499
33.499
33.499
33.499
33.499
33.499
33.499
33.499
33.499
33.499
33.499
33.499
15.363
15.363
15.363
15.363
15.363
15.363
15.363
15.363
15.363
15.363
15.363
15.363
15.363
15.363
15.363
15.363
15.363
15.363
15.363
15.363
15.363
15.363
15.363
15.363
15.363
15.363
15.363
15.363
15.363
15.363
15.038
15.038
15.038
15.038
15.038
15.038
15.038
15.038
15.038
15.038
15.038
15.038
15.038
15.038
15.038
15.038
15.038
15.038
15.038
15.038
15.038
15.038
15.038
15.038
15.038
15.038
15.038
15.038
15.038
15.038
8.318
8.318
8.318
8.318
8.318
8.318
8.318
8.318
8.318
8.318
8.318
8.318
8.318
8.318
8.318
8.318
8.318
8.318
8.318
8.318
8.318
8.318
8.318
8.318
8.318
8.318
8.318
8.318
8.318
8.318
6.015
6.015
6.015
6.015
6.015
6.015
6.015
6.015
6.015
6.015
6.015
6.015
6.015
6.015
6.015
6.015
6.015
6.015
6.015
6.015
6.015
6.015
6.015
6.015
6.015
6.015
6.015
6.015
6.015
6.015
4.747
4.747
4.747
4.747
4.747
4.747
4.747
4.747
4.747
4.747
4.747
4.747
4.747
4.747
4.747
4.747
4.747
4.747
4.747
4.747
4.747
4.747
4.747
4.747
4.747
4.747
4.747
4.747
4.747
4.747
4.27
4.27
4.27
4.27
4.27
4.27
4.27
4.27
4.27
4.27
4.27
4.27
4.27
4.27
4.27
4.27
4.27
4.27
4.27
4.27
4.27
4.27
4.27
4.27
4.27
4.27
4.27
4.27
4.27
4.27
4.858
4.858
4.858
4.858
4.858
4.858
4.858
4.858
4.858
4.858
4.858
4.858
4.858
4.858
4.858
4.858
4.858
4.858
4.858
4.858
4.858
4.858
4.858
4.858
4.858
4.858
4.858
4.858
4.858
4.858
4.339
4.339
4.339
4.339
4.339
4.339
4.339
4.339
4.339
4.339
4.339
4.339
4.339
4.339
4.339
4.339
4.339
4.339
4.339
4.339
4.339
4.339
4.339
4.339
4.339
4.339
4.339
4.339
4.339
4.339
4.235
4.235
4.235
4.235
4.235
4.235
4.235
4.235
4.235
4.235
4.235
4.235
4.235
4.235
4.235
4.235
4.235
4.235
4.235
4.235
4.235
4.235
4.235
4.235
4.235
4.235
4.235
4.235
4.235
4.235
4.183
4.183
4.183
4.183
4.183
4.183
4.183
4.183
4.183
4.183
4.183
4.183
4.183
4.183
4.183
4.183
4.183
4.183
4.183
4.183
4.183
4.183
4.183
4.183
4.183
4.183
4.183
4.183
4.183
4.183
4.227
4.227
4.227
4.227
4.227
4.227
4.227
4.227
4.227
4.227
4.227
4.227
4.227
4.227
4.227
4.227
4.227
4.227
4.227
4.227
4.227
4.227
4.227
4.227
4.227
4.227
4.227
4.227
4.227
4.227
4.163
4.163
4.163
4.163
4.163
4.163
4.163
4.163
4.163
4.163
4.163
4.163
4.163
4.163
4.163
4.163
4.163
4.163
4.163
4.163
4.163
4.163
4.163
4.163
4.163
4.163
4.163
4.163
4.163
4.163
