2.766
2.766
2.766
2.766
2.766
2.766
2.766
2.766
2.766
2.766
2.766
2.766
2.766
2.766
2.766
2.766
2.766
2.766
2.766
2.766
2.766
2.766
2.766
2.766
2.766
2.766
2.766
2.766
2.766
2.766
2.477
2.477
2.477
2.477
2.477
2.477
2.477
2.477
2.477
2.477
2.477
2.477
2.477
2.477
2.477
2.477
2.477
2.477
2.477
2.477
2.477
2.477
2.477
2.477
2.477
2.477
2.477
2.477
2.477
2.477
2.551
2.551
2.551
2.551
2.551
2.551
2.551
2.551
2.551
2.551
2.551
2.551
2.551
2.551
2.551
2.551
2.551
2.551
2.551
2.551
2.551
2.551
2.551
2.551
2.551
2.551
2.551
2.551
2.551
2.551
2.535
2.535
2.535
2.535
2.535
2.535
2.535
2.535
2.535
2.535
2.535
2.535
2.535
2.535
2.535
2.535
2.535
2.535
2.535
2.535
2.535
2.535
2.535
2.535
2.535
2.535
2.535
2.535
2.535
2.535
2.469
2.469
2.469
2.469
2.469
2.469
2.469
2.469
2.469
2.469
2.469
2.469
2.469
2.469
2.469
2.469
2.469
2.469
2.469
2.469
2.469
2.469
2.469
2.469
2.469
2.469
2.469
2.469
2.469
2.469
2.453
2.453
2.453
2.453
2.453
2.453
2.453
2.453
2.453
2.453
2.453
2.453
2.453
2.453
2.453
2.453
2.453
2.453
2.453
2.453
2.453
2.453
2.453
2.453
2.453
2.453
2.453
2.453
2.453
2.453
2.517
2.517
2.517
2.517
2.517
2.517
2.517
2.517
2.517
2.517
2.517
2.517
2.517
2.517
2.517
2.517
2.517
2.517
2.517
2.517
2.517
2.517
2.517
2.517
2.517
2.517
2.517
2.517
2.517
2.517
2.493
2.493
2.493
2.493
2.493
2.493
2.493
2.493
2.493
2.493
2.493
2.493
2.493
2.493
2.493
2.493
2.493
2.493
2.493
2.493
2.493
2.493
2.493
2.493
2.493
2.493
2.493
2.493
2.493
2.493
2.524
2.524
2.524
2.524
2.524
2.524
2.524
2.524
2.524
2.524
2.524
2.524
2.524
2.524
2.524
2.524
2.524
2.524
2.524
2.524
2.524
2.524
2.524
2.524
2.524
2.524
2.524
2.524
2.524
2.524
2.406
2.406
2.406
2.406
2.406
2.406
2.406
2.406
2.406
2.406
2.406
2.406
2.406
2.406
2.406
2.406
2.406
2.406
2.406
2.406
2.406
2.406
2.406
2.406
2.406
2.406
2.406
2.406
2.406
2.406
2.476
2.476
2.476
2.476
2.476
2.476
2.476
2.476
2.476
2.476
2.476
2.476
2.476
2.476
2.476
2.476
2.476
2.476
2.476
2.476
2.476
2.476
2.476
2.476
2.476
2.476
2.476
2.476
2.476
2.476
2.524
2.524
2.524
2.524
2.524
2.524
2.524
2.524
2.524
2.524
2.524
2.524
2.524
2.524
2.524
2.524
2.524
2.524
2.524
2.524
2.524
2.524
2.524
2.524
2.524
2.524
2.524
2.524
2.524
2.524
2.778
2.778
2.778
2.778
2.778
2.778
2.778
2.778
2.778
2.778
2.778
2.778
2.778
2.778
2.778
2.778
2.778
2.778
2.778
2.778
2.778
2.778
2.778
2.778
2.778
2.778
2.778
2.778
2.778
2.778
2.823
2.823
2.823
2.823
2.823
2.823
2.823
2.823
2.823
2.823
2.823
2.823
2.823
2.823
2.823
2.823
2.823
2.823
2.823
2.823
2.823
2.823
2.823
2.823
2.823
2.823
2.823
2.823
2.823
2.823
2.431
2.431
2.431
2.431
2.431
2.431
2.431
2.431
2.431
2.431
2.431
2.431
2.431
2.431
2.431
2.431
2.431
2.431
2.431
2.431
2.431
2.431
2.431
2.431
2.431
2.431
2.431
2.431
2.431
2.431
2.834
2.834
2.834
2.834
2.834
2.834
2.834
2.834
2.834
2.834
2.834
2.834
2.834
2.834
2.834
2.834
2.834
2.834
2.834
2.834
2.834
2.834
2.834
2.834
2.834
2.834
2.834
2.834
2.834
2.834
2.936
2.936
2.936
2.936
2.936
2.936
2.936
2.936
2.936
2.936
2.936
2.936
2.936
2.936
2.936
2.936
2.936
2.936
2.936
2.936
2.936
2.936
2.936
2.936
2.936
2.936
2.936
2.936
2.936
2.936
3.368
3.368
3.368
3.368
3.368
3.368
3.368
3.368
3.368
3.368
3.368
3.368
3.368
3.368
3.368
3.368
3.368
3.368
3.368
3.368
3.368
3.368
3.368
3.368
3.368
3.368
3.368
3.368
3.368
3.368
4.046
4.046
4.046
4.046
4.046
4.046
4.046
4.046
4.046
4.046
4.046
4.046
4.046
4.046
4.046
4.046
4.046
4.046
4.046
4.046
4.046
4.046
4.046
4.046
4.046
4.046
4.046
4.046
4.046
4.046
4.208
4.208
4.208
4.208
4.208
4.208
4.208
4.208
4.208
4.208
4.208
4.208
4.208
4.208
4.208
4.208
4.208
4.208
4.208
4.208
4.208
4.208
4.208
4.208
4.208
4.208
4.208
4.208
4.208
4.208
4.399
4.399
4.399
4.399
4.399
4.399
4.399
4.399
4.399
4.399
4.399
4.399
4.399
4.399
4.399
4.399
4.399
4.399
4.399
4.399
4.399
4.399
4.399
4.399
4.399
4.399
4.399
4.399
4.399
4.399
4.44
4.44
4.44
4.44
4.44
4.44
4.44
4.44
4.44
4.44
4.44
4.44
4.44
4.44
4.44
4.44
4.44
4.44
4.44
4.44
4.44
4.44
4.44
4.44
4.44
4.44
4.44
4.44
4.44
4.44
4.128
4.128
4.128
4.128
4.128
4.128
4.128
4.128
4.128
4.128
4.128
4.128
4.128
4.128
4.128
4.128
4.128
4.128
4.128
4.128
4.128
4.128
4.128
4.128
4.128
4.128
4.128
4.128
4.128
4.128
3.988
3.988
3.988
3.988
3.988
3.988
3.988
3.988
3.988
3.988
3.988
3.988
3.988
3.988
3.988
3.988
3.988
3.988
3.988
3.988
3.988
3.988
3.988
3.988
3.988
3.988
3.988
3.988
3.988
3.988
3.969
3.969
3.969
3.969
3.969
3.969
3.969
3.969
3.969
3.969
3.969
3.969
3.969
3.969
3.969
3.969
3.969
3.969
3.969
3.969
3.969
3.969
3.969
3.969
3.969
3.969
3.969
3.969
3.969
3.969
3.759
3.759
3.759
3.759
3.759
3.759
3.759
3.759
3.759
3.759
3.759
3.759
3.759
3.759
3.759
3.759
3.759
3.759
3.759
3.759
3.759
3.759
3.759
3.759
3.759
3.759
3.759
3.759
3.759
3.759
3.284
3.284
3.284
3.284
3.284
3.284
3.284
3.284
3.284
3.284
3.284
3.284
3.284
3.284
3.284
3.284
3.284
3.284
3.284
3.284
3.284
3.284
3.284
3.284
3.284
3.284
3.284
3.284
3.284
3.284
3.111
3.111
3.111
3.111
3.111
3.111
3.111
3.111
3.111
3.111
3.111
3.111
3.111
3.111
3.111
3.111
3.111
3.111
3.111
3.111
3.111
3.111
3.111
3.111
3.111
3.111
3.111
3.111
3.111
3.111
3.09
3.09
3.09
3.09
3.09
3.09
3.09
3.09
3.09
3.09
3.09
3.09
3.09
3.09
3.09
3.09
3.09
3.09
3.09
3.09
3.09
3.09
3.09
3.09
3.09
3.09
3.09
3.09
3.09
3.09
3.009
3.009
3.009
3.009
3.009
3.009
3.009
3.009
3.009
3.009
3.009
3.009
3.009
3.009
3.009
3.009
3.009
3.009
3.009
3.009
3.009
3.009
3.009
3.009
3.009
3.009
3.009
3.009
3.009
3.009
2.93
2.93
2.93
2.93
2.93
2.93
2.93
2.93
2.93
2.93
2.93
2.93
2.93
2.93
2.93
2.93
2.93
2.93
2.93
2.93
2.93
2.93
2.93
2.93
2.93
2.93
2.93
2.93
2.93
2.93
2.978
2.978
2.978
2.978
2.978
2.978
2.978
2.978
2.978
2.978
2.978
2.978
2.978
2.978
2.978
2.978
2.978
2.978
2.978
2.978
2.978
2.978
2.978
2.978
2.978
2.978
2.978
2.978
2.978
2.978
3.052
3.052
3.052
3.052
3.052
3.052
3.052
3.052
3.052
3.052
3.052
3.052
3.052
3.052
3.052
3.052
3.052
3.052
3.052
3.052
3.052
3.052
3.052
3.052
3.052
3.052
3.052
3.052
3.052
3.052
3.227
3.227
3.227
3.227
3.227
3.227
3.227
3.227
3.227
3.227
3.227
3.227
3.227
3.227
3.227
3.227
3.227
3.227
3.227
3.227
3.227
3.227
3.227
3.227
3.227
3.227
3.227
3.227
3.227
3.227
3.512
3.512
3.512
3.512
3.512
3.512
3.512
3.512
3.512
3.512
3.512
3.512
3.512
3.512
3.512
3.512
3.512
3.512
3.512
3.512
3.512
3.512
3.512
3.512
3.512
3.512
3.512
3.512
3.512
3.512
3.363
3.363
3.363
3.363
3.363
3.363
3.363
3.363
3.363
3.363
3.363
3.363
3.363
3.363
3.363
3.363
3.363
3.363
3.363
3.363
3.363
3.363
3.363
3.363
3.363
3.363
3.363
3.363
3.363
3.363
3.255
3.255
3.255
3.255
3.255
3.255
3.255
3.255
3.255
3.255
3.255
3.255
3.255
3.255
3.255
3.255
3.255
3.255
3.255
3.255
3.255
3.255
3.255
3.255
3.255
3.255
3.255
3.255
3.255
3.255
3.155
3.155
3.155
3.155
3.155
3.155
3.155
3.155
3.155
3.155
3.155
3.155
3.155
3.155
3.155
3.155
3.155
3.155
3.155
3.155
3.155
3.155
3.155
3.155
3.155
3.155
3.155
3.155
3.155
3.155
3.307
3.307
3.307
3.307
3.307
3.307
3.307
3.307
3.307
3.307
3.307
3.307
3.307
3.307
3.307
3.307
3.307
3.307
3.307
3.307
3.307
3.307
3.307
3.307
3.307
3.307
3.307
3.307
3.307
3.307
3.233
3.233
3.233
3.233
3.233
3.233
3.233
3.233
3.233
3.233
3.233
3.233
3.233
3.233
3.233
3.233
3.233
3.233
3.233
3.233
3.233
3.233
3.233
3.233
3.233
3.233
3.233
3.233
3.233
3.233
3.21
3.21
3.21
3.21
3.21
3.21
3.21
3.21
3.21
3.21
3.21
3.21
3.21
3.21
3.21
3.21
3.21
3.21
3.21
3.21
3.21
3.21
3.21
3.21
3.21
3.21
3.21
3.21
3.21
3.21
3.212
3.212
3.212
3.212
3.212
3.212
3.212
3.212
3.212
3.212
3.212
3.212
3.212
3.212
3.212
3.212
3.212
3.212
3.212
3.212
3.212
3.212
3.212
3.212
3.212
3.212
3.212
3.212
3.212
3.212
3.164
3.164
3.164
3.164
3.164
3.164
3.164
3.164
3.164
3.164
3.164
3.164
3.164
3.164
3.164
3.164
3.164
3.164
3.164
3.164
3.164
3.164
3.164
3.164
3.164
3.164
3.164
3.164
3.164
3.164
3.174
3.174
3.174
3.174
3.174
3.174
3.174
3.174
3.174
3.174
3.174
3.174
3.174
3.174
3.174
3.174
3.174
3.174
3.174
3.174
3.174
3.174
3.174
3.174
3.174
3.174
3.174
3.174
3.174
3.174
3.104
3.104
3.104
3.104
3.104
3.104
3.104
3.104
3.104
3.104
3.104
3.104
3.104
3.104
3.104
3.104
3.104
3.104
3.104
3.104
3.104
3.104
3.104
3.104
3.104
3.104
3.104
3.104
3.104
3.104
3.099
3.099
3.099
3.099
3.099
3.099
3.099
3.099
3.099
3.099
3.099
3.099
3.099
3.099
3.099
3.099
3.099
3.099
3.099
3.099
3.099
3.099
3.099
3.099
3.099
3.099
3.099
3.099
3.099
3.099
3.543
3.543
3.543
3.543
3.543
3.543
3.543
3.543
3.543
3.543
3.543
3.543
3.543
3.543
3.543
3.543
3.543
3.543
3.543
3.543
3.543
3.543
3.543
3.543
3.543
3.543
3.543
3.543
3.543
3.543
2.866
2.866
2.866
2.866
2.866
2.866
2.866
2.866
2.866
2.866
2.866
2.866
2.866
2.866
2.866
2.866
2.866
2.866
2.866
2.866
2.866
2.866
2.866
2.866
2.866
2.866
2.866
2.866
2.866
2.866
