4.267
4.267
4.267
4.267
4.267
4.267
4.267
4.267
4.267
4.267
4.267
4.267
4.267
4.267
4.267
4.267
4.267
4.267
4.267
4.267
4.267
4.267
4.267
4.267
4.267
4.267
4.267
4.267
4.267
4.267
3.971
3.971
3.971
3.971
3.971
3.971
3.971
3.971
3.971
3.971
3.971
3.971
3.971
3.971
3.971
3.971
3.971
3.971
3.971
3.971
3.971
3.971
3.971
3.971
3.971
3.971
3.971
3.971
3.971
3.971
3.97
3.97
3.97
3.97
3.97
3.97
3.97
3.97
3.97
3.97
3.97
3.97
3.97
3.97
3.97
3.97
3.97
3.97
3.97
3.97
3.97
3.97
3.97
3.97
3.97
3.97
3.97
3.97
3.97
3.97
3.854
3.854
3.854
3.854
3.854
3.854
3.854
3.854
3.854
3.854
3.854
3.854
3.854
3.854
3.854
3.854
3.854
3.854
3.854
3.854
3.854
3.854
3.854
3.854
3.854
3.854
3.854
3.854
3.854
3.854
3.922
3.922
3.922
3.922
3.922
3.922
3.922
3.922
3.922
3.922
3.922
3.922
3.922
3.922
3.922
3.922
3.922
3.922
3.922
3.922
3.922
3.922
3.922
3.922
3.922
3.922
3.922
3.922
3.922
3.922
3.88
3.88
3.88
3.88
3.88
3.88
3.88
3.88
3.88
3.88
3.88
3.88
3.88
3.88
3.88
3.88
3.88
3.88
3.88
3.88
3.88
3.88
3.88
3.88
3.88
3.88
3.88
3.88
3.88
3.88
3.483
3.483
3.483
3.483
3.483
3.483
3.483
3.483
3.483
3.483
3.483
3.483
3.483
3.483
3.483
3.483
3.483
3.483
3.483
3.483
3.483
3.483
3.483
3.483
3.483
3.483
3.483
3.483
3.483
3.483
3.443
3.443
3.443
3.443
3.443
3.443
3.443
3.443
3.443
3.443
3.443
3.443
3.443
3.443
3.443
3.443
3.443
3.443
3.443
3.443
3.443
3.443
3.443
3.443
3.443
3.443
3.443
3.443
3.443
3.443
3.431
3.431
3.431
3.431
3.431
3.431
3.431
3.431
3.431
3.431
3.431
3.431
3.431
3.431
3.431
3.431
3.431
3.431
3.431
3.431
3.431
3.431
3.431
3.431
3.431
3.431
3.431
3.431
3.431
3.431
3.251
3.251
3.251
3.251
3.251
3.251
3.251
3.251
3.251
3.251
3.251
3.251
3.251
3.251
3.251
3.251
3.251
3.251
3.251
3.251
3.251
3.251
3.251
3.251
3.251
3.251
3.251
3.251
3.251
3.251
3.457
3.457
3.457
3.457
3.457
3.457
3.457
3.457
3.457
3.457
3.457
3.457
3.457
3.457
3.457
3.457
3.457
3.457
3.457
3.457
3.457
3.457
3.457
3.457
3.457
3.457
3.457
3.457
3.457
3.457
3.368
3.368
3.368
3.368
3.368
3.368
3.368
3.368
3.368
3.368
3.368
3.368
3.368
3.368
3.368
3.368
3.368
3.368
3.368
3.368
3.368
3.368
3.368
3.368
3.368
3.368
3.368
3.368
3.368
3.368
3.879
3.879
3.879
3.879
3.879
3.879
3.879
3.879
3.879
3.879
3.879
3.879
3.879
3.879
3.879
3.879
3.879
3.879
3.879
3.879
3.879
3.879
3.879
3.879
3.879
3.879
3.879
3.879
3.879
3.879
4.234
4.234
4.234
4.234
4.234
4.234
4.234
4.234
4.234
4.234
4.234
4.234
4.234
4.234
4.234
4.234
4.234
4.234
4.234
4.234
4.234
4.234
4.234
4.234
4.234
4.234
4.234
4.234
4.234
4.234
4.246
4.246
4.246
4.246
4.246
4.246
4.246
4.246
4.246
4.246
4.246
4.246
4.246
4.246
4.246
4.246
4.246
4.246
4.246
4.246
4.246
4.246
4.246
4.246
4.246
4.246
4.246
4.246
4.246
4.246
4.657
4.657
4.657
4.657
4.657
4.657
4.657
4.657
4.657
4.657
4.657
4.657
4.657
4.657
4.657
4.657
4.657
4.657
4.657
4.657
4.657
4.657
4.657
4.657
4.657
4.657
4.657
4.657
4.657
4.657
5.84
5.84
5.84
5.84
5.84
5.84
5.84
5.84
5.84
5.84
5.84
5.84
5.84
5.84
5.84
5.84
5.84
5.84
5.84
5.84
5.84
5.84
5.84
5.84
5.84
5.84
5.84
5.84
5.84
5.84
6.095
6.095
6.095
6.095
6.095
6.095
6.095
6.095
6.095
6.095
6.095
6.095
6.095
6.095
6.095
6.095
6.095
6.095
6.095
6.095
6.095
6.095
6.095
6.095
6.095
6.095
6.095
6.095
6.095
6.095
5.757
5.757
5.757
5.757
5.757
5.757
5.757
5.757
5.757
5.757
5.757
5.757
5.757
5.757
5.757
5.757
5.757
5.757
5.757
5.757
5.757
5.757
5.757
5.757
5.757
5.757
5.757
5.757
5.757
5.757
5.714
5.714
5.714
5.714
5.714
5.714
5.714
5.714
5.714
5.714
5.714
5.714
5.714
5.714
5.714
5.714
5.714
5.714
5.714
5.714
5.714
5.714
5.714
5.714
5.714
5.714
5.714
5.714
5.714
5.714
5.275
5.275
5.275
5.275
5.275
5.275
5.275
5.275
5.275
5.275
5.275
5.275
5.275
5.275
5.275
5.275
5.275
5.275
5.275
5.275
5.275
5.275
5.275
5.275
5.275
5.275
5.275
5.275
5.275
5.275
5.262
5.262
5.262
5.262
5.262
5.262
5.262
5.262
5.262
5.262
5.262
5.262
5.262
5.262
5.262
5.262
5.262
5.262
5.262
5.262
5.262
5.262
5.262
5.262
5.262
5.262
5.262
5.262
5.262
5.262
4.69
4.69
4.69
4.69
4.69
4.69
4.69
4.69
4.69
4.69
4.69
4.69
4.69
4.69
4.69
4.69
4.69
4.69
4.69
4.69
4.69
4.69
4.69
4.69
4.69
4.69
4.69
4.69
4.69
4.69
4.811
4.811
4.811
4.811
4.811
4.811
4.811
4.811
4.811
4.811
4.811
4.811
4.811
4.811
4.811
4.811
4.811
4.811
4.811
4.811
4.811
4.811
4.811
4.811
4.811
4.811
4.811
4.811
4.811
4.811
4.744
4.744
4.744
4.744
4.744
4.744
4.744
4.744
4.744
4.744
4.744
4.744
4.744
4.744
4.744
4.744
4.744
4.744
4.744
4.744
4.744
4.744
4.744
4.744
4.744
4.744
4.744
4.744
4.744
4.744
4.717
4.717
4.717
4.717
4.717
4.717
4.717
4.717
4.717
4.717
4.717
4.717
4.717
4.717
4.717
4.717
4.717
4.717
4.717
4.717
4.717
4.717
4.717
4.717
4.717
4.717
4.717
4.717
4.717
4.717
4.376
4.376
4.376
4.376
4.376
4.376
4.376
4.376
4.376
4.376
4.376
4.376
4.376
4.376
4.376
4.376
4.376
4.376
4.376
4.376
4.376
4.376
4.376
4.376
4.376
4.376
4.376
4.376
4.376
4.376
4.271
4.271
4.271
4.271
4.271
4.271
4.271
4.271
4.271
4.271
4.271
4.271
4.271
4.271
4.271
4.271
4.271
4.271
4.271
4.271
4.271
4.271
4.271
4.271
4.271
4.271
4.271
4.271
4.271
4.271
4.084
4.084
4.084
4.084
4.084
4.084
4.084
4.084
4.084
4.084
4.084
4.084
4.084
4.084
4.084
4.084
4.084
4.084
4.084
4.084
4.084
4.084
4.084
4.084
4.084
4.084
4.084
4.084
4.084
4.084
4.116
4.116
4.116
4.116
4.116
4.116
4.116
4.116
4.116
4.116
4.116
4.116
4.116
4.116
4.116
4.116
4.116
4.116
4.116
4.116
4.116
4.116
4.116
4.116
4.116
4.116
4.116
4.116
4.116
4.116
4.164
4.164
4.164
4.164
4.164
4.164
4.164
4.164
4.164
4.164
4.164
4.164
4.164
4.164
4.164
4.164
4.164
4.164
4.164
4.164
4.164
4.164
4.164
4.164
4.164
4.164
4.164
4.164
4.164
4.164
4.267
4.267
4.267
4.267
4.267
4.267
4.267
4.267
4.267
4.267
4.267
4.267
4.267
4.267
4.267
4.267
4.267
4.267
4.267
4.267
4.267
4.267
4.267
4.267
4.267
4.267
4.267
4.267
4.267
4.267
4.517
4.517
4.517
4.517
4.517
4.517
4.517
4.517
4.517
4.517
4.517
4.517
4.517
4.517
4.517
4.517
4.517
4.517
4.517
4.517
4.517
4.517
4.517
4.517
4.517
4.517
4.517
4.517
4.517
4.517
4.835
4.835
4.835
4.835
4.835
4.835
4.835
4.835
4.835
4.835
4.835
4.835
4.835
4.835
4.835
4.835
4.835
4.835
4.835
4.835
4.835
4.835
4.835
4.835
4.835
4.835
4.835
4.835
4.835
4.835
4.94
4.94
4.94
4.94
4.94
4.94
4.94
4.94
4.94
4.94
4.94
4.94
4.94
4.94
4.94
4.94
4.94
4.94
4.94
4.94
4.94
4.94
4.94
4.94
4.94
4.94
4.94
4.94
4.94
4.94
4.87
4.87
4.87
4.87
4.87
4.87
4.87
4.87
4.87
4.87
4.87
4.87
4.87
4.87
4.87
4.87
4.87
4.87
4.87
4.87
4.87
4.87
4.87
4.87
4.87
4.87
4.87
4.87
4.87
4.87
4.854
4.854
4.854
4.854
4.854
4.854
4.854
4.854
4.854
4.854
4.854
4.854
4.854
4.854
4.854
4.854
4.854
4.854
4.854
4.854
4.854
4.854
4.854
4.854
4.854
4.854
4.854
4.854
4.854
4.854
4.871
4.871
4.871
4.871
4.871
4.871
4.871
4.871
4.871
4.871
4.871
4.871
4.871
4.871
4.871
4.871
4.871
4.871
4.871
4.871
4.871
4.871
4.871
4.871
4.871
4.871
4.871
4.871
4.871
4.871
4.95
4.95
4.95
4.95
4.95
4.95
4.95
4.95
4.95
4.95
4.95
4.95
4.95
4.95
4.95
4.95
4.95
4.95
4.95
4.95
4.95
4.95
4.95
4.95
4.95
4.95
4.95
4.95
4.95
4.95
5.067
5.067
5.067
5.067
5.067
5.067
5.067
5.067
5.067
5.067
5.067
5.067
5.067
5.067
5.067
5.067
5.067
5.067
5.067
5.067
5.067
5.067
5.067
5.067
5.067
5.067
5.067
5.067
5.067
5.067
4.968
4.968
4.968
4.968
4.968
4.968
4.968
4.968
4.968
4.968
4.968
4.968
4.968
4.968
4.968
4.968
4.968
4.968
4.968
4.968
4.968
4.968
4.968
4.968
4.968
4.968
4.968
4.968
4.968
4.968
4.905
4.905
4.905
4.905
4.905
4.905
4.905
4.905
4.905
4.905
4.905
4.905
4.905
4.905
4.905
4.905
4.905
4.905
4.905
4.905
4.905
4.905
4.905
4.905
4.905
4.905
4.905
4.905
4.905
4.905
4.782
4.782
4.782
4.782
4.782
4.782
4.782
4.782
4.782
4.782
4.782
4.782
4.782
4.782
4.782
4.782
4.782
4.782
4.782
4.782
4.782
4.782
4.782
4.782
4.782
4.782
4.782
4.782
4.782
4.782
4.817
4.817
4.817
4.817
4.817
4.817
4.817
4.817
4.817
4.817
4.817
4.817
4.817
4.817
4.817
4.817
4.817
4.817
4.817
4.817
4.817
4.817
4.817
4.817
4.817
4.817
4.817
4.817
4.817
4.817
4.727
4.727
4.727
4.727
4.727
4.727
4.727
4.727
4.727
4.727
4.727
4.727
4.727
4.727
4.727
4.727
4.727
4.727
4.727
4.727
4.727
4.727
4.727
4.727
4.727
4.727
4.727
4.727
4.727
4.727
4.632
4.632
4.632
4.632
4.632
4.632
4.632
4.632
4.632
4.632
4.632
4.632
4.632
4.632
4.632
4.632
4.632
4.632
4.632
4.632
4.632
4.632
4.632
4.632
4.632
4.632
4.632
4.632
4.632
4.632
4.319
4.319
4.319
4.319
4.319
4.319
4.319
4.319
4.319
4.319
4.319
4.319
4.319
4.319
4.319
4.319
4.319
4.319
4.319
4.319
4.319
4.319
4.319
4.319
4.319
4.319
4.319
4.319
4.319
4.319
4.178
4.178
4.178
4.178
4.178
4.178
4.178
4.178
4.178
4.178
4.178
4.178
4.178
4.178
4.178
4.178
4.178
4.178
4.178
4.178
4.178
4.178
4.178
4.178
4.178
4.178
4.178
4.178
4.178
4.178
