3.714
3.714
3.714
3.714
3.714
3.714
3.714
3.714
3.714
3.714
3.714
3.714
3.714
3.714
3.714
3.714
3.714
3.714
3.714
3.714
3.714
3.714
3.714
3.714
3.714
3.714
3.714
3.714
3.714
3.714
3.747
3.747
3.747
3.747
3.747
3.747
3.747
3.747
3.747
3.747
3.747
3.747
3.747
3.747
3.747
3.747
3.747
3.747
3.747
3.747
3.747
3.747
3.747
3.747
3.747
3.747
3.747
3.747
3.747
3.747
3.512
3.512
3.512
3.512
3.512
3.512
3.512
3.512
3.512
3.512
3.512
3.512
3.512
3.512
3.512
3.512
3.512
3.512
3.512
3.512
3.512
3.512
3.512
3.512
3.512
3.512
3.512
3.512
3.512
3.512
3.577
3.577
3.577
3.577
3.577
3.577
3.577
3.577
3.577
3.577
3.577
3.577
3.577
3.577
3.577
3.577
3.577
3.577
3.577
3.577
3.577
3.577
3.577
3.577
3.577
3.577
3.577
3.577
3.577
3.577
3.597
3.597
3.597
3.597
3.597
3.597
3.597
3.597
3.597
3.597
3.597
3.597
3.597
3.597
3.597
3.597
3.597
3.597
3.597
3.597
3.597
3.597
3.597
3.597
3.597
3.597
3.597
3.597
3.597
3.597
3.437
3.437
3.437
3.437
3.437
3.437
3.437
3.437
3.437
3.437
3.437
3.437
3.437
3.437
3.437
3.437
3.437
3.437
3.437
3.437
3.437
3.437
3.437
3.437
3.437
3.437
3.437
3.437
3.437
3.437
3.425
3.425
3.425
3.425
3.425
3.425
3.425
3.425
3.425
3.425
3.425
3.425
3.425
3.425
3.425
3.425
3.425
3.425
3.425
3.425
3.425
3.425
3.425
3.425
3.425
3.425
3.425
3.425
3.425
3.425
3.4
3.4
3.4
3.4
3.4
3.4
3.4
3.4
3.4
3.4
3.4
3.4
3.4
3.4
3.4
3.4
3.4
3.4
3.4
3.4
3.4
3.4
3.4
3.4
3.4
3.4
3.4
3.4
3.4
3.4
3.276
3.276
3.276
3.276
3.276
3.276
3.276
3.276
3.276
3.276
3.276
3.276
3.276
3.276
3.276
3.276
3.276
3.276
3.276
3.276
3.276
3.276
3.276
3.276
3.276
3.276
3.276
3.276
3.276
3.276
3.243
3.243
3.243
3.243
3.243
3.243
3.243
3.243
3.243
3.243
3.243
3.243
3.243
3.243
3.243
3.243
3.243
3.243
3.243
3.243
3.243
3.243
3.243
3.243
3.243
3.243
3.243
3.243
3.243
3.243
3.742
3.742
3.742
3.742
3.742
3.742
3.742
3.742
3.742
3.742
3.742
3.742
3.742
3.742
3.742
3.742
3.742
3.742
3.742
3.742
3.742
3.742
3.742
3.742
3.742
3.742
3.742
3.742
3.742
3.742
3.899
3.899
3.899
3.899
3.899
3.899
3.899
3.899
3.899
3.899
3.899
3.899
3.899
3.899
3.899
3.899
3.899
3.899
3.899
3.899
3.899
3.899
3.899
3.899
3.899
3.899
3.899
3.899
3.899
3.899
4.01
4.01
4.01
4.01
4.01
4.01
4.01
4.01
4.01
4.01
4.01
4.01
4.01
4.01
4.01
4.01
4.01
4.01
4.01
4.01
4.01
4.01
4.01
4.01
4.01
4.01
4.01
4.01
4.01
4.01
4.018
4.018
4.018
4.018
4.018
4.018
4.018
4.018
4.018
4.018
4.018
4.018
4.018
4.018
4.018
4.018
4.018
4.018
4.018
4.018
4.018
4.018
4.018
4.018
4.018
4.018
4.018
4.018
4.018
4.018
4.435
4.435
4.435
4.435
4.435
4.435
4.435
4.435
4.435
4.435
4.435
4.435
4.435
4.435
4.435
4.435
4.435
4.435
4.435
4.435
4.435
4.435
4.435
4.435
4.435
4.435
4.435
4.435
4.435
4.435
4.915
4.915
4.915
4.915
4.915
4.915
4.915
4.915
4.915
4.915
4.915
4.915
4.915
4.915
4.915
4.915
4.915
4.915
4.915
4.915
4.915
4.915
4.915
4.915
4.915
4.915
4.915
4.915
4.915
4.915
5.159
5.159
5.159
5.159
5.159
5.159
5.159
5.159
5.159
5.159
5.159
5.159
5.159
5.159
5.159
5.159
5.159
5.159
5.159
5.159
5.159
5.159
5.159
5.159
5.159
5.159
5.159
5.159
5.159
5.159
5.043
5.043
5.043
5.043
5.043
5.043
5.043
5.043
5.043
5.043
5.043
5.043
5.043
5.043
5.043
5.043
5.043
5.043
5.043
5.043
5.043
5.043
5.043
5.043
5.043
5.043
5.043
5.043
5.043
5.043
5.337
5.337
5.337
5.337
5.337
5.337
5.337
5.337
5.337
5.337
5.337
5.337
5.337
5.337
5.337
5.337
5.337
5.337
5.337
5.337
5.337
5.337
5.337
5.337
5.337
5.337
5.337
5.337
5.337
5.337
5.291
5.291
5.291
5.291
5.291
5.291
5.291
5.291
5.291
5.291
5.291
5.291
5.291
5.291
5.291
5.291
5.291
5.291
5.291
5.291
5.291
5.291
5.291
5.291
5.291
5.291
5.291
5.291
5.291
5.291
5.206
5.206
5.206
5.206
5.206
5.206
5.206
5.206
5.206
5.206
5.206
5.206
5.206
5.206
5.206
5.206
5.206
5.206
5.206
5.206
5.206
5.206
5.206
5.206
5.206
5.206
5.206
5.206
5.206
5.206
5.087
5.087
5.087
5.087
5.087
5.087
5.087
5.087
5.087
5.087
5.087
5.087
5.087
5.087
5.087
5.087
5.087
5.087
5.087
5.087
5.087
5.087
5.087
5.087
5.087
5.087
5.087
5.087
5.087
5.087
4.471
4.471
4.471
4.471
4.471
4.471
4.471
4.471
4.471
4.471
4.471
4.471
4.471
4.471
4.471
4.471
4.471
4.471
4.471
4.471
4.471
4.471
4.471
4.471
4.471
4.471
4.471
4.471
4.471
4.471
4.482
4.482
4.482
4.482
4.482
4.482
4.482
4.482
4.482
4.482
4.482
4.482
4.482
4.482
4.482
4.482
4.482
4.482
4.482
4.482
4.482
4.482
4.482
4.482
4.482
4.482
4.482
4.482
4.482
4.482
4.509
4.509
4.509
4.509
4.509
4.509
4.509
4.509
4.509
4.509
4.509
4.509
4.509
4.509
4.509
4.509
4.509
4.509
4.509
4.509
4.509
4.509
4.509
4.509
4.509
4.509
4.509
4.509
4.509
4.509
4.456
4.456
4.456
4.456
4.456
4.456
4.456
4.456
4.456
4.456
4.456
4.456
4.456
4.456
4.456
4.456
4.456
4.456
4.456
4.456
4.456
4.456
4.456
4.456
4.456
4.456
4.456
4.456
4.456
4.456
4.406
4.406
4.406
4.406
4.406
4.406
4.406
4.406
4.406
4.406
4.406
4.406
4.406
4.406
4.406
4.406
4.406
4.406
4.406
4.406
4.406
4.406
4.406
4.406
4.406
4.406
4.406
4.406
4.406
4.406
4.337
4.337
4.337
4.337
4.337
4.337
4.337
4.337
4.337
4.337
4.337
4.337
4.337
4.337
4.337
4.337
4.337
4.337
4.337
4.337
4.337
4.337
4.337
4.337
4.337
4.337
4.337
4.337
4.337
4.337
4.267
4.267
4.267
4.267
4.267
4.267
4.267
4.267
4.267
4.267
4.267
4.267
4.267
4.267
4.267
4.267
4.267
4.267
4.267
4.267
4.267
4.267
4.267
4.267
4.267
4.267
4.267
4.267
4.267
4.267
4.265
4.265
4.265
4.265
4.265
4.265
4.265
4.265
4.265
4.265
4.265
4.265
4.265
4.265
4.265
4.265
4.265
4.265
4.265
4.265
4.265
4.265
4.265
4.265
4.265
4.265
4.265
4.265
4.265
4.265
6.25
6.25
6.25
6.25
6.25
6.25
6.25
6.25
6.25
6.25
6.25
6.25
6.25
6.25
6.25
6.25
6.25
6.25
6.25
6.25
6.25
6.25
6.25
6.25
6.25
6.25
6.25
6.25
6.25
6.25
6.291
6.291
6.291
6.291
6.291
6.291
6.291
6.291
6.291
6.291
6.291
6.291
6.291
6.291
6.291
6.291
6.291
6.291
6.291
6.291
6.291
6.291
6.291
6.291
6.291
6.291
6.291
6.291
6.291
6.291
6.156
6.156
6.156
6.156
6.156
6.156
6.156
6.156
6.156
6.156
6.156
6.156
6.156
6.156
6.156
6.156
6.156
6.156
6.156
6.156
6.156
6.156
6.156
6.156
6.156
6.156
6.156
6.156
6.156
6.156
6.695
6.695
6.695
6.695
6.695
6.695
6.695
6.695
6.695
6.695
6.695
6.695
6.695
6.695
6.695
6.695
6.695
6.695
6.695
6.695
6.695
6.695
6.695
6.695
6.695
6.695
6.695
6.695
6.695
6.695
6.795
6.795
6.795
6.795
6.795
6.795
6.795
6.795
6.795
6.795
6.795
6.795
6.795
6.795
6.795
6.795
6.795
6.795
6.795
6.795
6.795
6.795
6.795
6.795
6.795
6.795
6.795
6.795
6.795
6.795
6.764
6.764
6.764
6.764
6.764
6.764
6.764
6.764
6.764
6.764
6.764
6.764
6.764
6.764
6.764
6.764
6.764
6.764
6.764
6.764
6.764
6.764
6.764
6.764
6.764
6.764
6.764
6.764
6.764
6.764
8.584
8.584
8.584
8.584
8.584
8.584
8.584
8.584
8.584
8.584
8.584
8.584
8.584
8.584
8.584
8.584
8.584
8.584
8.584
8.584
8.584
8.584
8.584
8.584
8.584
8.584
8.584
8.584
8.584
8.584
15.154
15.154
15.154
15.154
15.154
15.154
15.154
15.154
15.154
15.154
15.154
15.154
15.154
15.154
15.154
15.154
15.154
15.154
15.154
15.154
15.154
15.154
15.154
15.154
15.154
15.154
15.154
15.154
15.154
15.154
13.481
13.481
13.481
13.481
13.481
13.481
13.481
13.481
13.481
13.481
13.481
13.481
13.481
13.481
13.481
13.481
13.481
13.481
13.481
13.481
13.481
13.481
13.481
13.481
13.481
13.481
13.481
13.481
13.481
13.481
7.152
7.152
7.152
7.152
7.152
7.152
7.152
7.152
7.152
7.152
7.152
7.152
7.152
7.152
7.152
7.152
7.152
7.152
7.152
7.152
7.152
7.152
7.152
7.152
7.152
7.152
7.152
7.152
7.152
7.152
5.197
5.197
5.197
5.197
5.197
5.197
5.197
5.197
5.197
5.197
5.197
5.197
5.197
5.197
5.197
5.197
5.197
5.197
5.197
5.197
5.197
5.197
5.197
5.197
5.197
5.197
5.197
5.197
5.197
5.197
5.18
5.18
5.18
5.18
5.18
5.18
5.18
5.18
5.18
5.18
5.18
5.18
5.18
5.18
5.18
5.18
5.18
5.18
5.18
5.18
5.18
5.18
5.18
5.18
5.18
5.18
5.18
5.18
5.18
5.18
4.676
4.676
4.676
4.676
4.676
4.676
4.676
4.676
4.676
4.676
4.676
4.676
4.676
4.676
4.676
4.676
4.676
4.676
4.676
4.676
4.676
4.676
4.676
4.676
4.676
4.676
4.676
4.676
4.676
4.676
4.831
4.831
4.831
4.831
4.831
4.831
4.831
4.831
4.831
4.831
4.831
4.831
4.831
4.831
4.831
4.831
4.831
4.831
4.831
4.831
4.831
4.831
4.831
4.831
4.831
4.831
4.831
4.831
4.831
4.831
4.663
4.663
4.663
4.663
4.663
4.663
4.663
4.663
4.663
4.663
4.663
4.663
4.663
4.663
4.663
4.663
4.663
4.663
4.663
4.663
4.663
4.663
4.663
4.663
4.663
4.663
4.663
4.663
4.663
4.663
4.547
4.547
4.547
4.547
4.547
4.547
4.547
4.547
4.547
4.547
4.547
4.547
4.547
4.547
4.547
4.547
4.547
4.547
4.547
4.547
4.547
4.547
4.547
4.547
4.547
4.547
4.547
4.547
4.547
4.547
4.003
4.003
4.003
4.003
4.003
4.003
4.003
4.003
4.003
4.003
4.003
4.003
4.003
4.003
4.003
4.003
4.003
4.003
4.003
4.003
4.003
4.003
4.003
4.003
4.003
4.003
4.003
4.003
4.003
4.003
3.996
3.996
3.996
3.996
3.996
3.996
3.996
3.996
3.996
3.996
3.996
3.996
3.996
3.996
3.996
3.996
3.996
3.996
3.996
3.996
3.996
3.996
3.996
3.996
3.996
3.996
3.996
3.996
3.996
3.996
