4.179
4.179
4.179
4.179
4.179
4.179
4.179
4.179
4.179
4.179
4.179
4.179
4.179
4.179
4.179
4.179
4.179
4.179
4.179
4.179
4.179
4.179
4.179
4.179
4.179
4.179
4.179
4.179
4.179
4.179
3.803
3.803
3.803
3.803
3.803
3.803
3.803
3.803
3.803
3.803
3.803
3.803
3.803
3.803
3.803
3.803
3.803
3.803
3.803
3.803
3.803
3.803
3.803
3.803
3.803
3.803
3.803
3.803
3.803
3.803
3.334
3.334
3.334
3.334
3.334
3.334
3.334
3.334
3.334
3.334
3.334
3.334
3.334
3.334
3.334
3.334
3.334
3.334
3.334
3.334
3.334
3.334
3.334
3.334
3.334
3.334
3.334
3.334
3.334
3.334
3.388
3.388
3.388
3.388
3.388
3.388
3.388
3.388
3.388
3.388
3.388
3.388
3.388
3.388
3.388
3.388
3.388
3.388
3.388
3.388
3.388
3.388
3.388
3.388
3.388
3.388
3.388
3.388
3.388
3.388
3.405
3.405
3.405
3.405
3.405
3.405
3.405
3.405
3.405
3.405
3.405
3.405
3.405
3.405
3.405
3.405
3.405
3.405
3.405
3.405
3.405
3.405
3.405
3.405
3.405
3.405
3.405
3.405
3.405
3.405
3.289
3.289
3.289
3.289
3.289
3.289
3.289
3.289
3.289
3.289
3.289
3.289
3.289
3.289
3.289
3.289
3.289
3.289
3.289
3.289
3.289
3.289
3.289
3.289
3.289
3.289
3.289
3.289
3.289
3.289
3.386
3.386
3.386
3.386
3.386
3.386
3.386
3.386
3.386
3.386
3.386
3.386
3.386
3.386
3.386
3.386
3.386
3.386
3.386
3.386
3.386
3.386
3.386
3.386
3.386
3.386
3.386
3.386
3.386
3.386
3.383
3.383
3.383
3.383
3.383
3.383
3.383
3.383
3.383
3.383
3.383
3.383
3.383
3.383
3.383
3.383
3.383
3.383
3.383
3.383
3.383
3.383
3.383
3.383
3.383
3.383
3.383
3.383
3.383
3.383
3.39
3.39
3.39
3.39
3.39
3.39
3.39
3.39
3.39
3.39
3.39
3.39
3.39
3.39
3.39
3.39
3.39
3.39
3.39
3.39
3.39
3.39
3.39
3.39
3.39
3.39
3.39
3.39
3.39
3.39
3.308
3.308
3.308
3.308
3.308
3.308
3.308
3.308
3.308
3.308
3.308
3.308
3.308
3.308
3.308
3.308
3.308
3.308
3.308
3.308
3.308
3.308
3.308
3.308
3.308
3.308
3.308
3.308
3.308
3.308
4.321
4.321
4.321
4.321
4.321
4.321
4.321
4.321
4.321
4.321
4.321
4.321
4.321
4.321
4.321
4.321
4.321
4.321
4.321
4.321
4.321
4.321
4.321
4.321
4.321
4.321
4.321
4.321
4.321
4.321
4.509
4.509
4.509
4.509
4.509
4.509
4.509
4.509
4.509
4.509
4.509
4.509
4.509
4.509
4.509
4.509
4.509
4.509
4.509
4.509
4.509
4.509
4.509
4.509
4.509
4.509
4.509
4.509
4.509
4.509
5.041
5.041
5.041
5.041
5.041
5.041
5.041
5.041
5.041
5.041
5.041
5.041
5.041
5.041
5.041
5.041
5.041
5.041
5.041
5.041
5.041
5.041
5.041
5.041
5.041
5.041
5.041
5.041
5.041
5.041
4.901
4.901
4.901
4.901
4.901
4.901
4.901
4.901
4.901
4.901
4.901
4.901
4.901
4.901
4.901
4.901
4.901
4.901
4.901
4.901
4.901
4.901
4.901
4.901
4.901
4.901
4.901
4.901
4.901
4.901
4.996
4.996
4.996
4.996
4.996
4.996
4.996
4.996
4.996
4.996
4.996
4.996
4.996
4.996
4.996
4.996
4.996
4.996
4.996
4.996
4.996
4.996
4.996
4.996
4.996
4.996
4.996
4.996
4.996
4.996
5.014
5.014
5.014
5.014
5.014
5.014
5.014
5.014
5.014
5.014
5.014
5.014
5.014
5.014
5.014
5.014
5.014
5.014
5.014
5.014
5.014
5.014
5.014
5.014
5.014
5.014
5.014
5.014
5.014
5.014
4.476
4.476
4.476
4.476
4.476
4.476
4.476
4.476
4.476
4.476
4.476
4.476
4.476
4.476
4.476
4.476
4.476
4.476
4.476
4.476
4.476
4.476
4.476
4.476
4.476
4.476
4.476
4.476
4.476
4.476
5.434
5.434
5.434
5.434
5.434
5.434
5.434
5.434
5.434
5.434
5.434
5.434
5.434
5.434
5.434
5.434
5.434
5.434
5.434
5.434
5.434
5.434
5.434
5.434
5.434
5.434
5.434
5.434
5.434
5.434
6.2
6.2
6.2
6.2
6.2
6.2
6.2
6.2
6.2
6.2
6.2
6.2
6.2
6.2
6.2
6.2
6.2
6.2
6.2
6.2
6.2
6.2
6.2
6.2
6.2
6.2
6.2
6.2
6.2
6.2
6.508
6.508
6.508
6.508
6.508
6.508
6.508
6.508
6.508
6.508
6.508
6.508
6.508
6.508
6.508
6.508
6.508
6.508
6.508
6.508
6.508
6.508
6.508
6.508
6.508
6.508
6.508
6.508
6.508
6.508
6.53
6.53
6.53
6.53
6.53
6.53
6.53
6.53
6.53
6.53
6.53
6.53
6.53
6.53
6.53
6.53
6.53
6.53
6.53
6.53
6.53
6.53
6.53
6.53
6.53
6.53
6.53
6.53
6.53
6.53
6.863
6.863
6.863
6.863
6.863
6.863
6.863
6.863
6.863
6.863
6.863
6.863
6.863
6.863
6.863
6.863
6.863
6.863
6.863
6.863
6.863
6.863
6.863
6.863
6.863
6.863
6.863
6.863
6.863
6.863
6.468
6.468
6.468
6.468
6.468
6.468
6.468
6.468
6.468
6.468
6.468
6.468
6.468
6.468
6.468
6.468
6.468
6.468
6.468
6.468
6.468
6.468
6.468
6.468
6.468
6.468
6.468
6.468
6.468
6.468
6.312
6.312
6.312
6.312
6.312
6.312
6.312
6.312
6.312
6.312
6.312
6.312
6.312
6.312
6.312
6.312
6.312
6.312
6.312
6.312
6.312
6.312
6.312
6.312
6.312
6.312
6.312
6.312
6.312
6.312
6.217
6.217
6.217
6.217
6.217
6.217
6.217
6.217
6.217
6.217
6.217
6.217
6.217
6.217
6.217
6.217
6.217
6.217
6.217
6.217
6.217
6.217
6.217
6.217
6.217
6.217
6.217
6.217
6.217
6.217
5.929
5.929
5.929
5.929
5.929
5.929
5.929
5.929
5.929
5.929
5.929
5.929
5.929
5.929
5.929
5.929
5.929
5.929
5.929
5.929
5.929
5.929
5.929
5.929
5.929
5.929
5.929
5.929
5.929
5.929
5.159
5.159
5.159
5.159
5.159
5.159
5.159
5.159
5.159
5.159
5.159
5.159
5.159
5.159
5.159
5.159
5.159
5.159
5.159
5.159
5.159
5.159
5.159
5.159
5.159
5.159
5.159
5.159
5.159
5.159
5.138
5.138
5.138
5.138
5.138
5.138
5.138
5.138
5.138
5.138
5.138
5.138
5.138
5.138
5.138
5.138
5.138
5.138
5.138
5.138
5.138
5.138
5.138
5.138
5.138
5.138
5.138
5.138
5.138
5.138
5.035
5.035
5.035
5.035
5.035
5.035
5.035
5.035
5.035
5.035
5.035
5.035
5.035
5.035
5.035
5.035
5.035
5.035
5.035
5.035
5.035
5.035
5.035
5.035
5.035
5.035
5.035
5.035
5.035
5.035
4.822
4.822
4.822
4.822
4.822
4.822
4.822
4.822
4.822
4.822
4.822
4.822
4.822
4.822
4.822
4.822
4.822
4.822
4.822
4.822
4.822
4.822
4.822
4.822
4.822
4.822
4.822
4.822
4.822
4.822
4.803
4.803
4.803
4.803
4.803
4.803
4.803
4.803
4.803
4.803
4.803
4.803
4.803
4.803
4.803
4.803
4.803
4.803
4.803
4.803
4.803
4.803
4.803
4.803
4.803
4.803
4.803
4.803
4.803
4.803
4.791
4.791
4.791
4.791
4.791
4.791
4.791
4.791
4.791
4.791
4.791
4.791
4.791
4.791
4.791
4.791
4.791
4.791
4.791
4.791
4.791
4.791
4.791
4.791
4.791
4.791
4.791
4.791
4.791
4.791
4.834
4.834
4.834
4.834
4.834
4.834
4.834
4.834
4.834
4.834
4.834
4.834
4.834
4.834
4.834
4.834
4.834
4.834
4.834
4.834
4.834
4.834
4.834
4.834
4.834
4.834
4.834
4.834
4.834
4.834
4.945
4.945
4.945
4.945
4.945
4.945
4.945
4.945
4.945
4.945
4.945
4.945
4.945
4.945
4.945
4.945
4.945
4.945
4.945
4.945
4.945
4.945
4.945
4.945
4.945
4.945
4.945
4.945
4.945
4.945
4.85
4.85
4.85
4.85
4.85
4.85
4.85
4.85
4.85
4.85
4.85
4.85
4.85
4.85
4.85
4.85
4.85
4.85
4.85
4.85
4.85
4.85
4.85
4.85
4.85
4.85
4.85
4.85
4.85
4.85
4.802
4.802
4.802
4.802
4.802
4.802
4.802
4.802
4.802
4.802
4.802
4.802
4.802
4.802
4.802
4.802
4.802
4.802
4.802
4.802
4.802
4.802
4.802
4.802
4.802
4.802
4.802
4.802
4.802
4.802
4.788
4.788
4.788
4.788
4.788
4.788
4.788
4.788
4.788
4.788
4.788
4.788
4.788
4.788
4.788
4.788
4.788
4.788
4.788
4.788
4.788
4.788
4.788
4.788
4.788
4.788
4.788
4.788
4.788
4.788
4.768
4.768
4.768
4.768
4.768
4.768
4.768
4.768
4.768
4.768
4.768
4.768
4.768
4.768
4.768
4.768
4.768
4.768
4.768
4.768
4.768
4.768
4.768
4.768
4.768
4.768
4.768
4.768
4.768
4.768
4.936
4.936
4.936
4.936
4.936
4.936
4.936
4.936
4.936
4.936
4.936
4.936
4.936
4.936
4.936
4.936
4.936
4.936
4.936
4.936
4.936
4.936
4.936
4.936
4.936
4.936
4.936
4.936
4.936
4.936
4.966
4.966
4.966
4.966
4.966
4.966
4.966
4.966
4.966
4.966
4.966
4.966
4.966
4.966
4.966
4.966
4.966
4.966
4.966
4.966
4.966
4.966
4.966
4.966
4.966
4.966
4.966
4.966
4.966
4.966
5.077
5.077
5.077
5.077
5.077
5.077
5.077
5.077
5.077
5.077
5.077
5.077
5.077
5.077
5.077
5.077
5.077
5.077
5.077
5.077
5.077
5.077
5.077
5.077
5.077
5.077
5.077
5.077
5.077
5.077
5.014
5.014
5.014
5.014
5.014
5.014
5.014
5.014
5.014
5.014
5.014
5.014
5.014
5.014
5.014
5.014
5.014
5.014
5.014
5.014
5.014
5.014
5.014
5.014
5.014
5.014
5.014
5.014
5.014
5.014
4.933
4.933
4.933
4.933
4.933
4.933
4.933
4.933
4.933
4.933
4.933
4.933
4.933
4.933
4.933
4.933
4.933
4.933
4.933
4.933
4.933
4.933
4.933
4.933
4.933
4.933
4.933
4.933
4.933
4.933
4.846
4.846
4.846
4.846
4.846
4.846
4.846
4.846
4.846
4.846
4.846
4.846
4.846
4.846
4.846
4.846
4.846
4.846
4.846
4.846
4.846
4.846
4.846
4.846
4.846
4.846
4.846
4.846
4.846
4.846
4.687
4.687
4.687
4.687
4.687
4.687
4.687
4.687
4.687
4.687
4.687
4.687
4.687
4.687
4.687
4.687
4.687
4.687
4.687
4.687
4.687
4.687
4.687
4.687
4.687
4.687
4.687
4.687
4.687
4.687
4.566
4.566
4.566
4.566
4.566
4.566
4.566
4.566
4.566
4.566
4.566
4.566
4.566
4.566
4.566
4.566
4.566
4.566
4.566
4.566
4.566
4.566
4.566
4.566
4.566
4.566
4.566
4.566
4.566
4.566
4.805
4.805
4.805
4.805
4.805
4.805
4.805
4.805
4.805
4.805
4.805
4.805
4.805
4.805
4.805
4.805
4.805
4.805
4.805
4.805
4.805
4.805
4.805
4.805
4.805
4.805
4.805
4.805
4.805
4.805
4.371
4.371
4.371
4.371
4.371
4.371
4.371
4.371
4.371
4.371
4.371
4.371
4.371
4.371
4.371
4.371
4.371
4.371
4.371
4.371
4.371
4.371
4.371
4.371
4.371
4.371
4.371
4.371
4.371
4.371
