3.361
3.361
3.361
3.361
3.361
3.361
3.361
3.361
3.361
3.361
3.361
3.361
3.361
3.361
3.361
3.361
3.361
3.361
3.361
3.361
3.361
3.361
3.361
3.361
3.361
3.361
3.361
3.361
3.361
3.361
3.289
3.289
3.289
3.289
3.289
3.289
3.289
3.289
3.289
3.289
3.289
3.289
3.289
3.289
3.289
3.289
3.289
3.289
3.289
3.289
3.289
3.289
3.289
3.289
3.289
3.289
3.289
3.289
3.289
3.289
3.129
3.129
3.129
3.129
3.129
3.129
3.129
3.129
3.129
3.129
3.129
3.129
3.129
3.129
3.129
3.129
3.129
3.129
3.129
3.129
3.129
3.129
3.129
3.129
3.129
3.129
3.129
3.129
3.129
3.129
3.152
3.152
3.152
3.152
3.152
3.152
3.152
3.152
3.152
3.152
3.152
3.152
3.152
3.152
3.152
3.152
3.152
3.152
3.152
3.152
3.152
3.152
3.152
3.152
3.152
3.152
3.152
3.152
3.152
3.152
3.145
3.145
3.145
3.145
3.145
3.145
3.145
3.145
3.145
3.145
3.145
3.145
3.145
3.145
3.145
3.145
3.145
3.145
3.145
3.145
3.145
3.145
3.145
3.145
3.145
3.145
3.145
3.145
3.145
3.145
3.131
3.131
3.131
3.131
3.131
3.131
3.131
3.131
3.131
3.131
3.131
3.131
3.131
3.131
3.131
3.131
3.131
3.131
3.131
3.131
3.131
3.131
3.131
3.131
3.131
3.131
3.131
3.131
3.131
3.131
2.974
2.974
2.974
2.974
2.974
2.974
2.974
2.974
2.974
2.974
2.974
2.974
2.974
2.974
2.974
2.974
2.974
2.974
2.974
2.974
2.974
2.974
2.974
2.974
2.974
2.974
2.974
2.974
2.974
2.974
2.93
2.93
2.93
2.93
2.93
2.93
2.93
2.93
2.93
2.93
2.93
2.93
2.93
2.93
2.93
2.93
2.93
2.93
2.93
2.93
2.93
2.93
2.93
2.93
2.93
2.93
2.93
2.93
2.93
2.93
2.894
2.894
2.894
2.894
2.894
2.894
2.894
2.894
2.894
2.894
2.894
2.894
2.894
2.894
2.894
2.894
2.894
2.894
2.894
2.894
2.894
2.894
2.894
2.894
2.894
2.894
2.894
2.894
2.894
2.894
2.725
2.725
2.725
2.725
2.725
2.725
2.725
2.725
2.725
2.725
2.725
2.725
2.725
2.725
2.725
2.725
2.725
2.725
2.725
2.725
2.725
2.725
2.725
2.725
2.725
2.725
2.725
2.725
2.725
2.725
2.838
2.838
2.838
2.838
2.838
2.838
2.838
2.838
2.838
2.838
2.838
2.838
2.838
2.838
2.838
2.838
2.838
2.838
2.838
2.838
2.838
2.838
2.838
2.838
2.838
2.838
2.838
2.838
2.838
2.838
2.793
2.793
2.793
2.793
2.793
2.793
2.793
2.793
2.793
2.793
2.793
2.793
2.793
2.793
2.793
2.793
2.793
2.793
2.793
2.793
2.793
2.793
2.793
2.793
2.793
2.793
2.793
2.793
2.793
2.793
3.244
3.244
3.244
3.244
3.244
3.244
3.244
3.244
3.244
3.244
3.244
3.244
3.244
3.244
3.244
3.244
3.244
3.244
3.244
3.244
3.244
3.244
3.244
3.244
3.244
3.244
3.244
3.244
3.244
3.244
3.564
3.564
3.564
3.564
3.564
3.564
3.564
3.564
3.564
3.564
3.564
3.564
3.564
3.564
3.564
3.564
3.564
3.564
3.564
3.564
3.564
3.564
3.564
3.564
3.564
3.564
3.564
3.564
3.564
3.564
4.14
4.14
4.14
4.14
4.14
4.14
4.14
4.14
4.14
4.14
4.14
4.14
4.14
4.14
4.14
4.14
4.14
4.14
4.14
4.14
4.14
4.14
4.14
4.14
4.14
4.14
4.14
4.14
4.14
4.14
5.132
5.132
5.132
5.132
5.132
5.132
5.132
5.132
5.132
5.132
5.132
5.132
5.132
5.132
5.132
5.132
5.132
5.132
5.132
5.132
5.132
5.132
5.132
5.132
5.132
5.132
5.132
5.132
5.132
5.132
5.74
5.74
5.74
5.74
5.74
5.74
5.74
5.74
5.74
5.74
5.74
5.74
5.74
5.74
5.74
5.74
5.74
5.74
5.74
5.74
5.74
5.74
5.74
5.74
5.74
5.74
5.74
5.74
5.74
5.74
5.741
5.741
5.741
5.741
5.741
5.741
5.741
5.741
5.741
5.741
5.741
5.741
5.741
5.741
5.741
5.741
5.741
5.741
5.741
5.741
5.741
5.741
5.741
5.741
5.741
5.741
5.741
5.741
5.741
5.741
5.62
5.62
5.62
5.62
5.62
5.62
5.62
5.62
5.62
5.62
5.62
5.62
5.62
5.62
5.62
5.62
5.62
5.62
5.62
5.62
5.62
5.62
5.62
5.62
5.62
5.62
5.62
5.62
5.62
5.62
5.525
5.525
5.525
5.525
5.525
5.525
5.525
5.525
5.525
5.525
5.525
5.525
5.525
5.525
5.525
5.525
5.525
5.525
5.525
5.525
5.525
5.525
5.525
5.525
5.525
5.525
5.525
5.525
5.525
5.525
5.484
5.484
5.484
5.484
5.484
5.484
5.484
5.484
5.484
5.484
5.484
5.484
5.484
5.484
5.484
5.484
5.484
5.484
5.484
5.484
5.484
5.484
5.484
5.484
5.484
5.484
5.484
5.484
5.484
5.484
5.471
5.471
5.471
5.471
5.471
5.471
5.471
5.471
5.471
5.471
5.471
5.471
5.471
5.471
5.471
5.471
5.471
5.471
5.471
5.471
5.471
5.471
5.471
5.471
5.471
5.471
5.471
5.471
5.471
5.471
5.022
5.022
5.022
5.022
5.022
5.022
5.022
5.022
5.022
5.022
5.022
5.022
5.022
5.022
5.022
5.022
5.022
5.022
5.022
5.022
5.022
5.022
5.022
5.022
5.022
5.022
5.022
5.022
5.022
5.022
5.069
5.069
5.069
5.069
5.069
5.069
5.069
5.069
5.069
5.069
5.069
5.069
5.069
5.069
5.069
5.069
5.069
5.069
5.069
5.069
5.069
5.069
5.069
5.069
5.069
5.069
5.069
5.069
5.069
5.069
5.064
5.064
5.064
5.064
5.064
5.064
5.064
5.064
5.064
5.064
5.064
5.064
5.064
5.064
5.064
5.064
5.064
5.064
5.064
5.064
5.064
5.064
5.064
5.064
5.064
5.064
5.064
5.064
5.064
5.064
5.084
5.084
5.084
5.084
5.084
5.084
5.084
5.084
5.084
5.084
5.084
5.084
5.084
5.084
5.084
5.084
5.084
5.084
5.084
5.084
5.084
5.084
5.084
5.084
5.084
5.084
5.084
5.084
5.084
5.084
4.734
4.734
4.734
4.734
4.734
4.734
4.734
4.734
4.734
4.734
4.734
4.734
4.734
4.734
4.734
4.734
4.734
4.734
4.734
4.734
4.734
4.734
4.734
4.734
4.734
4.734
4.734
4.734
4.734
4.734
4.43
4.43
4.43
4.43
4.43
4.43
4.43
4.43
4.43
4.43
4.43
4.43
4.43
4.43
4.43
4.43
4.43
4.43
4.43
4.43
4.43
4.43
4.43
4.43
4.43
4.43
4.43
4.43
4.43
4.43
4.479
4.479
4.479
4.479
4.479
4.479
4.479
4.479
4.479
4.479
4.479
4.479
4.479
4.479
4.479
4.479
4.479
4.479
4.479
4.479
4.479
4.479
4.479
4.479
4.479
4.479
4.479
4.479
4.479
4.479
4.406
4.406
4.406
4.406
4.406
4.406
4.406
4.406
4.406
4.406
4.406
4.406
4.406
4.406
4.406
4.406
4.406
4.406
4.406
4.406
4.406
4.406
4.406
4.406
4.406
4.406
4.406
4.406
4.406
4.406
4.132
4.132
4.132
4.132
4.132
4.132
4.132
4.132
4.132
4.132
4.132
4.132
4.132
4.132
4.132
4.132
4.132
4.132
4.132
4.132
4.132
4.132
4.132
4.132
4.132
4.132
4.132
4.132
4.132
4.132
4.14
4.14
4.14
4.14
4.14
4.14
4.14
4.14
4.14
4.14
4.14
4.14
4.14
4.14
4.14
4.14
4.14
4.14
4.14
4.14
4.14
4.14
4.14
4.14
4.14
4.14
4.14
4.14
4.14
4.14
4.394
4.394
4.394
4.394
4.394
4.394
4.394
4.394
4.394
4.394
4.394
4.394
4.394
4.394
4.394
4.394
4.394
4.394
4.394
4.394
4.394
4.394
4.394
4.394
4.394
4.394
4.394
4.394
4.394
4.394
4.687
4.687
4.687
4.687
4.687
4.687
4.687
4.687
4.687
4.687
4.687
4.687
4.687
4.687
4.687
4.687
4.687
4.687
4.687
4.687
4.687
4.687
4.687
4.687
4.687
4.687
4.687
4.687
4.687
4.687
5.014
5.014
5.014
5.014
5.014
5.014
5.014
5.014
5.014
5.014
5.014
5.014
5.014
5.014
5.014
5.014
5.014
5.014
5.014
5.014
5.014
5.014
5.014
5.014
5.014
5.014
5.014
5.014
5.014
5.014
4.859
4.859
4.859
4.859
4.859
4.859
4.859
4.859
4.859
4.859
4.859
4.859
4.859
4.859
4.859
4.859
4.859
4.859
4.859
4.859
4.859
4.859
4.859
4.859
4.859
4.859
4.859
4.859
4.859
4.859
4.774
4.774
4.774
4.774
4.774
4.774
4.774
4.774
4.774
4.774
4.774
4.774
4.774
4.774
4.774
4.774
4.774
4.774
4.774
4.774
4.774
4.774
4.774
4.774
4.774
4.774
4.774
4.774
4.774
4.774
4.619
4.619
4.619
4.619
4.619
4.619
4.619
4.619
4.619
4.619
4.619
4.619
4.619
4.619
4.619
4.619
4.619
4.619
4.619
4.619
4.619
4.619
4.619
4.619
4.619
4.619
4.619
4.619
4.619
4.619
4.253
4.253
4.253
4.253
4.253
4.253
4.253
4.253
4.253
4.253
4.253
4.253
4.253
4.253
4.253
4.253
4.253
4.253
4.253
4.253
4.253
4.253
4.253
4.253
4.253
4.253
4.253
4.253
4.253
4.253
4.281
4.281
4.281
4.281
4.281
4.281
4.281
4.281
4.281
4.281
4.281
4.281
4.281
4.281
4.281
4.281
4.281
4.281
4.281
4.281
4.281
4.281
4.281
4.281
4.281
4.281
4.281
4.281
4.281
4.281
4.138
4.138
4.138
4.138
4.138
4.138
4.138
4.138
4.138
4.138
4.138
4.138
4.138
4.138
4.138
4.138
4.138
4.138
4.138
4.138
4.138
4.138
4.138
4.138
4.138
4.138
4.138
4.138
4.138
4.138
4.162
4.162
4.162
4.162
4.162
4.162
4.162
4.162
4.162
4.162
4.162
4.162
4.162
4.162
4.162
4.162
4.162
4.162
4.162
4.162
4.162
4.162
4.162
4.162
4.162
4.162
4.162
4.162
4.162
4.162
4.022
4.022
4.022
4.022
4.022
4.022
4.022
4.022
4.022
4.022
4.022
4.022
4.022
4.022
4.022
4.022
4.022
4.022
4.022
4.022
4.022
4.022
4.022
4.022
4.022
4.022
4.022
4.022
4.022
4.022
3.925
3.925
3.925
3.925
3.925
3.925
3.925
3.925
3.925
3.925
3.925
3.925
3.925
3.925
3.925
3.925
3.925
3.925
3.925
3.925
3.925
3.925
3.925
3.925
3.925
3.925
3.925
3.925
3.925
3.925
3.858
3.858
3.858
3.858
3.858
3.858
3.858
3.858
3.858
3.858
3.858
3.858
3.858
3.858
3.858
3.858
3.858
3.858
3.858
3.858
3.858
3.858
3.858
3.858
3.858
3.858
3.858
3.858
3.858
3.858
3.702
3.702
3.702
3.702
3.702
3.702
3.702
3.702
3.702
3.702
3.702
3.702
3.702
3.702
3.702
3.702
3.702
3.702
3.702
3.702
3.702
3.702
3.702
3.702
3.702
3.702
3.702
3.702
3.702
3.702
3.583
3.583
3.583
3.583
3.583
3.583
3.583
3.583
3.583
3.583
3.583
3.583
3.583
3.583
3.583
3.583
3.583
3.583
3.583
3.583
3.583
3.583
3.583
3.583
3.583
3.583
3.583
3.583
3.583
3.583
3.408
3.408
3.408
3.408
3.408
3.408
3.408
3.408
3.408
3.408
3.408
3.408
3.408
3.408
3.408
3.408
3.408
3.408
3.408
3.408
3.408
3.408
3.408
3.408
3.408
3.408
3.408
3.408
3.408
3.408
