5.965
5.965
5.965
5.965
5.965
5.965
5.965
5.965
5.965
5.965
5.965
5.965
5.965
5.965
5.965
5.965
5.965
5.965
5.965
5.965
5.965
5.965
5.965
5.965
5.965
5.965
5.965
5.965
5.965
5.965
4.807
4.807
4.807
4.807
4.807
4.807
4.807
4.807
4.807
4.807
4.807
4.807
4.807
4.807
4.807
4.807
4.807
4.807
4.807
4.807
4.807
4.807
4.807
4.807
4.807
4.807
4.807
4.807
4.807
4.807
4.061
4.061
4.061
4.061
4.061
4.061
4.061
4.061
4.061
4.061
4.061
4.061
4.061
4.061
4.061
4.061
4.061
4.061
4.061
4.061
4.061
4.061
4.061
4.061
4.061
4.061
4.061
4.061
4.061
4.061
3.81
3.81
3.81
3.81
3.81
3.81
3.81
3.81
3.81
3.81
3.81
3.81
3.81
3.81
3.81
3.81
3.81
3.81
3.81
3.81
3.81
3.81
3.81
3.81
3.81
3.81
3.81
3.81
3.81
3.81
3.741
3.741
3.741
3.741
3.741
3.741
3.741
3.741
3.741
3.741
3.741
3.741
3.741
3.741
3.741
3.741
3.741
3.741
3.741
3.741
3.741
3.741
3.741
3.741
3.741
3.741
3.741
3.741
3.741
3.741
3.51
3.51
3.51
3.51
3.51
3.51
3.51
3.51
3.51
3.51
3.51
3.51
3.51
3.51
3.51
3.51
3.51
3.51
3.51
3.51
3.51
3.51
3.51
3.51
3.51
3.51
3.51
3.51
3.51
3.51
3.611
3.611
3.611
3.611
3.611
3.611
3.611
3.611
3.611
3.611
3.611
3.611
3.611
3.611
3.611
3.611
3.611
3.611
3.611
3.611
3.611
3.611
3.611
3.611
3.611
3.611
3.611
3.611
3.611
3.611
3.582
3.582
3.582
3.582
3.582
3.582
3.582
3.582
3.582
3.582
3.582
3.582
3.582
3.582
3.582
3.582
3.582
3.582
3.582
3.582
3.582
3.582
3.582
3.582
3.582
3.582
3.582
3.582
3.582
3.582
3.665
3.665
3.665
3.665
3.665
3.665
3.665
3.665
3.665
3.665
3.665
3.665
3.665
3.665
3.665
3.665
3.665
3.665
3.665
3.665
3.665
3.665
3.665
3.665
3.665
3.665
3.665
3.665
3.665
3.665
3.673
3.673
3.673
3.673
3.673
3.673
3.673
3.673
3.673
3.673
3.673
3.673
3.673
3.673
3.673
3.673
3.673
3.673
3.673
3.673
3.673
3.673
3.673
3.673
3.673
3.673
3.673
3.673
3.673
3.673
4.46
4.46
4.46
4.46
4.46
4.46
4.46
4.46
4.46
4.46
4.46
4.46
4.46
4.46
4.46
4.46
4.46
4.46
4.46
4.46
4.46
4.46
4.46
4.46
4.46
4.46
4.46
4.46
4.46
4.46
4.603
4.603
4.603
4.603
4.603
4.603
4.603
4.603
4.603
4.603
4.603
4.603
4.603
4.603
4.603
4.603
4.603
4.603
4.603
4.603
4.603
4.603
4.603
4.603
4.603
4.603
4.603
4.603
4.603
4.603
5.131
5.131
5.131
5.131
5.131
5.131
5.131
5.131
5.131
5.131
5.131
5.131
5.131
5.131
5.131
5.131
5.131
5.131
5.131
5.131
5.131
5.131
5.131
5.131
5.131
5.131
5.131
5.131
5.131
5.131
5.251
5.251
5.251
5.251
5.251
5.251
5.251
5.251
5.251
5.251
5.251
5.251
5.251
5.251
5.251
5.251
5.251
5.251
5.251
5.251
5.251
5.251
5.251
5.251
5.251
5.251
5.251
5.251
5.251
5.251
5.401
5.401
5.401
5.401
5.401
5.401
5.401
5.401
5.401
5.401
5.401
5.401
5.401
5.401
5.401
5.401
5.401
5.401
5.401
5.401
5.401
5.401
5.401
5.401
5.401
5.401
5.401
5.401
5.401
5.401
4.973
4.973
4.973
4.973
4.973
4.973
4.973
4.973
4.973
4.973
4.973
4.973
4.973
4.973
4.973
4.973
4.973
4.973
4.973
4.973
4.973
4.973
4.973
4.973
4.973
4.973
4.973
4.973
4.973
4.973
5.087
5.087
5.087
5.087
5.087
5.087
5.087
5.087
5.087
5.087
5.087
5.087
5.087
5.087
5.087
5.087
5.087
5.087
5.087
5.087
5.087
5.087
5.087
5.087
5.087
5.087
5.087
5.087
5.087
5.087
5.497
5.497
5.497
5.497
5.497
5.497
5.497
5.497
5.497
5.497
5.497
5.497
5.497
5.497
5.497
5.497
5.497
5.497
5.497
5.497
5.497
5.497
5.497
5.497
5.497
5.497
5.497
5.497
5.497
5.497
6.229
6.229
6.229
6.229
6.229
6.229
6.229
6.229
6.229
6.229
6.229
6.229
6.229
6.229
6.229
6.229
6.229
6.229
6.229
6.229
6.229
6.229
6.229
6.229
6.229
6.229
6.229
6.229
6.229
6.229
6.378
6.378
6.378
6.378
6.378
6.378
6.378
6.378
6.378
6.378
6.378
6.378
6.378
6.378
6.378
6.378
6.378
6.378
6.378
6.378
6.378
6.378
6.378
6.378
6.378
6.378
6.378
6.378
6.378
6.378
6.42
6.42
6.42
6.42
6.42
6.42
6.42
6.42
6.42
6.42
6.42
6.42
6.42
6.42
6.42
6.42
6.42
6.42
6.42
6.42
6.42
6.42
6.42
6.42
6.42
6.42
6.42
6.42
6.42
6.42
6.739
6.739
6.739
6.739
6.739
6.739
6.739
6.739
6.739
6.739
6.739
6.739
6.739
6.739
6.739
6.739
6.739
6.739
6.739
6.739
6.739
6.739
6.739
6.739
6.739
6.739
6.739
6.739
6.739
6.739
5.873
5.873
5.873
5.873
5.873
5.873
5.873
5.873
5.873
5.873
5.873
5.873
5.873
5.873
5.873
5.873
5.873
5.873
5.873
5.873
5.873
5.873
5.873
5.873
5.873
5.873
5.873
5.873
5.873
5.873
5.698
5.698
5.698
5.698
5.698
5.698
5.698
5.698
5.698
5.698
5.698
5.698
5.698
5.698
5.698
5.698
5.698
5.698
5.698
5.698
5.698
5.698
5.698
5.698
5.698
5.698
5.698
5.698
5.698
5.698
5.589
5.589
5.589
5.589
5.589
5.589
5.589
5.589
5.589
5.589
5.589
5.589
5.589
5.589
5.589
5.589
5.589
5.589
5.589
5.589
5.589
5.589
5.589
5.589
5.589
5.589
5.589
5.589
5.589
5.589
5.449
5.449
5.449
5.449
5.449
5.449
5.449
5.449
5.449
5.449
5.449
5.449
5.449
5.449
5.449
5.449
5.449
5.449
5.449
5.449
5.449
5.449
5.449
5.449
5.449
5.449
5.449
5.449
5.449
5.449
5.118
5.118
5.118
5.118
5.118
5.118
5.118
5.118
5.118
5.118
5.118
5.118
5.118
5.118
5.118
5.118
5.118
5.118
5.118
5.118
5.118
5.118
5.118
5.118
5.118
5.118
5.118
5.118
5.118
5.118
5.046
5.046
5.046
5.046
5.046
5.046
5.046
5.046
5.046
5.046
5.046
5.046
5.046
5.046
5.046
5.046
5.046
5.046
5.046
5.046
5.046
5.046
5.046
5.046
5.046
5.046
5.046
5.046
5.046
5.046
4.89
4.89
4.89
4.89
4.89
4.89
4.89
4.89
4.89
4.89
4.89
4.89
4.89
4.89
4.89
4.89
4.89
4.89
4.89
4.89
4.89
4.89
4.89
4.89
4.89
4.89
4.89
4.89
4.89
4.89
4.793
4.793
4.793
4.793
4.793
4.793
4.793
4.793
4.793
4.793
4.793
4.793
4.793
4.793
4.793
4.793
4.793
4.793
4.793
4.793
4.793
4.793
4.793
4.793
4.793
4.793
4.793
4.793
4.793
4.793
4.862
4.862
4.862
4.862
4.862
4.862
4.862
4.862
4.862
4.862
4.862
4.862
4.862
4.862
4.862
4.862
4.862
4.862
4.862
4.862
4.862
4.862
4.862
4.862
4.862
4.862
4.862
4.862
4.862
4.862
4.904
4.904
4.904
4.904
4.904
4.904
4.904
4.904
4.904
4.904
4.904
4.904
4.904
4.904
4.904
4.904
4.904
4.904
4.904
4.904
4.904
4.904
4.904
4.904
4.904
4.904
4.904
4.904
4.904
4.904
4.78
4.78
4.78
4.78
4.78
4.78
4.78
4.78
4.78
4.78
4.78
4.78
4.78
4.78
4.78
4.78
4.78
4.78
4.78
4.78
4.78
4.78
4.78
4.78
4.78
4.78
4.78
4.78
4.78
4.78
4.792
4.792
4.792
4.792
4.792
4.792
4.792
4.792
4.792
4.792
4.792
4.792
4.792
4.792
4.792
4.792
4.792
4.792
4.792
4.792
4.792
4.792
4.792
4.792
4.792
4.792
4.792
4.792
4.792
4.792
4.756
4.756
4.756
4.756
4.756
4.756
4.756
4.756
4.756
4.756
4.756
4.756
4.756
4.756
4.756
4.756
4.756
4.756
4.756
4.756
4.756
4.756
4.756
4.756
4.756
4.756
4.756
4.756
4.756
4.756
4.794
4.794
4.794
4.794
4.794
4.794
4.794
4.794
4.794
4.794
4.794
4.794
4.794
4.794
4.794
4.794
4.794
4.794
4.794
4.794
4.794
4.794
4.794
4.794
4.794
4.794
4.794
4.794
4.794
4.794
4.834
4.834
4.834
4.834
4.834
4.834
4.834
4.834
4.834
4.834
4.834
4.834
4.834
4.834
4.834
4.834
4.834
4.834
4.834
4.834
4.834
4.834
4.834
4.834
4.834
4.834
4.834
4.834
4.834
4.834
4.841
4.841
4.841
4.841
4.841
4.841
4.841
4.841
4.841
4.841
4.841
4.841
4.841
4.841
4.841
4.841
4.841
4.841
4.841
4.841
4.841
4.841
4.841
4.841
4.841
4.841
4.841
4.841
4.841
4.841
4.929
4.929
4.929
4.929
4.929
4.929
4.929
4.929
4.929
4.929
4.929
4.929
4.929
4.929
4.929
4.929
4.929
4.929
4.929
4.929
4.929
4.929
4.929
4.929
4.929
4.929
4.929
4.929
4.929
4.929
4.915
4.915
4.915
4.915
4.915
4.915
4.915
4.915
4.915
4.915
4.915
4.915
4.915
4.915
4.915
4.915
4.915
4.915
4.915
4.915
4.915
4.915
4.915
4.915
4.915
4.915
4.915
4.915
4.915
4.915
5.097
5.097
5.097
5.097
5.097
5.097
5.097
5.097
5.097
5.097
5.097
5.097
5.097
5.097
5.097
5.097
5.097
5.097
5.097
5.097
5.097
5.097
5.097
5.097
5.097
5.097
5.097
5.097
5.097
5.097
5.095
5.095
5.095
5.095
5.095
5.095
5.095
5.095
5.095
5.095
5.095
5.095
5.095
5.095
5.095
5.095
5.095
5.095
5.095
5.095
5.095
5.095
5.095
5.095
5.095
5.095
5.095
5.095
5.095
5.095
4.959
4.959
4.959
4.959
4.959
4.959
4.959
4.959
4.959
4.959
4.959
4.959
4.959
4.959
4.959
4.959
4.959
4.959
4.959
4.959
4.959
4.959
4.959
4.959
4.959
4.959
4.959
4.959
4.959
4.959
4.915
4.915
4.915
4.915
4.915
4.915
4.915
4.915
4.915
4.915
4.915
4.915
4.915
4.915
4.915
4.915
4.915
4.915
4.915
4.915
4.915
4.915
4.915
4.915
4.915
4.915
4.915
4.915
4.915
4.915
4.701
4.701
4.701
4.701
4.701
4.701
4.701
4.701
4.701
4.701
4.701
4.701
4.701
4.701
4.701
4.701
4.701
4.701
4.701
4.701
4.701
4.701
4.701
4.701
4.701
4.701
4.701
4.701
4.701
4.701
4.688
4.688
4.688
4.688
4.688
4.688
4.688
4.688
4.688
4.688
4.688
4.688
4.688
4.688
4.688
4.688
4.688
4.688
4.688
4.688
4.688
4.688
4.688
4.688
4.688
4.688
4.688
4.688
4.688
4.688
5.321
5.321
5.321
5.321
5.321
5.321
5.321
5.321
5.321
5.321
5.321
5.321
5.321
5.321
5.321
5.321
5.321
5.321
5.321
5.321
5.321
5.321
5.321
5.321
5.321
5.321
5.321
5.321
5.321
5.321
5.399
5.399
5.399
5.399
5.399
5.399
5.399
5.399
5.399
5.399
5.399
5.399
5.399
5.399
5.399
5.399
5.399
5.399
5.399
5.399
5.399
5.399
5.399
5.399
5.399
5.399
5.399
5.399
5.399
5.399
