3.884
3.884
3.884
3.884
3.884
3.884
3.884
3.884
3.884
3.884
3.884
3.884
3.884
3.884
3.884
3.884
3.884
3.884
3.884
3.884
3.884
3.884
3.884
3.884
3.884
3.884
3.884
3.884
3.884
3.884
3.493
3.493
3.493
3.493
3.493
3.493
3.493
3.493
3.493
3.493
3.493
3.493
3.493
3.493
3.493
3.493
3.493
3.493
3.493
3.493
3.493
3.493
3.493
3.493
3.493
3.493
3.493
3.493
3.493
3.493
3.212
3.212
3.212
3.212
3.212
3.212
3.212
3.212
3.212
3.212
3.212
3.212
3.212
3.212
3.212
3.212
3.212
3.212
3.212
3.212
3.212
3.212
3.212
3.212
3.212
3.212
3.212
3.212
3.212
3.212
3.215
3.215
3.215
3.215
3.215
3.215
3.215
3.215
3.215
3.215
3.215
3.215
3.215
3.215
3.215
3.215
3.215
3.215
3.215
3.215
3.215
3.215
3.215
3.215
3.215
3.215
3.215
3.215
3.215
3.215
3.193
3.193
3.193
3.193
3.193
3.193
3.193
3.193
3.193
3.193
3.193
3.193
3.193
3.193
3.193
3.193
3.193
3.193
3.193
3.193
3.193
3.193
3.193
3.193
3.193
3.193
3.193
3.193
3.193
3.193
3.18
3.18
3.18
3.18
3.18
3.18
3.18
3.18
3.18
3.18
3.18
3.18
3.18
3.18
3.18
3.18
3.18
3.18
3.18
3.18
3.18
3.18
3.18
3.18
3.18
3.18
3.18
3.18
3.18
3.18
3.112
3.112
3.112
3.112
3.112
3.112
3.112
3.112
3.112
3.112
3.112
3.112
3.112
3.112
3.112
3.112
3.112
3.112
3.112
3.112
3.112
3.112
3.112
3.112
3.112
3.112
3.112
3.112
3.112
3.112
3.105
3.105
3.105
3.105
3.105
3.105
3.105
3.105
3.105
3.105
3.105
3.105
3.105
3.105
3.105
3.105
3.105
3.105
3.105
3.105
3.105
3.105
3.105
3.105
3.105
3.105
3.105
3.105
3.105
3.105
3.121
3.121
3.121
3.121
3.121
3.121
3.121
3.121
3.121
3.121
3.121
3.121
3.121
3.121
3.121
3.121
3.121
3.121
3.121
3.121
3.121
3.121
3.121
3.121
3.121
3.121
3.121
3.121
3.121
3.121
3.07
3.07
3.07
3.07
3.07
3.07
3.07
3.07
3.07
3.07
3.07
3.07
3.07
3.07
3.07
3.07
3.07
3.07
3.07
3.07
3.07
3.07
3.07
3.07
3.07
3.07
3.07
3.07
3.07
3.07
2.987
2.987
2.987
2.987
2.987
2.987
2.987
2.987
2.987
2.987
2.987
2.987
2.987
2.987
2.987
2.987
2.987
2.987
2.987
2.987
2.987
2.987
2.987
2.987
2.987
2.987
2.987
2.987
2.987
2.987
3.075
3.075
3.075
3.075
3.075
3.075
3.075
3.075
3.075
3.075
3.075
3.075
3.075
3.075
3.075
3.075
3.075
3.075
3.075
3.075
3.075
3.075
3.075
3.075
3.075
3.075
3.075
3.075
3.075
3.075
3.112
3.112
3.112
3.112
3.112
3.112
3.112
3.112
3.112
3.112
3.112
3.112
3.112
3.112
3.112
3.112
3.112
3.112
3.112
3.112
3.112
3.112
3.112
3.112
3.112
3.112
3.112
3.112
3.112
3.112
3.346
3.346
3.346
3.346
3.346
3.346
3.346
3.346
3.346
3.346
3.346
3.346
3.346
3.346
3.346
3.346
3.346
3.346
3.346
3.346
3.346
3.346
3.346
3.346
3.346
3.346
3.346
3.346
3.346
3.346
3.643
3.643
3.643
3.643
3.643
3.643
3.643
3.643
3.643
3.643
3.643
3.643
3.643
3.643
3.643
3.643
3.643
3.643
3.643
3.643
3.643
3.643
3.643
3.643
3.643
3.643
3.643
3.643
3.643
3.643
3.747
3.747
3.747
3.747
3.747
3.747
3.747
3.747
3.747
3.747
3.747
3.747
3.747
3.747
3.747
3.747
3.747
3.747
3.747
3.747
3.747
3.747
3.747
3.747
3.747
3.747
3.747
3.747
3.747
3.747
3.655
3.655
3.655
3.655
3.655
3.655
3.655
3.655
3.655
3.655
3.655
3.655
3.655
3.655
3.655
3.655
3.655
3.655
3.655
3.655
3.655
3.655
3.655
3.655
3.655
3.655
3.655
3.655
3.655
3.655
3.836
3.836
3.836
3.836
3.836
3.836
3.836
3.836
3.836
3.836
3.836
3.836
3.836
3.836
3.836
3.836
3.836
3.836
3.836
3.836
3.836
3.836
3.836
3.836
3.836
3.836
3.836
3.836
3.836
3.836
3.841
3.841
3.841
3.841
3.841
3.841
3.841
3.841
3.841
3.841
3.841
3.841
3.841
3.841
3.841
3.841
3.841
3.841
3.841
3.841
3.841
3.841
3.841
3.841
3.841
3.841
3.841
3.841
3.841
3.841
3.613
3.613
3.613
3.613
3.613
3.613
3.613
3.613
3.613
3.613
3.613
3.613
3.613
3.613
3.613
3.613
3.613
3.613
3.613
3.613
3.613
3.613
3.613
3.613
3.613
3.613
3.613
3.613
3.613
3.613
3.565
3.565
3.565
3.565
3.565
3.565
3.565
3.565
3.565
3.565
3.565
3.565
3.565
3.565
3.565
3.565
3.565
3.565
3.565
3.565
3.565
3.565
3.565
3.565
3.565
3.565
3.565
3.565
3.565
3.565
3.598
3.598
3.598
3.598
3.598
3.598
3.598
3.598
3.598
3.598
3.598
3.598
3.598
3.598
3.598
3.598
3.598
3.598
3.598
3.598
3.598
3.598
3.598
3.598
3.598
3.598
3.598
3.598
3.598
3.598
3.394
3.394
3.394
3.394
3.394
3.394
3.394
3.394
3.394
3.394
3.394
3.394
3.394
3.394
3.394
3.394
3.394
3.394
3.394
3.394
3.394
3.394
3.394
3.394
3.394
3.394
3.394
3.394
3.394
3.394
3.409
3.409
3.409
3.409
3.409
3.409
3.409
3.409
3.409
3.409
3.409
3.409
3.409
3.409
3.409
3.409
3.409
3.409
3.409
3.409
3.409
3.409
3.409
3.409
3.409
3.409
3.409
3.409
3.409
3.409
3.46
3.46
3.46
3.46
3.46
3.46
3.46
3.46
3.46
3.46
3.46
3.46
3.46
3.46
3.46
3.46
3.46
3.46
3.46
3.46
3.46
3.46
3.46
3.46
3.46
3.46
3.46
3.46
3.46
3.46
3.395
3.395
3.395
3.395
3.395
3.395
3.395
3.395
3.395
3.395
3.395
3.395
3.395
3.395
3.395
3.395
3.395
3.395
3.395
3.395
3.395
3.395
3.395
3.395
3.395
3.395
3.395
3.395
3.395
3.395
3.377
3.377
3.377
3.377
3.377
3.377
3.377
3.377
3.377
3.377
3.377
3.377
3.377
3.377
3.377
3.377
3.377
3.377
3.377
3.377
3.377
3.377
3.377
3.377
3.377
3.377
3.377
3.377
3.377
3.377
3.399
3.399
3.399
3.399
3.399
3.399
3.399
3.399
3.399
3.399
3.399
3.399
3.399
3.399
3.399
3.399
3.399
3.399
3.399
3.399
3.399
3.399
3.399
3.399
3.399
3.399
3.399
3.399
3.399
3.399
3.368
3.368
3.368
3.368
3.368
3.368
3.368
3.368
3.368
3.368
3.368
3.368
3.368
3.368
3.368
3.368
3.368
3.368
3.368
3.368
3.368
3.368
3.368
3.368
3.368
3.368
3.368
3.368
3.368
3.368
3.312
3.312
3.312
3.312
3.312
3.312
3.312
3.312
3.312
3.312
3.312
3.312
3.312
3.312
3.312
3.312
3.312
3.312
3.312
3.312
3.312
3.312
3.312
3.312
3.312
3.312
3.312
3.312
3.312
3.312
3.692
3.692
3.692
3.692
3.692
3.692
3.692
3.692
3.692
3.692
3.692
3.692
3.692
3.692
3.692
3.692
3.692
3.692
3.692
3.692
3.692
3.692
3.692
3.692
3.692
3.692
3.692
3.692
3.692
3.692
3.661
3.661
3.661
3.661
3.661
3.661
3.661
3.661
3.661
3.661
3.661
3.661
3.661
3.661
3.661
3.661
3.661
3.661
3.661
3.661
3.661
3.661
3.661
3.661
3.661
3.661
3.661
3.661
3.661
3.661
3.73
3.73
3.73
3.73
3.73
3.73
3.73
3.73
3.73
3.73
3.73
3.73
3.73
3.73
3.73
3.73
3.73
3.73
3.73
3.73
3.73
3.73
3.73
3.73
3.73
3.73
3.73
3.73
3.73
3.73
3.834
3.834
3.834
3.834
3.834
3.834
3.834
3.834
3.834
3.834
3.834
3.834
3.834
3.834
3.834
3.834
3.834
3.834
3.834
3.834
3.834
3.834
3.834
3.834
3.834
3.834
3.834
3.834
3.834
3.834
4.099
4.099
4.099
4.099
4.099
4.099
4.099
4.099
4.099
4.099
4.099
4.099
4.099
4.099
4.099
4.099
4.099
4.099
4.099
4.099
4.099
4.099
4.099
4.099
4.099
4.099
4.099
4.099
4.099
4.099
4.025
4.025
4.025
4.025
4.025
4.025
4.025
4.025
4.025
4.025
4.025
4.025
4.025
4.025
4.025
4.025
4.025
4.025
4.025
4.025
4.025
4.025
4.025
4.025
4.025
4.025
4.025
4.025
4.025
4.025
3.864
3.864
3.864
3.864
3.864
3.864
3.864
3.864
3.864
3.864
3.864
3.864
3.864
3.864
3.864
3.864
3.864
3.864
3.864
3.864
3.864
3.864
3.864
3.864
3.864
3.864
3.864
3.864
3.864
3.864
3.839
3.839
3.839
3.839
3.839
3.839
3.839
3.839
3.839
3.839
3.839
3.839
3.839
3.839
3.839
3.839
3.839
3.839
3.839
3.839
3.839
3.839
3.839
3.839
3.839
3.839
3.839
3.839
3.839
3.839
3.751
3.751
3.751
3.751
3.751
3.751
3.751
3.751
3.751
3.751
3.751
3.751
3.751
3.751
3.751
3.751
3.751
3.751
3.751
3.751
3.751
3.751
3.751
3.751
3.751
3.751
3.751
3.751
3.751
3.751
3.836
3.836
3.836
3.836
3.836
3.836
3.836
3.836
3.836
3.836
3.836
3.836
3.836
3.836
3.836
3.836
3.836
3.836
3.836
3.836
3.836
3.836
3.836
3.836
3.836
3.836
3.836
3.836
3.836
3.836
3.752
3.752
3.752
3.752
3.752
3.752
3.752
3.752
3.752
3.752
3.752
3.752
3.752
3.752
3.752
3.752
3.752
3.752
3.752
3.752
3.752
3.752
3.752
3.752
3.752
3.752
3.752
3.752
3.752
3.752
3.68
3.68
3.68
3.68
3.68
3.68
3.68
3.68
3.68
3.68
3.68
3.68
3.68
3.68
3.68
3.68
3.68
3.68
3.68
3.68
3.68
3.68
3.68
3.68
3.68
3.68
3.68
3.68
3.68
3.68
3.706
3.706
3.706
3.706
3.706
3.706
3.706
3.706
3.706
3.706
3.706
3.706
3.706
3.706
3.706
3.706
3.706
3.706
3.706
3.706
3.706
3.706
3.706
3.706
3.706
3.706
3.706
3.706
3.706
3.706
3.787
3.787
3.787
3.787
3.787
3.787
3.787
3.787
3.787
3.787
3.787
3.787
3.787
3.787
3.787
3.787
3.787
3.787
3.787
3.787
3.787
3.787
3.787
3.787
3.787
3.787
3.787
3.787
3.787
3.787
3.884
3.884
3.884
3.884
3.884
3.884
3.884
3.884
3.884
3.884
3.884
3.884
3.884
3.884
3.884
3.884
3.884
3.884
3.884
3.884
3.884
3.884
3.884
3.884
3.884
3.884
3.884
3.884
3.884
3.884
3.669
3.669
3.669
3.669
3.669
3.669
3.669
3.669
3.669
3.669
3.669
3.669
3.669
3.669
3.669
3.669
3.669
3.669
3.669
3.669
3.669
3.669
3.669
3.669
3.669
3.669
3.669
3.669
3.669
3.669
3.957
3.957
3.957
3.957
3.957
3.957
3.957
3.957
3.957
3.957
3.957
3.957
3.957
3.957
3.957
3.957
3.957
3.957
3.957
3.957
3.957
3.957
3.957
3.957
3.957
3.957
3.957
3.957
3.957
3.957
3.61
3.61
3.61
3.61
3.61
3.61
3.61
3.61
3.61
3.61
3.61
3.61
3.61
3.61
3.61
3.61
3.61
3.61
3.61
3.61
3.61
3.61
3.61
3.61
3.61
3.61
3.61
3.61
3.61
3.61
