3.565
3.565
3.565
3.565
3.565
3.565
3.565
3.565
3.565
3.565
3.565
3.565
3.565
3.565
3.565
3.565
3.565
3.565
3.565
3.565
3.565
3.565
3.565
3.565
3.565
3.565
3.565
3.565
3.565
3.565
3.395
3.395
3.395
3.395
3.395
3.395
3.395
3.395
3.395
3.395
3.395
3.395
3.395
3.395
3.395
3.395
3.395
3.395
3.395
3.395
3.395
3.395
3.395
3.395
3.395
3.395
3.395
3.395
3.395
3.395
3.526
3.526
3.526
3.526
3.526
3.526
3.526
3.526
3.526
3.526
3.526
3.526
3.526
3.526
3.526
3.526
3.526
3.526
3.526
3.526
3.526
3.526
3.526
3.526
3.526
3.526
3.526
3.526
3.526
3.526
3.685
3.685
3.685
3.685
3.685
3.685
3.685
3.685
3.685
3.685
3.685
3.685
3.685
3.685
3.685
3.685
3.685
3.685
3.685
3.685
3.685
3.685
3.685
3.685
3.685
3.685
3.685
3.685
3.685
3.685
3.445
3.445
3.445
3.445
3.445
3.445
3.445
3.445
3.445
3.445
3.445
3.445
3.445
3.445
3.445
3.445
3.445
3.445
3.445
3.445
3.445
3.445
3.445
3.445
3.445
3.445
3.445
3.445
3.445
3.445
3.445
3.445
3.445
3.445
3.445
3.445
3.445
3.445
3.445
3.445
3.445
3.445
3.445
3.445
3.445
3.445
3.445
3.445
3.445
3.445
3.445
3.445
3.445
3.445
3.445
3.445
3.445
3.445
3.445
3.445
3.326
3.326
3.326
3.326
3.326
3.326
3.326
3.326
3.326
3.326
3.326
3.326
3.326
3.326
3.326
3.326
3.326
3.326
3.326
3.326
3.326
3.326
3.326
3.326
3.326
3.326
3.326
3.326
3.326
3.326
3.33
3.33
3.33
3.33
3.33
3.33
3.33
3.33
3.33
3.33
3.33
3.33
3.33
3.33
3.33
3.33
3.33
3.33
3.33
3.33
3.33
3.33
3.33
3.33
3.33
3.33
3.33
3.33
3.33
3.33
3.337
3.337
3.337
3.337
3.337
3.337
3.337
3.337
3.337
3.337
3.337
3.337
3.337
3.337
3.337
3.337
3.337
3.337
3.337
3.337
3.337
3.337
3.337
3.337
3.337
3.337
3.337
3.337
3.337
3.337
3.337
3.337
3.337
3.337
3.337
3.337
3.337
3.337
3.337
3.337
3.337
3.337
3.337
3.337
3.337
3.337
3.337
3.337
3.337
3.337
3.337
3.337
3.337
3.337
3.337
3.337
3.337
3.337
3.337
3.337
3.432
3.432
3.432
3.432
3.432
3.432
3.432
3.432
3.432
3.432
3.432
3.432
3.432
3.432
3.432
3.432
3.432
3.432
3.432
3.432
3.432
3.432
3.432
3.432
3.432
3.432
3.432
3.432
3.432
3.432
3.434
3.434
3.434
3.434
3.434
3.434
3.434
3.434
3.434
3.434
3.434
3.434
3.434
3.434
3.434
3.434
3.434
3.434
3.434
3.434
3.434
3.434
3.434
3.434
3.434
3.434
3.434
3.434
3.434
3.434
3.637
3.637
3.637
3.637
3.637
3.637
3.637
3.637
3.637
3.637
3.637
3.637
3.637
3.637
3.637
3.637
3.637
3.637
3.637
3.637
3.637
3.637
3.637
3.637
3.637
3.637
3.637
3.637
3.637
3.637
4.047
4.047
4.047
4.047
4.047
4.047
4.047
4.047
4.047
4.047
4.047
4.047
4.047
4.047
4.047
4.047
4.047
4.047
4.047
4.047
4.047
4.047
4.047
4.047
4.047
4.047
4.047
4.047
4.047
4.047
4.164
4.164
4.164
4.164
4.164
4.164
4.164
4.164
4.164
4.164
4.164
4.164
4.164
4.164
4.164
4.164
4.164
4.164
4.164
4.164
4.164
4.164
4.164
4.164
4.164
4.164
4.164
4.164
4.164
4.164
4.086
4.086
4.086
4.086
4.086
4.086
4.086
4.086
4.086
4.086
4.086
4.086
4.086
4.086
4.086
4.086
4.086
4.086
4.086
4.086
4.086
4.086
4.086
4.086
4.086
4.086
4.086
4.086
4.086
4.086
4.095
4.095
4.095
4.095
4.095
4.095
4.095
4.095
4.095
4.095
4.095
4.095
4.095
4.095
4.095
4.095
4.095
4.095
4.095
4.095
4.095
4.095
4.095
4.095
4.095
4.095
4.095
4.095
4.095
4.095
4.132
4.132
4.132
4.132
4.132
4.132
4.132
4.132
4.132
4.132
4.132
4.132
4.132
4.132
4.132
4.132
4.132
4.132
4.132
4.132
4.132
4.132
4.132
4.132
4.132
4.132
4.132
4.132
4.132
4.132
3.719
3.719
3.719
3.719
3.719
3.719
3.719
3.719
3.719
3.719
3.719
3.719
3.719
3.719
3.719
3.719
3.719
3.719
3.719
3.719
3.719
3.719
3.719
3.719
3.719
3.719
3.719
3.719
3.719
3.719
3.785
3.785
3.785
3.785
3.785
3.785
3.785
3.785
3.785
3.785
3.785
3.785
3.785
3.785
3.785
3.785
3.785
3.785
3.785
3.785
3.785
3.785
3.785
3.785
3.785
3.785
3.785
3.785
3.785
3.785
3.708
3.708
3.708
3.708
3.708
3.708
3.708
3.708
3.708
3.708
3.708
3.708
3.708
3.708
3.708
3.708
3.708
3.708
3.708
3.708
3.708
3.708
3.708
3.708
3.708
3.708
3.708
3.708
3.708
3.708
3.634
3.634
3.634
3.634
3.634
3.634
3.634
3.634
3.634
3.634
3.634
3.634
3.634
3.634
3.634
3.634
3.634
3.634
3.634
3.634
3.634
3.634
3.634
3.634
3.634
3.634
3.634
3.634
3.634
3.634
3.818
3.818
3.818
3.818
3.818
3.818
3.818
3.818
3.818
3.818
3.818
3.818
3.818
3.818
3.818
3.818
3.818
3.818
3.818
3.818
3.818
3.818
3.818
3.818
3.818
3.818
3.818
3.818
3.818
3.818
3.83
3.83
3.83
3.83
3.83
3.83
3.83
3.83
3.83
3.83
3.83
3.83
3.83
3.83
3.83
3.83
3.83
3.83
3.83
3.83
3.83
3.83
3.83
3.83
3.83
3.83
3.83
3.83
3.83
3.83
3.836
3.836
3.836
3.836
3.836
3.836
3.836
3.836
3.836
3.836
3.836
3.836
3.836
3.836
3.836
3.836
3.836
3.836
3.836
3.836
3.836
3.836
3.836
3.836
3.836
3.836
3.836
3.836
3.836
3.836
3.799
3.799
3.799
3.799
3.799
3.799
3.799
3.799
3.799
3.799
3.799
3.799
3.799
3.799
3.799
3.799
3.799
3.799
3.799
3.799
3.799
3.799
3.799
3.799
3.799
3.799
3.799
3.799
3.799
3.799
3.634
3.634
3.634
3.634
3.634
3.634
3.634
3.634
3.634
3.634
3.634
3.634
3.634
3.634
3.634
3.634
3.634
3.634
3.634
3.634
3.634
3.634
3.634
3.634
3.634
3.634
3.634
3.634
3.634
3.634
3.624
3.624
3.624
3.624
3.624
3.624
3.624
3.624
3.624
3.624
3.624
3.624
3.624
3.624
3.624
3.624
3.624
3.624
3.624
3.624
3.624
3.624
3.624
3.624
3.624
3.624
3.624
3.624
3.624
3.624
3.618
3.618
3.618
3.618
3.618
3.618
3.618
3.618
3.618
3.618
3.618
3.618
3.618
3.618
3.618
3.618
3.618
3.618
3.618
3.618
3.618
3.618
3.618
3.618
3.618
3.618
3.618
3.618
3.618
3.618
3.622
3.622
3.622
3.622
3.622
3.622
3.622
3.622
3.622
3.622
3.622
3.622
3.622
3.622
3.622
3.622
3.622
3.622
3.622
3.622
3.622
3.622
3.622
3.622
3.622
3.622
3.622
3.622
3.622
3.622
3.598
3.598
3.598
3.598
3.598
3.598
3.598
3.598
3.598
3.598
3.598
3.598
3.598
3.598
3.598
3.598
3.598
3.598
3.598
3.598
3.598
3.598
3.598
3.598
3.598
3.598
3.598
3.598
3.598
3.598
3.641
3.641
3.641
3.641
3.641
3.641
3.641
3.641
3.641
3.641
3.641
3.641
3.641
3.641
3.641
3.641
3.641
3.641
3.641
3.641
3.641
3.641
3.641
3.641
3.641
3.641
3.641
3.641
3.641
3.641
3.609
3.609
3.609
3.609
3.609
3.609
3.609
3.609
3.609
3.609
3.609
3.609
3.609
3.609
3.609
3.609
3.609
3.609
3.609
3.609
3.609
3.609
3.609
3.609
3.609
3.609
3.609
3.609
3.609
3.609
3.646
3.646
3.646
3.646
3.646
3.646
3.646
3.646
3.646
3.646
3.646
3.646
3.646
3.646
3.646
3.646
3.646
3.646
3.646
3.646
3.646
3.646
3.646
3.646
3.646
3.646
3.646
3.646
3.646
3.646
3.85
3.85
3.85
3.85
3.85
3.85
3.85
3.85
3.85
3.85
3.85
3.85
3.85
3.85
3.85
3.85
3.85
3.85
3.85
3.85
3.85
3.85
3.85
3.85
3.85
3.85
3.85
3.85
3.85
3.85
3.825
3.825
3.825
3.825
3.825
3.825
3.825
3.825
3.825
3.825
3.825
3.825
3.825
3.825
3.825
3.825
3.825
3.825
3.825
3.825
3.825
3.825
3.825
3.825
3.825
3.825
3.825
3.825
3.825
3.825
3.849
3.849
3.849
3.849
3.849
3.849
3.849
3.849
3.849
3.849
3.849
3.849
3.849
3.849
3.849
3.849
3.849
3.849
3.849
3.849
3.849
3.849
3.849
3.849
3.849
3.849
3.849
3.849
3.849
3.849
3.829
3.829
3.829
3.829
3.829
3.829
3.829
3.829
3.829
3.829
3.829
3.829
3.829
3.829
3.829
3.829
3.829
3.829
3.829
3.829
3.829
3.829
3.829
3.829
3.829
3.829
3.829
3.829
3.829
3.829
4.116
4.116
4.116
4.116
4.116
4.116
4.116
4.116
4.116
4.116
4.116
4.116
4.116
4.116
4.116
4.116
4.116
4.116
4.116
4.116
4.116
4.116
4.116
4.116
4.116
4.116
4.116
4.116
4.116
4.116
4.086
4.086
4.086
4.086
4.086
4.086
4.086
4.086
4.086
4.086
4.086
4.086
4.086
4.086
4.086
4.086
4.086
4.086
4.086
4.086
4.086
4.086
4.086
4.086
4.086
4.086
4.086
4.086
4.086
4.086
4.15
4.15
4.15
4.15
4.15
4.15
4.15
4.15
4.15
4.15
4.15
4.15
4.15
4.15
4.15
4.15
4.15
4.15
4.15
4.15
4.15
4.15
4.15
4.15
4.15
4.15
4.15
4.15
4.15
4.15
4.123
4.123
4.123
4.123
4.123
4.123
4.123
4.123
4.123
4.123
4.123
4.123
4.123
4.123
4.123
4.123
4.123
4.123
4.123
4.123
4.123
4.123
4.123
4.123
4.123
4.123
4.123
4.123
4.123
4.123
4.214
4.214
4.214
4.214
4.214
4.214
4.214
4.214
4.214
4.214
4.214
4.214
4.214
4.214
4.214
4.214
4.214
4.214
4.214
4.214
4.214
4.214
4.214
4.214
4.214
4.214
4.214
4.214
4.214
4.214
4.094
4.094
4.094
4.094
4.094
4.094
4.094
4.094
4.094
4.094
4.094
4.094
4.094
4.094
4.094
4.094
4.094
4.094
4.094
4.094
4.094
4.094
4.094
4.094
4.094
4.094
4.094
4.094
4.094
4.094
4.069
4.069
4.069
4.069
4.069
4.069
4.069
4.069
4.069
4.069
4.069
4.069
4.069
4.069
4.069
4.069
4.069
4.069
4.069
4.069
4.069
4.069
4.069
4.069
4.069
4.069
4.069
4.069
4.069
4.069
3.995
3.995
3.995
3.995
3.995
3.995
3.995
3.995
3.995
3.995
3.995
3.995
3.995
3.995
3.995
3.995
3.995
3.995
3.995
3.995
3.995
3.995
3.995
3.995
3.995
3.995
3.995
3.995
3.995
3.995
4.112
4.112
4.112
4.112
4.112
4.112
4.112
4.112
4.112
4.112
4.112
4.112
4.112
4.112
4.112
4.112
4.112
4.112
4.112
4.112
4.112
4.112
4.112
4.112
4.112
4.112
4.112
4.112
4.112
4.112
3.998
3.998
3.998
3.998
3.998
3.998
3.998
3.998
3.998
3.998
3.998
3.998
3.998
3.998
3.998
3.998
3.998
3.998
3.998
3.998
3.998
3.998
3.998
3.998
3.998
3.998
3.998
3.998
3.998
3.998
