2.88
2.88
2.88
2.88
2.88
2.88
2.88
2.88
2.88
2.88
2.88
2.88
2.88
2.88
2.88
2.88
2.88
2.88
2.88
2.88
2.88
2.88
2.88
2.88
2.88
2.88
2.88
2.88
2.88
2.88
2.72
2.72
2.72
2.72
2.72
2.72
2.72
2.72
2.72
2.72
2.72
2.72
2.72
2.72
2.72
2.72
2.72
2.72
2.72
2.72
2.72
2.72
2.72
2.72
2.72
2.72
2.72
2.72
2.72
2.72
2.51
2.51
2.51
2.51
2.51
2.51
2.51
2.51
2.51
2.51
2.51
2.51
2.51
2.51
2.51
2.51
2.51
2.51
2.51
2.51
2.51
2.51
2.51
2.51
2.51
2.51
2.51
2.51
2.51
2.51
2.528
2.528
2.528
2.528
2.528
2.528
2.528
2.528
2.528
2.528
2.528
2.528
2.528
2.528
2.528
2.528
2.528
2.528
2.528
2.528
2.528
2.528
2.528
2.528
2.528
2.528
2.528
2.528
2.528
2.528
2.447
2.447
2.447
2.447
2.447
2.447
2.447
2.447
2.447
2.447
2.447
2.447
2.447
2.447
2.447
2.447
2.447
2.447
2.447
2.447
2.447
2.447
2.447
2.447
2.447
2.447
2.447
2.447
2.447
2.447
2.359
2.359
2.359
2.359
2.359
2.359
2.359
2.359
2.359
2.359
2.359
2.359
2.359
2.359
2.359
2.359
2.359
2.359
2.359
2.359
2.359
2.359
2.359
2.359
2.359
2.359
2.359
2.359
2.359
2.359
2.318
2.318
2.318
2.318
2.318
2.318
2.318
2.318
2.318
2.318
2.318
2.318
2.318
2.318
2.318
2.318
2.318
2.318
2.318
2.318
2.318
2.318
2.318
2.318
2.318
2.318
2.318
2.318
2.318
2.318
2.306
2.306
2.306
2.306
2.306
2.306
2.306
2.306
2.306
2.306
2.306
2.306
2.306
2.306
2.306
2.306
2.306
2.306
2.306
2.306
2.306
2.306
2.306
2.306
2.306
2.306
2.306
2.306
2.306
2.306
2.277
2.277
2.277
2.277
2.277
2.277
2.277
2.277
2.277
2.277
2.277
2.277
2.277
2.277
2.277
2.277
2.277
2.277
2.277
2.277
2.277
2.277
2.277
2.277
2.277
2.277
2.277
2.277
2.277
2.277
2.27
2.27
2.27
2.27
2.27
2.27
2.27
2.27
2.27
2.27
2.27
2.27
2.27
2.27
2.27
2.27
2.27
2.27
2.27
2.27
2.27
2.27
2.27
2.27
2.27
2.27
2.27
2.27
2.27
2.27
3.157
3.157
3.157
3.157
3.157
3.157
3.157
3.157
3.157
3.157
3.157
3.157
3.157
3.157
3.157
3.157
3.157
3.157
3.157
3.157
3.157
3.157
3.157
3.157
3.157
3.157
3.157
3.157
3.157
3.157
2.212
2.212
2.212
2.212
2.212
2.212
2.212
2.212
2.212
2.212
2.212
2.212
2.212
2.212
2.212
2.212
2.212
2.212
2.212
2.212
2.212
2.212
2.212
2.212
2.212
2.212
2.212
2.212
2.212
2.212
3.756
3.756
3.756
3.756
3.756
3.756
3.756
3.756
3.756
3.756
3.756
3.756
3.756
3.756
3.756
3.756
3.756
3.756
3.756
3.756
3.756
3.756
3.756
3.756
3.756
3.756
3.756
3.756
3.756
3.756
3.82
3.82
3.82
3.82
3.82
3.82
3.82
3.82
3.82
3.82
3.82
3.82
3.82
3.82
3.82
3.82
3.82
3.82
3.82
3.82
3.82
3.82
3.82
3.82
3.82
3.82
3.82
3.82
3.82
3.82
3.245
3.245
3.245
3.245
3.245
3.245
3.245
3.245
3.245
3.245
3.245
3.245
3.245
3.245
3.245
3.245
3.245
3.245
3.245
3.245
3.245
3.245
3.245
3.245
3.245
3.245
3.245
3.245
3.245
3.245
4.099
4.099
4.099
4.099
4.099
4.099
4.099
4.099
4.099
4.099
4.099
4.099
4.099
4.099
4.099
4.099
4.099
4.099
4.099
4.099
4.099
4.099
4.099
4.099
4.099
4.099
4.099
4.099
4.099
4.099
3.555
3.555
3.555
3.555
3.555
3.555
3.555
3.555
3.555
3.555
3.555
3.555
3.555
3.555
3.555
3.555
3.555
3.555
3.555
3.555
3.555
3.555
3.555
3.555
3.555
3.555
3.555
3.555
3.555
3.555
3.264
3.264
3.264
3.264
3.264
3.264
3.264
3.264
3.264
3.264
3.264
3.264
3.264
3.264
3.264
3.264
3.264
3.264
3.264
3.264
3.264
3.264
3.264
3.264
3.264
3.264
3.264
3.264
3.264
3.264
3.238
3.238
3.238
3.238
3.238
3.238
3.238
3.238
3.238
3.238
3.238
3.238
3.238
3.238
3.238
3.238
3.238
3.238
3.238
3.238
3.238
3.238
3.238
3.238
3.238
3.238
3.238
3.238
3.238
3.238
3.074
3.074
3.074
3.074
3.074
3.074
3.074
3.074
3.074
3.074
3.074
3.074
3.074
3.074
3.074
3.074
3.074
3.074
3.074
3.074
3.074
3.074
3.074
3.074
3.074
3.074
3.074
3.074
3.074
3.074
3.054
3.054
3.054
3.054
3.054
3.054
3.054
3.054
3.054
3.054
3.054
3.054
3.054
3.054
3.054
3.054
3.054
3.054
3.054
3.054
3.054
3.054
3.054
3.054
3.054
3.054
3.054
3.054
3.054
3.054
3.004
3.004
3.004
3.004
3.004
3.004
3.004
3.004
3.004
3.004
3.004
3.004
3.004
3.004
3.004
3.004
3.004
3.004
3.004
3.004
3.004
3.004
3.004
3.004
3.004
3.004
3.004
3.004
3.004
3.004
2.936
2.936
2.936
2.936
2.936
2.936
2.936
2.936
2.936
2.936
2.936
2.936
2.936
2.936
2.936
2.936
2.936
2.936
2.936
2.936
2.936
2.936
2.936
2.936
2.936
2.936
2.936
2.936
2.936
2.936
2.93
2.93
2.93
2.93
2.93
2.93
2.93
2.93
2.93
2.93
2.93
2.93
2.93
2.93
2.93
2.93
2.93
2.93
2.93
2.93
2.93
2.93
2.93
2.93
2.93
2.93
2.93
2.93
2.93
2.93
2.933
2.933
2.933
2.933
2.933
2.933
2.933
2.933
2.933
2.933
2.933
2.933
2.933
2.933
2.933
2.933
2.933
2.933
2.933
2.933
2.933
2.933
2.933
2.933
2.933
2.933
2.933
2.933
2.933
2.933
2.919
2.919
2.919
2.919
2.919
2.919
2.919
2.919
2.919
2.919
2.919
2.919
2.919
2.919
2.919
2.919
2.919
2.919
2.919
2.919
2.919
2.919
2.919
2.919
2.919
2.919
2.919
2.919
2.919
2.919
2.958
2.958
2.958
2.958
2.958
2.958
2.958
2.958
2.958
2.958
2.958
2.958
2.958
2.958
2.958
2.958
2.958
2.958
2.958
2.958
2.958
2.958
2.958
2.958
2.958
2.958
2.958
2.958
2.958
2.958
2.96
2.96
2.96
2.96
2.96
2.96
2.96
2.96
2.96
2.96
2.96
2.96
2.96
2.96
2.96
2.96
2.96
2.96
2.96
2.96
2.96
2.96
2.96
2.96
2.96
2.96
2.96
2.96
2.96
2.96
2.958
2.958
2.958
2.958
2.958
2.958
2.958
2.958
2.958
2.958
2.958
2.958
2.958
2.958
2.958
2.958
2.958
2.958
2.958
2.958
2.958
2.958
2.958
2.958
2.958
2.958
2.958
2.958
2.958
2.958
2.939
2.939
2.939
2.939
2.939
2.939
2.939
2.939
2.939
2.939
2.939
2.939
2.939
2.939
2.939
2.939
2.939
2.939
2.939
2.939
2.939
2.939
2.939
2.939
2.939
2.939
2.939
2.939
2.939
2.939
3.218
3.218
3.218
3.218
3.218
3.218
3.218
3.218
3.218
3.218
3.218
3.218
3.218
3.218
3.218
3.218
3.218
3.218
3.218
3.218
3.218
3.218
3.218
3.218
3.218
3.218
3.218
3.218
3.218
3.218
3.193
3.193
3.193
3.193
3.193
3.193
3.193
3.193
3.193
3.193
3.193
3.193
3.193
3.193
3.193
3.193
3.193
3.193
3.193
3.193
3.193
3.193
3.193
3.193
3.193
3.193
3.193
3.193
3.193
3.193
3.261
3.261
3.261
3.261
3.261
3.261
3.261
3.261
3.261
3.261
3.261
3.261
3.261
3.261
3.261
3.261
3.261
3.261
3.261
3.261
3.261
3.261
3.261
3.261
3.261
3.261
3.261
3.261
3.261
3.261
3.298
3.298
3.298
3.298
3.298
3.298
3.298
3.298
3.298
3.298
3.298
3.298
3.298
3.298
3.298
3.298
3.298
3.298
3.298
3.298
3.298
3.298
3.298
3.298
3.298
3.298
3.298
3.298
3.298
3.298
3.761
3.761
3.761
3.761
3.761
3.761
3.761
3.761
3.761
3.761
3.761
3.761
3.761
3.761
3.761
3.761
3.761
3.761
3.761
3.761
3.761
3.761
3.761
3.761
3.761
3.761
3.761
3.761
3.761
3.761
3.842
3.842
3.842
3.842
3.842
3.842
3.842
3.842
3.842
3.842
3.842
3.842
3.842
3.842
3.842
3.842
3.842
3.842
3.842
3.842
3.842
3.842
3.842
3.842
3.842
3.842
3.842
3.842
3.842
3.842
3.851
3.851
3.851
3.851
3.851
3.851
3.851
3.851
3.851
3.851
3.851
3.851
3.851
3.851
3.851
3.851
3.851
3.851
3.851
3.851
3.851
3.851
3.851
3.851
3.851
3.851
3.851
3.851
3.851
3.851
4.647
4.647
4.647
4.647
4.647
4.647
4.647
4.647
4.647
4.647
4.647
4.647
4.647
4.647
4.647
4.647
4.647
4.647
4.647
4.647
4.647
4.647
4.647
4.647
4.647
4.647
4.647
4.647
4.647
4.647
5.485
5.485
5.485
5.485
5.485
5.485
5.485
5.485
5.485
5.485
5.485
5.485
5.485
5.485
5.485
5.485
5.485
5.485
5.485
5.485
5.485
5.485
5.485
5.485
5.485
5.485
5.485
5.485
5.485
5.485
4.849
4.849
4.849
4.849
4.849
4.849
4.849
4.849
4.849
4.849
4.849
4.849
4.849
4.849
4.849
4.849
4.849
4.849
4.849
4.849
4.849
4.849
4.849
4.849
4.849
4.849
4.849
4.849
4.849
4.849
4.263
4.263
4.263
4.263
4.263
4.263
4.263
4.263
4.263
4.263
4.263
4.263
4.263
4.263
4.263
4.263
4.263
4.263
4.263
4.263
4.263
4.263
4.263
4.263
4.263
4.263
4.263
4.263
4.263
4.263
4.194
4.194
4.194
4.194
4.194
4.194
4.194
4.194
4.194
4.194
4.194
4.194
4.194
4.194
4.194
4.194
4.194
4.194
4.194
4.194
4.194
4.194
4.194
4.194
4.194
4.194
4.194
4.194
4.194
4.194
3.467
3.467
3.467
3.467
3.467
3.467
3.467
3.467
3.467
3.467
3.467
3.467
3.467
3.467
3.467
3.467
3.467
3.467
3.467
3.467
3.467
3.467
3.467
3.467
3.467
3.467
3.467
3.467
3.467
3.467
3.376
3.376
3.376
3.376
3.376
3.376
3.376
3.376
3.376
3.376
3.376
3.376
3.376
3.376
3.376
3.376
3.376
3.376
3.376
3.376
3.376
3.376
3.376
3.376
3.376
3.376
3.376
3.376
3.376
3.376
3.224
3.224
3.224
3.224
3.224
3.224
3.224
3.224
3.224
3.224
3.224
3.224
3.224
3.224
3.224
3.224
3.224
3.224
3.224
3.224
3.224
3.224
3.224
3.224
3.224
3.224
3.224
3.224
3.224
3.224
3.156
3.156
3.156
3.156
3.156
3.156
3.156
3.156
3.156
3.156
3.156
3.156
3.156
3.156
3.156
3.156
3.156
3.156
3.156
3.156
3.156
3.156
3.156
3.156
3.156
3.156
3.156
3.156
3.156
3.156
3.191
3.191
3.191
3.191
3.191
3.191
3.191
3.191
3.191
3.191
3.191
3.191
3.191
3.191
3.191
3.191
3.191
3.191
3.191
3.191
3.191
3.191
3.191
3.191
3.191
3.191
3.191
3.191
3.191
3.191
3.331
3.331
3.331
3.331
3.331
3.331
3.331
3.331
3.331
3.331
3.331
3.331
3.331
3.331
3.331
3.331
3.331
3.331
3.331
3.331
3.331
3.331
3.331
3.331
3.331
3.331
3.331
3.331
3.331
3.331
