5.034
5.034
5.034
5.034
5.034
5.034
5.034
5.034
5.034
5.034
5.034
5.034
5.034
5.034
5.034
5.034
5.034
5.034
5.034
5.034
5.034
5.034
5.034
5.034
5.034
5.034
5.034
5.034
5.034
5.034
5.11
5.11
5.11
5.11
5.11
5.11
5.11
5.11
5.11
5.11
5.11
5.11
5.11
5.11
5.11
5.11
5.11
5.11
5.11
5.11
5.11
5.11
5.11
5.11
5.11
5.11
5.11
5.11
5.11
5.11
5.041
5.041
5.041
5.041
5.041
5.041
5.041
5.041
5.041
5.041
5.041
5.041
5.041
5.041
5.041
5.041
5.041
5.041
5.041
5.041
5.041
5.041
5.041
5.041
5.041
5.041
5.041
5.041
5.041
5.041
4.948
4.948
4.948
4.948
4.948
4.948
4.948
4.948
4.948
4.948
4.948
4.948
4.948
4.948
4.948
4.948
4.948
4.948
4.948
4.948
4.948
4.948
4.948
4.948
4.948
4.948
4.948
4.948
4.948
4.948
4.821
4.821
4.821
4.821
4.821
4.821
4.821
4.821
4.821
4.821
4.821
4.821
4.821
4.821
4.821
4.821
4.821
4.821
4.821
4.821
4.821
4.821
4.821
4.821
4.821
4.821
4.821
4.821
4.821
4.821
4.707
4.707
4.707
4.707
4.707
4.707
4.707
4.707
4.707
4.707
4.707
4.707
4.707
4.707
4.707
4.707
4.707
4.707
4.707
4.707
4.707
4.707
4.707
4.707
4.707
4.707
4.707
4.707
4.707
4.707
4.635
4.635
4.635
4.635
4.635
4.635
4.635
4.635
4.635
4.635
4.635
4.635
4.635
4.635
4.635
4.635
4.635
4.635
4.635
4.635
4.635
4.635
4.635
4.635
4.635
4.635
4.635
4.635
4.635
4.635
4.524
4.524
4.524
4.524
4.524
4.524
4.524
4.524
4.524
4.524
4.524
4.524
4.524
4.524
4.524
4.524
4.524
4.524
4.524
4.524
4.524
4.524
4.524
4.524
4.524
4.524
4.524
4.524
4.524
4.524
4.506
4.506
4.506
4.506
4.506
4.506
4.506
4.506
4.506
4.506
4.506
4.506
4.506
4.506
4.506
4.506
4.506
4.506
4.506
4.506
4.506
4.506
4.506
4.506
4.506
4.506
4.506
4.506
4.506
4.506
4.549
4.549
4.549
4.549
4.549
4.549
4.549
4.549
4.549
4.549
4.549
4.549
4.549
4.549
4.549
4.549
4.549
4.549
4.549
4.549
4.549
4.549
4.549
4.549
4.549
4.549
4.549
4.549
4.549
4.549
4.698
4.698
4.698
4.698
4.698
4.698
4.698
4.698
4.698
4.698
4.698
4.698
4.698
4.698
4.698
4.698
4.698
4.698
4.698
4.698
4.698
4.698
4.698
4.698
4.698
4.698
4.698
4.698
4.698
4.698
4.604
4.604
4.604
4.604
4.604
4.604
4.604
4.604
4.604
4.604
4.604
4.604
4.604
4.604
4.604
4.604
4.604
4.604
4.604
4.604
4.604
4.604
4.604
4.604
4.604
4.604
4.604
4.604
4.604
4.604
5.378
5.378
5.378
5.378
5.378
5.378
5.378
5.378
5.378
5.378
5.378
5.378
5.378
5.378
5.378
5.378
5.378
5.378
5.378
5.378
5.378
5.378
5.378
5.378
5.378
5.378
5.378
5.378
5.378
5.378
4.806
4.806
4.806
4.806
4.806
4.806
4.806
4.806
4.806
4.806
4.806
4.806
4.806
4.806
4.806
4.806
4.806
4.806
4.806
4.806
4.806
4.806
4.806
4.806
4.806
4.806
4.806
4.806
4.806
4.806
5.29
5.29
5.29
5.29
5.29
5.29
5.29
5.29
5.29
5.29
5.29
5.29
5.29
5.29
5.29
5.29
5.29
5.29
5.29
5.29
5.29
5.29
5.29
5.29
5.29
5.29
5.29
5.29
5.29
5.29
5.751
5.751
5.751
5.751
5.751
5.751
5.751
5.751
5.751
5.751
5.751
5.751
5.751
5.751
5.751
5.751
5.751
5.751
5.751
5.751
5.751
5.751
5.751
5.751
5.751
5.751
5.751
5.751
5.751
5.751
6.1
6.1
6.1
6.1
6.1
6.1
6.1
6.1
6.1
6.1
6.1
6.1
6.1
6.1
6.1
6.1
6.1
6.1
6.1
6.1
6.1
6.1
6.1
6.1
6.1
6.1
6.1
6.1
6.1
6.1
5.915
5.915
5.915
5.915
5.915
5.915
5.915
5.915
5.915
5.915
5.915
5.915
5.915
5.915
5.915
5.915
5.915
5.915
5.915
5.915
5.915
5.915
5.915
5.915
5.915
5.915
5.915
5.915
5.915
5.915
6.74
6.74
6.74
6.74
6.74
6.74
6.74
6.74
6.74
6.74
6.74
6.74
6.74
6.74
6.74
6.74
6.74
6.74
6.74
6.74
6.74
6.74
6.74
6.74
6.74
6.74
6.74
6.74
6.74
6.74
6.988
6.988
6.988
6.988
6.988
6.988
6.988
6.988
6.988
6.988
6.988
6.988
6.988
6.988
6.988
6.988
6.988
6.988
6.988
6.988
6.988
6.988
6.988
6.988
6.988
6.988
6.988
6.988
6.988
6.988
7.705
7.705
7.705
7.705
7.705
7.705
7.705
7.705
7.705
7.705
7.705
7.705
7.705
7.705
7.705
7.705
7.705
7.705
7.705
7.705
7.705
7.705
7.705
7.705
7.705
7.705
7.705
7.705
7.705
7.705
7.625
7.625
7.625
7.625
7.625
7.625
7.625
7.625
7.625
7.625
7.625
7.625
7.625
7.625
7.625
7.625
7.625
7.625
7.625
7.625
7.625
7.625
7.625
7.625
7.625
7.625
7.625
7.625
7.625
7.625
7.474
7.474
7.474
7.474
7.474
7.474
7.474
7.474
7.474
7.474
7.474
7.474
7.474
7.474
7.474
7.474
7.474
7.474
7.474
7.474
7.474
7.474
7.474
7.474
7.474
7.474
7.474
7.474
7.474
7.474
7.343
7.343
7.343
7.343
7.343
7.343
7.343
7.343
7.343
7.343
7.343
7.343
7.343
7.343
7.343
7.343
7.343
7.343
7.343
7.343
7.343
7.343
7.343
7.343
7.343
7.343
7.343
7.343
7.343
7.343
7.114
7.114
7.114
7.114
7.114
7.114
7.114
7.114
7.114
7.114
7.114
7.114
7.114
7.114
7.114
7.114
7.114
7.114
7.114
7.114
7.114
7.114
7.114
7.114
7.114
7.114
7.114
7.114
7.114
7.114
6.858
6.858
6.858
6.858
6.858
6.858
6.858
6.858
6.858
6.858
6.858
6.858
6.858
6.858
6.858
6.858
6.858
6.858
6.858
6.858
6.858
6.858
6.858
6.858
6.858
6.858
6.858
6.858
6.858
6.858
5.945
5.945
5.945
5.945
5.945
5.945
5.945
5.945
5.945
5.945
5.945
5.945
5.945
5.945
5.945
5.945
5.945
5.945
5.945
5.945
5.945
5.945
5.945
5.945
5.945
5.945
5.945
5.945
5.945
5.945
5.92
5.92
5.92
5.92
5.92
5.92
5.92
5.92
5.92
5.92
5.92
5.92
5.92
5.92
5.92
5.92
5.92
5.92
5.92
5.92
5.92
5.92
5.92
5.92
5.92
5.92
5.92
5.92
5.92
5.92
5.92
5.92
5.92
5.92
5.92
5.92
5.92
5.92
5.92
5.92
5.92
5.92
5.92
5.92
5.92
5.92
5.92
5.92
5.92
5.92
5.92
5.92
5.92
5.92
5.92
5.92
5.92
5.92
5.92
5.92
5.858
5.858
5.858
5.858
5.858
5.858
5.858
5.858
5.858
5.858
5.858
5.858
5.858
5.858
5.858
5.858
5.858
5.858
5.858
5.858
5.858
5.858
5.858
5.858
5.858
5.858
5.858
5.858
5.858
5.858
5.79
5.79
5.79
5.79
5.79
5.79
5.79
5.79
5.79
5.79
5.79
5.79
5.79
5.79
5.79
5.79
5.79
5.79
5.79
5.79
5.79
5.79
5.79
5.79
5.79
5.79
5.79
5.79
5.79
5.79
6.024
6.024
6.024
6.024
6.024
6.024
6.024
6.024
6.024
6.024
6.024
6.024
6.024
6.024
6.024
6.024
6.024
6.024
6.024
6.024
6.024
6.024
6.024
6.024
6.024
6.024
6.024
6.024
6.024
6.024
5.748
5.748
5.748
5.748
5.748
5.748
5.748
5.748
5.748
5.748
5.748
5.748
5.748
5.748
5.748
5.748
5.748
5.748
5.748
5.748
5.748
5.748
5.748
5.748
5.748
5.748
5.748
5.748
5.748
5.748
7.747
7.747
7.747
7.747
7.747
7.747
7.747
7.747
7.747
7.747
7.747
7.747
7.747
7.747
7.747
7.747
7.747
7.747
7.747
7.747
7.747
7.747
7.747
7.747
7.747
7.747
7.747
7.747
7.747
7.747
7.604
7.604
7.604
7.604
7.604
7.604
7.604
7.604
7.604
7.604
7.604
7.604
7.604
7.604
7.604
7.604
7.604
7.604
7.604
7.604
7.604
7.604
7.604
7.604
7.604
7.604
7.604
7.604
7.604
7.604
7.622
7.622
7.622
7.622
7.622
7.622
7.622
7.622
7.622
7.622
7.622
7.622
7.622
7.622
7.622
7.622
7.622
7.622
7.622
7.622
7.622
7.622
7.622
7.622
7.622
7.622
7.622
7.622
7.622
7.622
7.672
7.672
7.672
7.672
7.672
7.672
7.672
7.672
7.672
7.672
7.672
7.672
7.672
7.672
7.672
7.672
7.672
7.672
7.672
7.672
7.672
7.672
7.672
7.672
7.672
7.672
7.672
7.672
7.672
7.672
7.395
7.395
7.395
7.395
7.395
7.395
7.395
7.395
7.395
7.395
7.395
7.395
7.395
7.395
7.395
7.395
7.395
7.395
7.395
7.395
7.395
7.395
7.395
7.395
7.395
7.395
7.395
7.395
7.395
7.395
6.566
6.566
6.566
6.566
6.566
6.566
6.566
6.566
6.566
6.566
6.566
6.566
6.566
6.566
6.566
6.566
6.566
6.566
6.566
6.566
6.566
6.566
6.566
6.566
6.566
6.566
6.566
6.566
6.566
6.566
6.08
6.08
6.08
6.08
6.08
6.08
6.08
6.08
6.08
6.08
6.08
6.08
6.08
6.08
6.08
6.08
6.08
6.08
6.08
6.08
6.08
6.08
6.08
6.08
6.08
6.08
6.08
6.08
6.08
6.08
5.283
5.283
5.283
5.283
5.283
5.283
5.283
5.283
5.283
5.283
5.283
5.283
5.283
5.283
5.283
5.283
5.283
5.283
5.283
5.283
5.283
5.283
5.283
5.283
5.283
5.283
5.283
5.283
5.283
5.283
5.162
5.162
5.162
5.162
5.162
5.162
5.162
5.162
5.162
5.162
5.162
5.162
5.162
5.162
5.162
5.162
5.162
5.162
5.162
5.162
5.162
5.162
5.162
5.162
5.162
5.162
5.162
5.162
5.162
5.162
4.75
4.75
4.75
4.75
4.75
4.75
4.75
4.75
4.75
4.75
4.75
4.75
4.75
4.75
4.75
4.75
4.75
4.75
4.75
4.75
4.75
4.75
4.75
4.75
4.75
4.75
4.75
4.75
4.75
4.75
4.568
4.568
4.568
4.568
4.568
4.568
4.568
4.568
4.568
4.568
4.568
4.568
4.568
4.568
4.568
4.568
4.568
4.568
4.568
4.568
4.568
4.568
4.568
4.568
4.568
4.568
4.568
4.568
4.568
4.568
4.539
4.539
4.539
4.539
4.539
4.539
4.539
4.539
4.539
4.539
4.539
4.539
4.539
4.539
4.539
4.539
4.539
4.539
4.539
4.539
4.539
4.539
4.539
4.539
4.539
4.539
4.539
4.539
4.539
4.539
4.488
4.488
4.488
4.488
4.488
4.488
4.488
4.488
4.488
4.488
4.488
4.488
4.488
4.488
4.488
4.488
4.488
4.488
4.488
4.488
4.488
4.488
4.488
4.488
4.488
4.488
4.488
4.488
4.488
4.488
4.433
4.433
4.433
4.433
4.433
4.433
4.433
4.433
4.433
4.433
4.433
4.433
4.433
4.433
4.433
4.433
4.433
4.433
4.433
4.433
4.433
4.433
4.433
4.433
4.433
4.433
4.433
4.433
4.433
4.433
4.575
4.575
4.575
4.575
4.575
4.575
4.575
4.575
4.575
4.575
4.575
4.575
4.575
4.575
4.575
4.575
4.575
4.575
4.575
4.575
4.575
4.575
4.575
4.575
4.575
4.575
4.575
4.575
4.575
4.575
