3.833
3.833
3.833
3.833
3.833
3.833
3.833
3.833
3.833
3.833
3.833
3.833
3.833
3.833
3.833
3.833
3.833
3.833
3.833
3.833
3.833
3.833
3.833
3.833
3.833
3.833
3.833
3.833
3.833
3.833
3.847
3.847
3.847
3.847
3.847
3.847
3.847
3.847
3.847
3.847
3.847
3.847
3.847
3.847
3.847
3.847
3.847
3.847
3.847
3.847
3.847
3.847
3.847
3.847
3.847
3.847
3.847
3.847
3.847
3.847
3.771
3.771
3.771
3.771
3.771
3.771
3.771
3.771
3.771
3.771
3.771
3.771
3.771
3.771
3.771
3.771
3.771
3.771
3.771
3.771
3.771
3.771
3.771
3.771
3.771
3.771
3.771
3.771
3.771
3.771
3.487
3.487
3.487
3.487
3.487
3.487
3.487
3.487
3.487
3.487
3.487
3.487
3.487
3.487
3.487
3.487
3.487
3.487
3.487
3.487
3.487
3.487
3.487
3.487
3.487
3.487
3.487
3.487
3.487
3.487
3.515
3.515
3.515
3.515
3.515
3.515
3.515
3.515
3.515
3.515
3.515
3.515
3.515
3.515
3.515
3.515
3.515
3.515
3.515
3.515
3.515
3.515
3.515
3.515
3.515
3.515
3.515
3.515
3.515
3.515
3.475
3.475
3.475
3.475
3.475
3.475
3.475
3.475
3.475
3.475
3.475
3.475
3.475
3.475
3.475
3.475
3.475
3.475
3.475
3.475
3.475
3.475
3.475
3.475
3.475
3.475
3.475
3.475
3.475
3.475
3.094
3.094
3.094
3.094
3.094
3.094
3.094
3.094
3.094
3.094
3.094
3.094
3.094
3.094
3.094
3.094
3.094
3.094
3.094
3.094
3.094
3.094
3.094
3.094
3.094
3.094
3.094
3.094
3.094
3.094
2.957
2.957
2.957
2.957
2.957
2.957
2.957
2.957
2.957
2.957
2.957
2.957
2.957
2.957
2.957
2.957
2.957
2.957
2.957
2.957
2.957
2.957
2.957
2.957
2.957
2.957
2.957
2.957
2.957
2.957
2.938
2.938
2.938
2.938
2.938
2.938
2.938
2.938
2.938
2.938
2.938
2.938
2.938
2.938
2.938
2.938
2.938
2.938
2.938
2.938
2.938
2.938
2.938
2.938
2.938
2.938
2.938
2.938
2.938
2.938
2.952
2.952
2.952
2.952
2.952
2.952
2.952
2.952
2.952
2.952
2.952
2.952
2.952
2.952
2.952
2.952
2.952
2.952
2.952
2.952
2.952
2.952
2.952
2.952
2.952
2.952
2.952
2.952
2.952
2.952
3.195
3.195
3.195
3.195
3.195
3.195
3.195
3.195
3.195
3.195
3.195
3.195
3.195
3.195
3.195
3.195
3.195
3.195
3.195
3.195
3.195
3.195
3.195
3.195
3.195
3.195
3.195
3.195
3.195
3.195
3.253
3.253
3.253
3.253
3.253
3.253
3.253
3.253
3.253
3.253
3.253
3.253
3.253
3.253
3.253
3.253
3.253
3.253
3.253
3.253
3.253
3.253
3.253
3.253
3.253
3.253
3.253
3.253
3.253
3.253
3.607
3.607
3.607
3.607
3.607
3.607
3.607
3.607
3.607
3.607
3.607
3.607
3.607
3.607
3.607
3.607
3.607
3.607
3.607
3.607
3.607
3.607
3.607
3.607
3.607
3.607
3.607
3.607
3.607
3.607
3.353
3.353
3.353
3.353
3.353
3.353
3.353
3.353
3.353
3.353
3.353
3.353
3.353
3.353
3.353
3.353
3.353
3.353
3.353
3.353
3.353
3.353
3.353
3.353
3.353
3.353
3.353
3.353
3.353
3.353
4.146
4.146
4.146
4.146
4.146
4.146
4.146
4.146
4.146
4.146
4.146
4.146
4.146
4.146
4.146
4.146
4.146
4.146
4.146
4.146
4.146
4.146
4.146
4.146
4.146
4.146
4.146
4.146
4.146
4.146
4.551
4.551
4.551
4.551
4.551
4.551
4.551
4.551
4.551
4.551
4.551
4.551
4.551
4.551
4.551
4.551
4.551
4.551
4.551
4.551
4.551
4.551
4.551
4.551
4.551
4.551
4.551
4.551
4.551
4.551
4.459
4.459
4.459
4.459
4.459
4.459
4.459
4.459
4.459
4.459
4.459
4.459
4.459
4.459
4.459
4.459
4.459
4.459
4.459
4.459
4.459
4.459
4.459
4.459
4.459
4.459
4.459
4.459
4.459
4.459
4.47
4.47
4.47
4.47
4.47
4.47
4.47
4.47
4.47
4.47
4.47
4.47
4.47
4.47
4.47
4.47
4.47
4.47
4.47
4.47
4.47
4.47
4.47
4.47
4.47
4.47
4.47
4.47
4.47
4.47
4.188
4.188
4.188
4.188
4.188
4.188
4.188
4.188
4.188
4.188
4.188
4.188
4.188
4.188
4.188
4.188
4.188
4.188
4.188
4.188
4.188
4.188
4.188
4.188
4.188
4.188
4.188
4.188
4.188
4.188
3.824
3.824
3.824
3.824
3.824
3.824
3.824
3.824
3.824
3.824
3.824
3.824
3.824
3.824
3.824
3.824
3.824
3.824
3.824
3.824
3.824
3.824
3.824
3.824
3.824
3.824
3.824
3.824
3.824
3.824
3.77
3.77
3.77
3.77
3.77
3.77
3.77
3.77
3.77
3.77
3.77
3.77
3.77
3.77
3.77
3.77
3.77
3.77
3.77
3.77
3.77
3.77
3.77
3.77
3.77
3.77
3.77
3.77
3.77
3.77
3.746
3.746
3.746
3.746
3.746
3.746
3.746
3.746
3.746
3.746
3.746
3.746
3.746
3.746
3.746
3.746
3.746
3.746
3.746
3.746
3.746
3.746
3.746
3.746
3.746
3.746
3.746
3.746
3.746
3.746
3.474
3.474
3.474
3.474
3.474
3.474
3.474
3.474
3.474
3.474
3.474
3.474
3.474
3.474
3.474
3.474
3.474
3.474
3.474
3.474
3.474
3.474
3.474
3.474
3.474
3.474
3.474
3.474
3.474
3.474
3.538
3.538
3.538
3.538
3.538
3.538
3.538
3.538
3.538
3.538
3.538
3.538
3.538
3.538
3.538
3.538
3.538
3.538
3.538
3.538
3.538
3.538
3.538
3.538
3.538
3.538
3.538
3.538
3.538
3.538
3.433
3.433
3.433
3.433
3.433
3.433
3.433
3.433
3.433
3.433
3.433
3.433
3.433
3.433
3.433
3.433
3.433
3.433
3.433
3.433
3.433
3.433
3.433
3.433
3.433
3.433
3.433
3.433
3.433
3.433
3.399
3.399
3.399
3.399
3.399
3.399
3.399
3.399
3.399
3.399
3.399
3.399
3.399
3.399
3.399
3.399
3.399
3.399
3.399
3.399
3.399
3.399
3.399
3.399
3.399
3.399
3.399
3.399
3.399
3.399
3.444
3.444
3.444
3.444
3.444
3.444
3.444
3.444
3.444
3.444
3.444
3.444
3.444
3.444
3.444
3.444
3.444
3.444
3.444
3.444
3.444
3.444
3.444
3.444
3.444
3.444
3.444
3.444
3.444
3.444
3.432
3.432
3.432
3.432
3.432
3.432
3.432
3.432
3.432
3.432
3.432
3.432
3.432
3.432
3.432
3.432
3.432
3.432
3.432
3.432
3.432
3.432
3.432
3.432
3.432
3.432
3.432
3.432
3.432
3.432
3.444
3.444
3.444
3.444
3.444
3.444
3.444
3.444
3.444
3.444
3.444
3.444
3.444
3.444
3.444
3.444
3.444
3.444
3.444
3.444
3.444
3.444
3.444
3.444
3.444
3.444
3.444
3.444
3.444
3.444
3.402
3.402
3.402
3.402
3.402
3.402
3.402
3.402
3.402
3.402
3.402
3.402
3.402
3.402
3.402
3.402
3.402
3.402
3.402
3.402
3.402
3.402
3.402
3.402
3.402
3.402
3.402
3.402
3.402
3.402
3.506
3.506
3.506
3.506
3.506
3.506
3.506
3.506
3.506
3.506
3.506
3.506
3.506
3.506
3.506
3.506
3.506
3.506
3.506
3.506
3.506
3.506
3.506
3.506
3.506
3.506
3.506
3.506
3.506
3.506
3.555
3.555
3.555
3.555
3.555
3.555
3.555
3.555
3.555
3.555
3.555
3.555
3.555
3.555
3.555
3.555
3.555
3.555
3.555
3.555
3.555
3.555
3.555
3.555
3.555
3.555
3.555
3.555
3.555
3.555
3.67
3.67
3.67
3.67
3.67
3.67
3.67
3.67
3.67
3.67
3.67
3.67
3.67
3.67
3.67
3.67
3.67
3.67
3.67
3.67
3.67
3.67
3.67
3.67
3.67
3.67
3.67
3.67
3.67
3.67
3.796
3.796
3.796
3.796
3.796
3.796
3.796
3.796
3.796
3.796
3.796
3.796
3.796
3.796
3.796
3.796
3.796
3.796
3.796
3.796
3.796
3.796
3.796
3.796
3.796
3.796
3.796
3.796
3.796
3.796
4.202
4.202
4.202
4.202
4.202
4.202
4.202
4.202
4.202
4.202
4.202
4.202
4.202
4.202
4.202
4.202
4.202
4.202
4.202
4.202
4.202
4.202
4.202
4.202
4.202
4.202
4.202
4.202
4.202
4.202
4.192
4.192
4.192
4.192
4.192
4.192
4.192
4.192
4.192
4.192
4.192
4.192
4.192
4.192
4.192
4.192
4.192
4.192
4.192
4.192
4.192
4.192
4.192
4.192
4.192
4.192
4.192
4.192
4.192
4.192
4.758
4.758
4.758
4.758
4.758
4.758
4.758
4.758
4.758
4.758
4.758
4.758
4.758
4.758
4.758
4.758
4.758
4.758
4.758
4.758
4.758
4.758
4.758
4.758
4.758
4.758
4.758
4.758
4.758
4.758
6.898
6.898
6.898
6.898
6.898
6.898
6.898
6.898
6.898
6.898
6.898
6.898
6.898
6.898
6.898
6.898
6.898
6.898
6.898
6.898
6.898
6.898
6.898
6.898
6.898
6.898
6.898
6.898
6.898
6.898
5.666
5.666
5.666
5.666
5.666
5.666
5.666
5.666
5.666
5.666
5.666
5.666
5.666
5.666
5.666
5.666
5.666
5.666
5.666
5.666
5.666
5.666
5.666
5.666
5.666
5.666
5.666
5.666
5.666
5.666
4.307
4.307
4.307
4.307
4.307
4.307
4.307
4.307
4.307
4.307
4.307
4.307
4.307
4.307
4.307
4.307
4.307
4.307
4.307
4.307
4.307
4.307
4.307
4.307
4.307
4.307
4.307
4.307
4.307
4.307
4.407
4.407
4.407
4.407
4.407
4.407
4.407
4.407
4.407
4.407
4.407
4.407
4.407
4.407
4.407
4.407
4.407
4.407
4.407
4.407
4.407
4.407
4.407
4.407
4.407
4.407
4.407
4.407
4.407
4.407
4.217
4.217
4.217
4.217
4.217
4.217
4.217
4.217
4.217
4.217
4.217
4.217
4.217
4.217
4.217
4.217
4.217
4.217
4.217
4.217
4.217
4.217
4.217
4.217
4.217
4.217
4.217
4.217
4.217
4.217
3.993
3.993
3.993
3.993
3.993
3.993
3.993
3.993
3.993
3.993
3.993
3.993
3.993
3.993
3.993
3.993
3.993
3.993
3.993
3.993
3.993
3.993
3.993
3.993
3.993
3.993
3.993
3.993
3.993
3.993
3.955
3.955
3.955
3.955
3.955
3.955
3.955
3.955
3.955
3.955
3.955
3.955
3.955
3.955
3.955
3.955
3.955
3.955
3.955
3.955
3.955
3.955
3.955
3.955
3.955
3.955
3.955
3.955
3.955
3.955
3.887
3.887
3.887
3.887
3.887
3.887
3.887
3.887
3.887
3.887
3.887
3.887
3.887
3.887
3.887
3.887
3.887
3.887
3.887
3.887
3.887
3.887
3.887
3.887
3.887
3.887
3.887
3.887
3.887
3.887
3.8
3.8
3.8
3.8
3.8
3.8
3.8
3.8
3.8
3.8
3.8
3.8
3.8
3.8
3.8
3.8
3.8
3.8
3.8
3.8
3.8
3.8
3.8
3.8
3.8
3.8
3.8
3.8
3.8
3.8
3.718
3.718
3.718
3.718
3.718
3.718
3.718
3.718
3.718
3.718
3.718
3.718
3.718
3.718
3.718
3.718
3.718
3.718
3.718
3.718
3.718
3.718
3.718
3.718
3.718
3.718
3.718
3.718
3.718
3.718
3.645
3.645
3.645
3.645
3.645
3.645
3.645
3.645
3.645
3.645
3.645
3.645
3.645
3.645
3.645
3.645
3.645
3.645
3.645
3.645
3.645
3.645
3.645
3.645
3.645
3.645
3.645
3.645
3.645
3.645
