2.813
2.813
2.813
2.813
2.813
2.813
2.813
2.813
2.813
2.813
2.813
2.813
2.813
2.813
2.813
2.813
2.813
2.813
2.813
2.813
2.813
2.813
2.813
2.813
2.813
2.813
2.813
2.813
2.813
2.813
2.749
2.749
2.749
2.749
2.749
2.749
2.749
2.749
2.749
2.749
2.749
2.749
2.749
2.749
2.749
2.749
2.749
2.749
2.749
2.749
2.749
2.749
2.749
2.749
2.749
2.749
2.749
2.749
2.749
2.749
2.744
2.744
2.744
2.744
2.744
2.744
2.744
2.744
2.744
2.744
2.744
2.744
2.744
2.744
2.744
2.744
2.744
2.744
2.744
2.744
2.744
2.744
2.744
2.744
2.744
2.744
2.744
2.744
2.744
2.744
2.231
2.231
2.231
2.231
2.231
2.231
2.231
2.231
2.231
2.231
2.231
2.231
2.231
2.231
2.231
2.231
2.231
2.231
2.231
2.231
2.231
2.231
2.231
2.231
2.231
2.231
2.231
2.231
2.231
2.231
1.647
1.647
1.647
1.647
1.647
1.647
1.647
1.647
1.647
1.647
1.647
1.647
1.647
1.647
1.647
1.647
1.647
1.647
1.647
1.647
1.647
1.647
1.647
1.647
1.647
1.647
1.647
1.647
1.647
1.647
1.919
1.919
1.919
1.919
1.919
1.919
1.919
1.919
1.919
1.919
1.919
1.919
1.919
1.919
1.919
1.919
1.919
1.919
1.919
1.919
1.919
1.919
1.919
1.919
1.919
1.919
1.919
1.919
1.919
1.919
0.911
0.911
0.911
0.911
0.911
0.911
0.911
0.911
0.911
0.911
0.911
0.911
0.911
0.911
0.911
0.911
0.911
0.911
0.911
0.911
0.911
0.911
0.911
0.911
0.911
0.911
0.911
0.911
0.911
0.911
0.927
0.927
0.927
0.927
0.927
0.927
0.927
0.927
0.927
0.927
0.927
0.927
0.927
0.927
0.927
0.927
0.927
0.927
0.927
0.927
0.927
0.927
0.927
0.927
0.927
0.927
0.927
0.927
0.927
0.927
0.936
0.936
0.936
0.936
0.936
0.936
0.936
0.936
0.936
0.936
0.936
0.936
0.936
0.936
0.936
0.936
0.936
0.936
0.936
0.936
0.936
0.936
0.936
0.936
0.936
0.936
0.936
0.936
0.936
0.936
0.948
0.948
0.948
0.948
0.948
0.948
0.948
0.948
0.948
0.948
0.948
0.948
0.948
0.948
0.948
0.948
0.948
0.948
0.948
0.948
0.948
0.948
0.948
0.948
0.948
0.948
0.948
0.948
0.948
0.948
1.372
1.372
1.372
1.372
1.372
1.372
1.372
1.372
1.372
1.372
1.372
1.372
1.372
1.372
1.372
1.372
1.372
1.372
1.372
1.372
1.372
1.372
1.372
1.372
1.372
1.372
1.372
1.372
1.372
1.372
1.643
1.643
1.643
1.643
1.643
1.643
1.643
1.643
1.643
1.643
1.643
1.643
1.643
1.643
1.643
1.643
1.643
1.643
1.643
1.643
1.643
1.643
1.643
1.643
1.643
1.643
1.643
1.643
1.643
1.643
2.327
2.327
2.327
2.327
2.327
2.327
2.327
2.327
2.327
2.327
2.327
2.327
2.327
2.327
2.327
2.327
2.327
2.327
2.327
2.327
2.327
2.327
2.327
2.327
2.327
2.327
2.327
2.327
2.327
2.327
2.379
2.379
2.379
2.379
2.379
2.379
2.379
2.379
2.379
2.379
2.379
2.379
2.379
2.379
2.379
2.379
2.379
2.379
2.379
2.379
2.379
2.379
2.379
2.379
2.379
2.379
2.379
2.379
2.379
2.379
3.079
3.079
3.079
3.079
3.079
3.079
3.079
3.079
3.079
3.079
3.079
3.079
3.079
3.079
3.079
3.079
3.079
3.079
3.079
3.079
3.079
3.079
3.079
3.079
3.079
3.079
3.079
3.079
3.079
3.079
3.252
3.252
3.252
3.252
3.252
3.252
3.252
3.252
3.252
3.252
3.252
3.252
3.252
3.252
3.252
3.252
3.252
3.252
3.252
3.252
3.252
3.252
3.252
3.252
3.252
3.252
3.252
3.252
3.252
3.252
3.442
3.442
3.442
3.442
3.442
3.442
3.442
3.442
3.442
3.442
3.442
3.442
3.442
3.442
3.442
3.442
3.442
3.442
3.442
3.442
3.442
3.442
3.442
3.442
3.442
3.442
3.442
3.442
3.442
3.442
3.455
3.455
3.455
3.455
3.455
3.455
3.455
3.455
3.455
3.455
3.455
3.455
3.455
3.455
3.455
3.455
3.455
3.455
3.455
3.455
3.455
3.455
3.455
3.455
3.455
3.455
3.455
3.455
3.455
3.455
3.757
3.757
3.757
3.757
3.757
3.757
3.757
3.757
3.757
3.757
3.757
3.757
3.757
3.757
3.757
3.757
3.757
3.757
3.757
3.757
3.757
3.757
3.757
3.757
3.757
3.757
3.757
3.757
3.757
3.757
3.777
3.777
3.777
3.777
3.777
3.777
3.777
3.777
3.777
3.777
3.777
3.777
3.777
3.777
3.777
3.777
3.777
3.777
3.777
3.777
3.777
3.777
3.777
3.777
3.777
3.777
3.777
3.777
3.777
3.777
3.757
3.757
3.757
3.757
3.757
3.757
3.757
3.757
3.757
3.757
3.757
3.757
3.757
3.757
3.757
3.757
3.757
3.757
3.757
3.757
3.757
3.757
3.757
3.757
3.757
3.757
3.757
3.757
3.757
3.757
3.64
3.64
3.64
3.64
3.64
3.64
3.64
3.64
3.64
3.64
3.64
3.64
3.64
3.64
3.64
3.64
3.64
3.64
3.64
3.64
3.64
3.64
3.64
3.64
3.64
3.64
3.64
3.64
3.64
3.64
3.465
3.465
3.465
3.465
3.465
3.465
3.465
3.465
3.465
3.465
3.465
3.465
3.465
3.465
3.465
3.465
3.465
3.465
3.465
3.465
3.465
3.465
3.465
3.465
3.465
3.465
3.465
3.465
3.465
3.465
3.466
3.466
3.466
3.466
3.466
3.466
3.466
3.466
3.466
3.466
3.466
3.466
3.466
3.466
3.466
3.466
3.466
3.466
3.466
3.466
3.466
3.466
3.466
3.466
3.466
3.466
3.466
3.466
3.466
3.466
3.454
3.454
3.454
3.454
3.454
3.454
3.454
3.454
3.454
3.454
3.454
3.454
3.454
3.454
3.454
3.454
3.454
3.454
3.454
3.454
3.454
3.454
3.454
3.454
3.454
3.454
3.454
3.454
3.454
3.454
3.355
3.355
3.355
3.355
3.355
3.355
3.355
3.355
3.355
3.355
3.355
3.355
3.355
3.355
3.355
3.355
3.355
3.355
3.355
3.355
3.355
3.355
3.355
3.355
3.355
3.355
3.355
3.355
3.355
3.355
3.158
3.158
3.158
3.158
3.158
3.158
3.158
3.158
3.158
3.158
3.158
3.158
3.158
3.158
3.158
3.158
3.158
3.158
3.158
3.158
3.158
3.158
3.158
3.158
3.158
3.158
3.158
3.158
3.158
3.158
3.153
3.153
3.153
3.153
3.153
3.153
3.153
3.153
3.153
3.153
3.153
3.153
3.153
3.153
3.153
3.153
3.153
3.153
3.153
3.153
3.153
3.153
3.153
3.153
3.153
3.153
3.153
3.153
3.153
3.153
3.149
3.149
3.149
3.149
3.149
3.149
3.149
3.149
3.149
3.149
3.149
3.149
3.149
3.149
3.149
3.149
3.149
3.149
3.149
3.149
3.149
3.149
3.149
3.149
3.149
3.149
3.149
3.149
3.149
3.149
3.126
3.126
3.126
3.126
3.126
3.126
3.126
3.126
3.126
3.126
3.126
3.126
3.126
3.126
3.126
3.126
3.126
3.126
3.126
3.126
3.126
3.126
3.126
3.126
3.126
3.126
3.126
3.126
3.126
3.126
3.278
3.278
3.278
3.278
3.278
3.278
3.278
3.278
3.278
3.278
3.278
3.278
3.278
3.278
3.278
3.278
3.278
3.278
3.278
3.278
3.278
3.278
3.278
3.278
3.278
3.278
3.278
3.278
3.278
3.278
3.312
3.312
3.312
3.312
3.312
3.312
3.312
3.312
3.312
3.312
3.312
3.312
3.312
3.312
3.312
3.312
3.312
3.312
3.312
3.312
3.312
3.312
3.312
3.312
3.312
3.312
3.312
3.312
3.312
3.312
3.496
3.496
3.496
3.496
3.496
3.496
3.496
3.496
3.496
3.496
3.496
3.496
3.496
3.496
3.496
3.496
3.496
3.496
3.496
3.496
3.496
3.496
3.496
3.496
3.496
3.496
3.496
3.496
3.496
3.496
3.658
3.658
3.658
3.658
3.658
3.658
3.658
3.658
3.658
3.658
3.658
3.658
3.658
3.658
3.658
3.658
3.658
3.658
3.658
3.658
3.658
3.658
3.658
3.658
3.658
3.658
3.658
3.658
3.658
3.658
4.247
4.247
4.247
4.247
4.247
4.247
4.247
4.247
4.247
4.247
4.247
4.247
4.247
4.247
4.247
4.247
4.247
4.247
4.247
4.247
4.247
4.247
4.247
4.247
4.247
4.247
4.247
4.247
4.247
4.247
4.402
4.402
4.402
4.402
4.402
4.402
4.402
4.402
4.402
4.402
4.402
4.402
4.402
4.402
4.402
4.402
4.402
4.402
4.402
4.402
4.402
4.402
4.402
4.402
4.402
4.402
4.402
4.402
4.402
4.402
4.292
4.292
4.292
4.292
4.292
4.292
4.292
4.292
4.292
4.292
4.292
4.292
4.292
4.292
4.292
4.292
4.292
4.292
4.292
4.292
4.292
4.292
4.292
4.292
4.292
4.292
4.292
4.292
4.292
4.292
3.949
3.949
3.949
3.949
3.949
3.949
3.949
3.949
3.949
3.949
3.949
3.949
3.949
3.949
3.949
3.949
3.949
3.949
3.949
3.949
3.949
3.949
3.949
3.949
3.949
3.949
3.949
3.949
3.949
3.949
3.474
3.474
3.474
3.474
3.474
3.474
3.474
3.474
3.474
3.474
3.474
3.474
3.474
3.474
3.474
3.474
3.474
3.474
3.474
3.474
3.474
3.474
3.474
3.474
3.474
3.474
3.474
3.474
3.474
3.474
3.451
3.451
3.451
3.451
3.451
3.451
3.451
3.451
3.451
3.451
3.451
3.451
3.451
3.451
3.451
3.451
3.451
3.451
3.451
3.451
3.451
3.451
3.451
3.451
3.451
3.451
3.451
3.451
3.451
3.451
3.463
3.463
3.463
3.463
3.463
3.463
3.463
3.463
3.463
3.463
3.463
3.463
3.463
3.463
3.463
3.463
3.463
3.463
3.463
3.463
3.463
3.463
3.463
3.463
3.463
3.463
3.463
3.463
3.463
3.463
3.293
3.293
3.293
3.293
3.293
3.293
3.293
3.293
3.293
3.293
3.293
3.293
3.293
3.293
3.293
3.293
3.293
3.293
3.293
3.293
3.293
3.293
3.293
3.293
3.293
3.293
3.293
3.293
3.293
3.293
3.159
3.159
3.159
3.159
3.159
3.159
3.159
3.159
3.159
3.159
3.159
3.159
3.159
3.159
3.159
3.159
3.159
3.159
3.159
3.159
3.159
3.159
3.159
3.159
3.159
3.159
3.159
3.159
3.159
3.159
3.095
3.095
3.095
3.095
3.095
3.095
3.095
3.095
3.095
3.095
3.095
3.095
3.095
3.095
3.095
3.095
3.095
3.095
3.095
3.095
3.095
3.095
3.095
3.095
3.095
3.095
3.095
3.095
3.095
3.095
3.174
3.174
3.174
3.174
3.174
3.174
3.174
3.174
3.174
3.174
3.174
3.174
3.174
3.174
3.174
3.174
3.174
3.174
3.174
3.174
3.174
3.174
3.174
3.174
3.174
3.174
3.174
3.174
3.174
3.174
3.127
3.127
3.127
3.127
3.127
3.127
3.127
3.127
3.127
3.127
3.127
3.127
3.127
3.127
3.127
3.127
3.127
3.127
3.127
3.127
3.127
3.127
3.127
3.127
3.127
3.127
3.127
3.127
3.127
3.127
3.16
3.16
3.16
3.16
3.16
3.16
3.16
3.16
3.16
3.16
3.16
3.16
3.16
3.16
3.16
3.16
3.16
3.16
3.16
3.16
3.16
3.16
3.16
3.16
3.16
3.16
3.16
3.16
3.16
3.16
2.923
2.923
2.923
2.923
2.923
2.923
2.923
2.923
2.923
2.923
2.923
2.923
2.923
2.923
2.923
2.923
2.923
2.923
2.923
2.923
2.923
2.923
2.923
2.923
2.923
2.923
2.923
2.923
2.923
2.923
