2.535
2.535
2.535
2.535
2.535
2.535
2.535
2.535
2.535
2.535
2.535
2.535
2.535
2.535
2.535
2.535
2.535
2.535
2.535
2.535
2.535
2.535
2.535
2.535
2.535
2.535
2.535
2.535
2.535
2.535
2.618
2.618
2.618
2.618
2.618
2.618
2.618
2.618
2.618
2.618
2.618
2.618
2.618
2.618
2.618
2.618
2.618
2.618
2.618
2.618
2.618
2.618
2.618
2.618
2.618
2.618
2.618
2.618
2.618
2.618
2.69
2.69
2.69
2.69
2.69
2.69
2.69
2.69
2.69
2.69
2.69
2.69
2.69
2.69
2.69
2.69
2.69
2.69
2.69
2.69
2.69
2.69
2.69
2.69
2.69
2.69
2.69
2.69
2.69
2.69
2.787
2.787
2.787
2.787
2.787
2.787
2.787
2.787
2.787
2.787
2.787
2.787
2.787
2.787
2.787
2.787
2.787
2.787
2.787
2.787
2.787
2.787
2.787
2.787
2.787
2.787
2.787
2.787
2.787
2.787
2.712
2.712
2.712
2.712
2.712
2.712
2.712
2.712
2.712
2.712
2.712
2.712
2.712
2.712
2.712
2.712
2.712
2.712
2.712
2.712
2.712
2.712
2.712
2.712
2.712
2.712
2.712
2.712
2.712
2.712
2.667
2.667
2.667
2.667
2.667
2.667
2.667
2.667
2.667
2.667
2.667
2.667
2.667
2.667
2.667
2.667
2.667
2.667
2.667
2.667
2.667
2.667
2.667
2.667
2.667
2.667
2.667
2.667
2.667
2.667
2.631
2.631
2.631
2.631
2.631
2.631
2.631
2.631
2.631
2.631
2.631
2.631
2.631
2.631
2.631
2.631
2.631
2.631
2.631
2.631
2.631
2.631
2.631
2.631
2.631
2.631
2.631
2.631
2.631
2.631
2.478
2.478
2.478
2.478
2.478
2.478
2.478
2.478
2.478
2.478
2.478
2.478
2.478
2.478
2.478
2.478
2.478
2.478
2.478
2.478
2.478
2.478
2.478
2.478
2.478
2.478
2.478
2.478
2.478
2.478
2.448
2.448
2.448
2.448
2.448
2.448
2.448
2.448
2.448
2.448
2.448
2.448
2.448
2.448
2.448
2.448
2.448
2.448
2.448
2.448
2.448
2.448
2.448
2.448
2.448
2.448
2.448
2.448
2.448
2.448
2.467
2.467
2.467
2.467
2.467
2.467
2.467
2.467
2.467
2.467
2.467
2.467
2.467
2.467
2.467
2.467
2.467
2.467
2.467
2.467
2.467
2.467
2.467
2.467
2.467
2.467
2.467
2.467
2.467
2.467
2.604
2.604
2.604
2.604
2.604
2.604
2.604
2.604
2.604
2.604
2.604
2.604
2.604
2.604
2.604
2.604
2.604
2.604
2.604
2.604
2.604
2.604
2.604
2.604
2.604
2.604
2.604
2.604
2.604
2.604
2.479
2.479
2.479
2.479
2.479
2.479
2.479
2.479
2.479
2.479
2.479
2.479
2.479
2.479
2.479
2.479
2.479
2.479
2.479
2.479
2.479
2.479
2.479
2.479
2.479
2.479
2.479
2.479
2.479
2.479
2.664
2.664
2.664
2.664
2.664
2.664
2.664
2.664
2.664
2.664
2.664
2.664
2.664
2.664
2.664
2.664
2.664
2.664
2.664
2.664
2.664
2.664
2.664
2.664
2.664
2.664
2.664
2.664
2.664
2.664
2.796
2.796
2.796
2.796
2.796
2.796
2.796
2.796
2.796
2.796
2.796
2.796
2.796
2.796
2.796
2.796
2.796
2.796
2.796
2.796
2.796
2.796
2.796
2.796
2.796
2.796
2.796
2.796
2.796
2.796
3.451
3.451
3.451
3.451
3.451
3.451
3.451
3.451
3.451
3.451
3.451
3.451
3.451
3.451
3.451
3.451
3.451
3.451
3.451
3.451
3.451
3.451
3.451
3.451
3.451
3.451
3.451
3.451
3.451
3.451
4.344
4.344
4.344
4.344
4.344
4.344
4.344
4.344
4.344
4.344
4.344
4.344
4.344
4.344
4.344
4.344
4.344
4.344
4.344
4.344
4.344
4.344
4.344
4.344
4.344
4.344
4.344
4.344
4.344
4.344
5.02
5.02
5.02
5.02
5.02
5.02
5.02
5.02
5.02
5.02
5.02
5.02
5.02
5.02
5.02
5.02
5.02
5.02
5.02
5.02
5.02
5.02
5.02
5.02
5.02
5.02
5.02
5.02
5.02
5.02
4.627
4.627
4.627
4.627
4.627
4.627
4.627
4.627
4.627
4.627
4.627
4.627
4.627
4.627
4.627
4.627
4.627
4.627
4.627
4.627
4.627
4.627
4.627
4.627
4.627
4.627
4.627
4.627
4.627
4.627
4.617
4.617
4.617
4.617
4.617
4.617
4.617
4.617
4.617
4.617
4.617
4.617
4.617
4.617
4.617
4.617
4.617
4.617
4.617
4.617
4.617
4.617
4.617
4.617
4.617
4.617
4.617
4.617
4.617
4.617
4.166
4.166
4.166
4.166
4.166
4.166
4.166
4.166
4.166
4.166
4.166
4.166
4.166
4.166
4.166
4.166
4.166
4.166
4.166
4.166
4.166
4.166
4.166
4.166
4.166
4.166
4.166
4.166
4.166
4.166
3.594
3.594
3.594
3.594
3.594
3.594
3.594
3.594
3.594
3.594
3.594
3.594
3.594
3.594
3.594
3.594
3.594
3.594
3.594
3.594
3.594
3.594
3.594
3.594
3.594
3.594
3.594
3.594
3.594
3.594
3.328
3.328
3.328
3.328
3.328
3.328
3.328
3.328
3.328
3.328
3.328
3.328
3.328
3.328
3.328
3.328
3.328
3.328
3.328
3.328
3.328
3.328
3.328
3.328
3.328
3.328
3.328
3.328
3.328
3.328
2.599
2.599
2.599
2.599
2.599
2.599
2.599
2.599
2.599
2.599
2.599
2.599
2.599
2.599
2.599
2.599
2.599
2.599
2.599
2.599
2.599
2.599
2.599
2.599
2.599
2.599
2.599
2.599
2.599
2.599
2.56
2.56
2.56
2.56
2.56
2.56
2.56
2.56
2.56
2.56
2.56
2.56
2.56
2.56
2.56
2.56
2.56
2.56
2.56
2.56
2.56
2.56
2.56
2.56
2.56
2.56
2.56
2.56
2.56
2.56
2.541
2.541
2.541
2.541
2.541
2.541
2.541
2.541
2.541
2.541
2.541
2.541
2.541
2.541
2.541
2.541
2.541
2.541
2.541
2.541
2.541
2.541
2.541
2.541
2.541
2.541
2.541
2.541
2.541
2.541
2.532
2.532
2.532
2.532
2.532
2.532
2.532
2.532
2.532
2.532
2.532
2.532
2.532
2.532
2.532
2.532
2.532
2.532
2.532
2.532
2.532
2.532
2.532
2.532
2.532
2.532
2.532
2.532
2.532
2.532
2.518
2.518
2.518
2.518
2.518
2.518
2.518
2.518
2.518
2.518
2.518
2.518
2.518
2.518
2.518
2.518
2.518
2.518
2.518
2.518
2.518
2.518
2.518
2.518
2.518
2.518
2.518
2.518
2.518
2.518
2.508
2.508
2.508
2.508
2.508
2.508
2.508
2.508
2.508
2.508
2.508
2.508
2.508
2.508
2.508
2.508
2.508
2.508
2.508
2.508
2.508
2.508
2.508
2.508
2.508
2.508
2.508
2.508
2.508
2.508
2.509
2.509
2.509
2.509
2.509
2.509
2.509
2.509
2.509
2.509
2.509
2.509
2.509
2.509
2.509
2.509
2.509
2.509
2.509
2.509
2.509
2.509
2.509
2.509
2.509
2.509
2.509
2.509
2.509
2.509
2.513
2.513
2.513
2.513
2.513
2.513
2.513
2.513
2.513
2.513
2.513
2.513
2.513
2.513
2.513
2.513
2.513
2.513
2.513
2.513
2.513
2.513
2.513
2.513
2.513
2.513
2.513
2.513
2.513
2.513
2.732
2.732
2.732
2.732
2.732
2.732
2.732
2.732
2.732
2.732
2.732
2.732
2.732
2.732
2.732
2.732
2.732
2.732
2.732
2.732
2.732
2.732
2.732
2.732
2.732
2.732
2.732
2.732
2.732
2.732
2.738
2.738
2.738
2.738
2.738
2.738
2.738
2.738
2.738
2.738
2.738
2.738
2.738
2.738
2.738
2.738
2.738
2.738
2.738
2.738
2.738
2.738
2.738
2.738
2.738
2.738
2.738
2.738
2.738
2.738
2.78
2.78
2.78
2.78
2.78
2.78
2.78
2.78
2.78
2.78
2.78
2.78
2.78
2.78
2.78
2.78
2.78
2.78
2.78
2.78
2.78
2.78
2.78
2.78
2.78
2.78
2.78
2.78
2.78
2.78
2.761
2.761
2.761
2.761
2.761
2.761
2.761
2.761
2.761
2.761
2.761
2.761
2.761
2.761
2.761
2.761
2.761
2.761
2.761
2.761
2.761
2.761
2.761
2.761
2.761
2.761
2.761
2.761
2.761
2.761
3.003
3.003
3.003
3.003
3.003
3.003
3.003
3.003
3.003
3.003
3.003
3.003
3.003
3.003
3.003
3.003
3.003
3.003
3.003
3.003
3.003
3.003
3.003
3.003
3.003
3.003
3.003
3.003
3.003
3.003
3.06
3.06
3.06
3.06
3.06
3.06
3.06
3.06
3.06
3.06
3.06
3.06
3.06
3.06
3.06
3.06
3.06
3.06
3.06
3.06
3.06
3.06
3.06
3.06
3.06
3.06
3.06
3.06
3.06
3.06
3.066
3.066
3.066
3.066
3.066
3.066
3.066
3.066
3.066
3.066
3.066
3.066
3.066
3.066
3.066
3.066
3.066
3.066
3.066
3.066
3.066
3.066
3.066
3.066
3.066
3.066
3.066
3.066
3.066
3.066
3.352
3.352
3.352
3.352
3.352
3.352
3.352
3.352
3.352
3.352
3.352
3.352
3.352
3.352
3.352
3.352
3.352
3.352
3.352
3.352
3.352
3.352
3.352
3.352
3.352
3.352
3.352
3.352
3.352
3.352
3.389
3.389
3.389
3.389
3.389
3.389
3.389
3.389
3.389
3.389
3.389
3.389
3.389
3.389
3.389
3.389
3.389
3.389
3.389
3.389
3.389
3.389
3.389
3.389
3.389
3.389
3.389
3.389
3.389
3.389
3.552
3.552
3.552
3.552
3.552
3.552
3.552
3.552
3.552
3.552
3.552
3.552
3.552
3.552
3.552
3.552
3.552
3.552
3.552
3.552
3.552
3.552
3.552
3.552
3.552
3.552
3.552
3.552
3.552
3.552
4.147
4.147
4.147
4.147
4.147
4.147
4.147
4.147
4.147
4.147
4.147
4.147
4.147
4.147
4.147
4.147
4.147
4.147
4.147
4.147
4.147
4.147
4.147
4.147
4.147
4.147
4.147
4.147
4.147
4.147
4.251
4.251
4.251
4.251
4.251
4.251
4.251
4.251
4.251
4.251
4.251
4.251
4.251
4.251
4.251
4.251
4.251
4.251
4.251
4.251
4.251
4.251
4.251
4.251
4.251
4.251
4.251
4.251
4.251
4.251
3.52
3.52
3.52
3.52
3.52
3.52
3.52
3.52
3.52
3.52
3.52
3.52
3.52
3.52
3.52
3.52
3.52
3.52
3.52
3.52
3.52
3.52
3.52
3.52
3.52
3.52
3.52
3.52
3.52
3.52
2.99
2.99
2.99
2.99
2.99
2.99
2.99
2.99
2.99
2.99
2.99
2.99
2.99
2.99
2.99
2.99
2.99
2.99
2.99
2.99
2.99
2.99
2.99
2.99
2.99
2.99
2.99
2.99
2.99
2.99
2.815
2.815
2.815
2.815
2.815
2.815
2.815
2.815
2.815
2.815
2.815
2.815
2.815
2.815
2.815
2.815
2.815
2.815
2.815
2.815
2.815
2.815
2.815
2.815
2.815
2.815
2.815
2.815
2.815
2.815
2.692
2.692
2.692
2.692
2.692
2.692
2.692
2.692
2.692
2.692
2.692
2.692
2.692
2.692
2.692
2.692
2.692
2.692
2.692
2.692
2.692
2.692
2.692
2.692
2.692
2.692
2.692
2.692
2.692
2.692
2.729
2.729
2.729
2.729
2.729
2.729
2.729
2.729
2.729
2.729
2.729
2.729
2.729
2.729
2.729
2.729
2.729
2.729
2.729
2.729
2.729
2.729
2.729
2.729
2.729
2.729
2.729
2.729
2.729
2.729
2.49
2.49
2.49
2.49
2.49
2.49
2.49
2.49
2.49
2.49
2.49
2.49
2.49
2.49
2.49
2.49
2.49
2.49
2.49
2.49
2.49
2.49
2.49
2.49
2.49
2.49
2.49
2.49
2.49
2.49
