3.716
3.716
3.716
3.716
3.716
3.716
3.716
3.716
3.716
3.716
3.716
3.716
3.716
3.716
3.716
3.716
3.716
3.716
3.716
3.716
3.716
3.716
3.716
3.716
3.716
3.716
3.716
3.716
3.716
3.716
3.653
3.653
3.653
3.653
3.653
3.653
3.653
3.653
3.653
3.653
3.653
3.653
3.653
3.653
3.653
3.653
3.653
3.653
3.653
3.653
3.653
3.653
3.653
3.653
3.653
3.653
3.653
3.653
3.653
3.653
3.619
3.619
3.619
3.619
3.619
3.619
3.619
3.619
3.619
3.619
3.619
3.619
3.619
3.619
3.619
3.619
3.619
3.619
3.619
3.619
3.619
3.619
3.619
3.619
3.619
3.619
3.619
3.619
3.619
3.619
3.635
3.635
3.635
3.635
3.635
3.635
3.635
3.635
3.635
3.635
3.635
3.635
3.635
3.635
3.635
3.635
3.635
3.635
3.635
3.635
3.635
3.635
3.635
3.635
3.635
3.635
3.635
3.635
3.635
3.635
3.586
3.586
3.586
3.586
3.586
3.586
3.586
3.586
3.586
3.586
3.586
3.586
3.586
3.586
3.586
3.586
3.586
3.586
3.586
3.586
3.586
3.586
3.586
3.586
3.586
3.586
3.586
3.586
3.586
3.586
3.541
3.541
3.541
3.541
3.541
3.541
3.541
3.541
3.541
3.541
3.541
3.541
3.541
3.541
3.541
3.541
3.541
3.541
3.541
3.541
3.541
3.541
3.541
3.541
3.541
3.541
3.541
3.541
3.541
3.541
3.126
3.126
3.126
3.126
3.126
3.126
3.126
3.126
3.126
3.126
3.126
3.126
3.126
3.126
3.126
3.126
3.126
3.126
3.126
3.126
3.126
3.126
3.126
3.126
3.126
3.126
3.126
3.126
3.126
3.126
3.155
3.155
3.155
3.155
3.155
3.155
3.155
3.155
3.155
3.155
3.155
3.155
3.155
3.155
3.155
3.155
3.155
3.155
3.155
3.155
3.155
3.155
3.155
3.155
3.155
3.155
3.155
3.155
3.155
3.155
3.094
3.094
3.094
3.094
3.094
3.094
3.094
3.094
3.094
3.094
3.094
3.094
3.094
3.094
3.094
3.094
3.094
3.094
3.094
3.094
3.094
3.094
3.094
3.094
3.094
3.094
3.094
3.094
3.094
3.094
2.838
2.838
2.838
2.838
2.838
2.838
2.838
2.838
2.838
2.838
2.838
2.838
2.838
2.838
2.838
2.838
2.838
2.838
2.838
2.838
2.838
2.838
2.838
2.838
2.838
2.838
2.838
2.838
2.838
2.838
3.362
3.362
3.362
3.362
3.362
3.362
3.362
3.362
3.362
3.362
3.362
3.362
3.362
3.362
3.362
3.362
3.362
3.362
3.362
3.362
3.362
3.362
3.362
3.362
3.362
3.362
3.362
3.362
3.362
3.362
3.416
3.416
3.416
3.416
3.416
3.416
3.416
3.416
3.416
3.416
3.416
3.416
3.416
3.416
3.416
3.416
3.416
3.416
3.416
3.416
3.416
3.416
3.416
3.416
3.416
3.416
3.416
3.416
3.416
3.416
3.782
3.782
3.782
3.782
3.782
3.782
3.782
3.782
3.782
3.782
3.782
3.782
3.782
3.782
3.782
3.782
3.782
3.782
3.782
3.782
3.782
3.782
3.782
3.782
3.782
3.782
3.782
3.782
3.782
3.782
3.864
3.864
3.864
3.864
3.864
3.864
3.864
3.864
3.864
3.864
3.864
3.864
3.864
3.864
3.864
3.864
3.864
3.864
3.864
3.864
3.864
3.864
3.864
3.864
3.864
3.864
3.864
3.864
3.864
3.864
3.923
3.923
3.923
3.923
3.923
3.923
3.923
3.923
3.923
3.923
3.923
3.923
3.923
3.923
3.923
3.923
3.923
3.923
3.923
3.923
3.923
3.923
3.923
3.923
3.923
3.923
3.923
3.923
3.923
3.923
3.988
3.988
3.988
3.988
3.988
3.988
3.988
3.988
3.988
3.988
3.988
3.988
3.988
3.988
3.988
3.988
3.988
3.988
3.988
3.988
3.988
3.988
3.988
3.988
3.988
3.988
3.988
3.988
3.988
3.988
4.349
4.349
4.349
4.349
4.349
4.349
4.349
4.349
4.349
4.349
4.349
4.349
4.349
4.349
4.349
4.349
4.349
4.349
4.349
4.349
4.349
4.349
4.349
4.349
4.349
4.349
4.349
4.349
4.349
4.349
4.443
4.443
4.443
4.443
4.443
4.443
4.443
4.443
4.443
4.443
4.443
4.443
4.443
4.443
4.443
4.443
4.443
4.443
4.443
4.443
4.443
4.443
4.443
4.443
4.443
4.443
4.443
4.443
4.443
4.443
5.491
5.491
5.491
5.491
5.491
5.491
5.491
5.491
5.491
5.491
5.491
5.491
5.491
5.491
5.491
5.491
5.491
5.491
5.491
5.491
5.491
5.491
5.491
5.491
5.491
5.491
5.491
5.491
5.491
5.491
5.516
5.516
5.516
5.516
5.516
5.516
5.516
5.516
5.516
5.516
5.516
5.516
5.516
5.516
5.516
5.516
5.516
5.516
5.516
5.516
5.516
5.516
5.516
5.516
5.516
5.516
5.516
5.516
5.516
5.516
5.409
5.409
5.409
5.409
5.409
5.409
5.409
5.409
5.409
5.409
5.409
5.409
5.409
5.409
5.409
5.409
5.409
5.409
5.409
5.409
5.409
5.409
5.409
5.409
5.409
5.409
5.409
5.409
5.409
5.409
5.157
5.157
5.157
5.157
5.157
5.157
5.157
5.157
5.157
5.157
5.157
5.157
5.157
5.157
5.157
5.157
5.157
5.157
5.157
5.157
5.157
5.157
5.157
5.157
5.157
5.157
5.157
5.157
5.157
5.157
5.062
5.062
5.062
5.062
5.062
5.062
5.062
5.062
5.062
5.062
5.062
5.062
5.062
5.062
5.062
5.062
5.062
5.062
5.062
5.062
5.062
5.062
5.062
5.062
5.062
5.062
5.062
5.062
5.062
5.062
5.014
5.014
5.014
5.014
5.014
5.014
5.014
5.014
5.014
5.014
5.014
5.014
5.014
5.014
5.014
5.014
5.014
5.014
5.014
5.014
5.014
5.014
5.014
5.014
5.014
5.014
5.014
5.014
5.014
5.014
5.047
5.047
5.047
5.047
5.047
5.047
5.047
5.047
5.047
5.047
5.047
5.047
5.047
5.047
5.047
5.047
5.047
5.047
5.047
5.047
5.047
5.047
5.047
5.047
5.047
5.047
5.047
5.047
5.047
5.047
4.841
4.841
4.841
4.841
4.841
4.841
4.841
4.841
4.841
4.841
4.841
4.841
4.841
4.841
4.841
4.841
4.841
4.841
4.841
4.841
4.841
4.841
4.841
4.841
4.841
4.841
4.841
4.841
4.841
4.841
4.437
4.437
4.437
4.437
4.437
4.437
4.437
4.437
4.437
4.437
4.437
4.437
4.437
4.437
4.437
4.437
4.437
4.437
4.437
4.437
4.437
4.437
4.437
4.437
4.437
4.437
4.437
4.437
4.437
4.437
4.101
4.101
4.101
4.101
4.101
4.101
4.101
4.101
4.101
4.101
4.101
4.101
4.101
4.101
4.101
4.101
4.101
4.101
4.101
4.101
4.101
4.101
4.101
4.101
4.101
4.101
4.101
4.101
4.101
4.101
3.948
3.948
3.948
3.948
3.948
3.948
3.948
3.948
3.948
3.948
3.948
3.948
3.948
3.948
3.948
3.948
3.948
3.948
3.948
3.948
3.948
3.948
3.948
3.948
3.948
3.948
3.948
3.948
3.948
3.948
3.815
3.815
3.815
3.815
3.815
3.815
3.815
3.815
3.815
3.815
3.815
3.815
3.815
3.815
3.815
3.815
3.815
3.815
3.815
3.815
3.815
3.815
3.815
3.815
3.815
3.815
3.815
3.815
3.815
3.815
4.126
4.126
4.126
4.126
4.126
4.126
4.126
4.126
4.126
4.126
4.126
4.126
4.126
4.126
4.126
4.126
4.126
4.126
4.126
4.126
4.126
4.126
4.126
4.126
4.126
4.126
4.126
4.126
4.126
4.126
4.333
4.333
4.333
4.333
4.333
4.333
4.333
4.333
4.333
4.333
4.333
4.333
4.333
4.333
4.333
4.333
4.333
4.333
4.333
4.333
4.333
4.333
4.333
4.333
4.333
4.333
4.333
4.333
4.333
4.333
4.43
4.43
4.43
4.43
4.43
4.43
4.43
4.43
4.43
4.43
4.43
4.43
4.43
4.43
4.43
4.43
4.43
4.43
4.43
4.43
4.43
4.43
4.43
4.43
4.43
4.43
4.43
4.43
4.43
4.43
4.295
4.295
4.295
4.295
4.295
4.295
4.295
4.295
4.295
4.295
4.295
4.295
4.295
4.295
4.295
4.295
4.295
4.295
4.295
4.295
4.295
4.295
4.295
4.295
4.295
4.295
4.295
4.295
4.295
4.295
4.504
4.504
4.504
4.504
4.504
4.504
4.504
4.504
4.504
4.504
4.504
4.504
4.504
4.504
4.504
4.504
4.504
4.504
4.504
4.504
4.504
4.504
4.504
4.504
4.504
4.504
4.504
4.504
4.504
4.504
4.508
4.508
4.508
4.508
4.508
4.508
4.508
4.508
4.508
4.508
4.508
4.508
4.508
4.508
4.508
4.508
4.508
4.508
4.508
4.508
4.508
4.508
4.508
4.508
4.508
4.508
4.508
4.508
4.508
4.508
4.425
4.425
4.425
4.425
4.425
4.425
4.425
4.425
4.425
4.425
4.425
4.425
4.425
4.425
4.425
4.425
4.425
4.425
4.425
4.425
4.425
4.425
4.425
4.425
4.425
4.425
4.425
4.425
4.425
4.425
4.332
4.332
4.332
4.332
4.332
4.332
4.332
4.332
4.332
4.332
4.332
4.332
4.332
4.332
4.332
4.332
4.332
4.332
4.332
4.332
4.332
4.332
4.332
4.332
4.332
4.332
4.332
4.332
4.332
4.332
4.49
4.49
4.49
4.49
4.49
4.49
4.49
4.49
4.49
4.49
4.49
4.49
4.49
4.49
4.49
4.49
4.49
4.49
4.49
4.49
4.49
4.49
4.49
4.49
4.49
4.49
4.49
4.49
4.49
4.49
4.535
4.535
4.535
4.535
4.535
4.535
4.535
4.535
4.535
4.535
4.535
4.535
4.535
4.535
4.535
4.535
4.535
4.535
4.535
4.535
4.535
4.535
4.535
4.535
4.535
4.535
4.535
4.535
4.535
4.535
4.384
4.384
4.384
4.384
4.384
4.384
4.384
4.384
4.384
4.384
4.384
4.384
4.384
4.384
4.384
4.384
4.384
4.384
4.384
4.384
4.384
4.384
4.384
4.384
4.384
4.384
4.384
4.384
4.384
4.384
4.281
4.281
4.281
4.281
4.281
4.281
4.281
4.281
4.281
4.281
4.281
4.281
4.281
4.281
4.281
4.281
4.281
4.281
4.281
4.281
4.281
4.281
4.281
4.281
4.281
4.281
4.281
4.281
4.281
4.281
4.313
4.313
4.313
4.313
4.313
4.313
4.313
4.313
4.313
4.313
4.313
4.313
4.313
4.313
4.313
4.313
4.313
4.313
4.313
4.313
4.313
4.313
4.313
4.313
4.313
4.313
4.313
4.313
4.313
4.313
4.321
4.321
4.321
4.321
4.321
4.321
4.321
4.321
4.321
4.321
4.321
4.321
4.321
4.321
4.321
4.321
4.321
4.321
4.321
4.321
4.321
4.321
4.321
4.321
4.321
4.321
4.321
4.321
4.321
4.321
4.257
4.257
4.257
4.257
4.257
4.257
4.257
4.257
4.257
4.257
4.257
4.257
4.257
4.257
4.257
4.257
4.257
4.257
4.257
4.257
4.257
4.257
4.257
4.257
4.257
4.257
4.257
4.257
4.257
4.257
4.192
4.192
4.192
4.192
4.192
4.192
4.192
4.192
4.192
4.192
4.192
4.192
4.192
4.192
4.192
4.192
4.192
4.192
4.192
4.192
4.192
4.192
4.192
4.192
4.192
4.192
4.192
4.192
4.192
4.192
4.247
4.247
4.247
4.247
4.247
4.247
4.247
4.247
4.247
4.247
4.247
4.247
4.247
4.247
4.247
4.247
4.247
4.247
4.247
4.247
4.247
4.247
4.247
4.247
4.247
4.247
4.247
4.247
4.247
4.247
3.748
3.748
3.748
3.748
3.748
3.748
3.748
3.748
3.748
3.748
3.748
3.748
3.748
3.748
3.748
3.748
3.748
3.748
3.748
3.748
3.748
3.748
3.748
3.748
3.748
3.748
3.748
3.748
3.748
3.748
