3.293
3.293
3.293
3.293
3.293
3.293
3.293
3.293
3.293
3.293
3.293
3.293
3.293
3.293
3.293
3.293
3.293
3.293
3.293
3.293
3.293
3.293
3.293
3.293
3.293
3.293
3.293
3.293
3.293
3.293
3.17
3.17
3.17
3.17
3.17
3.17
3.17
3.17
3.17
3.17
3.17
3.17
3.17
3.17
3.17
3.17
3.17
3.17
3.17
3.17
3.17
3.17
3.17
3.17
3.17
3.17
3.17
3.17
3.17
3.17
3.115
3.115
3.115
3.115
3.115
3.115
3.115
3.115
3.115
3.115
3.115
3.115
3.115
3.115
3.115
3.115
3.115
3.115
3.115
3.115
3.115
3.115
3.115
3.115
3.115
3.115
3.115
3.115
3.115
3.115
3.21
3.21
3.21
3.21
3.21
3.21
3.21
3.21
3.21
3.21
3.21
3.21
3.21
3.21
3.21
3.21
3.21
3.21
3.21
3.21
3.21
3.21
3.21
3.21
3.21
3.21
3.21
3.21
3.21
3.21
3.126
3.126
3.126
3.126
3.126
3.126
3.126
3.126
3.126
3.126
3.126
3.126
3.126
3.126
3.126
3.126
3.126
3.126
3.126
3.126
3.126
3.126
3.126
3.126
3.126
3.126
3.126
3.126
3.126
3.126
3.113
3.113
3.113
3.113
3.113
3.113
3.113
3.113
3.113
3.113
3.113
3.113
3.113
3.113
3.113
3.113
3.113
3.113
3.113
3.113
3.113
3.113
3.113
3.113
3.113
3.113
3.113
3.113
3.113
3.113
3.131
3.131
3.131
3.131
3.131
3.131
3.131
3.131
3.131
3.131
3.131
3.131
3.131
3.131
3.131
3.131
3.131
3.131
3.131
3.131
3.131
3.131
3.131
3.131
3.131
3.131
3.131
3.131
3.131
3.131
3.179
3.179
3.179
3.179
3.179
3.179
3.179
3.179
3.179
3.179
3.179
3.179
3.179
3.179
3.179
3.179
3.179
3.179
3.179
3.179
3.179
3.179
3.179
3.179
3.179
3.179
3.179
3.179
3.179
3.179
3.205
3.205
3.205
3.205
3.205
3.205
3.205
3.205
3.205
3.205
3.205
3.205
3.205
3.205
3.205
3.205
3.205
3.205
3.205
3.205
3.205
3.205
3.205
3.205
3.205
3.205
3.205
3.205
3.205
3.205
3.171
3.171
3.171
3.171
3.171
3.171
3.171
3.171
3.171
3.171
3.171
3.171
3.171
3.171
3.171
3.171
3.171
3.171
3.171
3.171
3.171
3.171
3.171
3.171
3.171
3.171
3.171
3.171
3.171
3.171
3.295
3.295
3.295
3.295
3.295
3.295
3.295
3.295
3.295
3.295
3.295
3.295
3.295
3.295
3.295
3.295
3.295
3.295
3.295
3.295
3.295
3.295
3.295
3.295
3.295
3.295
3.295
3.295
3.295
3.295
3.345
3.345
3.345
3.345
3.345
3.345
3.345
3.345
3.345
3.345
3.345
3.345
3.345
3.345
3.345
3.345
3.345
3.345
3.345
3.345
3.345
3.345
3.345
3.345
3.345
3.345
3.345
3.345
3.345
3.345
3.509
3.509
3.509
3.509
3.509
3.509
3.509
3.509
3.509
3.509
3.509
3.509
3.509
3.509
3.509
3.509
3.509
3.509
3.509
3.509
3.509
3.509
3.509
3.509
3.509
3.509
3.509
3.509
3.509
3.509
3.119
3.119
3.119
3.119
3.119
3.119
3.119
3.119
3.119
3.119
3.119
3.119
3.119
3.119
3.119
3.119
3.119
3.119
3.119
3.119
3.119
3.119
3.119
3.119
3.119
3.119
3.119
3.119
3.119
3.119
3.353
3.353
3.353
3.353
3.353
3.353
3.353
3.353
3.353
3.353
3.353
3.353
3.353
3.353
3.353
3.353
3.353
3.353
3.353
3.353
3.353
3.353
3.353
3.353
3.353
3.353
3.353
3.353
3.353
3.353
3.482
3.482
3.482
3.482
3.482
3.482
3.482
3.482
3.482
3.482
3.482
3.482
3.482
3.482
3.482
3.482
3.482
3.482
3.482
3.482
3.482
3.482
3.482
3.482
3.482
3.482
3.482
3.482
3.482
3.482
4.017
4.017
4.017
4.017
4.017
4.017
4.017
4.017
4.017
4.017
4.017
4.017
4.017
4.017
4.017
4.017
4.017
4.017
4.017
4.017
4.017
4.017
4.017
4.017
4.017
4.017
4.017
4.017
4.017
4.017
4.339
4.339
4.339
4.339
4.339
4.339
4.339
4.339
4.339
4.339
4.339
4.339
4.339
4.339
4.339
4.339
4.339
4.339
4.339
4.339
4.339
4.339
4.339
4.339
4.339
4.339
4.339
4.339
4.339
4.339
4.708
4.708
4.708
4.708
4.708
4.708
4.708
4.708
4.708
4.708
4.708
4.708
4.708
4.708
4.708
4.708
4.708
4.708
4.708
4.708
4.708
4.708
4.708
4.708
4.708
4.708
4.708
4.708
4.708
4.708
4.736
4.736
4.736
4.736
4.736
4.736
4.736
4.736
4.736
4.736
4.736
4.736
4.736
4.736
4.736
4.736
4.736
4.736
4.736
4.736
4.736
4.736
4.736
4.736
4.736
4.736
4.736
4.736
4.736
4.736
4.871
4.871
4.871
4.871
4.871
4.871
4.871
4.871
4.871
4.871
4.871
4.871
4.871
4.871
4.871
4.871
4.871
4.871
4.871
4.871
4.871
4.871
4.871
4.871
4.871
4.871
4.871
4.871
4.871
4.871
4.874
4.874
4.874
4.874
4.874
4.874
4.874
4.874
4.874
4.874
4.874
4.874
4.874
4.874
4.874
4.874
4.874
4.874
4.874
4.874
4.874
4.874
4.874
4.874
4.874
4.874
4.874
4.874
4.874
4.874
5.249
5.249
5.249
5.249
5.249
5.249
5.249
5.249
5.249
5.249
5.249
5.249
5.249
5.249
5.249
5.249
5.249
5.249
5.249
5.249
5.249
5.249
5.249
5.249
5.249
5.249
5.249
5.249
5.249
5.249
5.315
5.315
5.315
5.315
5.315
5.315
5.315
5.315
5.315
5.315
5.315
5.315
5.315
5.315
5.315
5.315
5.315
5.315
5.315
5.315
5.315
5.315
5.315
5.315
5.315
5.315
5.315
5.315
5.315
5.315
5.429
5.429
5.429
5.429
5.429
5.429
5.429
5.429
5.429
5.429
5.429
5.429
5.429
5.429
5.429
5.429
5.429
5.429
5.429
5.429
5.429
5.429
5.429
5.429
5.429
5.429
5.429
5.429
5.429
5.429
5.304
5.304
5.304
5.304
5.304
5.304
5.304
5.304
5.304
5.304
5.304
5.304
5.304
5.304
5.304
5.304
5.304
5.304
5.304
5.304
5.304
5.304
5.304
5.304
5.304
5.304
5.304
5.304
5.304
5.304
5.299
5.299
5.299
5.299
5.299
5.299
5.299
5.299
5.299
5.299
5.299
5.299
5.299
5.299
5.299
5.299
5.299
5.299
5.299
5.299
5.299
5.299
5.299
5.299
5.299
5.299
5.299
5.299
5.299
5.299
5.179
5.179
5.179
5.179
5.179
5.179
5.179
5.179
5.179
5.179
5.179
5.179
5.179
5.179
5.179
5.179
5.179
5.179
5.179
5.179
5.179
5.179
5.179
5.179
5.179
5.179
5.179
5.179
5.179
5.179
5.08
5.08
5.08
5.08
5.08
5.08
5.08
5.08
5.08
5.08
5.08
5.08
5.08
5.08
5.08
5.08
5.08
5.08
5.08
5.08
5.08
5.08
5.08
5.08
5.08
5.08
5.08
5.08
5.08
5.08
4.849
4.849
4.849
4.849
4.849
4.849
4.849
4.849
4.849
4.849
4.849
4.849
4.849
4.849
4.849
4.849
4.849
4.849
4.849
4.849
4.849
4.849
4.849
4.849
4.849
4.849
4.849
4.849
4.849
4.849
4.091
4.091
4.091
4.091
4.091
4.091
4.091
4.091
4.091
4.091
4.091
4.091
4.091
4.091
4.091
4.091
4.091
4.091
4.091
4.091
4.091
4.091
4.091
4.091
4.091
4.091
4.091
4.091
4.091
4.091
3.959
3.959
3.959
3.959
3.959
3.959
3.959
3.959
3.959
3.959
3.959
3.959
3.959
3.959
3.959
3.959
3.959
3.959
3.959
3.959
3.959
3.959
3.959
3.959
3.959
3.959
3.959
3.959
3.959
3.959
4.136
4.136
4.136
4.136
4.136
4.136
4.136
4.136
4.136
4.136
4.136
4.136
4.136
4.136
4.136
4.136
4.136
4.136
4.136
4.136
4.136
4.136
4.136
4.136
4.136
4.136
4.136
4.136
4.136
4.136
4.944
4.944
4.944
4.944
4.944
4.944
4.944
4.944
4.944
4.944
4.944
4.944
4.944
4.944
4.944
4.944
4.944
4.944
4.944
4.944
4.944
4.944
4.944
4.944
4.944
4.944
4.944
4.944
4.944
4.944
4.961
4.961
4.961
4.961
4.961
4.961
4.961
4.961
4.961
4.961
4.961
4.961
4.961
4.961
4.961
4.961
4.961
4.961
4.961
4.961
4.961
4.961
4.961
4.961
4.961
4.961
4.961
4.961
4.961
4.961
4.918
4.918
4.918
4.918
4.918
4.918
4.918
4.918
4.918
4.918
4.918
4.918
4.918
4.918
4.918
4.918
4.918
4.918
4.918
4.918
4.918
4.918
4.918
4.918
4.918
4.918
4.918
4.918
4.918
4.918
4.79
4.79
4.79
4.79
4.79
4.79
4.79
4.79
4.79
4.79
4.79
4.79
4.79
4.79
4.79
4.79
4.79
4.79
4.79
4.79
4.79
4.79
4.79
4.79
4.79
4.79
4.79
4.79
4.79
4.79
4.472
4.472
4.472
4.472
4.472
4.472
4.472
4.472
4.472
4.472
4.472
4.472
4.472
4.472
4.472
4.472
4.472
4.472
4.472
4.472
4.472
4.472
4.472
4.472
4.472
4.472
4.472
4.472
4.472
4.472
4.013
4.013
4.013
4.013
4.013
4.013
4.013
4.013
4.013
4.013
4.013
4.013
4.013
4.013
4.013
4.013
4.013
4.013
4.013
4.013
4.013
4.013
4.013
4.013
4.013
4.013
4.013
4.013
4.013
4.013
3.962
3.962
3.962
3.962
3.962
3.962
3.962
3.962
3.962
3.962
3.962
3.962
3.962
3.962
3.962
3.962
3.962
3.962
3.962
3.962
3.962
3.962
3.962
3.962
3.962
3.962
3.962
3.962
3.962
3.962
3.878
3.878
3.878
3.878
3.878
3.878
3.878
3.878
3.878
3.878
3.878
3.878
3.878
3.878
3.878
3.878
3.878
3.878
3.878
3.878
3.878
3.878
3.878
3.878
3.878
3.878
3.878
3.878
3.878
3.878
3.834
3.834
3.834
3.834
3.834
3.834
3.834
3.834
3.834
3.834
3.834
3.834
3.834
3.834
3.834
3.834
3.834
3.834
3.834
3.834
3.834
3.834
3.834
3.834
3.834
3.834
3.834
3.834
3.834
3.834
4.245
4.245
4.245
4.245
4.245
4.245
4.245
4.245
4.245
4.245
4.245
4.245
4.245
4.245
4.245
4.245
4.245
4.245
4.245
4.245
4.245
4.245
4.245
4.245
4.245
4.245
4.245
4.245
4.245
4.245
4.066
4.066
4.066
4.066
4.066
4.066
4.066
4.066
4.066
4.066
4.066
4.066
4.066
4.066
4.066
4.066
4.066
4.066
4.066
4.066
4.066
4.066
4.066
4.066
4.066
4.066
4.066
4.066
4.066
4.066
3.889
3.889
3.889
3.889
3.889
3.889
3.889
3.889
3.889
3.889
3.889
3.889
3.889
3.889
3.889
3.889
3.889
3.889
3.889
3.889
3.889
3.889
3.889
3.889
3.889
3.889
3.889
3.889
3.889
3.889
3.752
3.752
3.752
3.752
3.752
3.752
3.752
3.752
3.752
3.752
3.752
3.752
3.752
3.752
3.752
3.752
3.752
3.752
3.752
3.752
3.752
3.752
3.752
3.752
3.752
3.752
3.752
3.752
3.752
3.752
3.306
3.306
3.306
3.306
3.306
3.306
3.306
3.306
3.306
3.306
3.306
3.306
3.306
3.306
3.306
3.306
3.306
3.306
3.306
3.306
3.306
3.306
3.306
3.306
3.306
3.306
3.306
3.306
3.306
3.306
3.352
3.352
3.352
3.352
3.352
3.352
3.352
3.352
3.352
3.352
3.352
3.352
3.352
3.352
3.352
3.352
3.352
3.352
3.352
3.352
3.352
3.352
3.352
3.352
3.352
3.352
3.352
3.352
3.352
3.352
