3.93
3.93
3.93
3.93
3.93
3.93
3.93
3.93
3.93
3.93
3.93
3.93
3.93
3.93
3.93
3.93
3.93
3.93
3.93
3.93
3.93
3.93
3.93
3.93
3.93
3.93
3.93
3.93
3.93
3.93
3.965
3.965
3.965
3.965
3.965
3.965
3.965
3.965
3.965
3.965
3.965
3.965
3.965
3.965
3.965
3.965
3.965
3.965
3.965
3.965
3.965
3.965
3.965
3.965
3.965
3.965
3.965
3.965
3.965
3.965
3.781
3.781
3.781
3.781
3.781
3.781
3.781
3.781
3.781
3.781
3.781
3.781
3.781
3.781
3.781
3.781
3.781
3.781
3.781
3.781
3.781
3.781
3.781
3.781
3.781
3.781
3.781
3.781
3.781
3.781
3.654
3.654
3.654
3.654
3.654
3.654
3.654
3.654
3.654
3.654
3.654
3.654
3.654
3.654
3.654
3.654
3.654
3.654
3.654
3.654
3.654
3.654
3.654
3.654
3.654
3.654
3.654
3.654
3.654
3.654
3.658
3.658
3.658
3.658
3.658
3.658
3.658
3.658
3.658
3.658
3.658
3.658
3.658
3.658
3.658
3.658
3.658
3.658
3.658
3.658
3.658
3.658
3.658
3.658
3.658
3.658
3.658
3.658
3.658
3.658
3.619
3.619
3.619
3.619
3.619
3.619
3.619
3.619
3.619
3.619
3.619
3.619
3.619
3.619
3.619
3.619
3.619
3.619
3.619
3.619
3.619
3.619
3.619
3.619
3.619
3.619
3.619
3.619
3.619
3.619
3.246
3.246
3.246
3.246
3.246
3.246
3.246
3.246
3.246
3.246
3.246
3.246
3.246
3.246
3.246
3.246
3.246
3.246
3.246
3.246
3.246
3.246
3.246
3.246
3.246
3.246
3.246
3.246
3.246
3.246
3.171
3.171
3.171
3.171
3.171
3.171
3.171
3.171
3.171
3.171
3.171
3.171
3.171
3.171
3.171
3.171
3.171
3.171
3.171
3.171
3.171
3.171
3.171
3.171
3.171
3.171
3.171
3.171
3.171
3.171
3.144
3.144
3.144
3.144
3.144
3.144
3.144
3.144
3.144
3.144
3.144
3.144
3.144
3.144
3.144
3.144
3.144
3.144
3.144
3.144
3.144
3.144
3.144
3.144
3.144
3.144
3.144
3.144
3.144
3.144
2.987
2.987
2.987
2.987
2.987
2.987
2.987
2.987
2.987
2.987
2.987
2.987
2.987
2.987
2.987
2.987
2.987
2.987
2.987
2.987
2.987
2.987
2.987
2.987
2.987
2.987
2.987
2.987
2.987
2.987
3.918
3.918
3.918
3.918
3.918
3.918
3.918
3.918
3.918
3.918
3.918
3.918
3.918
3.918
3.918
3.918
3.918
3.918
3.918
3.918
3.918
3.918
3.918
3.918
3.918
3.918
3.918
3.918
3.918
3.918
3.733
3.733
3.733
3.733
3.733
3.733
3.733
3.733
3.733
3.733
3.733
3.733
3.733
3.733
3.733
3.733
3.733
3.733
3.733
3.733
3.733
3.733
3.733
3.733
3.733
3.733
3.733
3.733
3.733
3.733
4.594
4.594
4.594
4.594
4.594
4.594
4.594
4.594
4.594
4.594
4.594
4.594
4.594
4.594
4.594
4.594
4.594
4.594
4.594
4.594
4.594
4.594
4.594
4.594
4.594
4.594
4.594
4.594
4.594
4.594
4.739
4.739
4.739
4.739
4.739
4.739
4.739
4.739
4.739
4.739
4.739
4.739
4.739
4.739
4.739
4.739
4.739
4.739
4.739
4.739
4.739
4.739
4.739
4.739
4.739
4.739
4.739
4.739
4.739
4.739
4.847
4.847
4.847
4.847
4.847
4.847
4.847
4.847
4.847
4.847
4.847
4.847
4.847
4.847
4.847
4.847
4.847
4.847
4.847
4.847
4.847
4.847
4.847
4.847
4.847
4.847
4.847
4.847
4.847
4.847
5.603
5.603
5.603
5.603
5.603
5.603
5.603
5.603
5.603
5.603
5.603
5.603
5.603
5.603
5.603
5.603
5.603
5.603
5.603
5.603
5.603
5.603
5.603
5.603
5.603
5.603
5.603
5.603
5.603
5.603
5.408
5.408
5.408
5.408
5.408
5.408
5.408
5.408
5.408
5.408
5.408
5.408
5.408
5.408
5.408
5.408
5.408
5.408
5.408
5.408
5.408
5.408
5.408
5.408
5.408
5.408
5.408
5.408
5.408
5.408
5.417
5.417
5.417
5.417
5.417
5.417
5.417
5.417
5.417
5.417
5.417
5.417
5.417
5.417
5.417
5.417
5.417
5.417
5.417
5.417
5.417
5.417
5.417
5.417
5.417
5.417
5.417
5.417
5.417
5.417
5.405
5.405
5.405
5.405
5.405
5.405
5.405
5.405
5.405
5.405
5.405
5.405
5.405
5.405
5.405
5.405
5.405
5.405
5.405
5.405
5.405
5.405
5.405
5.405
5.405
5.405
5.405
5.405
5.405
5.405
5.354
5.354
5.354
5.354
5.354
5.354
5.354
5.354
5.354
5.354
5.354
5.354
5.354
5.354
5.354
5.354
5.354
5.354
5.354
5.354
5.354
5.354
5.354
5.354
5.354
5.354
5.354
5.354
5.354
5.354
5.523
5.523
5.523
5.523
5.523
5.523
5.523
5.523
5.523
5.523
5.523
5.523
5.523
5.523
5.523
5.523
5.523
5.523
5.523
5.523
5.523
5.523
5.523
5.523
5.523
5.523
5.523
5.523
5.523
5.523
5.418
5.418
5.418
5.418
5.418
5.418
5.418
5.418
5.418
5.418
5.418
5.418
5.418
5.418
5.418
5.418
5.418
5.418
5.418
5.418
5.418
5.418
5.418
5.418
5.418
5.418
5.418
5.418
5.418
5.418
4.815
4.815
4.815
4.815
4.815
4.815
4.815
4.815
4.815
4.815
4.815
4.815
4.815
4.815
4.815
4.815
4.815
4.815
4.815
4.815
4.815
4.815
4.815
4.815
4.815
4.815
4.815
4.815
4.815
4.815
4.758
4.758
4.758
4.758
4.758
4.758
4.758
4.758
4.758
4.758
4.758
4.758
4.758
4.758
4.758
4.758
4.758
4.758
4.758
4.758
4.758
4.758
4.758
4.758
4.758
4.758
4.758
4.758
4.758
4.758
4.686
4.686
4.686
4.686
4.686
4.686
4.686
4.686
4.686
4.686
4.686
4.686
4.686
4.686
4.686
4.686
4.686
4.686
4.686
4.686
4.686
4.686
4.686
4.686
4.686
4.686
4.686
4.686
4.686
4.686
4.614
4.614
4.614
4.614
4.614
4.614
4.614
4.614
4.614
4.614
4.614
4.614
4.614
4.614
4.614
4.614
4.614
4.614
4.614
4.614
4.614
4.614
4.614
4.614
4.614
4.614
4.614
4.614
4.614
4.614
4.482
4.482
4.482
4.482
4.482
4.482
4.482
4.482
4.482
4.482
4.482
4.482
4.482
4.482
4.482
4.482
4.482
4.482
4.482
4.482
4.482
4.482
4.482
4.482
4.482
4.482
4.482
4.482
4.482
4.482
4.457
4.457
4.457
4.457
4.457
4.457
4.457
4.457
4.457
4.457
4.457
4.457
4.457
4.457
4.457
4.457
4.457
4.457
4.457
4.457
4.457
4.457
4.457
4.457
4.457
4.457
4.457
4.457
4.457
4.457
4.484
4.484
4.484
4.484
4.484
4.484
4.484
4.484
4.484
4.484
4.484
4.484
4.484
4.484
4.484
4.484
4.484
4.484
4.484
4.484
4.484
4.484
4.484
4.484
4.484
4.484
4.484
4.484
4.484
4.484
4.395
4.395
4.395
4.395
4.395
4.395
4.395
4.395
4.395
4.395
4.395
4.395
4.395
4.395
4.395
4.395
4.395
4.395
4.395
4.395
4.395
4.395
4.395
4.395
4.395
4.395
4.395
4.395
4.395
4.395
4.779
4.779
4.779
4.779
4.779
4.779
4.779
4.779
4.779
4.779
4.779
4.779
4.779
4.779
4.779
4.779
4.779
4.779
4.779
4.779
4.779
4.779
4.779
4.779
4.779
4.779
4.779
4.779
4.779
4.779
4.893
4.893
4.893
4.893
4.893
4.893
4.893
4.893
4.893
4.893
4.893
4.893
4.893
4.893
4.893
4.893
4.893
4.893
4.893
4.893
4.893
4.893
4.893
4.893
4.893
4.893
4.893
4.893
4.893
4.893
4.948
4.948
4.948
4.948
4.948
4.948
4.948
4.948
4.948
4.948
4.948
4.948
4.948
4.948
4.948
4.948
4.948
4.948
4.948
4.948
4.948
4.948
4.948
4.948
4.948
4.948
4.948
4.948
4.948
4.948
5.064
5.064
5.064
5.064
5.064
5.064
5.064
5.064
5.064
5.064
5.064
5.064
5.064
5.064
5.064
5.064
5.064
5.064
5.064
5.064
5.064
5.064
5.064
5.064
5.064
5.064
5.064
5.064
5.064
5.064
5.969
5.969
5.969
5.969
5.969
5.969
5.969
5.969
5.969
5.969
5.969
5.969
5.969
5.969
5.969
5.969
5.969
5.969
5.969
5.969
5.969
5.969
5.969
5.969
5.969
5.969
5.969
5.969
5.969
5.969
6.149
6.149
6.149
6.149
6.149
6.149
6.149
6.149
6.149
6.149
6.149
6.149
6.149
6.149
6.149
6.149
6.149
6.149
6.149
6.149
6.149
6.149
6.149
6.149
6.149
6.149
6.149
6.149
6.149
6.149
6.286
6.286
6.286
6.286
6.286
6.286
6.286
6.286
6.286
6.286
6.286
6.286
6.286
6.286
6.286
6.286
6.286
6.286
6.286
6.286
6.286
6.286
6.286
6.286
6.286
6.286
6.286
6.286
6.286
6.286
5.839
5.839
5.839
5.839
5.839
5.839
5.839
5.839
5.839
5.839
5.839
5.839
5.839
5.839
5.839
5.839
5.839
5.839
5.839
5.839
5.839
5.839
5.839
5.839
5.839
5.839
5.839
5.839
5.839
5.839
5.564
5.564
5.564
5.564
5.564
5.564
5.564
5.564
5.564
5.564
5.564
5.564
5.564
5.564
5.564
5.564
5.564
5.564
5.564
5.564
5.564
5.564
5.564
5.564
5.564
5.564
5.564
5.564
5.564
5.564
5.376
5.376
5.376
5.376
5.376
5.376
5.376
5.376
5.376
5.376
5.376
5.376
5.376
5.376
5.376
5.376
5.376
5.376
5.376
5.376
5.376
5.376
5.376
5.376
5.376
5.376
5.376
5.376
5.376
5.376
5.216
5.216
5.216
5.216
5.216
5.216
5.216
5.216
5.216
5.216
5.216
5.216
5.216
5.216
5.216
5.216
5.216
5.216
5.216
5.216
5.216
5.216
5.216
5.216
5.216
5.216
5.216
5.216
5.216
5.216
5.081
5.081
5.081
5.081
5.081
5.081
5.081
5.081
5.081
5.081
5.081
5.081
5.081
5.081
5.081
5.081
5.081
5.081
5.081
5.081
5.081
5.081
5.081
5.081
5.081
5.081
5.081
5.081
5.081
5.081
4.85
4.85
4.85
4.85
4.85
4.85
4.85
4.85
4.85
4.85
4.85
4.85
4.85
4.85
4.85
4.85
4.85
4.85
4.85
4.85
4.85
4.85
4.85
4.85
4.85
4.85
4.85
4.85
4.85
4.85
4.771
4.771
4.771
4.771
4.771
4.771
4.771
4.771
4.771
4.771
4.771
4.771
4.771
4.771
4.771
4.771
4.771
4.771
4.771
4.771
4.771
4.771
4.771
4.771
4.771
4.771
4.771
4.771
4.771
4.771
4.617
4.617
4.617
4.617
4.617
4.617
4.617
4.617
4.617
4.617
4.617
4.617
4.617
4.617
4.617
4.617
4.617
4.617
4.617
4.617
4.617
4.617
4.617
4.617
4.617
4.617
4.617
4.617
4.617
4.617
4.429
4.429
4.429
4.429
4.429
4.429
4.429
4.429
4.429
4.429
4.429
4.429
4.429
4.429
4.429
4.429
4.429
4.429
4.429
4.429
4.429
4.429
4.429
4.429
4.429
4.429
4.429
4.429
4.429
4.429
4.112
4.112
4.112
4.112
4.112
4.112
4.112
4.112
4.112
4.112
4.112
4.112
4.112
4.112
4.112
4.112
4.112
4.112
4.112
4.112
4.112
4.112
4.112
4.112
4.112
4.112
4.112
4.112
4.112
4.112
4.155
4.155
4.155
4.155
4.155
4.155
4.155
4.155
4.155
4.155
4.155
4.155
4.155
4.155
4.155
4.155
4.155
4.155
4.155
4.155
4.155
4.155
4.155
4.155
4.155
4.155
4.155
4.155
4.155
4.155
