3.582
3.582
3.582
3.582
3.582
3.582
3.582
3.582
3.582
3.582
3.582
3.582
3.582
3.582
3.582
3.582
3.582
3.582
3.582
3.582
3.582
3.582
3.582
3.582
3.582
3.582
3.582
3.582
3.582
3.582
3.502
3.502
3.502
3.502
3.502
3.502
3.502
3.502
3.502
3.502
3.502
3.502
3.502
3.502
3.502
3.502
3.502
3.502
3.502
3.502
3.502
3.502
3.502
3.502
3.502
3.502
3.502
3.502
3.502
3.502
3.411
3.411
3.411
3.411
3.411
3.411
3.411
3.411
3.411
3.411
3.411
3.411
3.411
3.411
3.411
3.411
3.411
3.411
3.411
3.411
3.411
3.411
3.411
3.411
3.411
3.411
3.411
3.411
3.411
3.411
3.391
3.391
3.391
3.391
3.391
3.391
3.391
3.391
3.391
3.391
3.391
3.391
3.391
3.391
3.391
3.391
3.391
3.391
3.391
3.391
3.391
3.391
3.391
3.391
3.391
3.391
3.391
3.391
3.391
3.391
3.333
3.333
3.333
3.333
3.333
3.333
3.333
3.333
3.333
3.333
3.333
3.333
3.333
3.333
3.333
3.333
3.333
3.333
3.333
3.333
3.333
3.333
3.333
3.333
3.333
3.333
3.333
3.333
3.333
3.333
3.207
3.207
3.207
3.207
3.207
3.207
3.207
3.207
3.207
3.207
3.207
3.207
3.207
3.207
3.207
3.207
3.207
3.207
3.207
3.207
3.207
3.207
3.207
3.207
3.207
3.207
3.207
3.207
3.207
3.207
3.276
3.276
3.276
3.276
3.276
3.276
3.276
3.276
3.276
3.276
3.276
3.276
3.276
3.276
3.276
3.276
3.276
3.276
3.276
3.276
3.276
3.276
3.276
3.276
3.276
3.276
3.276
3.276
3.276
3.276
3.229
3.229
3.229
3.229
3.229
3.229
3.229
3.229
3.229
3.229
3.229
3.229
3.229
3.229
3.229
3.229
3.229
3.229
3.229
3.229
3.229
3.229
3.229
3.229
3.229
3.229
3.229
3.229
3.229
3.229
3.206
3.206
3.206
3.206
3.206
3.206
3.206
3.206
3.206
3.206
3.206
3.206
3.206
3.206
3.206
3.206
3.206
3.206
3.206
3.206
3.206
3.206
3.206
3.206
3.206
3.206
3.206
3.206
3.206
3.206
3.204
3.204
3.204
3.204
3.204
3.204
3.204
3.204
3.204
3.204
3.204
3.204
3.204
3.204
3.204
3.204
3.204
3.204
3.204
3.204
3.204
3.204
3.204
3.204
3.204
3.204
3.204
3.204
3.204
3.204
3.106
3.106
3.106
3.106
3.106
3.106
3.106
3.106
3.106
3.106
3.106
3.106
3.106
3.106
3.106
3.106
3.106
3.106
3.106
3.106
3.106
3.106
3.106
3.106
3.106
3.106
3.106
3.106
3.106
3.106
3.128
3.128
3.128
3.128
3.128
3.128
3.128
3.128
3.128
3.128
3.128
3.128
3.128
3.128
3.128
3.128
3.128
3.128
3.128
3.128
3.128
3.128
3.128
3.128
3.128
3.128
3.128
3.128
3.128
3.128
3.442
3.442
3.442
3.442
3.442
3.442
3.442
3.442
3.442
3.442
3.442
3.442
3.442
3.442
3.442
3.442
3.442
3.442
3.442
3.442
3.442
3.442
3.442
3.442
3.442
3.442
3.442
3.442
3.442
3.442
3.948
3.948
3.948
3.948
3.948
3.948
3.948
3.948
3.948
3.948
3.948
3.948
3.948
3.948
3.948
3.948
3.948
3.948
3.948
3.948
3.948
3.948
3.948
3.948
3.948
3.948
3.948
3.948
3.948
3.948
4.113
4.113
4.113
4.113
4.113
4.113
4.113
4.113
4.113
4.113
4.113
4.113
4.113
4.113
4.113
4.113
4.113
4.113
4.113
4.113
4.113
4.113
4.113
4.113
4.113
4.113
4.113
4.113
4.113
4.113
4.134
4.134
4.134
4.134
4.134
4.134
4.134
4.134
4.134
4.134
4.134
4.134
4.134
4.134
4.134
4.134
4.134
4.134
4.134
4.134
4.134
4.134
4.134
4.134
4.134
4.134
4.134
4.134
4.134
4.134
4.911
4.911
4.911
4.911
4.911
4.911
4.911
4.911
4.911
4.911
4.911
4.911
4.911
4.911
4.911
4.911
4.911
4.911
4.911
4.911
4.911
4.911
4.911
4.911
4.911
4.911
4.911
4.911
4.911
4.911
5.493
5.493
5.493
5.493
5.493
5.493
5.493
5.493
5.493
5.493
5.493
5.493
5.493
5.493
5.493
5.493
5.493
5.493
5.493
5.493
5.493
5.493
5.493
5.493
5.493
5.493
5.493
5.493
5.493
5.493
4.897
4.897
4.897
4.897
4.897
4.897
4.897
4.897
4.897
4.897
4.897
4.897
4.897
4.897
4.897
4.897
4.897
4.897
4.897
4.897
4.897
4.897
4.897
4.897
4.897
4.897
4.897
4.897
4.897
4.897
4.664
4.664
4.664
4.664
4.664
4.664
4.664
4.664
4.664
4.664
4.664
4.664
4.664
4.664
4.664
4.664
4.664
4.664
4.664
4.664
4.664
4.664
4.664
4.664
4.664
4.664
4.664
4.664
4.664
4.664
4.359
4.359
4.359
4.359
4.359
4.359
4.359
4.359
4.359
4.359
4.359
4.359
4.359
4.359
4.359
4.359
4.359
4.359
4.359
4.359
4.359
4.359
4.359
4.359
4.359
4.359
4.359
4.359
4.359
4.359
4.194
4.194
4.194
4.194
4.194
4.194
4.194
4.194
4.194
4.194
4.194
4.194
4.194
4.194
4.194
4.194
4.194
4.194
4.194
4.194
4.194
4.194
4.194
4.194
4.194
4.194
4.194
4.194
4.194
4.194
3.745
3.745
3.745
3.745
3.745
3.745
3.745
3.745
3.745
3.745
3.745
3.745
3.745
3.745
3.745
3.745
3.745
3.745
3.745
3.745
3.745
3.745
3.745
3.745
3.745
3.745
3.745
3.745
3.745
3.745
3.796
3.796
3.796
3.796
3.796
3.796
3.796
3.796
3.796
3.796
3.796
3.796
3.796
3.796
3.796
3.796
3.796
3.796
3.796
3.796
3.796
3.796
3.796
3.796
3.796
3.796
3.796
3.796
3.796
3.796
3.805
3.805
3.805
3.805
3.805
3.805
3.805
3.805
3.805
3.805
3.805
3.805
3.805
3.805
3.805
3.805
3.805
3.805
3.805
3.805
3.805
3.805
3.805
3.805
3.805
3.805
3.805
3.805
3.805
3.805
3.769
3.769
3.769
3.769
3.769
3.769
3.769
3.769
3.769
3.769
3.769
3.769
3.769
3.769
3.769
3.769
3.769
3.769
3.769
3.769
3.769
3.769
3.769
3.769
3.769
3.769
3.769
3.769
3.769
3.769
3.661
3.661
3.661
3.661
3.661
3.661
3.661
3.661
3.661
3.661
3.661
3.661
3.661
3.661
3.661
3.661
3.661
3.661
3.661
3.661
3.661
3.661
3.661
3.661
3.661
3.661
3.661
3.661
3.661
3.661
3.612
3.612
3.612
3.612
3.612
3.612
3.612
3.612
3.612
3.612
3.612
3.612
3.612
3.612
3.612
3.612
3.612
3.612
3.612
3.612
3.612
3.612
3.612
3.612
3.612
3.612
3.612
3.612
3.612
3.612
3.581
3.581
3.581
3.581
3.581
3.581
3.581
3.581
3.581
3.581
3.581
3.581
3.581
3.581
3.581
3.581
3.581
3.581
3.581
3.581
3.581
3.581
3.581
3.581
3.581
3.581
3.581
3.581
3.581
3.581
3.584
3.584
3.584
3.584
3.584
3.584
3.584
3.584
3.584
3.584
3.584
3.584
3.584
3.584
3.584
3.584
3.584
3.584
3.584
3.584
3.584
3.584
3.584
3.584
3.584
3.584
3.584
3.584
3.584
3.584
3.83
3.83
3.83
3.83
3.83
3.83
3.83
3.83
3.83
3.83
3.83
3.83
3.83
3.83
3.83
3.83
3.83
3.83
3.83
3.83
3.83
3.83
3.83
3.83
3.83
3.83
3.83
3.83
3.83
3.83
3.868
3.868
3.868
3.868
3.868
3.868
3.868
3.868
3.868
3.868
3.868
3.868
3.868
3.868
3.868
3.868
3.868
3.868
3.868
3.868
3.868
3.868
3.868
3.868
3.868
3.868
3.868
3.868
3.868
3.868
3.95
3.95
3.95
3.95
3.95
3.95
3.95
3.95
3.95
3.95
3.95
3.95
3.95
3.95
3.95
3.95
3.95
3.95
3.95
3.95
3.95
3.95
3.95
3.95
3.95
3.95
3.95
3.95
3.95
3.95
4.029
4.029
4.029
4.029
4.029
4.029
4.029
4.029
4.029
4.029
4.029
4.029
4.029
4.029
4.029
4.029
4.029
4.029
4.029
4.029
4.029
4.029
4.029
4.029
4.029
4.029
4.029
4.029
4.029
4.029
4.284
4.284
4.284
4.284
4.284
4.284
4.284
4.284
4.284
4.284
4.284
4.284
4.284
4.284
4.284
4.284
4.284
4.284
4.284
4.284
4.284
4.284
4.284
4.284
4.284
4.284
4.284
4.284
4.284
4.284
4.495
4.495
4.495
4.495
4.495
4.495
4.495
4.495
4.495
4.495
4.495
4.495
4.495
4.495
4.495
4.495
4.495
4.495
4.495
4.495
4.495
4.495
4.495
4.495
4.495
4.495
4.495
4.495
4.495
4.495
4.295
4.295
4.295
4.295
4.295
4.295
4.295
4.295
4.295
4.295
4.295
4.295
4.295
4.295
4.295
4.295
4.295
4.295
4.295
4.295
4.295
4.295
4.295
4.295
4.295
4.295
4.295
4.295
4.295
4.295
4.287
4.287
4.287
4.287
4.287
4.287
4.287
4.287
4.287
4.287
4.287
4.287
4.287
4.287
4.287
4.287
4.287
4.287
4.287
4.287
4.287
4.287
4.287
4.287
4.287
4.287
4.287
4.287
4.287
4.287
4.182
4.182
4.182
4.182
4.182
4.182
4.182
4.182
4.182
4.182
4.182
4.182
4.182
4.182
4.182
4.182
4.182
4.182
4.182
4.182
4.182
4.182
4.182
4.182
4.182
4.182
4.182
4.182
4.182
4.182
4.137
4.137
4.137
4.137
4.137
4.137
4.137
4.137
4.137
4.137
4.137
4.137
4.137
4.137
4.137
4.137
4.137
4.137
4.137
4.137
4.137
4.137
4.137
4.137
4.137
4.137
4.137
4.137
4.137
4.137
4.055
4.055
4.055
4.055
4.055
4.055
4.055
4.055
4.055
4.055
4.055
4.055
4.055
4.055
4.055
4.055
4.055
4.055
4.055
4.055
4.055
4.055
4.055
4.055
4.055
4.055
4.055
4.055
4.055
4.055
4.034
4.034
4.034
4.034
4.034
4.034
4.034
4.034
4.034
4.034
4.034
4.034
4.034
4.034
4.034
4.034
4.034
4.034
4.034
4.034
4.034
4.034
4.034
4.034
4.034
4.034
4.034
4.034
4.034
4.034
4.143
4.143
4.143
4.143
4.143
4.143
4.143
4.143
4.143
4.143
4.143
4.143
4.143
4.143
4.143
4.143
4.143
4.143
4.143
4.143
4.143
4.143
4.143
4.143
4.143
4.143
4.143
4.143
4.143
4.143
4.152
4.152
4.152
4.152
4.152
4.152
4.152
4.152
4.152
4.152
4.152
4.152
4.152
4.152
4.152
4.152
4.152
4.152
4.152
4.152
4.152
4.152
4.152
4.152
4.152
4.152
4.152
4.152
4.152
4.152
4.113
4.113
4.113
4.113
4.113
4.113
4.113
4.113
4.113
4.113
4.113
4.113
4.113
4.113
4.113
4.113
4.113
4.113
4.113
4.113
4.113
4.113
4.113
4.113
4.113
4.113
4.113
4.113
4.113
4.113
4.068
4.068
4.068
4.068
4.068
4.068
4.068
4.068
4.068
4.068
4.068
4.068
4.068
4.068
4.068
4.068
4.068
4.068
4.068
4.068
4.068
4.068
4.068
4.068
4.068
4.068
4.068
4.068
4.068
4.068
4.071
4.071
4.071
4.071
4.071
4.071
4.071
4.071
4.071
4.071
4.071
4.071
4.071
4.071
4.071
4.071
4.071
4.071
4.071
4.071
4.071
4.071
4.071
4.071
4.071
4.071
4.071
4.071
4.071
4.071
3.95
3.95
3.95
3.95
3.95
3.95
3.95
3.95
3.95
3.95
3.95
3.95
3.95
3.95
3.95
3.95
3.95
3.95
3.95
3.95
3.95
3.95
3.95
3.95
3.95
3.95
3.95
3.95
3.95
3.95
