4.308
4.308
4.308
4.308
4.308
4.308
4.308
4.308
4.308
4.308
4.308
4.308
4.308
4.308
4.308
4.308
4.308
4.308
4.308
4.308
4.308
4.308
4.308
4.308
4.308
4.308
4.308
4.308
4.308
4.308
4.412
4.412
4.412
4.412
4.412
4.412
4.412
4.412
4.412
4.412
4.412
4.412
4.412
4.412
4.412
4.412
4.412
4.412
4.412
4.412
4.412
4.412
4.412
4.412
4.412
4.412
4.412
4.412
4.412
4.412
4.001
4.001
4.001
4.001
4.001
4.001
4.001
4.001
4.001
4.001
4.001
4.001
4.001
4.001
4.001
4.001
4.001
4.001
4.001
4.001
4.001
4.001
4.001
4.001
4.001
4.001
4.001
4.001
4.001
4.001
3.873
3.873
3.873
3.873
3.873
3.873
3.873
3.873
3.873
3.873
3.873
3.873
3.873
3.873
3.873
3.873
3.873
3.873
3.873
3.873
3.873
3.873
3.873
3.873
3.873
3.873
3.873
3.873
3.873
3.873
3.677
3.677
3.677
3.677
3.677
3.677
3.677
3.677
3.677
3.677
3.677
3.677
3.677
3.677
3.677
3.677
3.677
3.677
3.677
3.677
3.677
3.677
3.677
3.677
3.677
3.677
3.677
3.677
3.677
3.677
3.722
3.722
3.722
3.722
3.722
3.722
3.722
3.722
3.722
3.722
3.722
3.722
3.722
3.722
3.722
3.722
3.722
3.722
3.722
3.722
3.722
3.722
3.722
3.722
3.722
3.722
3.722
3.722
3.722
3.722
3.578
3.578
3.578
3.578
3.578
3.578
3.578
3.578
3.578
3.578
3.578
3.578
3.578
3.578
3.578
3.578
3.578
3.578
3.578
3.578
3.578
3.578
3.578
3.578
3.578
3.578
3.578
3.578
3.578
3.578
3.445
3.445
3.445
3.445
3.445
3.445
3.445
3.445
3.445
3.445
3.445
3.445
3.445
3.445
3.445
3.445
3.445
3.445
3.445
3.445
3.445
3.445
3.445
3.445
3.445
3.445
3.445
3.445
3.445
3.445
3.402
3.402
3.402
3.402
3.402
3.402
3.402
3.402
3.402
3.402
3.402
3.402
3.402
3.402
3.402
3.402
3.402
3.402
3.402
3.402
3.402
3.402
3.402
3.402
3.402
3.402
3.402
3.402
3.402
3.402
3.479
3.479
3.479
3.479
3.479
3.479
3.479
3.479
3.479
3.479
3.479
3.479
3.479
3.479
3.479
3.479
3.479
3.479
3.479
3.479
3.479
3.479
3.479
3.479
3.479
3.479
3.479
3.479
3.479
3.479
4.164
4.164
4.164
4.164
4.164
4.164
4.164
4.164
4.164
4.164
4.164
4.164
4.164
4.164
4.164
4.164
4.164
4.164
4.164
4.164
4.164
4.164
4.164
4.164
4.164
4.164
4.164
4.164
4.164
4.164
4.334
4.334
4.334
4.334
4.334
4.334
4.334
4.334
4.334
4.334
4.334
4.334
4.334
4.334
4.334
4.334
4.334
4.334
4.334
4.334
4.334
4.334
4.334
4.334
4.334
4.334
4.334
4.334
4.334
4.334
4.96
4.96
4.96
4.96
4.96
4.96
4.96
4.96
4.96
4.96
4.96
4.96
4.96
4.96
4.96
4.96
4.96
4.96
4.96
4.96
4.96
4.96
4.96
4.96
4.96
4.96
4.96
4.96
4.96
4.96
4.88
4.88
4.88
4.88
4.88
4.88
4.88
4.88
4.88
4.88
4.88
4.88
4.88
4.88
4.88
4.88
4.88
4.88
4.88
4.88
4.88
4.88
4.88
4.88
4.88
4.88
4.88
4.88
4.88
4.88
5.11
5.11
5.11
5.11
5.11
5.11
5.11
5.11
5.11
5.11
5.11
5.11
5.11
5.11
5.11
5.11
5.11
5.11
5.11
5.11
5.11
5.11
5.11
5.11
5.11
5.11
5.11
5.11
5.11
5.11
4.447
4.447
4.447
4.447
4.447
4.447
4.447
4.447
4.447
4.447
4.447
4.447
4.447
4.447
4.447
4.447
4.447
4.447
4.447
4.447
4.447
4.447
4.447
4.447
4.447
4.447
4.447
4.447
4.447
4.447
4.992
4.992
4.992
4.992
4.992
4.992
4.992
4.992
4.992
4.992
4.992
4.992
4.992
4.992
4.992
4.992
4.992
4.992
4.992
4.992
4.992
4.992
4.992
4.992
4.992
4.992
4.992
4.992
4.992
4.992
5.104
5.104
5.104
5.104
5.104
5.104
5.104
5.104
5.104
5.104
5.104
5.104
5.104
5.104
5.104
5.104
5.104
5.104
5.104
5.104
5.104
5.104
5.104
5.104
5.104
5.104
5.104
5.104
5.104
5.104
6.09
6.09
6.09
6.09
6.09
6.09
6.09
6.09
6.09
6.09
6.09
6.09
6.09
6.09
6.09
6.09
6.09
6.09
6.09
6.09
6.09
6.09
6.09
6.09
6.09
6.09
6.09
6.09
6.09
6.09
6.342
6.342
6.342
6.342
6.342
6.342
6.342
6.342
6.342
6.342
6.342
6.342
6.342
6.342
6.342
6.342
6.342
6.342
6.342
6.342
6.342
6.342
6.342
6.342
6.342
6.342
6.342
6.342
6.342
6.342
6.517
6.517
6.517
6.517
6.517
6.517
6.517
6.517
6.517
6.517
6.517
6.517
6.517
6.517
6.517
6.517
6.517
6.517
6.517
6.517
6.517
6.517
6.517
6.517
6.517
6.517
6.517
6.517
6.517
6.517
6.567
6.567
6.567
6.567
6.567
6.567
6.567
6.567
6.567
6.567
6.567
6.567
6.567
6.567
6.567
6.567
6.567
6.567
6.567
6.567
6.567
6.567
6.567
6.567
6.567
6.567
6.567
6.567
6.567
6.567
6.065
6.065
6.065
6.065
6.065
6.065
6.065
6.065
6.065
6.065
6.065
6.065
6.065
6.065
6.065
6.065
6.065
6.065
6.065
6.065
6.065
6.065
6.065
6.065
6.065
6.065
6.065
6.065
6.065
6.065
5.917
5.917
5.917
5.917
5.917
5.917
5.917
5.917
5.917
5.917
5.917
5.917
5.917
5.917
5.917
5.917
5.917
5.917
5.917
5.917
5.917
5.917
5.917
5.917
5.917
5.917
5.917
5.917
5.917
5.917
5.87
5.87
5.87
5.87
5.87
5.87
5.87
5.87
5.87
5.87
5.87
5.87
5.87
5.87
5.87
5.87
5.87
5.87
5.87
5.87
5.87
5.87
5.87
5.87
5.87
5.87
5.87
5.87
5.87
5.87
5.816
5.816
5.816
5.816
5.816
5.816
5.816
5.816
5.816
5.816
5.816
5.816
5.816
5.816
5.816
5.816
5.816
5.816
5.816
5.816
5.816
5.816
5.816
5.816
5.816
5.816
5.816
5.816
5.816
5.816
5.714
5.714
5.714
5.714
5.714
5.714
5.714
5.714
5.714
5.714
5.714
5.714
5.714
5.714
5.714
5.714
5.714
5.714
5.714
5.714
5.714
5.714
5.714
5.714
5.714
5.714
5.714
5.714
5.714
5.714
5.674
5.674
5.674
5.674
5.674
5.674
5.674
5.674
5.674
5.674
5.674
5.674
5.674
5.674
5.674
5.674
5.674
5.674
5.674
5.674
5.674
5.674
5.674
5.674
5.674
5.674
5.674
5.674
5.674
5.674
5.471
5.471
5.471
5.471
5.471
5.471
5.471
5.471
5.471
5.471
5.471
5.471
5.471
5.471
5.471
5.471
5.471
5.471
5.471
5.471
5.471
5.471
5.471
5.471
5.471
5.471
5.471
5.471
5.471
5.471
5.373
5.373
5.373
5.373
5.373
5.373
5.373
5.373
5.373
5.373
5.373
5.373
5.373
5.373
5.373
5.373
5.373
5.373
5.373
5.373
5.373
5.373
5.373
5.373
5.373
5.373
5.373
5.373
5.373
5.373
5.313
5.313
5.313
5.313
5.313
5.313
5.313
5.313
5.313
5.313
5.313
5.313
5.313
5.313
5.313
5.313
5.313
5.313
5.313
5.313
5.313
5.313
5.313
5.313
5.313
5.313
5.313
5.313
5.313
5.313
5.363
5.363
5.363
5.363
5.363
5.363
5.363
5.363
5.363
5.363
5.363
5.363
5.363
5.363
5.363
5.363
5.363
5.363
5.363
5.363
5.363
5.363
5.363
5.363
5.363
5.363
5.363
5.363
5.363
5.363
5.503
5.503
5.503
5.503
5.503
5.503
5.503
5.503
5.503
5.503
5.503
5.503
5.503
5.503
5.503
5.503
5.503
5.503
5.503
5.503
5.503
5.503
5.503
5.503
5.503
5.503
5.503
5.503
5.503
5.503
7.098
7.098
7.098
7.098
7.098
7.098
7.098
7.098
7.098
7.098
7.098
7.098
7.098
7.098
7.098
7.098
7.098
7.098
7.098
7.098
7.098
7.098
7.098
7.098
7.098
7.098
7.098
7.098
7.098
7.098
8.259
8.259
8.259
8.259
8.259
8.259
8.259
8.259
8.259
8.259
8.259
8.259
8.259
8.259
8.259
8.259
8.259
8.259
8.259
8.259
8.259
8.259
8.259
8.259
8.259
8.259
8.259
8.259
8.259
8.259
8.101
8.101
8.101
8.101
8.101
8.101
8.101
8.101
8.101
8.101
8.101
8.101
8.101
8.101
8.101
8.101
8.101
8.101
8.101
8.101
8.101
8.101
8.101
8.101
8.101
8.101
8.101
8.101
8.101
8.101
7.416
7.416
7.416
7.416
7.416
7.416
7.416
7.416
7.416
7.416
7.416
7.416
7.416
7.416
7.416
7.416
7.416
7.416
7.416
7.416
7.416
7.416
7.416
7.416
7.416
7.416
7.416
7.416
7.416
7.416
6.741
6.741
6.741
6.741
6.741
6.741
6.741
6.741
6.741
6.741
6.741
6.741
6.741
6.741
6.741
6.741
6.741
6.741
6.741
6.741
6.741
6.741
6.741
6.741
6.741
6.741
6.741
6.741
6.741
6.741
5.183
5.183
5.183
5.183
5.183
5.183
5.183
5.183
5.183
5.183
5.183
5.183
5.183
5.183
5.183
5.183
5.183
5.183
5.183
5.183
5.183
5.183
5.183
5.183
5.183
5.183
5.183
5.183
5.183
5.183
5.364
5.364
5.364
5.364
5.364
5.364
5.364
5.364
5.364
5.364
5.364
5.364
5.364
5.364
5.364
5.364
5.364
5.364
5.364
5.364
5.364
5.364
5.364
5.364
5.364
5.364
5.364
5.364
5.364
5.364
5.59
5.59
5.59
5.59
5.59
5.59
5.59
5.59
5.59
5.59
5.59
5.59
5.59
5.59
5.59
5.59
5.59
5.59
5.59
5.59
5.59
5.59
5.59
5.59
5.59
5.59
5.59
5.59
5.59
5.59
5.418
5.418
5.418
5.418
5.418
5.418
5.418
5.418
5.418
5.418
5.418
5.418
5.418
5.418
5.418
5.418
5.418
5.418
5.418
5.418
5.418
5.418
5.418
5.418
5.418
5.418
5.418
5.418
5.418
5.418
5.02
5.02
5.02
5.02
5.02
5.02
5.02
5.02
5.02
5.02
5.02
5.02
5.02
5.02
5.02
5.02
5.02
5.02
5.02
5.02
5.02
5.02
5.02
5.02
5.02
5.02
5.02
5.02
5.02
5.02
5.057
5.057
5.057
5.057
5.057
5.057
5.057
5.057
5.057
5.057
5.057
5.057
5.057
5.057
5.057
5.057
5.057
5.057
5.057
5.057
5.057
5.057
5.057
5.057
5.057
5.057
5.057
5.057
5.057
5.057
4.752
4.752
4.752
4.752
4.752
4.752
4.752
4.752
4.752
4.752
4.752
4.752
4.752
4.752
4.752
4.752
4.752
4.752
4.752
4.752
4.752
4.752
4.752
4.752
4.752
4.752
4.752
4.752
4.752
4.752
4.82
4.82
4.82
4.82
4.82
4.82
4.82
4.82
4.82
4.82
4.82
4.82
4.82
4.82
4.82
4.82
4.82
4.82
4.82
4.82
4.82
4.82
4.82
4.82
4.82
4.82
4.82
4.82
4.82
4.82
4.466
4.466
4.466
4.466
4.466
4.466
4.466
4.466
4.466
4.466
4.466
4.466
4.466
4.466
4.466
4.466
4.466
4.466
4.466
4.466
4.466
4.466
4.466
4.466
4.466
4.466
4.466
4.466
4.466
4.466
4.309
4.309
4.309
4.309
4.309
4.309
4.309
4.309
4.309
4.309
4.309
4.309
4.309
4.309
4.309
4.309
4.309
4.309
4.309
4.309
4.309
4.309
4.309
4.309
4.309
4.309
4.309
4.309
4.309
4.309
