4.09
4.09
4.09
4.09
4.09
4.09
4.09
4.09
4.09
4.09
4.09
4.09
4.09
4.09
4.09
4.09
4.09
4.09
4.09
4.09
4.09
4.09
4.09
4.09
4.09
4.09
4.09
4.09
4.09
4.09
3.535
3.535
3.535
3.535
3.535
3.535
3.535
3.535
3.535
3.535
3.535
3.535
3.535
3.535
3.535
3.535
3.535
3.535
3.535
3.535
3.535
3.535
3.535
3.535
3.535
3.535
3.535
3.535
3.535
3.535
3.673
3.673
3.673
3.673
3.673
3.673
3.673
3.673
3.673
3.673
3.673
3.673
3.673
3.673
3.673
3.673
3.673
3.673
3.673
3.673
3.673
3.673
3.673
3.673
3.673
3.673
3.673
3.673
3.673
3.673
3.72
3.72
3.72
3.72
3.72
3.72
3.72
3.72
3.72
3.72
3.72
3.72
3.72
3.72
3.72
3.72
3.72
3.72
3.72
3.72
3.72
3.72
3.72
3.72
3.72
3.72
3.72
3.72
3.72
3.72
3.557
3.557
3.557
3.557
3.557
3.557
3.557
3.557
3.557
3.557
3.557
3.557
3.557
3.557
3.557
3.557
3.557
3.557
3.557
3.557
3.557
3.557
3.557
3.557
3.557
3.557
3.557
3.557
3.557
3.557
3.574
3.574
3.574
3.574
3.574
3.574
3.574
3.574
3.574
3.574
3.574
3.574
3.574
3.574
3.574
3.574
3.574
3.574
3.574
3.574
3.574
3.574
3.574
3.574
3.574
3.574
3.574
3.574
3.574
3.574
3.532
3.532
3.532
3.532
3.532
3.532
3.532
3.532
3.532
3.532
3.532
3.532
3.532
3.532
3.532
3.532
3.532
3.532
3.532
3.532
3.532
3.532
3.532
3.532
3.532
3.532
3.532
3.532
3.532
3.532
3.537
3.537
3.537
3.537
3.537
3.537
3.537
3.537
3.537
3.537
3.537
3.537
3.537
3.537
3.537
3.537
3.537
3.537
3.537
3.537
3.537
3.537
3.537
3.537
3.537
3.537
3.537
3.537
3.537
3.537
3.503
3.503
3.503
3.503
3.503
3.503
3.503
3.503
3.503
3.503
3.503
3.503
3.503
3.503
3.503
3.503
3.503
3.503
3.503
3.503
3.503
3.503
3.503
3.503
3.503
3.503
3.503
3.503
3.503
3.503
3.537
3.537
3.537
3.537
3.537
3.537
3.537
3.537
3.537
3.537
3.537
3.537
3.537
3.537
3.537
3.537
3.537
3.537
3.537
3.537
3.537
3.537
3.537
3.537
3.537
3.537
3.537
3.537
3.537
3.537
3.577
3.577
3.577
3.577
3.577
3.577
3.577
3.577
3.577
3.577
3.577
3.577
3.577
3.577
3.577
3.577
3.577
3.577
3.577
3.577
3.577
3.577
3.577
3.577
3.577
3.577
3.577
3.577
3.577
3.577
3.372
3.372
3.372
3.372
3.372
3.372
3.372
3.372
3.372
3.372
3.372
3.372
3.372
3.372
3.372
3.372
3.372
3.372
3.372
3.372
3.372
3.372
3.372
3.372
3.372
3.372
3.372
3.372
3.372
3.372
3.793
3.793
3.793
3.793
3.793
3.793
3.793
3.793
3.793
3.793
3.793
3.793
3.793
3.793
3.793
3.793
3.793
3.793
3.793
3.793
3.793
3.793
3.793
3.793
3.793
3.793
3.793
3.793
3.793
3.793
3.67
3.67
3.67
3.67
3.67
3.67
3.67
3.67
3.67
3.67
3.67
3.67
3.67
3.67
3.67
3.67
3.67
3.67
3.67
3.67
3.67
3.67
3.67
3.67
3.67
3.67
3.67
3.67
3.67
3.67
4.261
4.261
4.261
4.261
4.261
4.261
4.261
4.261
4.261
4.261
4.261
4.261
4.261
4.261
4.261
4.261
4.261
4.261
4.261
4.261
4.261
4.261
4.261
4.261
4.261
4.261
4.261
4.261
4.261
4.261
5.15
5.15
5.15
5.15
5.15
5.15
5.15
5.15
5.15
5.15
5.15
5.15
5.15
5.15
5.15
5.15
5.15
5.15
5.15
5.15
5.15
5.15
5.15
5.15
5.15
5.15
5.15
5.15
5.15
5.15
5.305
5.305
5.305
5.305
5.305
5.305
5.305
5.305
5.305
5.305
5.305
5.305
5.305
5.305
5.305
5.305
5.305
5.305
5.305
5.305
5.305
5.305
5.305
5.305
5.305
5.305
5.305
5.305
5.305
5.305
5.263
5.263
5.263
5.263
5.263
5.263
5.263
5.263
5.263
5.263
5.263
5.263
5.263
5.263
5.263
5.263
5.263
5.263
5.263
5.263
5.263
5.263
5.263
5.263
5.263
5.263
5.263
5.263
5.263
5.263
4.566
4.566
4.566
4.566
4.566
4.566
4.566
4.566
4.566
4.566
4.566
4.566
4.566
4.566
4.566
4.566
4.566
4.566
4.566
4.566
4.566
4.566
4.566
4.566
4.566
4.566
4.566
4.566
4.566
4.566
4.213
4.213
4.213
4.213
4.213
4.213
4.213
4.213
4.213
4.213
4.213
4.213
4.213
4.213
4.213
4.213
4.213
4.213
4.213
4.213
4.213
4.213
4.213
4.213
4.213
4.213
4.213
4.213
4.213
4.213
4.264
4.264
4.264
4.264
4.264
4.264
4.264
4.264
4.264
4.264
4.264
4.264
4.264
4.264
4.264
4.264
4.264
4.264
4.264
4.264
4.264
4.264
4.264
4.264
4.264
4.264
4.264
4.264
4.264
4.264
4.153
4.153
4.153
4.153
4.153
4.153
4.153
4.153
4.153
4.153
4.153
4.153
4.153
4.153
4.153
4.153
4.153
4.153
4.153
4.153
4.153
4.153
4.153
4.153
4.153
4.153
4.153
4.153
4.153
4.153
4.28
4.28
4.28
4.28
4.28
4.28
4.28
4.28
4.28
4.28
4.28
4.28
4.28
4.28
4.28
4.28
4.28
4.28
4.28
4.28
4.28
4.28
4.28
4.28
4.28
4.28
4.28
4.28
4.28
4.28
4.21
4.21
4.21
4.21
4.21
4.21
4.21
4.21
4.21
4.21
4.21
4.21
4.21
4.21
4.21
4.21
4.21
4.21
4.21
4.21
4.21
4.21
4.21
4.21
4.21
4.21
4.21
4.21
4.21
4.21
4.179
4.179
4.179
4.179
4.179
4.179
4.179
4.179
4.179
4.179
4.179
4.179
4.179
4.179
4.179
4.179
4.179
4.179
4.179
4.179
4.179
4.179
4.179
4.179
4.179
4.179
4.179
4.179
4.179
4.179
4.109
4.109
4.109
4.109
4.109
4.109
4.109
4.109
4.109
4.109
4.109
4.109
4.109
4.109
4.109
4.109
4.109
4.109
4.109
4.109
4.109
4.109
4.109
4.109
4.109
4.109
4.109
4.109
4.109
4.109
4.06
4.06
4.06
4.06
4.06
4.06
4.06
4.06
4.06
4.06
4.06
4.06
4.06
4.06
4.06
4.06
4.06
4.06
4.06
4.06
4.06
4.06
4.06
4.06
4.06
4.06
4.06
4.06
4.06
4.06
4.02
4.02
4.02
4.02
4.02
4.02
4.02
4.02
4.02
4.02
4.02
4.02
4.02
4.02
4.02
4.02
4.02
4.02
4.02
4.02
4.02
4.02
4.02
4.02
4.02
4.02
4.02
4.02
4.02
4.02
4.009
4.009
4.009
4.009
4.009
4.009
4.009
4.009
4.009
4.009
4.009
4.009
4.009
4.009
4.009
4.009
4.009
4.009
4.009
4.009
4.009
4.009
4.009
4.009
4.009
4.009
4.009
4.009
4.009
4.009
4.001
4.001
4.001
4.001
4.001
4.001
4.001
4.001
4.001
4.001
4.001
4.001
4.001
4.001
4.001
4.001
4.001
4.001
4.001
4.001
4.001
4.001
4.001
4.001
4.001
4.001
4.001
4.001
4.001
4.001
4.53
4.53
4.53
4.53
4.53
4.53
4.53
4.53
4.53
4.53
4.53
4.53
4.53
4.53
4.53
4.53
4.53
4.53
4.53
4.53
4.53
4.53
4.53
4.53
4.53
4.53
4.53
4.53
4.53
4.53
4.661
4.661
4.661
4.661
4.661
4.661
4.661
4.661
4.661
4.661
4.661
4.661
4.661
4.661
4.661
4.661
4.661
4.661
4.661
4.661
4.661
4.661
4.661
4.661
4.661
4.661
4.661
4.661
4.661
4.661
4.511
4.511
4.511
4.511
4.511
4.511
4.511
4.511
4.511
4.511
4.511
4.511
4.511
4.511
4.511
4.511
4.511
4.511
4.511
4.511
4.511
4.511
4.511
4.511
4.511
4.511
4.511
4.511
4.511
4.511
4.673
4.673
4.673
4.673
4.673
4.673
4.673
4.673
4.673
4.673
4.673
4.673
4.673
4.673
4.673
4.673
4.673
4.673
4.673
4.673
4.673
4.673
4.673
4.673
4.673
4.673
4.673
4.673
4.673
4.673
5.289
5.289
5.289
5.289
5.289
5.289
5.289
5.289
5.289
5.289
5.289
5.289
5.289
5.289
5.289
5.289
5.289
5.289
5.289
5.289
5.289
5.289
5.289
5.289
5.289
5.289
5.289
5.289
5.289
5.289
6.015
6.015
6.015
6.015
6.015
6.015
6.015
6.015
6.015
6.015
6.015
6.015
6.015
6.015
6.015
6.015
6.015
6.015
6.015
6.015
6.015
6.015
6.015
6.015
6.015
6.015
6.015
6.015
6.015
6.015
6.462
6.462
6.462
6.462
6.462
6.462
6.462
6.462
6.462
6.462
6.462
6.462
6.462
6.462
6.462
6.462
6.462
6.462
6.462
6.462
6.462
6.462
6.462
6.462
6.462
6.462
6.462
6.462
6.462
6.462
6.717
6.717
6.717
6.717
6.717
6.717
6.717
6.717
6.717
6.717
6.717
6.717
6.717
6.717
6.717
6.717
6.717
6.717
6.717
6.717
6.717
6.717
6.717
6.717
6.717
6.717
6.717
6.717
6.717
6.717
6.613
6.613
6.613
6.613
6.613
6.613
6.613
6.613
6.613
6.613
6.613
6.613
6.613
6.613
6.613
6.613
6.613
6.613
6.613
6.613
6.613
6.613
6.613
6.613
6.613
6.613
6.613
6.613
6.613
6.613
5.707
5.707
5.707
5.707
5.707
5.707
5.707
5.707
5.707
5.707
5.707
5.707
5.707
5.707
5.707
5.707
5.707
5.707
5.707
5.707
5.707
5.707
5.707
5.707
5.707
5.707
5.707
5.707
5.707
5.707
6.301
6.301
6.301
6.301
6.301
6.301
6.301
6.301
6.301
6.301
6.301
6.301
6.301
6.301
6.301
6.301
6.301
6.301
6.301
6.301
6.301
6.301
6.301
6.301
6.301
6.301
6.301
6.301
6.301
6.301
5.152
5.152
5.152
5.152
5.152
5.152
5.152
5.152
5.152
5.152
5.152
5.152
5.152
5.152
5.152
5.152
5.152
5.152
5.152
5.152
5.152
5.152
5.152
5.152
5.152
5.152
5.152
5.152
5.152
5.152
5.227
5.227
5.227
5.227
5.227
5.227
5.227
5.227
5.227
5.227
5.227
5.227
5.227
5.227
5.227
5.227
5.227
5.227
5.227
5.227
5.227
5.227
5.227
5.227
5.227
5.227
5.227
5.227
5.227
5.227
4.69
4.69
4.69
4.69
4.69
4.69
4.69
4.69
4.69
4.69
4.69
4.69
4.69
4.69
4.69
4.69
4.69
4.69
4.69
4.69
4.69
4.69
4.69
4.69
4.69
4.69
4.69
4.69
4.69
4.69
4.751
4.751
4.751
4.751
4.751
4.751
4.751
4.751
4.751
4.751
4.751
4.751
4.751
4.751
4.751
4.751
4.751
4.751
4.751
4.751
4.751
4.751
4.751
4.751
4.751
4.751
4.751
4.751
4.751
4.751
4.613
4.613
4.613
4.613
4.613
4.613
4.613
4.613
4.613
4.613
4.613
4.613
4.613
4.613
4.613
4.613
4.613
4.613
4.613
4.613
4.613
4.613
4.613
4.613
4.613
4.613
4.613
4.613
4.613
4.613
4.844
4.844
4.844
4.844
4.844
4.844
4.844
4.844
4.844
4.844
4.844
4.844
4.844
4.844
4.844
4.844
4.844
4.844
4.844
4.844
4.844
4.844
4.844
4.844
4.844
4.844
4.844
4.844
4.844
4.844
4.823
4.823
4.823
4.823
4.823
4.823
4.823
4.823
4.823
4.823
4.823
4.823
4.823
4.823
4.823
4.823
4.823
4.823
4.823
4.823
4.823
4.823
4.823
4.823
4.823
4.823
4.823
4.823
4.823
4.823
