3.469
3.469
3.469
3.469
3.469
3.469
3.469
3.469
3.469
3.469
3.469
3.469
3.469
3.469
3.469
3.469
3.469
3.469
3.469
3.469
3.469
3.469
3.469
3.469
3.469
3.469
3.469
3.469
3.469
3.469
3.473
3.473
3.473
3.473
3.473
3.473
3.473
3.473
3.473
3.473
3.473
3.473
3.473
3.473
3.473
3.473
3.473
3.473
3.473
3.473
3.473
3.473
3.473
3.473
3.473
3.473
3.473
3.473
3.473
3.473
3.252
3.252
3.252
3.252
3.252
3.252
3.252
3.252
3.252
3.252
3.252
3.252
3.252
3.252
3.252
3.252
3.252
3.252
3.252
3.252
3.252
3.252
3.252
3.252
3.252
3.252
3.252
3.252
3.252
3.252
3.194
3.194
3.194
3.194
3.194
3.194
3.194
3.194
3.194
3.194
3.194
3.194
3.194
3.194
3.194
3.194
3.194
3.194
3.194
3.194
3.194
3.194
3.194
3.194
3.194
3.194
3.194
3.194
3.194
3.194
3.209
3.209
3.209
3.209
3.209
3.209
3.209
3.209
3.209
3.209
3.209
3.209
3.209
3.209
3.209
3.209
3.209
3.209
3.209
3.209
3.209
3.209
3.209
3.209
3.209
3.209
3.209
3.209
3.209
3.209
3.183
3.183
3.183
3.183
3.183
3.183
3.183
3.183
3.183
3.183
3.183
3.183
3.183
3.183
3.183
3.183
3.183
3.183
3.183
3.183
3.183
3.183
3.183
3.183
3.183
3.183
3.183
3.183
3.183
3.183
3.064
3.064
3.064
3.064
3.064
3.064
3.064
3.064
3.064
3.064
3.064
3.064
3.064
3.064
3.064
3.064
3.064
3.064
3.064
3.064
3.064
3.064
3.064
3.064
3.064
3.064
3.064
3.064
3.064
3.064
3.111
3.111
3.111
3.111
3.111
3.111
3.111
3.111
3.111
3.111
3.111
3.111
3.111
3.111
3.111
3.111
3.111
3.111
3.111
3.111
3.111
3.111
3.111
3.111
3.111
3.111
3.111
3.111
3.111
3.111
3.176
3.176
3.176
3.176
3.176
3.176
3.176
3.176
3.176
3.176
3.176
3.176
3.176
3.176
3.176
3.176
3.176
3.176
3.176
3.176
3.176
3.176
3.176
3.176
3.176
3.176
3.176
3.176
3.176
3.176
3.08
3.08
3.08
3.08
3.08
3.08
3.08
3.08
3.08
3.08
3.08
3.08
3.08
3.08
3.08
3.08
3.08
3.08
3.08
3.08
3.08
3.08
3.08
3.08
3.08
3.08
3.08
3.08
3.08
3.08
3.275
3.275
3.275
3.275
3.275
3.275
3.275
3.275
3.275
3.275
3.275
3.275
3.275
3.275
3.275
3.275
3.275
3.275
3.275
3.275
3.275
3.275
3.275
3.275
3.275
3.275
3.275
3.275
3.275
3.275
3.42
3.42
3.42
3.42
3.42
3.42
3.42
3.42
3.42
3.42
3.42
3.42
3.42
3.42
3.42
3.42
3.42
3.42
3.42
3.42
3.42
3.42
3.42
3.42
3.42
3.42
3.42
3.42
3.42
3.42
3.768
3.768
3.768
3.768
3.768
3.768
3.768
3.768
3.768
3.768
3.768
3.768
3.768
3.768
3.768
3.768
3.768
3.768
3.768
3.768
3.768
3.768
3.768
3.768
3.768
3.768
3.768
3.768
3.768
3.768
4.024
4.024
4.024
4.024
4.024
4.024
4.024
4.024
4.024
4.024
4.024
4.024
4.024
4.024
4.024
4.024
4.024
4.024
4.024
4.024
4.024
4.024
4.024
4.024
4.024
4.024
4.024
4.024
4.024
4.024
4.457
4.457
4.457
4.457
4.457
4.457
4.457
4.457
4.457
4.457
4.457
4.457
4.457
4.457
4.457
4.457
4.457
4.457
4.457
4.457
4.457
4.457
4.457
4.457
4.457
4.457
4.457
4.457
4.457
4.457
4.387
4.387
4.387
4.387
4.387
4.387
4.387
4.387
4.387
4.387
4.387
4.387
4.387
4.387
4.387
4.387
4.387
4.387
4.387
4.387
4.387
4.387
4.387
4.387
4.387
4.387
4.387
4.387
4.387
4.387
4.6
4.6
4.6
4.6
4.6
4.6
4.6
4.6
4.6
4.6
4.6
4.6
4.6
4.6
4.6
4.6
4.6
4.6
4.6
4.6
4.6
4.6
4.6
4.6
4.6
4.6
4.6
4.6
4.6
4.6
4.569
4.569
4.569
4.569
4.569
4.569
4.569
4.569
4.569
4.569
4.569
4.569
4.569
4.569
4.569
4.569
4.569
4.569
4.569
4.569
4.569
4.569
4.569
4.569
4.569
4.569
4.569
4.569
4.569
4.569
4.445
4.445
4.445
4.445
4.445
4.445
4.445
4.445
4.445
4.445
4.445
4.445
4.445
4.445
4.445
4.445
4.445
4.445
4.445
4.445
4.445
4.445
4.445
4.445
4.445
4.445
4.445
4.445
4.445
4.445
4.282
4.282
4.282
4.282
4.282
4.282
4.282
4.282
4.282
4.282
4.282
4.282
4.282
4.282
4.282
4.282
4.282
4.282
4.282
4.282
4.282
4.282
4.282
4.282
4.282
4.282
4.282
4.282
4.282
4.282
4.208
4.208
4.208
4.208
4.208
4.208
4.208
4.208
4.208
4.208
4.208
4.208
4.208
4.208
4.208
4.208
4.208
4.208
4.208
4.208
4.208
4.208
4.208
4.208
4.208
4.208
4.208
4.208
4.208
4.208
4.148
4.148
4.148
4.148
4.148
4.148
4.148
4.148
4.148
4.148
4.148
4.148
4.148
4.148
4.148
4.148
4.148
4.148
4.148
4.148
4.148
4.148
4.148
4.148
4.148
4.148
4.148
4.148
4.148
4.148
4.032
4.032
4.032
4.032
4.032
4.032
4.032
4.032
4.032
4.032
4.032
4.032
4.032
4.032
4.032
4.032
4.032
4.032
4.032
4.032
4.032
4.032
4.032
4.032
4.032
4.032
4.032
4.032
4.032
4.032
3.981
3.981
3.981
3.981
3.981
3.981
3.981
3.981
3.981
3.981
3.981
3.981
3.981
3.981
3.981
3.981
3.981
3.981
3.981
3.981
3.981
3.981
3.981
3.981
3.981
3.981
3.981
3.981
3.981
3.981
3.983
3.983
3.983
3.983
3.983
3.983
3.983
3.983
3.983
3.983
3.983
3.983
3.983
3.983
3.983
3.983
3.983
3.983
3.983
3.983
3.983
3.983
3.983
3.983
3.983
3.983
3.983
3.983
3.983
3.983
3.932
3.932
3.932
3.932
3.932
3.932
3.932
3.932
3.932
3.932
3.932
3.932
3.932
3.932
3.932
3.932
3.932
3.932
3.932
3.932
3.932
3.932
3.932
3.932
3.932
3.932
3.932
3.932
3.932
3.932
3.984
3.984
3.984
3.984
3.984
3.984
3.984
3.984
3.984
3.984
3.984
3.984
3.984
3.984
3.984
3.984
3.984
3.984
3.984
3.984
3.984
3.984
3.984
3.984
3.984
3.984
3.984
3.984
3.984
3.984
3.987
3.987
3.987
3.987
3.987
3.987
3.987
3.987
3.987
3.987
3.987
3.987
3.987
3.987
3.987
3.987
3.987
3.987
3.987
3.987
3.987
3.987
3.987
3.987
3.987
3.987
3.987
3.987
3.987
3.987
3.964
3.964
3.964
3.964
3.964
3.964
3.964
3.964
3.964
3.964
3.964
3.964
3.964
3.964
3.964
3.964
3.964
3.964
3.964
3.964
3.964
3.964
3.964
3.964
3.964
3.964
3.964
3.964
3.964
3.964
3.96
3.96
3.96
3.96
3.96
3.96
3.96
3.96
3.96
3.96
3.96
3.96
3.96
3.96
3.96
3.96
3.96
3.96
3.96
3.96
3.96
3.96
3.96
3.96
3.96
3.96
3.96
3.96
3.96
3.96
4.211
4.211
4.211
4.211
4.211
4.211
4.211
4.211
4.211
4.211
4.211
4.211
4.211
4.211
4.211
4.211
4.211
4.211
4.211
4.211
4.211
4.211
4.211
4.211
4.211
4.211
4.211
4.211
4.211
4.211
4.246
4.246
4.246
4.246
4.246
4.246
4.246
4.246
4.246
4.246
4.246
4.246
4.246
4.246
4.246
4.246
4.246
4.246
4.246
4.246
4.246
4.246
4.246
4.246
4.246
4.246
4.246
4.246
4.246
4.246
4.261
4.261
4.261
4.261
4.261
4.261
4.261
4.261
4.261
4.261
4.261
4.261
4.261
4.261
4.261
4.261
4.261
4.261
4.261
4.261
4.261
4.261
4.261
4.261
4.261
4.261
4.261
4.261
4.261
4.261
4.284
4.284
4.284
4.284
4.284
4.284
4.284
4.284
4.284
4.284
4.284
4.284
4.284
4.284
4.284
4.284
4.284
4.284
4.284
4.284
4.284
4.284
4.284
4.284
4.284
4.284
4.284
4.284
4.284
4.284
4.384
4.384
4.384
4.384
4.384
4.384
4.384
4.384
4.384
4.384
4.384
4.384
4.384
4.384
4.384
4.384
4.384
4.384
4.384
4.384
4.384
4.384
4.384
4.384
4.384
4.384
4.384
4.384
4.384
4.384
4.338
4.338
4.338
4.338
4.338
4.338
4.338
4.338
4.338
4.338
4.338
4.338
4.338
4.338
4.338
4.338
4.338
4.338
4.338
4.338
4.338
4.338
4.338
4.338
4.338
4.338
4.338
4.338
4.338
4.338
4.345
4.345
4.345
4.345
4.345
4.345
4.345
4.345
4.345
4.345
4.345
4.345
4.345
4.345
4.345
4.345
4.345
4.345
4.345
4.345
4.345
4.345
4.345
4.345
4.345
4.345
4.345
4.345
4.345
4.345
4.346
4.346
4.346
4.346
4.346
4.346
4.346
4.346
4.346
4.346
4.346
4.346
4.346
4.346
4.346
4.346
4.346
4.346
4.346
4.346
4.346
4.346
4.346
4.346
4.346
4.346
4.346
4.346
4.346
4.346
4.354
4.354
4.354
4.354
4.354
4.354
4.354
4.354
4.354
4.354
4.354
4.354
4.354
4.354
4.354
4.354
4.354
4.354
4.354
4.354
4.354
4.354
4.354
4.354
4.354
4.354
4.354
4.354
4.354
4.354
4.387
4.387
4.387
4.387
4.387
4.387
4.387
4.387
4.387
4.387
4.387
4.387
4.387
4.387
4.387
4.387
4.387
4.387
4.387
4.387
4.387
4.387
4.387
4.387
4.387
4.387
4.387
4.387
4.387
4.387
4.247
4.247
4.247
4.247
4.247
4.247
4.247
4.247
4.247
4.247
4.247
4.247
4.247
4.247
4.247
4.247
4.247
4.247
4.247
4.247
4.247
4.247
4.247
4.247
4.247
4.247
4.247
4.247
4.247
4.247
4.224
4.224
4.224
4.224
4.224
4.224
4.224
4.224
4.224
4.224
4.224
4.224
4.224
4.224
4.224
4.224
4.224
4.224
4.224
4.224
4.224
4.224
4.224
4.224
4.224
4.224
4.224
4.224
4.224
4.224
4.083
4.083
4.083
4.083
4.083
4.083
4.083
4.083
4.083
4.083
4.083
4.083
4.083
4.083
4.083
4.083
4.083
4.083
4.083
4.083
4.083
4.083
4.083
4.083
4.083
4.083
4.083
4.083
4.083
4.083
4.121
4.121
4.121
4.121
4.121
4.121
4.121
4.121
4.121
4.121
4.121
4.121
4.121
4.121
4.121
4.121
4.121
4.121
4.121
4.121
4.121
4.121
4.121
4.121
4.121
4.121
4.121
4.121
4.121
4.121
3.95
3.95
3.95
3.95
3.95
3.95
3.95
3.95
3.95
3.95
3.95
3.95
3.95
3.95
3.95
3.95
3.95
3.95
3.95
3.95
3.95
3.95
3.95
3.95
3.95
3.95
3.95
3.95
3.95
3.95
3.982
3.982
3.982
3.982
3.982
3.982
3.982
3.982
3.982
3.982
3.982
3.982
3.982
3.982
3.982
3.982
3.982
3.982
3.982
3.982
3.982
3.982
3.982
3.982
3.982
3.982
3.982
3.982
3.982
3.982
3.834
3.834
3.834
3.834
3.834
3.834
3.834
3.834
3.834
3.834
3.834
3.834
3.834
3.834
3.834
3.834
3.834
3.834
3.834
3.834
3.834
3.834
3.834
3.834
3.834
3.834
3.834
3.834
3.834
3.834
3.759
3.759
3.759
3.759
3.759
3.759
3.759
3.759
3.759
3.759
3.759
3.759
3.759
3.759
3.759
3.759
3.759
3.759
3.759
3.759
3.759
3.759
3.759
3.759
3.759
3.759
3.759
3.759
3.759
3.759
