3.145
3.145
3.145
3.145
3.145
3.145
3.145
3.145
3.145
3.145
3.145
3.145
3.145
3.145
3.145
3.145
3.145
3.145
3.145
3.145
3.145
3.145
3.145
3.145
3.145
3.145
3.145
3.145
3.145
3.145
2.959
2.959
2.959
2.959
2.959
2.959
2.959
2.959
2.959
2.959
2.959
2.959
2.959
2.959
2.959
2.959
2.959
2.959
2.959
2.959
2.959
2.959
2.959
2.959
2.959
2.959
2.959
2.959
2.959
2.959
2.924
2.924
2.924
2.924
2.924
2.924
2.924
2.924
2.924
2.924
2.924
2.924
2.924
2.924
2.924
2.924
2.924
2.924
2.924
2.924
2.924
2.924
2.924
2.924
2.924
2.924
2.924
2.924
2.924
2.924
2.961
2.961
2.961
2.961
2.961
2.961
2.961
2.961
2.961
2.961
2.961
2.961
2.961
2.961
2.961
2.961
2.961
2.961
2.961
2.961
2.961
2.961
2.961
2.961
2.961
2.961
2.961
2.961
2.961
2.961
2.934
2.934
2.934
2.934
2.934
2.934
2.934
2.934
2.934
2.934
2.934
2.934
2.934
2.934
2.934
2.934
2.934
2.934
2.934
2.934
2.934
2.934
2.934
2.934
2.934
2.934
2.934
2.934
2.934
2.934
2.951
2.951
2.951
2.951
2.951
2.951
2.951
2.951
2.951
2.951
2.951
2.951
2.951
2.951
2.951
2.951
2.951
2.951
2.951
2.951
2.951
2.951
2.951
2.951
2.951
2.951
2.951
2.951
2.951
2.951
2.906
2.906
2.906
2.906
2.906
2.906
2.906
2.906
2.906
2.906
2.906
2.906
2.906
2.906
2.906
2.906
2.906
2.906
2.906
2.906
2.906
2.906
2.906
2.906
2.906
2.906
2.906
2.906
2.906
2.906
2.873
2.873
2.873
2.873
2.873
2.873
2.873
2.873
2.873
2.873
2.873
2.873
2.873
2.873
2.873
2.873
2.873
2.873
2.873
2.873
2.873
2.873
2.873
2.873
2.873
2.873
2.873
2.873
2.873
2.873
2.834
2.834
2.834
2.834
2.834
2.834
2.834
2.834
2.834
2.834
2.834
2.834
2.834
2.834
2.834
2.834
2.834
2.834
2.834
2.834
2.834
2.834
2.834
2.834
2.834
2.834
2.834
2.834
2.834
2.834
2.855
2.855
2.855
2.855
2.855
2.855
2.855
2.855
2.855
2.855
2.855
2.855
2.855
2.855
2.855
2.855
2.855
2.855
2.855
2.855
2.855
2.855
2.855
2.855
2.855
2.855
2.855
2.855
2.855
2.855
3.255
3.255
3.255
3.255
3.255
3.255
3.255
3.255
3.255
3.255
3.255
3.255
3.255
3.255
3.255
3.255
3.255
3.255
3.255
3.255
3.255
3.255
3.255
3.255
3.255
3.255
3.255
3.255
3.255
3.255
3.288
3.288
3.288
3.288
3.288
3.288
3.288
3.288
3.288
3.288
3.288
3.288
3.288
3.288
3.288
3.288
3.288
3.288
3.288
3.288
3.288
3.288
3.288
3.288
3.288
3.288
3.288
3.288
3.288
3.288
3.826
3.826
3.826
3.826
3.826
3.826
3.826
3.826
3.826
3.826
3.826
3.826
3.826
3.826
3.826
3.826
3.826
3.826
3.826
3.826
3.826
3.826
3.826
3.826
3.826
3.826
3.826
3.826
3.826
3.826
4.202
4.202
4.202
4.202
4.202
4.202
4.202
4.202
4.202
4.202
4.202
4.202
4.202
4.202
4.202
4.202
4.202
4.202
4.202
4.202
4.202
4.202
4.202
4.202
4.202
4.202
4.202
4.202
4.202
4.202
5.541
5.541
5.541
5.541
5.541
5.541
5.541
5.541
5.541
5.541
5.541
5.541
5.541
5.541
5.541
5.541
5.541
5.541
5.541
5.541
5.541
5.541
5.541
5.541
5.541
5.541
5.541
5.541
5.541
5.541
5.424
5.424
5.424
5.424
5.424
5.424
5.424
5.424
5.424
5.424
5.424
5.424
5.424
5.424
5.424
5.424
5.424
5.424
5.424
5.424
5.424
5.424
5.424
5.424
5.424
5.424
5.424
5.424
5.424
5.424
4.985
4.985
4.985
4.985
4.985
4.985
4.985
4.985
4.985
4.985
4.985
4.985
4.985
4.985
4.985
4.985
4.985
4.985
4.985
4.985
4.985
4.985
4.985
4.985
4.985
4.985
4.985
4.985
4.985
4.985
4.996
4.996
4.996
4.996
4.996
4.996
4.996
4.996
4.996
4.996
4.996
4.996
4.996
4.996
4.996
4.996
4.996
4.996
4.996
4.996
4.996
4.996
4.996
4.996
4.996
4.996
4.996
4.996
4.996
4.996
4.338
4.338
4.338
4.338
4.338
4.338
4.338
4.338
4.338
4.338
4.338
4.338
4.338
4.338
4.338
4.338
4.338
4.338
4.338
4.338
4.338
4.338
4.338
4.338
4.338
4.338
4.338
4.338
4.338
4.338
4.315
4.315
4.315
4.315
4.315
4.315
4.315
4.315
4.315
4.315
4.315
4.315
4.315
4.315
4.315
4.315
4.315
4.315
4.315
4.315
4.315
4.315
4.315
4.315
4.315
4.315
4.315
4.315
4.315
4.315
4.32
4.32
4.32
4.32
4.32
4.32
4.32
4.32
4.32
4.32
4.32
4.32
4.32
4.32
4.32
4.32
4.32
4.32
4.32
4.32
4.32
4.32
4.32
4.32
4.32
4.32
4.32
4.32
4.32
4.32
4.363
4.363
4.363
4.363
4.363
4.363
4.363
4.363
4.363
4.363
4.363
4.363
4.363
4.363
4.363
4.363
4.363
4.363
4.363
4.363
4.363
4.363
4.363
4.363
4.363
4.363
4.363
4.363
4.363
4.363
4.653
4.653
4.653
4.653
4.653
4.653
4.653
4.653
4.653
4.653
4.653
4.653
4.653
4.653
4.653
4.653
4.653
4.653
4.653
4.653
4.653
4.653
4.653
4.653
4.653
4.653
4.653
4.653
4.653
4.653
4.793
4.793
4.793
4.793
4.793
4.793
4.793
4.793
4.793
4.793
4.793
4.793
4.793
4.793
4.793
4.793
4.793
4.793
4.793
4.793
4.793
4.793
4.793
4.793
4.793
4.793
4.793
4.793
4.793
4.793
4.729
4.729
4.729
4.729
4.729
4.729
4.729
4.729
4.729
4.729
4.729
4.729
4.729
4.729
4.729
4.729
4.729
4.729
4.729
4.729
4.729
4.729
4.729
4.729
4.729
4.729
4.729
4.729
4.729
4.729
4.641
4.641
4.641
4.641
4.641
4.641
4.641
4.641
4.641
4.641
4.641
4.641
4.641
4.641
4.641
4.641
4.641
4.641
4.641
4.641
4.641
4.641
4.641
4.641
4.641
4.641
4.641
4.641
4.641
4.641
4.703
4.703
4.703
4.703
4.703
4.703
4.703
4.703
4.703
4.703
4.703
4.703
4.703
4.703
4.703
4.703
4.703
4.703
4.703
4.703
4.703
4.703
4.703
4.703
4.703
4.703
4.703
4.703
4.703
4.703
4.615
4.615
4.615
4.615
4.615
4.615
4.615
4.615
4.615
4.615
4.615
4.615
4.615
4.615
4.615
4.615
4.615
4.615
4.615
4.615
4.615
4.615
4.615
4.615
4.615
4.615
4.615
4.615
4.615
4.615
4.683
4.683
4.683
4.683
4.683
4.683
4.683
4.683
4.683
4.683
4.683
4.683
4.683
4.683
4.683
4.683
4.683
4.683
4.683
4.683
4.683
4.683
4.683
4.683
4.683
4.683
4.683
4.683
4.683
4.683
4.747
4.747
4.747
4.747
4.747
4.747
4.747
4.747
4.747
4.747
4.747
4.747
4.747
4.747
4.747
4.747
4.747
4.747
4.747
4.747
4.747
4.747
4.747
4.747
4.747
4.747
4.747
4.747
4.747
4.747
6.79
6.79
6.79
6.79
6.79
6.79
6.79
6.79
6.79
6.79
6.79
6.79
6.79
6.79
6.79
6.79
6.79
6.79
6.79
6.79
6.79
6.79
6.79
6.79
6.79
6.79
6.79
6.79
6.79
6.79
6.739
6.739
6.739
6.739
6.739
6.739
6.739
6.739
6.739
6.739
6.739
6.739
6.739
6.739
6.739
6.739
6.739
6.739
6.739
6.739
6.739
6.739
6.739
6.739
6.739
6.739
6.739
6.739
6.739
6.739
6.915
6.915
6.915
6.915
6.915
6.915
6.915
6.915
6.915
6.915
6.915
6.915
6.915
6.915
6.915
6.915
6.915
6.915
6.915
6.915
6.915
6.915
6.915
6.915
6.915
6.915
6.915
6.915
6.915
6.915
7.197
7.197
7.197
7.197
7.197
7.197
7.197
7.197
7.197
7.197
7.197
7.197
7.197
7.197
7.197
7.197
7.197
7.197
7.197
7.197
7.197
7.197
7.197
7.197
7.197
7.197
7.197
7.197
7.197
7.197
7.497
7.497
7.497
7.497
7.497
7.497
7.497
7.497
7.497
7.497
7.497
7.497
7.497
7.497
7.497
7.497
7.497
7.497
7.497
7.497
7.497
7.497
7.497
7.497
7.497
7.497
7.497
7.497
7.497
7.497
7.479
7.479
7.479
7.479
7.479
7.479
7.479
7.479
7.479
7.479
7.479
7.479
7.479
7.479
7.479
7.479
7.479
7.479
7.479
7.479
7.479
7.479
7.479
7.479
7.479
7.479
7.479
7.479
7.479
7.479
7.535
7.535
7.535
7.535
7.535
7.535
7.535
7.535
7.535
7.535
7.535
7.535
7.535
7.535
7.535
7.535
7.535
7.535
7.535
7.535
7.535
7.535
7.535
7.535
7.535
7.535
7.535
7.535
7.535
7.535
7.664
7.664
7.664
7.664
7.664
7.664
7.664
7.664
7.664
7.664
7.664
7.664
7.664
7.664
7.664
7.664
7.664
7.664
7.664
7.664
7.664
7.664
7.664
7.664
7.664
7.664
7.664
7.664
7.664
7.664
7.926
7.926
7.926
7.926
7.926
7.926
7.926
7.926
7.926
7.926
7.926
7.926
7.926
7.926
7.926
7.926
7.926
7.926
7.926
7.926
7.926
7.926
7.926
7.926
7.926
7.926
7.926
7.926
7.926
7.926
8.016
8.016
8.016
8.016
8.016
8.016
8.016
8.016
8.016
8.016
8.016
8.016
8.016
8.016
8.016
8.016
8.016
8.016
8.016
8.016
8.016
8.016
8.016
8.016
8.016
8.016
8.016
8.016
8.016
8.016
7.967
7.967
7.967
7.967
7.967
7.967
7.967
7.967
7.967
7.967
7.967
7.967
7.967
7.967
7.967
7.967
7.967
7.967
7.967
7.967
7.967
7.967
7.967
7.967
7.967
7.967
7.967
7.967
7.967
7.967
7.721
7.721
7.721
7.721
7.721
7.721
7.721
7.721
7.721
7.721
7.721
7.721
7.721
7.721
7.721
7.721
7.721
7.721
7.721
7.721
7.721
7.721
7.721
7.721
7.721
7.721
7.721
7.721
7.721
7.721
5.948
5.948
5.948
5.948
5.948
5.948
5.948
5.948
5.948
5.948
5.948
5.948
5.948
5.948
5.948
5.948
5.948
5.948
5.948
5.948
5.948
5.948
5.948
5.948
5.948
5.948
5.948
5.948
5.948
5.948
5.593
5.593
5.593
5.593
5.593
5.593
5.593
5.593
5.593
5.593
5.593
5.593
5.593
5.593
5.593
5.593
5.593
5.593
5.593
5.593
5.593
5.593
5.593
5.593
5.593
5.593
5.593
5.593
5.593
5.593
5.417
5.417
5.417
5.417
5.417
5.417
5.417
5.417
5.417
5.417
5.417
5.417
5.417
5.417
5.417
5.417
5.417
5.417
5.417
5.417
5.417
5.417
5.417
5.417
5.417
5.417
5.417
5.417
5.417
5.417
5.306
5.306
5.306
5.306
5.306
5.306
5.306
5.306
5.306
5.306
5.306
5.306
5.306
5.306
5.306
5.306
5.306
5.306
5.306
5.306
5.306
5.306
5.306
5.306
5.306
5.306
5.306
5.306
5.306
5.306
3.894
3.894
3.894
3.894
3.894
3.894
3.894
3.894
3.894
3.894
3.894
3.894
3.894
3.894
3.894
3.894
3.894
3.894
3.894
3.894
3.894
3.894
3.894
3.894
3.894
3.894
3.894
3.894
3.894
3.894
3.39
3.39
3.39
3.39
3.39
3.39
3.39
3.39
3.39
3.39
3.39
3.39
3.39
3.39
3.39
3.39
3.39
3.39
3.39
3.39
3.39
3.39
3.39
3.39
3.39
3.39
3.39
3.39
3.39
3.39
