0
0
0
0
0
0
0
0
0
0
0
0
0
0
0
0
0
0
0
0
0
0
0
0
0
0
0
0
0
0
0
0
0
0
0
0
0
0
0
0
0
0
0
0
0
0
0
0
0
0
0
0
0
0
0
0
0
0
0
0
0
0
0
0
0
0
0
0
0
0
0
0
0
0
0
0
0
0
0
0
0
0
0
0
0
0
0
0
0
0
0
0
0
0
0
0
0
0
0
0
0
0
0
0
0
0
0
0
0
0
0
0
0
0
0
0
0
0
0
0
0
0
0
0
0
0
0
0
0
0
0
0
0
0
0
0
0
0
0
0
0
0
0
0
0
0
0
0
0
0
0
0
0
0
0
0
0
0
0
0
0
0
0
0
0
0
0
0
0
0
0
0
0
0
0
0
0
0
0
0
0
0
0
0
0
0
0
0
0
0
0
0
0
0
0
0
0
0
0
0
0
0
0
0
0
0
0
0
0
0
0
0
0
0
0
0
0
0
0
0
0
0
0
0
0
0
0
0
0
0
0
0
0
0
0
0
0
0
0
0
0
0
0
0
0
0
0
0
0
0
0
0
0
0
0
0
0
0
0
0
0
0
0
0
0
0
0
0
0
0
0
0
0
0
0
0
0
0
0
0
0
0
0
0
0
0
0
0
0
0
0
0
0
0
0
0
0
0
0
0
0
2.7773e-74
9.4195e-30
1.1573e-19
2.8191e-15
9.4019e-13
5.2707e-11
6.2978e-10
4.24e-09
1.7602e-08
5.0778e-08
1.26e-07
2.5319e-07
4.6259e-07
7.6561e-07
1.1929e-06
1.6082e-06
2.4726e-06
3.4268e-06
4.952e-06
9.2902e-06
1.1763e-05
1.4758e-05
1.7938e-05
2.1445e-05
2.5267e-05
2.9018e-05
3.3371e-05
3.3118e-05
4.8348e-05
5.3483e-05
6.2817e-05
6.9306e-05
8.2614e-05
9.0102e-05
9.7774e-05
0.00010561
0.0001136
9.615e-05
0.00010265
0.00011199
0.00011439
7.2911e-05
7.6918e-05
8.0945e-05
6.5096e-05
7.7673e-05
8.3194e-05
8.4754e-05
8.8294e-05
9.6308e-05
9.7682e-05
0.0001037
0.00010238
0.00012001
0.00013205
0.00012474
0.00013132
0.00014104
0.00012641
0.00013292
0.00012982
0.00010643
0.00010557
0.00010802
0.00012469
0.00011649
0.00012638
0.00013276
0.0001354
0.00013407
0.00014061
0.00014726
0.00013738
0.00013128
0.00012487
0.00013128
0.00013337
0.000158
0.00012831
0.00013019
0.00014149
0.00014347
0.00014542
0.00015227
0.00016917
0.00018139
0.00032646
0.00031492
0.00052237
0.0005284
0.00053436
0.00054026
0.00054609
0.00055185
0.00055756
0.0005632
0.00056877
0.00057428
0.00057974
0.00058513
0.00059046
0.00059573
0.00060094
0.0006061
0.00061119
0.00061623
0.00062122
0.00062615
0.00063102
0.00063585
0.00064061
0.00064533
0.00065461
0.00065917
0.00059731
0.00056792
0.00057168
0.00058216
0.00058588
0.00058955
0.00059319
0.00059678
0.00059336
0.00059684
0.00061441
0.00066761
0.00033567
0.00033751
0.00050539
0.0003992
0.000394
0.00044737
0.00044963
0.00040743
0.00043177
0.00043386
0.00039083
0.00043798
0.00049311
0.00048012
0.00042869
0.00046134
0.00045563
0.00036452
0.00035828
0.00035978
0.0003534
0.0006466
0.0006571
0.00066764
0.00063035
0.00046456
0.00029748
0.00028245
0.00033209
0.00034956
0.00037529
0.00037662
0.00037793
0.00037099
0.00038052
0.0003237
0.0003331
0.00032584
0.00032689
0.00028589
0.00030366
0.00026229
0.00027159
0.00028092
0.00075991
0.00076438
0.00062015
0.0007083
0.00071029
0.00071227
0.00053131
0.00082096
0.00082316
0.00087803
0.00088032
0.0006443
0.00057516
0.00057661
0.00054248
0.00065971
0.00067026
0.00036729
0.00039511
0.00054005
0.00055033
0.00045213
0.00038972
0.0004451
0.0004734
0.00032846
0.00032918
0.00034822
0.00035814
0.0003681
0.00036887
0.00036963
0.0003889
0.00038041
0.00039976
0.00061479
0.00061599
0.00050497
0.00050594
0.00051628
0.00047022
0.00037688
0.00037757
0.00038771
0.00036946
0.00035113
0.00062745
0.00060949
0.00061054
0.00057336
0.00053604
0.00053693
0.00054742
0.00037517
0.00034687
0.00032812
0.00032864
0.00033884
0.00033937
0.00033989
0.00035066
0.0003707
0.00035171
0.00036201
0.00033314
0.00033361
0.00033409
0.00032472
0.00032517
0.00034536
0.00033595
0.00026714
0.00027741
0.00025794
0.00025828
0.00034813
0.00035854
0.000359
0.00079878
0.0007498
0.00074072
0.00072158
0.00069236
0.00065301
0.0006035
0.00061428
0.000615
0.0006359
0.0010105
0.0010117
0.0010128
0.001014
0.0010151
0.0010162
0.0010173
0.0010184
0.0010195
0.0010206
0.0010216
0.0010227
0.0010237
0.0010248
0.0010258
0.0010268
0.0010278
0.0010289
0.0010298
0.0010308
0.0010318
0.0010328
0.0010234
0.0010347
0.0010357
0.0010366
0.0010375
0.0010385
0.0010394
0.0010403
0.00101
0.001043
0.0010439
0.0010447
0.0010456
0.0010465
0.0010473
0.0010481
0.001049
0.0010498
0.0010506
0.0010514
0.0010523
0.0010531
0.0010538
0.0010546
0.0010554
0.00073933
0.00041221
0.00063463
0.00056099
0.00063553
0.00063597
0.00067884
0.00044579
0.00044609
0.00047828
0.00049987
0.00051084
0.00046858
0.00042625
0.00041586
0.00041613
0.00042706
0.00042733
0.0004169
0.00041716
0.0003853
0.0004712
0.00050363
0.0004932
0.00049349
0.0004723
0.00047257
0.00048358
0.00048385
0.00048412
0.00048438
0.00049541
0.00059266
0.00089485
0.00089532
0.00089578
0.00090704
0.00092911
0.00092958
0.00093004
0.00091968
0.0009093
0.00092057
0.00092144
0.00092187
0.00092229
0.00086844
0.00087969
0.00088008
0.00088047
0.00086998
0.00087036
0.00087073
0.0008711
0.00088235
0.00088272
0.00088308
0.00088343
0.00088378
0.00087322
0.0010264
0.0010596
0.0010928
0.0010932
0.0010936
0.001094
0.0010944
0.0010948
0.0010952
0.0010955
0.0010959
0.0010963
0.0010967
0.0010641
0.0010535
0.0010977
0.0010981
0.0010984
0.0010988
0.0010991
0.0010994
0.0010998
0.0011001
0.0011004
0.0011007
0.001101
0.0011013
0.0011016
0.0011019
0.0011022
0.0011025
0.0011028
0.0011031
0.0011033
0.0011036
0.0011039
0.0011041
0.0011044
0.0011046
0.0011049
0.0011051
0.00098378
0.00093996
0.00096228
0.00097353
0.00085201
0.00084111
0.00085234
0.00078607
0.00084158
0.00069775
0.00067572
0.00066475
0.00049865
0.0011083
0.0011085
0.0011086
0.0011088
0.001109
0.0011091
0.0011093
0.0011094
0.0011096
0.0011097
0.0011099
0.00111
0.0011101
0.0011103
0.0011104
0.0010994
0.0010995
0.0011108
0.0011109
0.001111
0.0011111
0.00077782
0.000789
0.00078906
0.00080024
0.00082253
0.0008337
0.0008671
0.0010006
0.00097839
0.00097845
0.00098962
0.00098967
0.00083403
0.00082294
0.00082297
0.00062281
0.00063395
0.00057836
0.00057838
0.00052277
0.00098995
0.00098997
0.0010011
0.0010122
0.00098999
0.00098999
0.0010011
0.00087874
0.00085648
0.0010456
0.00087869
0.00086755
0.001001
0.00098984
0.00095644
0.00075623
0.00073396
0.00072281
0.00025575
0.00024462
0.00022237
0.00022236
0.00022234
0.00021121
0.00023343
0.00024453
0.00025562
0.0002556
0.00025558
0.00025556
0.00029998
0.00028884
0.0002666
0.00027768
0.00025544
0.00025541
0.00023317
0.00022205
0.00021092
0.00023309
0.00022197
0.00022194
0.00018862
0.0001886
0.00018857
0.00019964
0.00019961
0.00019958
0.00022172
0.00023277
0.00019948
0.00019945
0.00019942
0.00017723
0.00016613
0.00015502
0.00014392
0.0001439
0.0001328
0.00014384
0.00014382
0.00013273
0.00012164
0.00013267
0.0001437
0.00014364
0.00017675
0.00018775
0.00018771
0.0001987
0.00022073
0.00023171
0.00024268
0.00026468
0.00025359
0.00029762
0.00028652
0.00028645
0.0003084
0.0002973
0.00030823
0.00031915
0.00031906
0.00027498
0.0002749
0.00027482
0.00024177
0.00024169
0.00024162
0.00024155
0.00023049
0.00024139
0.00023035
0.00013159
0.00013154
0.00014246
0.00013145
0.00015331
0.00017515
0.00016415
0.00018597
0.0001859
0.00018584
0.00020762
0.00020755
0.00020747
0.00020739
0.0001964
0.00018542
0.00017444
0.00018527
0.00019609
0.00022868
0.00022859
0.00022849
0.00021752
0.00021743
0.00022821
0.00024983
0.00024972
0.00019535
0.00019526
0.00018433
0.00018425
0.00018408
0.00018399
0.00019472
0.00019463
0.00020535
0.00019444
0.00019435
0.00020504
0.00020494
0.00020484
0.00020473
0.0002154
0.00021528
0.00021517
0.00022581
0.00022569
0.00026853
0.00026839
0.00025751
0.00023592
0.00031081
0.0002785
0.00026763
0.00026748
0.00026732
0.00025648
0.00027769
0.00027752
0.00032002
0.00031982
0.00027701
0.00028749
0.00029795
0.00029776
0.00031882
0.00027613
0.00029718
0.00029699
0.00028619
0.0002754
0.00022229
0.00021156
0.00020085
0.00021127
0.00020057
0.00020042
0.00018974
0.0001896
0.00018947
0.00019985
0.00018919
0.00017854
0.00015742
0.00016779
0.00016766
0.00016753
0.00014647
0.00015681
0.00017758
0.0001773
0.00017715
0.00016659
0.00018726
0.00018711
0.00017656
0.00018679
0.00016589
0.00018647
0.0001863
0.0001758
0.00017564
0.00014452
0.00013407
0.00012365
0.00012353
0.00012342
0.00013358
0.00013345
0.00011281
0.00010246
0.00010236
9.2031e-05
9.194e-05
0.00010205
0.00010195
0.00012222
0.00012209
0.00010164
0.00010153
9.1282e-05
8.1053e-05
7.0845e-05
7.0769e-05
7.0691e-05
7.0613e-05
7.0535e-05
7.0456e-05
7.0376e-05
7.0296e-05
9.0276e-05
8.0152e-05
6.0043e-05
5.9972e-05
5.99e-05
5.9828e-05
5.9755e-05
5.9682e-05
5.9608e-05
5.9533e-05
5.9458e-05
6.9279e-05
6.919e-05
6.91e-05
5.9151e-05
5.9072e-05
5.8993e-05
5.8914e-05
5.8834e-05
5.8671e-05
4.8824e-05
4.8755e-05
5.8423e-05
5.8338e-05
5.8254e-05
5.8168e-05
5.8082e-05
5.7995e-05
5.7907e-05
5.7819e-05
6.7351e-05
6.7246e-05
8.6323e-05
7.661e-05
7.6487e-05
7.6363e-05
7.6239e-05
7.6113e-05
8.5484e-05
7.5858e-05
7.5729e-05
7.5599e-05
8.4901e-05
7.5335e-05
6.5801e-05
6.5684e-05
6.5565e-05
6.5445e-05
7.4656e-05
7.4517e-05
7.4377e-05
9.2794e-05
0.00010188
0.00010168
0.00010148
0.00010128
0.00010108
0.00011004
0.00010981
0.00015525
0.00016404
0.00017278
0.00014519
0.00013582
0.00014456
0.00014424
0.00014392
0.00013462
0.00013431
0.0001072
0.00012478
0.00013337
0.00012418
0.00012388
0.00012358
0.00012328
0.00011419
0.0001139
0.00011331
0.00011301
0.0001474
0.000147
0.0001466
0.0001462
0.00015437
0.00016249
0.00017056
0.00017006
0.00016957
0.00016062
0.00014328
0.00015965
0.00016754
0.00015867
0.00010822
0.00010788
0.00010753
0.00011543
0.00011504
0.00011466
9.7946e-05
9.761e-05
0.00012159
0.00012924
0.00011268
0.00010425
0.00010387
0.00010348
0.00011102
0.0001027
0.00011804
0.00011758
0.00011711
0.00014774
0.00011616
0.00011567
0.00010751
0.00012234
0.00012181
0.00012128
0.00012073
0.0001277
0.00012711
0.00012652
0.00012592
0.00013269
0.00013204
0.00013138
0.0001162
0.00010838
0.00010063
0.0001001
0.00010667
0.00010609
0.00010551
8.393e-05
8.345e-05
8.2475e-05
8.8812e-05
8.8269e-05
8.7721e-05
0.00011399
0.00011992
0.00011251
0.00011834
0.00011101
0.00011673
0.00011591
0.00011508
0.00011424
0.0001008
9.3784e-05
8.6859e-05
9.8489e-05
9.7702e-05
0.00010296
9.6103e-05
0.00011316
0.00011808
0.00011704
0.00011019
0.00012642
0.00011385
0.00010149
0.0001005
0.00010503
0.00010396
0.00010288
0.00010714
9.5382e-05
9.4323e-05
0.00010361
9.7291e-05
7.0837e-05
6.4978e-05
6.417e-05
6.3352e-05
6.2526e-05
6.6436e-05
6.5526e-05
5.9992e-05
5.458e-05
5.3775e-05
4.8547e-05
4.7793e-05
4.7031e-05
4.2055e-05
4.5482e-05
4.4695e-05
4.7892e-05
4.7016e-05
4.6132e-05
4.9009e-05
4.8033e-05
4.7047e-05
4.251e-05
4.7423e-05
3.9705e-05
3.8754e-05
3.7795e-05
3.6829e-05
3.5856e-05
3.1969e-05
3.1065e-05
3.5637e-05
3.9871e-05
3.8615e-05
3.7354e-05
3.1275e-05
2.7852e-05
2.236e-05
2.1507e-05
2.0653e-05
2.1779e-05
2.2733e-05
2.171e-05
2.0688e-05
1.967e-05
2.0211e-05
1.7649e-05
1.8037e-05
1.8269e-05
1.2233e-05
1.0285e-05
1.0634e-05
9.8553e-06
7.2737e-06
5.8427e-06
6.0971e-06
5.5343e-06
4.3669e-06
3.3513e-06
3.4728e-06
3.0574e-06
2.6652e-06
1.9695e-06
1.9563e-06
1.6422e-06
1.3566e-06
1.1002e-06
8.7362e-07
6.7687e-07
5.8239e-07
5.2987e-07
3.7047e-07
2.4679e-07
1.5501e-07
8.1488e-08
4.8283e-08
2.2921e-08
1.0283e-08
3.4214e-09
8.5902e-10
1.5685e-10
1.4198e-11
3.1104e-15
4.1074e-19
3.1532e-27
4.5297e-55
0
0
0
0
0
0
0
0
0
0
0
0
0
0
0
0
0
0
0
0
0
0
0
0
0
0
0
0
0
0
0
0
0
0
0
0
0
0
0
0
0
0
0
0
0
0
0
0
0
0
0
0
0
0
0
0
0
0
0
0
0
0
0
0
0
0
0
0
0
0
0
0
0
0
0
0
0
0
0
0
0
0
0
0
0
0
0
0
0
0
0
0
0
0
0
0
0
0
0
0
0
0
0
0
0
0
0
0
0
0
0
0
0
0
0
0
0
0
0
0
0
0
0
0
0
0
0
0
0
0
0
0
0
0
0
0
0
0
0
0
0
0
0
0
0
0
0
0
0
0
0
0
0
0
0
0
0
0
0
0
0
0
0
0
0
0
0
0
0
0
0
0
0
0
0
0
0
0
0
0
0
0
0
0
0
0
0
0
0
0
0
0
0
0
0
0
0
