0
0
0
0
0
0
0
0
0
0
0
0
0
0
0
0
0
0
0
0
0
0
0
0
0
0
0
0
0
0
0
0
0
0
0
0
0
0
0
0
0
0
0
0
0
0
0
0
0
0
0
0
0
0
0
0
0
0
0
0
0
0
0
0
0
0
0
0
0
0
0
0
0
0
0
0
0
0
0
0
0
0
0
0
0
0
0
0
0
0
0
0
0
0
0
0
0
0
0
0
0
0
0
0
0
0
0
0
0
0
0
0
0
0
0
0
0
0
0
0
0
0
0
0
0
0
0
0
0
0
0
0
0
0
0
0
0
0
0
0
0
0
0
0
0
0
0
0
0
0
0
0
0
0
0
0
0
0
0
0
0
0
0
0
0
0
0
0
0
0
0
0
0
0
0
0
0
0
0
0
0
0
0
0
0
0
0
0
0
0
0
0
0
0
0
0
0
0
0
0
0
0
0
0
0
0
0
0
0
0
0
0
0
0
0
0
0
0
0
0
0
0
0
0
0
0
0
0
0
0
0
0
0
0
0
0
0
0
0
0
0
0
0
0
0
0
0
0
0
0
0
0
0
0
0
0
0
0
0
0
0
0
0
0
0
0
0
0
0
0
0
0
0
0
0
0
0
0
0
0
0
0
0
0
0
0
0
0
0
0
0
0
0
0
0
0
0
0
0
0
0
1.5979e-74
5.5261e-30
7.0981e-20
1.7452e-15
6.0231e-13
2.181e-11
2.6644e-10
1.6851e-09
7.0408e-09
2.6882e-08
7.0638e-08
1.5357e-07
3.5891e-07
6.4033e-07
9.2283e-07
1.3687e-06
1.8297e-06
2.4673e-06
3.393e-06
4.526e-06
5.5799e-06
6.5386e-06
8.1744e-06
9.7724e-06
1.1834e-05
1.3393e-05
2.4814e-05
2.6787e-05
3.6261e-05
4.1802e-05
4.3699e-05
7.0813e-05
6.857e-05
7.6586e-05
8.213e-05
8.7658e-05
9.7692e-05
0.00010467
0.00011694
0.00012581
0.00014372
0.00015513
0.00016365
0.00017222
0.00018082
0.00018945
0.00019808
0.00020672
0.00021535
0.00022397
0.00023258
0.00018328
0.00018977
0.00019468
0.00020909
0.00021829
0.00017801
0.00017405
0.00018499
0.00011076
0.0001071
0.00011641
0.00010557
0.00010802
0.00011044
0.00010921
0.00010408
0.00010242
0.00010059
0.00010647
0.00011248
0.00011863
0.0001124
0.00012281
0.00013348
0.00014003
0.0001467
0.00014897
0.0001558
0.00015809
0.00017922
0.00018172
0.00017935
0.00017683
0.00017415
0.00016124
0.00016323
0.00017037
0.00017238
0.00017965
0.00017634
0.00017288
0.00017475
0.00017107
0.00022302
0.00023654
0.00022751
0.00022971
0.0002261
0.00022235
0.00021847
0.00025021
0.00024038
0.0002788
0.00028726
0.00030812
0.0003044
0.00030055
0.00029027
0.00043237
0.00039077
0.00052917
0.00039931
0.00042187
0.00055749
0.00040089
0.00051115
0.00051447
0.00055863
0.00056213
0.0005656
0.00056903
0.0006143
0.0006179
0.00040254
0.00047585
0.00049279
0.0002657
0.00026714
0.00026856
0.00070774
0.00041803
0.00041278
0.00033335
0.00061788
0.00062087
0.00062383
0.00052104
0.00028069
0.00028959
0.00040572
0.00040752
0.00048652
0.0004731
0.0004829
0.00061005
0.00062042
0.00063082
0.00064918
0.00065175
0.00064631
0.00064078
0.0006432
0.00065368
0.00068038
0.00061782
0.00062004
0.00062223
0.00064084
0.0006348
0.00041361
0.0004233
0.00041638
0.00035925
0.00055319
0.00038679
0.00040488
0.00038921
0.00039041
0.00074913
0.00044399
0.00042943
0.00039621
0.00042325
0.00041578
0.00042562
0.00042679
0.00042795
0.00044661
0.00024585
0.00024649
0.00024713
0.00024776
0.00026613
0.0002579
0.00024071
0.00023236
0.00025083
0.00050286
0.00053105
0.00073979
0.0007415
0.00077038
0.00076303
0.00076473
0.00079379
0.00079552
0.00079723
0.0007071
0.00070859
0.00071929
0.00074849
0.00075002
0.00075153
0.00072514
0.00073589
0.00070933
0.00051432
0.0005153
0.00052567
0.00038558
0.00037688
0.00036813
0.0003688
0.00035051
0.00034164
0.00034224
0.00029522
0.00027665
0.00024846
0.0002393
0.0002397
0.00025931
0.00026935
0.00029869
0.00030882
0.00031898
0.00027107
0.0002618
0.0002622
0.00027274
0.00026339
0.00028332
0.00031309
0.00032334
0.0003238
0.00032426
0.0002952
0.00026605
0.00026642
0.00027666
0.00028693
0.00020806
0.00019841
0.00019867
0.00017904
0.0002689
0.00027922
0.00023963
0.00024993
0.00026025
0.00026057
0.00025085
0.00025116
0.0002414
0.00022154
0.00017139
0.0001615
0.0001819
0.00015175
0.00016205
0.00016223
0.00016241
0.00015243
0.00019329
0.00019349
0.0001937
0.00015308
0.00015324
0.0001534
0.0001638
0.00019471
0.00022568
0.00024644
0.00025696
0.00024692
0.00025746
0.0002474
0.00024764
0.00029951
0.00026878
0.00027937
0.00026927
0.00026952
0.00028014
0.00029077
0.00029103
0.00029128
0.0002603
0.00022946
0.00022965
0.00022984
0.00023003
0.00020929
0.00020946
0.00022011
0.00024127
0.00025195
0.00025215
0.00035749
0.00036829
0.00032645
0.00033723
0.00033748
0.00031662
0.00031686
0.00030652
0.00031731
0.00029637
0.00030717
0.00030739
0.00029699
0.00029719
0.00036112
0.00040388
0.00040415
0.00037249
0.00038338
0.00039428
0.00035188
0.00029876
0.00029894
0.00029913
0.00031
0.00032089
0.00032108
0.00043908
0.00054649
0.00055753
0.00042912
0.00042937
0.00048331
0.00047284
0.00046235
0.00050564
0.00049515
0.00044157
0.00076507
0.0008086
0.00080902
0.00079865
0.00065869
0.00066982
0.00069178
0.00080027
0.00095214
0.0009526
0.00094223
0.00094312
0.00093272
0.00081379
0.00084673
0.00085797
0.00086922
0.00084786
0.00083736
0.00087036
0.00087073
0.00086021
0.00086057
0.00089361
0.00089398
0.00090524
0.00088378
0.00090596
0.0010919
0.0010924
0.0010928
0.0010932
0.0010936
0.001094
0.0010506
0.0010619
0.0010514
0.0010298
0.00060276
0.00060296
0.00071283
0.00074598
0.0007133
0.0007794
0.00076866
0.00077989
0.00080211
0.00074739
0.00064867
0.00065986
0.00040703
0.00039615
0.00040727
0.00038536
0.00039648
0.0004076
0.00025344
0.00025351
0.00025358
0.00026467
0.00022061
0.0002317
0.00022072
0.00020974
0.00019874
0.00019879
0.00020988
0.00020993
0.00020998
0.00021002
0.00021011
0.00017697
0.00015488
0.00015491
0.00013281
0.00016604
0.00016607
0.00017717
0.00018828
0.00017724
0.00015511
0.00016622
0.00015516
0.00015519
0.0001663
0.00016632
0.00016635
0.0001331
0.00012202
0.00013313
0.00013315
0.00013317
0.00012209
0.0001332
0.00013322
0.00012213
0.00012214
0.00011105
0.00011106
0.00011108
0.0001222
0.00013332
0.00012222
0.00012223
0.00013335
0.00013336
0.00012226
0.00012227
0.00013339
0.00012228
0.00011117
0.0001223
0.00012231
0.00012231
0.00012232
0.00013344
0.00014457
0.00014458
0.00016682
0.00016683
0.00016683
0.00017796
0.00016684
0.00045604
0.00041156
0.00041156
0.00040044
0.00040044
0.00041157
0.00040044
0.00036707
0.00037819
0.00036706
0.00037817
0.00040041
0.00043376
0.00042263
0.00043374
0.00051157
0.0011121
0.001112
0.001112
0.0011119
0.0011118
0.0011118
0.0011117
0.0011116
0.0011116
0.0011115
0.0011114
0.0011113
0.0011112
0.0011111
0.001111
0.0011109
0.0011108
0.0011107
0.0011106
0.0011105
0.0011104
0.0010991
0.0010879
0.0010989
0.0011098
0.0011097
0.0011095
0.0011094
0.0011092
0.0011091
0.0011089
0.0010977
0.0010975
0.0010641
0.0010861
0.0010859
0.00074228
0.00066462
0.0007531
0.00049829
0.00050927
0.00048704
0.00048695
0.00050898
0.00053101
0.00058621
0.00059715
0.0005528
0.00055269
0.0005856
0.00061861
0.00060743
0.0005852
0.00069546
0.00068426
0.0007172
0.00080527
0.0011028
0.0011026
0.0011023
0.001102
0.0011017
0.0011014
0.0011011
0.0011008
0.0008364
0.00081416
0.00094591
0.00094564
0.00094537
0.00094509
0.0009448
0.00097746
0.0009552
0.00071344
0.00066932
0.0008117
0.00080048
0.00084406
0.00083282
0.0010407
0.0010951
0.0010947
0.0010943
0.0010939
0.0010935
0.0010931
0.0010928
0.0010923
0.0010919
0.0010915
0.0010911
0.0010907
0.0010903
0.0010898
0.0010894
0.001089
0.0010885
0.0010881
0.0010876
0.0010872
0.00045641
0.00046708
0.00044516
0.00054264
0.0005207
0.00046625
0.00046604
0.00038981
0.00037881
0.00036781
0.00037845
0.00036746
0.00035648
0.0003563
0.00043167
0.00046381
0.00051748
0.00059265
0.00076466
0.0007212
0.00079613
0.00079571
0.00085977
0.00084856
0.00081589
0.00074033
0.00093295
0.00087883
0.00087834
0.00087783
0.00087733
0.0008982
0.00089767
0.00089714
0.0008966
0.00083205
0.00087419
0.00086299
0.00086246
0.00076615
0.00077629
0.00075454
0.00078592
0.00080663
0.00077428
0.00076317
0.00074147
0.00059278
0.00060295
0.00062368
0.00055987
0.00054892
0.00087554
0.00088546
0.00089535
0.00088418
0.0010308
0.00103
0.0010398
0.0010495
0.0010487
0.0010479
0.0010471
0.0010462
0.0010454
0.0010446
0.0010429
0.0010421
0.0010412
0.0010403
0.0010395
0.0010386
0.0010377
0.00094351
0.0010359
0.001035
0.0010341
0.0010332
0.0010323
0.0010313
0.0010304
0.0010294
0.0010285
0.0010275
0.00062619
0.0006461
0.00045081
0.00045037
0.0004397
0.00050056
0.00051027
0.00055053
0.00093699
0.00082411
0.00059966
0.0010153
0.0010142
0.00089158
0.00088051
0.00088966
0.00087859
0.00088771
0.00062474
0.00062404
0.00060322
0.00061258
0.0010031
0.0010019
0.0010007
0.00099953
0.00099834
0.00099713
0.000976
0.00094496
0.00094379
0.00092276
0.0009315
0.00095011
0.00095877
0.00097727
0.00096613
0.00041351
0.00053094
0.00052041
0.00043145
0.00051826
0.00051754
0.00048755
0.00048686
0.00049588
0.00019418
0.00022298
0.00023233
0.00023198
0.00023163
0.00024091
0.00023092
0.00021135
0.00020142
0.00018195
0.00019122
0.00019091
0.00018107
0.00014271
0.00014247
0.00014223
0.00017039
0.0002079
0.00021697
0.00017892
0.000188
0.00017828
0.00017796
0.00016829
0.00016798
0.00015835
0.00014875
0.00016703
0.00016671
0.00015714
0.00014761
0.00014731
0.00014702
0.00016506
0.00014642
0.00015525
0.00014581
0.0001455
0.00014519
0.00015393
0.0001536
0.00014424
0.00014392
0.00014359
0.00015222
0.00015187
0.00010695
0.0001067
0.00010644
0.00010619
9.71e-05
0.00010567
9.6618e-05
9.6374e-05
7.8446e-05
7.8241e-05
7.8034e-05
7.7825e-05
6.899e-05
7.7401e-05
0.00012864
0.00012828
0.00012792
0.00012755
0.0001187
0.00010989
0.00012642
0.00012604
0.00012565
0.00012527
0.00011655
0.00012448
0.00014062
0.00014016
0.00013148
0.00012285
0.00012243
0.00011388
0.00011348
0.00012116
0.00012073
0.00012831
0.00012784
0.00013532
0.00012688
0.0001501
0.00014165
0.00014109
0.00014053
0.00013996
0.00013939
0.00013881
0.00013055
0.00012999
0.00013704
0.00014401
0.00015092
0.0001277
0.00011963
0.00011908
0.00013333
0.00014006
0.00017605
0.00016788
0.00015977
0.00015896
0.00015094
0.00015015
0.00014223
0.00014146
0.00014067
0.00013988
0.00013908
0.00014433
0.00014346
0.00014938
0.00014845
0.00012069
0.00011325
0.00011913
0.00011177
0.00011754
0.00011024
9.0152e-05
9.5901e-05
0.00010155
8.8198e-05
8.7532e-05
9.3063e-05
0.00010464
0.00010381
9.6907e-05
9.6103e-05
9.5289e-05
9.4467e-05
8.7783e-05
7.5395e-05
7.4704e-05
7.4005e-05
7.3298e-05
7.2583e-05
6.6333e-05
6.0187e-05
5.9561e-05
5.8929e-05
6.3588e-05
5.7642e-05
5.6988e-05
5.6326e-05
6.0717e-05
5.9979e-05
6.417e-05
5.8479e-05
6.7336e-05
6.169e-05
6.0846e-05
5.9992e-05
5.9129e-05
5.8256e-05
6.1787e-05
6.5172e-05
5.9857e-05
6.7288e-05
6.2021e-05
6.5011e-05
6.3856e-05
6.2689e-05
5.3821e-05
5.6549e-05
5.9117e-05
5.7904e-05
5.6679e-05
5.081e-05
5.6248e-05
5.1672e-05
5.0394e-05
4.9105e-05
5.0796e-05
4.6501e-05
3.9537e-05
4.1119e-05
3.7213e-05
3.0892e-05
2.9883e-05
3.1275e-05
2.7852e-05
2.236e-05
2.1507e-05
2.0653e-05
1.9799e-05
2.4628e-05
2.3519e-05
2.0688e-05
1.967e-05
2.643e-05
2.5003e-05
2.3586e-05
2.0878e-05
2.0796e-05
2.0569e-05
1.5951e-05
1.1826e-05
1.182e-05
1.0851e-05
1.067e-05
1.1069e-05
9.3577e-06
7.8197e-06
6.4496e-06
5.6781e-06
4.9497e-06
4.2672e-06
4.192e-06
3.9882e-06
3.2946e-06
2.672e-06
2.2465e-06
1.9339e-06
1.456e-06
1.1657e-06
7.7798e-07
4.9359e-07
2.9452e-07
1.8108e-07
1.0139e-07
5.0425e-08
2.0565e-08
6.5318e-09
1.8742e-09
5.3589e-10
4.8509e-11
9.3311e-15
1.2954e-18
1.0774e-26
1.5476e-54
0
0
0
0
0
0
0
0
0
0
0
0
0
0
0
0
0
0
0
0
0
0
0
0
0
0
0
0
0
0
0
0
0
0
0
0
0
0
0
0
0
0
0
0
0
0
0
0
0
0
0
0
0
0
0
0
0
0
0
0
0
0
0
0
0
0
0
0
0
0
0
0
0
0
0
0
0
0
0
0
0
0
0
0
0
0
0
0
0
0
0
0
0
0
0
0
0
0
0
0
0
0
0
0
0
0
0
0
0
0
0
0
0
0
0
0
0
0
0
0
0
0
0
0
0
0
0
0
0
0
0
0
0
0
0
0
0
0
0
0
0
0
0
0
0
0
0
0
0
0
0
0
0
0
0
0
0
0
0
0
0
0
0
0
0
0
0
0
0
0
0
0
0
0
0
0
0
0
0
0
0
0
0
0
0
0
0
0
0
0
0
0
0
0
0
0
0
