0
0
0
0
0
0
0
0
0
0
0
0
0
0
0
0
0
0
0
0
0
0
0
0
0
0
0
0
0
0
0
0
0
0
0
0
0
0
0
0
0
0
0
0
0
0
0
0
0
0
0
0
0
0
0
0
0
0
0
0
0
0
0
0
0
0
0
0
0
0
0
0
0
0
0
0
0
0
0
0
0
0
0
0
0
0
0
0
0
0
0
0
0
0
0
0
0
0
0
0
0
0
0
0
0
0
0
0
0
0
0
0
0
0
0
0
0
0
0
0
0
0
0
0
0
0
0
0
0
0
0
0
0
0
0
0
0
0
0
0
0
0
0
0
0
0
0
0
0
0
0
0
0
0
0
0
0
0
0
0
0
0
0
0
0
0
0
0
0
0
0
0
0
0
0
0
0
0
0
0
0
0
0
0
0
0
0
0
0
0
0
0
0
0
0
0
0
0
0
0
0
0
0
0
0
0
0
0
0
0
0
0
0
0
0
0
0
0
0
0
0
0
0
0
0
0
0
0
0
0
0
0
0
0
0
0
0
0
0
0
0
0
0
0
0
0
0
0
0
0
0
0
0
0
0
0
0
0
0
0
0
0
0
0
0
0
0
0
0
0
0
0
0
0
0
0
0
0
0
0
0
0
0
0
0
0
0
0
0
0
0
0
0
0
0
0
0
0
0
0
0
3.8046e-74
1.2559e-29
1.5431e-19
4.4747e-15
1.4691e-12
6.0583e-11
7.4281e-10
5.001e-09
2.0888e-08
6.5713e-08
1.47e-07
3.196e-07
6.2211e-07
1.0858e-06
1.8457e-06
2.84e-06
4.2034e-06
3.5639e-06
4.5852e-06
5.9552e-06
7.9929e-06
1.1209e-05
1.3624e-05
1.7102e-05
2.1749e-05
2.5298e-05
2.7809e-05
1.5585e-05
1.7581e-05
1.9057e-05
2.1166e-05
2.4107e-05
2.6437e-05
4.5952e-05
5.0842e-05
5.5974e-05
8.7469e-05
9.3716e-05
0.00012993
0.00013826
0.00014666
0.00015513
0.00016365
0.00017222
0.00018082
0.00018945
0.00019808
0.00020672
0.00021535
0.00022397
0.00023258
0.00024115
0.0002497
0.00026669
0.00027511
0.00028349
0.00029182
0.00030009
0.00030831
0.00031647
0.00031482
0.00032593
0.00031671
0.00033102
0.00033133
0.00033491
0.00031967
0.00032243
0.00032884
0.00033519
0.00033745
0.00033951
0.00034553
0.00035148
0.00035738
0.00036321
0.00036898
0.0003792
0.00010998
0.00011159
0.00011319
0.00011477
0.00011634
0.00010806
0.00011444
0.00011085
0.00012242
0.0001239
0.00012537
0.00012153
0.0001229
0.00010265
0.00010376
0.00010485
0.00011709
0.0001239
0.00012513
0.00012634
0.00013334
0.00014628
0.00014761
0.00017276
0.00016225
0.00016365
0.00016502
0.00011092
0.00010561
0.00010018
0.00010727
0.00011445
0.0001089
0.00010325
9.8191e-05
9.8876e-05
9.2916e-05
8.0178e-05
8.0707e-05
8.1232e-05
0.00010219
9.5973e-05
9.6565e-05
9.0211e-05
8.3769e-05
8.426e-05
8.4746e-05
8.5226e-05
9.2844e-05
8.6173e-05
0.00034655
0.00035566
0.00034292
0.00032269
0.00032433
0.00035558
0.0003871
0.00035158
0.0003758
0.00039267
0.00037932
0.00038867
0.00052821
0.00053054
0.00050197
0.00053515
0.00053742
0.00052402
0.00054189
0.0003233
0.00033251
0.00036561
0.00032714
0.0003284
0.00033768
0.00033894
0.00031589
0.00031704
0.00034265
0.00028656
0.00017253
0.00017313
0.00019853
0.0001992
0.00019986
0.00020887
0.00022631
0.00021021
0.00021931
0.00022845
0.00025461
0.00024687
0.00023907
0.00024048
0.00024117
0.00020731
0.00020789
0.00019978
0.00018291
0.00018341
0.0001839
0.00019317
0.00017606
0.00017652
0.00017697
0.00019516
0.00024011
0.00025854
0.00025917
0.00026875
0.00025143
0.00026103
0.00022555
0.0001899
0.00023564
0.00020892
0.0002276
0.0002281
0.0002286
0.00022909
0.00026631
0.00024847
0.00024898
0.00026798
0.00059261
0.00053813
0.0008367
0.00079178
0.00082133
0.00093513
0.00093692
0.00093869
0.00094045
0.00094219
0.00094392
0.00094563
0.00094733
0.00094901
0.00095068
0.00095233
0.00084904
0.00086004
0.00068919
0.00066158
0.00047059
0.0004906
0.00050103
0.00042463
0.00043497
0.00043565
0.00045572
0.00044671
0.00065262
0.00069262
0.00074249
0.00055768
0.0005291
0.00053967
0.00060922
0.000738
0.00042371
0.00052297
0.00053356
0.0005046
0.00049537
0.00049603
0.00038741
0.00040781
0.00039838
0.00040886
0.00037942
0.0003599
0.00036035
0.00035077
0.00037127
0.00066306
0.00065379
0.0006747
0.00067549
0.00081759
0.00081853
0.00043502
0.00040513
0.00037516
0.00045679
0.00046745
0.00047813
0.00045828
0.00049954
0.00050007
0.00080708
0.0010227
0.0010237
0.0010248
0.0010258
0.0010268
0.0010278
0.0010289
0.0010298
0.0010308
0.0010318
0.0010328
0.0010338
0.0010347
0.0010357
0.00066343
0.00064328
0.00064385
0.00062363
0.00059297
0.00033318
0.00035461
0.00039667
0.000397
0.0003555
0.00042905
0.00040845
0.00062889
0.00060841
0.00069288
0.00069342
0.00064138
0.00063135
0.0006213
0.00061123
0.00059059
0.00065436
0.00068652
0.00068702
0.00072982
0.00074092
0.00051901
0.00054057
0.00058337
0.00035026
0.00032926
0.00031885
0.00031906
0.00032992
0.00036208
0.00033035
0.00033056
0.00034144
0.00034165
0.00040596
0.00040621
0.00040646
0.00041741
0.00022489
0.00024646
0.0002466
0.00023602
0.00020395
0.00020406
0.00019343
0.00018279
0.00017213
0.00013993
0.00012924
0.00011853
0.00012938
0.00012944
0.00010793
9.7183e-05
0.00010804
0.00010809
0.00011896
0.00011902
0.00010825
0.0001083
0.00011925
0.00014099
0.00010851
0.00010855
0.0001086
0.00011952
0.00011957
0.0001305
0.00011967
0.00010884
0.00010889
0.00010893
0.00011987
0.00013083
0.00011997
0.00012002
0.00012007
9.8275e-05
0.00010924
0.00010928
0.00013118
0.00013123
0.00013128
0.00014227
0.00017517
0.00018618
0.0001972
0.00019727
0.00021926
0.00020837
0.00018649
0.00018656
0.00023053
0.0002306
0.00023067
0.00023074
0.00020883
0.00021989
0.00023095
0.00027502
0.0002751
0.00026417
0.00026425
0.00024229
0.00025338
0.00031956
0.00034169
0.00065048
0.00073887
0.0010369
0.0010371
0.0010264
0.0010487
0.0010489
0.00076203
0.00071802
0.00070713
0.00064098
0.00053058
0.00050869
0.00056409
0.00058633
0.00065284
0.00065297
0.0010184
0.0010296
0.0010188
0.00103
0.0010413
0.0010304
0.00098621
0.00099746
0.00098653
0.00088691
0.00088705
0.00088718
0.00088731
0.00086525
0.00086537
0.00084329
0.00087669
0.0009101
0.00091021
0.00089922
0.00089933
0.00087722
0.00087731
0.00088851
0.0008886
0.00085537
0.00096654
0.00096663
0.00078893
0.000789
0.00070015
0.00075578
0.00092256
0.00092263
0.00092269
0.00088939
0.00090057
0.00087838
0.00086731
0.00087847
0.00091187
0.00091191
0.00091194
0.00091198
0.00066732
0.00072295
0.00072297
0.00076748
0.00070075
0.00072301
0.00056729
0.00057842
0.00092325
0.00093437
0.00093436
0.00093435
0.00084536
0.00085647
0.00085645
0.00085643
0.00083416
0.0008675
0.00094532
0.00091193
0.00092301
0.00091185
0.00091181
0.00084504
0.000845
0.00085607
0.00087825
0.00087819
0.00095594
0.00094476
0.00092246
0.00092239
0.00092231
0.00091112
0.00079994
0.00073321
0.00059984
0.00056646
0.00057751
0.00057745
0.00055518
0.00057732
0.00059945
0.00068818
0.000677
0.00067691
0.00065463
0.00063236
0.00067664
0.00059891
0.00065427
0.000632
0.00066516
0.00066505
0.00066495
0.000687
0.00083091
0.00066462
0.0006645
0.00034327
0.00035428
0.00035421
0.00034308
0.00034301
0.0007412
0.00090696
0.00089572
0.00088448
0.0008843
0.00088392
0.00088373
0.001005
0.0010158
0.0010046
0.0008167
0.00093787
0.00092661
0.00092639
0.00092616
0.00092592
0.00090364
0.0010356
0.0010353
0.0010681
0.0010788
0.0010895
0.0010342
0.0010999
0.0010996
0.0010993
0.0010989
0.0010986
0.0010983
0.0010979
0.0010976
0.0010972
0.0010969
0.0010965
0.0010962
0.0010958
0.0010955
0.0010951
0.0010947
0.0010943
0.0010939
0.0007108
0.00069962
0.00069936
0.00079741
0.00089539
0.00088414
0.0008838
0.00085074
0.00085041
0.00082827
0.00082794
0.0008385
0.00075108
0.00097926
0.00091359
0.00092408
0.00092369
0.00095588
0.00074917
0.00052093
0.000499
0.00046625
0.00040101
0.0004223
0.0004221
0.00041108
0.0004217
0.00036746
0.00037808
0.0003779
0.0003885
0.00037752
0.00036655
0.00036636
0.0003554
0.00033369
0.00032276
0.00029033
0.00029017
0.00026853
0.00026839
0.00026824
0.00028953
0.00030009
0.00029992
0.00027834
0.00027818
0.00027801
0.00027785
0.00024564
0.00021348
0.00023468
0.0002452
0.0002557
0.00024489
0.0002341
0.00023395
0.00025506
0.00025489
0.00024411
0.00024395
0.00024379
0.00023303
0.00023288
0.00023272
0.00026427
0.00027465
0.0002639
0.00027426
0.0002319
0.00024227
0.0002421
0.00022088
0.00023123
0.00023106
0.0001994
0.00019925
0.00022005
0.00018847
0.00019879
0.00017772
0.00017758
0.00016687
0.00016673
0.00016659
0.00016646
0.00016632
0.00016618
0.0002283
0.00020736
0.00019683
0.00017595
0.0001758
0.00017564
0.00016516
0.00017533
0.00019577
0.00020589
0.00022626
0.00019523
0.00017451
0.00017434
0.00018442
0.00017401
0.00018406
0.00017366
0.00017349
0.00017332
0.00017314
0.00018314
0.0002236
0.00020306
0.00020285
0.0001925
0.00017205
0.00018198
0.00019188
0.00022193
0.00022168
0.00021137
0.00024129
0.00025106
0.0003611
0.00036068
0.00037027
0.00036983
0.00036939
0.000349
0.00032865
0.00032825
0.00030797
0.00031751
0.0003072
0.0003266
0.00032618
0.00031588
0.00032533
0.0003249
0.0003343
0.00028475
0.00026475
0.0002738
0.00027342
0.00023402
0.00023369
0.0002528
0.00025243
0.00031992
0.00034849
0.0003383
0.00033779
0.00034691
0.00034638
0.00035544
0.00034529
0.0003639
0.00033463
0.00032454
0.00032401
0.00035202
0.00035143
0.00031291
0.00029345
0.00027404
0.0002547
0.00023542
0.000235
0.00023458
0.00024353
0.00024308
0.00024263
0.00026081
0.00025102
0.00024126
0.00025006
0.00023109
0.00023064
0.00021176
0.00019296
0.0004585
0.00047586
0.00068492
0.00066526
0.00068204
0.00060799
0.00061573
0.00063245
0.0006581
0.00065663
0.00057438
0.00044771
0.00044667
0.00044563
0.00042679
0.00043465
0.0004336
0.00044136
0.00049311
0.00050944
0.00050815
0.00067115
0.00070417
0.00069363
0.00074366
0.00082788
0.00082561
0.00083189
0.00084666
0.00084425
0.00085032
0.00084784
0.00084534
0.00084282
0.00078145
0.00078744
0.000785
0.00077421
0.00076345
0.00080235
0.00079149
0.00082174
0.00081899
0.00081622
0.00081342
0.00081059
0.00080773
0.00080484
0.00080193
0.00079899
0.00079602
0.00079302
0.00078999
0.00078693
0.00078384
0.00078072
0.00077757
0.00061176
0.00076345
0.00076792
0.00076464
0.00076132
0.00075797
0.00075459
0.00075117
0.00071781
0.00074423
0.00074071
0.00073714
0.00073355
0.00072991
0.00072624
0.00072253
0.00071877
0.00071498
0.00071115
0.00070728
0.00070337
0.00069941
0.00069542
0.00068729
0.00068317
0.00067899
0.00067478
0.00067051
0.00066621
0.00066185
0.00065744
0.00065299
0.00064849
0.00064394
0.00054983
0.00054583
0.00052289
0.00045016
0.00030401
0.00030778
0.00029921
0.00033917
0.00039642
0.00023822
0.00024207
0.00023994
0.00023778
0.00022986
0.00021063
0.00020862
0.00020658
0.00023769
0.00024075
0.00022742
0.000225
0.00020666
0.00018341
0.00019169
0.0001997
0.00019733
0.00018994
0.00018264
0.00016569
0.00040882
0.00043183
0.00037912
0.0003738
0.00036842
0.00036298
0.00016771
0.00016945
0.00016247
0.00011355
0.00010337
0.00010564
0.00010776
0.00010971
0.0001038
9.8019e-05
9.6066e-05
9.7713e-05
0.00010627
0.00018292
0.00017536
0.00018731
0.00018583
0.00017494
0.00016135
0.00014531
0.00014968
0.00013981
0.0001329
0.00013387
0.00011455
0.00011067
0.00010677
0.00010509
0.00010108
0.0001012
7.7216e-05
7.5778e-05
7.2365e-05
7.2407e-05
6.3926e-05
6.5297e-05
0.00012943
0.00012626
0.00011875
0.00011254
6.6279e-05
6.0616e-05
5.716e-05
6.91e-05
6.594e-05
7.3165e-05
6.5719e-05
5.9266e-05
5.3063e-05
4.9116e-05
4.3241e-05
3.7694e-05
3.2168e-05
2.7667e-05
2.3226e-05
1.8992e-05
1.5089e-05
5.9906e-06
4.448e-06
3.276e-06
4.8748e-06
3.3713e-06
1.6288e-06
8.8356e-07
5.1609e-07
3.235e-07
2.1545e-07
8.8804e-08
2.9859e-08
7.4969e-09
7.973e-10
7.0989e-11
1.333e-14
1.9273e-18
1.6554e-26
2.4158e-54
0
0
0
0
0
0
0
0
0
0
0
0
0
0
0
0
0
0
0
0
0
0
0
0
0
0
0
0
0
0
0
0
0
0
0
0
0
0
0
0
0
0
0
0
0
0
0
0
0
0
0
0
0
0
0
0
0
0
0
0
0
0
0
0
0
0
0
0
0
0
0
0
0
0
0
0
0
0
0
0
0
0
0
0
0
0
0
0
0
0
0
0
0
0
0
0
0
0
0
0
0
0
0
0
0
0
0
0
0
0
0
0
0
0
0
0
0
0
0
0
0
0
0
0
0
0
0
0
0
0
0
0
0
0
0
0
0
0
0
0
0
0
0
0
0
0
0
0
0
0
0
0
0
0
0
0
0
0
0
0
0
0
0
0
0
0
0
0
0
0
0
0
0
0
0
0
0
0
0
0
0
0
0
0
0
0
0
0
0
0
0
0
0
0
0
0
0
