0
0
0
0
0
0
0
0
0
0
0
0
0
0
0
0
0
0
0
0
0
0
0
0
0
0
0
0
0
0
0
0
0
0
0
0
0
0
0
0
0
0
0
0
0
0
0
0
0
0
0
0
0
0
0
0
0
0
0
0
0
0
0
0
0
0
0
0
0
0
0
0
0
0
0
0
0
0
0
0
0
0
0
0
0
0
0
0
0
0
0
0
0
0
0
0
0
0
0
0
0
0
0
0
0
0
0
0
0
0
0
0
0
0
0
0
0
0
0
0
0
0
0
0
0
0
0
0
0
0
0
0
0
0
0
0
0
0
0
0
0
0
0
0
0
0
0
0
0
0
0
0
0
0
0
0
0
0
0
0
0
0
0
0
0
0
0
0
0
0
0
0
0
0
0
0
0
0
0
0
0
0
0
0
0
0
0
0
0
0
0
0
0
0
0
0
0
0
0
0
0
0
0
0
0
0
0
0
0
0
0
0
0
0
0
0
0
0
0
0
0
0
0
0
0
0
0
0
0
0
0
0
0
0
0
0
0
0
0
0
0
0
0
0
0
0
0
0
0
0
0
0
0
0
0
0
0
0
0
0
0
0
0
0
0
0
0
0
0
0
0
0
0
0
0
0
0
0
0
0
0
0
0
0
0
0
0
0
0
0
0
0
0
0
0
0
0
0
0
0
0
3.0437e-74
1.0047e-29
1.3733e-19
3.3113e-15
1.1459e-12
4.6649e-11
6.1363e-10
3.2615e-09
1.9949e-08
6.6459e-08
1.68e-07
3.611e-07
5.1045e-07
8.7698e-07
1.508e-06
3.4216e-06
4.9451e-06
6.8536e-06
9.1704e-06
1.191e-05
1.5081e-05
1.8682e-05
2.2707e-05
2.7146e-05
3.1983e-05
3.7203e-05
4.2783e-05
4.8703e-05
5.4941e-05
6.1474e-05
6.8279e-05
7.5333e-05
8.2614e-05
9.0102e-05
9.7774e-05
0.00010561
0.0001136
0.00012171
0.00012993
0.00013826
0.00014666
0.00015513
0.00016365
0.00017222
0.00018082
0.00018945
0.00019808
0.00020672
0.00021535
0.00022397
0.00023258
0.00023633
0.0002497
0.00026669
0.00027511
0.00028349
0.00029182
0.00030009
0.00030831
0.00031647
0.00032456
0.00033259
0.00034055
0.00034844
0.00035627
0.00036403
0.00037171
0.00037933
0.00038687
0.00039434
0.00040173
0.00040905
0.0004163
0.00042348
0.00043058
0.00041572
0.00042233
0.00043789
0.00045824
0.00046032
0.0004622
0.00046866
0.00048474
0.00049119
0.00049756
0.00050387
0.0005101
0.00051627
0.00052237
0.0005284
0.0005023
0.00050244
0.00049694
0.00046908
0.00026205
0.00024781
0.00025026
0.00047091
0.00047538
0.00045055
0.00046646
0.00045871
0.00046873
0.00046669
0.00052563
0.00053612
0.00054046
0.00052596
0.00052375
0.00053411
0.00053171
0.00052917
0.00056296
0.00056689
0.00036503
0.00037416
0.00036991
0.00038585
0.000436
0.000521
0.00053111
0.00053433
0.00055148
0.00057577
0.0005791
0.00053977
0.00042137
0.00047395
0.00046929
0.00058066
0.0005837
0.00073339
0.00073711
0.00074079
0.00074443
0.00074804
0.00075161
0.00075514
0.00075863
0.00076209
0.00076552
0.0007689
0.00077226
0.00077558
0.00077887
0.00078212
0.00078534
0.00078853
0.00079169
0.00079481
0.00079791
0.00080097
0.00070752
0.00065368
0.00055889
0.00068286
0.00068531
0.00070411
0.00071478
0.00072549
0.00072796
0.0007221
0.00072449
0.00075193
0.00062025
0.00062222
0.00059044
0.00060074
0.00060258
0.00078318
0.00078552
0.00079873
0.00065461
0.00067375
0.00067564
0.00065146
0.00061841
0.00062009
0.00063051
0.00080778
0.00061623
0.00043248
0.00040703
0.00049677
0.00047133
0.00049033
0.00042897
0.00070771
0.0007094
0.00070207
0.00071273
0.00057873
0.0007885
0.00079028
0.00076473
0.00075729
0.00075894
0.0006781
0.00067955
0.00068098
0.00067318
0.00066533
0.00067594
0.00051958
0.00064147
0.00063342
0.000588
0.00083227
0.0008526
0.00093869
0.00094045
0.00094219
0.00094392
0.00088889
0.00092838
0.00093003
0.00085561
0.00083805
0.00066778
0.00067847
0.00066047
0.00057528
0.00059544
0.00064452
0.00062629
0.0006852
0.0004543
0.00047438
0.00042663
0.000437
0.00039937
0.00046825
0.00030286
0.00026417
0.00022536
0.00021587
0.00021618
0.00023616
0.0002562
0.00025655
0.00058297
0.00052439
0.00044584
0.00044643
0.00042715
0.00058685
0.00054777
0.0008576
0.00086867
0.00085977
0.0007207
0.00069152
0.00057195
0.0005425
0.00050291
0.00063442
0.00065533
0.000646
0.00054569
0.00058678
0.00052667
0.00040558
0.00040603
0.00045729
0.00043744
0.00041754
0.0003874
0.00042863
0.00041886
0.00096132
0.0010237
0.0010248
0.0010258
0.0010268
0.0010278
0.0010289
0.0010298
0.0010308
0.0010318
0.0010328
0.0010338
0.00095194
0.00094246
0.00094331
0.00092341
0.00091385
0.0010394
0.0010403
0.0010412
0.001043
0.0010439
0.0010447
0.0010247
0.0010465
0.0010473
0.0010481
0.001049
0.0010498
0.00064089
0.00060984
0.00064187
0.00064236
0.00056908
0.00062223
0.00061214
0.00063371
0.00068702
0.00068751
0.00064566
0.00064612
0.00054057
0.00053034
0.00050948
0.00053106
0.00064833
0.00039351
0.00038313
0.00036208
0.00037297
0.00037321
0.00048015
0.00051248
0.00052348
0.00056656
0.00054551
0.00052444
0.00055688
0.00056792
0.00072908
0.00071878
0.00082653
0.00075182
0.00068776
0.00058062
0.00049488
0.00049515
0.00050618
0.00051723
0.00085173
0.00086296
0.00086341
0.00087465
0.00066982
0.00067016
0.00050828
0.00051935
0.00024897
0.00023826
0.00023849
0.0002386
0.00016276
0.00015198
0.00015205
0.00014125
0.00013044
0.00014137
0.00013055
0.00013061
0.00014155
0.00014161
0.00013077
0.00015263
0.0001636
0.00018549
0.00017464
0.00018563
0.0001857
0.00016392
0.00017491
0.00017498
0.00019692
0.0001751
0.00016422
0.00014237
0.00013147
0.00013151
0.00012059
0.00010967
0.00012067
0.00012071
0.00012075
0.00012079
0.00012083
0.00012087
0.00014288
0.00016492
0.00017596
0.00017601
0.00017607
0.00014309
0.00014313
0.0001652
0.00017626
0.00016529
0.0001984
0.00018743
0.0001985
0.00017649
0.00018757
0.00019865
0.00018766
0.0001877
0.00019879
0.00020988
0.00022098
0.00019892
0.00018791
0.00019905
0.00019909
0.00018807
0.00018811
0.00018814
0.00018818
0.00017714
0.00019932
0.00017721
0.00018831
0.00018835
0.00018838
0.00018841
0.00021061
0.00017738
0.00016632
0.00015526
0.00015528
0.00014421
0.00014423
0.00014425
0.00015536
0.00016648
0.0001887
0.00018873
0.00018875
0.00018877
0.00019989
0.00019992
0.00019994
0.00021106
0.00021108
0.00026666
0.00026668
0.0002667
0.0002445
0.00026675
0.00027788
0.00031125
0.00035574
0.00035576
0.0005559
0.00042251
0.00074499
0.00064495
0.00063386
0.00063389
0.00070064
0.00062281
0.00043376
0.00043377
0.00045603
0.00043379
0.0004338
0.00035594
0.00035595
0.00035595
0.00035595
0.00035595
0.00053392
0.00070077
0.0007675
0.00081197
0.00077859
0.0010678
0.00109
0.0010677
0.0010899
0.0011121
0.0010231
0.0010119
0.00077837
0.00076721
0.00076717
0.00095613
0.0011006
0.0010449
0.0010115
0.0009781
0.0010225
0.001078
0.0010779
0.0010667
0.0010777
0.00066656
0.00058873
0.00055535
0.00072189
0.00072181
0.00071063
0.00069945
0.00069936
0.00067708
0.00062151
0.00083227
0.00085435
0.00087642
0.00098723
0.00098709
0.0010535
0.0010422
0.0010421
0.0010197
0.00086443
0.00076457
0.00070905
0.00069785
0.00068665
0.00046507
0.00048713
0.00034314
0.00032094
0.00032088
0.00040932
0.00035394
0.00035387
0.00035379
0.00034267
0.00033147
0.0003093
0.00033132
0.00081708
0.00081689
0.00083877
0.00082754
0.00054053
0.00031982
0.00033077
0.00033069
0.00035264
0.00040763
0.00040753
0.00041843
0.00042932
0.0004292
0.00044009
0.00043996
0.00039585
0.00041772
0.0004176
0.00040649
0.00040636
0.00041722
0.00039513
0.00044987
0.00039488
0.00041669
0.00040559
0.00035066
0.00035054
0.00076655
0.00078818
0.00075508
0.00064542
0.00060145
0.00060123
0.00059009
0.00062264
0.00068792
0.00073132
0.00084016
0.00083983
0.0008395
0.00085007
0.00084973
0.0010018
0.0010014
0.00099014
0.00098973
0.0010872
0.0010867
0.0010862
0.0010858
0.0010853
0.0010848
0.0010843
0.0010838
0.0010828
0.0010823
0.0010818
0.0010813
0.0010808
0.0010802
0.0010797
0.0010252
0.0010355
0.001035
0.00098056
0.00092621
0.00092572
0.0007531
0.00077421
0.00069856
0.00069818
0.00067633
0.00068669
0.00052545
0.00054659
0.00055699
0.00064232
0.00064195
0.00071642
0.00065188
0.00060877
0.0010033
0.0010667
0.0010661
0.0010654
0.0010648
0.0010215
0.0010209
0.0010309
0.0010408
0.0010401
0.0010288
0.0010176
0.00080503
0.00083624
0.00080394
0.00098309
0.00092959
0.00090783
0.00090718
0.00095924
0.00095855
0.00086312
0.00078887
0.00078828
0.00071418
0.00068216
0.00061872
0.0007859
0.00073294
0.00073237
0.00084679
0.00081478
0.00081347
0.00081281
0.00067679
0.00070744
0.00070684
0.00075818
0.00064338
0.00066357
0.00073551
0.00076591
0.00078592
0.00085755
0.00085678
0.00076318
0.00044306
0.00049413
0.00059652
0.00086311
0.00084176
0.00084096
0.00084015
0.00081886
0.00084873
0.00084789
0.00083684
0.0008258
0.00076385
0.00049854
0.00052851
0.00068026
0.00067954
0.00065856
0.00065785
0.00080878
0.000818
0.0008171
0.00081619
0.0008354
0.00089478
0.00086363
0.00084257
0.00083157
0.0008406
0.00082961
0.00079867
0.00079771
0.00079674
0.00070623
0.0008047
0.0007144
0.00073331
0.00073238
0.00083028
0.0008292
0.00045349
0.00046273
0.00050144
0.00054986
0.00050989
0.00097785
0.00097648
0.00063382
0.00063291
0.00077785
0.00077671
0.00077557
0.0007357
0.0007346
0.00074314
0.00070346
0.00065427
0.00066286
0.00064263
0.00068949
0.00066926
0.00066818
0.00062897
0.00058987
0.00094982
0.00094822
0.00094661
0.00094498
0.00094334
0.00088519
0.00079902
0.00062869
0.00066501
0.0006264
0.00061592
0.00061477
0.00057642
0.00056604
0.00055569
0.0005731
0.00092254
0.00081943
0.00077185
0.00077028
0.00043011
0.00038356
0.00041009
0.00041832
0.00039928
0.00071533
0.00074087
0.00073924
0.00072859
0.00073592
0.00074319
0.00076828
0.00076648
0.00072022
0.0007185
0.00071676
0.00066205
0.00066922
0.00066754
0.00068338
0.00067987
0.00067809
0.00068496
0.00069177
0.00086237
0.00086001
0.00085762
0.00085521
0.00085278
0.00085032
0.00084784
0.00084534
0.00084282
0.00084027
0.0008377
0.0008351
0.00083248
0.00082983
0.00082716
0.00081622
0.00079709
0.00069614
0.00069379
0.0006914
0.0006971
0.00068657
0.00068412
0.00068164
0.00068713
0.00051741
0.00053925
0.00052929
0.0004879
0.0004703
0.0007651
0.00077757
0.00077438
0.00077117
0.00076792
0.00076464
0.00076132
0.00075797
0.00075459
0.00075117
0.00074772
0.00074423
0.00074071
0.00073714
0.00073355
0.00072991
0.00072624
0.00072253
0.00071877
0.00058629
0.00054759
0.0005729
0.00056973
0.00056652
0.00062587
0.00061856
0.00060119
0.0006043
0.00056007
0.0003956
0.00039306
0.00028459
0.00041419
0.00039833
0.00042152
0.00049583
0.00062655
0.0004062
0.00041579
0.0004064
0.00041568
0.00040627
0.00040302
0.00029072
0.00029431
0.00027396
0.0002834
0.0002809
0.00027838
0.00031605
0.00033587
0.00030447
0.00021775
0.00033719
0.00033923
0.00034654
0.00031071
0.00027025
0.00027249
0.00027458
0.00029187
0.00028841
0.0002849
0.00031591
0.00023879
0.00024048
0.00023253
0.00023402
0.00021689
0.00045484
0.00044812
0.00044134
0.00043448
0.00042755
0.00042055
0.00041347
0.00040632
0.0003991
0.0003918
0.00038444
0.000377
0.00036948
0.0003619
0.00035425
0.00033873
0.00033087
0.00032295
0.00031496
0.00030691
0.0002988
0.00029063
0.00027111
0.00026316
0.00025783
0.00024971
0.00024653
0.00024058
0.0002321
0.0002236
0.00021507
0.00020653
0.00018611
0.00017997
0.00017368
0.00014137
0.00011638
0.00010883
0.00010148
0.00010961
0.00010178
9.5417e-05
0.00010742
9.9963e-05
9.1654e-05
6.0917e-05
6.427e-05
5.8684e-05
4.0123e-05
3.8055e-05
2.3459e-05
2.0837e-05
1.8345e-05
1.5991e-05
1.6084e-05
1.3694e-05
1.1496e-05
1.2985e-05
7.8588e-06
3.7441e-06
2.9975e-06
2.4024e-06
1.5366e-06
1.1114e-06
6.9102e-07
4.3403e-07
2.5352e-07
1.3036e-07
5.9594e-08
2.5239e-08
8.0869e-09
2.1085e-09
3.7904e-10
3.1945e-11
5.9986e-15
7.8989e-19
6.5692e-27
9.4368e-55
0
0
0
0
0
0
0
0
0
0
0
0
0
0
0
0
0
0
0
0
0
0
0
0
0
0
0
0
0
0
0
0
0
0
0
0
0
0
0
0
0
0
0
0
0
0
0
0
0
0
0
0
0
0
0
0
0
0
0
0
0
0
0
0
0
0
0
0
0
0
0
0
0
0
0
0
0
0
0
0
0
0
0
0
0
0
0
0
0
0
0
0
0
0
0
0
0
0
0
0
0
0
0
0
0
0
0
0
0
0
0
0
0
0
0
0
0
0
0
0
0
0
0
0
0
0
0
0
0
0
0
0
0
0
0
0
0
0
0
0
0
0
0
0
0
0
0
0
0
0
0
0
0
0
0
0
0
0
0
0
0
0
0
0
0
0
0
0
0
0
0
0
0
0
0
0
0
0
0
0
0
0
0
0
0
0
0
0
0
0
0
0
0
0
0
0
0
