0
0
0
0
0
0
0
0
0
0
0
0
0
0
0
0
0
0
0
0
0
0
0
0
0
0
0
0
0
0
0
0
0
0
0
0
0
0
0
0
0
0
0
0
0
0
0
0
0
0
0
0
0
0
0
0
0
0
0
0
0
0
0
0
0
0
0
0
0
0
0
0
0
0
0
0
0
0
0
0
0
0
0
0
0
0
0
0
0
0
0
0
0
0
0
0
0
0
0
0
0
0
0
0
0
0
0
0
0
0
0
0
0
0
0
0
0
0
0
0
0
0
0
0
0
0
0
0
0
0
0
0
0
0
0
0
0
0
0
0
0
0
0
0
0
0
0
0
0
0
0
0
0
0
0
0
0
0
0
0
0
0
0
0
0
0
0
0
0
0
0
0
0
0
0
0
0
0
0
0
0
0
0
0
0
0
0
0
0
0
0
0
0
0
0
0
0
0
0
0
0
0
0
0
0
0
0
0
0
0
0
0
0
0
0
0
0
0
0
0
0
0
0
0
0
0
0
0
0
0
0
0
0
0
0
0
0
0
0
0
0
0
0
0
0
0
0
0
0
0
0
0
0
0
0
0
0
0
0
0
0
0
0
0
0
0
0
0
0
0
0
0
0
0
0
0
0
0
0
0
0
0
0
0
0
0
0
0
0
0
0
0
0
0
0
0
0
0
0
0
0
1.4077e-74
4.8982e-30
6.018e-20
1.6557e-15
6.9045e-13
2.9685e-11
3.6333e-10
2.4461e-09
1.0092e-08
3.211e-08
7.8275e-08
1.6602e-07
3.27e-07
6.5425e-07
1.1704e-06
1.7793e-06
2.5715e-06
4.3863e-06
5.7773e-06
8.8137e-06
1.1612e-05
8.4067e-06
1.317e-05
1.493e-05
1.7271e-05
1.8601e-05
1.3263e-05
1.5585e-05
1.7032e-05
1.9057e-05
1.9118e-05
2.1093e-05
2.3132e-05
4.5952e-05
7.333e-05
7.1816e-05
7.6109e-05
8.1545e-05
8.3158e-05
8.5718e-05
9.0928e-05
9.9282e-05
0.00013747
0.00014639
0.0001537
0.00016103
0.00016837
0.00017571
0.00018305
0.00019038
0.00020002
0.00020739
0.00021474
0.00026669
0.00027511
0.00028349
0.00029182
0.00030009
0.00030831
0.00031647
0.00028886
0.00029933
0.00030309
0.00034844
0.00035627
0.00036403
0.00032711
0.0003376
0.00033658
0.00033913
0.00034951
0.00035588
0.00034137
0.00032184
0.00032293
0.0003282
0.00032897
0.00033406
0.00036659
0.00037198
0.00034901
0.00044475
0.0003781
0.00038312
0.00039805
0.00040309
0.00040808
0.00041818
0.00038655
0.00041743
0.00042214
0.00034036
0.00037134
0.0003863
0.00039029
0.00039987
0.00035264
0.00031011
0.00031885
0.00029256
0.00030704
0.00031574
0.00052883
0.00053942
0.00055619
0.00056693
0.00055288
0.00059484
0.0006184
0.00060405
0.00044202
0.00047109
0.00048441
0.00049438
0.00049113
0.00024721
0.00025557
0.000264
0.00025206
0.0002605
0.000269
0.00055515
0.00055846
0.00054769
0.00055085
0.00055397
0.00056421
0.00060321
0.00067145
0.00058792
0.000591
0.00060138
0.00063391
0.00067412
0.00066254
0.00068819
0.00064638
0.00065697
0.00066001
0.00062492
0.000444
0.00043059
0.00044791
0.00041106
0.00047511
0.00047709
0.00047121
0.00045735
0.00045918
0.00046099
0.00048672
0.00045655
0.00041808
0.00041964
0.00066419
0.0006666
0.00066899
0.00060586
0.00060798
0.00065954
0.00065351
0.000664
0.0006662
0.00068509
0.00083817
0.00084084
0.00084349
0.00084611
0.00084871
0.00085128
0.00085383
0.00085885
0.00086133
0.00086378
0.00086621
0.00086862
0.000871
0.00087337
0.00087571
0.00087803
0.00088032
0.0008826
0.00088486
0.00088709
0.00088931
0.00089151
0.00089368
0.00089584
0.00077226
0.00077408
0.00075784
0.00071437
0.00072506
0.00068128
0.00091039
0.0009124
0.00091439
0.00091636
0.00091831
0.00092024
0.00092216
0.00092406
0.00092595
0.00092782
0.00092967
0.00093151
0.00093333
0.00093513
0.00077764
0.00077911
0.00078057
0.00078202
0.00060411
0.00061466
0.00082417
0.00083513
0.00085561
0.00084758
0.00085857
0.00086959
0.00095721
0.00095881
0.00096039
0.00096196
0.00096352
0.00096507
0.0009666
0.00096812
0.00096962
0.00097111
0.00097406
0.00097552
0.00097696
0.00097839
0.00097981
0.00098122
0.00098261
0.000984
0.00098537
0.00098673
0.00098808
0.00098942
0.00099074
0.00099206
0.00099337
0.00061669
0.00061748
0.0006083
0.00057912
0.00063983
0.00077075
0.00077169
0.00078267
0.00076352
0.00074431
0.00086604
0.00099812
0.00061572
0.00069727
0.00070818
0.00062795
0.00059823
0.00038573
0.00039631
0.0003764
0.00038699
0.00042818
0.00041843
0.00040865
0.00050111
0.00051187
0.00050214
0.00060522
0.00069824
0.00078116
0.00076135
0.00078269
0.00077313
0.00076355
0.00079525
0.00078566
0.00079673
0.00061104
0.00062197
0.00056027
0.00054
0.00053009
0.00079063
0.0010204
0.0010221
0.00088728
0.00087758
0.0008783
0.00088949
0.00078548
0.00081755
0.0008287
0.00082935
0.00079848
0.00073601
0.00033672
0.00033698
0.00031615
0.00031639
0.00031662
0.00033798
0.00033822
0.0003702
0.0004128
0.00038132
0.00036038
0.00039245
0.00040334
0.00031864
0.00030822
0.00025525
0.00026606
0.00026624
0.00015984
0.00015995
0.00017072
0.00014947
0.00013888
0.00014966
0.00014975
0.00014984
0.00016064
0.00016073
0.00017155
0.00017165
0.00017175
0.00017184
0.00017194
0.00017204
0.00017213
0.00017223
0.00017232
0.00016163
0.00016172
0.00018338
0.00019427
0.00021596
0.00020527
0.00020537
0.0002271
0.00023803
0.00022732
0.00020577
0.00020597
0.00020607
0.00021701
0.00020625
0.00018463
0.00018471
0.00031523
0.00031537
0.00023935
0.0002721
0.00027222
0.00027233
0.00026155
0.00025075
0.00025085
0.00026186
0.00026196
0.00025115
0.00026217
0.00028412
0.0002733
0.00030621
0.00030632
0.00032832
0.00033938
0.00032855
0.00052586
0.00047125
0.0005043
0.00043867
0.00049366
0.00047188
0.00046105
0.00052708
0.00054922
0.00048346
0.00048361
0.00048375
0.0004839
0.00049504
0.00051719
0.00053935
0.00052849
0.00053965
0.00052878
0.00052893
0.0003968
0.0005292
0.00052934
0.00058462
0.000662
0.00082771
0.00083894
0.00058519
0.0006295
0.00066279
0.00066293
0.00067413
0.00075165
0.0008515
0.00089591
0.00094035
0.00092947
0.00092965
0.00096303
0.0011071
0.0011073
0.0011075
0.0011077
0.0011079
0.0011081
0.0011083
0.0011085
0.0011086
0.0011088
0.001109
0.0011091
0.0011093
0.0011094
0.0011096
0.0011097
0.0011099
0.00111
0.0011101
0.0011103
0.0011104
0.0011105
0.00049979
0.00051095
0.000511
0.00046661
0.00045554
0.00048891
0.00047784
0.00045565
0.00045569
0.00027788
0.0002779
0.00028903
0.00047805
0.00046696
0.0004781
0.00048925
0.00046703
0.0004893
0.00046707
0.00041149
0.0004115
0.00040039
0.0004004
0.00037817
0.00018909
0.00020021
0.00020022
0.00020022
0.00020022
0.00017798
0.00017798
0.00020022
0.00022247
0.00020022
0.00020021
0.00020021
0.0002002
0.0002002
0.00018907
0.00020019
0.00017794
0.00020017
0.00021128
0.00021127
0.00021126
0.00025572
0.00025571
0.00025569
0.00024456
0.00024454
0.0002223
0.00022228
0.00022226
0.00021113
0.00021111
0.0002111
0.00021108
0.00021106
0.00061089
0.00063304
0.00062187
0.00059959
0.0004885
0.00051065
0.00053278
0.00048833
0.00047717
0.00053258
0.00066564
0.00054353
0.00059891
0.00059882
0.00067635
0.00074276
0.00074264
0.00066495
0.00065376
0.00064257
0.00065354
0.0006202
0.00073082
0.00073069
0.00070842
0.00063082
0.0010069
0.0010067
0.0010397
0.00081832
0.00092871
0.00092851
0.00055245
0.00053024
0.00068473
0.00059625
0.00049676
0.00047457
0.00048549
0.00054053
0.00051834
0.00043
0.00042989
0.0004408
0.0003856
0.00039651
0.00030832
0.00031924
0.00030815
0.00030806
0.00029697
0.00028589
0.00028581
0.00027473
0.00026367
0.00026359
0.0002635
0.00025245
0.00025237
0.00024132
0.00021931
0.00024116
0.00031779
0.00030673
0.00029567
0.00029557
0.00031735
0.0003063
0.00031713
0.00030608
0.00028412
0.00028401
0.00030574
0.00030563
0.00038189
0.00040356
0.00075228
0.00095905
0.00098046
0.001089
0.0010885
0.0010881
0.0010876
0.0010872
0.0010867
0.0010862
0.0010858
0.0010853
0.0010848
0.0010843
0.0010838
0.0010828
0.0010823
0.0010818
0.0010813
0.0010808
0.0010802
0.0010797
0.0010792
0.0010786
0.0010781
0.0010775
0.001077
0.0010764
0.0010759
0.0010753
0.0010747
0.0010741
0.0010735
0.0010729
0.0010724
0.0010717
0.0010711
0.0010705
0.0010699
0.0010693
0.0010687
0.001068
0.0010674
0.0010667
0.0010661
0.0010654
0.0010648
0.0010641
0.0010634
0.0010627
0.0010621
0.0010614
0.0010607
0.00106
0.0010592
0.0010585
0.0010578
0.0010571
0.0010564
0.0010556
0.0010549
0.00087491
0.00088482
0.00087365
0.00037866
0.0003994
0.0004096
0.00044078
0.00042996
0.00042963
0.00061777
0.0007533
0.00071089
0.00068943
0.00066747
0.00068776
0.00053102
0.00054098
0.00055092
0.00035312
0.00029056
0.00043547
0.00041437
0.00041401
0.00041364
0.00044427
0.00043355
0.00042284
0.00059762
0.00055589
0.00048338
0.00050348
0.00049274
0.00045124
0.00046106
0.0005732
0.00052151
0.00044948
0.00040821
0.00042819
0.00089625
0.00089533
0.00088424
0.00093409
0.00094324
0.00042553
0.0005364
0.0005156
0.00050494
0.00048421
0.00062474
0.00035228
0.00034183
0.00037156
0.00035107
0.00035066
0.00038027
0.00037982
0.00037937
0.0004188
0.00033861
0.00034814
0.00033778
0.00032743
0.00028738
0.00060372
0.00061282
0.00064164
0.00056193
0.00053165
0.00052111
0.00053022
0.0005197
0.00088985
0.0008886
0.00088734
0.00087634
0.00086535
0.0008738
0.00087252
0.00084218
0.00084092
0.0007914
0.00079019
0.00077935
0.00077813
0.00070977
0.00059373
0.0004398
0.00034364
0.0003526
0.00045668
0.00049391
0.00048359
0.00046384
0.00045359
0.0004245
0.00079102
0.00078022
0.00076944
0.00086171
0.00077599
0.00078389
0.00078243
0.00079025
0.00077947
0.00077797
0.0007857
0.00077493
0.00076419
0.00039511
0.00038514
0.0003752
0.00037442
0.0003463
0.00031829
0.00029038
0.00031692
0.00030719
0.0002975
0.00030583
0.00030514
0.00027758
0.000268
0.00026738
0.00022229
0.00022176
0.00021237
0.00020303
0.00020253
0.0002108
0.00020151
0.00020919
0.00021734
0.00021676
0.00021618
0.00025009
0.0002752
0.00028301
0.00029932
0.00029847
0.00030612
0.00027979
0.0002536
0.00041298
0.00042014
0.00041885
0.00041755
0.00048284
0.0005145
0.00062037
0.00060186
0.00055878
0.00056511
0.00052238
0.00048805
0.00050256
0.00051695
0.0002656
0.00024058
0.00024769
0.00021493
0.00021412
0.0002133
0.0002046
0.00021164
0.00022641
0.00034213
0.00033298
0.00030847
0.00028413
0.00028292
0.00037305
0.00037141
0.0003622
0.00039061
0.00044115
0.0004391
0.0004148
0.00039806
0.00039612
0.00036496
0.00034859
0.00033236
0.00030907
0.00030744
0.00044803
0.00048802
0.00051346
0.00040566
0.00039639
0.00026804
0.00024594
0.00027839
0.00026991
0.00026821
0.00027981
0.00026474
0.00024325
0.00028079
0.00027237
0.00027045
0.00026852
0.00026657
0.00027719
0.00028135
0.00030401
0.00032009
0.00031753
0.00031495
0.00054058
0.00051814
0.00049005
0.00058522
0.00057996
0.00057464
0.00056927
0.00056383
0.00053042
0.00052514
0.00052527
0.00050356
0.00049821
0.00047691
0.00036157
0.00035747
0.00027651
0.00028841
0.00026991
0.00020238
0.00020468
0.00020201
0.00020405
0.00019658
0.00020766
0.00020468
0.00021958
0.00026039
0.00043448
0.00018812
0.00018084
0.0002026
0.00020316
0.00029134
0.00030169
0.00026142
0.00025636
0.00024755
0.00024971
0.00024443
0.00022356
0.0003044
0.00029711
0.00027402
0.00026087
0.00025995
0.00014822
0.0001412
0.00013981
0.00012493
0.00012872
0.00011455
0.00011067
0.0001439
0.00014534
0.00012474
0.00011979
0.00010493
9.6617e-05
8.8647e-05
7.4131e-05
7.3761e-05
5.4414e-05
4.8534e-05
4.856e-05
3.9147e-05
3.6699e-05
3.4282e-05
3.5093e-05
2.9566e-05
2.6367e-05
2.4206e-05
2.2102e-05
2.2137e-05
1.9339e-05
1.7315e-05
1.538e-05
1.0483e-05
9.1379e-06
8.2061e-06
7.2662e-06
6.0997e-06
4.845e-06
3.9294e-06
2.9953e-06
2.3207e-06
1.5288e-06
1.0597e-06
7.4094e-07
4.4423e-07
2.6352e-07
1.6298e-07
8.6909e-08
3.8965e-08
1.3087e-08
4.6655e-09
1.1714e-09
1.8299e-10
1.5381e-11
3.1104e-15
4.1074e-19
3.416e-27
4.9071e-55
0
0
0
0
0
0
0
0
0
0
0
0
0
0
0
0
0
0
0
0
0
0
0
0
0
0
0
0
0
0
0
0
0
0
0
0
0
0
0
0
0
0
0
0
0
0
0
0
0
0
0
0
0
0
0
0
0
0
0
0
0
0
0
0
0
0
0
0
0
0
0
0
0
0
0
0
0
0
0
0
0
0
0
0
0
0
0
0
0
0
0
0
0
0
0
0
0
0
0
0
0
0
0
0
0
0
0
0
0
0
0
0
0
0
0
0
0
0
0
0
0
0
0
0
0
0
0
0
0
0
0
0
0
0
0
0
0
0
0
0
0
0
0
0
0
0
0
0
0
0
0
0
0
0
0
0
0
0
0
0
0
0
0
0
0
0
0
0
0
0
0
0
0
0
0
0
0
0
0
0
0
0
0
0
0
0
0
0
0
0
0
0
0
0
0
0
0
