0.0
0.0
0.0
0.0
0.0
0.0
0.0
0.0
0.0
0.0
0.0
0.0
0.0
0.0
0.0
0.0
0.0
0.0
0.0
0.0
0.0
0.0
0.0
0.0
0.0
0.0
0.0
0.0
0.0
0.0
0.0
2.0616666666666665E-24
6.424466672991086E-4
0.01554682
0.04694766666666667
0.08157533333333335
0.08833660000000002
0.04242073333333333
0.04358973333333334
0.0735286
0.0958485333333333
0.0947598
0.1178026
0.1227072
0.16055199999999997
0.20548066666666667
0.1738053333333333
0.2002506666666667
0.16170866666666667
0.13834733333333335
0.12094999999999999
0.11237200000000001
0.09817953333333333
0.13516133333333336
0.13213333333333332
0.167278
0.16314066666666666
0.24344933333333335
0.27487133333333336
0.30358666666666667
0.23591333333333334
0.19809933333333338
0.03275589333333333
7.502662501805159E-5
0.0
0.0
0.0
0.0
0.0
0.0
0.0
0.0
0.0
0.0
0.0
0.0
0.0
0.0
0.0
0.0
0.0
0.0
0.0
0.0
0.0
0.0
0.0
0.0
0.0
0.0
0.0
0.0
0.0
0.0
0.0
0.0
