0.0
0.0
0.0
0.0
0.0
0.0
0.0
0.0
0.0
0.0
0.0
0.0
0.0
0.0
0.0
0.0
0.0
0.0
0.0
0.0
0.0
0.0
0.0
0.0
0.0
0.0
0.0
0.0
0.0
0.0
0.0
1.4844E-23
0.0040389762886740505
0.05769979999999999
0.14448799999999998
0.11121866666666666
0.13685
0.13846933333333336
0.23659066666666664
0.48896800000000007
0.7994273333333334
0.7029780000000001
0.7179333333333333
0.6569273333333334
0.5400713333333333
0.2327266666666667
0.11606706666666669
0.0705242
0.08052566666666666
0.0626234
0.04281826666666667
0.06286713333333334
0.1351802
0.37135399999999996
0.41220399999999996
0.219558
0.30400266666666664
0.5111086666666667
0.4177666666666667
0.39734866666666674
0.36169866666666667
0.1395419333333333
0.050600559999999996
2.3200368767409187E-4
0.0
0.0
0.0
0.0
0.0
0.0
0.0
0.0
0.0
0.0
0.0
0.0
0.0
0.0
0.0
0.0
0.0
0.0
0.0
0.0
0.0
0.0
0.0
0.0
0.0
0.0
0.0
0.0
0.0
0.0
0.0
0.0
