0.0
0.0
0.0
0.0
0.0
0.0
0.0
0.0
0.0
0.0
0.0
0.0
0.0
0.0
0.0
0.0
0.0
0.0
0.0
0.0
0.0
0.0
0.0
0.0
0.0
0.0
0.0
0.0
0.0
0.0
0.0
3.3399333333333333E-23
0.003838539799381207
0.104248
0.24643999999999996
0.19052000000000005
0.21350733333333327
0.17288
0.4797826666666667
0.47431399999999996
0.4837266666666667
0.7328913333333332
0.5987546666666667
0.5360226666666666
0.4533613333333333
0.39720933333333336
0.4380773333333333
0.469094
0.7927266666666667
0.781834
0.5749986666666668
0.35144333333333333
0.3294500000000001
0.33404
0.5206733333333333
0.5907800000000001
0.23257333333333333
0.42388933333333334
0.3203459999999999
0.35195866666666675
0.1992186666666667
0.12905819999999998
0.04485081333333333
2.520377621548166E-4
0.0
0.0
0.0
0.0
0.0
0.0
0.0
0.0
0.0
0.0
0.0
0.0
0.0
0.0
0.0
0.0
0.0
0.0
0.0
0.0
0.0
0.0
0.0
0.0
0.0
0.0
0.0
0.0
0.0
0.0
0.0
0.0
