0.058
0.058
0.058
0.058
0.058
0.058
0.058
0.058
0.058
0.058
0.058
0.058
0.058
0.058
0.058
0.058
0.058
0.058
0.058
0.058
0.058
0.058
0.068
0.068
0.068
0.068
0.068
0.068
0.068
0.068
0.068
0.068
0.068
0.068
0.068
0.068
0.068
0.068
0.068
0.068
0.068
0.068
0.068
0.068
0.068
0.068
0.068
0.068
0.068
0.283
0.283
0.283
0.283
0.283
0.283
0.283
0.283
0.283
0.283
0.283
0.283
0.283
0.283
0.283
0.283
0.283
0.283
0.283
0.283
0.283
0.392
0.177
0.177
0.177
0.177
0.177
0.177
0.177
0.177
0.177
0.177
0.177
0.177
0.177
0.177
0.177
0.177
0.177
0.068
0.068
0.068
0.068
0.068
0.068
0.068
0.068
0.068
0.068
0.068
0.068
0.068
0.068
0.068
0.068
0.068
0.068
0.068
0.068
0.068
0.068
0.068
0.068
0.068
0.068
0.068
0.068
0.068
0.068
0.068
0.068
0.068
0.068
0.068
0.068
0.068
0.068
0.068
0.068
0.068
0.068
0.068
0.068
0.068
0.283
0.283
0.283
0.283
0.283
0.283
0.283
0.283
0.283
0.283
0.283
0.283
0.283
0.283
0.283
0.283
0.283
0.283
0.283
0.283
0.283
0.283
0.068
0.068
0.177
0.177
0.177
0.177
0.177
0.177
0.177
0.177
0.177
0.177
0.177
0.177
0.177
0.177
0.177
0.177
0.177
0.177
0.068
0.068
0.068
0.068
0.068
0.068
0.068
0.068
0.068
0.068
0.068
0.068
0.068
0.068
0.068
0.068
0.068
0.068
0.068
0.068
0.068
0.068
0.068
0.068
0.068
0.068
0.068
0.068
0.068
0.068
0.068
0.068
0.068
0.068
0.068
0.068
0.068
0.068
0.068
0.068
0.068
0.283
0.283
0.283
0.283
0.283
0.283
0.283
0.283
0.283
0.283
0.283
0.283
0.283
0.283
0.283
0.283
0.283
0.283
0.283
0.283
0.283
0.283
0.068
0.068
0.068
0.068
0.068
0.068
0.068
0.068
0.068
0.068
0.068
0.068
0.068
0.068
0.068
0.177
0.177
0.177
0.177
0.177
0.177
0.177
0.177
0.177
0.177
0.177
0.177
0.177
0.177
0.177
0.177
0.177
0.177
0.068
0.068
0.068
0.068
0.068
0.068
0.068
0.068
0.068
0.068
0.068
0.068
0.068
0.068
0.068
0.068
0.068
0.068
0.068
0.068
0.068
0.068
0.068
0.068
0.068
0.068
0.283
0.283
0.283
0.283
0.283
0.283
0.283
0.283
0.283
0.283
0.283
0.283
0.283
0.283
0.283
0.283
0.283
0.283
0.283
0.283
0.283
0.283
0.068
0.068
0.068
0.068
0.068
0.068
0.068
0.068
0.177
0.177
0.177
0.177
0.177
0.177
0.177
0.177
0.177
0.177
0.177
0.177
0.177
0.177
0.177
0.177
0.177
0.177
0.068
0.068
0.068
0.068
0.068
0.068
0.068
0.068
0.068
0.068
0.068
0.068
0.068
0.068
0.068
0.068
0.068
0.068
0.068
0.068
0.068
0.283
0.283
0.283
0.283
0.283
0.283
0.283
0.283
0.283
0.283
0.283
0.283
0.283
0.283
0.283
0.283
0.283
0.283
0.283
0.283
0.392
0.392
0.177
0.177
0.177
0.177
0.177
0.177
0.177
0.177
0.177
0.177
0.177
0.177
0.177
0.177
0.177
0.177
0.068
0.068
0.068
0.068
0.068
0.068
0.068
0.068
0.068
0.068
0.068
0.068
0.068
0.068
0.068
0.068
0.068
0.068
0.068
0.068
0.068
0.068
0.068
0.068
0.068
0.068
0.068
0.068
0.068
0.068
0.068
0.068
0.068
0.068
0.068
0.068
0.068
0.068
0.068
0.068
0.068
0.068
0.068
0.068
0.068
0.068
0.068
0.068
0.068
0.068
0.068
0.068
0.068
0.068
0.068
0.068
0.068
0.068
0.068
0.068
0.068
0.068
0.068
0.068
0.177
0.177
0.177
0.177
0.177
0.177
0.177
0.177
0.177
0.177
0.177
0.177
0.177
0.177
0.177
0.177
0.177
0.392
0.283
0.283
0.283
0.283
0.283
0.283
0.283
0.283
0.283
0.283
0.283
0.283
0.283
0.283
0.283
0.283
0.283
0.283
0.283
0.283
0.283
0.068
0.068
0.068
0.068
0.068
0.068
0.068
0.068
0.068
0.068
0.068
0.068
0.068
0.068
0.068
0.068
0.068
0.068
0.068
0.068
0.068
0.068
0.068
0.068
0.068
0.068
0.068
0.177
0.177
0.177
0.177
0.177
0.177
0.175
3.029
3.029
3.029
3.029
3.029
0.175
0.175
0.175
0.175
0.175
0.39
0.281
0.281
0.281
0.281
0.281
0.281
0.281
0.281
0.281
0.281
0.281
0.281
0.281
0.281
3.135
3.135
3.135
3.135
3.135
0.281
3.135
2.92
2.92
2.92
2.92
0.066
0.066
0.066
0.066
2.92
2.92
2.92
2.92
2.92
0.066
0.066
0.066
0.066
0.066
0.066
0.066
0.066
0.066
0.066
0.066
0.066
0.066
0.066
0.515
0.629
0.629
0.629
0.289
0.289
0.421
0.421
0.421
0.421
0.421
0.421
0.421
0.421
2.346
2.346
2.346
0.421
0.312
0.312
0.312
0.312
0.312
0.312
0.312
0.312
0.312
0.527
0.527
0.527
0.527
0.527
0.527
0.527
0.527
3.381
3.381
3.381
3.381
3.381
0.527
0.527
0.527
0.527
0.527
0.527
0.527
0.527
0.527
0.312
0.312
0.312
0.312
0.312
0.312
0.312
0.312
0.312
0.312
0.312
0.312
0.312
0.312
0.312
0.312
0.312
0.312
0.312
0.421
0.421
0.421
3.275
3.161
3.161
3.161
3.187
0.333
0.333
0.333
0.333
0.333
0.333
0.333
0.333
0.333
0.333
0.224
0.224
0.224
0.224
0.224
0.224
3.078
3.078
3.078
3.078
3.078
0.224
0.224
0.092
0.092
0.092
0.092
0.092
0.092
2.017
2.017
2.017
0.092
0.092
0.092
0.092
0.092
0.099
0.099
0.099
0.099
0.099
0.099
0.099
0.099
0.207
0.207
2.574
2.574
2.574
2.574
2.683
2.683
2.683
2.683
2.683
2.683
2.683
2.683
2.683
5.537
5.537
5.537
3.17
3.17
0.316
0.316
0.316
0.316
0.422
0.422
0.422
0.396
0.41
0.41
0.41
0.41
0.41
0.41
0.41
0.41
0.41
0.41
0.41
0.41
0.41
0.41
0.41
0.41
0.41
0.41
0.195
0.195
0.195
0.195
0.195
0.195
0.195
0.195
0.195
0.195
0.195
0.195
0.195
0.195
0.195
0.195
0.195
0.195
0.195
0.188
0.188
0.188
0.188
0.188
0.188
0.188
0.188
0.188
0.188
0.188
0.188
0.188
0.188
0.188
0.188
0.188
0.188
0.188
0.188
0.188
0.188
0.297
0.283
0.283
0.283
0.283
0.283
0.175
0.175
0.175
0.175
0.39
0.39
0.39
0.39
0.39
0.39
0.39
0.39
0.281
0.281
0.281
0.281
0.281
0.281
0.281
0.281
0.281
0.281
0.281
0.281
0.281
0.281
0.066
0.066
0.066
2.92
2.92
2.92
2.92
2.92
2.92
2.92
2.92
2.96
2.96
0.106
0.106
0.106
0.12
0.12
2.974
2.974
2.974
2.974
3.034
0.288
0.397
0.397
0.397
0.337
0.337
0.349
0.337
0.337
0.337
0.337
3.151
3.151
3.265
3.265
3.291
0.437
0.437
0.437
0.328
0.328
3.182
3.182
3.182
3.182
3.182
0.328
0.214
0.214
0.214
0.314
0.314
0.214
0.214
0.214
0.214
0.429
0.429
0.429
0.429
0.429
0.429
0.429
0.429
0.429
0.429
0.429
0.429
0.429
0.429
0.429
0.429
0.429
0.415
0.715
0.415
0.415
3.329
3.114
3.214
3.214
3.106
0.252
0.252
0.252
0.361
0.361
3.215
3.215
3.215
3.215
3.215
0.361
0.361
0.361
0.361
0.461
0.461
3.275
3.275
3.275
3.315
3.315
0.392
0.392
0.292
0.292
0.292
0.266
0.266
0.266
0.266
0.266
0.266
0.292
0.292
0.292
0.292
0.292
0.292
0.292
0.292
0.192
0.192
0.199
0.199
0.199
0.199
0.199
0.199
0.199
0.199
0.199
0.199
0.199
0.199
0.199
0.199
0.199
0.199
0.199
0.199
0.199
0.239
0.239
0.454
0.454
0.454
0.454
0.454
0.454
0.454
0.454
0.454
0.454
0.514
0.623
0.623
0.737
0.677
0.677
0.677
0.677
0.677
0.677
0.677
3.531
3.316
3.316
3.316
3.316
0.462
0.462
0.462
3.207
3.207
3.207
3.207
3.207
0.353
0.353
0.353
0.353
0.239
0.239
0.239
0.239
0.213
0.213
3.067
3.067
3.067
4.001
4.001
1.147
3.067
3.067
0.068
0.068
0.068
0.068
0.068
0.068
0.068
0.068
0.068
0.068
0.068
0.068
0.068
0.068
0.068
0.068
0.068
0.068
0.068
0.068
0.068
0.068
0.068
0.068
0.068
0.068
0.068
0.068
0.068
0.068
0.068
0.068
0.283
0.283
0.283
0.283
0.283
0.283
0.283
0.283
0.283
0.283
0.283
0.283
0.283
0.283
0.283
0.283
0.283
0.283
0.283
0.283
0.283
0.283
0.068
0.068
0.068
0.068
0.068
0.068
0.068
0.068
0.068
0.068
0.068
0.068
0.068
0.177
0.177
0.177
0.177
0.177
0.177
0.177
0.177
0.177
0.177
0.177
0.177
0.177
0.177
0.177
0.177
0.177
0.177
0.068
0.068
0.068
0.068
0.068
0.068
0.068
0.068
0.068
0.068
0.068
0.068
0.068
0.068
0.068
0.068
0.068
0.068
0.068
0.283
0.283
0.283
0.283
0.283
0.283
0.283
0.283
0.283
0.283
0.283
0.283
0.283
0.283
0.283
0.283
0.283
0.283
0.283
0.283
0.283
0.392
0.177
0.177
0.177
0.177
0.177
0.177
0.177
0.177
0.177
0.177
0.177
0.177
0.177
0.177
0.177
0.177
0.177
0.068
0.068
0.068
0.068
0.068
0.068
0.068
0.068
0.068
0.068
0.068
0.068
0.068
0.068
0.068
0.068
0.068
0.068
0.068
0.068
0.068
0.068
0.068
0.068
0.068
0.068
0.068
0.068
0.068
0.068
0.068
0.068
0.068
0.068
0.068
0.068
0.068
0.068
0.068
0.068
0.068
0.068
0.068
0.068
0.068
0.068
0.283
0.283
0.283
0.283
0.283
0.283
0.283
0.283
0.283
0.283
0.283
0.392
0.392
0.392
0.392
0.392
0.392
0.392
0.392
0.392
0.392
0.392
0.177
0.177
0.177
0.177
0.177
0.177
0.177
0.068
0.068
0.068
0.068
0.068
0.068
0.068
0.068
0.068
0.068
0.068
0.068
0.068
0.068
0.068
0.068
0.068
0.068
0.068
0.068
0.068
0.068
0.068
0.068
0.068
0.068
0.068
0.068
0.068
0.068
0.068
0.068
0.068
0.068
0.068
0.068
0.068
0.068
0.068
0.068
0.068
0.068
0.068
0.068
0.068
0.068
0.068
0.068
0.068
0.068
0.068
0.068
0.068
0.068
0.068
0.068
0.177
0.177
0.177
0.392
0.392
0.392
0.392
0.392
0.392
0.392
0.392
0.392
0.392
0.392
0.392
0.392
0.392
0.392
0.283
0.283
0.283
0.283
0.283
0.283
0.283
0.068
2.92
2.92
2.92
0.066
0.106
0.106
0.106
0.106
0.106
0.214
0.214
0.214
0.214
0.214
0.214
0.214
0.214
0.554
0.554
0.554
0.675
0.335
0.335
0.349
0.349
0.349
0.349
0.349
0.349
0.349
0.458
0.458
0.59
0.59
0.59
0.59
0.59
0.59
0.59
0.59
0.59
0.59
0.59
0.59
0.63
0.63
0.97
0.93
0.821
0.821
3.335
3.295
3.295
3.335
3.335
0.696
0.696
0.696
0.696
0.696
0.548
0.608
0.548
0.548
0.548
0.608
0.608
0.608
0.608
0.608
0.608
0.608
3.462
3.462
3.462
3.488
3.488
3.273
3.273
3.273
3.273
5.198
5.198
5.184
3.368
3.368
3.368
0.514
0.514
0.854
0.854
0.854
0.844
0.557
0.557
0.557
0.557
0.557
3.411
3.411
