0.165
0.165
0.35
0.35
0.35
0.35
0.514
0.514
0.504
0.504
0.221
0.221
0.221
0.221
0.221
0.221
0.221
0.221
0.221
0.221
0.221
0.221
0.221
0.221
0.221
0.221
0.221
0.221
0.057
0.057
0.057
0.057
0.057
0.057
0.057
0.057
0.25
0.25
0.26
0.26
0.26
0.26
0.26
0.26
0.26
0.26
0.26
0.26
0.26
0.26
0.067
0.067
0.067
0.067
0.067
0.067
0.067
0.067
0.067
0.067
0.067
0.067
0.067
0.067
0.067
0.067
0.067
0.067
0.067
0.067
0.067
0.067
0.067
0.067
0.067
0.067
0.067
0.067
0.067
0.231
0.231
0.231
0.231
0.231
0.231
0.231
0.231
0.231
0.231
0.231
0.231
0.231
0.231
0.231
0.231
0.231
0.231
0.327
0.327
0.327
0.327
0.163
0.163
0.163
0.163
0.163
0.163
0.163
0.163
0.163
0.163
0.163
0.163
0.163
0.356
0.26
0.26
0.26
0.26
0.26
0.26
0.26
0.26
0.26
0.26
0.26
0.26
0.26
0.067
0.067
0.067
0.067
0.067
0.067
0.067
0.067
0.067
0.067
0.067
0.067
0.067
0.067
0.067
0.067
0.067
0.067
0.067
0.067
0.067
0.067
0.067
0.163
0.163
0.163
0.163
0.163
0.163
0.163
0.163
0.163
0.163
0.163
0.327
0.327
0.327
0.327
0.327
0.327
0.327
0.231
0.231
0.231
0.231
0.231
0.231
0.231
0.231
0.231
0.231
0.231
0.231
0.231
0.231
0.231
0.067
0.067
0.067
0.26
0.26
0.26
0.26
0.26
0.26
0.26
0.26
0.26
0.26
0.26
0.26
0.26
0.26
0.067
0.067
0.067
0.067
0.067
0.163
0.163
0.163
0.163
0.163
0.163
0.163
0.163
0.163
0.163
0.163
0.163
0.163
0.163
0.163
0.163
0.163
0.163
0.067
0.067
0.067
0.067
0.067
0.067
0.067
0.067
0.067
0.067
0.067
0.067
0.067
0.067
0.067
0.067
0.067
0.067
0.067
0.231
0.231
0.231
0.231
0.231
0.231
0.231
0.231
0.231
0.231
0.231
0.231
0.231
0.231
0.231
0.231
0.231
0.231
0.231
0.231
0.231
0.231
0.067
0.067
0.067
0.067
0.067
0.067
0.067
0.067
0.067
0.067
0.067
0.067
0.067
0.26
0.26
0.26
0.26
0.26
0.26
0.26
0.26
0.26
0.26
0.26
0.26
0.26
0.26
0.067
0.067
0.067
0.163
0.163
0.163
0.163
0.163
0.163
0.163
0.163
0.163
0.163
0.163
0.163
0.163
0.163
0.163
0.163
0.163
0.163
0.067
0.231
0.231
0.231
0.231
0.231
0.231
0.231
0.231
0.231
0.231
0.231
0.231
0.231
0.231
0.231
0.231
0.231
0.231
0.231
0.231
0.231
0.231
0.067
0.067
0.067
0.067
0.067
0.067
0.067
0.067
0.067
0.067
0.067
0.067
0.067
0.067
0.067
0.067
0.067
0.067
0.067
0.067
0.26
0.26
0.26
0.26
0.26
0.26
0.26
0.26
0.26
0.26
0.26
0.26
0.26
0.26
0.067
0.067
0.067
0.067
0.067
0.067
0.067
0.067
0.067
0.067
0.067
0.067
0.067
0.067
0.163
0.163
0.163
0.163
0.327
0.327
0.327
0.327
0.327
0.327
0.327
0.327
0.327
0.327
0.327
0.327
0.327
0.327
0.231
0.231
0.231
0.231
0.231
0.231
0.231
0.231
0.067
0.067
0.067
0.067
0.067
0.067
0.067
0.067
0.067
0.067
0.067
0.067
0.067
0.067
0.067
0.067
0.067
0.26
0.26
0.26
0.26
0.26
0.26
0.26
0.26
0.26
0.26
0.26
0.26
0.26
0.26
0.067
0.067
0.067
0.067
0.067
0.067
0.067
0.067
0.067
0.065
0.065
0.065
0.065
0.165
0.165
0.165
0.379
0.379
0.379
0.379
0.54
0.54
0.54
0.56
0.56
0.56
0.475
0.475
0.535
0.475
0.575
0.575
0.575
0.475
0.475
0.495
0.475
0.475
0.215
0.235
0.235
0.235
0.235
0.235
0.235
0.235
0.235
0.235
0.235
0.235
0.235
0.235
0.235
0.235
0.235
0.235
0.235
0.215
0.215
0.215
0.227
0.215
0.165
0.165
0.165
0.23
0.23
0.23
0.33
0.067
0.067
0.067
0.067
0.067
0.067
0.067
0.067
0.067
0.067
0.067
0.067
0.067
0.067
0.424
0.424
0.424
0.424
0.424
0.424
0.424
0.424
0.424
0.424
0.424
0.52
0.52
0.52
0.327
0.327
0.327
0.327
0.327
0.327
0.327
0.327
0.163
0.163
0.163
0.163
0.163
0.163
0.163
0.067
0.067
0.067
0.067
0.067
0.067
0.067
0.067
0.067
0.067
0.067
0.067
0.067
0.067
0.067
0.067
0.067
0.067
0.067
0.067
0.067
0.067
0.067
0.067
0.067
0.067
0.067
0.067
0.067
0.067
0.067
0.067
0.067
0.067
0.067
0.067
0.067
0.067
0.067
0.067
0.067
0.067
0.067
0.067
0.067
0.067
0.067
0.067
0.067
0.067
0.067
0.067
0.067
0.067
0.067
0.067
0.067
0.163
0.163
0.327
0.327
0.52
0.52
0.52
0.52
0.52
0.52
0.52
0.52
0.52
0.52
0.52
0.52
0.52
0.52
0.231
0.231
0.231
0.231
0.231
0.231
0.067
0.067
0.067
0.067
0.067
0.067
0.067
0.067
0.067
0.067
0.067
0.067
0.067
0.067
0.067
0.067
0.067
0.067
0.067
0.067
0.067
0.067
0.067
0.067
0.067
0.067
0.067
0.067
0.067
0.067
0.067
0.067
0.067
0.067
0.067
0.067
0.067
0.163
0.163
0.163
0.163
0.163
0.163
0.163
0.163
0.163
0.163
0.163
0.163
0.163
0.163
0.163
0.163
0.163
0.163
0.067
0.067
0.067
0.067
0.067
0.067
0.067
0.067
0.231
0.231
0.231
0.231
0.231
0.231
0.231
0.231
0.231
0.231
0.424
0.424
0.424
0.433
0.433
0.433
0.433
0.433
0.433
0.433
0.493
0.493
0.329
0.329
0.136
2.226
2.226
2.226
0.136
0.136
0.136
0.136
0.136
0.136
0.136
0.167
0.167
0.167
0.167
0.167
0.167
0.167
2.257
2.257
2.257
0.167
0.167
2.257
2.257
2.257
0.167
0.167
0.167
0.167
0.167
0.167
0.107
0.107
0.107
0.107
0.107
0.107
0.107
0.179
0.179
0.179
0.179
0.179
0.179
0.179
0.179
2.162
2.162
2.151
2.151
2.151
2.151
2.151
2.151
2.151
2.151
2.151
2.151
2.151
2.151
2.247
2.247
2.247
2.247
2.247
2.247
2.44
0.457
0.457
0.457
0.457
0.457
0.457
0.457
0.457
0.457
0.457
0.557
0.461
0.361
0.168
0.168
0.332
0.301
0.301
0.301
0.301
0.301
0.301
0.301
0.301
0.301
0.301
0.301
0.301
0.301
0.301
0.301
0.301
0.301
0.301
0.301
0.301
0.301
0.137
0.137
0.137
0.137
0.137
0.137
0.137
0.137
0.137
0.137
0.137
0.137
0.137
0.137
0.137
0.233
0.233
0.233
0.233
0.233
0.233
0.333
0.408
0.408
0.333
0.333
0.41
0.41
0.233
0.273
0.293
0.293
0.293
0.39
0.397
0.397
0.397
0.397
0.397
0.574
0.574
0.457
1.75
1.75
1.75
1.75
1.75
1.557
1.517
1.517
1.517
1.621
1.798
1.798
1.621
1.621
1.621
1.621
1.621
1.621
1.621
1.621
1.621
1.621
0.303
0.48
0.48
0.798
0.798
0.798
0.798
0.798
0.231
0.163
0.163
0.163
0.163
0.163
0.163
0.163
0.163
0.163
0.163
0.163
0.163
0.163
0.163
0.163
0.163
0.163
0.163
0.067
0.067
0.067
0.067
0.067
0.067
0.067
0.067
0.067
0.067
0.067
0.067
0.067
0.067
0.067
0.067
0.067
0.067
0.067
0.067
0.067
0.067
0.067
0.067
0.067
0.067
0.067
0.067
0.26
0.26
0.26
0.26
0.424
0.424
0.424
0.424
0.424
0.424
0.424
0.424
0.424
0.424
0.231
0.231
0.231
0.231
0.231
0.231
0.231
0.231
0.231
0.231
0.231
0.231
0.067
0.067
0.067
0.067
0.067
0.067
0.067
0.067
0.067
0.067
0.067
0.067
0.067
0.067
0.067
0.067
0.067
0.067
0.067
0.067
0.067
0.067
0.067
0.067
0.067
0.067
0.067
0.067
0.067
0.163
0.163
0.163
0.163
0.163
0.163
0.163
0.163
0.163
0.163
0.163
0.163
0.163
0.163
0.163
0.163
0.163
0.163
0.067
0.067
1.365
1.365
1.549
1.549
1.549
1.549
1.609
1.609
0.316
0.316
0.316
0.435
0.375
0.375
0.475
0.475
0.475
0.475
0.495
0.495
0.495
0.53
0.59
0.49
0.326
0.326
0.326
0.326
0.326
0.326
0.067
0.067
0.067
0.067
0.067
0.067
0.163
0.163
0.163
0.163
0.163
0.163
0.356
0.356
0.356
0.356
0.356
0.356
0.356
0.356
0.356
0.356
0.356
0.356
0.26
0.26
0.067
0.067
0.067
0.067
0.067
0.067
0.067
0.067
0.067
0.067
0.067
0.067
0.067
0.067
0.067
0.067
0.067
0.067
0.067
0.067
0.067
0.067
0.067
0.067
0.067
0.067
0.067
0.067
0.067
0.067
0.067
0.067
0.067
0.067
0.067
0.067
0.067
0.231
0.231
0.231
0.231
0.231
0.231
0.231
0.231
0.231
0.231
0.231
0.231
0.231
0.231
0.231
0.231
0.231
0.375
0.375
0.668
0.628
0.688
0.524
0.524
0.464
0.499
0.36
0.26
0.26
0.26
0.26
0.26
0.26
0.067
0.067
0.067
0.163
0.163
0.163
0.163
0.163
0.163
0.163
0.163
0.163
0.163
0.163
0.163
0.163
0.163
0.163
0.163
0.163
0.163
0.067
0.067
0.067
0.067
0.067
0.067
0.067
0.067
0.067
0.067
0.067
0.067
0.067
0.067
0.067
0.067
0.067
0.067
0.067
0.067
0.067
0.067
0.067
0.067
0.067
0.067
0.067
0.067
0.067
0.067
0.067
0.067
0.231
0.231
0.231
0.231
0.327
0.327
0.327
0.327
0.327
0.327
0.327
0.327
0.327
0.327
0.52
0.52
0.52
0.52
0.52
0.52
0.52
0.52
0.26
0.26
0.26
0.26
0.26
0.26
0.067
0.067
0.067
0.067
0.067
0.067
0.067
0.067
0.067
0.067
0.067
0.067
0.067
0.067
0.067
0.067
0.067
0.067
0.067
0.067
0.067
0.067
0.067
0.067
0.067
0.067
0.067
0.067
0.067
0.067
0.067
0.067
0.067
0.067
0.067
0.067
0.067
0.067
0.067
0.067
0.231
0.231
0.231
0.231
0.231
0.231
0.231
0.231
0.231
0.231
0.231
0.231
0.231
0.231
0.327
0.327
0.327
0.327
0.327
0.52
0.52
0.52
0.356
0.356
0.356
0.356
0.356
0.356
0.356
0.356
0.356
0.356
0.26
0.067
0.067
0.067
0.067
0.067
0.067
0.067
0.067
0.067
0.067
0.067
0.067
0.067
0.067
0.067
0.067
0.067
0.067
0.067
0.067
0.067
0.067
0.067
0.067
0.067
0.067
0.067
0.067
0.067
0.067
0.067
0.067
0.067
0.067
0.067
0.067
0.067
0.067
0.067
0.067
0.067
0.067
0.067
0.067
0.067
0.067
0.067
0.067
0.067
0.067
0.231
0.231
0.231
0.231
0.231
0.231
0.231
0.231
0.231
0.231
0.231
0.231
0.231
0.231
0.231
0.424
0.424
0.424
0.424
0.424
0.424
0.424
0.26
0.26
0.26
0.26
0.356
0.356
0.356
0.163
0.163
0.163
0.163
0.163
0.163
0.163
0.163
0.163
0.163
0.163
0.163
0.163
0.163
0.163
0.067
0.067
0.067
0.067
0.067
0.067
0.067
0.067
0.067
0.067
0.067
0.067
0.067
0.067
0.067
0.067
0.067
0.067
0.067
0.067
0.067
0.067
0.067
0.067
0.231
0.231
0.231
0.231
0.231
0.231
0.231
0.231
0.231
0.231
0.231
0.231
0.231
0.231
0.231
0.231
0.231
0.327
0.327
0.327
0.327
0.327
