0.056
0.056
0.056
0.056
0.056
0.056
0.056
0.056
0.056
0.056
0.056
0.056
0.056
0.056
0.056
0.066
0.066
0.066
0.066
0.066
0.066
0.066
0.066
0.066
0.066
0.066
0.066
0.066
0.066
0.066
0.066
0.066
0.066
0.066
0.066
0.066
0.066
0.066
0.066
0.066
0.066
0.066
0.066
0.066
0.066
0.066
0.066
0.066
0.066
0.066
0.066
0.066
0.066
0.066
0.066
0.066
0.066
0.066
0.066
0.066
0.066
0.066
0.066
0.066
0.066
0.066
0.066
0.066
0.066
0.066
0.066
0.066
0.066
0.066
0.066
0.066
0.066
0.066
0.066
0.066
0.066
0.066
0.066
0.066
0.066
0.066
0.066
0.066
0.066
0.066
0.066
0.066
0.066
0.066
0.066
0.066
0.066
0.066
0.066
0.066
0.066
0.066
0.066
0.066
0.066
0.066
0.066
0.066
0.066
0.066
0.066
0.066
0.066
0.066
0.066
0.066
0.066
0.066
0.066
0.066
0.066
0.066
0.066
0.066
0.066
0.066
0.066
0.066
0.066
0.066
0.066
0.066
0.066
0.066
0.066
0.066
0.066
0.066
0.066
0.066
0.066
0.066
0.066
0.066
0.066
0.066
0.066
0.066
0.066
0.066
0.066
0.066
0.066
0.066
0.066
0.066
0.066
0.066
0.066
0.066
0.066
0.066
0.066
0.066
0.066
0.066
0.066
0.066
0.066
0.066
0.066
0.066
0.066
0.066
0.066
0.066
0.066
0.066
0.066
0.066
0.066
0.066
0.066
0.066
0.066
0.066
0.066
0.066
0.066
0.066
0.066
0.066
0.066
0.066
0.066
0.066
0.066
0.066
0.066
0.066
0.066
0.066
0.066
0.066
0.066
0.066
0.066
0.066
0.066
0.066
0.066
0.066
0.066
0.066
0.066
0.066
0.066
0.066
0.066
0.066
0.066
0.066
0.066
0.066
0.066
0.066
0.066
0.066
0.066
0.066
0.066
0.066
0.066
0.066
0.066
0.066
0.066
0.066
0.066
0.066
0.066
0.066
0.066
0.066
0.066
0.066
0.066
0.066
0.066
0.066
0.066
0.066
0.066
0.066
0.066
0.066
0.066
0.066
0.066
0.066
0.066
0.066
0.066
0.066
0.066
0.066
0.066
0.066
0.066
0.066
0.066
0.066
0.066
0.066
0.066
0.066
0.066
0.066
0.066
0.066
0.066
0.066
0.066
0.066
0.066
0.066
0.066
0.066
0.066
0.066
0.066
0.066
0.066
0.066
0.066
0.066
0.066
0.066
0.066
0.066
0.066
0.066
0.066
0.066
0.066
0.066
0.066
0.066
0.066
0.066
0.066
0.066
0.066
0.066
0.066
0.066
0.066
0.066
0.066
0.066
0.066
0.066
0.066
0.066
0.066
0.066
0.066
0.066
0.066
0.066
0.066
0.066
0.066
0.066
0.066
0.066
0.066
0.066
0.066
0.066
0.066
0.066
0.066
0.066
0.066
0.066
0.066
0.066
0.066
0.066
0.066
0.066
0.066
0.066
0.066
0.066
0.066
0.066
0.066
0.066
0.066
0.066
0.066
0.066
0.066
0.066
0.066
0.066
0.066
0.066
0.066
0.066
0.066
0.066
0.066
0.066
0.066
0.066
0.066
0.066
0.066
0.066
0.066
0.066
0.066
0.066
0.066
0.066
0.066
0.066
0.066
0.066
0.066
0.066
0.066
0.066
0.066
0.066
0.066
0.066
0.066
0.066
0.066
0.066
0.066
0.066
0.066
0.066
0.066
0.066
0.066
0.066
0.066
0.066
0.066
0.066
0.066
0.066
0.066
0.066
0.064
0.064
0.064
0.064
0.064
0.064
0.064
0.064
0.064
0.164
0.164
0.164
0.164
0.164
0.176
0.176
0.236
0.236
0.236
0.236
0.066
0.066
0.066
0.066
0.066
0.066
0.066
0.066
0.066
0.066
0.124
0.124
0.124
0.124
0.124
0.124
0.124
0.124
0.164
0.164
0.224
0.224
0.224
0.224
0.244
0.244
0.244
0.361
0.388
0.448
0.448
0.388
0.388
0.328
0.497
0.428
0.428
0.428
0.428
0.428
0.497
0.497
0.497
0.497
0.497
0.497
0.497
0.497
0.497
0.497
0.497
0.497
0.557
0.617
0.677
0.677
0.677
0.56
0.56
0.56
0.61
0.65
0.65
0.65
0.581
0.521
0.521
0.521
0.521
0.521
0.494
0.494
0.494
0.494
0.454
0.514
0.514
0.514
0.514
0.514
0.514
0.514
0.354
0.454
0.454
0.454
0.454
0.454
0.454
0.454
0.454
0.454
0.354
0.354
0.354
0.354
0.354
0.354
0.354
0.354
0.354
0.354
0.354
0.354
0.354
0.354
0.354
0.354
0.354
0.354
0.354
0.354
0.354
0.354
0.354
0.354
0.354
0.354
0.354
0.354
0.354
0.354
0.354
0.354
0.354
0.354
0.354
0.354
0.354
0.354
0.354
0.354
0.354
0.354
0.354
0.354
0.354
0.354
0.354
0.294
0.294
0.294
0.294
0.234
0.234
0.234
0.234
0.234
0.234
0.234
0.234
0.234
0.234
0.234
0.234
0.234
0.234
0.234
0.234
0.234
0.234
0.234
0.234
0.234
0.247
0.247
0.247
0.247
0.247
0.247
0.247
0.247
0.247
0.247
0.247
2.497
2.497
2.497
0.247
0.247
0.247
0.247
0.247
0.319
0.319
0.319
0.319
0.319
0.319
0.319
0.319
2.302
2.302
2.302
2.302
2.302
2.302
2.302
2.302
2.302
2.302
2.302
2.302
2.302
2.302
2.302
2.302
2.302
2.302
2.302
2.302
2.302
0.319
0.319
0.319
0.319
0.319
0.319
0.319
0.319
0.319
0.319
0.319
0.319
0.319
0.319
0.319
0.319
0.319
0.319
0.319
0.319
0.319
0.319
0.319
0.319
0.319
0.34
0.34
0.34
0.34
0.34
0.34
0.34
0.34
0.34
0.34
0.34
0.34
0.34
0.34
0.34
0.34
0.34
0.34
0.34
0.34
0.34
0.34
0.34
0.34
0.34
0.34
0.34
0.34
0.34
0.34
0.475
0.475
0.415
0.415
0.415
0.415
0.415
0.415
0.592
0.592
0.415
0.415
0.428
0.428
0.428
0.428
0.428
0.428
0.428
0.428
0.428
0.605
0.605
0.428
0.428
0.428
0.428
0.428
0.428
0.428
0.428
0.428
0.428
0.428
0.605
0.605
0.428
0.428
0.428
0.428
0.428
0.428
0.428
0.394
0.394
0.394
0.334
0.511
0.511
0.829
0.779
0.779
0.779
0.779
0.212
0.212
0.212
0.212
0.212
0.212
0.212
0.212
0.212
0.212
0.212
0.212
0.212
0.212
0.212
0.212
0.212
0.212
0.212
0.212
0.212
0.212
0.212
0.212
0.212
0.212
0.212
0.212
0.212
0.212
0.212
0.199
0.199
0.199
0.199
0.199
0.199
0.199
0.199
0.233
0.233
0.233
0.246
0.246
0.259
0.259
0.259
0.259
0.259
0.259
0.259
0.259
0.259
0.259
0.259
0.259
0.259
0.259
0.259
0.259
0.259
2.509
2.509
2.509
0.259
0.259
0.259
0.259
0.259
0.259
0.259
0.259
0.259
0.259
0.259
0.259
0.259
0.259
0.259
0.259
0.259
0.259
0.259
0.259
0.259
0.259
0.259
0.259
0.259
0.259
0.271
0.271
0.271
1.275
1.315
1.315
0.371
0.371
0.371
0.431
0.431
0.458
0.358
0.358
0.358
0.418
0.418
0.418
0.418
0.418
0.418
0.418
0.384
0.384
0.384
0.384
0.384
0.371
0.371
0.371
0.371
0.371
0.371
0.371
0.371
0.531
0.531
0.531
0.631
0.631
0.631
0.631
0.631
0.631
0.631
0.631
0.524
0.524
0.524
0.524
0.524
0.524
0.524
0.524
0.524
0.524
0.524
0.524
0.524
0.524
0.524
0.524
0.524
0.539
0.539
0.599
0.599
0.659
0.659
0.499
0.499
0.499
0.559
0.559
0.599
0.599
0.599
0.599
0.599
0.599
0.599
0.659
0.659
0.659
0.699
0.699
0.699
0.659
0.659
0.659
0.599
0.599
0.599
0.599
0.599
0.599
0.599
0.599
0.599
0.599
0.599
0.599
0.599
0.599
0.599
0.599
0.586
0.586
0.586
0.586
0.586
0.586
0.586
0.655
0.655
0.586
0.586
0.586
0.586
0.586
0.586
0.586
0.546
0.546
0.606
0.606
0.546
0.586
0.586
0.586
0.659
0.659
0.659
0.659
0.659
0.599
0.599
0.599
0.599
0.599
0.599
0.599
0.599
0.599
0.599
0.599
0.599
0.599
0.599
0.539
0.499
0.559
0.499
0.559
0.559
0.559
0.364
0.364
0.364
0.364
0.364
0.264
0.264
0.204
0.204
0.204
0.204
0.204
0.204
0.204
0.204
0.204
0.204
0.204
0.204
0.204
0.217
0.217
0.217
0.217
0.217
0.217
0.217
0.217
0.267
0.267
0.267
0.267
0.327
0.327
0.444
0.504
0.504
0.564
0.504
0.504
0.504
0.504
0.504
0.624
0.624
0.464
0.464
0.464
0.464
0.464
0.524
0.584
0.524
1.517
1.467
1.467
1.467
1.467
1.467
1.467
1.467
1.467
1.407
1.407
1.407
1.347
1.347
1.347
1.347
1.287
1.287
1.287
1.287
1.287
1.287
1.422
1.422
1.422
1.422
1.422
1.469
1.482
1.422
1.422
1.422
1.422
1.422
1.422
1.422
1.422
1.422
1.305
1.305
1.305
1.305
1.305
1.365
1.365
1.365
1.365
1.365
1.399
1.399
1.459
1.459
1.459
1.459
1.459
1.509
1.509
1.509
1.509
1.509
0.576
0.576
0.576
0.516
0.516
0.516
0.516
0.516
0.516
0.516
0.585
0.585
0.645
0.526
0.526
0.526
0.526
0.539
0.539
0.539
0.539
0.599
0.599
0.599
0.599
0.599
0.639
0.639
0.626
0.626
0.626
0.626
0.786
0.846
0.846
0.846
0.846
0.846
0.846
0.846
0.846
0.846
0.846
0.846
0.786
0.786
0.746
0.746
0.746
0.806
0.806
0.806
0.806
0.766
0.706
0.706
0.706
0.706
0.706
0.706
0.706
0.732
0.732
0.672
0.672
0.672
0.672
0.612
0.612
0.652
0.652
0.652
0.652
0.652
0.652
0.652
0.652
0.652
0.492
0.492
0.492
0.492
0.492
0.609
0.609
0.609
0.609
0.609
0.609
2.859
2.846
2.858
0.621
0.681
0.669
0.552
0.492
0.492
0.492
0.492
0.72
0.72
0.72
0.72
0.72
0.72
0.72
0.72
0.72
0.72
0.747
0.747
0.747
0.807
0.747
0.847
0.847
0.847
0.82
0.82
0.82
0.76
0.76
0.76
0.76
0.76
0.794
0.794
0.794
0.834
0.834
0.834
0.834
0.834
0.834
0.834
10.501
10.501
10.501
0.834
0.874
0.874
0.874
0.874
0.834
0.834
0.717
0.717
0.717
0.777
0.777
0.617
0.564
0.564
0.564
0.624
0.564
0.564
0.564
0.664
0.664
0.664
0.544
0.444
0.444
0.444
0.471
0.471
0.471
0.471
0.471
0.471
0.444
0.457
0.457
0.457
0.457
0.574
0.574
0.574
0.574
0.574
0.534
0.534
0.534
0.594
0.654
0.654
0.654
0.714
0.066
0.066
0.066
0.066
0.066
0.066
0.066
0.066
0.066
0.066
0.066
0.066
0.066
0.066
0.066
0.066
0.066
0.066
0.066
0.066
0.066
0.066
0.066
0.066
0.066
0.066
0.066
0.066
0.066
0.066
0.066
0.066
0.066
0.066
0.066
0.066
0.066
0.066
0.066
0.066
0.066
0.066
0.066
0.066
0.066
0.066
0.066
0.066
0.066
0.066
0.066
0.066
0.066
0.066
0.066
0.066
0.066
0.066
0.066
0.066
0.066
0.066
0.066
0.066
0.066
0.066
0.066
0.066
0.066
0.066
0.066
0.066
0.066
0.066
0.066
0.066
0.066
0.066
0.066
0.066
0.066
0.066
0.066
0.066
0.066
0.066
0.066
0.066
0.066
0.066
0.066
0.066
0.066
0.066
0.066
0.066
0.066
0.066
0.066
0.066
0.066
0.066
0.066
0.066
0.066
0.066
0.066
0.066
0.066
0.066
0.066
0.066
0.066
0.066
0.066
0.056
0.056
0.056
0.056
0.056
0.056
0.056
0.056
0.056
0.056
0.056
0.056
0.056
0.056
0.056
