0.059
0.059
0.059
0.059
0.059
0.059
0.059
0.209
0.299
0.299
0.061
0.061
0.061
0.061
0.061
0.061
0.061
0.061
0.071
0.071
0.071
0.071
0.071
0.071
0.071
0.071
0.071
0.071
0.071
0.071
0.071
0.071
0.071
0.071
0.071
0.071
0.071
0.071
0.071
0.071
0.071
0.071
0.071
0.071
0.071
0.071
0.071
0.071
0.071
0.071
0.071
0.239
0.239
0.239
0.239
0.239
0.239
0.239
0.239
0.239
0.239
0.239
0.239
0.239
0.239
0.239
0.239
0.239
0.239
0.239
0.239
0.239
0.239
0.071
0.071
0.071
0.071
0.071
0.071
0.071
0.071
0.071
0.071
0.071
0.071
0.071
0.071
0.071
0.071
0.071
0.071
0.071
0.071
0.071
0.071
0.071
0.071
0.071
0.071
0.071
0.071
0.071
0.071
0.071
0.071
0.071
0.071
0.071
0.071
0.071
0.071
0.071
0.071
0.071
0.071
0.071
0.071
0.071
0.071
0.071
0.071
0.071
0.071
0.071
0.071
0.071
0.071
0.071
0.071
0.071
0.069
0.069
0.081
0.069
0.069
0.119
0.309
0.269
0.269
0.269
0.071
0.239
0.239
0.239
0.239
0.239
0.239
0.239
0.239
0.239
0.239
0.239
0.239
0.239
0.239
0.239
0.239
0.239
0.239
0.239
0.239
0.239
0.239
0.071
0.071
0.071
0.071
0.071
0.071
0.071
0.071
0.071
0.071
0.071
0.071
0.071
0.071
0.071
0.071
0.071
0.071
0.071
0.071
0.071
0.071
0.071
0.071
0.071
0.071
0.071
0.071
0.071
0.071
0.071
0.071
0.071
0.071
0.071
0.071
0.071
0.071
0.071
0.071
0.071
0.071
0.071
0.071
0.071
0.071
0.071
0.071
0.071
0.071
0.071
0.071
0.071
0.239
0.239
0.239
0.239
0.239
0.239
0.239
0.239
0.239
0.239
0.239
0.239
0.239
0.239
0.239
0.239
0.239
0.239
0.239
0.239
0.239
0.239
0.071
0.071
0.071
0.071
0.071
0.071
0.071
0.071
0.071
0.071
0.071
0.071
0.071
0.071
0.071
0.071
0.071
0.071
0.071
0.071
0.071
0.071
0.071
0.071
0.071
0.071
0.071
0.071
0.071
0.071
0.071
0.071
0.071
0.071
0.071
0.071
0.071
0.071
0.071
0.071
0.071
0.071
0.071
0.071
0.071
0.071
0.239
0.239
0.239
0.239
0.239
0.239
0.239
0.239
0.239
0.239
0.239
0.239
0.239
0.239
0.239
0.239
0.239
0.239
0.239
0.239
0.239
0.239
0.071
0.071
0.071
0.071
0.071
0.071
0.071
0.071
0.071
0.071
0.071
0.071
0.071
0.071
0.071
0.071
0.071
0.071
0.071
0.071
0.071
0.071
0.071
0.071
0.071
0.071
0.071
0.071
0.071
0.071
0.071
0.071
0.071
0.071
0.071
0.071
0.071
0.071
0.071
0.071
0.071
0.071
0.071
0.071
0.071
0.071
0.071
0.071
0.071
0.071
0.071
0.071
0.071
0.071
0.071
0.071
0.071
0.071
0.071
0.071
0.071
0.071
0.071
0.239
0.239
0.239
0.239
0.239
0.239
0.239
0.239
0.239
0.239
0.239
0.239
0.239
0.239
0.239
0.239
0.239
0.239
0.239
0.239
0.239
0.239
0.071
0.071
0.071
0.071
0.071
0.071
0.071
0.071
0.071
0.071
0.071
0.071
0.071
0.071
0.071
0.071
0.071
0.071
0.071
0.071
0.071
0.071
0.071
0.071
0.071
0.071
0.071
0.071
0.071
0.069
0.069
0.069
0.069
0.081
0.081
0.141
0.141
0.179
0.179
0.179
0.179
0.179
0.199
0.199
0.199
0.199
0.289
0.289
0.289
0.229
0.241
0.341
0.497
0.457
0.367
0.367
0.367
0.367
0.367
0.367
0.367
0.407
0.507
0.507
0.507
0.507
0.507
0.507
0.507
0.507
0.507
0.507
2.505
2.485
2.317
0.319
0.319
0.319
0.319
0.319
0.319
0.319
0.319
0.219
0.219
0.219
0.219
0.219
0.219
0.219
0.219
0.219
0.219
0.219
0.279
0.219
0.219
0.369
0.369
0.369
0.369
0.369
0.369
0.369
0.369
0.369
0.369
0.369
0.369
0.369
0.369
0.369
0.369
0.369
0.369
0.369
0.369
0.369
0.369
0.369
0.369
0.369
0.369
0.369
0.602
0.602
0.642
0.692
0.692
0.692
0.692
0.692
0.692
0.692
0.692
0.692
0.692
0.692
0.752
0.752
0.692
0.692
0.692
0.542
0.542
0.542
0.374
0.374
0.374
0.374
0.374
0.374
0.374
0.374
0.374
0.374
0.374
0.374
2.372
2.372
2.372
0.374
0.374
0.374
0.374
0.374
0.374
0.374
0.374
0.374
0.374
0.374
0.374
0.332
0.332
0.332
0.332
0.332
0.372
0.372
0.372
0.372
0.372
0.372
0.372
0.372
0.332
0.332
0.332
0.392
0.392
0.392
0.56
0.56
0.56
0.56
0.56
0.56
0.56
0.56
0.56
0.56
0.56
0.56
0.56
0.56
0.56
0.56
0.673
0.673
0.673
0.673
0.673
0.673
0.505
0.505
0.505
0.505
0.415
0.355
0.355
0.355
0.355
0.355
0.355
0.355
0.355
0.355
0.355
0.355
0.355
0.355
0.355
0.347
0.355
0.355
0.355
0.355
0.355
0.355
0.355
0.355
0.355
0.355
0.355
0.355
0.363
0.363
0.363
0.363
0.363
0.363
0.363
0.363
0.363
0.363
0.363
0.363
0.363
0.071
0.071
0.071
0.071
0.071
0.071
0.071
0.071
0.071
0.071
0.198
0.198
0.198
0.198
0.198
0.198
0.198
1.963
1.963
1.963
1.963
1.963
1.963
1.963
1.963
1.963
1.963
1.963
1.963
1.963
1.963
1.963
2.131
2.131
2.131
2.131
2.131
0.366
0.366
0.438
0.438
0.438
0.438
0.438
0.438
0.43
0.43
2.413
2.413
2.413
2.413
2.413
2.413
2.413
2.245
2.245
2.245
2.245
2.245
2.245
2.245
2.245
2.245
2.245
2.245
2.245
2.245
2.245
0.262
0.262
0.254
0.254
0.254
0.254
0.254
0.254
0.254
0.254
0.254
0.254
0.254
0.254
0.254
0.254
0.254
0.254
0.254
0.254
0.254
0.254
0.254
0.254
1.255
1.255
1.255
1.255
1.255
1.255
1.368
1.368
1.368
1.368
1.368
1.368
1.536
1.536
1.536
1.536
1.536
9.653
9.54
9.54
1.423
1.423
1.423
1.423
1.423
1.423
1.423
1.423
1.423
1.423
0.422
0.422
0.422
0.422
0.254
0.254
0.254
0.254
0.143
0.32
0.32
0.143
0.143
0.143
0.143
0.143
0.143
0.143
0.143
0.143
0.143
0.143
0.32
0.32
0.143
0.143
0.143
0.143
0.143
0.143
0.143
0.143
0.143
0.143
0.143
0.32
0.32
0.143
0.143
0.143
0.143
0.143
0.143
0.143
0.143
0.143
0.143
0.143
0.32
0.32
0.638
0.638
0.638
0.638
0.638
0.071
0.071
0.071
0.071
0.071
0.071
0.071
0.071
0.071
0.071
0.071
0.071
0.071
0.182
0.182
0.182
0.182
0.182
0.182
0.182
0.182
0.182
0.182
0.182
0.182
0.182
0.332
0.332
0.332
0.332
0.332
0.382
0.382
0.382
0.292
0.304
0.472
0.472
0.472
0.472
0.472
0.472
0.532
0.532
0.544
0.484
0.484
0.484
0.484
0.484
0.484
0.484
0.484
0.597
0.597
0.547
0.547
0.434
0.254
0.254
0.254
0.242
0.242
0.242
0.242
0.242
0.242
0.242
0.242
0.242
0.242
0.242
0.242
0.242
0.242
0.242
0.242
0.302
0.302
0.302
0.362
0.452
0.362
0.362
0.302
0.302
0.302
0.352
0.352
0.302
0.302
0.421
0.421
0.421
0.433
0.445
0.445
0.445
0.595
0.595
0.603
0.603
0.603
0.591
0.591
0.591
0.651
0.651
0.663
0.663
0.663
0.671
0.671
0.671
0.839
0.839
0.839
0.689
0.794
0.794
0.827
0.875
0.875
2.873
2.873
2.873
0.875
0.875
0.875
0.875
0.758
0.758
0.758
0.758
0.698
0.758
0.59
0.59
0.59
0.59
0.735
0.735
0.562
0.562
0.562
0.562
0.562
0.562
0.712
0.602
0.614
0.614
0.614
0.614
0.614
0.614
0.602
0.602
0.715
0.715
0.707
0.707
0.707
0.707
0.707
0.707
0.707
0.707
0.707
0.707
0.757
0.757
0.757
0.757
0.757
0.757
0.757
0.757
0.757
0.757
0.652
0.652
0.652
0.652
0.644
0.644
0.644
0.644
0.584
0.584
0.584
0.584
0.584
0.551
0.551
0.551
0.664
0.664
0.664
0.664
0.832
0.832
0.832
0.832
0.832
0.832
0.832
0.832
0.832
0.832
0.832
0.832
0.832
0.832
0.792
0.673
0.673
0.673
0.733
0.733
0.733
0.733
0.577
0.577
0.565
0.63
0.63
0.63
0.63
0.63
0.63
0.63
0.63
0.63
0.63
0.63
0.63
0.63
0.565
0.565
0.565
0.565
0.625
0.625
0.625
0.625
0.625
0.625
0.625
0.633
0.633
0.633
0.633
0.633
0.633
0.633
0.633
0.633
0.633
0.633
0.633
0.633
0.633
0.633
0.633
0.633
0.633
0.693
0.693
0.861
0.761
0.761
0.761
0.761
0.761
0.761
0.761
0.701
0.588
0.588
0.588
0.588
0.588
0.688
0.7
0.7
0.588
0.6
0.6
0.54
0.54
0.432
0.432
0.432
0.432
0.532
0.532
0.532
0.532
0.472
0.472
0.577
0.577
0.477
0.372
0.392
0.392
0.392
0.392
0.384
0.384
0.384
0.497
0.497
0.437
0.445
0.445
0.445
0.445
0.445
0.445
0.445
0.445
0.445
0.498
0.498
0.498
0.558
0.558
0.498
0.498
0.498
0.767
0.767
0.617
0.617
0.617
0.707
0.707
0.707
0.647
0.815
0.815
0.815
0.795
0.795
0.736
0.736
0.796
0.796
0.796
0.686
0.686
0.626
0.686
0.791
0.791
0.791
0.791
0.791
0.791
0.791
0.791
0.071
0.071
0.071
0.071
0.071
0.071
0.071
0.071
0.071
0.071
0.071
0.071
0.071
0.071
0.071
0.071
0.071
0.071
0.071
0.071
0.071
0.071
0.071
0.071
0.071
0.071
0.071
0.071
0.071
0.071
0.071
0.071
0.071
0.071
0.071
0.071
0.071
0.071
0.071
0.071
0.071
0.071
0.071
0.071
0.071
0.071
0.071
0.071
0.071
0.071
0.071
0.071
0.071
0.071
0.071
0.071
0.071
0.071
0.071
0.071
0.071
0.071
0.071
0.071
0.071
0.071
0.071
0.071
0.071
0.071
0.071
0.071
0.071
0.071
0.071
0.071
0.071
0.071
0.239
0.239
0.239
0.239
0.239
0.239
0.239
0.239
0.239
0.239
0.239
0.239
0.239
0.239
0.239
0.239
0.239
0.239
0.239
0.239
0.239
0.239
0.071
0.071
0.071
0.071
0.071
0.071
0.071
0.071
0.071
0.071
0.071
0.071
0.071
0.071
0.071
0.071
0.071
0.071
0.071
0.071
0.071
0.071
0.071
0.071
0.071
0.071
0.071
0.071
0.071
0.071
0.071
0.071
0.071
0.071
0.071
0.071
0.071
0.071
0.071
0.071
0.071
0.071
0.071
0.071
0.071
0.071
0.071
0.071
0.071
0.071
0.071
0.071
0.071
0.071
0.071
0.071
0.071
0.071
0.071
0.071
0.071
0.071
0.071
0.071
0.071
0.071
0.239
0.239
0.239
0.239
0.239
0.239
0.239
0.239
0.239
0.239
0.239
0.239
0.239
0.239
0.239
0.239
0.239
0.239
0.239
0.239
0.239
0.239
0.071
0.071
0.071
0.071
0.071
0.071
0.071
0.071
0.071
0.071
0.071
0.071
0.071
0.071
0.071
0.071
0.071
0.071
0.071
0.071
0.071
0.071
0.071
0.071
0.071
0.071
0.071
0.071
0.071
0.071
0.071
0.071
0.071
0.071
0.071
0.071
0.071
0.071
0.071
0.071
0.071
0.071
0.071
0.071
0.071
0.071
0.071
0.071
0.071
0.071
0.061
0.061
0.229
0.229
0.229
0.229
0.229
0.229
0.229
0.229
0.229
0.229
