0.06
0.06
0.06
0.06
0.21
0.21
0.31
0.42
0.42
0.42
0.38
0.38
0.38
0.392
0.392
0.507
0.447
0.447
0.457
0.457
0.457
0.467
0.467
0.467
0.467
0.467
0.527
0.467
0.467
0.412
0.407
0.352
0.252
0.262
0.262
0.362
0.362
0.302
0.404
0.404
0.174
0.174
0.174
0.174
0.174
0.174
0.174
0.174
0.174
0.174
0.174
0.174
0.174
0.174
0.174
0.174
0.072
0.072
0.072
0.072
0.072
0.072
0.072
0.072
0.072
0.072
0.072
0.288
0.288
0.288
0.288
0.288
0.288
0.288
0.288
0.288
0.288
0.288
0.288
0.288
0.288
0.288
0.288
0.288
0.288
0.288
0.288
0.288
0.288
0.072
0.072
0.072
0.072
0.072
0.072
0.072
0.072
0.072
0.072
0.072
0.174
0.174
0.174
0.174
0.174
0.174
0.174
0.174
0.174
0.174
0.174
0.174
0.174
0.174
0.174
0.174
0.174
0.174
0.072
0.072
0.072
0.072
0.072
0.072
0.072
0.072
0.072
0.072
0.072
0.072
0.072
0.072
0.072
0.072
0.072
0.072
0.072
0.072
0.072
0.072
0.072
0.072
0.072
0.072
0.072
0.072
0.072
0.072
0.072
0.072
0.072
0.072
0.072
0.072
0.072
0.072
0.072
0.288
0.288
0.288
0.288
0.288
0.288
0.288
0.288
0.288
0.288
0.288
0.288
0.288
0.288
0.288
0.288
0.288
0.288
0.288
0.288
0.39
0.39
0.174
0.174
0.174
0.174
0.174
0.174
0.174
0.174
0.174
0.174
0.174
0.174
0.174
0.174
0.174
0.174
0.072
0.072
0.072
0.072
0.072
0.072
0.072
0.072
0.072
0.072
0.072
0.072
0.072
0.072
0.072
0.072
0.072
0.072
0.072
0.072
0.072
0.072
0.072
0.072
0.072
0.072
0.072
0.072
0.072
0.072
0.072
0.072
0.072
0.072
0.072
0.072
0.072
0.072
0.072
0.072
0.072
0.072
0.072
0.072
0.174
0.174
0.174
0.174
0.174
0.174
0.174
0.174
0.174
0.174
0.174
0.174
0.174
0.174
0.174
0.174
0.174
0.174
0.072
0.072
0.072
0.072
0.072
0.072
0.072
0.072
0.072
0.072
0.072
0.072
0.072
0.072
0.072
0.072
0.072
0.072
0.072
0.072
0.072
0.072
0.072
0.072
0.072
0.072
0.072
0.072
0.072
0.072
0.072
0.072
0.072
0.072
0.072
0.072
0.072
0.072
0.072
0.072
0.072
0.072
0.072
0.072
0.072
0.072
0.072
0.288
0.288
0.288
0.288
0.288
0.288
0.288
0.288
0.39
0.39
0.39
0.39
0.39
0.39
0.39
0.39
0.39
0.39
0.39
0.39
0.39
0.39
0.174
0.174
0.174
0.174
0.072
0.072
0.072
0.072
0.072
0.072
0.072
0.072
0.072
0.072
0.072
0.072
0.072
0.072
0.072
0.072
0.072
0.072
0.072
0.072
0.072
0.072
0.072
0.072
0.072
0.072
0.072
0.072
0.072
0.072
0.072
0.072
0.072
0.072
0.072
0.072
0.072
0.072
0.072
0.072
0.072
0.072
0.072
0.072
0.174
0.174
0.174
0.174
0.174
0.174
0.174
0.174
0.174
0.174
0.174
0.174
0.174
0.174
0.174
0.174
0.174
0.174
0.072
0.072
0.072
0.288
0.288
0.288
0.288
0.288
0.288
0.288
0.288
0.288
0.288
0.288
0.288
0.288
0.288
0.288
0.418
0.418
0.418
0.418
0.418
0.493
0.493
0.277
0.277
0.277
0.277
0.289
0.289
0.344
0.332
0.332
0.332
0.332
0.392
0.454
0.514
0.514
0.514
0.514
0.574
0.514
0.464
0.464
0.389
0.389
0.389
0.389
0.389
0.389
0.389
0.401
0.401
0.523
0.563
0.613
0.526
0.581
0.581
0.581
0.421
0.496
0.496
2.805
2.805
2.805
0.484
0.409
0.409
0.625
0.635
0.533
0.533
0.533
0.533
0.545
0.485
0.56
0.45
0.45
0.45
0.395
0.395
0.445
0.445
0.445
0.445
0.495
0.495
0.495
0.495
0.279
0.334
0.334
0.279
0.279
0.279
0.279
0.299
0.224
0.224
0.224
0.224
0.224
0.224
0.224
0.284
0.284
0.224
0.224
0.174
0.174
0.229
0.229
0.217
0.277
0.277
0.277
0.277
0.277
0.222
0.222
0.222
0.222
0.222
0.297
0.297
0.297
0.297
0.162
0.152
0.207
0.207
0.219
0.199
0.199
0.072
0.072
0.072
0.072
0.072
0.072
0.174
0.174
0.174
0.174
0.174
0.174
0.174
0.174
0.174
0.174
0.174
0.174
0.39
0.39
0.39
0.39
0.39
0.39
0.288
0.288
0.288
0.288
0.288
0.288
0.288
0.288
0.288
0.288
0.288
0.288
0.288
0.288
0.288
0.288
0.072
0.072
0.072
0.072
0.072
0.072
0.072
0.072
0.072
0.072
0.072
0.072
0.072
0.072
0.072
0.072
0.072
0.072
0.072
0.072
0.072
0.072
0.072
0.072
0.072
0.072
0.174
0.174
0.174
0.174
0.174
0.174
0.174
0.174
0.174
0.174
0.174
0.174
0.174
0.174
0.174
0.174
0.174
0.174
0.072
0.072
0.072
0.072
0.072
0.072
0.072
0.072
0.072
0.072
0.072
0.072
0.072
0.072
0.072
0.072
0.072
0.072
0.072
0.072
0.072
0.072
0.072
0.072
0.072
0.072
0.072
0.072
0.072
0.072
0.072
0.072
0.288
0.288
0.288
0.288
0.288
0.39
0.39
0.39
0.39
0.39
0.39
0.39
0.39
0.39
0.39
0.39
0.39
0.39
0.39
0.39
0.39
0.39
0.174
0.072
0.072
0.072
0.072
0.072
0.072
0.072
0.072
0.072
0.072
0.072
0.072
0.072
0.072
0.072
0.072
0.072
0.072
0.072
0.072
0.072
0.072
0.072
0.072
0.072
0.072
0.072
0.072
0.072
0.072
0.072
0.072
0.072
0.072
0.072
0.072
0.072
0.072
0.072
0.072
0.072
0.072
0.072
0.072
0.072
0.072
0.288
0.288
0.288
0.288
0.288
0.298
0.298
0.298
0.298
0.298
0.298
0.298
0.298
0.298
0.298
0.298
0.298
0.298
0.298
0.298
0.298
0.298
0.082
0.082
0.082
0.082
0.082
0.082
0.082
0.172
0.172
0.172
0.172
0.172
0.172
0.172
0.172
0.172
0.172
0.172
0.172
0.172
0.172
0.172
0.172
0.172
0.172
0.07
0.07
0.082
0.082
0.082
0.082
0.082
0.082
0.082
0.082
0.082
0.082
0.082
0.082
0.082
0.082
0.082
0.082
0.082
0.082
0.082
0.082
0.082
0.082
0.082
0.082
0.082
0.082
0.082
0.298
0.298
0.298
0.298
0.298
0.298
0.298
0.298
0.298
0.298
0.298
0.298
0.298
0.298
0.298
0.298
0.298
0.298
0.298
0.298
0.298
0.298
0.082
0.082
0.082
0.082
0.082
0.082
0.082
0.082
0.184
0.184
0.184
0.184
2.505
2.505
2.505
0.184
0.184
0.184
0.184
0.184
0.184
0.184
0.184
0.184
0.172
0.172
0.07
0.07
0.07
0.07
0.07
0.07
0.07
0.07
0.07
0.07
0.07
0.07
0.07
0.07
0.07
0.07
0.07
0.07
0.07
0.17
0.07
0.07
0.07
0.17
0.17
0.17
0.17
0.17
0.17
0.22
0.215
0.27
0.38
0.38
0.38
0.38
0.354
0.354
0.354
0.354
0.354
0.304
0.304
0.304
0.249
0.249
0.249
0.249
0.465
0.465
0.465
0.465
0.465
0.37
0.37
0.37
0.37
0.37
0.37
0.37
0.37
0.37
0.37
0.425
0.425
0.425
0.425
0.425
0.425
0.425
0.209
0.294
0.294
0.194
0.194
0.319
0.269
0.329
0.269
0.269
0.319
0.331
0.231
0.231
0.301
0.301
0.301
0.289
0.289
0.249
0.249
0.299
0.249
0.249
0.249
0.249
0.249
0.249
0.289
0.249
0.249
0.249
0.249
0.369
0.369
0.249
0.249
0.249
0.261
0.275
0.215
0.215
0.215
0.215
0.27
0.215
0.215
0.227
0.227
0.227
0.227
0.227
0.227
0.227
0.227
0.287
0.389
0.389
0.329
0.329
0.329
0.389
0.449
0.449
0.509
0.509
0.559
0.559
0.499
0.499
0.499
0.451
0.451
0.451
0.339
0.665
0.665
0.665
0.799
0.799
0.799
0.799
0.799
0.854
0.854
0.854
0.854
0.854
0.854
0.854
0.854
0.854
0.854
0.854
0.854
0.854
0.854
0.638
0.638
0.638
0.638
0.638
0.626
0.626
0.626
0.626
0.626
2.947
2.947
2.947
0.626
0.072
0.072
0.072
0.072
0.072
0.072
0.072
0.072
0.072
0.072
0.072
0.072
0.072
0.072
0.072
0.072
0.174
0.174
0.174
0.174
0.174
0.174
0.174
0.174
0.174
0.174
0.174
0.174
0.174
0.174
0.174
0.174
0.174
0.174
0.072
0.072
0.072
0.072
0.072
0.072
0.072
0.072
0.072
0.072
0.072
0.072
0.072
0.288
0.288
0.288
0.288
0.288
0.288
0.288
0.288
0.288
0.288
0.288
0.288
0.288
0.642
0.642
0.642
0.642
0.642
0.642
0.652
0.712
0.712
0.539
0.573
0.573
0.573
0.573
0.633
0.633
0.633
0.633
0.633
0.633
0.633
0.633
0.683
0.568
0.568
0.568
0.568
2.889
2.889
2.889
0.568
0.745
0.745
0.745
0.745
0.745
0.805
0.805
0.755
0.805
0.174
0.174
0.174
0.174
0.174
0.174
0.174
0.174
0.174
0.072
0.072
0.072
0.072
0.072
0.072
0.072
0.072
0.072
0.072
0.072
0.574
0.574
0.574
0.674
0.674
0.674
0.674
0.674
0.674
0.734
0.734
0.624
0.624
0.699
0.699
0.624
0.564
0.564
0.564
0.564
0.564
0.464
0.248
0.248
0.303
0.348
0.338
0.498
0.498
0.498
0.573
0.573
0.573
0.675
0.675
0.675
0.675
0.675
0.675
0.687
0.807
0.807
0.857
0.823
0.773
0.773
0.761
0.761
0.761
0.761
0.761
0.559
0.669
0.724
0.724
0.724
0.649
0.649
0.699
0.644
0.644
0.644
0.644
0.584
0.524
0.524
0.524
0.524
0.524
0.74
0.74
0.74
0.74
3.061
3.061
3.095
0.774
0.774
0.774
0.774
0.849
0.849
0.849
0.849
0.749
0.624
0.624
0.684
0.684
0.684
0.684
0.523
0.523
0.523
0.583
0.583
0.573
0.693
0.693
0.693
0.693
0.693
0.693
0.693
0.743
0.743
0.743
0.743
0.743
0.743
0.743
0.743
0.743
0.743
0.743
0.743
0.743
0.693
0.693
0.693
0.693
0.693
0.795
0.795
0.795
0.795
0.795
0.795
0.795
0.795
0.795
0.795
0.795
0.795
0.795
0.795
0.795
0.795
0.795
0.807
0.705
0.805
0.805
0.805
0.805
0.793
0.793
0.793
3.08
3.08
2.992
0.671
0.671
0.671
0.721
0.733
0.673
0.673
0.623
0.623
0.623
0.623
0.623
0.623
0.623
0.623
0.623
0.623
0.623
0.623
0.623
0.623
0.623
0.623
0.623
0.623
0.698
0.698
0.698
0.914
0.914
0.914
0.914
0.839
0.839
0.839
0.779
0.854
1.019
0.969
0.919
0.969
0.894
0.894
0.906
1.008
1.108
1.108
1.108
1.108
1.108
0.967
0.857
0.857
0.885
0.885
0.885
0.935
0.935
0.935
0.86
0.86
0.76
0.658
0.658
0.658
0.658
0.658
0.658
0.658
0.658
0.746
0.746
0.734
0.634
0.709
0.634
0.45
0.45
0.41
0.41
0.35
0.35
0.35
0.35
0.35
0.35
0.35
0.35
0.35
0.35
0.362
0.362
0.362
0.362
0.374
0.259
0.247
0.247
0.247
0.247
0.357
0.307
0.307
0.307
0.357
0.357
0.407
0.479
0.479
0.467
0.417
0.417
0.417
0.477
0.477
0.477
0.477
0.577
0.577
0.072
0.072
0.072
0.072
0.072
0.072
0.072
0.072
0.072
0.072
0.072
0.072
0.072
0.072
0.072
0.072
0.072
0.072
0.072
0.072
0.174
0.164
0.164
0.164
0.164
0.164
0.164
0.164
0.164
0.164
