0.066
0.066
0.066
0.066
0.066
0.066
0.066
0.066
0.066
0.066
0.056
0.056
0.056
0.056
0.056
0.056
0.056
0.056
0.056
0.056
0.056
0.056
0.056
0.056
0.056
0.056
0.056
0.056
0.056
0.056
0.056
0.056
0.056
0.056
0.056
0.056
0.056
0.056
0.056
0.056
0.066
0.066
0.066
0.066
0.066
0.066
0.066
0.066
0.066
0.066
0.066
0.066
0.066
0.066
0.066
0.066
0.066
0.066
0.066
0.066
0.066
0.066
0.066
0.066
0.066
0.235
0.235
0.235
0.235
0.235
0.235
0.235
0.235
0.235
0.235
0.235
0.235
0.235
0.235
0.235
0.235
0.235
0.235
0.235
0.235
0.066
0.066
0.066
0.066
0.066
0.066
0.066
0.066
0.066
0.066
0.066
0.066
0.066
0.066
0.066
0.066
0.066
0.066
0.066
0.066
0.188
0.188
0.188
0.188
0.188
0.188
0.188
0.188
0.188
0.188
0.378
0.378
0.378
0.378
0.378
0.378
0.378
0.378
0.256
0.256
0.256
0.256
0.256
0.256
0.256
0.256
0.425
0.425
0.425
0.425
0.425
0.425
0.235
0.235
0.235
0.235
0.235
0.235
0.235
0.235
0.235
0.235
0.235
0.235
0.235
0.235
0.066
0.066
0.066
0.066
0.066
0.066
0.066
0.066
0.066
0.066
0.066
0.066
0.066
0.066
0.066
0.066
0.066
0.066
0.188
0.188
0.188
0.188
0.188
0.188
0.188
0.188
0.188
0.188
0.188
0.188
0.188
0.188
0.188
0.188
0.188
0.378
0.256
0.256
0.256
0.256
0.256
0.425
0.425
0.425
0.425
0.425
0.425
0.425
0.425
0.425
0.425
0.425
0.425
0.425
0.425
0.425
0.425
0.235
0.235
0.235
0.235
0.066
0.066
0.066
0.066
0.066
0.066
0.066
0.066
0.066
0.066
0.066
0.066
0.066
0.066
0.066
0.066
0.066
0.066
0.066
0.066
0.066
0.066
0.066
0.066
0.066
0.066
0.066
0.066
0.066
0.066
0.066
0.066
0.066
0.066
0.066
0.188
0.188
0.188
0.188
0.188
0.188
0.378
0.378
0.378
0.378
0.378
0.378
0.378
0.378
0.378
0.378
0.378
0.378
0.256
0.256
0.256
0.256
0.256
0.256
0.256
0.256
0.256
0.256
0.066
0.066
0.066
0.066
0.066
0.066
0.066
0.066
0.066
0.066
0.066
0.066
0.066
0.066
0.066
0.066
0.066
0.066
0.066
0.066
0.066
0.066
0.066
0.066
0.066
0.066
0.066
0.066
0.066
0.066
0.066
0.235
0.235
0.235
0.235
0.235
0.235
0.235
0.235
0.235
0.235
0.235
0.235
0.235
0.235
0.235
0.235
0.235
0.235
0.235
0.235
0.066
0.066
0.066
0.066
0.066
0.066
0.066
0.066
0.256
0.256
0.256
0.256
0.256
0.256
0.256
0.256
0.256
0.256
0.256
0.256
0.256
0.256
0.256
0.256
0.256
0.378
0.378
0.378
0.378
0.378
0.188
0.188
0.188
0.188
0.188
0.188
0.188
0.188
0.188
0.188
0.188
0.188
0.188
0.066
0.066
0.066
0.066
0.066
0.066
0.066
0.066
0.066
0.066
0.066
0.066
0.066
0.066
0.235
0.235
0.235
0.235
0.235
0.235
0.235
0.235
0.235
0.235
0.235
0.235
0.235
0.235
0.235
0.235
0.235
0.235
0.235
0.235
0.066
0.066
0.066
0.066
0.066
0.066
0.066
0.066
0.066
0.066
0.066
0.066
0.066
0.066
0.066
0.066
0.066
0.066
0.066
0.066
0.066
0.066
0.066
0.066
0.066
0.066
0.066
0.066
0.066
0.066
0.066
0.066
0.066
0.066
0.066
0.066
0.066
0.066
0.066
0.066
0.066
0.066
0.066
0.066
0.066
0.066
0.066
0.066
0.188
0.188
0.188
0.188
0.188
0.188
0.357
0.357
0.357
0.357
0.357
0.357
0.357
0.357
0.357
0.547
0.547
0.547
0.425
0.425
0.425
0.425
0.425
0.425
0.425
0.425
0.256
0.256
0.256
0.256
0.256
0.256
0.256
0.256
0.256
0.256
0.256
0.066
0.066
0.066
0.066
0.066
0.066
0.066
0.066
0.066
0.066
0.066
0.066
0.066
0.066
0.066
0.066
0.066
0.066
0.188
0.188
0.188
0.188
0.188
0.188
0.188
0.188
0.188
0.188
0.188
0.188
0.188
0.188
0.188
0.188
0.188
0.188
0.066
0.235
0.235
0.235
0.235
0.235
0.235
0.235
0.235
0.235
0.235
0.235
0.235
0.235
0.235
0.425
0.425
0.425
0.425
0.425
0.425
0.256
0.256
0.256
0.256
0.256
0.256
0.256
0.256
0.256
0.256
0.256
0.256
0.256
0.256
0.256
0.254
0.064
0.355
0.355
0.355
0.355
0.064
0.064
0.064
0.064
0.064
0.064
0.064
0.064
0.064
0.064
0.064
0.064
0.064
0.064
0.064
0.064
0.064
0.064
0.064
0.064
0.064
0.064
0.064
0.064
0.064
0.064
0.064
0.064
0.064
0.064
0.064
0.064
0.064
0.064
0.066
0.235
0.235
0.235
0.235
0.235
0.235
0.235
0.235
0.235
0.235
0.235
0.235
0.235
0.357
0.357
0.357
0.357
0.357
0.357
0.357
0.188
0.188
0.378
0.378
0.378
0.378
0.378
0.378
0.378
0.378
0.378
0.256
0.256
0.256
0.256
0.256
0.256
0.256
0.256
0.254
0.254
0.254
0.254
0.254
0.076
0.2
0.2
0.188
0.188
0.188
0.188
0.188
0.188
0.188
0.188
0.188
0.188
0.336
0.336
0.336
0.336
0.336
0.336
0.336
0.336
0.336
0.336
0.336
0.336
0.336
0.336
0.336
0.336
0.336
0.458
0.458
0.458
0.458
0.458
0.458
0.458
0.458
0.458
0.458
0.458
0.458
0.458
0.467
0.477
0.477
0.477
0.477
0.355
0.355
0.355
0.355
0.355
0.355
0.355
0.355
0.355
0.355
0.355
0.355
0.355
0.545
0.545
0.545
0.545
0.545
0.545
0.545
0.421
0.421
0.421
0.421
0.421
0.421
0.421
0.421
0.421
0.421
0.421
0.421
0.421
0.421
0.421
0.231
0.231
0.231
0.231
0.231
0.353
0.353
0.353
0.353
0.353
0.353
0.644
0.644
0.644
0.644
0.353
0.353
0.353
0.353
0.353
0.353
0.353
0.353
0.231
0.231
0.231
0.231
0.231
0.222
0.222
2.282
2.282
2.282
0.222
0.212
0.212
0.212
0.212
0.224
0.224
0.224
0.224
0.224
0.224
0.224
0.224
0.224
0.224
0.224
0.224
0.224
0.224
0.224
0.224
0.393
0.393
0.393
0.393
0.393
0.684
0.684
0.684
0.684
0.393
0.583
0.583
0.583
0.583
0.583
0.583
0.583
0.583
0.583
0.583
0.414
0.414
0.414
0.414
0.414
0.414
0.414
0.402
0.402
0.402
0.402
0.402
0.212
0.212
0.212
0.212
0.212
1.249
1.249
1.249
0.334
0.334
0.334
0.334
0.334
0.334
0.334
0.334
0.334
0.334
0.334
0.334
0.334
0.334
0.334
0.212
0.212
0.212
0.066
0.066
0.066
0.235
0.235
0.235
0.235
0.235
0.235
0.235
0.235
0.235
0.235
0.235
0.235
0.235
0.235
0.235
0.235
0.235
0.235
0.235
0.235
0.066
0.066
0.066
0.066
0.066
0.066
0.066
0.066
0.256
0.256
0.256
0.256
0.256
0.256
0.256
0.256
0.256
0.256
0.256
0.256
0.256
0.256
0.256
0.256
0.256
0.256
0.256
0.256
0.256
0.256
0.066
0.066
0.066
0.066
0.066
0.066
0.066
0.066
0.066
0.066
0.066
0.066
0.235
0.235
0.235
0.235
0.235
0.235
0.235
0.235
0.235
0.235
0.235
0.235
0.235
0.235
0.235
0.235
0.235
0.235
0.235
0.235
0.066
0.066
0.066
0.066
0.066
0.066
0.066
0.066
0.066
0.066
0.066
0.066
0.066
0.066
0.066
0.066
0.066
0.066
0.066
0.256
0.256
0.256
0.256
0.256
0.256
0.256
0.256
0.256
0.256
0.256
0.256
0.256
0.256
0.256
0.256
0.256
0.256
0.256
0.256
0.256
0.256
0.066
0.066
0.066
0.188
0.408
0.408
0.374
0.503
0.503
0.503
0.503
0.503
0.503
0.503
0.503
0.503
0.577
0.577
0.577
0.577
0.577
0.455
0.515
0.515
0.575
0.575
0.501
0.332
0.332
0.332
0.332
0.332
0.332
0.332
0.332
0.332
0.332
0.332
0.332
0.344
0.344
0.344
0.344
0.344
0.444
0.444
0.444
0.444
0.444
0.444
0.444
0.444
0.444
0.444
0.484
0.484
0.436
0.501
0.501
0.501
0.501
0.501
0.501
0.691
0.691
0.691
0.691
0.691
0.591
0.713
0.713
0.713
0.713
0.713
0.713
0.725
0.725
0.785
0.785
0.66
0.66
0.66
0.66
0.66
0.66
0.47
0.47
0.348
0.348
0.348
0.348
0.348
0.348
0.448
0.348
0.348
0.348
0.308
0.308
0.489
0.637
0.577
0.577
0.577
0.525
0.59
0.602
0.597
0.597
0.597
0.597
0.597
0.585
0.585
0.585
0.585
0.585
0.585
0.585
0.466
0.406
0.406
0.258
0.318
0.318
0.318
0.318
0.268
0.268
0.268
0.208
0.335
0.387
0.387
0.387
0.387
0.387
0.387
0.387
0.387
0.638
0.638
0.638
0.638
0.347
0.347
0.347
0.347
0.347
0.359
0.359
0.481
0.469
2.529
2.529
2.529
0.593
0.593
0.593
0.581
0.621
0.609
0.621
0.771
0.771
0.711
0.711
0.711
0.711
0.589
0.589
0.598
0.598
0.598
0.598
0.589
0.589
0.589
0.589
0.589
0.589
0.589
0.589
0.589
0.589
0.284
0.284
0.284
0.284
0.284
0.272
0.26
0.26
0.26
0.136
0.136
0.136
0.136
0.148
0.148
0.188
0.188
0.188
0.188
0.2
0.188
0.188
0.188
0.298
0.298
0.41
0.41
0.41
0.31
2.37
2.37
2.31
0.25
0.25
0.25
0.25
0.25
0.35
0.35
0.35
0.35
0.228
0.228
0.228
0.2
0.2
0.2
0.39
0.39
0.39
0.39
0.39
0.39
0.39
0.39
0.378
0.378
0.378
0.378
0.378
0.378
0.378
0.378
0.378
0.366
0.466
0.635
0.635
0.535
0.345
0.345
0.345
0.345
0.345
0.345
0.405
0.405
0.465
0.465
0.587
0.587
0.599
0.587
0.587
0.587
0.587
0.418
0.418
0.418
0.318
0.27
0.27
0.27
0.27
0.394
0.394
0.394
0.332
0.332
0.332
0.332
0.332
0.332
0.332
0.332
0.332
0.332
0.332
0.272
0.148
0.158
0.158
0.158
0.258
0.27
0.27
0.27
0.27
0.27
0.305
0.305
0.27
0.27
0.258
0.258
0.258
0.258
0.258
0.258
0.358
0.358
0.358
0.37
0.497
0.497
0.397
0.397
0.519
0.519
0.519
0.688
0.688
0.628
0.628
0.728
0.728
0.788
0.912
0.912
0.912
0.912
0.812
0.752
0.752
0.752
0.63
0.642
0.642
0.642
0.642
0.473
0.533
0.533
0.533
0.433
0.433
0.433
0.433
0.623
0.623
0.623
0.496
0.496
0.496
0.496
0.496
0.496
0.496
0.496
0.556
0.496
0.496
0.496
0.486
0.486
0.546
0.673
0.673
0.673
0.673
0.483
0.483
0.344
0.344
0.344
0.344
0.344
0.344
0.344
0.444
0.444
0.554
0.554
0.554
0.554
0.554
0.554
0.554
0.614
0.188
0.188
0.188
0.188
0.188
0.188
0.188
0.188
0.188
0.188
0.066
0.066
0.066
0.066
0.235
0.235
0.235
0.235
0.235
0.235
0.235
0.235
0.235
0.235
0.235
0.425
0.425
0.425
0.425
0.425
0.425
0.425
0.425
0.425
0.256
0.256
0.256
0.256
0.256
0.256
0.256
0.256
0.256
0.256
0.256
0.256
0.256
0.066
0.066
0.066
0.066
0.066
0.066
0.066
0.066
0.066
0.066
0.066
0.066
0.066
0.066
0.066
0.066
0.066
0.066
0.066
0.066
0.066
0.066
0.066
0.066
0.066
0.066
0.066
0.066
0.066
0.066
0.066
0.066
0.066
