0.066
0.066
0.066
0.066
0.066
0.056
0.056
0.056
0.056
0.056
0.056
0.056
0.056
0.056
0.056
0.056
0.056
0.056
0.056
0.056
0.056
0.056
0.056
0.056
0.056
0.056
0.056
0.056
0.056
0.056
0.056
0.056
0.056
0.056
0.056
0.066
0.066
0.066
0.066
0.066
0.066
0.066
0.066
0.066
0.066
0.066
0.066
0.066
0.066
0.066
0.066
0.066
0.066
0.066
0.066
0.066
0.229
0.229
0.229
0.229
0.229
0.229
0.229
0.229
0.229
0.229
0.229
0.229
0.229
0.229
0.229
0.229
0.229
0.229
0.229
0.229
0.229
0.229
0.066
0.066
0.066
0.066
0.066
0.066
0.066
0.066
0.066
0.066
0.066
0.066
0.066
0.066
0.066
0.066
0.066
0.066
0.066
0.066
0.066
0.066
0.066
0.066
0.066
0.066
0.066
0.066
0.066
0.066
0.066
0.066
0.066
0.066
0.066
0.066
0.066
0.066
0.066
0.066
0.066
0.066
0.066
0.066
0.066
0.066
0.066
0.066
0.066
0.066
0.229
0.229
0.229
0.229
0.229
0.229
0.229
0.229
0.229
0.229
0.229
0.229
0.229
0.229
0.229
0.229
0.229
0.229
0.229
0.229
0.229
0.229
0.066
0.066
0.066
0.066
0.066
0.066
0.066
0.066
0.066
0.066
0.066
0.066
0.066
0.066
0.066
0.066
0.066
0.066
0.066
0.066
0.066
0.066
0.066
0.066
0.066
0.066
0.066
0.066
0.066
0.066
0.066
0.066
0.066
0.066
0.066
0.066
0.066
0.066
0.066
0.066
0.066
0.066
0.066
0.066
0.066
0.066
0.066
0.066
0.066
0.066
0.066
0.066
0.066
0.066
0.066
0.066
0.066
0.066
0.066
0.066
0.066
0.066
0.066
0.066
0.066
0.066
0.066
0.066
0.066
0.066
0.066
0.066
0.066
0.066
0.066
0.066
0.066
0.066
0.066
0.066
0.066
0.066
0.066
0.066
0.066
0.066
0.066
0.066
0.066
0.066
0.066
0.066
0.066
0.066
0.066
0.066
0.066
0.066
0.066
0.066
0.066
0.066
0.066
0.066
0.066
0.066
0.066
0.066
0.066
0.229
0.229
0.229
0.229
0.229
0.229
0.229
0.229
0.229
0.229
0.229
0.229
0.229
0.229
0.229
0.229
0.229
0.229
0.229
0.229
0.229
0.229
0.066
0.066
0.066
0.066
0.066
0.066
0.066
0.066
0.066
0.066
0.066
0.066
0.066
0.066
0.066
0.066
0.066
0.066
0.066
0.066
0.066
0.066
0.066
0.066
0.066
0.066
0.066
0.066
0.066
0.066
0.066
0.066
0.066
0.066
0.066
0.066
0.066
0.066
0.066
0.066
0.066
0.066
0.066
0.066
0.066
0.066
0.066
0.066
0.066
0.066
0.066
0.066
0.066
0.066
0.066
0.066
0.066
0.066
0.066
0.066
0.066
0.066
0.066
0.066
0.066
0.066
0.066
0.066
0.066
0.066
0.066
0.066
0.066
0.066
0.066
0.066
0.066
0.066
0.066
0.066
0.066
0.066
0.066
0.066
0.066
0.066
0.066
0.066
0.229
0.229
0.229
0.229
0.229
0.229
0.229
0.229
0.229
0.229
0.229
0.229
0.229
0.229
0.229
0.229
0.229
0.229
0.229
0.229
0.229
0.229
0.066
0.066
0.066
0.066
0.066
0.066
0.066
0.066
0.066
0.066
0.066
0.066
0.066
0.066
0.066
0.066
0.066
0.066
0.066
0.066
0.066
0.066
0.066
0.066
0.066
0.066
0.066
0.066
0.066
0.066
0.066
0.066
0.066
0.066
0.066
0.066
0.066
0.066
0.066
0.066
0.066
0.066
0.066
0.066
0.066
0.066
0.066
0.066
0.066
0.066
0.066
0.066
0.066
0.066
0.066
0.066
0.066
0.066
0.066
0.064
0.064
0.064
0.064
0.064
0.064
0.064
0.124
0.124
0.124
0.124
0.124
0.124
0.124
0.124
0.124
0.189
0.124
0.104
0.329
0.289
0.249
0.249
0.249
0.249
0.249
0.184
0.244
0.244
0.244
0.244
0.184
0.184
0.184
0.124
0.184
0.184
0.224
0.224
0.387
0.422
0.422
0.422
0.422
0.362
0.862
0.862
0.862
0.862
0.862
0.862
0.862
0.862
0.362
0.362
0.436
0.436
0.376
0.376
0.376
0.376
0.213
0.213
0.213
0.213
0.213
0.213
0.213
0.213
0.213
0.213
0.278
0.273
0.273
0.273
0.233
0.233
0.233
0.233
0.233
0.066
0.066
0.066
0.066
0.066
0.066
0.066
0.066
0.066
0.066
0.066
0.066
0.066
0.066
0.066
0.066
0.066
0.066
0.066
0.066
0.066
0.066
0.066
0.066
0.066
0.066
0.066
0.066
0.066
0.066
0.066
0.066
0.066
0.066
0.066
0.066
0.066
0.066
0.066
0.066
0.066
0.066
0.066
0.066
0.066
0.066
0.066
0.066
0.066
0.066
0.066
0.066
0.066
0.066
0.066
0.066
0.066
0.066
0.066
0.066
0.066
0.229
0.229
0.229
0.229
0.229
0.229
0.229
0.229
0.229
0.229
0.229
0.229
0.229
0.229
0.229
0.229
0.229
0.229
0.229
0.229
0.229
0.229
0.066
0.066
0.066
0.066
0.066
0.066
0.066
0.066
0.066
0.066
0.066
0.066
0.066
0.066
0.066
0.066
0.066
0.066
0.066
0.066
0.066
0.066
0.066
0.066
0.066
0.066
0.066
0.078
0.078
0.078
0.078
0.078
0.078
0.078
0.078
0.078
0.078
0.078
0.078
0.078
0.078
0.078
0.078
0.078
0.078
0.078
0.182
0.182
0.182
0.182
0.182
0.182
0.182
0.182
0.182
0.182
0.182
0.182
0.182
0.182
0.182
0.182
0.168
0.168
0.182
0.182
0.182
0.182
0.345
0.345
0.345
0.345
0.345
0.345
0.41
0.41
0.41
0.41
0.41
0.41
0.41
0.41
0.41
0.41
0.51
0.51
0.41
0.41
0.41
0.41
0.247
0.247
0.247
0.247
0.247
0.247
0.247
0.247
0.247
0.247
0.247
0.247
0.247
0.247
0.561
0.561
0.561
0.561
0.247
0.281
0.281
0.281
0.281
0.281
2.386
2.386
2.386
0.281
0.281
0.281
0.281
0.341
0.341
0.281
0.267
0.267
0.267
0.267
0.267
0.267
0.267
0.267
0.267
0.267
0.267
0.267
0.267
0.267
0.43
0.43
0.43
0.43
0.43
0.43
0.43
0.43
0.43
0.43
0.43
0.43
0.43
0.43
0.43
0.43
0.43
0.43
2.535
2.535
2.535
0.43
0.267
0.267
0.267
0.267
2.122
2.122
2.135
2.135
2.135
2.135
2.135
4.24
4.24
4.24
2.135
2.135
2.135
2.135
2.135
2.135
2.135
2.135
2.101
2.101
2.101
2.101
4.22
4.22
4.22
2.115
2.115
0.26
0.26
0.26
0.26
0.294
0.294
0.294
0.294
0.294
0.294
0.294
0.294
0.294
0.294
0.294
0.294
0.229
0.229
0.229
0.229
0.229
0.229
0.229
0.229
0.229
0.229
0.392
0.392
0.392
0.392
0.392
0.392
0.392
0.392
0.392
0.392
0.392
0.392
0.229
0.229
0.229
0.229
0.229
0.269
0.269
0.269
0.394
0.394
0.429
0.429
0.429
0.429
0.329
0.389
0.329
0.329
0.329
2.374
2.401
2.401
0.296
0.331
0.331
0.391
0.391
0.377
0.377
0.377
0.377
0.377
0.377
0.377
0.377
0.377
0.377
0.342
0.342
0.342
0.342
0.302
0.302
0.302
0.302
2.407
2.407
2.407
0.302
0.268
0.431
0.431
0.431
0.431
0.431
0.431
0.431
0.431
0.431
0.431
0.431
0.431
0.431
0.431
0.431
0.431
0.431
0.431
0.371
0.371
0.496
0.496
0.346
0.346
0.346
0.346
0.406
0.406
0.406
0.406
0.406
0.446
0.406
0.406
0.406
0.406
0.406
0.406
0.406
0.406
0.406
0.406
2.511
2.511
2.511
0.406
0.478
0.478
0.538
0.538
0.478
0.478
0.478
0.478
2.521
2.521
2.521
2.417
2.417
2.417
2.417
2.417
2.417
2.417
2.417
2.417
2.417
2.917
2.917
2.886
2.886
2.886
2.386
2.386
2.386
0.403
0.443
0.403
0.903
0.903
0.566
0.566
0.566
0.566
0.566
0.566
0.566
0.566
0.566
0.566
0.566
0.626
0.626
0.626
0.626
0.678
0.678
0.678
0.678
0.718
0.718
0.718
0.555
0.555
0.555
0.495
0.495
0.435
0.435
0.435
0.375
0.375
0.375
0.375
0.375
0.375
0.375
2.48
0.138
0.138
0.138
0.138
0.138
0.138
0.138
0.138
0.138
0.138
0.138
0.138
0.138
0.138
0.138
0.138
0.138
0.138
0.138
0.138
0.315
0.315
0.138
0.138
0.138
0.138
0.138
0.138
0.138
0.138
0.138
0.138
0.138
0.315
0.315
0.138
0.138
0.301
0.301
0.301
0.301
0.301
0.301
0.301
0.301
0.301
0.478
0.478
0.301
0.301
0.301
0.301
0.301
0.301
0.301
0.301
0.301
0.301
0.301
0.315
0.315
0.633
0.633
0.633
0.633
0.633
0.066
0.066
0.066
0.066
0.066
0.066
0.066
0.066
0.066
0.066
0.066
0.066
0.066
0.066
0.066
0.066
0.066
0.066
0.066
0.066
0.066
0.066
0.066
0.066
0.066
0.066
0.066
0.066
0.066
0.066
0.066
0.066
0.066
0.066
0.066
0.066
0.066
0.066
0.066
0.066
0.066
0.066
0.066
0.066
0.066
0.066
0.066
0.066
0.066
0.229
0.229
0.229
0.229
0.229
2.366
2.366
0.261
0.261
0.261
0.261
0.261
0.261
0.261
0.321
0.229
0.229
0.229
0.229
0.229
0.229
0.229
0.066
0.066
0.066
0.066
0.066
0.066
0.066
0.066
0.066
0.066
0.066
0.066
0.066
0.066
0.066
0.066
0.066
0.066
0.066
0.066
0.066
0.066
0.066
0.066
0.066
0.066
0.066
0.066
0.066
0.066
0.066
0.066
0.066
0.066
0.066
0.066
0.066
0.066
0.066
0.066
0.066
0.066
0.066
0.066
0.066
0.066
0.066
0.066
0.066
0.066
0.066
0.066
0.066
0.066
0.066
0.066
0.066
0.066
0.066
0.066
0.066
0.066
0.066
0.066
0.066
0.066
0.066
0.066
0.066
0.066
0.066
0.066
0.066
0.098
0.098
0.173
0.336
0.336
0.336
0.336
0.336
0.336
0.336
0.336
0.336
0.336
0.336
0.302
0.342
0.342
0.342
0.342
0.342
0.376
0.376
0.376
0.48
0.48
0.277
0.277
0.277
0.397
0.397
0.293
0.353
0.353
0.233
0.233
0.233
0.233
0.233
0.273
0.273
0.273
0.273
0.273
0.273
0.333
0.273
0.313
0.313
0.433
0.393
0.393
0.393
0.393
0.393
0.393
0.393
0.497
0.497
0.497
0.422
0.422
0.422
0.422
0.422
0.422
0.422
0.482
0.482
0.517
0.582
0.582
0.517
0.917
0.917
0.417
0.297
0.297
0.297
0.297
0.297
0.297
0.337
0.5
0.5
0.46
0.525
0.525
0.525
0.49
0.49
0.49
0.49
0.61
0.576
0.451
0.526
0.526
0.539
0.604
0.604
0.604
0.604
0.664
0.664
0.501
0.501
0.501
0.501
0.501
0.501
0.501
0.441
0.441
0.501
0.501
0.501
0.436
0.436
0.436
0.436
0.436
0.436
0.436
0.436
0.996
0.996
0.996
0.996
0.996
0.996
0.996
1.001
1.001
1.001
1.001
1.001
1.041
1.041
1.041
1.041
1.041
1.061
1.121
1.121
1.121
1.121
1.121
1.121
1.121
1.121
1.056
1.056
1.056
1.056
1.056
1.219
1.219
1.344
1.279
1.279
1.279
1.344
1.344
1.344
1.344
1.279
1.279
1.279
1.279
1.279
1.266
1.266
1.266
1.266
1.206
1.331
1.331
1.228
1.228
1.228
1.228
1.228
1.268
1.268
1.193
1.193
1.153
1.153
1.153
1.153
1.153
1.153
1.153
1.153
1.153
1.153
1.049
1.049
1.049
1.049
0.989
1.049
1.049
1.049
1.089
1.089
1.089
0.549
0.549
0.549
0.589
0.689
0.689
0.689
0.689
0.689
0.729
1.189
1.189
1.189
