0.118
0.127
0.127
0.187
0.187
0.187
0.187
0.187
0.187
0.187
0.199
0.219
0.219
0.279
0.219
0.219
0.219
0.567
0.567
0.567
0.567
0.219
0.386
0.386
0.374
0.374
0.374
0.374
0.314
0.344
0.257
0.257
0.257
0.257
0.257
0.257
0.257
0.257
0.257
0.257
0.257
0.257
0.257
0.257
0.07
0.07
0.07
0.07
0.07
0.07
0.07
0.07
0.07
0.07
0.07
0.07
0.07
0.07
0.07
0.07
0.07
0.07
0.07
0.07
0.07
0.07
0.07
0.07
0.07
0.07
0.07
0.07
0.07
0.07
0.07
0.07
0.07
0.07
0.07
0.07
0.07
0.07
0.07
0.07
0.07
0.07
0.07
0.07
0.07
0.07
0.07
0.07
0.07
0.07
0.07
0.07
0.07
0.07
0.07
0.207
0.207
0.394
0.394
0.394
0.394
0.394
0.394
0.394
0.394
0.394
0.394
0.394
0.394
0.394
0.394
0.394
0.394
0.394
0.394
0.257
0.257
0.257
0.257
0.07
0.07
0.07
0.07
0.07
0.07
0.07
0.07
0.07
0.07
0.07
0.07
0.07
0.07
0.07
0.07
0.07
0.07
0.07
0.07
0.07
0.07
0.07
0.07
0.07
0.07
0.07
0.07
0.07
0.07
0.07
0.07
0.07
0.07
0.07
0.07
0.07
0.07
0.07
0.07
0.07
0.07
0.07
0.07
0.207
0.207
0.207
0.207
0.207
0.207
0.207
0.207
0.207
0.207
0.207
0.207
0.207
0.394
0.394
0.394
0.394
0.394
0.394
0.394
0.257
0.257
0.257
0.257
0.257
0.257
0.257
0.257
0.257
0.257
0.257
0.257
0.257
0.257
0.257
0.07
0.07
0.07
0.07
0.07
0.07
0.07
0.07
0.07
0.07
0.07
0.07
0.07
0.07
0.07
0.07
0.07
0.07
0.07
0.07
0.07
0.07
0.07
0.07
0.07
0.07
0.07
0.07
0.07
0.07
0.07
0.07
0.207
0.207
0.207
0.207
0.207
0.207
0.207
0.207
0.207
0.207
0.207
0.207
0.207
0.207
0.207
0.207
0.207
0.207
0.207
0.207
0.07
0.07
0.07
0.07
0.07
0.257
0.257
0.257
0.257
0.257
0.257
0.257
0.257
0.257
0.257
0.257
0.257
0.257
0.257
0.257
0.257
0.257
0.257
0.257
0.257
0.257
0.264
0.147
0.147
0.197
0.147
0.147
0.147
0.147
0.147
0.147
0.147
0.147
0.147
0.147
0.147
0.147
0.147
0.147
0.147
0.077
0.077
0.077
0.077
0.077
0.077
0.077
0.212
0.272
0.272
0.272
0.272
0.272
0.272
0.272
0.272
0.272
0.272
0.272
0.292
0.342
0.207
0.207
0.207
0.342
0.333
0.333
0.333
0.333
0.333
0.198
0.07
0.07
0.07
0.07
0.07
0.257
0.257
0.257
0.257
0.257
0.257
0.257
0.257
0.257
0.257
0.257
0.257
0.257
0.257
0.257
0.257
0.257
0.257
0.257
0.257
0.257
0.257
0.07
0.07
0.07
0.068
0.068
0.203
0.203
0.203
0.338
0.338
0.338
0.338
0.338
0.398
0.418
0.223
0.223
0.223
0.223
0.223
0.358
0.358
0.358
0.07
0.07
0.07
0.07
0.07
0.07
0.07
0.07
0.07
0.07
0.07
0.07
0.07
0.07
0.07
0.07
0.07
0.07
0.207
0.207
0.207
0.207
0.207
0.207
0.394
0.394
0.394
0.394
0.394
0.394
0.394
0.394
0.394
0.394
0.394
0.394
0.394
0.394
0.257
0.257
0.525
0.625
0.625
0.685
0.585
0.597
0.41
0.47
0.47
0.47
0.57
0.51
0.53
0.53
0.53
0.53
0.53
0.53
0.53
0.53
0.53
0.539
0.539
0.539
0.539
0.479
0.527
0.547
0.547
0.567
0.547
0.547
0.547
0.547
0.547
0.547
0.547
0.547
0.547
0.547
0.547
0.567
0.567
0.567
0.567
0.567
0.567
0.567
0.567
0.567
0.547
0.714
0.714
0.734
0.734
0.734
0.734
0.714
0.714
0.714
0.714
0.714
0.714
0.774
0.674
0.614
0.714
0.714
0.714
0.714
0.714
0.714
0.714
0.527
0.507
0.447
0.447
0.447
0.312
0.312
0.422
0.422
0.507
0.52
0.52
0.52
0.46
0.46
0.46
0.46
0.46
0.46
0.36
0.36
0.36
0.394
0.531
0.929
0.929
0.929
0.929
0.531
0.531
0.531
0.531
0.531
0.531
0.531
0.497
0.497
0.497
0.497
0.597
0.597
0.597
0.597
0.46
0.46
0.46
0.46
0.46
0.46
0.46
0.491
0.491
0.491
0.451
0.451
0.451
0.451
0.451
0.451
0.451
0.638
0.638
0.638
0.638
0.638
0.638
0.638
0.638
0.638
0.638
2.606
2.606
2.606
0.625
0.625
0.625
0.625
0.625
0.625
0.625
0.625
0.625
0.438
0.438
0.438
0.438
0.338
0.338
0.338
0.338
0.338
0.475
0.475
0.475
0.475
0.475
0.475
0.475
0.475
0.475
0.475
0.475
0.475
0.475
0.475
0.475
0.475
0.475
0.475
0.475
0.475
0.338
0.338
0.338
0.338
0.338
0.338
0.338
0.338
0.338
0.338
0.338
0.338
0.338
0.338
2.319
2.319
2.319
0.338
0.338
0.338
0.338
0.338
0.525
0.525
0.525
0.525
0.525
0.525
0.525
0.525
0.525
0.525
0.525
0.525
0.525
0.525
0.525
0.525
0.525
0.525
0.525
0.525
0.525
0.525
0.338
0.338
0.338
0.338
0.338
0.338
0.338
0.338
0.338
0.338
0.338
0.338
0.338
0.338
0.338
0.338
0.338
0.338
0.338
0.338
0.203
0.203
0.203
0.203
0.203
0.203
0.203
0.203
0.203
0.34
0.34
0.34
0.34
0.34
0.34
0.34
0.34
0.34
0.34
0.34
0.34
0.34
0.34
0.34
0.34
0.34
0.34
0.34
0.34
0.203
0.203
0.203
0.203
0.203
0.068
0.128
0.128
0.128
0.128
0.128
0.128
0.128
0.128
0.128
0.128
0.068
0.068
0.068
0.068
0.068
0.068
0.096
0.096
0.096
0.096
0.096
0.096
0.096
0.096
0.096
0.096
0.096
0.096
0.096
0.096
0.096
0.096
0.283
0.283
0.283
0.283
0.283
0.283
0.283
0.283
0.283
0.283
0.283
0.283
0.283
0.283
0.292
0.292
0.292
0.292
0.292
0.292
0.292
0.427
0.24
0.24
0.24
0.24
0.24
0.24
0.24
0.24
0.24
0.24
0.24
0.24
0.24
0.24
0.24
0.24
0.24
0.377
0.377
0.437
0.437
0.437
0.437
0.437
0.437
0.437
0.437
0.437
0.437
0.437
0.437
0.437
0.437
0.437
0.437
0.409
0.409
0.272
0.272
0.272
0.272
0.272
0.272
0.272
0.272
0.272
0.272
0.272
0.272
0.459
0.459
0.459
0.459
0.459
0.459
0.459
0.459
0.459
0.459
0.459
0.459
0.459
0.459
0.472
0.472
0.463
0.463
0.463
0.463
0.463
0.463
0.276
0.276
0.276
0.276
0.276
0.276
0.276
0.276
0.285
0.285
0.285
0.285
0.285
0.285
0.285
0.285
0.285
0.285
0.285
0.285
0.42
0.42
0.42
0.42
0.42
0.566
0.566
0.566
0.626
0.696
0.696
0.626
0.626
0.626
0.626
0.676
0.676
0.616
0.616
0.566
0.566
0.566
0.207
0.207
0.207
0.07
0.07
0.07
0.07
0.07
0.07
0.07
0.225
0.225
0.225
0.225
0.225
0.225
0.225
0.225
0.225
0.225
0.212
0.212
0.212
0.212
0.212
0.212
0.212
0.212
0.212
0.212
0.212
0.212
0.212
0.347
0.212
0.221
0.221
0.221
2.202
2.193
2.193
0.212
0.212
0.212
0.212
0.212
0.212
0.349
0.349
0.44
0.44
0.627
0.627
0.627
0.527
0.527
0.527
0.527
0.527
0.527
0.394
0.394
0.394
0.394
0.394
0.394
0.394
0.257
0.257
0.257
0.39
0.45
0.47
0.352
0.292
0.245
0.245
0.305
0.305
0.305
0.296
0.296
0.296
0.296
0.296
0.296
0.296
0.296
0.296
0.296
0.296
0.296
0.296
0.296
0.305
0.422
0.422
0.442
0.422
0.422
0.422
0.557
0.422
0.422
0.422
0.482
0.482
0.632
0.632
0.532
0.592
0.592
0.612
0.612
0.612
0.612
0.612
0.612
0.592
0.592
0.592
0.592
0.592
0.592
0.592
0.592
0.592
0.592
0.592
0.592
0.592
0.466
0.466
0.466
0.603
0.63
0.63
0.63
0.63
0.63
0.63
0.7
0.68
0.68
0.68
0.68
0.55
0.699
0.699
0.699
0.687
0.687
0.687
0.687
0.687
0.687
0.5
0.5
0.512
0.512
0.612
0.747
1.748
1.748
1.648
0.647
0.717
0.58
0.58
0.58
0.64
0.64
0.653
0.653
0.653
0.653
0.593
0.593
0.593
0.581
0.581
0.601
0.601
0.601
0.541
0.541
0.541
0.541
0.569
0.569
0.569
0.569
0.569
0.569
2.634
2.634
2.634
2.634
2.634
2.634
2.634
2.634
2.634
2.634
2.694
2.694
2.559
2.499
2.559
2.424
2.424
2.424
2.424
2.424
0.494
0.434
0.434
0.434
0.621
0.621
0.621
0.621
0.621
0.621
0.621
0.621
0.621
0.486
0.486
0.486
0.498
0.635
0.622
0.622
0.622
0.622
0.622
0.635
0.635
0.761
0.207
0.207
0.207
0.207
0.207
0.207
0.207
0.207
0.207
0.207
0.207
0.07
0.07
0.07
0.07
0.07
0.07
0.07
0.07
0.07
0.07
0.07
0.07
0.07
0.07
0.07
0.07
0.07
0.07
0.07
0.07
0.07
0.07
0.07
0.07
0.07
0.07
0.07
0.07
0.07
0.07
0.07
0.07
0.07
0.07
0.07
0.07
0.07
0.07
0.07
0.07
0.07
0.07
0.07
0.07
0.207
0.207
0.207
0.207
0.207
0.207
0.207
0.207
0.394
0.394
0.394
0.394
0.394
0.394
0.394
0.394
0.394
0.394
0.394
0.394
0.257
0.257
0.257
0.257
0.257
0.552
0.552
0.612
0.612
0.612
0.525
0.525
0.525
0.455
0.59
0.59
0.49
0.355
0.355
0.355
0.355
1.314
1.314
1.396
1.326
1.314
1.286
1.286
1.286
1.286
1.346
1.346
1.346
1.346
1.346
1.416
1.436
1.376
1.356
1.356
1.356
1.356
1.396
1.396
1.345
1.345
1.345
1.345
1.219
1.219
1.219
0.26
0.26
0.24
0.24
0.24
0.24
0.366
0.501
0.51
0.375
0.562
0.549
0.675
0.862
0.394
0.394
0.394
0.394
0.394
0.394
0.394
0.394
0.394
0.394
0.662
0.662
0.662
0.662
0.817
0.877
0.877
0.877
0.63
0.493
0.553
0.625
0.565
0.575
0.575
0.575
0.575
0.505
0.575
0.635
0.635
0.635
0.675
0.695
0.595
0.46
0.46
0.46
0.46
0.44
0.44
0.44
0.44
0.44
0.44
0.44
0.44
0.44
0.489
0.489
0.354
0.354
0.334
0.334
0.469
0.469
0.469
0.469
0.469
0.469
0.489
0.489
0.489
0.489
0.489
2.4
2.4
2.4
0.606
0.606
0.606
0.606
0.606
0.656
0.636
0.636
0.636
0.975
1.075
1.075
1.075
0.727
0.727
0.715
0.785
0.922
0.982
0.912
0.912
0.852
0.207
0.207
0.207
0.207
0.207
0.207
0.207
0.207
0.207
0.207
0.207
0.207
0.207
0.207
0.207
0.07
0.07
0.07
0.07
0.07
0.07
0.07
0.07
0.07
0.07
0.07
0.07
0.07
0.07
0.07
0.07
0.07
0.07
0.07
0.07
0.07
0.07
0.07
0.07
0.07
0.07
0.07
0.07
0.07
0.07
0.07
0.07
0.07
0.07
0.07
0.07
0.07
0.07
0.07
0.07
0.07
0.07
0.07
0.07
0.07
0.07
0.07
0.07
0.07
0.07
0.07
0.07
0.07
0.07
0.07
0.07
0.07
0.07
0.07
0.07
0.07
0.07
0.07
0.07
0.257
0.257
0.394
0.394
0.394
0.394
0.394
0.394
0.394
0.394
0.394
0.394
0.394
0.394
0.394
0.394
0.394
0.394
0.394
0.394
0.384
