0.058
0.058
0.058
0.058
0.058
0.058
0.058
0.058
0.058
0.058
0.058
0.058
0.058
0.058
0.058
0.058
0.058
0.068
0.255
0.255
0.255
0.255
0.255
0.255
0.255
0.255
0.255
0.255
0.255
0.255
0.255
0.255
0.255
0.255
0.255
0.255
0.255
0.255
0.255
0.255
0.068
0.068
0.068
0.068
0.068
0.068
0.068
0.068
0.068
0.068
0.068
0.068
0.068
0.068
0.068
0.068
0.068
0.068
0.068
0.068
0.068
0.068
0.068
0.068
0.068
0.068
0.068
0.068
0.068
0.068
0.068
0.068
0.068
0.068
0.068
0.068
0.068
0.068
0.068
0.068
0.068
0.068
0.068
0.068
0.068
0.068
0.068
0.068
0.068
0.068
0.068
0.068
0.068
0.068
0.068
0.068
0.068
0.255
0.255
0.255
0.255
0.255
0.255
0.255
0.255
0.255
0.255
0.255
0.255
0.255
0.255
0.255
0.255
0.255
0.255
0.255
0.255
0.255
0.255
0.068
0.068
0.068
0.068
0.068
0.068
0.068
0.068
0.068
0.068
0.068
0.068
0.068
0.068
0.068
0.068
0.068
0.068
0.068
0.068
0.068
0.068
0.068
0.068
0.068
0.068
0.068
0.068
0.068
0.068
0.068
0.068
0.068
0.068
0.068
0.068
0.068
0.068
0.068
0.068
0.068
0.068
0.068
0.068
0.068
0.068
0.068
0.068
0.068
0.068
0.068
0.068
0.068
0.068
0.068
0.068
0.068
0.068
0.068
0.068
0.068
0.068
0.068
0.068
0.068
0.255
0.255
0.255
0.255
0.255
0.255
0.255
0.255
0.255
0.255
0.255
0.255
0.255
0.255
0.255
0.255
0.255
0.255
0.255
0.255
0.255
0.255
0.068
0.068
0.068
0.068
0.068
0.068
0.068
0.068
0.068
0.068
0.068
0.068
0.068
0.068
0.068
0.068
0.068
0.068
0.068
0.068
0.068
0.068
0.068
0.068
0.068
0.068
0.068
0.068
0.068
0.068
0.068
0.068
0.068
0.068
0.068
0.068
0.068
0.068
0.068
0.068
0.068
0.068
0.068
0.068
0.068
0.068
0.068
0.068
0.068
0.068
0.068
0.068
0.068
0.068
0.068
0.255
0.255
0.255
0.255
0.255
0.255
0.255
0.255
0.255
0.255
0.255
0.255
0.255
0.255
0.255
0.255
0.255
0.255
0.255
0.255
0.255
0.255
0.068
0.068
0.068
0.068
0.068
0.068
0.068
0.068
0.068
0.068
0.068
0.068
0.068
0.068
0.068
0.068
0.068
0.068
0.068
0.068
0.068
0.068
0.068
0.068
0.068
0.068
0.068
0.068
0.068
0.068
0.068
0.068
0.068
0.068
0.068
0.068
0.068
0.068
0.068
0.068
0.068
0.068
0.068
0.068
0.068
0.068
0.068
0.068
0.068
0.068
0.068
0.068
0.068
0.068
0.068
0.068
0.068
0.068
0.068
0.255
0.255
0.255
0.255
0.255
0.255
0.255
0.255
0.255
0.255
0.255
0.255
0.255
0.255
0.255
0.255
0.255
0.255
0.255
0.255
0.255
0.255
0.068
0.068
0.068
0.068
0.068
0.068
0.068
0.068
0.068
0.068
0.068
0.068
0.068
0.068
0.068
0.068
0.101
0.101
0.101
0.121
0.131
0.166
0.166
0.226
0.235
0.175
0.175
0.175
0.275
0.275
0.275
0.335
0.335
0.335
0.3
0.3
0.3
0.309
0.349
0.349
0.409
0.409
0.309
0.309
0.309
0.309
0.309
0.309
0.496
0.496
0.556
0.556
0.521
0.521
0.521
0.521
0.521
0.581
0.581
0.521
0.521
0.556
0.521
0.521
0.521
0.521
0.255
0.255
0.255
0.255
0.068
0.068
0.068
0.068
0.068
0.068
0.068
0.068
0.068
0.068
0.068
0.068
0.068
0.068
0.068
0.068
0.068
0.068
0.068
0.068
0.068
0.068
0.068
0.068
0.068
0.068
0.068
0.068
0.068
0.068
0.068
0.068
0.068
0.068
0.068
0.068
0.068
0.068
0.068
0.068
0.068
0.068
0.068
0.068
0.068
0.068
0.068
0.068
0.068
0.068
0.068
0.068
0.068
0.068
0.068
0.068
0.068
0.255
0.255
0.255
0.255
0.255
0.255
0.255
0.255
0.255
0.255
0.255
0.255
0.255
0.255
0.255
0.255
0.255
0.255
0.255
0.255
0.255
0.255
0.068
0.068
0.068
0.068
0.068
0.068
0.068
0.068
0.068
0.068
0.068
0.068
0.068
0.068
0.068
0.068
0.068
0.068
0.068
0.068
0.068
0.068
0.068
0.068
0.068
0.068
0.068
0.068
0.068
0.068
0.068
0.068
0.068
0.068
0.068
0.068
0.068
0.068
0.068
0.068
0.068
0.068
0.068
0.068
0.068
0.068
0.068
0.068
0.068
0.068
0.068
0.068
0.068
0.068
0.068
0.068
0.068
0.068
0.068
0.068
0.068
0.068
0.068
0.068
0.068
0.068
0.068
0.068
0.068
0.068
0.068
0.068
0.068
0.068
0.068
0.068
0.068
0.068
0.068
0.068
0.068
0.068
0.255
0.255
0.255
0.255
0.255
0.255
0.255
0.255
0.255
0.255
0.255
0.255
0.255
0.255
0.255
0.255
0.255
0.255
0.255
0.255
0.255
0.255
0.068
0.068
0.068
0.068
0.068
0.068
0.068
0.068
0.068
0.068
0.068
0.068
0.068
0.085
0.085
0.085
0.085
0.109
0.109
0.109
0.109
0.109
0.109
0.109
0.109
0.109
0.109
0.099
0.099
0.099
0.099
0.099
0.099
0.099
0.099
0.099
0.099
0.099
0.099
0.099
0.099
0.099
0.099
0.099
0.09
0.09
0.09
0.09
0.09
0.09
0.09
0.09
0.09
0.14
0.14
0.2
0.2
0.2
0.2
0.2
0.2
0.2
0.2
0.2
0.2
0.2
0.2
0.2
0.2
0.2
0.209
0.209
0.209
0.209
0.209
0.209
0.209
0.209
0.209
0.209
0.209
0.209
0.209
0.209
0.209
0.209
0.209
0.209
0.209
0.209
0.185
0.185
0.185
0.195
0.195
0.195
0.195
0.195
0.135
0.135
0.135
0.135
0.135
0.135
0.085
0.085
0.085
0.085
0.085
0.085
0.272
0.272
0.272
0.272
0.272
0.272
0.281
0.281
0.281
0.281
0.281
0.281
0.281
0.281
0.353
0.353
0.353
0.353
0.393
0.393
0.393
0.393
2.189
2.189
2.189
2.189
2.189
2.189
2.189
2.189
2.189
2.189
2.189
2.189
2.189
2.189
2.189
2.189
2.189
2.189
2.189
2.189
2.189
0.196
0.196
0.206
0.206
0.206
0.206
0.206
0.206
0.206
0.206
0.206
0.206
0.206
0.206
0.206
0.206
0.206
0.206
0.206
0.206
0.206
0.206
0.206
0.206
0.206
0.206
0.206
0.206
0.206
0.206
0.206
0.206
0.206
0.206
0.206
0.206
0.35
0.35
0.35
0.35
0.35
0.35
0.35
0.35
0.35
0.35
0.35
0.35
0.35
0.35
0.35
0.35
0.35
0.35
0.35
0.35
0.35
0.35
0.35
0.35
0.35
0.35
0.34
0.517
0.517
0.34
0.34
0.34
0.34
0.34
0.14
0.14
0.14
0.14
0.14
0.14
0.317
0.317
0.14
0.14
0.14
0.14
0.14
0.14
0.14
0.14
0.14
0.14
0.14
0.317
0.317
0.14
0.14
0.14
0.14
0.14
0.14
0.14
0.14
0.14
0.14
0.14
0.317
0.317
0.635
0.635
0.635
0.635
0.635
0.068
0.068
0.068
0.068
0.068
0.068
0.068
0.068
0.068
0.068
0.068
0.068
0.068
0.068
0.068
0.068
0.068
0.068
0.068
0.068
0.068
0.068
0.068
0.068
0.068
0.068
0.068
0.068
0.068
0.068
0.068
0.255
0.255
0.255
0.255
0.255
0.255
0.255
0.255
0.255
0.255
0.255
0.255
0.255
0.255
0.255
0.255
0.255
0.255
0.255
0.255
0.255
0.255
0.068
0.068
0.068
0.068
0.068
0.068
0.068
0.068
0.068
0.068
0.068
0.068
0.068
0.068
0.068
0.068
0.068
0.068
0.068
0.068
0.068
0.068
0.068
0.068
0.068
0.068
0.068
0.068
0.068
0.068
0.068
0.068
0.068
0.068
0.068
0.068
0.068
0.068
0.068
0.068
0.068
0.068
0.068
0.068
0.068
0.068
0.068
0.068
0.068
0.068
0.068
0.068
0.068
0.068
0.068
0.068
0.068
0.068
0.068
0.068
0.068
0.068
0.068
0.068
0.068
0.068
0.068
0.068
0.068
0.068
0.068
0.068
0.068
0.068
0.068
0.068
0.068
0.068
0.068
0.068
0.068
0.068
0.068
0.068
0.068
0.068
0.068
0.068
0.068
0.068
0.068
0.068
0.068
0.068
0.068
0.068
0.068
0.068
0.068
0.068
0.068
0.068
0.068
0.068
0.068
0.068
0.068
0.068
0.068
0.068
0.068
0.068
0.068
0.068
0.068
0.068
0.255
0.255
0.255
0.255
0.255
0.255
0.255
0.255
0.255
0.255
0.255
0.255
0.255
0.255
0.255
0.255
0.255
0.255
0.255
0.255
0.255
0.255
0.259
0.259
0.259
0.259
0.283
0.283
0.283
0.283
0.343
0.343
0.283
0.343
0.343
0.403
0.403
0.403
0.403
0.403
0.403
0.403
0.463
0.463
0.532
0.532
0.532
0.412
0.412
0.412
0.412
0.421
0.412
0.412
0.388
0.388
0.388
0.388
0.488
0.488
0.488
0.488
0.388
0.541
0.576
0.576
0.576
0.576
0.576
0.516
0.516
0.516
0.516
0.516
0.516
0.347
0.347
0.347
0.347
0.347
0.356
0.356
0.356
0.356
0.356
0.321
0.321
0.321
0.441
0.441
0.441
0.441
0.441
0.476
0.663
0.663
0.663
0.663
0.663
0.639
0.639
0.486
0.451
0.511
0.611
0.675
0.675
0.675
0.775
0.952
0.952
0.952
0.952
0.952
0.987
0.987
0.8
0.791
0.731
0.731
0.602
0.602
0.611
0.8
0.765
0.765
0.765
0.765
0.765
0.765
0.765
0.805
0.805
0.765
0.765
0.765
0.765
0.645
0.645
0.645
0.605
0.605
0.605
0.605
0.605
0.585
0.585
0.585
0.585
0.585
0.585
0.585
0.585
0.585
0.585
0.576
0.576
0.576
0.576
0.576
0.576
0.423
0.435
0.435
0.306
0.306
0.306
0.306
0.346
0.306
0.306
0.346
0.446
0.446
0.546
0.733
0.793
0.793
0.843
0.843
0.843
0.743
0.743
0.703
0.832
0.832
0.832
0.832
0.832
0.872
0.822
0.822
0.787
0.687
0.587
0.518
0.518
0.331
0.34
0.34
0.34
0.34
0.34
0.34
0.34
0.3
0.3
0.3
0.309
0.309
0.349
0.349
0.349
0.349
0.449
0.449
0.449
0.449
0.449
0.449
0.449
0.349
0.349
0.409
0.409
0.349
0.502
0.502
0.602
0.602
0.602
0.662
0.662
0.622
0.622
0.562
0.562
0.562
0.562
0.562
0.722
0.722
0.722
0.722
0.909
0.909
0.935
0.935
1.01
1.01
0.91
0.95
0.95
0.95
0.95
0.926
0.926
0.926
0.926
0.926
0.926
0.926
0.926
0.926
0.891
0.915
0.728
0.728
0.788
0.788
0.788
0.788
0.788
0.888
0.888
0.788
0.788
0.788
0.797
0.797
0.857
0.848
0.848
0.848
0.839
0.779
0.779
0.779
0.779
0.779
0.779
0.739
0.739
0.713
0.723
0.723
0.723
0.663
0.723
0.783
0.818
0.665
0.665
0.625
0.625
0.625
0.625
0.625
0.625
0.625
0.625
0.625
0.525
0.712
0.712
0.712
0.772
0.772
0.769
0.769
0.769
0.769
0.709
0.709
0.709
0.749
0.749
0.749
0.749
0.749
0.749
0.689
0.689
0.739
0.739
0.552
0.552
0.452
0.428
0.428
0.428
0.468
0.068
0.068
0.068
0.068
0.068
0.068
0.068
0.068
0.068
0.068
0.068
0.068
0.068
0.068
0.068
0.068
0.068
0.068
0.068
0.068
0.068
0.068
0.068
0.068
0.068
0.068
0.068
0.068
0.068
0.068
0.068
0.068
0.068
0.068
0.068
0.068
0.068
0.068
0.058
0.058
0.058
0.058
0.058
0.058
0.058
0.058
0.058
0.058
0.058
0.058
