0.119
0.219
0.219
0.219
0.159
0.159
0.159
0.159
0.259
0.159
0.159
0.159
0.159
0.168
0.168
0.168
0.238
0.248
0.288
0.288
0.288
0.288
0.343
0.303
0.233
0.233
0.193
0.193
0.193
0.193
0.193
0.193
0.253
0.293
0.253
0.253
0.253
0.253
0.344
0.344
0.344
0.344
0.344
0.344
0.344
0.344
0.244
0.184
0.184
0.184
0.184
0.184
0.184
0.184
0.184
2.021
2.021
10.852
9.015
8.955
0.071
0.071
0.071
0.071
0.071
0.071
0.071
0.071
0.071
0.071
0.071
0.071
0.071
0.071
0.071
0.071
0.071
0.071
0.071
0.071
0.071
0.071
0.071
0.071
0.071
0.071
0.071
0.071
0.071
0.071
0.071
0.071
0.195
0.195
0.195
0.195
0.195
0.195
0.195
0.195
0.195
0.195
0.195
0.195
0.195
0.195
0.195
0.367
0.367
0.367
0.243
0.243
0.243
0.243
0.243
0.243
0.243
0.243
0.243
0.243
0.243
0.243
0.243
0.243
0.243
0.243
0.243
0.243
0.243
0.071
0.071
0.071
0.071
0.071
0.071
0.071
0.071
0.071
0.071
0.071
0.071
0.071
0.071
0.071
0.071
0.071
0.071
0.071
0.071
0.071
0.071
0.071
0.071
0.071
0.071
0.071
0.071
0.071
0.071
0.071
0.071
0.071
0.071
0.071
0.071
0.195
0.195
0.195
0.195
0.195
0.195
0.195
0.195
0.195
0.195
0.367
0.367
0.367
0.367
0.367
0.367
0.367
0.367
0.243
0.243
0.243
0.243
0.243
0.243
0.243
0.243
0.243
0.243
0.243
0.243
0.243
0.243
0.071
0.071
0.071
0.071
0.071
0.071
0.071
0.071
0.071
0.071
0.071
0.071
0.071
0.071
0.071
0.071
0.071
0.071
0.071
0.071
0.071
0.071
0.071
0.071
0.071
0.071
0.071
0.071
0.071
0.071
0.071
0.071
0.071
0.195
0.195
0.195
0.195
0.195
0.195
0.195
0.195
0.195
0.195
0.195
0.195
0.195
0.195
0.195
0.195
0.195
0.195
0.071
0.071
0.071
0.071
0.071
0.071
0.071
0.071
0.071
0.071
0.071
0.243
0.243
0.243
0.243
0.243
0.243
0.243
0.243
0.243
0.243
0.243
0.243
0.243
0.243
0.243
0.243
0.243
0.243
0.243
0.243
0.243
0.243
0.071
0.071
0.071
0.071
0.071
0.195
0.195
0.195
0.195
0.195
0.195
0.195
0.195
0.195
0.195
0.195
0.195
0.195
0.195
0.195
0.195
0.195
0.195
0.071
0.071
0.071
0.071
0.071
0.071
0.071
0.071
0.071
0.071
0.071
0.071
0.071
0.071
0.071
0.071
0.071
0.071
0.071
0.071
0.071
0.071
0.071
0.071
0.071
0.071
0.071
0.071
0.071
0.071
0.071
0.071
0.071
0.071
0.071
0.071
0.071
0.071
0.071
0.071
0.071
0.071
0.071
0.071
0.071
0.071
0.071
0.071
0.071
0.071
0.071
0.071
0.071
0.071
0.243
0.243
0.243
0.243
0.243
0.243
0.243
0.243
0.243
0.367
0.367
0.367
0.367
0.367
0.367
0.367
0.367
0.367
0.367
0.367
0.367
0.367
0.195
0.195
0.195
0.195
0.195
0.071
0.071
0.071
0.071
0.071
0.071
0.071
0.071
0.071
0.071
0.071
0.071
0.071
0.071
0.071
0.071
0.071
0.071
0.071
0.071
0.071
0.071
0.071
0.071
0.071
0.105
0.145
0.105
0.105
0.14
0.24
0.14
0.14
0.14
0.14
0.14
0.14
0.18
0.14
0.14
0.18
0.359
0.359
0.419
0.419
0.359
0.359
0.364
0.364
0.364
0.536
0.566
0.566
0.496
0.551
0.551
0.496
0.496
0.496
0.372
0.372
0.432
0.372
0.312
0.312
0.312
0.312
0.312
0.312
0.312
0.312
0.312
0.14
0.14
0.195
0.195
0.16
0.16
0.16
0.16
0.16
0.16
0.16
0.16
0.105
0.105
0.105
0.105
0.205
0.105
0.105
0.145
0.145
0.145
0.145
0.109
0.109
0.069
0.129
0.129
0.129
0.129
0.229
0.141
0.129
0.129
0.129
0.129
0.129
0.129
0.129
0.184
0.184
0.184
0.184
0.184
0.184
0.184
0.184
0.184
0.184
0.184
0.244
0.244
0.244
0.244
0.184
0.184
8.979
8.979
8.979
0.184
0.129
0.364
0.404
0.367
0.367
0.367
0.367
0.367
0.367
0.367
0.367
0.367
0.367
0.367
0.367
0.367
0.367
0.367
0.367
0.367
0.367
0.243
0.243
0.071
0.071
0.071
0.071
0.071
0.071
0.071
0.071
0.071
0.071
0.071
0.071
0.071
0.071
0.071
0.071
0.071
0.071
0.071
0.071
0.071
0.071
0.071
0.071
0.071
0.071
0.071
0.071
0.071
0.071
0.071
0.071
0.071
0.071
0.071
0.071
0.071
0.071
0.071
0.071
0.071
0.071
0.071
0.071
0.071
0.071
0.071
0.071
0.071
0.071
0.071
0.071
0.071
0.071
0.071
0.071
0.195
0.195
0.195
0.195
0.195
0.195
0.195
0.195
0.195
0.195
0.195
0.367
0.367
0.367
0.367
0.367
0.367
0.367
0.243
0.243
0.243
0.243
0.243
0.243
0.243
0.243
0.243
0.243
0.243
0.243
0.243
0.243
0.243
0.071
0.077
0.077
0.077
0.077
0.077
0.077
0.077
0.077
0.077
0.077
0.077
0.077
0.077
0.077
0.077
0.077
0.077
0.077
0.077
0.077
0.077
0.077
0.132
0.132
0.077
0.077
0.077
0.077
0.077
0.077
0.077
0.077
0.201
0.201
0.201
0.201
0.201
0.201
0.201
0.201
0.201
0.201
0.201
0.201
0.373
0.373
0.373
0.373
0.373
0.373
0.249
0.249
0.249
0.249
0.249
0.249
0.249
0.249
0.249
0.249
0.249
0.249
0.249
0.249
0.249
0.249
0.147
0.147
0.147
0.147
0.147
0.139
0.139
0.139
0.139
0.139
0.139
0.139
0.139
0.139
0.139
0.139
0.139
0.139
0.139
0.139
0.139
0.139
0.139
0.263
0.263
0.263
0.263
0.263
0.263
0.263
0.263
0.263
0.263
0.263
0.263
0.271
0.271
0.271
0.271
0.271
0.271
0.147
0.147
0.147
0.147
0.147
0.147
0.147
0.147
0.147
0.262
0.262
0.434
0.434
0.434
0.434
0.434
0.434
0.434
0.434
0.434
0.45
0.45
0.45
0.45
0.45
0.45
0.45
0.45
0.45
0.45
0.45
0.45
0.45
0.278
0.278
0.278
0.278
0.278
0.278
0.163
0.163
0.163
0.163
0.163
0.163
0.163
0.163
0.163
0.163
0.163
0.163
0.163
0.163
0.163
0.163
0.163
0.163
0.163
0.163
0.163
0.163
0.163
0.163
0.163
0.163
0.163
0.163
0.155
0.155
0.155
0.155
0.155
0.155
0.155
0.155
0.155
0.155
0.155
0.155
0.155
0.139
0.139
1.976
0.071
0.071
0.071
0.071
0.071
0.071
0.071
0.071
0.071
0.071
1.906
1.906
0.069
0.069
0.069
0.069
0.069
0.069
0.069
0.069
0.069
0.069
0.193
0.193
0.193
0.193
0.193
0.193
0.248
0.248
0.248
0.318
0.478
0.418
0.418
0.318
0.327
0.327
0.327
0.327
0.203
0.203
0.203
0.194
0.194
0.194
0.194
2.031
2.131
2.076
0.239
0.239
0.239
0.239
0.239
0.239
0.139
0.139
0.139
0.215
0.215
0.175
0.175
0.175
0.235
0.235
0.235
0.335
0.335
0.344
0.344
0.335
0.335
0.335
0.335
0.335
0.335
0.335
0.335
0.375
0.375
0.375
0.375
0.375
0.375
0.375
0.395
0.519
0.519
0.519
0.519
0.519
0.519
0.579
0.579
0.579
0.579
2.396
2.396
2.456
0.619
0.619
0.619
0.619
0.674
0.55
0.61
0.61
0.61
0.61
0.071
0.243
0.243
0.243
0.243
0.243
0.243
0.243
0.243
0.243
0.377
0.432
0.432
0.467
0.467
0.467
0.537
0.437
0.437
0.437
0.243
0.243
0.243
0.071
0.071
0.071
0.071
0.071
0.071
0.071
0.071
0.071
0.071
0.071
0.071
0.071
0.071
0.071
0.071
0.071
0.071
0.071
0.071
0.071
0.071
0.071
0.071
0.071
0.071
0.071
0.071
0.071
0.071
0.071
0.071
0.071
0.071
0.071
0.071
0.071
0.071
0.071
0.071
0.071
0.071
0.071
0.071
0.071
0.071
0.071
0.071
0.071
0.071
0.071
0.071
0.071
0.071
0.071
0.071
0.071
0.071
0.071
0.195
0.195
0.195
0.195
0.195
0.195
0.195
0.195
0.195
0.195
0.195
0.195
0.195
0.195
0.367
0.367
0.367
0.367
0.243
0.243
0.243
0.243
0.243
0.243
0.243
0.243
0.243
0.243
0.243
0.243
0.243
0.243
0.243
0.243
0.243
0.243
0.071
0.071
0.105
0.16
1.174
1.174
1.174
1.997
1.997
1.997
0.16
0.16
0.16
0.23
0.194
2.031
2.031
2.031
0.194
0.254
0.254
0.254
0.254
0.254
0.314
0.289
0.289
0.289
0.289
0.289
0.289
0.289
0.289
0.289
0.289
0.289
0.289
0.254
0.254
0.184
0.244
0.244
0.329
0.329
0.501
0.441
0.441
0.441
0.441
0.565
0.565
0.565
0.565
0.565
0.565
0.565
0.565
0.565
0.625
0.641
0.681
0.711
0.651
0.581
0.566
0.566
0.454
0.33
0.37
0.425
0.425
0.425
0.485
0.485
0.485
0.485
0.485
0.555
0.52
0.52
0.46
0.4
0.4
0.4
0.4
0.4
0.42
0.42
0.42
0.42
0.42
0.42
0.42
0.42
0.42
0.42
0.37
0.37
0.37
0.406
0.446
0.466
0.466
0.426
0.426
0.426
0.435
0.435
0.435
0.435
0.766
0.766
0.766
0.706
0.706
0.706
0.706
0.706
0.706
0.655
0.655
0.69
0.69
0.69
0.69
0.69
0.69
0.69
0.634
0.634
0.674
0.674
0.493
0.493
0.458
0.418
0.418
0.418
2.255
2.255
2.255
0.418
0.418
0.418
0.418
0.418
9.213
9.213
9.213
0.418
0.427
0.477
0.468
0.468
0.468
0.468
0.528
0.528
0.528
0.528
0.716
0.716
0.716
0.661
0.661
0.661
0.661
0.661
0.716
0.676
0.676
0.676
0.585
0.585
0.565
0.565
0.565
0.515
0.515
0.515
0.515
0.627
0.751
0.751
0.751
0.751
0.751
0.841
0.786
0.786
0.786
0.786
0.786
0.786
0.786
0.901
0.901
0.901
0.901
0.901
0.777
0.809
0.749
0.577
0.507
0.507
0.507
0.507
0.547
0.547
0.591
0.591
0.591
0.591
0.591
0.591
0.521
0.521
0.521
0.521
0.529
0.529
0.529
0.529
0.529
0.529
0.529
0.529
0.529
0.529
0.529
0.599
0.599
0.599
0.599
0.599
0.599
0.599
0.599
0.599
0.723
0.723
2.56
2.56
2.684
0.847
0.847
0.907
0.907
0.907
0.907
0.907
0.838
0.838
0.838
0.838
0.838
0.778
0.654
0.654
0.654
0.654
0.614
0.655
0.655
0.655
0.655
0.655
0.655
0.655
0.695
0.655
0.655
0.705
0.784
0.706
0.741
0.706
0.706
0.706
0.694
0.734
0.651
0.639
0.639
0.639
0.639
0.639
0.69
0.69
0.69
0.69
0.69
0.682
0.737
0.782
0.842
0.858
0.898
0.838
0.714
0.898
0.898
0.898
0.898
0.898
0.898
0.898
0.898
0.898
0.933
0.933
0.933
0.993
0.993
0.993
0.993
0.898
0.898
0.958
0.958
0.958
0.958
0.786
0.786
0.786
0.786
0.841
0.841
0.841
0.771
0.771
0.656
0.716
0.716
0.716
0.62
0.62
0.52
0.529
0.529
0.529
0.529
0.529
0.653
0.653
0.529
0.529
0.529
0.529
0.529
0.52
0.52
0.52
0.52
0.57
0.57
0.554
0.554
0.554
0.554
0.554
0.534
0.554
0.554
0.554
0.669
0.669
0.677
0.677
0.677
0.677
0.677
0.677
0.677
0.677
0.677
0.677
0.909
0.899
0.968
0.968
0.233
0.233
0.233
0.233
0.233
0.357
0.357
0.357
0.357
0.357
