0.072
0.062
0.062
0.062
0.062
0.062
0.062
0.062
0.062
0.062
0.062
0.062
0.062
0.256
0.256
0.256
0.256
0.256
0.256
0.256
0.256
0.256
0.256
0.256
0.256
0.256
0.256
0.256
0.256
0.256
0.256
0.266
0.266
0.266
0.266
0.072
0.072
0.072
0.072
0.072
0.072
0.072
0.072
0.072
0.072
0.072
0.072
0.072
0.072
0.204
0.204
0.204
0.204
0.204
0.204
0.204
0.204
0.204
0.204
0.204
0.204
0.204
0.204
0.204
0.204
0.204
0.204
0.072
0.072
0.072
0.072
0.072
0.072
0.072
0.072
0.072
0.072
0.072
0.072
0.072
0.072
0.072
0.072
0.072
0.072
0.072
0.072
0.072
0.072
0.072
0.072
0.072
0.072
0.072
0.072
0.072
0.072
0.072
0.072
0.072
0.072
0.072
0.072
0.072
0.072
0.227
0.227
0.227
0.227
0.227
0.421
0.421
0.421
0.421
0.421
0.421
0.421
0.421
0.421
0.421
0.421
0.421
0.421
0.421
0.421
0.266
0.266
0.398
0.398
0.398
0.398
0.398
0.204
0.204
0.204
0.204
0.204
0.204
0.204
0.204
0.204
0.204
0.204
0.204
0.204
0.072
0.072
0.072
0.072
0.072
0.072
0.072
0.072
0.072
0.072
0.072
0.072
0.072
0.072
0.072
0.072
0.072
0.072
0.072
0.072
0.072
0.072
0.072
0.072
0.072
0.072
0.072
0.072
0.072
0.072
0.072
0.072
0.072
0.072
0.072
0.072
0.072
0.072
0.072
0.072
0.227
0.227
0.227
0.227
0.227
0.227
0.227
0.227
0.227
0.227
0.227
0.227
0.227
0.227
0.359
0.359
0.359
0.359
0.359
0.359
0.204
0.204
0.204
0.204
0.204
0.204
0.204
0.204
0.204
0.204
0.398
0.398
0.266
0.266
0.266
0.266
0.266
0.266
0.266
0.266
0.266
0.266
0.266
0.266
0.266
0.266
0.266
0.266
0.266
0.266
0.266
0.266
0.072
0.072
0.072
0.072
0.072
0.072
0.072
0.072
0.072
0.072
0.072
0.072
0.227
0.227
0.227
0.227
0.227
0.227
0.227
0.227
0.227
0.227
0.227
0.227
0.227
0.227
0.227
0.227
0.227
0.227
0.227
0.227
0.072
0.072
0.072
0.072
0.072
0.072
0.072
0.072
0.072
0.072
0.072
0.072
0.072
0.072
0.072
0.072
0.266
0.266
0.266
0.266
0.266
0.266
0.266
0.266
0.266
0.266
0.266
0.266
0.266
0.266
0.266
0.266
0.266
0.266
0.398
0.398
0.398
0.398
0.204
0.204
0.204
0.204
0.204
0.204
0.204
0.204
0.204
0.204
0.204
0.359
0.359
0.359
0.227
0.227
0.227
0.227
0.227
0.227
0.227
0.227
0.227
0.227
0.227
0.227
0.227
0.227
0.227
0.227
0.227
0.072
0.072
0.072
0.072
0.072
0.072
0.072
0.072
0.072
0.072
0.072
0.072
0.072
0.072
0.072
0.072
0.072
0.072
0.072
0.072
0.072
0.072
0.072
0.266
0.266
0.266
0.266
0.266
0.266
0.266
0.266
0.266
0.266
0.266
0.266
0.266
0.266
0.266
0.266
0.266
0.266
0.266
0.264
0.264
0.264
0.07
0.07
0.07
0.07
0.17
0.23
0.23
0.23
0.362
0.362
0.362
0.362
0.362
0.362
0.362
0.462
0.462
0.362
0.362
0.375
0.375
0.315
0.315
0.315
0.315
0.315
0.183
0.203
0.203
0.203
0.203
0.358
0.358
0.338
0.338
0.338
0.338
0.338
0.338
0.338
2.549
2.549
2.589
2.589
2.549
0.338
0.338
0.338
0.338
0.398
0.398
0.243
0.243
0.243
0.243
0.313
0.373
2.514
2.708
2.708
2.608
2.608
0.397
0.397
0.397
0.397
0.397
0.397
0.397
0.397
0.397
0.397
0.417
0.417
0.517
0.517
0.517
0.517
0.517
0.404
0.21
0.21
0.21
0.21
2.421
2.421
2.421
0.21
0.29
0.37
0.37
2.481
2.481
2.481
2.481
2.541
0.33
0.33
0.462
0.462
0.462
0.462
0.462
0.402
0.472
0.472
0.472
0.512
0.442
0.442
0.402
0.557
0.557
0.557
0.557
0.557
0.425
0.425
0.495
0.495
0.465
0.535
0.435
0.435
0.435
0.535
0.535
0.465
0.465
5.056
5.056
4.901
4.901
4.901
2.69
2.762
2.762
0.144
0.144
0.144
0.144
0.144
0.338
2.321
2.321
2.321
2.321
4.699
4.699
4.699
4.699
4.699
6.97
6.91
6.91
2.319
2.319
2.319
2.319
2.319
2.648
2.648
2.78
2.78
0.274
0.274
0.274
0.274
0.274
0.274
0.274
0.274
0.274
0.274
0.274
0.274
2.485
2.485
2.485
2.485
2.353
0.142
0.142
0.142
0.142
0.142
0.142
0.142
0.142
0.142
0.142
0.297
0.297
0.297
0.297
2.508
2.508
2.508
2.508
2.508
0.297
0.297
0.297
0.297
0.297
0.297
0.297
0.297
0.297
0.491
2.702
2.547
2.547
2.547
2.547
0.336
2.547
2.547
2.547
2.547
2.547
0.336
0.336
0.336
0.468
0.468
0.468
0.645
0.645
0.468
0.468
0.274
0.274
0.274
2.485
2.485
2.485
2.485
2.485
0.274
0.451
0.451
0.142
0.142
0.264
0.264
1.4
1.4
3.611
3.611
3.611
1.4
1.4
1.577
1.577
1.555
1.555
1.555
1.555
1.555
1.615
1.615
1.615
1.615
1.555
1.555
1.732
1.732
2.05
2.05
4.261
4.261
4.261
6.193
6.193
3.827
2.691
2.691
2.691
2.691
2.691
2.691
2.691
2.691
2.691
2.885
2.885
2.765
2.765
2.765
2.765
2.765
2.765
2.765
2.765
2.765
2.765
2.765
2.765
2.765
2.765
2.765
2.765
2.765
2.765
2.765
2.765
2.571
2.571
2.571
2.571
2.571
2.571
2.571
2.571
2.571
2.571
2.571
2.571
2.571
2.571
2.571
2.571
2.571
2.571
2.571
2.571
2.571
2.571
2.571
2.571
2.571
2.571
0.072
0.072
0.072
0.072
0.072
0.072
0.072
0.072
0.072
0.072
0.072
0.072
0.072
0.072
0.072
0.072
0.072
0.072
0.072
0.266
0.266
0.266
0.266
0.266
0.266
0.266
0.266
0.266
0.266
0.266
0.266
0.266
0.398
0.398
0.553
0.553
0.553
0.553
0.553
0.553
0.553
0.359
0.359
0.359
0.359
0.359
0.359
0.359
0.359
0.359
0.227
0.227
0.227
0.227
0.072
0.072
0.072
0.072
0.072
0.072
0.072
0.072
0.072
0.072
0.072
0.072
0.072
0.072
0.072
0.072
0.072
0.072
0.072
0.072
0.072
0.072
0.072
0.072
0.072
0.072
0.072
0.072
0.072
0.072
0.072
0.072
0.072
0.072
0.072
0.072
0.072
0.072
0.072
0.072
0.072
0.072
0.072
0.072
0.072
0.072
0.072
0.072
0.072
0.072
0.072
0.072
0.072
0.421
0.421
0.421
0.421
0.421
0.421
0.421
0.553
0.553
0.553
0.553
0.553
0.553
0.553
0.553
0.553
0.553
0.553
0.553
0.553
0.398
0.398
0.204
0.204
0.204
0.072
0.072
0.072
0.072
0.072
0.072
0.072
0.072
0.072
0.072
0.072
0.072
0.072
0.072
0.072
0.072
0.072
0.072
0.072
0.072
0.072
0.072
0.072
0.072
0.072
0.072
0.072
0.072
0.072
0.072
0.072
0.072
0.072
0.072
0.072
0.072
0.072
0.072
0.072
0.072
0.204
0.204
0.398
0.398
0.398
0.398
0.398
0.398
0.398
0.398
0.398
0.398
0.398
0.398
0.398
0.398
0.398
0.398
0.266
0.266
0.266
0.266
0.266
0.266
0.072
0.072
0.072
0.072
0.072
0.072
0.072
0.072
0.072
0.072
0.072
0.072
0.072
0.072
0.072
0.227
0.227
0.227
0.227
0.227
0.227
0.227
0.227
0.227
0.227
0.227
0.227
0.227
0.227
0.227
0.227
0.227
0.227
0.227
0.227
0.072
0.072
0.072
0.072
0.072
0.072
0.072
0.072
0.072
0.072
0.072
0.072
0.072
0.072
0.072
0.266
0.266
0.266
0.266
0.266
0.266
0.266
0.266
0.266
0.266
0.266
0.266
0.266
0.266
0.266
0.266
0.266
0.266
0.266
0.266
0.266
0.266
0.072
0.204
0.204
0.204
0.204
0.204
0.204
0.204
0.204
0.204
0.204
0.204
0.204
0.204
0.204
0.204
0.204
0.204
0.204
0.072
0.072
0.072
0.072
0.072
0.072
0.072
0.192
2.403
2.403
2.403
2.403
2.403
0.292
0.292
0.292
0.292
0.292
0.292
0.447
0.447
0.347
0.347
0.347
0.347
0.447
0.487
0.681
0.641
0.641
2.852
2.852
2.852
2.852
2.852
0.641
0.641
0.716
0.716
0.621
0.95
0.89
0.89
0.89
0.561
0.661
0.661
0.561
0.561
0.367
0.367
0.367
0.367
0.367
0.367
0.367
0.367
0.367
0.467
0.407
0.427
2.738
2.738
2.738
2.738
2.698
0.487
0.487
0.487
0.427
0.427
0.427
0.427
0.427
2.638
2.638
2.651
2.651
2.651
0.695
0.695
0.826
0.826
0.826
0.826
0.826
0.826
0.958
0.978
0.978
0.958
0.958
1.018
0.918
0.918
0.948
0.948
0.817
0.817
0.856
0.856
0.856
0.856
0.816
0.816
0.684
0.684
0.684
0.744
0.744
0.744
0.744
0.684
0.724
0.724
0.724
0.724
0.724
0.724
0.724
0.684
0.49
0.53
0.53
0.53
0.63
0.73
0.73
0.63
0.53
0.602
0.602
0.602
0.602
0.602
0.542
0.529
0.529
0.529
0.529
0.529
0.529
0.529
0.529
2.84
2.84
2.84
2.84
2.84
0.629
0.629
0.629
0.629
0.689
0.689
0.689
0.689
0.614
2.825
2.825
2.825
2.825
2.825
0.614
0.614
0.901
0.841
0.741
0.711
0.711
0.711
0.751
0.945
1.005
0.945
0.945
0.945
0.945
0.945
1.005
1.005
1.005
1.005
0.813
0.813
0.658
0.658
0.658
0.658
0.658
0.658
0.658
0.658
0.658
0.464
0.404
0.404
0.404
0.404
0.404
0.404
0.404
0.364
0.352
0.352
0.352
0.412
0.412
0.412
0.412
0.412
2.623
2.623
2.623
0.412
0.412
0.482
0.482
0.482
0.482
0.412
0.412
0.412
0.412
0.424
0.424
0.424
0.314
0.314
2.525
2.525
2.525
2.525
2.525
0.314
0.314
0.314
2.525
2.525
2.525
0.374
0.374
0.374
0.374
0.474
0.474
0.474
0.474
0.494
0.494
0.494
0.494
0.494
0.688
0.688
0.82
3.031
3.031
3.031
3.091
3.222
1.011
1.011
1.011
0.889
0.889
0.889
0.889
0.889
0.889
0.889
0.829
0.829
0.677
0.677
0.483
0.483
0.638
0.638
0.638
0.638
0.578
0.578
0.578
0.578
0.578
0.578
0.498
0.498
0.498
0.498
0.498
0.498
0.598
0.598
0.598
0.598
0.431
0.431
0.431
0.401
0.401
0.401
0.27
0.23
0.23
0.23
0.29
0.29
0.23
0.23
0.23
0.23
0.23
0.302
0.302
0.302
0.302
0.402
0.402
0.533
0.433
0.433
0.433
0.433
0.433
0.433
0.433
0.433
0.433
0.463
0.503
0.463
0.657
0.657
0.657
0.657
0.717
0.717
0.717
0.717
0.717
0.717
0.717
0.717
0.872
0.812
0.812
0.812
0.912
0.912
0.852
0.752
0.752
0.752
0.558
0.558
0.558
0.79
0.79
0.79
0.79
0.79
0.79
0.79
0.635
0.635
0.635
0.635
0.675
0.675
0.635
0.635
0.635
0.705
0.705
0.573
0.573
0.573
0.573
0.573
2.784
2.784
2.784
0.573
0.573
0.573
0.561
0.561
0.683
0.695
0.695
0.77
0.77
0.77
0.77
0.77
0.77
0.77
0.77
0.77
0.77
0.77
0.74
0.74
0.82
0.72
0.72
0.72
0.72
0.72
0.72
0.72
0.72
0.72
2.931
2.861
2.993
3.093
2.993
0.782
0.782
0.782
0.782
0.782
2.993
3.148
0.359
0.359
0.359
0.359
0.359
0.359
0.359
0.359
0.227
0.227
