0.055
0.055
0.055
0.055
0.055
0.055
0.055
0.055
0.055
0.045
0.045
0.045
0.045
0.045
0.045
0.045
0.045
0.045
0.045
0.045
0.045
0.045
0.045
0.045
0.243
0.243
0.243
0.243
0.243
0.243
0.243
0.243
0.243
0.243
0.243
0.243
0.243
0.243
0.045
0.055
0.055
0.055
0.055
0.055
0.055
0.055
0.055
0.055
0.055
0.055
0.055
0.055
0.055
0.055
0.055
0.055
0.055
0.055
0.055
0.055
0.055
0.055
0.055
0.055
0.055
0.055
0.055
0.055
0.055
0.055
0.055
0.055
0.055
0.055
0.055
0.055
0.055
0.055
0.055
0.055
0.055
0.055
0.055
0.055
0.055
0.055
0.055
0.055
0.055
0.055
0.055
0.055
0.055
0.055
0.055
0.055
0.253
0.253
0.253
0.253
0.253
0.253
0.253
0.253
0.253
0.253
0.253
0.253
0.253
0.253
0.055
0.055
0.055
0.055
0.055
0.055
0.055
0.055
0.055
0.055
0.055
0.055
0.055
0.055
0.055
0.055
0.055
0.055
0.055
0.055
0.055
0.055
0.055
0.055
0.055
0.055
0.055
0.055
0.055
0.055
0.055
0.055
0.055
0.055
0.055
0.055
0.055
0.055
0.055
0.055
0.055
0.055
0.055
0.055
0.055
0.055
0.055
0.055
0.055
0.055
0.055
0.055
0.055
0.055
0.055
0.055
0.055
0.253
0.253
0.253
0.253
0.253
0.253
0.253
0.253
0.253
0.253
0.253
0.253
0.253
0.253
0.055
0.055
0.055
0.055
0.055
0.055
0.055
0.055
0.055
0.055
0.055
0.055
0.055
0.055
0.055
0.055
0.055
0.055
0.055
0.055
0.055
0.055
0.055
0.055
0.055
0.055
0.055
0.055
0.055
0.055
0.055
0.055
0.055
0.055
0.055
0.055
0.055
0.055
0.055
0.055
0.055
0.055
0.055
0.055
0.055
0.055
0.055
0.055
0.055
0.055
0.055
0.055
0.055
0.055
0.055
0.055
0.055
0.055
0.055
0.055
0.055
0.055
0.253
0.253
0.253
0.253
0.253
0.253
0.253
0.253
0.253
0.253
0.253
0.253
0.253
0.253
0.055
0.055
0.055
0.055
0.055
0.055
0.055
0.055
0.055
0.055
0.055
0.055
0.055
0.055
0.055
0.055
0.055
0.055
0.055
0.055
0.055
0.055
0.055
0.055
0.055
0.055
0.055
0.055
0.055
0.055
0.055
0.055
0.055
0.055
0.055
0.055
0.055
0.055
0.055
0.055
0.055
0.055
0.055
0.055
0.055
0.055
0.055
0.055
0.055
0.055
0.055
0.055
0.055
0.055
0.055
0.055
0.055
0.055
0.055
0.055
0.055
0.055
0.055
0.253
0.253
0.253
0.253
0.253
0.253
0.253
0.253
0.253
0.253
0.253
0.253
0.253
0.253
0.055
0.055
0.055
0.055
0.055
0.055
0.055
0.055
0.055
0.055
0.055
0.055
0.055
0.055
0.055
0.055
0.055
0.055
0.055
0.055
0.055
0.055
0.055
0.055
0.055
0.055
0.055
0.055
0.055
0.055
0.055
0.055
0.055
0.055
0.055
0.055
0.055
0.055
0.055
0.055
0.055
0.055
0.055
0.055
0.055
0.055
0.055
0.055
0.055
0.055
0.055
0.055
0.055
0.055
0.055
0.055
0.055
0.055
0.055
0.055
0.055
0.055
0.055
0.055
0.055
0.055
0.055
0.055
0.055
0.055
0.055
0.055
0.055
0.055
0.055
0.055
0.055
0.055
0.055
0.055
0.055
0.055
0.055
0.055
0.055
0.055
0.055
0.055
0.055
0.055
0.055
0.055
0.055
0.055
0.055
0.055
0.055
0.055
0.055
0.055
0.055
0.055
0.055
0.055
0.055
0.055
0.055
0.055
0.055
0.055
0.055
0.055
0.055
0.055
0.055
0.055
0.055
0.055
0.055
0.253
0.253
0.253
0.253
0.253
0.253
0.253
0.253
0.253
0.253
0.253
0.253
0.253
0.253
0.055
0.055
0.055
0.053
0.053
0.053
0.053
0.053
0.154
0.154
0.154
0.154
0.194
0.274
0.274
0.324
0.324
0.324
0.223
0.223
0.223
0.223
0.223
0.223
0.223
0.223
0.263
0.203
0.203
0.99
0.99
0.99
0.253
0.253
0.253
0.253
0.253
0.253
0.253
0.253
0.253
0.213
0.273
0.273
0.273
0.273
0.273
0.273
0.273
0.273
0.273
0.273
0.379
0.379
0.329
0.329
0.329
0.527
0.527
0.527
0.527
0.527
0.527
0.527
0.527
0.527
0.592
0.592
0.604
0.604
0.604
0.406
2.763
2.763
2.698
2.698
2.698
2.698
2.698
2.698
2.686
2.686
2.686
2.787
2.787
2.787
2.787
2.787
0.43
0.43
0.43
0.43
0.43
0.43
0.43
0.43
0.43
0.43
0.43
0.43
0.43
0.43
0.43
0.43
0.43
0.43
0.43
0.445
0.445
0.445
0.445
0.445
0.445
0.445
0.445
0.445
0.445
0.405
0.405
0.405
0.405
0.405
0.405
0.405
0.405
0.405
0.405
0.405
0.405
0.721
0.793
0.793
2.487
2.171
2.171
0.477
0.675
0.675
2.658
2.658
2.658
2.658
2.658
2.658
2.658
2.658
2.658
2.658
2.658
2.658
2.46
2.46
4.154
4.154
4.154
2.46
2.46
2.46
2.46
0.477
0.477
0.477
0.477
0.127
0.127
0.127
0.127
0.127
0.127
0.127
0.127
0.127
0.127
0.127
0.127
0.127
0.127
0.127
0.127
0.127
0.127
0.127
0.127
0.127
0.127
0.127
0.127
0.127
0.127
0.127
0.127
0.127
0.127
0.127
0.127
0.127
0.127
0.127
0.127
0.127
0.127
0.127
0.127
0.127
0.127
0.127
0.127
0.127
0.127
0.127
0.127
0.127
0.127
0.127
0.127
0.325
0.325
0.325
0.325
0.325
0.325
0.325
0.502
0.502
0.325
0.325
0.325
0.325
0.325
0.127
0.127
0.127
0.127
0.127
0.127
0.304
0.304
0.127
0.127
0.127
0.127
0.127
0.127
0.127
0.127
0.127
0.127
0.127
0.304
0.304
0.127
0.127
0.127
0.127
0.127
0.127
0.127
0.127
0.127
0.127
0.127
0.304
0.304
0.622
0.622
0.622
0.622
0.622
0.055
0.055
0.055
0.055
0.055
0.055
0.055
0.055
0.055
0.055
0.055
0.055
0.055
0.055
0.055
0.055
0.055
0.055
0.055
0.055
0.055
0.055
0.055
0.055
0.055
0.055
0.055
0.055
0.055
0.055
0.055
0.055
0.055
0.055
0.055
0.055
0.055
0.055
0.055
0.055
0.055
0.055
0.055
0.055
0.055
0.055
0.055
0.253
0.253
0.253
0.253
0.253
0.253
0.253
0.253
0.253
0.253
0.253
0.253
0.253
0.253
0.055
0.055
0.055
0.055
0.055
0.055
0.055
0.055
0.055
0.055
0.055
0.055
0.055
0.055
0.055
0.055
0.055
0.055
0.055
0.055
0.055
0.055
0.055
0.055
0.055
0.055
0.055
0.055
0.055
0.055
0.055
0.055
0.055
0.055
0.055
0.055
0.055
0.055
0.055
0.055
0.055
0.055
0.055
0.055
0.055
0.055
0.055
0.055
0.055
0.055
0.055
0.055
0.055
0.055
0.055
0.055
0.055
0.055
0.055
0.055
0.055
0.055
0.055
0.055
0.055
0.055
0.055
0.055
0.055
0.055
0.055
0.253
0.253
0.253
0.253
0.253
0.253
0.253
0.253
0.253
0.253
0.253
0.253
0.253
0.253
0.055
0.055
0.055
0.055
0.055
0.055
0.055
0.055
0.055
0.055
0.055
0.055
0.055
0.055
0.055
0.055
0.055
0.055
0.055
0.055
0.055
0.055
0.055
0.055
0.055
0.055
0.055
0.055
0.055
0.055
0.055
0.055
0.055
0.055
0.055
0.055
0.055
0.055
0.055
0.055
0.055
0.055
0.055
0.055
0.055
0.055
0.055
0.055
0.055
0.055
0.055
0.055
0.055
0.055
0.055
0.055
0.055
0.055
0.055
0.055
0.055
0.055
0.055
0.055
0.055
0.055
0.055
0.055
0.055
0.055
0.055
0.055
0.055
0.055
0.055
0.055
0.055
0.055
0.055
0.275
0.335
0.355
0.335
0.32
0.32
0.32
0.32
0.26
0.32
0.332
0.347
0.663
0.703
0.703
0.703
0.387
0.387
2.081
2.041
2.041
0.347
0.347
0.347
0.347
0.347
0.347
0.347
0.347
0.347
0.407
0.407
0.407
0.407
0.407
0.407
0.407
0.447
0.447
0.447
0.447
0.447
0.447
0.447
0.48
0.678
0.678
0.678
0.678
0.678
0.618
0.618
0.618
0.618
0.618
0.618
0.618
0.618
0.618
0.44
0.42
0.42
0.42
0.42
0.44
0.44
0.44
0.44
0.44
0.44
0.44
0.425
0.425
0.425
0.485
0.485
0.485
0.485
0.485
0.485
0.44
0.44
0.44
0.428
0.428
0.428
0.428
0.488
0.528
0.52
0.42
0.42
0.42
0.42
0.42
0.42
0.42
0.44
0.5
0.5
0.56
0.48
0.468
0.468
0.468
0.488
0.488
0.488
0.488
0.488
0.488
0.488
0.488
0.488
0.488
0.488
0.488
0.653
0.653
0.653
0.653
0.653
0.593
0.593
0.593
0.593
0.593
0.593
0.593
0.593
0.593
0.435
0.435
0.375
0.415
0.415
0.415
0.475
0.535
0.535
0.625
0.585
0.605
0.605
0.605
0.605
0.605
0.504
0.504
0.544
0.544
0.544
0.544
0.484
0.484
0.484
0.379
0.379
0.379
0.379
0.48
0.48
0.53
0.53
0.53
0.53
0.59
0.59
0.59
0.59
0.59
0.53
0.53
0.53
0.49
0.49
0.389
0.389
0.389
0.389
0.389
0.389
0.389
0.389
0.389
0.389
0.449
0.449
0.449
0.449
0.659
0.659
0.659
0.599
0.599
0.599
0.599
0.599
0.599
0.589
0.589
0.589
0.589
0.589
0.441
0.441
0.441
0.481
0.496
0.496
0.496
0.496
0.496
0.496
0.496
0.496
0.561
0.561
0.561
0.611
0.611
2.305
2.305
2.305
0.611
0.611
0.611
0.611
0.611
0.611
0.611
0.611
0.611
0.611
0.611
2.305
2.305
2.305
0.611
0.611
0.571
0.571
0.571
0.571
0.672
0.672
0.672
0.672
0.672
0.672
0.672
0.672
0.566
0.566
0.566
0.566
0.566
0.566
0.566
0.506
0.599
0.599
0.599
0.587
0.587
0.587
0.587
0.797
0.782
0.681
0.681
0.681
0.681
0.669
0.669
0.669
0.669
0.669
0.669
0.669
0.669
0.471
0.471
0.471
0.521
0.666
0.626
0.626
0.626
0.626
0.626
0.626
0.676
0.676
0.626
0.727
0.677
0.677
0.677
0.677
0.692
0.692
0.692
0.692
0.692
0.692
0.692
0.692
0.692
0.692
0.692
0.692
0.692
0.692
0.692
0.692
0.692
0.692
0.692
0.692
0.692
0.692
0.692
0.692
0.692
0.692
0.692
0.752
0.752
0.752
0.752
0.858
2.552
2.519
2.519
0.825
0.825
0.825
0.825
0.825
0.825
0.825
0.825
1.023
0.983
0.983
0.983
0.983
0.983
0.983
0.983
0.923
0.923
0.877
0.776
0.716
0.716
0.518
0.518
0.518
0.563
0.498
0.498
0.604
0.604
0.604
0.604
0.604
0.484
0.484
0.484
0.464
0.524
0.524
0.524
0.524
0.524
0.524
0.524
0.574
0.574
0.574
0.574
0.574
0.634
0.634
0.634
0.634
0.634
0.584
0.584
0.524
0.524
0.524
0.464
0.464
0.464
0.464
0.476
0.476
0.476
0.476
0.476
0.476
0.476
0.476
0.476
0.476
0.476
0.476
0.055
0.055
0.055
0.055
0.055
0.055
0.055
0.055
0.055
0.055
0.055
0.055
0.055
0.055
0.055
0.055
0.055
0.055
0.055
0.055
0.055
0.055
0.055
0.055
0.055
0.055
0.055
0.055
0.055
0.055
0.055
0.055
0.055
0.055
0.055
0.055
0.055
0.055
0.055
0.055
0.253
0.253
0.253
0.253
0.253
0.253
0.253
0.253
0.253
0.253
0.253
0.253
0.253
0.253
0.055
0.055
0.055
0.055
0.055
0.055
0.055
0.055
0.055
0.055
0.055
0.055
0.055
0.055
0.055
0.055
