0.071
0.071
0.071
0.071
0.071
0.071
0.071
0.071
0.071
0.071
0.071
0.071
0.061
0.061
0.061
0.061
0.061
0.061
0.061
0.061
0.061
0.061
0.061
0.061
0.061
0.061
0.061
0.061
0.061
0.061
0.061
0.061
0.061
0.061
0.061
0.061
0.061
0.061
0.061
0.061
0.061
0.061
0.175
0.175
0.175
0.175
0.175
0.175
0.175
0.175
0.175
0.175
0.175
0.175
0.175
0.175
0.175
0.175
0.175
0.175
0.071
0.071
0.071
0.071
0.071
0.071
0.071
0.071
0.071
0.071
0.071
0.071
0.071
0.071
0.071
0.071
0.071
0.071
0.071
0.071
0.071
0.071
0.071
0.071
0.071
0.071
0.071
0.071
0.071
0.071
0.071
0.071
0.071
0.071
0.071
0.071
0.071
0.071
0.071
0.071
0.071
0.071
0.071
0.071
0.071
0.071
0.274
0.274
0.274
0.274
0.274
0.274
0.274
0.274
0.274
0.274
0.274
0.274
0.274
0.274
0.071
0.071
0.071
0.071
0.071
0.071
0.071
0.071
0.071
0.071
0.071
0.071
0.071
0.071
0.071
0.071
0.071
0.071
0.071
0.071
0.071
0.071
0.071
0.071
0.071
0.071
0.071
0.071
0.175
0.175
0.175
0.175
0.175
0.175
0.175
0.175
0.175
0.175
0.175
0.175
0.175
0.175
0.175
0.175
0.175
0.175
0.071
0.071
0.071
0.071
0.071
0.071
0.071
0.071
0.071
0.071
0.071
0.071
0.071
0.071
0.071
0.071
0.071
0.071
0.071
0.071
0.071
0.071
0.071
0.071
0.071
0.071
0.071
0.071
0.071
0.071
0.274
0.274
0.274
0.274
0.274
0.274
0.274
0.274
0.274
0.274
0.274
0.274
0.274
0.274
0.071
0.071
0.071
0.071
0.071
0.071
0.071
0.071
0.071
0.071
0.071
0.071
0.071
0.071
0.071
0.071
0.071
0.071
0.071
0.071
0.069
0.069
0.069
0.069
0.129
0.129
0.129
0.069
0.069
0.069
0.129
0.129
0.129
0.129
0.129
0.129
0.129
0.129
0.129
0.129
0.189
0.189
0.189
0.189
0.189
0.189
0.189
0.249
0.249
0.249
0.263
0.263
0.368
0.308
0.248
0.248
0.248
0.308
0.308
0.308
0.071
0.071
0.175
0.175
0.175
0.175
0.378
0.378
0.378
0.378
0.378
0.378
0.378
0.378
0.378
0.378
0.378
0.378
0.378
0.378
0.071
0.071
0.071
0.071
0.071
0.071
0.071
0.071
0.071
0.071
0.071
0.071
0.071
0.071
0.071
0.071
0.071
0.071
0.071
0.071
0.071
0.071
0.071
0.071
0.071
0.071
0.071
0.071
0.071
0.071
0.071
0.071
0.071
0.071
0.071
0.071
0.071
0.071
0.071
0.071
0.071
0.071
0.071
0.071
0.071
0.071
0.071
0.175
0.175
0.175
0.175
0.175
0.175
0.175
0.175
0.175
0.175
0.175
0.175
0.175
0.175
0.175
0.175
0.175
0.175
0.071
0.071
0.071
0.071
0.274
0.274
0.274
0.274
0.274
0.274
0.274
0.274
0.274
0.274
0.274
0.274
0.274
0.274
0.071
0.071
0.071
0.071
0.071
0.071
0.071
0.071
0.071
0.071
0.071
0.071
0.071
0.071
0.071
0.071
0.071
0.071
0.071
0.071
0.071
0.071
0.071
0.071
0.071
0.071
0.071
0.071
0.071
0.071
0.071
0.071
0.071
0.071
0.071
0.071
0.071
0.071
0.071
0.071
0.071
0.071
0.071
0.071
0.071
0.071
0.071
0.083
0.203
0.307
0.247
0.247
0.247
0.247
0.247
0.247
0.247
0.247
0.247
0.187
0.187
0.187
0.227
0.227
0.227
0.227
0.227
0.183
0.183
0.183
0.183
0.183
0.183
0.243
0.243
0.243
0.243
0.183
0.386
0.398
0.358
0.358
0.358
0.358
0.358
0.358
0.358
0.358
0.358
0.298
0.358
0.398
3.02
3.02
3.08
3.08
3.08
3.126
3.186
3.186
3.186
3.186
3.186
3.186
3.186
3.126
3.138
3.242
3.242
3.242
3.242
3.242
0.345
0.345
0.345
0.285
0.225
0.225
0.225
0.225
0.225
0.225
0.225
0.225
0.225
0.181
0.181
0.281
0.321
0.321
0.321
0.229
0.229
0.229
0.189
0.189
0.189
0.294
0.189
0.189
0.189
0.189
0.189
0.189
0.229
0.229
0.169
0.169
0.169
0.169
0.183
0.183
0.386
0.446
0.446
0.446
0.446
0.446
0.446
3.343
3.343
3.448
3.343
3.343
3.343
3.343
3.14
3.14
3.14
3.14
3.14
3.14
3.14
3.14
3.14
3.14
3.14
3.14
3.14
0.243
0.243
0.243
0.243
0.243
0.243
0.243
0.347
0.347
0.347
0.347
0.347
0.347
0.347
0.347
0.307
0.307
0.307
0.307
0.307
0.307
0.307
0.307
0.307
0.307
0.203
0.203
0.203
0.203
0.203
0.203
0.189
0.189
0.189
0.189
0.189
0.189
0.189
0.189
0.189
0.189
0.189
0.189
0.189
0.189
0.189
0.189
0.189
0.189
0.189
0.189
0.189
0.392
0.392
0.392
0.392
0.392
0.392
0.392
0.392
0.392
0.392
0.392
0.392
0.392
0.392
0.189
0.189
0.189
0.189
0.129
0.129
0.233
0.233
0.233
0.233
0.233
0.233
0.233
0.233
0.233
0.233
0.233
0.233
0.233
0.233
0.233
0.233
0.233
0.233
0.129
0.129
0.129
0.129
0.129
0.129
0.129
0.129
0.129
0.129
0.129
0.129
0.252
0.252
0.252
0.252
0.252
0.252
0.252
0.252
0.252
0.252
0.252
0.252
0.252
0.252
0.252
0.252
0.071
0.071
0.071
0.071
0.071
0.071
0.071
0.071
0.071
0.071
0.071
0.071
0.071
0.274
0.274
0.274
0.274
0.274
0.274
0.274
0.274
0.274
0.274
0.274
0.274
0.274
0.274
0.071
0.071
0.071
0.071
0.071
0.071
0.071
0.071
0.071
0.071
0.071
0.071
0.175
0.175
0.175
0.175
0.175
0.175
0.175
0.175
0.175
0.175
0.175
0.175
0.175
0.175
0.175
0.175
0.175
0.175
0.071
0.071
0.071
0.071
0.071
0.071
0.071
0.071
0.071
0.071
0.071
0.071
0.071
0.071
0.071
0.071
0.071
0.071
0.071
0.071
0.071
0.071
0.071
0.071
0.071
0.071
0.071
0.071
0.274
0.274
0.274
0.274
0.274
0.274
0.274
0.274
0.274
0.274
0.274
0.274
0.274
0.274
0.071
0.071
0.071
0.071
0.071
0.071
0.071
0.071
0.071
0.071
0.071
0.192
0.192
0.192
0.192
0.192
0.192
0.192
0.192
0.192
0.192
0.192
0.192
0.192
0.192
0.192
0.192
0.192
0.192
0.192
0.192
0.192
0.192
0.192
0.192
0.192
0.192
3.089
3.089
3.089
3.089
0.071
0.071
0.071
0.071
0.071
0.071
0.071
0.071
0.071
0.071
0.071
0.071
0.071
0.071
0.071
0.071
0.175
0.175
0.175
0.175
0.175
0.175
0.175
0.175
0.175
0.378
0.378
0.378
0.378
0.378
0.378
0.378
0.378
0.378
0.274
0.274
0.274
0.274
0.274
0.071
0.071
0.071
0.071
0.071
0.071
0.071
0.071
0.071
0.071
0.071
0.071
0.071
0.071
0.071
0.071
0.071
0.071
0.071
0.071
0.071
0.071
0.071
0.071
0.071
0.071
0.071
0.071
0.071
0.071
0.071
0.071
0.071
0.071
0.071
0.071
0.071
0.071
0.071
0.071
0.071
0.071
0.071
0.071
0.071
0.071
0.071
0.071
0.071
0.071
0.071
0.071
0.071
0.071
0.071
0.071
0.071
0.071
0.071
0.071
0.071
0.071
0.071
0.071
0.274
0.274
0.274
0.274
0.274
0.274
0.274
0.274
0.378
0.378
0.378
0.378
0.378
0.378
0.175
0.175
0.175
0.175
0.175
0.175
0.175
0.175
0.175
0.175
0.175
0.175
0.071
0.071
0.071
0.071
0.071
0.071
0.071
0.071
0.071
0.071
0.071
0.071
0.071
0.071
0.071
0.071
0.071
0.071
0.071
0.071
0.071
0.071
0.071
0.071
0.071
0.071
0.071
0.071
0.071
0.071
0.071
0.071
0.071
0.071
0.071
0.071
0.071
0.071
0.071
0.071
0.071
0.071
0.071
0.071
0.071
0.071
0.071
0.071
0.071
0.071
0.071
0.071
0.071
0.274
0.274
0.274
0.274
0.274
0.274
0.274
0.274
0.274
0.274
0.274
0.274
0.274
0.274
0.071
0.071
0.071
0.071
0.175
0.175
0.175
0.175
0.175
0.175
0.175
0.175
0.175
0.175
3.193
3.193
3.193
3.193
3.193
3.193
5.566
5.566
5.462
3.089
3.089
3.089
3.089
3.149
3.149
3.149
0.292
0.292
0.292
0.292
0.292
0.292
3.189
3.189
3.189
3.189
3.189
3.189
3.189
3.189
0.071
0.071
0.071
0.071
0.071
0.071
0.071
0.071
0.071
0.071
0.071
0.071
0.071
0.274
0.274
0.274
0.274
0.274
0.274
0.274
3.292
3.292
3.292
3.292
3.292
3.292
3.352
3.149
3.149
3.149
0.071
0.071
0.071
0.071
0.071
0.071
0.071
0.071
0.071
0.071
0.071
0.071
0.071
0.071
0.071
0.071
0.071
0.071
0.071
0.071
0.071
0.071
0.071
0.071
0.071
0.071
0.071
0.071
0.071
0.071
3.129
3.129
0.292
0.232
0.263
0.275
0.275
0.275
0.499
0.499
0.439
0.439
0.439
0.459
0.439
0.439
0.479
0.479
0.479
0.479
0.479
0.479
0.479
0.742
0.742
0.742
0.698
0.638
0.638
0.638
0.578
0.683
0.683
0.683
0.683
0.683
0.683
0.44
0.44
0.44
0.44
0.44
0.44
0.44
0.44
0.44
0.335
0.335
0.387
0.387
0.401
0.401
0.401
0.401
0.401
0.461
0.461
0.461
0.461
0.461
0.521
0.521
0.521
0.521
0.521
0.521
0.521
0.521
0.625
0.685
0.175
0.175
0.175
0.175
0.175
0.175
0.175
0.175
0.175
0.175
0.175
0.175
0.175
0.175
0.175
0.175
0.071
0.071
0.071
0.071
0.071
0.071
0.071
0.071
0.071
0.071
0.071
0.071
0.071
0.071
0.071
0.071
0.274
0.274
0.274
0.274
0.274
0.274
0.274
0.274
0.274
0.274
0.274
0.274
0.274
0.274
0.071
0.071
0.071
0.071
0.071
0.071
0.071
0.071
0.071
0.071
0.071
0.071
0.071
0.071
0.237
0.237
0.237
0.297
0.297
0.297
0.237
0.206
0.206
0.206
0.206
0.206
0.206
0.206
0.206
0.237
0.237
0.237
0.237
0.297
0.297
0.341
0.381
0.381
0.341
0.341
0.341
0.341
0.341
3.238
3.238
3.238
3.238
3.238
3.238
3.298
3.298
3.238
3.278
3.174
3.311
3.311
3.311
3.311
3.271
3.271
3.271
3.271
3.271
0.577
0.577
0.637
0.577
0.563
0.563
0.563
0.563
0.563
0.563
0.563
0.563
0.563
0.563
0.42
0.42
0.42
0.42
0.42
0.42
0.702
0.702
0.802
0.865
0.583
0.583
0.583
0.583
0.583
0.583
0.583
0.071
0.071
0.071
0.071
0.071
0.071
0.071
0.071
0.071
0.071
0.071
0.071
0.071
0.071
0.071
0.071
0.071
0.071
0.071
0.071
0.071
0.071
0.071
0.071
0.071
0.071
0.071
0.071
0.071
0.071
0.071
0.071
0.071
0.071
0.071
0.071
0.071
0.071
0.071
0.071
0.071
0.071
0.071
0.071
0.071
0.071
0.071
0.071
0.071
0.071
0.071
0.071
0.071
0.071
0.071
0.071
0.071
0.071
0.071
0.071
0.071
0.071
0.071
0.071
0.071
0.071
0.071
0.071
0.071
0.071
0.071
0.071
0.071
0.071
0.071
0.071
0.071
0.071
0.071
0.071
0.071
0.071
0.071
0.071
0.071
0.071
0.071
0.071
0.071
0.071
0.274
0.274
0.274
0.274
0.274
0.274
0.274
0.274
0.274
0.274
0.274
0.274
0.274
0.274
0.071
0.071
0.071
0.071
0.071
0.071
0.071
0.071
0.071
0.071
0.071
0.071
0.071
0.071
0.071
0.071
