0.059
0.059
0.059
0.119
0.131
0.201
0.327
0.327
0.327
0.267
0.327
0.327
0.339
0.339
0.339
0.339
0.339
0.399
0.339
0.339
0.339
0.379
0.379
0.379
0.379
0.379
0.372
0.372
0.389
0.389
0.389
0.377
0.377
0.437
0.632
0.632
0.512
0.512
0.191
0.191
0.191
0.191
0.191
0.203
0.243
0.331
0.391
0.331
0.331
0.331
0.331
0.391
2.48
2.48
2.48
0.652
0.652
0.652
0.652
0.331
0.071
0.071
0.071
0.071
0.071
0.071
0.071
0.071
0.071
0.071
0.071
0.071
0.071
0.071
0.071
0.071
0.071
0.071
0.071
0.071
0.071
0.071
0.192
0.192
0.192
0.192
0.192
0.192
0.192
0.192
0.192
0.192
0.192
0.192
0.192
0.192
0.192
0.192
0.192
0.192
0.071
0.071
0.071
0.071
0.071
0.071
0.071
0.071
0.071
0.071
0.071
0.071
0.071
0.071
0.071
0.269
0.269
0.269
0.269
0.269
0.269
0.269
0.269
0.269
0.269
0.269
0.269
0.269
0.269
0.269
0.269
0.269
0.269
0.269
0.269
0.269
0.269
0.071
0.071
0.071
0.071
0.071
0.071
0.192
0.192
0.192
0.192
0.192
0.192
0.192
0.192
0.192
0.192
0.192
0.192
0.192
0.192
0.192
0.192
0.192
0.192
0.071
0.071
0.071
0.071
0.071
0.071
0.071
0.071
0.071
0.071
0.071
0.071
0.071
0.071
0.071
0.071
0.071
0.071
0.071
0.071
0.071
0.071
0.071
0.071
0.071
0.071
0.071
0.071
0.071
0.071
0.071
0.071
0.071
0.071
0.269
0.269
0.269
0.269
0.269
0.269
0.269
0.269
0.269
0.269
0.269
0.269
0.269
0.269
0.269
0.269
0.269
0.269
0.269
0.269
0.269
0.269
0.071
0.071
0.071
0.071
0.071
0.071
0.071
0.071
0.071
0.071
0.071
0.071
0.071
0.071
0.071
0.071
0.071
0.071
0.071
0.071
0.071
0.071
0.071
0.071
0.071
0.071
0.071
0.192
0.192
0.192
0.192
0.192
0.192
0.192
0.192
0.192
0.192
0.192
0.192
0.192
0.192
0.192
0.192
0.192
0.192
0.071
0.071
0.071
0.071
0.071
0.071
0.071
0.071
0.071
0.071
0.071
0.071
0.071
0.071
0.071
0.071
0.071
0.071
0.071
0.071
0.071
0.071
0.071
0.071
0.071
0.071
0.071
0.071
0.071
0.071
0.071
0.071
0.071
0.071
0.269
0.269
0.269
0.269
0.269
0.269
0.269
0.269
0.269
0.269
0.269
0.269
0.269
0.269
0.269
0.269
0.269
0.269
0.269
0.269
0.269
0.269
0.071
0.071
0.071
0.071
0.071
0.071
0.071
0.071
0.071
0.071
0.071
0.071
0.071
0.071
0.071
0.071
0.071
0.071
0.071
0.071
0.071
0.071
0.192
0.192
0.192
0.192
0.192
0.192
0.192
0.192
0.192
0.192
0.192
0.192
0.192
0.192
0.192
0.192
0.192
0.192
0.071
0.071
0.071
0.071
0.071
0.071
0.071
0.071
0.071
0.071
0.071
0.071
0.071
0.071
0.071
0.071
0.071
0.071
0.269
0.269
0.269
0.269
0.269
0.269
0.269
0.269
0.269
0.269
0.269
0.269
0.269
0.269
0.269
0.269
0.269
0.269
0.269
0.269
0.269
0.269
0.071
0.071
0.121
0.121
0.121
0.133
0.133
0.133
0.133
0.133
0.133
0.133
0.133
0.133
0.161
0.161
0.161
0.161
0.121
0.121
0.121
0.121
0.121
0.221
0.221
0.221
0.221
0.221
0.221
0.221
0.221
0.261
0.161
0.161
0.161
0.149
0.149
0.149
0.149
0.109
0.23
0.197
0.197
0.23
0.23
0.23
0.23
0.27
0.27
0.27
0.27
0.27
0.37
0.382
0.382
0.382
0.382
0.382
0.261
0.321
0.321
0.321
0.321
0.381
0.321
0.273
0.273
0.273
0.273
0.273
0.273
0.273
0.273
0.273
0.273
0.273
0.273
0.471
0.471
0.471
0.471
0.471
0.597
0.597
0.597
0.597
0.597
0.657
0.657
0.657
0.657
0.657
1.608
1.608
1.536
0.585
0.585
0.585
0.585
0.387
0.387
0.387
0.071
0.071
0.071
0.071
0.071
0.071
0.071
0.071
0.071
0.071
0.071
0.071
0.071
0.071
0.192
0.192
0.192
0.192
0.192
0.192
0.328
0.328
0.328
0.328
0.328
0.328
0.328
0.368
0.368
0.328
0.4
0.4
0.339
0.351
0.351
0.351
0.339
0.339
2.262
2.262
2.262
2.262
2.262
2.25
2.25
2.25
2.25
2.25
2.25
2.25
2.25
2.25
2.25
2.25
2.25
2.25
2.25
2.25
2.25
0.267
0.267
0.267
0.267
0.267
0.267
0.465
0.465
0.465
0.465
0.465
0.465
0.465
0.465
0.465
0.586
0.586
0.586
0.586
0.586
0.586
0.586
0.586
0.586
0.586
0.586
0.586
0.586
0.388
0.388
0.388
0.388
0.388
0.267
0.267
0.267
0.267
0.267
0.267
0.267
0.267
0.267
0.267
0.267
0.267
0.267
0.267
0.267
0.267
0.267
0.267
0.141
0.141
0.141
0.141
0.141
0.141
0.141
0.141
0.141
0.141
0.141
0.141
0.318
0.318
0.141
0.141
0.141
0.141
0.462
0.462
0.462
0.462
0.267
0.267
0.267
0.444
0.444
0.267
0.267
0.267
0.267
0.267
0.267
0.267
0.267
0.267
0.267
0.267
0.444
0.444
0.267
0.267
0.274
0.274
0.384
2.533
2.654
2.654
0.505
0.505
0.505
0.682
0.694
1.012
1.012
1.012
1.012
1.012
0.319
0.319
0.319
0.359
0.359
0.319
0.198
0.519
0.519
0.519
0.519
0.198
0.198
0.198
0.198
0.198
0.396
0.396
0.396
0.396
0.408
0.408
0.408
0.408
0.408
0.408
0.408
0.408
0.408
0.408
0.396
0.396
0.396
0.396
0.396
0.396
0.396
0.396
0.198
0.198
0.198
0.198
0.198
0.319
0.419
0.419
0.319
0.319
0.319
0.319
0.319
0.319
0.319
0.319
0.307
0.307
0.307
0.3
0.3
0.3
0.3
0.179
0.179
0.305
0.305
0.305
0.305
0.305
0.305
0.305
0.305
0.305
0.305
0.305
0.305
0.305
0.305
0.305
0.305
0.305
0.305
0.305
0.305
0.305
0.305
0.305
0.305
0.305
0.305
0.317
0.317
0.317
0.317
0.317
0.317
0.317
0.317
0.317
0.438
0.438
0.312
0.312
0.312
0.312
0.312
0.312
0.312
0.312
0.312
0.312
0.312
0.312
0.312
0.312
0.312
0.312
0.191
0.191
0.191
0.389
0.389
0.389
0.389
0.389
0.389
0.389
0.389
0.389
0.389
0.389
0.389
0.389
0.389
0.389
0.389
0.389
0.389
0.389
0.389
0.389
0.389
0.191
0.191
0.191
0.191
0.191
0.191
0.191
0.191
0.179
0.179
0.186
0.186
0.186
0.186
0.219
0.219
0.219
0.219
0.219
0.231
0.231
0.231
0.231
0.231
0.231
0.231
0.231
0.231
0.231
0.231
0.231
0.231
0.231
0.231
0.231
0.231
0.231
0.231
0.231
0.231
0.662
0.662
0.662
0.662
0.341
0.539
0.539
0.539
0.539
0.539
0.539
0.539
0.539
0.79
0.89
0.89
1.016
0.695
0.787
0.787
1.686
0.269
0.269
0.269
0.269
0.269
0.269
0.071
0.071
0.071
0.192
0.192
0.192
0.192
0.192
0.192
0.192
0.192
0.192
0.192
0.192
0.192
0.192
0.192
0.192
0.192
0.192
0.192
0.071
0.071
0.071
0.071
0.071
0.071
0.071
0.071
0.071
0.071
0.071
0.071
0.071
0.071
0.071
0.071
0.071
0.071
0.071
0.071
0.071
0.071
0.071
0.071
0.071
0.071
0.071
0.071
0.071
0.071
0.071
0.071
0.071
0.071
0.071
0.071
0.071
0.071
0.269
0.269
0.269
0.269
0.269
1.506
1.506
0.429
0.489
0.629
0.629
0.629
0.629
0.629
0.629
0.629
0.629
0.629
0.629
0.629
0.629
0.629
0.466
0.454
0.454
0.454
0.454
0.447
0.447
0.447
0.547
0.635
0.635
0.635
0.635
0.761
0.673
0.673
0.673
0.673
0.673
0.673
0.673
0.673
0.673
0.673
0.673
0.673
0.673
0.552
0.612
0.552
0.564
0.564
0.564
0.624
0.624
0.624
0.624
0.624
0.624
0.624
0.612
0.672
0.712
0.712
0.712
0.712
0.712
0.91
0.91
0.91
0.87
0.87
0.91
0.97
0.97
0.97
0.93
0.93
0.93
0.93
0.93
0.93
1
0.97
0.97
1.07
1.07
0.96
0.972
0.774
0.774
2.581
2.702
2.702
2.702
2.69
2.69
2.69
2.702
2.69
2.59
2.59
2.59
2.59
2.59
4.739
4.739
4.739
2.59
2.59
2.457
2.457
2.457
2.457
2.457
2.457
2.457
2.457
0.635
0.635
0.635
0.635
0.695
0.735
0.635
0.635
0.615
0.627
0.667
0.507
0.507
0.507
0.607
1.126
1.126
1.086
1.086
0.765
0.705
0.705
0.693
0.793
0.773
0.766
0.766
0.766
0.806
0.806
0.857
0.787
0.787
0.787
0.787
0.787
0.687
0.489
0.489
0.489
0.489
0.489
0.489
0.529
0.529
0.579
0.579
0.579
0.418
0.378
0.478
0.378
0.43
0.43
0.49
0.49
0.49
0.43
0.43
0.43
0.418
0.448
0.448
0.448
0.448
0.448
0.508
0.508
0.46
0.46
0.46
0.46
0.57
0.57
0.57
0.61
0.61
0.61
0.61
0.61
0.61
0.61
0.61
0.61
0.61
0.61
0.61
0.61
0.61
0.61
0.68
0.68
0.72
0.72
0.68
0.68
0.64
0.64
0.685
0.685
0.685
0.685
0.806
0.806
0.806
0.806
0.806
0.841
0.841
1.039
1.039
1.039
1.039
1.039
1.039
1.099
1.099
1.132
1.132
1.132
0.951
1.011
1.011
1.011
1.011
1.023
1.023
1.123
1.123
1.123
1.123
0.89
0.89
0.89
0.89
0.89
0.89
0.89
0.897
0.897
0.897
0.897
0.897
0.957
1.017
0.957
0.731
0.731
0.731
0.731
0.731
0.731
0.731
0.731
0.731
0.731
0.731
0.671
0.593
0.593
0.593
0.593
0.714
0.714
0.714
0.714
0.714
0.674
0.674
0.674
0.674
0.714
0.714
0.714
0.714
0.714
0.714
0.714
0.714
0.714
0.593
0.791
0.791
0.791
0.791
0.779
0.779
0.779
0.779
0.779
0.746
0.746
0.686
0.786
0.686
0.616
0.616
0.556
0.556
0.556
0.556
0.556
8.435
8.272
8.272
0.453
0.453
0.453
0.453
0.426
0.386
0.379
0.379
0.379
0.379
0.379
0.379
0.379
0.449
0.449
0.449
0.449
0.449
0.449
0.449
0.449
0.379
0.379
0.379
0.379
0.344
0.332
0.332
0.332
0.332
0.332
0.372
0.372
0.372
0.302
0.314
0.314
0.314
0.314
0.314
0.314
0.314
0.512
0.512
0.512
0.512
0.572
0.572
0.638
0.638
0.638
0.638
0.512
0.512
0.552
0.552
0.552
0.512
0.512
0.512
0.512
0.512
0.512
0.512
0.314
0.314
0.374
0.374
0.374
0.324
0.45
0.45
0.45
0.45
0.39
0.39
0.43
0.397
0.397
0.397
0.397
0.397
0.397
0.447
0.414
0.414
0.288
0.288
0.288
0.288
0.388
0.388
0.388
0.388
0.288
0.238
0.238
0.238
0.238
0.331
0.331
0.331
0.331
0.391
0.331
0.331
0.331
0.371
0.371
0.371
0.371
0.471
0.471
0.471
0.471
0.471
0.471
0.669
0.629
0.629
0.629
0.629
0.629
2.778
2.778
2.718
0.569
0.569
0.569
0.695
0.695
0.695
0.765
0.865
0.865
0.986
0.886
0.886
0.886
0.688
0.688
0.688
0.688
0.688
0.688
0.688
0.748
0.748
0.748
0.748
0.748
0.748
0.748
0.627
0.627
0.639
0.689
0.582
0.57
0.57
0.071
0.071
0.071
0.071
0.071
0.071
0.071
0.071
0.071
0.071
0.071
0.071
0.071
0.071
0.071
0.071
0.071
0.071
0.061
0.061
