0.076
0.066
0.066
0.066
0.066
0.066
0.066
0.066
0.066
0.066
0.066
0.066
0.066
0.066
0.066
0.066
0.066
0.066
0.066
0.066
0.066
0.066
0.066
0.066
0.066
0.066
0.066
0.066
0.066
0.066
0.066
0.076
0.076
0.076
0.076
0.076
0.076
0.076
0.076
0.076
0.076
0.076
0.076
0.076
0.076
0.076
0.076
0.076
0.076
0.076
0.076
0.076
0.076
0.076
0.076
0.076
0.076
0.076
0.076
0.076
0.076
0.076
0.076
0.076
0.076
0.076
0.076
0.076
0.076
0.076
0.076
0.076
0.076
0.076
0.076
0.076
0.076
0.076
0.076
0.076
0.076
0.076
0.076
0.076
0.076
0.076
0.076
0.076
0.076
0.076
0.076
0.076
0.076
0.076
0.076
0.076
0.076
0.076
0.076
0.076
0.076
0.277
0.277
0.277
0.277
0.277
0.277
0.277
0.277
0.277
0.277
0.277
0.277
0.277
0.277
0.277
0.277
0.277
0.277
0.277
0.277
0.277
0.277
0.076
0.076
0.076
0.076
0.076
0.076
0.076
0.076
0.076
0.076
0.076
0.076
0.076
0.076
0.076
0.076
0.076
0.076
0.076
0.076
0.076
0.076
0.076
0.076
0.076
0.076
0.076
0.076
0.076
0.076
0.076
0.076
0.076
0.076
0.076
0.076
0.076
0.076
0.076
0.076
0.076
0.076
0.076
0.076
0.076
0.076
0.076
0.076
0.076
0.076
0.076
0.277
0.277
0.277
0.277
0.277
0.277
0.277
0.277
0.277
0.277
0.277
0.277
0.277
0.277
0.277
0.277
0.277
0.277
0.277
0.277
0.277
0.277
0.076
0.076
0.076
0.076
0.076
0.076
0.076
0.076
0.076
0.076
0.076
0.076
0.076
0.076
0.076
0.076
0.076
0.076
0.076
0.076
0.076
0.076
0.076
0.076
0.076
0.076
0.076
0.076
0.076
0.076
0.076
0.076
0.076
0.076
0.076
0.076
0.076
0.076
0.076
0.076
0.076
0.076
0.076
0.076
0.076
0.076
0.076
0.076
0.076
0.076
0.076
0.076
0.076
0.076
0.076
0.076
0.076
0.076
0.076
0.076
0.076
0.076
0.076
0.076
0.076
0.076
0.076
0.076
0.076
0.076
0.076
0.076
0.076
0.076
0.076
0.076
0.076
0.076
0.076
0.076
0.076
0.076
0.076
0.076
0.076
0.076
0.076
0.076
0.076
0.076
0.076
0.076
0.076
0.076
0.076
0.076
0.076
0.076
0.076
0.277
0.277
0.277
0.277
0.277
0.277
0.277
0.277
0.277
0.277
0.277
0.277
0.277
0.277
0.277
0.277
0.277
0.277
0.277
0.277
0.277
0.277
0.076
0.076
0.076
0.076
0.076
0.076
0.076
0.076
0.076
0.076
0.076
0.076
0.076
0.076
0.076
0.076
0.076
0.076
0.076
0.076
0.076
0.076
0.076
0.076
0.076
0.076
0.076
0.076
0.076
0.076
0.076
0.076
0.076
0.076
0.076
0.076
0.076
0.076
0.076
0.076
0.076
0.076
0.076
0.076
0.076
0.076
0.277
0.277
0.277
0.277
0.277
0.277
0.277
0.277
0.277
0.277
0.277
0.277
0.277
0.277
0.277
0.277
0.277
0.277
0.277
0.277
0.277
0.277
0.076
0.076
0.076
0.076
0.076
0.076
0.076
0.076
0.076
0.076
0.076
0.076
0.076
0.076
0.076
0.076
0.076
0.076
0.076
0.076
0.076
0.076
0.076
0.076
0.076
0.074
0.174
0.174
0.174
0.234
0.134
0.154
0.214
0.154
0.094
0.094
0.094
0.094
0.094
0.094
0.094
0.094
0.094
0.094
0.094
0.194
0.194
0.094
0.094
2.242
2.242
2.242
0.094
0.094
0.094
0.094
0.094
1.136
1.136
1.196
1.256
1.196
1.196
1.136
1.136
1.236
1.236
1.236
1.236
1.236
1.256
1.256
1.256
1.256
1.256
1.256
1.256
1.156
1.156
1.156
1.156
1.156
1.156
1.216
1.276
1.276
1.276
1.276
1.276
1.276
1.276
1.376
1.376
1.276
1.276
1.376
1.276
3.424
3.424
3.424
1.316
1.477
1.477
1.477
1.477
1.477
1.477
1.477
1.477
1.577
1.477
1.517
1.577
1.597
1.577
1.577
1.577
0.535
0.535
0.535
0.535
0.535
0.535
0.334
0.274
0.274
0.274
0.274
0.274
0.274
0.214
0.214
0.214
0.214
0.328
0.076
0.076
0.076
0.076
0.076
0.076
0.076
0.076
0.076
0.076
0.076
0.076
0.076
0.076
0.076
0.076
0.076
0.076
0.076
0.076
0.076
0.076
0.076
0.076
0.076
0.076
0.076
0.076
0.076
0.076
0.076
0.076
0.277
0.277
0.277
0.277
0.277
0.277
0.277
0.277
0.389
0.389
0.389
0.389
0.389
0.389
0.389
0.389
0.389
0.389
0.389
0.389
0.389
0.389
0.188
0.188
0.188
0.188
0.188
0.188
0.074
0.074
0.074
0.074
0.074
0.074
0.074
0.074
0.074
0.074
0.074
0.074
0.074
0.074
0.074
0.074
0.074
0.074
0.074
0.074
0.074
0.074
0.074
0.074
0.074
0.074
0.074
0.074
1.189
1.189
1.189
0.074
0.074
0.074
0.074
0.074
0.074
0.074
0.074
0.074
0.074
0.074
0.074
0.074
0.074
0.074
0.134
0.134
0.074
0.402
0.402
0.402
0.402
0.074
0.074
0.074
0.074
0.074
0.074
0.074
0.074
0.074
0.074
0.074
0.074
0.074
0.174
0.174
0.275
0.275
0.275
0.275
0.275
0.275
0.275
0.275
0.275
0.275
0.275
0.275
0.275
0.275
0.275
0.275
0.275
0.275
0.275
0.275
0.275
0.275
0.074
0.074
0.074
0.074
0.074
0.074
0.074
0.074
0.074
0.074
0.074
0.074
0.074
0.074
0.074
0.074
0.074
0.402
0.402
0.402
0.402
0.074
0.074
0.226
0.226
0.226
0.226
0.226
0.226
0.226
0.226
0.226
0.226
0.226
0.226
0.226
0.226
0.226
0.226
0.286
0.286
0.286
0.226
0.226
0.226
0.226
0.226
0.226
0.226
0.226
0.226
0.226
0.226
0.226
0.226
0.226
0.226
0.226
0.427
0.427
0.427
0.427
0.427
0.427
0.427
0.427
0.427
0.427
0.427
0.427
0.427
0.427
0.427
0.427
0.427
0.427
0.427
0.427
0.427
0.427
0.226
0.226
0.286
0.286
0.286
0.286
0.226
0.226
0.226
0.226
0.226
0.226
0.226
0.226
0.226
0.226
0.226
0.226
0.226
0.226
0.226
0.226
0.226
0.226
0.226
0.226
0.226
0.226
0.226
0.226
0.226
0.226
0.226
0.226
0.226
0.226
0.226
2.488
2.488
2.488
0.34
0.34
0.34
0.34
0.34
0.34
0.44
0.44
0.44
0.44
0.44
0.326
0.326
0.326
0.326
0.326
0.326
0.326
0.326
0.326
0.076
0.076
0.076
0.076
0.076
0.076
0.076
0.076
0.076
0.076
0.076
0.076
0.076
0.076
0.076
0.076
0.076
0.076
0.076
0.076
0.076
0.076
0.076
0.076
0.076
0.076
0.076
0.076
0.076
0.076
0.076
0.076
0.076
0.076
0.076
0.076
0.076
0.076
0.076
0.076
0.076
0.076
0.076
0.076
0.076
0.076
0.076
0.076
0.076
0.076
0.076
0.076
0.076
0.076
0.076
0.277
0.277
0.277
0.277
0.277
0.277
0.277
0.277
0.277
0.277
0.277
0.277
0.277
0.277
0.277
0.277
0.277
0.277
0.277
0.277
0.277
0.277
0.076
0.076
0.076
0.326
0.326
0.326
0.526
0.479
0.479
0.492
0.492
0.492
0.492
0.492
0.492
0.492
0.492
0.552
0.552
0.552
0.552
0.452
0.452
0.392
0.392
0.392
0.392
0.412
0.392
0.392
0.432
0.432
0.332
0.332
0.332
0.332
0.332
0.332
0.332
0.332
0.332
0.332
0.332
0.332
0.332
0.392
0.392
0.392
0.392
0.392
0.392
0.42
0.51
0.51
0.51
0.51
0.57
0.51
0.51
0.51
0.51
0.51
0.51
0.51
0.51
0.51
0.51
0.497
0.497
0.497
0.557
0.557
0.557
0.557
0.557
0.717
0.717
0.717
0.717
0.717
0.657
0.657
0.704
0.905
0.905
0.905
0.755
0.84
3.008
3.008
3.008
0.86
0.86
0.86
0.92
2.843
2.843
2.843
2.823
2.883
2.883
2.923
2.923
2.923
2.923
2.722
2.722
2.722
2.722
2.722
2.722
2.722
2.722
2.722
2.722
2.722
0.739
0.739
0.739
0.739
0.739
0.739
0.739
2.52
2.492
2.492
2.492
2.452
2.452
2.452
2.552
2.552
2.572
2.722
2.802
2.652
2.592
2.592
2.592
2.592
2.592
2.592
4.74
4.74
4.74
2.652
2.652
2.639
2.639
2.639
0.858
1.186
1.186
1.226
1.226
0.898
0.898
0.858
0.698
0.799
0.819
0.819
0.859
0.859
0.859
0.872
0.872
0.872
0.932
0.932
0.932
0.932
0.932
0.932
0.912
0.912
0.912
0.852
0.852
1.029
3.164
2.786
2.786
2.786
2.786
2.786
2.634
2.634
2.634
2.594
2.594
2.594
2.771
2.771
2.594
2.594
0.459
0.459
0.459
0.459
0.459
0.459
0.519
0.519
0.519
0.696
0.696
0.519
0.519
0.519
0.519
0.579
0.579
0.579
0.693
0.633
0.633
0.633
0.838
0.838
1.156
1.156
1.156
1.156
1.176
0.609
0.589
0.589
0.649
0.589
0.589
0.589
0.589
0.609
0.609
0.609
0.509
0.509
0.496
0.496
0.496
0.496
0.536
0.536
0.536
0.536
0.536
0.536
0.536
0.536
0.536
0.536
0.536
0.536
0.536
0.536
0.536
0.536
0.536
0.636
0.636
0.576
0.576
0.576
0.576
0.536
0.536
0.536
0.536
0.536
0.536
0.536
0.536
0.596
0.596
0.596
0.596
0.596
0.596
0.596
0.596
0.596
0.596
0.556
0.556
0.556
0.556
0.556
0.556
0.509
0.509
0.481
0.367
0.367
0.367
0.367
0.307
0.307
0.407
0.407
0.407
0.407
0.407
0.076
0.076
0.076
0.076
0.076
0.076
0.076
0.076
0.076
0.076
0.076
0.076
0.076
0.076
0.076
0.076
0.076
0.076
0.076
0.076
0.076
0.076
0.076
0.076
0.076
0.076
0.076
0.076
0.076
0.076
0.076
0.076
0.076
0.076
0.076
0.076
0.076
0.076
0.076
0.076
0.076
0.076
0.076
0.076
0.076
0.076
0.076
0.076
0.076
0.076
0.076
0.076
0.076
0.277
0.277
0.277
0.277
0.277
0.277
0.277
0.277
0.277
0.277
0.277
0.277
0.277
0.277
0.277
0.277
0.277
0.277
0.277
0.277
0.277
0.277
0.076
0.076
0.076
0.076
0.076
0.087
0.087
0.087
0.087
0.087
0.087
0.087
0.147
0.147
0.147
0.235
0.235
0.235
0.235
0.235
0.235
0.235
0.235
0.235
0.175
0.175
0.175
0.235
0.235
0.235
0.563
0.576
0.576
0.576
0.248
0.248
0.248
0.248
0.308
0.308
0.308
0.308
0.248
2.396
2.396
2.396
0.248
0.188
0.188
0.288
0.288
0.275
0.275
0.275
0.275
0.275
0.389
0.449
0.449
0.389
0.489
0.489
0.489
0.489
0.489
0.489
0.489
0.489
0.69
0.69
0.79
0.79
0.79
0.79
0.85
0.85
0.85
0.85
0.85
0.75
0.75
0.75
0.75
0.75
0.75
0.75
0.75
0.85
0.822
0.822
0.621
0.621
0.621
0.561
0.561
0.574
0.574
0.574
0.574
0.574
0.574
0.574
0.574
0.474
0.461
0.361
0.361
0.361
0.361
0.421
0.421
0.421
0.421
0.421
0.421
0.421
0.421
0.421
0.421
0.421
0.421
0.421
0.526
0.626
0.626
0.626
0.626
0.626
0.626
0.626
0.526
0.526
0.526
0.526
0.526
0.526
0.526
0.526
0.526
0.526
0.526
0.526
0.546
0.546
0.446
0.076
0.076
0.076
0.076
0.076
0.076
0.076
0.076
0.076
0.076
0.076
0.076
0.076
0.076
0.076
0.076
0.076
0.076
0.277
0.277
0.277
0.277
0.277
0.277
0.277
0.277
0.277
0.277
0.277
0.277
