0.062
0.062
0.062
0.062
0.062
0.062
0.062
0.062
0.062
0.062
0.062
0.062
0.062
0.062
0.062
0.062
0.062
0.062
0.062
0.062
0.072
0.072
0.072
0.072
0.072
0.072
0.072
0.072
0.072
0.072
0.072
0.072
0.072
0.072
0.072
0.072
0.072
0.072
0.072
0.072
0.072
0.072
0.072
0.072
0.072
0.072
0.072
0.072
0.072
0.072
0.072
0.072
0.072
0.072
0.072
0.072
0.072
0.072
0.072
0.072
0.072
0.072
0.072
0.072
0.072
0.072
0.072
0.072
0.072
0.072
0.072
0.072
0.072
0.072
0.072
0.072
0.072
0.072
0.072
0.072
0.072
0.072
0.072
0.072
0.072
0.072
0.072
0.072
0.072
0.301
0.301
0.301
0.301
0.301
0.301
0.301
0.301
0.301
0.301
0.301
0.301
0.301
0.301
0.301
0.301
0.301
0.301
0.301
0.301
0.301
0.301
0.072
0.072
0.072
0.072
0.072
0.072
0.072
0.072
0.072
0.072
0.072
0.072
0.072
0.072
0.072
0.072
0.072
0.072
0.072
0.072
0.072
0.072
0.072
0.072
0.072
0.072
0.072
0.072
0.072
0.072
0.072
0.072
0.072
0.072
0.072
0.072
0.072
0.072
0.072
0.072
0.072
0.072
0.072
0.072
0.072
0.072
0.072
0.072
0.072
0.072
0.072
0.072
0.072
0.072
0.072
0.072
0.072
0.072
0.072
0.301
0.301
0.301
0.301
0.301
0.301
0.301
0.301
0.301
0.301
0.301
0.301
0.301
0.301
0.301
0.301
0.301
0.301
0.301
0.301
0.301
0.301
0.072
0.072
0.072
0.072
0.072
0.072
0.072
0.072
0.072
0.072
0.072
0.072
0.072
0.072
0.072
0.072
0.072
0.072
0.072
0.072
0.072
0.072
0.072
0.072
0.072
0.072
0.072
0.072
0.072
0.072
0.072
0.072
0.072
0.072
0.072
0.072
0.072
0.072
0.072
0.072
0.072
0.072
0.072
0.072
0.072
0.072
0.072
0.072
0.072
0.072
0.072
0.072
0.072
0.072
0.072
0.072
0.072
0.072
0.072
0.072
0.072
0.072
0.072
0.072
0.072
0.072
0.072
0.072
0.072
0.072
0.072
0.072
0.072
0.072
0.072
0.072
0.072
0.072
0.072
0.072
0.072
0.072
0.072
0.072
0.072
0.072
0.072
0.072
0.072
0.072
0.072
0.072
0.072
0.072
0.301
0.301
0.301
0.301
0.301
0.301
0.301
0.301
0.301
0.301
0.301
0.301
0.301
0.301
0.301
0.301
0.301
0.301
0.301
0.301
0.301
0.301
0.072
0.072
0.072
0.072
0.072
0.072
0.072
0.072
0.072
0.072
0.072
0.072
0.072
0.072
0.072
0.072
0.072
0.072
0.072
0.072
0.072
0.072
0.072
0.072
0.072
0.072
0.072
0.072
0.072
0.072
0.072
0.072
0.072
0.072
0.072
0.072
0.072
0.072
0.072
0.072
0.072
0.072
0.072
0.072
0.072
0.072
0.072
0.072
0.072
0.072
0.072
0.072
0.301
0.301
0.301
0.301
0.301
0.301
0.301
0.301
0.301
0.301
0.301
0.301
0.301
0.301
0.301
0.301
0.301
0.301
0.301
0.301
0.301
0.301
0.072
0.072
0.072
0.072
0.072
0.072
0.072
0.072
0.072
0.072
0.072
0.072
0.072
0.072
0.072
0.072
0.072
0.072
0.072
0.072
0.072
0.072
0.072
0.072
0.072
0.072
0.072
0.072
0.072
0.072
0.072
0.072
0.072
0.072
0.072
0.072
0.072
0.072
0.071
0.071
0.071
2.906
2.958
2.958
2.958
2.958
2.958
2.958
2.958
2.958
2.906
2.906
2.906
2.906
2.906
2.906
3.046
3.046
3.046
3.046
3.275
0.44
0.44
0.44
0.44
0.44
0.44
0.44
0.492
0.34
0.34
0.34
0.34
0.392
0.392
0.392
0.392
0.352
0.352
0.352
0.352
0.352
0.123
2.958
2.958
2.958
3.084
3.124
0.072
0.072
0.072
0.072
0.072
0.072
0.072
0.072
0.072
0.072
0.072
0.072
0.072
0.072
0.072
0.072
0.072
0.072
0.072
0.072
0.072
0.072
0.072
0.072
0.072
0.072
0.072
0.072
0.072
0.072
0.072
0.072
0.072
0.072
0.072
0.072
0.072
0.072
0.072
0.072
0.072
0.072
0.072
0.072
0.072
0.072
0.072
0.072
0.072
0.072
0.072
0.072
0.072
0.072
0.072
0.072
0.072
0.072
0.072
0.072
0.072
0.072
0.072
0.072
0.072
0.072
0.072
0.072
0.072
0.072
0.301
0.301
0.301
0.301
0.301
0.301
0.301
0.301
0.301
0.301
0.301
0.301
0.301
0.301
0.301
0.301
0.301
0.301
0.301
0.301
0.301
0.301
0.072
0.072
0.072
0.072
0.072
0.072
0.072
0.072
0.072
0.072
0.072
0.072
0.072
0.072
0.072
0.072
0.072
0.072
0.072
0.072
0.072
0.072
0.072
0.072
0.072
0.072
0.072
0.072
0.072
0.072
0.072
0.072
0.072
0.072
0.072
0.072
0.072
0.072
0.072
0.072
0.072
0.072
0.072
0.072
0.072
0.072
0.072
0.072
0.072
0.072
0.072
0.072
0.072
0.301
0.301
0.301
0.301
0.301
0.301
0.301
0.301
0.301
0.301
0.301
0.301
0.301
0.301
0.301
0.301
0.301
0.301
0.301
0.301
0.301
0.301
0.072
0.072
0.072
0.072
0.072
0.072
0.072
0.072
0.072
0.072
0.072
0.072
0.072
0.072
0.072
0.072
0.072
0.072
0.072
0.072
0.072
0.072
0.072
0.072
0.072
0.072
0.072
0.072
0.072
0.072
0.072
0.072
0.072
0.072
0.072
0.072
0.072
0.072
0.072
0.072
0.072
0.072
0.072
0.072
0.072
0.072
0.072
0.072
0.072
0.072
0.072
0.072
0.072
0.072
0.072
0.072
0.072
0.072
0.072
0.072
0.072
0.072
0.072
0.072
0.072
0.072
0.072
0.072
0.072
0.072
0.301
0.301
0.301
0.301
0.301
0.301
0.301
0.301
0.301
0.301
0.301
0.301
0.301
0.301
0.301
0.301
0.301
0.301
0.301
0.301
0.301
0.301
0.072
0.072
0.072
0.072
0.072
0.072
0.072
0.072
0.072
0.072
0.072
0.072
0.072
0.072
0.072
0.072
0.072
0.072
0.072
0.072
0.072
3.032
3.032
3.032
3.032
3.032
3.032
3.032
3.032
3.032
3.032
3.032
3.032
3.032
3.032
3.032
0.197
0.343
0.343
0.343
0.343
0.343
0.217
0.217
0.217
0.217
0.217
0.446
0.446
0.446
0.446
0.479
0.479
0.479
0.479
0.479
0.479
0.479
0.479
0.479
0.479
0.479
0.479
0.479
0.479
0.567
0.567
0.567
0.567
0.338
0.338
0.072
0.072
0.072
0.072
0.072
0.072
0.072
0.072
0.072
0.072
0.072
0.072
0.072
0.072
0.072
0.072
0.072
0.072
0.072
0.072
0.338
0.338
0.338
0.338
0.338
0.338
0.338
0.338
0.338
0.338
0.338
0.338
0.338
0.338
0.338
0.338
0.338
0.338
0.338
0.338
0.338
0.338
0.338
0.338
0.338
0.338
0.338
0.338
0.338
0.338
0.338
0.438
0.438
0.509
0.429
0.429
0.429
0.409
0.409
0.438
0.438
0.438
0.438
0.438
3.273
3.273
3.273
3.325
3.265
3.265
3.265
3.265
3.265
3.232
3.232
5.381
5.381
5.381
5.361
5.361
5.361
5.361
5.361
5.361
2.526
2.526
2.526
2.526
2.526
2.526
2.526
2.526
2.526
2.526
2.526
2.526
2.526
2.526
2.586
2.686
2.915
3.021
0.872
3.707
3.707
3.807
3.807
3.807
3.807
3.807
3.807
4.834
4.834
4.823
3.756
3.756
3.696
3.756
3.756
3.756
3.696
3.696
3.467
0.632
0.632
0.532
0.532
0.532
0.532
0.532
0.532
0.532
0.532
0.532
0.532
0.658
0.658
0.658
0.658
0.658
0.649
0.649
0.649
0.649
0.649
0.649
0.649
0.649
0.549
0.549
0.072
0.072
0.072
0.072
0.072
0.072
0.072
0.072
0.072
0.072
0.072
0.072
0.072
0.072
0.072
0.072
0.072
0.072
0.072
0.072
0.072
0.072
0.072
0.072
0.072
0.072
0.072
0.072
0.072
0.072
0.072
0.301
0.301
0.301
0.301
0.301
0.301
0.301
0.301
0.301
0.301
0.301
0.301
0.301
0.301
0.301
0.301
0.301
0.301
0.301
0.301
0.301
0.301
0.072
0.072
0.072
0.072
0.072
0.072
0.072
0.072
0.072
0.072
0.072
0.072
0.072
0.072
0.072
0.072
0.072
0.072
0.072
0.072
0.072
0.072
0.072
0.072
0.072
0.072
0.072
0.072
0.072
0.072
0.072
0.072
0.072
0.072
0.072
0.072
0.072
0.072
0.072
0.072
0.072
0.072
0.072
0.072
0.072
0.072
0.072
0.437
0.537
0.537
0.437
0.437
0.437
0.437
0.437
0.437
0.437
0.437
0.489
0.718
0.718
0.718
0.766
0.766
0.766
0.766
0.766
0.766
0.766
0.766
0.766
0.76
0.76
0.76
0.76
0.76
0.76
0.86
0.86
0.86
0.86
0.631
0.631
0.631
0.631
0.631
0.631
0.631
0.631
0.631
0.631
0.631
3.466
5.505
5.505
5.405
3.366
3.366
3.366
3.366
3.366
3.366
3.366
3.366
3.366
3.418
3.418
3.318
3.318
3.318
3.266
3.326
0.491
0.491
0.491
0.491
0.491
2.47
2.47
2.47
0.431
0.431
0.431
0.431
0.543
0.543
0.543
0.543
0.543
0.543
0.543
0.543
0.543
0.543
0.543
0.543
0.543
0.543
0.543
0.543
0.543
0.772
0.772
0.772
0.872
0.872
0.972
0.301
0.301
0.301
0.301
0.301
0.301
0.301
0.301
0.301
0.301
0.301
0.301
0.301
0.301
0.301
0.301
0.072
0.072
0.072
0.072
0.072
0.072
0.072
0.072
0.072
0.072
0.072
0.072
0.072
0.072
0.072
0.072
0.072
0.072
0.072
0.072
0.072
0.072
0.072
0.072
0.072
0.072
0.072
0.072
0.072
0.072
0.072
0.072
0.072
0.072
0.072
0.072
0.072
0.072
0.072
0.072
0.072
0.072
0.072
0.072
0.072
0.072
0.072
0.072
0.072
0.072
0.072
0.072
0.072
0.072
0.072
0.072
0.072
0.072
0.072
0.072
0.301
0.301
0.301
0.301
0.301
0.301
0.301
0.301
0.301
0.301
0.301
0.301
0.301
0.301
0.76
0.86
0.86
0.86
0.96
0.96
1.06
1.06
0.831
0.831
0.831
0.743
3.578
3.578
3.578
3.578
3.578
3.678
3.678
3.678
3.678
3.678
3.678
3.678
3.678
3.678
3.678
3.589
3.589
3.589
3.489
3.489
0.654
0.654
0.654
0.654
0.568
0.568
0.568
0.608
0.608
0.608
0.614
0.614
0.614
0.654
0.654
0.654
0.654
0.654
0.654
0.614
0.614
0.714
0.614
0.843
0.843
0.743
0.743
0.743
0.835
0.835
0.635
0.635
0.635
0.635
0.635
0.635
0.635
0.635
0.635
0.635
0.723
0.723
0.723
0.723
0.723
0.494
0.494
0.494
0.494
0.494
0.494
0.494
0.494
0.494
0.494
0.483
0.483
0.483
0.483
0.483
0.492
0.592
0.592
0.592
0.592
0.592
0.592
0.592
0.492
0.483
0.431
0.431
0.531
0.531
0.431
0.431
0.431
0.431
0.431
0.491
0.491
0.491
0.491
0.545
0.545
0.505
0.505
0.517
0.517
0.517
0.505
3.34
3.34
3.34
3.34
3.34
3.34
3.34
3.34
3.34
3.289
3.289
3.341
3.341
3.341
3.341
3.341
3.332
3.332
3.332
3.594
0.759
0.759
0.633
0.633
0.733
0.733
0.733
0.633
0.633
0.633
0.633
0.633
0.633
0.633
0.633
0.693
0.693
0.693
0.693
0.693
0.693
0.464
0.404
0.404
0.404
0.404
0.404
0.404
0.404
0.344
0.344
0.344
0.344
0.344
0.301
0.301
0.301
0.301
0.301
0.301
0.301
0.307
0.307
0.307
0.307
0.307
0.407
0.397
0.397
0.457
0.457
0.397
0.397
0.397
0.397
0.408
0.408
