0.068
0.068
0.068
0.068
0.068
0.068
0.068
0.068
0.068
0.068
0.068
0.068
0.068
0.068
0.068
0.068
0.068
0.068
0.068
0.068
0.068
0.068
0.068
0.068
0.068
0.068
0.068
0.068
0.068
0.078
0.078
0.078
0.078
0.078
0.078
0.078
0.078
0.078
0.078
0.078
0.078
0.078
0.078
0.078
0.078
0.078
0.078
0.078
0.078
0.078
0.078
0.078
0.078
0.078
0.078
0.078
0.078
0.078
0.078
0.078
0.078
0.078
0.078
0.078
0.078
0.078
0.078
0.078
0.078
0.078
0.078
0.078
0.078
0.078
0.078
0.078
0.078
0.078
0.252
0.252
0.252
0.252
0.252
0.252
0.252
0.252
0.252
0.252
0.252
0.252
0.252
0.252
0.252
0.252
0.252
0.252
0.252
0.252
0.078
0.078
0.078
0.078
0.078
0.078
0.078
0.078
0.078
0.078
0.078
0.078
0.078
0.078
0.078
0.078
0.078
0.078
0.078
0.078
0.078
0.078
0.078
0.078
0.078
0.078
0.078
0.078
0.078
0.078
0.078
0.078
0.078
0.078
0.078
0.078
0.078
0.078
0.078
0.078
0.078
0.078
0.078
0.078
0.078
0.078
0.078
0.078
0.078
0.078
0.078
0.078
0.078
0.078
0.078
0.078
0.252
0.252
0.252
0.252
0.252
0.252
0.252
0.252
0.252
0.252
0.252
0.252
0.252
0.252
0.252
0.252
0.252
0.252
0.252
0.252
0.078
0.078
0.078
0.078
0.078
0.078
0.078
0.078
0.078
0.078
0.078
0.078
0.078
0.078
0.078
0.078
0.078
0.078
0.078
0.078
0.078
0.078
0.078
0.078
0.078
0.078
0.078
0.078
0.078
0.078
0.078
0.078
0.078
0.078
0.078
0.078
0.078
0.078
0.078
0.078
0.078
0.252
0.252
0.252
0.252
0.252
0.252
0.252
0.252
0.252
0.252
0.252
0.252
0.252
0.252
0.252
0.252
0.252
0.252
0.252
0.252
0.078
0.078
0.078
0.078
0.078
0.078
0.078
0.078
0.078
0.078
0.078
0.078
0.078
0.078
0.078
0.078
0.078
0.078
0.078
0.078
0.078
0.078
0.078
0.078
0.078
0.078
0.078
0.078
0.078
0.078
0.078
0.078
0.078
0.078
0.078
0.078
0.078
0.078
0.078
0.078
0.078
0.078
0.078
0.078
0.078
0.078
0.078
0.078
0.078
0.078
0.078
0.078
0.078
0.078
0.078
0.078
0.078
0.078
0.078
0.078
0.078
0.078
0.078
0.078
0.078
0.078
0.078
0.078
0.078
0.078
0.078
0.078
0.078
0.078
0.078
0.078
0.078
0.078
0.078
0.078
0.078
0.078
0.078
0.078
0.078
0.078
0.078
0.078
0.078
0.078
0.078
0.078
0.078
0.078
0.078
0.078
0.078
0.078
0.252
0.252
0.252
0.252
0.252
0.252
0.252
0.252
0.252
0.252
0.252
0.252
0.252
0.252
0.252
0.252
0.252
0.252
0.252
0.252
0.078
0.078
0.078
0.078
0.078
0.078
0.078
0.078
0.078
0.078
0.078
0.078
0.078
0.078
0.078
0.078
0.078
0.078
0.078
0.078
0.078
0.078
0.078
0.078
0.078
0.078
0.078
0.078
0.078
0.078
0.078
0.078
0.078
0.078
0.078
0.078
0.078
0.078
0.078
0.078
0.078
0.078
0.078
0.078
0.078
0.078
0.078
0.078
0.078
0.078
0.078
0.078
0.078
0.078
0.078
0.078
0.078
0.078
0.078
0.078
0.078
0.078
0.078
0.078
0.078
0.078
0.078
0.137
0.137
0.137
0.137
0.137
0.311
0.311
0.251
0.251
0.251
0.251
0.251
0.251
0.251
0.251
2.184
2.184
2.184
0.311
0.371
0.391
0.391
0.371
0.311
0.311
0.137
0.187
0.187
0.137
0.197
0.197
0.257
0.257
0.307
0.307
0.257
0.197
0.137
0.137
0.137
0.137
0.137
0.197
0.137
0.157
0.197
0.297
0.297
0.297
0.297
0.357
0.357
0.357
0.357
0.357
0.357
0.357
0.257
0.257
0.197
0.137
0.137
0.137
0.137
0.177
0.177
0.177
0.277
0.277
0.277
0.277
0.277
0.277
0.277
0.277
0.277
0.277
0.277
0.327
0.327
0.387
0.327
0.327
0.339
0.399
0.339
0.339
0.339
0.339
0.339
0.339
0.339
0.613
0.601
0.601
0.501
0.401
0.401
0.361
0.361
0.461
0.361
0.361
0.361
0.361
0.311
0.251
0.251
0.251
0.351
0.351
0.351
0.177
0.177
0.177
0.177
0.177
0.177
0.177
0.177
0.177
0.177
0.177
0.077
0.077
0.077
0.077
0.077
0.077
0.208
0.208
0.208
0.208
0.208
0.208
0.208
0.208
0.208
0.219
0.219
0.219
0.219
0.219
0.219
0.219
0.219
0.219
0.219
0.219
0.219
0.328
0.328
0.328
0.328
0.328
0.502
0.502
0.502
0.502
0.502
0.502
0.502
0.502
0.502
0.502
0.502
0.502
0.502
0.502
0.502
0.502
0.502
0.502
0.502
0.502
0.328
0.328
0.328
0.328
0.328
0.328
0.328
0.328
0.328
0.328
0.328
0.328
0.328
0.328
0.328
0.328
0.328
0.328
0.328
0.328
0.328
0.328
0.328
0.317
0.317
0.377
0.377
0.377
0.377
0.396
0.396
0.396
0.396
0.396
0.296
0.296
0.296
0.296
0.296
0.296
0.236
0.236
0.236
0.236
0.236
0.236
0.236
0.236
0.236
0.41
0.45
0.45
0.45
0.55
0.55
0.55
0.55
0.55
0.55
0.55
0.55
0.55
0.55
0.55
0.55
0.55
0.55
0.55
0.55
0.376
0.376
0.376
0.376
0.376
0.376
0.376
0.376
0.376
0.376
0.276
0.276
0.276
0.276
0.276
0.276
0.276
0.276
0.276
0.276
0.276
0.276
0.296
0.296
0.296
0.276
0.276
0.276
0.276
0.276
0.276
0.276
0.276
0.248
0.248
0.268
0.268
0.268
0.248
0.248
0.248
0.248
0.248
0.248
0.248
0.248
0.263
0.263
0.437
0.437
0.437
0.437
0.437
0.437
0.437
0.437
0.437
0.437
0.437
0.437
0.437
0.437
0.437
0.437
0.448
0.448
0.408
0.408
0.234
0.234
0.234
0.234
0.234
0.234
0.234
0.234
0.234
0.234
0.234
0.234
0.234
0.234
0.234
0.234
0.234
0.234
0.234
0.234
0.234
0.234
0.234
0.234
0.234
0.234
0.234
0.234
0.234
0.234
0.234
0.234
0.234
0.234
0.234
0.234
0.234
0.234
0.234
0.234
0.234
0.234
0.234
0.234
0.234
0.234
0.234
0.408
0.408
0.408
0.408
0.393
0.393
0.393
0.393
0.393
0.382
0.382
0.382
0.382
0.432
0.432
0.432
0.432
0.432
0.432
0.555
0.381
0.381
0.381
0.381
0.381
0.381
0.331
0.331
0.331
0.331
0.331
0.331
0.331
0.359
0.359
0.359
0.359
0.359
0.374
0.374
0.374
0.374
0.374
0.374
0.374
0.374
0.374
0.374
0.374
0.374
0.374
0.374
0.374
0.374
0.374
0.374
0.374
0.374
0.374
0.374
0.374
0.374
0.374
0.374
0.374
0.374
0.374
0.374
0.374
0.464
0.283
0.283
0.283
0.283
0.283
0.22
0.24
0.24
0.565
0.565
0.565
0.252
0.252
0.252
0.252
0.252
0.252
0.252
0.252
0.252
0.252
0.252
0.252
0.252
0.252
0.252
0.252
0.252
0.078
0.078
0.078
0.251
0.251
0.251
0.251
0.251
0.311
0.311
0.311
0.311
0.311
0.311
0.311
0.371
0.371
0.371
0.371
0.471
0.471
0.423
0.423
0.363
0.363
0.363
0.363
0.363
0.335
0.335
0.335
0.335
0.335
0.32
0.32
0.32
0.32
0.32
0.32
0.32
0.32
0.32
0.32
0.32
0.32
0.32
0.32
0.51
0.51
0.53
0.53
0.53
3.09
3.17
3.17
3.17
3.17
3.182
3.282
3.27
3.33
3.342
3.342
3.33
3.33
3.23
3.17
2.996
2.996
2.996
3.036
3.036
3.036
3.036
3.036
3.036
3.096
3.096
3.096
3.096
3.096
3.086
3.086
3.086
3.086
3.086
3.086
3.126
3.026
3.026
3.026
3.026
3.026
3.135
3.175
3.298
3.298
3.298
3.358
3.358
3.358
3.358
3.358
3.358
3.358
3.358
3.358
3.458
3.458
3.47
3.47
3.594
1.014
1.014
1.114
0.994
0.994
0.994
0.994
0.994
0.966
0.966
1.066
1.066
1.066
1.126
1.126
1.126
1.053
1.053
1.053
0.839
0.839
0.839
0.827
0.827
1.744
1.804
1.804
3.065
3.065
3.065
3.025
5.56
5.588
5.588
5.479
5.379
5.379
5.379
5.339
5.339
5.339
5.339
5.339
5.339
5.339
5.339
5.339
2.804
2.824
2.884
2.824
2.824
2.824
2.824
0.526
0.526
0.526
0.526
0.526
0.526
0.526
0.476
0.476
0.376
0.376
0.376
0.376
0.376
0.376
0.376
0.356
0.296
0.296
0.296
0.296
0.296
0.296
0.296
0.296
0.296
0.336
0.296
0.296
0.296
0.296
0.296
0.296
0.296
0.296
0.308
0.308
0.308
0.308
0.308
0.482
0.482
0.482
0.502
0.502
0.502
0.502
0.502
0.513
0.501
0.501
0.473
0.473
0.473
0.473
0.473
0.473
0.473
0.473
0.473
2.894
2.894
2.894
2.894
2.834
2.834
2.834
2.834
2.884
2.984
2.984
2.834
2.834
2.834
2.834
2.834
0.299
0.299
0.299
0.299
0.299
0.359
0.482
0.482
0.482
0.522
0.522
0.522
0.522
0.462
0.462
0.462
0.522
0.582
0.582
0.582
0.582
0.582
0.582
0.622
0.502
0.502
0.502
0.502
0.502
0.502
0.676
0.676
0.685
0.705
0.705
0.645
0.645
0.645
0.645
0.585
0.585
0.645
0.645
0.645
0.645
0.754
0.754
0.754
0.754
2.699
2.565
2.525
0.592
0.592
0.592
0.592
0.592
0.604
0.573
0.561
0.561
0.561
0.438
0.438
0.438
0.438
0.438
0.438
0.438
0.438
0.438
0.438
0.438
0.498
0.438
0.438
0.378
0.478
0.378
0.378
0.378
0.39
0.41
0.39
0.39
0.43
0.321
0.281
0.181
0.169
0.343
0.343
0.391
0.451
0.451
0.451
0.451
0.391
0.391
0.391
0.391
0.391
0.391
0.422
0.422
0.422
0.422
0.422
0.422
0.422
0.248
0.248
0.248
0.248
0.348
0.348
0.348
0.437
0.437
0.437
0.537
0.437
0.437
0.437
0.437
0.437
0.437
0.457
0.457
0.457
0.457
0.557
0.577
0.592
0.592
0.592
0.592
0.622
0.622
0.522
0.522
0.55
0.55
0.55
0.55
0.55
0.55
0.55
0.55
0.55
0.55
0.55
0.55
0.55
0.55
0.55
0.55
0.45
0.45
0.45
0.45
0.45
0.45
0.379
0.391
0.391
0.431
0.431
0.491
0.491
0.491
0.078
0.078
0.078
0.078
0.078
0.078
0.078
0.078
0.078
0.078
0.078
0.078
0.078
0.078
0.078
0.078
0.078
0.078
0.078
0.078
0.078
0.078
0.078
0.078
0.078
0.078
0.078
0.252
0.252
0.252
0.252
0.252
0.252
0.252
0.252
0.252
0.252
0.252
0.252
0.252
0.252
0.252
0.252
0.252
0.252
0.252
0.252
0.078
0.078
0.078
0.078
0.078
0.078
0.078
0.078
0.078
0.078
0.078
0.078
0.078
0.078
0.078
0.078
0.078
0.078
0.078
0.078
0.078
0.078
0.078
0.078
0.078
0.078
0.078
0.078
0.078
0.078
0.078
0.078
0.078
0.078
0.078
0.078
0.078
0.078
0.078
0.078
0.078
0.078
0.078
0.078
0.078
0.078
0.078
0.078
0.078
0.078
0.078
0.078
0.078
0.078
0.078
0.078
0.078
0.078
0.078
0.078
0.078
0.078
0.078
0.078
0.078
0.078
0.078
0.078
0.078
0.078
0.078
0.078
0.078
0.078
0.078
0.078
0.078
0.078
0.078
0.078
0.078
0.078
0.078
0.078
0.078
0.078
0.078
0.078
0.078
0.078
0.078
0.078
0.078
0.078
0.078
0.078
0.078
0.078
0.078
0.078
0.078
0.078
0.068
