0.048
0.048
0.048
0.048
0.048
0.048
0.048
0.048
0.048
0.048
0.048
0.048
0.048
0.048
0.048
0.058
0.058
0.058
0.058
0.058
0.058
0.058
0.058
0.058
0.058
0.058
0.058
0.058
0.058
0.058
0.058
0.058
0.058
0.058
0.058
0.058
0.058
0.058
0.058
0.058
0.058
0.058
0.058
0.058
0.058
0.256
0.256
0.256
0.256
0.256
0.256
0.256
0.256
0.256
0.256
0.256
0.256
0.256
0.256
0.256
0.256
0.256
0.256
0.256
0.256
0.256
0.256
0.058
0.058
0.058
0.058
0.058
0.058
0.058
0.058
0.058
0.058
0.058
0.058
0.058
0.058
0.058
0.058
0.058
0.058
0.058
0.058
0.058
0.058
0.058
0.058
0.058
0.058
0.058
0.058
0.058
0.058
0.058
0.058
0.058
0.058
0.058
0.058
0.058
0.058
0.058
0.058
0.058
0.058
0.058
0.058
0.058
0.058
0.058
0.058
0.058
0.058
0.058
0.058
0.058
0.058
0.058
0.058
0.058
0.058
0.058
0.058
0.058
0.058
0.058
0.058
0.058
0.058
0.058
0.058
0.058
0.058
0.058
0.058
0.058
0.058
0.058
0.058
0.058
0.058
0.058
0.058
0.058
0.058
0.058
0.256
0.256
0.256
0.256
0.256
0.256
0.256
0.256
0.256
0.256
0.256
0.256
0.256
0.256
0.256
0.256
0.256
0.256
0.256
0.256
0.256
0.256
0.058
0.058
0.058
0.058
0.058
0.058
0.058
0.058
0.058
0.058
0.058
0.058
0.058
0.058
0.058
0.058
0.058
0.058
0.058
0.058
0.058
0.058
0.058
0.058
0.058
0.058
0.058
0.058
0.058
0.058
0.058
0.058
0.058
0.058
0.058
0.058
0.058
0.058
0.058
0.058
0.058
0.058
0.058
0.058
0.058
0.058
0.058
0.058
0.058
0.058
0.058
0.058
0.058
0.058
0.058
0.058
0.256
0.256
0.256
0.256
0.256
0.256
0.256
0.256
0.256
0.256
0.256
0.256
0.256
0.256
0.256
0.256
0.256
0.256
0.256
0.256
0.256
0.256
0.058
0.058
0.058
0.058
0.058
0.058
0.058
0.058
0.058
0.058
0.058
0.058
0.058
0.058
0.058
0.058
0.058
0.058
0.058
0.058
0.058
0.058
0.058
0.058
0.058
0.058
0.058
0.058
0.058
0.058
0.058
0.058
0.058
0.058
0.058
0.058
0.058
0.058
0.058
0.058
0.056
0.056
0.056
0.056
0.056
0.056
0.056
0.254
0.254
0.304
0.256
0.256
0.256
0.256
0.256
0.256
0.256
0.256
0.256
0.256
0.256
0.256
0.256
0.256
0.256
0.256
0.256
0.256
0.256
0.058
0.058
0.058
0.058
0.058
0.058
0.058
0.058
0.058
0.058
0.058
0.058
0.058
0.058
0.058
0.058
0.058
0.058
0.058
0.058
0.058
0.058
0.058
0.058
0.058
0.058
0.058
0.058
0.058
0.058
0.058
0.058
0.058
0.058
0.058
0.058
0.058
0.058
0.058
0.058
0.058
0.058
0.058
0.058
0.058
0.058
0.058
0.058
0.058
0.058
0.058
0.058
0.058
0.058
0.058
0.058
0.058
0.058
0.058
0.058
0.058
0.058
0.058
0.058
0.058
0.058
0.058
0.058
0.256
0.256
0.256
0.256
0.256
0.256
0.256
0.256
0.256
0.256
0.256
0.256
0.256
0.256
0.256
0.256
0.256
0.256
0.256
0.256
0.256
0.256
0.058
0.058
0.058
0.058
0.058
0.058
0.058
0.058
0.058
0.058
0.058
0.058
0.058
0.058
0.058
0.058
0.058
0.058
0.058
0.058
0.058
0.058
0.058
0.058
0.058
0.058
0.058
0.058
0.058
0.058
0.058
0.058
0.058
0.058
0.058
0.058
0.058
0.058
0.058
0.058
0.058
0.058
0.058
0.058
0.058
0.058
0.058
0.058
0.058
0.058
0.058
0.058
0.058
0.058
0.058
0.058
0.058
0.058
0.058
0.058
0.058
0.058
0.058
0.058
0.058
0.058
0.058
0.058
0.058
0.058
0.058
0.058
0.058
0.058
0.058
0.058
0.058
0.058
0.058
0.058
0.058
0.058
0.058
0.058
0.058
0.058
0.058
0.058
0.058
0.058
0.058
0.058
0.058
0.058
0.058
0.058
0.058
0.058
0.058
0.058
0.058
0.058
0.058
0.058
0.058
0.058
0.058
0.058
0.058
0.058
0.058
0.058
0.058
0.058
0.058
0.256
0.256
0.256
0.256
0.256
0.256
0.256
0.256
0.256
0.256
0.256
0.256
0.256
0.256
0.256
0.256
0.256
0.256
0.256
0.256
0.256
0.256
0.058
0.058
0.058
0.058
0.058
0.058
0.058
0.058
0.058
0.058
0.058
0.058
0.058
0.058
0.058
0.058
0.058
0.058
0.058
0.058
0.058
0.058
0.058
0.058
0.058
0.058
0.058
0.058
0.058
0.058
0.058
0.058
0.058
0.058
0.058
0.058
0.058
0.058
0.058
0.058
0.058
0.058
0.058
0.058
0.058
0.058
0.058
0.058
0.058
0.058
0.058
0.058
0.058
0.058
0.058
0.058
0.058
0.058
0.256
0.256
0.256
0.256
0.256
0.256
0.256
0.256
0.256
0.256
0.256
0.256
0.256
0.256
0.256
0.256
0.256
0.256
0.256
0.256
0.256
0.256
0.058
0.058
0.058
0.058
0.058
0.058
0.058
0.058
0.058
0.058
0.058
0.058
0.058
0.058
0.058
0.058
0.058
0.058
0.058
0.058
0.058
0.058
0.058
0.058
0.058
0.058
0.058
0.058
0.058
0.058
0.058
0.058
0.058
0.058
0.058
0.058
0.058
0.058
0.058
0.058
0.058
0.058
0.058
0.058
0.058
0.058
0.058
0.058
0.058
0.058
0.058
0.058
0.058
0.058
0.058
0.058
0.058
0.058
0.058
0.058
0.058
0.058
0.058
0.058
0.058
0.058
0.058
0.256
0.256
0.256
0.256
0.256
0.256
0.256
0.256
0.256
0.256
0.256
0.256
0.256
0.256
0.256
0.256
0.256
0.256
0.256
0.256
0.256
0.256
0.058
0.058
0.058
0.058
0.058
0.058
0.058
0.058
0.058
0.058
0.058
0.058
0.058
0.058
0.058
0.058
0.058
0.058
0.058
0.058
0.058
0.058
0.058
0.058
0.058
0.058
0.058
0.058
0.058
0.058
0.058
0.058
0.058
0.058
0.058
0.058
0.058
0.058
0.058
0.058
0.058
0.058
0.058
0.058
0.058
0.058
0.058
0.058
0.058
0.058
0.058
0.058
0.058
0.058
0.058
0.058
0.058
0.058
0.058
0.058
0.058
0.256
0.256
0.256
0.256
0.256
0.256
0.256
0.256
0.256
0.256
0.256
0.256
0.256
0.256
0.254
0.254
0.254
0.254
0.254
0.254
0.254
0.254
0.056
0.056
0.056
0.056
0.056
0.056
0.056
2.206
2.206
2.206
0.056
0.056
0.056
0.056
0.056
0.056
2.397
2.397
2.397
2.397
2.397
2.397
2.397
2.411
2.411
2.411
2.411
2.411
2.411
2.411
2.411
2.411
0.083
0.083
0.083
0.083
0.083
0.083
0.083
0.083
0.083
0.083
0.083
0.083
0.083
0.143
0.143
0.143
0.203
0.143
0.143
0.143
0.143
0.203
0.223
0.223
0.143
0.143
0.143
0.143
0.143
0.083
0.083
0.083
0.083
0.083
0.103
0.103
0.103
0.103
0.103
0.103
0.103
0.103
0.301
0.301
0.281
0.281
0.281
0.281
0.281
0.281
0.281
0.281
0.341
0.341
0.281
0.341
0.341
0.341
0.341
0.341
0.328
0.328
0.328
0.328
0.176
0.246
0.186
2.336
2.336
2.436
0.226
0.266
0.266
0.266
0.266
0.266
0.266
0.266
0.266
0.266
0.166
0.216
0.216
0.166
0.166
0.226
0.226
0.226
0.226
0.226
0.226
0.286
0.286
0.286
0.286
0.286
0.286
0.286
0.286
0.286
0.286
0.286
0.346
0.286
2.436
2.436
2.376
0.226
0.286
0.306
0.504
0.404
0.384
0.419
0.419
0.384
0.384
0.384
0.384
0.444
0.404
0.404
0.404
0.449
0.469
0.469
0.469
0.469
0.469
0.469
0.399
0.412
0.214
0.214
0.228
0.228
0.228
0.228
0.228
0.288
0.288
0.288
0.288
0.416
0.416
0.416
0.476
0.471
0.471
0.471
0.471
0.471
0.471
0.411
0.411
0.411
0.411
0.411
0.411
0.351
0.351
0.351
0.351
0.351
0.351
2.501
2.501
2.501
0.351
0.351
0.351
0.351
0.351
0.223
0.223
0.223
0.223
0.223
0.223
0.223
0.223
0.223
0.421
0.421
0.421
0.421
0.421
2.571
2.571
2.571
0.421
0.408
0.388
0.388
0.408
0.408
0.408
0.408
0.408
0.408
0.408
0.408
0.408
0.408
0.21
0.21
0.21
0.176
0.176
0.176
0.176
1.215
1.215
1.215
0.176
0.176
0.176
0.176
0.176
0.176
0.276
0.276
0.216
0.256
0.196
0.156
0.216
0.216
0.276
0.276
0.276
0.276
0.296
0.296
0.236
0.236
0.236
0.236
0.236
0.236
0.236
0.236
0.136
0.136
0.136
0.136
0.136
0.136
0.201
0.201
0.201
0.136
0.196
0.196
0.196
0.196
0.196
0.256
0.256
0.256
0.256
0.256
0.196
0.296
0.296
0.346
0.296
0.296
0.296
0.356
0.356
0.356
0.356
0.356
0.356
0.356
0.554
0.563
0.463
0.463
0.256
0.256
0.256
0.256
0.256
0.256
0.256
0.256
0.256
0.256
0.256
0.256
0.256
0.256
0.256
0.256
0.256
0.256
0.058
0.058
0.058
0.058
0.058
0.058
0.058
0.058
0.058
0.058
0.058
0.058
0.058
0.058
0.058
0.058
0.058
0.058
0.058
0.058
0.058
0.058
0.058
0.058
0.058
0.058
0.058
0.058
0.058
0.058
0.058
0.058
0.058
0.058
0.058
0.058
0.058
0.058
0.058
0.058
0.058
0.058
0.058
0.058
0.058
0.058
0.058
0.058
0.058
0.058
0.058
0.058
0.058
0.058
0.058
0.058
0.058
0.058
0.058
0.058
0.058
0.058
0.058
0.058
0.058
0.058
0.058
0.058
0.058
0.058
0.058
0.058
0.058
0.058
0.058
0.058
0.058
0.058
0.058
0.058
0.058
0.058
0.058
0.058
0.256
0.256
0.256
0.256
0.256
0.256
0.256
0.256
0.256
0.256
0.256
0.256
0.256
0.256
0.256
0.256
0.256
0.256
0.256
0.256
0.256
0.256
0.058
0.058
0.058
0.058
0.058
0.058
0.058
0.058
0.058
0.058
0.058
0.058
0.058
0.058
0.058
0.058
0.056
0.056
0.056
0.056
0.056
0.056
0.056
0.116
0.116
0.116
0.116
0.116
0.116
0.116
0.116
0.116
0.116
0.076
0.076
0.076
0.219
0.347
0.347
0.347
0.347
0.347
0.347
0.361
0.361
0.361
0.361
0.361
0.411
0.411
0.411
0.411
0.361
0.361
0.521
0.421
0.421
0.421
0.421
0.471
0.471
0.471
0.471
0.531
0.531
0.481
0.481
0.481
0.481
0.481
0.481
0.481
0.481
0.541
0.541
0.541
0.541
0.481
0.481
0.481
0.481
0.481
0.481
0.481
0.541
0.601
0.058
0.058
0.058
0.058
0.058
0.058
0.058
0.058
0.058
0.058
0.058
0.058
0.058
0.058
0.058
0.058
0.058
0.058
0.058
0.058
0.058
0.058
0.058
0.058
0.058
0.058
0.058
0.058
0.058
0.058
0.058
0.058
0.058
0.058
0.058
0.058
0.058
0.058
0.058
0.058
0.058
0.058
0.058
0.058
0.058
0.058
0.058
0.058
0.058
0.058
0.058
0.058
0.058
0.058
0.058
0.058
0.256
0.256
0.256
0.256
0.256
0.256
0.256
0.256
0.256
0.256
0.256
0.256
0.256
0.256
0.256
0.256
0.256
0.256
0.256
0.256
0.256
0.256
0.058
0.058
0.058
0.058
0.058
0.058
0.058
0.058
0.058
0.058
0.058
0.058
0.058
0.058
0.058
0.058
0.058
0.058
0.058
0.058
0.058
0.058
0.058
0.058
0.058
0.058
0.058
0.048
0.048
0.048
0.048
0.048
0.331
0.331
0.331
2.832
2.832
2.704
2.704
2.704
2.764
2.764
