0.068
0.068
0.068
0.068
0.068
0.068
0.068
0.068
0.068
0.068
0.068
0.068
0.068
0.068
0.058
0.058
0.058
0.058
0.058
0.058
0.058
0.058
0.058
0.058
0.058
0.058
0.058
0.058
0.058
0.058
0.058
0.058
0.058
0.058
0.058
0.058
0.058
0.058
0.058
0.058
0.058
0.058
0.058
0.058
0.068
0.068
0.068
0.068
0.068
0.068
0.068
0.068
0.068
0.068
0.068
0.068
0.068
0.068
0.068
0.068
0.068
0.068
0.068
0.068
0.068
0.068
0.068
0.068
0.068
0.068
0.068
0.17
0.17
0.17
0.17
0.17
0.17
0.17
0.17
0.17
0.17
0.17
0.17
0.17
0.17
0.17
0.17
0.17
0.17
0.068
0.068
0.068
0.068
0.068
0.068
0.068
0.068
0.238
0.238
0.238
0.238
0.238
0.238
0.238
0.238
0.238
0.238
0.238
0.238
0.238
0.238
0.238
0.238
0.238
0.238
0.238
0.238
0.238
0.238
0.068
0.068
0.068
0.068
0.068
0.068
0.068
0.068
0.068
0.068
0.068
0.068
0.068
0.068
0.068
0.068
0.068
0.068
0.068
0.068
0.068
0.068
0.068
0.068
0.068
0.068
0.068
0.068
0.068
0.068
0.17
0.17
0.17
0.17
0.17
0.17
0.17
0.17
0.17
0.17
0.17
0.17
0.17
0.17
0.17
0.17
0.17
0.17
0.068
0.068
0.068
0.068
0.068
0.068
0.068
0.068
0.068
0.068
0.068
0.068
0.068
0.238
0.238
0.238
0.238
0.238
0.238
0.238
0.238
0.238
0.238
0.238
0.238
0.238
0.238
0.238
0.238
0.238
0.238
0.238
0.238
0.238
0.238
0.068
0.068
0.068
0.068
0.068
0.068
0.068
0.068
0.068
0.068
0.068
0.068
0.068
0.17
0.17
0.17
0.17
0.17
0.17
0.17
0.17
0.17
0.17
0.17
0.17
0.17
0.17
0.17
0.17
0.17
0.17
0.068
0.068
0.068
0.068
0.068
0.068
0.068
0.068
0.068
0.068
0.068
0.068
0.068
0.068
0.068
0.068
0.068
0.068
0.068
0.068
0.238
0.238
0.238
0.238
0.238
0.238
0.238
0.238
0.238
0.238
0.238
0.238
0.238
0.238
0.238
0.238
0.238
0.238
0.238
0.238
0.238
0.238
0.068
0.068
0.17
0.17
0.17
0.17
0.17
0.17
0.17
0.17
0.17
0.17
0.17
0.17
0.17
0.17
0.17
0.17
0.17
0.17
0.068
0.068
0.068
0.068
0.068
0.068
0.068
0.068
0.068
0.068
0.068
0.068
0.068
0.068
0.068
0.068
0.068
0.068
0.068
0.068
0.068
0.068
0.068
0.068
0.068
0.238
0.238
0.238
0.238
0.238
0.238
0.238
0.238
0.238
0.238
0.238
0.238
0.238
0.238
0.238
0.238
0.238
0.238
0.238
0.238
0.238
0.238
0.068
0.068
0.068
0.068
0.068
0.068
0.068
0.068
0.068
0.068
0.068
0.17
0.17
0.17
0.17
0.17
0.17
0.17
0.17
0.17
0.17
0.17
0.17
0.17
0.17
0.17
0.17
0.17
0.17
0.068
0.068
0.068
0.068
0.068
0.068
0.068
0.068
0.068
0.068
0.068
0.068
0.068
0.068
0.068
0.068
0.068
0.068
0.068
0.068
0.068
0.238
0.238
0.238
0.238
0.238
0.238
0.238
0.238
0.238
0.238
0.238
0.238
0.238
0.238
0.238
0.238
0.238
0.238
0.238
0.238
0.238
0.238
0.068
0.068
0.068
0.068
0.068
0.068
0.067
0.067
0.127
0.127
0.067
0.067
0.067
0.067
0.067
0.067
0.067
0.067
0.067
0.067
0.169
0.169
0.169
0.169
0.169
0.169
0.169
0.169
0.229
0.229
0.229
0.229
0.229
0.229
0.229
0.229
0.229
0.229
0.127
0.127
0.127
0.287
0.397
0.424
0.594
0.594
0.594
0.594
0.594
0.594
0.594
0.644
0.644
0.644
0.644
0.644
0.644
0.484
0.484
0.484
2.514
2.514
2.514
2.514
2.514
2.614
2.344
2.356
2.306
2.366
2.377
2.377
2.377
2.377
2.377
4.187
2.157
2.157
0.287
0.287
0.287
0.287
0.287
0.287
0.287
0.287
0.347
0.347
0.347
0.32
0.26
0.26
0.42
0.42
0.42
0.42
0.42
0.42
0.42
0.46
0.46
0.46
0.448
0.448
0.448
0.448
0.448
0.448
0.448
0.448
0.448
0.448
0.448
0.448
0.408
0.408
0.408
0.408
0.408
0.468
0.468
0.638
0.638
0.638
0.638
0.638
0.638
0.638
0.638
0.638
0.627
0.627
0.627
0.627
0.627
0.627
0.627
0.567
0.567
0.578
0.418
0.418
0.368
0.198
0.3
0.3
0.17
0.17
0.17
0.17
0.17
0.17
0.17
0.17
0.17
0.17
0.213
0.213
0.213
0.213
0.213
0.213
0.111
0.111
0.111
0.111
0.111
0.111
0.111
0.111
0.111
0.111
0.078
0.078
0.088
0.088
0.088
0.088
0.088
0.088
0.226
0.226
0.226
0.294
0.294
0.294
0.294
0.294
0.294
0.464
0.464
0.464
0.464
0.464
0.464
0.464
0.464
0.464
0.464
0.464
0.464
0.464
0.464
0.464
0.464
0.464
1.663
1.765
1.892
1.881
1.881
1.711
1.711
1.711
1.711
1.711
1.711
1.711
1.584
1.584
1.719
1.719
1.719
1.719
1.719
1.617
1.617
1.617
1.617
1.617
1.617
1.617
1.617
1.617
1.617
1.617
1.617
1.617
1.617
1.617
1.617
1.617
1.617
1.639
1.639
1.639
1.639
1.629
1.629
1.629
1.629
1.629
1.629
1.629
1.539
1.539
1.539
1.539
1.539
1.539
1.539
1.539
1.539
1.539
1.539
1.539
0.34
0.34
0.34
0.409
0.409
0.409
0.409
0.409
0.34
0.34
0.34
2.54
2.54
2.416
2.405
2.405
2.507
2.507
2.507
2.507
2.507
2.507
2.507
2.507
2.507
2.507
2.507
0.477
0.477
0.477
0.477
0.477
0.477
0.307
0.205
0.205
0.205
0.205
0.205
0.205
0.205
0.205
0.205
2.235
2.235
2.235
2.235
2.235
2.235
2.235
2.235
2.235
2.235
2.235
2.235
2.235
2.235
2.268
2.268
0.238
0.238
0.238
0.238
0.238
0.238
0.298
0.298
0.298
0.298
0.298
0.298
0.238
0.34
0.34
0.34
0.34
0.34
0.34
0.34
0.34
0.34
0.34
0.34
0.34
0.34
0.34
0.34
0.34
0.34
0.34
0.238
0.238
0.238
0.238
0.238
0.238
0.238
0.238
0.238
0.238
0.238
0.238
0.298
0.298
0.425
0.365
0.365
0.365
0.365
0.365
0.405
0.575
0.535
0.535
0.535
0.535
0.535
0.535
0.535
0.535
0.535
0.535
0.535
0.535
0.535
0.408
0.408
0.408
0.408
0.408
0.375
0.375
0.375
0.205
0.205
0.205
0.205
0.205
0.205
0.205
0.238
0.238
0.238
0.238
0.238
0.238
0.365
0.365
0.365
0.365
0.365
0.365
0.365
0.365
0.365
0.365
0.365
0.365
0.365
0.365
0.365
0.365
0.365
0.467
0.467
0.467
0.467
0.467
0.467
0.467
0.467
0.467
0.467
0.467
0.467
0.494
0.494
0.467
0.627
0.627
0.627
0.525
0.525
0.525
0.525
0.585
2.625
2.652
2.652
0.842
0.815
0.815
0.815
0.755
0.755
0.755
0.755
0.755
0.755
0.755
0.766
0.766
0.766
0.766
0.766
0.766
0.766
0.826
0.656
0.656
0.656
0.656
0.656
0.623
0.485
0.485
0.485
0.545
0.497
0.485
0.485
0.485
0.485
0.485
0.485
0.485
0.485
0.485
0.485
0.485
0.485
0.485
0.485
0.485
0.623
0.623
0.623
0.623
0.623
0.623
0.623
0.623
0.623
0.336
0.336
0.336
0.336
0.336
0.438
0.438
0.438
0.598
0.598
0.438
0.438
0.438
0.51
0.51
0.51
0.51
0.499
0.499
0.499
0.499
2.482
2.482
2.38
2.38
2.38
2.38
2.38
2.38
2.38
2.38
2.38
2.38
2.38
2.44
2.44
2.44
2.54
2.54
2.54
2.54
2.55
0.567
0.567
0.567
0.567
0.567
0.579
0.579
0.579
0.579
0.579
0.639
0.639
0.579
0.579
0.579
0.579
0.519
0.519
0.519
0.419
0.419
0.419
0.419
0.419
0.419
0.419
0.419
0.419
0.419
0.649
0.649
0.649
0.649
0.649
0.649
0.649
0.649
0.649
0.649
0.727
0.727
1.738
1.865
1.865
0.854
0.31
0.31
0.31
0.31
0.31
0.31
0.14
0.14
0.14
0.14
0.14
0.14
0.14
0.14
0.14
0.14
0.14
0.14
0.317
0.317
0.414
0.414
0.414
0.414
0.414
0.414
0.414
0.414
0.414
0.414
0.414
0.591
0.591
0.414
0.414
0.414
0.454
0.454
0.614
0.686
0.674
0.701
0.674
0.624
0.801
0.801
0.624
0.564
0.564
0.591
0.591
0.564
0.564
0.564
0.564
0.564
0.564
0.741
0.801
1.119
1.119
1.119
1.119
1.119
0.552
0.552
0.552
0.552
0.552
0.552
0.727
0.727
0.727
0.698
0.698
0.868
0.868
0.868
0.868
0.741
0.741
0.741
0.741
0.741
0.741
0.741
0.741
0.741
0.639
0.579
0.579
0.579
0.579
0.619
0.619
0.619
0.619
0.449
0.449
0.449
0.509
0.509
0.509
0.509
0.509
0.509
0.509
0.509
0.669
0.669
0.669
0.669
0.609
0.649
0.649
0.649
0.649
0.649
0.649
0.649
0.649
0.609
0.609
0.609
0.609
0.609
0.609
0.609
0.609
0.609
0.609
0.569
0.629
0.618
0.618
0.745
0.745
0.745
0.745
0.745
0.805
0.805
0.745
0.712
0.712
0.712
0.712
0.712
0.612
0.612
0.612
0.552
0.612
0.624
0.624
0.624
0.684
0.684
0.684
0.684
0.684
0.684
0.694
0.694
0.694
0.694
0.694
0.734
0.734
0.734
0.734
0.734
0.722
0.722
0.722
0.782
0.782
0.782
0.884
0.884
0.884
0.884
0.884
0.884
0.884
1.008
1.008
1.108
1.108
1.108
1.108
1.108
1.108
1.108
1.108
1.278
1.176
1.176
1.176
1.176
0.238
0.238
0.238
0.238
0.238
0.238
0.238
0.238
0.238
0.238
0.238
0.238
0.238
0.238
0.238
0.238
0.238
0.068
0.068
0.068
0.068
0.068
0.068
0.068
0.068
0.068
0.068
0.068
0.068
0.068
0.068
0.068
0.068
0.068
0.068
0.068
0.068
0.068
0.068
0.068
0.068
0.068
0.068
0.068
0.068
0.068
0.068
0.068
0.068
0.068
0.068
0.068
0.068
0.068
0.068
0.068
0.068
0.068
0.17
0.17
0.17
0.17
0.17
0.17
0.34
0.34
0.34
0.34
0.34
0.34
0.798
0.798
0.738
0.738
0.738
0.738
0.636
0.669
0.669
0.669
0.669
0.719
0.719
0.719
0.719
0.719
0.549
0.549
0.549
0.549
0.549
0.549
0.549
0.549
0.411
0.471
0.471
0.411
0.571
0.571
0.411
0.471
0.411
0.411
0.411
0.401
0.561
0.561
0.561
0.573
0.561
0.621
0.621
0.621
0.621
0.621
0.621
0.621
0.621
0.621
0.621
0.621
0.621
0.621
0.621
0.621
0.621
0.621
0.621
0.633
0.621
0.621
0.621
0.621
0.561
0.731
0.731
0.754
0.754
0.754
0.754
0.754
0.824
0.824
0.764
0.764
0.764
0.764
0.824
0.824
0.791
0.791
0.731
0.731
0.731
0.731
0.731
0.561
0.561
0.561
0.561
0.561
0.561
0.561
0.561
0.69
0.69
0.79
0.892
0.892
0.919
0.979
0.828
0.828
0.828
0.828
0.828
0.828
0.668
0.668
0.599
0.599
0.599
0.599
0.599
0.599
0.497
0.537
0.41
0.47
0.47
0.47
0.53
0.53
0.53
0.47
0.32
0.309
0.309
0.309
0.369
0.369
0.369
0.309
2.179
2.179
2.349
0.479
0.479
0.479
0.319
0.319
0.319
0.319
0.319
0.309
0.309
0.369
0.369
0.369
0.369
0.369
0.369
0.369
0.369
0.369
0.369
0.369
0.199
0.199
