0.071
0.071
0.071
0.071
0.071
0.071
0.071
0.071
0.061
0.061
0.061
0.061
0.061
0.061
0.061
0.061
0.061
0.061
0.061
0.061
0.061
0.061
0.061
0.061
0.061
0.061
0.061
0.061
0.061
0.061
0.061
0.061
0.061
0.061
0.061
0.061
0.061
0.061
0.071
0.275
0.275
0.275
0.275
0.275
0.275
0.275
0.275
0.275
0.275
0.275
0.275
0.275
0.275
0.275
0.275
0.275
0.275
0.275
0.275
0.275
0.275
0.071
0.071
0.071
0.071
0.071
0.071
0.071
0.071
0.071
0.071
0.071
0.071
0.071
0.071
0.071
0.071
0.071
0.071
0.071
0.071
0.071
0.071
0.071
0.071
0.071
0.071
0.071
0.071
0.071
0.071
0.071
0.071
0.071
0.071
0.071
0.071
0.071
0.071
0.071
0.071
0.071
0.071
0.071
0.071
0.071
0.071
0.071
0.071
0.071
0.071
0.071
0.071
0.071
0.071
0.071
0.071
0.071
0.275
0.275
0.275
0.275
0.275
0.275
0.275
0.275
0.275
0.275
0.275
0.275
0.275
0.275
0.275
0.275
0.275
0.275
0.275
0.275
0.275
0.275
0.071
0.071
0.071
0.071
0.071
0.071
0.071
0.071
0.071
0.071
0.071
0.071
0.071
0.071
0.071
0.071
0.071
0.071
0.071
0.071
0.071
0.071
0.071
0.071
0.071
0.071
0.071
0.071
0.071
0.071
0.071
0.071
0.071
0.071
0.071
0.071
0.071
0.071
0.071
0.071
0.071
0.071
0.071
0.071
0.071
0.071
0.071
0.071
0.071
0.071
0.071
0.071
0.071
0.071
0.071
0.071
0.071
0.071
0.071
0.071
0.071
0.071
0.071
0.071
0.071
0.071
0.071
0.071
0.071
0.071
0.071
0.071
0.071
0.071
0.071
0.071
0.071
0.071
0.071
0.071
0.071
0.071
0.071
0.071
0.071
0.071
0.071
0.071
0.071
0.071
0.071
0.071
0.071
0.071
0.071
0.071
0.071
0.071
0.071
0.071
0.071
0.071
0.071
0.071
0.071
0.071
0.071
0.071
0.071
0.071
0.071
0.071
0.071
0.071
0.071
0.071
0.071
0.071
0.071
0.071
0.071
0.071
0.071
0.071
0.071
0.071
0.071
0.071
0.071
0.071
0.071
0.071
0.071
0.275
0.275
0.275
0.275
0.275
0.275
0.275
0.275
0.275
0.275
0.275
0.275
0.275
0.275
0.275
0.275
0.275
0.275
0.275
0.275
0.275
0.275
0.071
0.071
0.071
0.071
0.071
0.071
0.071
0.071
0.071
0.071
0.071
0.071
0.071
0.071
0.071
0.071
0.071
0.071
0.071
0.071
0.071
0.071
0.071
0.071
0.071
0.071
0.071
0.071
0.071
0.071
0.071
0.071
0.071
0.071
0.071
0.071
0.071
0.071
0.071
0.071
0.071
0.071
0.071
0.071
0.071
0.071
0.071
0.071
0.071
0.071
0.071
0.071
0.071
0.071
0.071
0.071
0.071
0.071
0.071
0.071
0.275
0.275
0.275
0.275
0.275
0.275
0.275
0.275
0.275
0.275
0.275
0.275
0.275
0.275
0.275
0.275
0.275
0.275
0.275
0.275
0.275
0.275
0.071
0.071
0.071
0.071
0.071
0.071
0.071
0.071
0.071
0.071
0.071
0.071
0.071
0.071
0.071
0.071
0.071
0.071
0.071
0.071
0.071
0.071
0.071
0.069
0.129
0.069
0.069
0.069
0.081
0.081
0.081
0.069
0.069
0.069
0.069
0.069
0.081
0.081
0.081
0.081
0.081
0.081
0.081
0.081
0.069
0.119
0.179
0.179
0.179
0.179
0.403
0.403
0.403
0.403
0.403
0.403
0.403
0.343
0.343
0.643
0.703
0.703
0.643
0.643
0.738
0.683
0.633
0.633
0.633
0.693
0.743
0.743
0.479
0.479
0.479
0.179
0.179
0.179
0.179
0.179
0.179
0.179
0.179
0.179
0.179
0.179
0.179
2.709
2.859
12.093
9.563
9.575
0.341
0.341
0.341
0.489
9.723
9.723
9.563
0.449
0.449
0.509
0.509
0.509
0.389
0.389
0.389
0.389
0.389
0.389
0.449
0.519
0.499
0.499
0.499
0.439
0.393
0.393
0.393
0.393
0.393
0.323
0.323
0.071
0.071
0.071
0.071
0.071
0.071
0.071
0.071
0.071
0.071
0.071
0.071
0.071
0.071
0.071
0.071
0.071
0.275
0.275
0.275
0.275
0.275
0.275
0.275
0.275
0.275
0.275
0.275
0.275
0.275
0.275
0.275
0.275
0.275
0.275
0.275
0.275
0.275
0.275
0.071
0.071
0.071
0.071
0.071
0.071
0.071
0.071
0.071
0.071
0.071
0.095
0.095
0.095
0.095
0.145
0.145
0.145
0.145
0.145
0.145
0.145
0.145
0.145
0.145
0.145
0.145
0.145
0.145
0.145
0.145
0.145
0.145
0.145
0.133
0.133
0.133
0.133
0.133
0.133
0.24
0.24
0.24
0.24
0.24
0.394
0.394
0.394
0.394
0.394
0.394
0.394
0.394
0.394
0.394
0.394
0.394
0.394
0.394
0.394
0.394
0.394
0.394
2.924
2.91
2.91
0.38
0.176
0.176
0.176
0.176
0.176
0.176
0.176
0.176
0.176
0.176
0.176
0.176
0.176
0.176
0.176
0.176
0.176
0.176
0.176
0.176
0.176
0.176
0.176
0.176
0.176
0.176
0.19
0.19
0.19
0.19
0.19
0.19
0.19
0.083
0.083
0.083
0.083
0.083
0.083
0.083
0.083
0.083
0.083
0.155
0.155
0.155
0.155
0.167
0.167
9.401
9.605
11.588
2.354
2.354
2.414
2.414
2.414
2.414
2.414
2.414
2.402
2.402
2.402
2.402
2.402
2.402
2.402
2.402
2.402
2.402
2.402
2.402
0.215
0.215
0.215
0.215
0.215
0.215
0.215
0.215
0.215
0.215
0.215
0.215
0.215
0.215
0.201
0.201
0.201
0.201
0.201
0.201
2.731
2.731
0.143
0.143
0.143
0.143
0.143
0.143
0.143
0.143
0.143
0.143
0.143
0.143
0.143
0.143
0.143
0.143
0.143
0.143
0.143
0.143
0.143
0.143
0.143
0.143
0.143
0.143
0.347
0.347
0.347
0.347
0.347
0.347
0.347
0.347
0.347
0.347
0.347
0.347
0.347
0.347
0.347
0.524
0.524
0.347
0.347
0.347
0.347
0.347
0.143
0.143
0.143
0.143
0.143
0.143
0.32
0.32
0.143
0.143
0.143
0.143
0.143
0.143
0.143
0.143
0.143
0.143
0.143
0.32
0.32
0.143
0.143
0.143
0.143
0.143
0.143
0.143
0.143
0.143
0.143
0.143
0.32
0.32
0.638
0.638
0.638
0.638
0.638
0.071
0.071
0.071
0.071
0.071
0.071
0.071
0.071
0.071
0.071
0.071
0.071
0.071
2.599
0.069
0.069
0.069
0.069
0.069
0.069
0.069
0.069
0.069
0.069
0.069
0.069
0.069
0.069
0.069
0.286
0.286
0.286
0.286
0.286
0.286
0.286
0.286
2.816
2.847
2.847
0.317
0.317
0.317
0.317
0.317
0.317
0.317
0.317
0.317
0.317
0.317
0.113
0.113
0.113
0.173
0.173
0.173
0.173
0.173
0.173
0.173
0.173
0.173
0.173
0.173
0.173
0.173
0.173
0.173
0.173
0.173
0.173
0.173
0.113
0.113
0.113
0.113
0.113
0.113
0.113
0.113
0.244
0.244
0.371
0.371
0.371
0.371
0.371
0.371
0.371
0.371
0.371
0.383
0.383
0.383
0.383
0.383
0.383
0.383
0.587
0.587
0.587
0.574
0.574
0.724
0.724
0.674
0.674
0.674
0.783
0.843
0.812
0.752
0.752
0.752
0.752
0.772
0.872
0.872
0.912
0.912
0.708
0.708
0.708
0.708
0.708
0.577
0.577
0.577
0.577
0.637
0.577
0.577
0.537
0.497
0.628
0.628
0.628
0.533
0.533
0.533
0.521
0.521
0.521
0.521
0.521
0.521
0.501
0.501
0.501
0.501
0.861
0.861
0.861
0.861
0.861
0.921
0.934
1.034
1.046
1.046
1.046
1.046
1.046
1.146
1.146
1.146
3.129
3.101
3.087
2.86
2.76
2.76
2.76
2.76
2.82
2.76
2.82
2.82
2.88
2.88
2.947
2.947
2.947
2.947
2.947
2.947
2.947
1.064
0.964
1.064
1.064
1.064
1.064
1.064
1.064
1.064
1.268
1.268
1.268
1.268
1.642
1.642
1.702
1.702
1.398
1.398
1.398
1.398
1.702
1.702
1.702
1.702
1.398
1.398
1.398
1.398
1.398
1.398
1.294
1.094
1.154
1.154
1.023
1.023
1.023
1.023
1.023
0.903
0.903
0.89
0.89
1.01
1.01
1.01
1.01
0.89
0.89
0.89
0.843
0.843
0.843
0.843
0.843
0.843
0.843
0.843
0.843
0.823
0.823
0.823
1
1.05
0.873
0.873
0.873
1.004
1.054
1.054
0.994
0.994
0.994
0.994
0.994
1.171
1.211
1.034
1.034
1.034
0.934
0.934
1.034
1.054
1.054
1.034
1.048
1.048
1.125
1.125
0.948
0.878
0.948
0.948
0.948
1.048
1.048
1.048
1.048
1.252
1.121
1.298
1.298
1.616
1.616
1.616
1.616
1.616
1.049
0.979
0.979
0.979
0.979
0.979
1.039
1.039
1.039
1.039
1.039
1.039
1.039
0.835
0.835
0.782
0.842
0.842
0.842
0.842
0.842
0.882
0.882
0.755
0.755
0.902
0.902
0.862
0.862
0.922
0.922
0.922
1.002
1.002
1.002
1.002
1.002
1.002
1.019
1.019
1.019
0.719
0.719
0.719
0.719
0.719
0.619
0.619
0.619
1.676
1.676
1.676
1.676
1.676
1.664
1.664
1.696
1.696
1.696
1.676
1.576
1.576
1.576
1.816
1.816
1.976
1.876
1.876
1.876
1.876
1.876
1.876
1.876
1.876
1.876
1.876
1.876
1.876
1.876
1.946
1.946
1.876
1.876
1.876
1.876
1.926
1.626
1.626
1.626
1.626
1.586
1.586
1.586
1.586
1.646
1.586
1.586
1.586
1.586
1.586
1.586
1.536
1.536
1.536
1.536
1.536
1.476
1.476
1.476
0.719
0.659
0.628
0.328
0.328
0.328
0.328
0.328
0.328
0.328
0.328
0.328
0.328
0.388
0.388
0.388
0.398
0.398
0.398
0.398
0.398
0.498
0.498
0.498
0.498
0.702
0.802
0.802
0.832
0.832
0.832
0.832
0.832
0.832
0.832
0.705
0.836
0.836
0.824
0.824
0.824
0.824
0.824
0.824
0.836
0.836
0.836
0.692
0.692
0.692
0.592
0.592
0.612
0.672
0.672
0.692
0.692
0.692
0.692
0.692
0.692
0.692
0.742
0.742
0.692
0.692
0.692
0.723
0.723
0.723
0.723
0.723
0.723
0.723
0.723
0.723
0.723
0.603
0.603
0.663
0.603
0.603
0.703
0.703
0.703
0.703
0.666
0.654
0.654
0.594
0.594
0.694
0.694
0.694
0.694
0.694
0.898
0.898
1.025
1.025
0.975
0.975
0.987
0.987
0.987
0.987
0.987
1.087
1.087
1.087
1.137
1.137
1.177
1.177
1.077
1.077
1.075
1.075
0.871
0.871
0.921
0.921
0.921
0.981
0.993
0.993
0.993
0.071
0.071
0.071
0.071
0.071
0.071
0.071
0.071
0.071
0.071
0.071
0.071
0.071
0.071
0.071
0.071
0.071
0.071
0.071
0.071
0.071
0.071
0.071
0.071
0.071
0.071
0.071
0.071
0.071
0.071
0.071
0.071
0.071
0.071
0.071
0.071
0.071
0.071
0.071
0.071
0.071
0.275
0.275
0.275
0.275
0.275
0.275
0.275
0.275
0.275
0.275
0.275
0.275
0.275
0.275
0.275
0.275
0.275
0.275
0.275
0.275
0.275
0.275
0.071
0.071
0.071
0.071
0.071
0.071
0.071
0.071
0.071
0.071
0.071
0.071
0.071
0.071
0.071
0.071
0.071
0.071
0.071
0.071
0.071
0.071
0.071
0.071
0.071
0.071
0.071
0.071
0.071
0.071
0.071
0.071
0.071
0.071
0.071
0.071
0.071
0.071
0.071
0.071
0.071
0.071
0.071
0.071
0.071
0.071
0.071
0.071
0.275
0.275
0.275
0.275
0.275
0.275
0.275
0.275
0.275
