0.051
0.051
0.051
0.051
2.253
2.258
2.258
0.239
0.239
0.239
0.239
0.239
0.299
0.299
0.299
0.299
0.299
0.299
0.299
0.299
0.299
0.434
0.434
0.434
0.494
0.494
0.494
0.494
0.494
0.311
0.311
0.46
0.46
0.46
0.46
0.51
0.47
0.47
0.47
0.47
0.47
0.47
0.335
0.335
0.335
0.335
0.335
0.335
0.335
0.335
0.202
0.053
0.053
0.053
0.053
0.053
0.053
0.053
0.053
0.053
0.053
0.053
0.053
0.053
0.053
0.053
0.053
0.053
0.053
0.053
0.053
0.053
0.053
0.053
0.053
0.053
0.053
0.053
0.053
0.053
0.236
0.236
0.236
0.236
0.236
0.236
0.236
0.236
0.236
0.236
0.236
0.236
0.236
0.236
0.236
0.236
0.236
0.236
0.236
0.236
0.236
0.236
0.053
0.053
0.053
0.053
0.053
0.053
0.053
0.053
0.053
0.053
0.053
0.053
0.053
0.202
0.202
0.202
0.202
0.202
0.202
0.202
0.202
0.202
0.202
0.202
0.202
0.202
0.202
0.202
0.202
0.202
0.202
0.202
0.202
0.053
0.053
0.053
0.053
0.053
0.053
0.053
0.053
0.053
0.053
0.053
0.236
0.236
0.236
0.236
0.236
0.236
0.236
0.236
0.236
0.236
0.236
0.236
0.236
0.236
0.236
0.236
0.236
0.236
0.236
0.236
0.236
0.236
0.053
0.053
0.053
0.053
0.053
0.053
0.053
0.053
0.053
0.053
0.053
0.053
0.053
0.053
0.053
0.053
0.053
0.053
0.053
0.053
0.053
0.053
0.053
0.053
0.053
0.053
0.053
0.053
0.053
0.053
0.053
0.053
0.202
0.202
0.202
0.202
0.202
0.202
0.202
0.202
0.202
0.202
0.202
0.202
0.202
0.202
0.202
0.202
0.202
0.202
0.202
0.385
0.236
0.236
0.236
0.236
0.236
0.236
0.236
0.236
0.236
0.236
0.236
0.236
0.236
0.236
0.236
0.236
0.236
0.236
0.236
0.236
0.236
0.053
0.053
0.053
0.053
0.053
0.053
0.053
0.053
0.053
0.053
0.053
0.053
0.053
0.053
0.053
0.053
0.053
0.053
0.053
0.053
0.053
0.053
0.053
0.053
0.053
0.053
0.053
0.053
0.053
0.053
0.053
0.053
0.053
0.053
0.053
0.053
0.053
0.053
0.053
0.053
0.053
0.053
0.053
0.053
0.053
0.053
0.236
0.236
0.236
0.236
0.236
0.236
0.236
0.236
0.236
0.236
0.236
0.236
0.236
0.236
0.236
0.236
0.236
0.236
0.236
0.236
0.236
0.236
0.053
0.053
0.053
0.053
0.053
0.053
0.053
0.053
0.053
0.053
0.053
0.053
0.053
0.053
0.053
0.053
0.053
0.053
0.053
0.053
0.053
0.053
0.053
0.053
0.053
0.053
0.053
0.053
0.202
0.202
0.202
0.202
0.202
0.202
0.202
0.202
0.202
0.202
0.202
0.202
0.202
0.215
0.25
0.25
0.25
0.215
0.398
0.458
0.309
0.309
0.309
0.429
0.429
0.429
0.429
0.369
0.354
0.354
0.354
0.454
0.454
0.454
0.454
0.454
0.454
0.454
0.454
0.454
0.421
0.421
0.421
0.421
0.421
0.421
0.421
0.421
0.421
0.421
0.321
0.321
0.321
0.321
0.261
0.261
0.261
0.201
0.201
0.051
0.111
0.111
0.111
0.111
0.111
0.111
0.111
0.111
0.111
0.111
0.111
0.111
0.111
0.111
0.111
0.111
0.111
0.111
0.111
0.111
0.111
0.111
0.111
0.111
0.26
0.26
0.3
0.26
0.26
0.26
0.26
0.26
0.26
0.443
0.443
0.443
0.443
0.443
0.543
0.543
0.543
0.583
0.543
0.608
0.459
0.459
0.459
0.459
0.459
0.519
0.519
0.519
0.519
0.519
0.519
0.336
0.336
0.336
2.538
2.538
2.538
0.336
0.336
0.336
0.336
0.336
0.336
0.336
0.336
0.336
0.386
0.386
2.538
2.478
2.478
0.276
0.276
0.276
0.276
0.276
0.276
0.276
0.276
0.276
2.478
2.478
2.478
0.276
0.406
0.406
0.406
0.406
0.406
0.406
0.555
0.555
0.555
0.555
0.555
0.555
0.555
0.555
0.555
0.555
0.555
0.555
0.555
0.555
0.555
0.738
0.738
0.738
0.738
0.738
0.589
0.604
0.604
0.604
0.604
0.604
0.504
0.504
0.504
0.236
0.236
0.236
0.236
0.236
0.236
0.236
0.236
0.053
0.053
0.053
0.053
0.053
0.053
0.053
0.053
0.053
0.053
0.053
0.053
0.053
0.053
0.053
0.053
0.053
0.053
0.053
0.053
0.053
0.053
0.053
0.053
0.053
0.053
0.053
0.053
0.053
0.053
0.053
0.053
0.053
0.053
0.053
0.053
0.053
0.053
0.053
0.053
0.053
0.053
0.053
0.053
0.236
0.236
0.236
0.236
0.236
0.236
0.236
0.236
0.236
0.236
0.236
0.236
0.236
0.236
0.236
0.236
0.236
0.236
0.236
0.236
0.236
0.236
0.202
0.202
0.202
0.202
0.202
0.202
0.202
0.202
0.202
0.202
0.202
0.202
0.202
0.202
0.202
0.202
0.202
0.202
0.202
0.202
0.053
0.053
0.053
0.053
0.053
0.053
0.053
0.053
0.053
0.053
0.053
0.053
0.053
0.053
0.053
0.053
0.053
0.053
0.053
0.053
0.053
0.053
0.053
0.053
0.053
0.053
0.053
0.053
0.236
0.236
0.236
0.236
0.236
0.236
0.236
0.236
0.236
0.236
0.236
0.236
0.236
0.236
0.236
0.236
0.236
0.236
0.236
0.236
0.236
0.236
0.053
0.053
0.053
0.053
0.053
0.053
0.053
0.053
0.053
0.053
0.053
0.053
0.053
0.053
0.053
0.053
0.053
0.053
0.053
0.053
0.053
0.053
0.202
0.202
0.202
0.202
0.202
0.202
0.202
0.202
0.202
0.202
0.202
0.202
0.202
0.202
0.202
0.202
0.202
0.202
0.202
0.202
0.053
0.053
0.053
0.053
0.053
0.053
0.053
0.053
0.053
0.053
0.053
0.053
0.053
0.053
0.053
0.053
0.236
0.236
0.236
0.236
0.236
0.236
0.236
0.236
0.236
0.236
0.236
0.236
0.236
0.236
0.236
0.236
0.236
0.236
0.236
0.236
0.236
0.236
0.053
0.053
0.053
0.202
0.202
0.202
0.202
0.202
0.202
0.202
0.202
0.202
0.202
0.202
0.202
0.202
0.345
0.345
0.345
0.345
0.345
0.345
0.345
0.196
0.196
0.196
0.196
0.196
0.196
0.196
0.196
0.196
0.196
0.196
0.196
0.196
0.066
0.066
0.066
0.066
0.066
0.066
0.066
0.066
0.066
0.066
0.066
0.066
0.066
0.066
0.066
0.066
0.066
0.066
0.066
0.066
0.066
0.066
0.166
2.368
2.368
2.368
0.166
0.166
0.166
0.166
0.166
0.315
0.3
0.3
0.3
0.3
0.315
0.215
0.215
0.215
0.345
0.345
0.345
0.345
0.345
0.345
0.345
0.345
0.345
0.345
0.345
0.196
0.196
2.498
2.498
2.498
0.296
0.296
0.296
0.296
0.053
0.053
0.053
0.053
0.053
0.053
0.053
0.053
0.053
0.236
0.236
0.236
0.236
0.236
0.236
0.236
0.236
0.236
0.236
0.236
0.236
0.236
0.236
0.236
0.236
0.236
0.236
0.236
0.236
0.236
0.236
0.053
0.053
0.053
0.053
0.053
0.053
0.053
0.053
0.053
0.053
0.053
0.053
0.053
0.053
0.053
0.053
0.053
0.202
0.202
0.202
0.202
0.202
0.202
0.202
0.202
0.202
0.202
0.202
0.202
0.202
0.202
0.202
0.202
0.202
0.202
0.202
0.202
0.053
0.053
0.053
0.053
0.053
0.053
0.053
0.053
0.053
0.053
0.053
0.053
0.053
0.053
0.053
0.053
0.053
0.053
0.053
0.053
0.053
0.053
0.236
0.236
0.236
0.236
0.236
0.236
0.236
0.236
0.236
0.236
0.236
0.236
0.236
0.236
0.236
0.236
0.236
0.236
0.236
0.236
0.236
0.236
0.053
0.053
0.053
0.053
0.053
0.053
0.053
0.053
0.053
0.053
0.053
0.053
0.053
0.053
0.053
0.053
0.053
0.053
0.053
0.053
0.053
0.053
0.053
0.053
0.053
0.053
0.053
0.053
0.053
0.053
0.053
0.053
0.053
0.053
0.053
0.202
0.202
0.202
0.202
0.202
0.202
0.202
0.202
0.202
0.202
0.385
0.385
0.385
0.528
0.528
0.528
0.528
0.528
0.528
0.528
0.379
0.379
0.379
0.379
0.379
0.379
0.379
0.444
0.444
0.444
0.444
0.444
0.261
0.321
0.321
0.321
0.321
0.321
0.321
0.321
2.523
2.523
2.523
0.321
0.321
0.321
0.256
0.256
0.256
0.241
0.241
0.241
0.241
0.241
0.313
0.313
0.313
1.332
1.332
1.332
1.332
1.332
3.315
3.475
3.475
3.475
3.475
4.449
4.449
4.449
4.449
4.449
4.319
4.319
4.319
4.319
4.319
4.319
4.319
4.319
4.319
4.319
4.319
2.336
2.396
2.396
2.396
1.377
1.377
1.317
1.317
1.317
1.5
1.5
1.5
1.5
1.5
0.526
0.526
0.656
0.656
0.656
0.656
0.656
0.656
0.656
0.656
0.656
0.656
0.656
0.756
0.816
0.816
0.756
0.573
0.573
0.573
0.573
0.422
0.422
0.571
0.571
0.571
0.571
0.631
0.571
0.571
0.571
0.571
0.571
0.571
0.631
0.631
0.671
0.671
0.671
0.662
0.662
0.662
0.662
0.513
0.578
0.578
0.578
0.578
0.578
0.755
0.764
0.637
0.587
0.587
0.587
0.587
0.587
0.587
0.587
0.587
0.587
0.527
0.704
0.704
0.527
0.527
0.427
0.427
0.362
0.362
0.362
0.362
0.362
0.232
0.383
0.625
0.625
0.508
0.508
0.508
0.508
0.508
0.443
0.443
0.443
0.458
0.458
0.458
0.575
0.575
0.893
0.893
0.893
1.896
2.045
3.977
2.974
2.914
2.914
2.914
2.914
2.914
2.974
2.974
2.974
3.074
3.074
2.974
2.974
2.974
2.974
2.974
2.974
2.974
2.875
3.01
3.01
3.01
3.01
3.01
2.97
2.97
2.97
2.961
2.961
2.911
2.911
3.011
2.911
2.911
2.911
2.911
2.911
2.911
2.911
2.911
2.971
2.971
2.971
2.971
2.971
2.971
2.971
2.971
2.971
2.956
2.845
2.845
2.845
2.845
2.845
2.845
2.845
2.845
2.845
0.346
0.506
0.506
0.689
0.684
0.604
0.604
0.604
0.604
0.544
0.544
0.544
0.544
0.544
0.544
0.544
0.544
0.544
0.544
0.544
0.544
0.544
0.544
0.544
0.544
0.361
0.361
0.37
0.521
0.556
0.556
0.556
0.556
0.556
0.556
2.758
2.758
2.698
0.496
0.645
0.705
0.705
0.605
0.605
0.605
0.645
2.787
2.847
2.907
0.705
0.705
0.705
0.705
0.705
0.67
0.67
0.67
0.61
0.65
0.561
0.621
0.621
0.501
0.501
0.501
0.486
0.486
0.486
0.486
0.486
0.486
0.486
0.486
0.486
0.486
0.486
0.486
0.486
0.501
0.501
0.551
0.551
0.501
0.501
0.561
0.561
0.561
0.601
0.601
0.601
0.601
0.601
0.601
0.601
0.601
0.601
0.784
0.784
0.784
0.849
0.775
0.905
1.054
1.094
1.094
1.094
1.034
1.034
1.034
1.034
1.094
1.094
1.154
1.254
1.254
1.194
1.194
1.094
0.911
0.911
0.911
0.911
0.762
0.822
0.822
0.822
0.822
0.762
0.762
0.762
0.762
0.762
0.762
0.862
0.762
0.762
0.822
0.822
0.807
0.807
0.867
0.867
0.867
0.867
0.887
0.807
0.707
0.707
0.647
0.647
0.647
0.667
0.667
0.667
0.667
0.667
0.667
0.667
0.667
0.667
0.607
0.547
0.417
0.417
0.417
0.789
0.789
0.749
0.749
0.749
0.749
0.749
0.749
0.749
0.749
0.749
0.749
0.749
0.749
0.749
0.749
0.749
0.809
0.809
0.939
0.75
0.75
0.567
0.567
0.567
0.567
0.567
0.627
0.627
0.627
0.627
0.627
0.627
0.627
0.567
0.567
