0.058
0.185
0.185
0.185
0.245
0.185
0.225
0.225
0.225
0.225
0.225
0.225
0.225
0.325
0.325
0.385
0.485
0.385
0.385
0.445
0.445
0.455
0.455
0.395
0.395
0.455
0.571
0.471
0.471
0.471
0.186
0.186
0.186
0.186
0.186
0.186
0.186
0.186
0.186
0.186
0.186
0.186
0.186
0.186
0.07
0.07
0.07
0.07
0.07
0.07
0.07
0.07
0.07
0.07
0.07
0.07
0.07
0.07
0.07
0.07
0.07
0.07
0.07
0.07
0.07
0.07
0.07
0.07
0.07
0.07
0.07
0.07
0.07
0.07
0.07
0.07
0.231
0.231
0.231
0.231
0.231
0.231
0.231
0.231
0.231
0.231
0.231
0.231
0.231
0.231
0.231
0.231
0.231
0.231
0.231
0.347
0.186
0.186
0.186
0.186
0.186
0.186
0.186
0.186
0.186
0.186
0.186
0.186
0.186
0.186
0.186
0.186
0.186
0.07
0.07
0.07
0.07
0.07
0.07
0.07
0.07
0.07
0.07
0.07
0.07
0.07
0.07
0.07
0.07
0.07
0.07
0.07
0.07
0.07
0.07
0.07
0.07
0.231
0.231
0.231
0.231
0.231
0.231
0.231
0.231
0.231
0.231
0.231
0.231
0.231
0.231
0.231
0.231
0.231
0.231
0.231
0.231
0.07
0.07
0.07
0.07
0.07
0.07
0.186
0.186
0.186
0.186
0.186
0.186
0.186
0.186
0.186
0.186
0.186
0.186
0.186
0.186
0.186
0.186
0.186
0.186
0.07
0.07
0.07
0.07
0.07
0.07
0.07
0.07
0.07
0.07
0.07
0.07
0.07
0.07
0.07
0.07
0.07
0.07
0.07
0.07
0.07
0.07
0.07
0.07
0.07
0.07
0.07
0.07
0.07
0.07
0.07
0.07
0.07
0.07
0.07
0.07
0.231
0.231
0.231
0.231
0.231
0.231
0.231
0.231
0.231
0.231
0.231
0.231
0.231
0.231
0.231
0.231
0.231
0.231
0.231
0.231
0.07
0.07
0.07
0.07
0.07
0.186
0.186
0.186
0.186
0.186
0.186
0.186
0.186
0.186
0.186
0.186
0.186
0.186
0.186
0.186
0.186
0.186
0.186
0.07
0.07
0.07
0.07
0.07
0.07
0.07
0.07
0.07
0.07
0.07
0.07
0.07
0.07
0.07
0.07
0.07
0.07
0.07
0.07
0.07
0.07
0.07
0.07
0.07
0.07
0.07
0.07
0.07
0.07
0.231
0.231
0.231
0.231
0.231
0.231
0.231
0.231
0.231
0.231
0.231
0.231
0.231
0.231
0.231
0.231
0.231
0.231
0.231
0.231
0.07
0.07
0.07
0.07
0.07
0.07
0.07
0.07
0.07
0.07
0.07
0.07
0.07
0.07
0.07
0.07
0.07
0.07
0.07
0.07
0.07
0.186
0.186
0.186
0.186
0.186
0.186
0.186
0.186
0.186
0.186
0.186
0.186
0.186
0.186
0.186
0.186
0.186
0.186
0.07
0.07
0.07
0.07
0.07
0.07
0.07
0.07
0.07
0.231
0.231
0.231
0.231
0.231
0.231
0.231
0.231
0.231
0.231
0.231
0.231
0.256
0.256
0.256
0.256
0.256
0.256
0.256
0.256
0.095
0.095
0.095
0.095
0.195
0.195
0.295
0.195
0.195
0.371
0.371
0.371
0.371
0.371
0.466
0.79
0.79
0.73
0.67
0.311
0.311
0.311
0.311
0.311
0.311
0.311
0.416
0.3
0.3
0.3
0.3
0.36
0.36
0.36
0.36
0.36
0.827
0.827
0.927
0.927
0.648
0.648
0.648
0.748
0.748
0.748
0.748
0.808
0.808
0.848
0.748
0.688
0.688
0.688
0.849
0.814
3.449
3.389
3.389
3.389
3.389
3.389
3.389
5.456
5.416
5.416
5.416
5.416
5.416
5.416
5.416
5.416
2.841
2.881
2.72
2.68
2.74
2.74
2.856
4.913
4.928
5.028
2.871
0.824
0.824
0.964
1.004
0.984
0.984
0.984
1.024
1.044
1.044
1.044
1.044
1.044
0.928
0.928
0.928
0.928
3.025
2.985
2.985
0.888
0.928
3.463
3.463
3.463
3.463
3.523
3.463
3.463
3.463
3.463
3.463
3.463
3.463
3.463
3.423
3.423
3.423
0.848
0.848
1.009
1.009
1.009
1.009
1.009
1.009
1.009
1.009
1.009
1.009
0.949
0.949
0.949
3.12
3.12
3.12
3.12
3.105
3.105
3.24
3.079
3.079
3.079
3.195
3.072
3.072
2.972
3.012
3.012
3.012
3.012
2.952
2.852
2.852
2.832
2.815
2.927
3.027
3.137
3.137
0.926
0.87
0.87
0.87
2.853
2.853
2.853
2.853
2.853
2.853
2.853
2.853
2.853
2.853
2.753
2.753
2.896
2.896
2.796
2.796
2.796
2.796
2.796
2.646
2.646
0.663
0.663
0.663
0.663
0.663
0.663
0.663
0.663
0.663
0.663
0.663
0.663
0.663
0.663
0.809
0.809
0.809
0.809
0.809
0.809
0.809
0.809
0.809
0.809
0.809
0.809
0.809
0.749
0.749
0.749
0.749
0.749
0.749
1.832
1.671
1.671
0.588
0.588
0.588
2.802
2.802
2.802
1.064
1.064
1.064
1.064
0.705
0.705
0.705
1.064
1.064
1.064
1.024
0.665
0.665
0.665
0.781
0.781
0.781
0.781
0.781
0.781
0.676
0.853
0.853
0.676
0.676
0.676
0.676
0.676
0.676
0.676
0.676
0.676
0.56
0.56
0.737
0.637
0.46
0.46
0.46
0.46
0.46
0.46
0.46
0.46
0.46
0.46
0.46
0.637
0.637
0.46
0.46
0.621
0.621
0.621
0.621
2.718
2.718
2.718
0.621
0.621
0.798
0.798
1.116
1.116
1.116
1.016
1.016
0.449
0.449
0.449
0.432
0.271
0.271
0.271
0.271
0.271
0.271
0.271
0.271
0.271
0.271
0.271
0.271
0.271
0.271
0.271
0.271
0.271
0.271
0.271
0.271
0.271
0.271
0.271
0.387
0.387
0.387
0.387
0.387
0.387
0.387
0.387
0.387
0.387
2.454
2.454
2.454
2.454
2.454
2.454
2.394
2.394
2.278
2.278
2.278
2.278
2.278
2.278
2.278
2.278
2.293
2.293
2.293
2.293
0.226
0.226
0.226
0.226
0.226
0.226
0.226
0.226
0.226
0.226
0.226
0.226
0.226
0.226
0.226
0.226
0.226
0.226
0.226
0.226
0.226
0.226
0.226
0.226
0.226
0.226
0.226
0.226
0.07
0.07
0.07
0.07
0.07
0.07
0.07
0.07
0.07
0.07
0.07
0.07
0.07
0.07
0.07
0.07
0.07
0.07
0.07
0.07
0.07
0.07
0.07
0.07
0.07
0.07
0.07
0.07
0.07
0.07
0.07
0.07
0.07
0.07
0.07
0.07
0.07
0.07
0.07
0.07
0.07
0.07
0.07
0.07
0.07
0.07
0.07
0.07
0.07
0.07
0.07
0.07
0.07
0.07
0.07
0.07
0.07
0.07
0.07
0.07
0.07
0.07
0.07
0.07
0.07
0.07
0.07
0.07
0.07
0.07
0.07
0.07
0.07
0.07
0.07
0.07
0.07
0.07
0.07
0.07
0.07
0.07
0.07
0.07
0.07
0.07
0.07
0.07
0.07
0.07
0.07
0.07
0.07
0.07
0.07
0.07
0.07
0.07
0.07
0.07
0.07
0.07
0.07
0.231
0.231
0.231
0.231
0.231
0.231
0.231
0.231
0.231
0.231
0.231
0.231
0.231
0.231
0.231
0.231
0.231
0.231
0.231
0.231
0.07
0.07
0.07
0.07
0.07
0.07
0.07
0.07
0.07
0.07
0.07
0.07
0.07
0.07
0.07
0.07
0.07
0.07
0.07
0.07
0.07
0.186
0.186
0.186
0.186
0.186
0.186
0.186
0.186
0.186
0.186
0.186
0.186
0.186
0.186
0.186
0.186
0.186
0.186
0.07
0.07
0.07
0.07
0.07
0.07
0.07
0.07
0.07
0.07
0.07
0.07
0.07
0.07
0.07
0.07
0.07
0.07
0.07
0.07
0.07
0.07
0.07
0.07
0.07
0.07
0.231
0.231
0.231
0.231
0.231
0.231
0.231
0.231
0.231
0.231
0.231
0.231
0.231
0.231
0.231
0.231
0.231
0.231
0.231
0.231
0.07
0.07
0.07
0.07
0.07
0.07
0.07
0.07
0.07
0.07
0.07
0.07
0.07
0.07
0.07
0.07
0.07
0.07
0.07
0.07
0.07
0.07
0.07
0.07
0.07
0.07
0.07
0.07
0.07
0.07
0.07
0.07
0.07
0.07
0.07
0.07
0.07
0.07
0.07
0.07
0.07
0.07
0.07
0.07
0.07
0.07
0.07
0.186
0.186
0.186
0.186
0.186
0.186
0.186
0.186
0.186
0.186
0.186
0.186
0.186
0.186
0.186
0.186
0.186
0.186
0.07
0.07
0.07
0.07
0.07
0.231
0.231
0.231
0.231
0.231
0.231
0.231
0.231
0.231
0.231
0.231
0.231
0.231
0.231
0.231
0.231
0.231
0.231
0.231
0.231
0.07
0.07
0.07
0.07
0.07
0.07
0.07
0.07
0.07
0.07
0.07
0.07
0.226
0.261
0.321
0.321
0.321
0.321
0.321
0.321
0.301
0.301
0.261
0.301
0.301
0.341
0.341
0.301
0.301
0.301
0.361
0.361
0.361
0.341
0.457
0.457
0.457
0.457
0.457
0.457
0.442
0.442
0.402
0.429
0.429
0.429
0.429
0.429
0.429
0.429
0.429
0.429
0.313
0.313
0.373
0.373
0.373
0.338
0.338
0.338
0.338
0.338
0.499
0.499
0.499
0.499
0.499
0.499
0.499
0.499
0.439
0.439
0.439
0.439
0.439
0.439
0.439
0.439
0.439
0.439
0.439
0.439
0.338
0.338
0.338
0.338
0.378
0.378
0.378
2.475
2.475
2.475
0.07
0.07
0.07
0.07
0.07
0.07
0.07
0.07
0.07
0.07
0.07
0.07
0.07
0.07
0.07
0.07
0.07
0.07
0.07
0.07
0.07
0.07
0.07
0.186
0.186
0.186
0.186
0.186
0.186
0.186
0.186
0.347
0.347
0.347
0.347
0.347
0.347
0.347
0.347
0.347
0.347
0.231
0.231
0.231
0.231
0.231
0.231
0.231
0.231
0.231
0.399
0.238
0.238
0.238
0.238
0.238
0.238
0.238
0.238
0.298
0.298
0.238
0.238
0.597
0.597
0.597
0.597
0.095
0.112
0.112
0.112
0.112
0.152
0.152
0.225
0.265
0.265
0.265
0.365
0.425
0.784
0.784
0.799
0.799
0.545
0.44
0.44
0.44
0.44
0.4
0.36
0.719
0.719
0.759
0.759
0.36
0.46
0.4
0.4
0.4
0.4
0.5
0.5
0.623
0.685
0.585
0.746
0.623
0.623
0.588
0.588
0.688
0.688
0.728
0.688
0.688
0.688
0.688
0.688
0.688
0.788
0.848
0.788
0.828
0.788
0.828
0.667
0.79
0.85
0.85
0.85
0.65
9.506
9.506
9.506
0.65
0.65
0.61
0.61
0.61
0.51
0.493
0.478
0.478
0.518
0.458
0.358
0.358
0.458
0.458
0.458
0.458
0.458
0.458
0.418
0.418
0.418
0.534
0.684
0.684
0.684
0.684
0.684
0.684
0.784
0.784
0.784
0.744
0.744
0.674
0.674
0.674
0.674
0.835
0.835
0.719
0.679
0.652
0.652
0.652
0.692
0.752
0.692
0.719
0.779
0.779
0.779
0.779
0.779
0.779
0.779
0.779
0.779
0.635
0.635
0.635
0.635
0.635
0.635
0.65
0.65
0.65
0.65
0.65
0.65
0.65
0.65
0.65
0.65
0.65
0.65
0.65
0.65
0.65
0.65
0.61
0.61
0.61
0.61
0.67
0.67
0.67
0.67
0.67
0.67
0.67
0.67
0.67
0.67
0.61
0.61
0.61
0.61
0.61
0.61
0.61
0.61
0.61
0.71
0.61
0.61
0.55
0.55
0.55
0.55
0.55
0.55
0.55
0.61
0.49
0.07
0.07
0.07
0.07
0.07
0.07
0.07
0.186
0.186
0.186
0.186
0.186
0.186
0.186
0.186
0.186
0.186
0.186
0.186
0.186
0.186
0.186
0.186
0.186
0.186
0.07
0.07
0.07
0.07
0.231
0.231
0.221
0.221
0.221
0.221
0.221
0.221
0.221
0.221
0.221
