0.059
0.059
0.059
0.059
0.059
0.059
0.059
0.059
0.059
0.059
0.059
0.059
0.059
0.059
0.059
0.059
0.059
0.059
0.059
0.059
0.059
0.069
0.069
0.069
0.069
0.069
0.069
0.069
0.069
0.069
0.069
0.069
0.069
0.069
0.069
0.069
0.069
0.069
0.069
0.069
0.069
0.069
0.069
0.069
0.069
0.069
0.069
0.069
0.069
0.069
0.069
0.069
0.069
0.069
0.069
0.069
0.069
0.069
0.069
0.069
0.243
0.243
0.243
0.243
0.243
0.243
0.243
0.243
0.243
0.243
0.243
0.243
0.243
0.243
0.243
0.243
0.243
0.243
0.243
0.243
0.243
0.243
0.069
0.069
0.069
0.069
0.069
0.069
0.069
0.069
0.069
0.069
0.069
0.069
0.069
0.069
0.069
0.069
0.069
0.069
0.069
0.069
0.069
0.069
0.069
0.069
0.069
0.069
0.069
0.069
0.175
0.175
0.175
0.175
0.175
0.175
0.175
0.175
0.175
0.175
0.175
0.175
0.175
0.175
0.175
0.175
0.175
0.175
0.069
0.069
0.069
0.069
0.069
0.069
0.069
0.069
0.069
0.069
0.069
0.069
0.069
0.069
0.069
0.069
0.069
0.069
0.069
0.069
0.069
0.069
0.069
0.069
0.069
0.069
0.069
0.069
0.069
0.069
0.069
0.069
0.069
0.069
0.069
0.069
0.069
0.069
0.069
0.069
0.069
0.069
0.069
0.069
0.069
0.069
0.069
0.069
0.069
0.069
0.069
0.069
0.069
0.069
0.069
0.069
0.069
0.069
0.069
0.175
0.175
0.175
0.175
0.175
0.175
0.175
0.175
0.175
0.175
0.175
0.175
0.175
0.175
0.175
0.175
0.175
0.175
0.069
0.069
0.069
0.069
0.069
0.069
0.069
0.069
0.069
0.069
0.069
0.069
0.069
0.069
0.069
0.069
0.069
0.069
0.069
0.069
0.069
0.069
0.069
0.069
0.069
0.069
0.069
0.069
0.069
0.069
0.069
0.069
0.069
0.069
0.069
0.069
0.069
0.243
0.243
0.243
0.243
0.243
0.243
0.243
0.243
0.243
0.243
0.243
0.349
0.349
0.349
0.349
0.349
0.349
0.349
0.349
0.349
0.349
0.349
0.175
0.175
0.175
0.175
0.175
0.175
0.175
0.069
0.069
0.069
0.069
0.069
0.069
0.069
0.069
0.069
0.069
0.069
0.069
0.069
0.069
0.069
0.069
0.069
0.069
0.069
0.069
0.069
0.069
0.069
0.069
0.069
0.069
0.069
0.069
0.069
0.069
0.069
0.069
0.069
0.069
0.069
0.069
0.069
0.069
0.175
0.175
0.175
0.175
0.175
0.175
0.175
0.175
0.349
0.349
0.349
0.349
0.349
0.349
0.349
0.349
0.349
0.349
0.243
0.243
0.243
0.243
0.243
0.243
0.243
0.243
0.243
0.243
0.243
0.243
0.069
0.069
0.069
0.069
0.069
0.069
0.069
0.069
0.069
0.069
0.069
0.069
0.069
0.069
0.069
0.069
0.069
0.069
0.069
0.069
0.069
0.069
0.069
0.069
0.069
0.069
0.069
0.069
0.069
0.069
0.069
0.069
0.069
0.069
0.069
0.069
0.069
0.069
0.069
0.069
0.069
0.069
0.069
0.069
0.069
0.069
0.243
0.243
0.243
0.243
0.243
0.241
0.446
0.446
0.506
0.506
0.526
0.526
0.526
0.506
0.906
0.906
0.806
0.906
0.966
1.026
1.981
1.681
1.447
1.507
1.507
1.507
1.507
1.507
1.589
1.589
1.589
1.589
1.649
1.649
1.589
1.589
1.589
1.517
1.517
1.517
1.517
1.623
1.623
1.623
1.623
1.692
1.657
1.757
1.757
1.757
1.697
1.797
1.797
1.862
1.797
1.862
1.862
1.797
1.797
1.691
1.691
1.756
1.756
1.756
1.795
1.695
1.695
1.695
1.695
1.695
1.695
1.49
1.55
1.55
1.515
1.515
1.515
1.515
1.455
1.455
0.4
0.4
0.47
0.644
0.909
0.874
0.874
0.874
0.874
0.834
0.834
0.834
0.774
0.774
3.738
3.738
3.738
3.738
3.773
3.885
3.825
3.825
3.825
3.825
3.825
3.691
3.486
3.506
3.506
3.546
3.546
4.83
4.83
4.83
2.131
2.131
2.238
2.238
2.238
2.198
2.198
2.198
2.198
2.198
2.369
2.369
2.369
2.269
2.309
1.937
2.142
2.142
2.177
2.177
2.142
2.142
2.122
2.083
2.143
2.143
2.143
0.819
0.925
0.985
0.985
0.985
1.133
1.073
0.973
1.021
1.021
0.961
0.961
0.901
0.901
0.901
0.901
0.901
0.901
0.901
0.795
0.795
3.759
3.759
3.759
3.759
3.659
3.659
3.659
3.659
3.659
3.624
3.589
3.589
3.589
3.589
3.589
3.589
3.589
3.589
3.589
3.589
0.625
0.625
0.799
0.799
0.799
0.799
0.799
0.799
0.799
0.799
0.739
0.739
0.739
0.739
0.739
0.778
0.778
0.778
0.778
0.778
0.778
0.778
0.778
0.778
0.569
0.569
0.569
0.556
0.556
0.556
0.556
0.556
0.556
0.556
0.491
0.491
0.491
0.491
0.491
0.482
0.498
0.463
0.463
0.463
0.463
0.463
0.463
0.463
0.463
0.463
0.463
0.503
0.515
0.515
0.515
0.515
0.515
3.479
3.479
3.439
3.439
3.439
3.439
3.439
3.439
3.439
3.439
3.439
3.439
3.545
3.545
3.533
3.533
3.533
3.533
3.707
3.707
0.743
0.743
0.743
0.743
0.743
0.743
0.743
0.743
0.743
0.743
0.637
0.598
0.598
0.598
0.598
0.598
0.598
0.598
0.598
0.598
0.424
0.424
0.424
0.424
0.424
0.424
0.424
0.424
0.424
0.424
0.424
0.424
0.424
0.424
0.424
0.424
0.408
0.421
0.421
0.421
0.421
0.421
0.421
0.421
0.421
0.421
0.421
0.421
0.421
0.527
0.527
0.527
0.634
0.634
0.634
0.634
0.634
0.634
0.634
0.634
0.634
0.634
0.634
0.634
0.634
0.808
0.808
0.702
0.702
0.702
0.702
0.702
0.702
0.702
0.702
0.702
0.702
0.702
0.702
0.702
0.737
0.718
0.718
0.718
0.758
0.758
0.718
0.544
0.544
0.544
0.544
0.544
0.544
0.544
0.544
0.544
0.544
0.531
0.531
0.531
0.531
0.531
0.631
0.631
0.531
0.531
2.185
2.086
2.086
0.432
0.432
0.432
0.432
0.432
0.445
0.445
0.445
0.445
0.445
0.445
0.445
0.445
0.445
0.445
0.445
0.339
0.339
0.339
0.339
0.339
0.339
0.399
0.399
0.573
0.573
0.573
0.573
0.573
0.573
0.573
0.573
0.573
0.573
0.573
0.573
0.573
0.573
0.573
0.573
0.573
0.573
0.573
0.573
0.573
0.557
0.383
0.383
0.383
0.383
0.383
0.383
0.383
0.383
0.383
0.489
0.353
0.458
0.458
0.458
0.353
0.378
0.378
0.378
0.413
0.365
0.365
0.365
0.365
0.356
0.391
0.391
0.391
0.285
0.285
0.285
0.285
0.285
0.285
0.285
0.285
0.285
0.285
0.285
0.285
0.285
0.285
0.285
0.285
0.285
0.285
0.285
0.285
0.285
0.285
0.225
0.225
0.399
0.459
0.459
0.459
0.459
0.399
0.399
0.399
0.399
0.399
0.399
0.399
0.399
0.399
0.399
0.399
0.399
0.399
0.399
0.399
0.399
0.399
0.225
0.225
0.225
0.225
0.225
0.225
0.225
0.225
0.225
0.225
0.225
0.225
0.225
0.225
0.225
0.209
0.274
0.41
0.41
0.41
0.375
0.375
0.481
3.454
3.424
3.629
3.594
3.62
3.62
3.62
3.68
3.7
3.7
3.745
3.805
3.8
3.8
3.895
3.907
3.702
3.596
3.596
3.596
0.632
0.537
0.537
0.537
0.537
0.546
0.646
0.646
0.851
1.085
0.88
0.88
0.88
1.085
0.94
0.88
0.885
0.82
0.875
0.875
0.875
0.855
0.875
0.98
1.019
1.019
1.019
1.079
1.079
1.079
1.079
0.905
0.905
0.905
0.945
1.005
1.005
1.005
0.8
1.005
0.97
0.725
0.825
0.825
0.618
0.618
0.558
0.558
3.522
3.522
3.522
3.522
3.667
3.667
3.667
3.667
3.607
3.607
3.607
3.607
3.607
3.607
3.607
3.642
3.642
3.642
3.642
3.642
0.678
0.678
0.678
0.678
0.784
1.084
1.084
1.084
1.084
1.084
1.084
1.084
1.084
1.094
1.154
1.328
1.337
1.265
1.265
1.265
1.265
1.265
1.159
2.214
2.214
2.214
2.314
2.314
2.374
2.335
2.335
2.326
2.026
2.026
2.026
2.026
2.006
1.832
1.892
1.892
1.892
1.832
1.872
1.832
1.867
1.932
1.932
1.887
1.947
1.982
1.982
1.962
1.962
2.062
2.062
2.074
2.069
2.069
2.069
2.069
2.009
2.049
2.049
2.049
2.049
1.974
1.914
1.879
1.879
1.879
1.879
3.598
3.598
3.704
2.05
2.126
2.191
2.131
2.057
2.022
2.022
2.022
2.082
1.201
1.141
1.153
1.141
1.106
1.406
1.426
1.486
1.38
1.11
1.11
1.11
1.04
1.04
1.04
1.04
1.04
1.04
1.04
1.052
1.052
1.157
0.983
1.018
1.078
1.038
1.278
1.278
1.383
1.383
1.371
1.471
1.471
1.436
1.436
1.436
1.436
1.436
1.136
1.436
1.136
1.036
1.036
1.036
0.983
0.923
0.923
0.923
0.923
0.888
0.888
0.783
0.818
0.883
0.883
0.943
0.808
0.808
0.808
0.808
0.808
0.603
0.603
0.642
0.642
0.661
2.25
2.455
2.561
0.907
0.907
0.907
0.907
0.907
0.907
0.907
1.212
1.212
1.212
1.212
3.876
3.816
3.816
3.816
3.816
3.816
3.77
3.77
3.73
3.73
3.765
3.765
3.765
3.658
3.598
3.658
3.751
3.751
3.751
3.751
0.787
0.787
0.827
0.827
0.827
0.827
0.815
0.815
0.989
0.989
0.989
0.989
0.989
0.989
1.022
1.022
1.322
1.322
1.422
1.482
1.543
1.543
1.629
1.428
1.535
1.535
1.535
1.255
1.355
1.455
1.581
1.581
1.181
1.181
1.193
1.193
1.134
1.134
1.134
1.134
1.028
1.028
0.903
0.663
0.663
0.663
0.598
0.598
0.598
0.598
0.551
0.551
0.551
0.586
0.486
0.486
0.373
0.373
0.373
0.373
0.578
0.578
0.578
0.578
0.598
0.683
0.743
0.743
0.683
0.783
0.883
0.883
0.883
0.883
0.87
0.87
0.874
0.874
0.874
0.862
0.862
0.922
0.934
0.934
0.934
0.934
0.934
0.934
0.934
0.874
0.934
0.934
0.934
1.101
1.041
1.006
1.211
1.211
1.102
1.102
0.977
0.87
0.87
0.945
0.91
0.97
0.97
0.97
1.005
1.005
1.205
1.105
2.759
2.924
2.619
0.971
1.071
0.81
0.71
0.71
0.81
2.464
2.429
2.389
0.835
0.835
0.775
1.075
1.175
1.075
1.075
4.039
4.039
4.033
4.033
3.998
3.998
3.998
3.698
3.698
3.598
3.658
3.598
3.663
3.698
4.003
3.903
3.903
3.903
4.077
4.137
1.173
1.108
1.108
1.073
1.073
1.173
1.173
1.208
1.228
1.168
1.148
1.148
1.048
0.843
0.843
0.727
0.899
0.899
0.834
0.894
0.72
0.72
0.865
0.66
0.725
0.725
0.785
3.795
3.895
3.895
3.895
3.895
3.895
4.195
4.195
4.195
4.195
4.195
4.211
4.172
4.172
4.172
4.172
4.172
4.172
4.066
4.066
1.102
1.162
1.162
1.142
1.047
0.88
0.88
0.88
0.82
0.82
0.82
0.82
0.92
0.92
0.62
0.62
0.62
0.62
0.62
0.62
0.62
0.62
0.62
0.62
0.575
0.575
0.635
0.635
2.296
2.296
2.296
0.642
0.651
0.651
0.551
0.551
0.551
0.491
0.491
0.551
0.851
0.756
0.961
0.756
0.756
0.756
0.756
0.795
0.795
0.795
0.895
1.1
1.1
1.1
1.236
1.236
2.89
2.89
3.104
1.45
1.41
1.303
1.303
1.316
1.3
1.3
1.407
1.397
1.297
1.297
1.297
1.357
1.357
1.357
1.348
1.348
