0.055
0.055
0.055
0.055
0.055
0.055
0.055
0.055
0.055
0.055
0.045
0.045
0.045
0.045
0.045
0.045
0.045
0.045
0.045
0.045
0.045
0.045
0.045
0.218
0.218
0.218
0.218
0.218
0.218
0.218
0.218
0.218
0.218
0.218
0.431
0.431
0.431
0.431
0.431
0.431
0.441
0.441
0.441
0.441
0.441
0.268
0.268
0.268
0.055
0.055
0.055
0.055
0.055
0.055
0.055
0.055
0.055
0.055
0.055
0.055
0.055
0.055
0.055
0.055
0.055
0.055
0.055
0.055
0.055
0.055
0.055
0.055
0.055
0.055
0.055
0.055
0.055
0.055
0.055
0.055
0.055
0.055
0.055
0.055
0.055
0.055
0.055
0.055
0.055
0.055
0.055
0.055
0.055
0.055
0.055
0.055
0.055
0.055
0.055
0.055
0.055
0.055
0.055
0.055
0.055
0.268
0.268
0.268
0.268
0.268
0.268
0.268
0.268
0.441
0.441
0.441
0.441
0.441
0.441
0.228
0.228
0.228
0.228
0.228
0.228
0.228
0.228
0.228
0.228
0.228
0.228
0.228
0.228
0.228
0.228
0.055
0.055
0.055
0.055
0.055
0.055
0.055
0.055
0.055
0.055
0.055
0.055
0.055
0.055
0.055
0.055
0.055
0.055
0.055
0.055
0.055
0.055
0.055
0.055
0.055
0.055
0.055
0.055
0.055
0.055
0.055
0.055
0.055
0.055
0.055
0.055
0.055
0.055
0.055
0.055
0.055
0.055
0.055
0.055
0.055
0.055
0.055
0.055
0.055
0.055
0.055
0.055
0.055
0.055
0.055
0.055
0.055
0.055
0.055
0.055
0.055
0.055
0.055
0.055
0.055
0.055
0.055
0.055
0.055
0.055
0.055
0.055
0.055
0.055
0.055
0.055
0.055
0.055
0.228
0.228
0.441
0.441
0.441
0.441
0.441
0.441
0.441
0.441
0.441
0.441
0.441
0.441
0.441
0.441
0.228
0.228
0.228
0.228
0.228
0.228
0.055
0.055
0.055
0.055
0.055
0.055
0.055
0.055
0.055
0.055
0.055
0.055
0.055
0.055
0.055
0.055
0.055
0.055
0.055
0.055
0.055
0.055
0.055
0.055
0.055
0.055
0.055
0.055
0.055
0.055
0.055
0.055
0.055
0.055
0.055
0.055
0.055
0.055
0.055
0.055
0.055
0.055
0.055
0.055
0.055
0.055
0.055
0.055
0.055
0.055
0.268
0.268
0.268
0.268
0.268
0.268
0.441
0.441
0.441
0.441
0.441
0.441
0.441
0.441
0.228
0.226
0.226
0.226
0.226
0.226
0.226
0.286
0.286
0.358
0.298
0.338
0.35
0.35
0.177
0.177
0.177
0.177
0.177
0.177
0.177
0.177
0.177
0.177
0.177
0.177
0.177
0.177
0.177
0.177
0.177
0.177
0.117
0.117
0.117
0.117
0.117
0.105
0.105
0.105
0.105
0.055
0.055
0.055
0.055
0.055
0.055
0.055
0.055
0.055
0.055
0.055
0.055
0.055
0.055
0.055
0.055
0.268
0.268
0.268
0.268
0.268
0.268
0.268
0.268
0.268
0.268
0.268
0.268
0.268
0.268
0.055
0.055
0.055
0.055
0.055
0.055
0.055
0.055
0.055
0.055
0.055
0.055
0.055
0.055
0.228
0.228
0.228
0.228
0.228
0.228
0.228
0.228
0.228
0.228
0.228
0.228
0.228
0.228
0.228
0.228
0.228
0.228
0.228
0.228
0.228
0.228
0.055
0.055
0.055
0.055
0.055
0.055
0.055
0.055
0.055
0.055
0.055
0.055
0.055
0.055
0.055
0.055
0.055
0.055
0.055
0.055
0.055
0.055
0.055
0.055
0.053
0.113
0.113
0.113
0.113
0.113
0.113
0.113
0.113
2.096
2.096
2.096
0.113
0.326
0.326
0.326
0.426
0.426
0.426
0.426
0.486
0.659
0.699
0.699
0.699
0.711
0.671
0.386
0.386
0.386
0.386
0.386
0.386
0.426
0.426
0.466
0.466
0.426
0.426
0.426
0.478
0.378
0.378
0.205
0.145
0.145
0.145
0.265
0.145
0.145
0.145
0.145
0.165
0.165
0.125
0.125
0.125
0.125
0.125
0.125
0.165
0.165
0.165
0.285
0.285
0.285
0.245
0.245
0.245
0.245
0.257
0.257
0.257
0.257
0.137
0.137
0.137
0.197
0.237
0.417
0.477
0.477
0.537
0.75
0.69
0.63
0.63
0.63
0.63
0.63
0.618
0.618
0.618
0.618
0.618
0.618
0.618
0.405
0.405
0.405
0.393
0.393
0.453
0.453
0.493
0.433
0.433
0.433
0.393
0.393
0.393
0.393
0.393
0.393
0.405
0.405
0.465
0.405
0.405
0.405
0.405
0.385
0.445
0.445
0.385
0.445
0.445
0.485
0.445
0.445
0.445
0.445
0.445
0.445
0.445
0.445
0.445
0.445
0.445
0.445
0.445
0.445
0.445
0.433
0.433
0.433
0.433
0.433
0.433
0.433
0.433
0.433
0.433
0.433
0.433
0.433
0.646
0.646
0.586
0.586
0.586
0.586
0.586
0.759
0.759
0.719
0.719
0.719
0.719
0.659
0.446
0.446
0.446
0.446
0.446
0.446
0.458
0.458
0.458
0.458
0.446
0.458
0.458
0.458
0.458
0.285
0.285
0.285
0.285
0.285
0.285
0.285
0.285
0.285
0.285
0.285
0.285
0.285
0.285
0.285
0.055
0.055
0.055
0.055
0.055
0.055
0.055
0.055
0.055
0.055
0.055
0.055
0.055
0.055
0.055
0.055
0.055
0.055
0.055
0.055
0.065
0.065
0.065
0.065
0.065
0.065
0.065
0.065
2.048
2.048
2.048
0.065
0.238
0.238
0.238
0.592
0.592
0.592
0.592
0.238
0.238
0.238
0.451
0.451
0.451
0.451
0.451
0.491
0.491
0.491
0.491
0.491
0.491
0.551
2.361
2.361
2.148
0.165
0.165
0.165
0.165
0.165
0.153
0.113
0.113
0.113
0.113
0.113
0.113
0.113
0.113
0.113
0.113
0.113
0.113
0.113
0.113
0.113
0.113
0.238
0.238
0.238
0.238
0.238
0.238
0.238
0.238
0.238
0.238
0.238
0.268
0.268
0.268
0.268
0.268
0.143
0.143
0.143
0.143
0.143
0.143
0.143
0.143
0.143
0.143
0.143
0.143
0.143
0.143
0.143
0.316
0.316
0.316
0.316
0.316
0.316
0.316
0.316
0.316
0.376
0.388
0.388
0.388
0.601
0.601
0.601
0.601
0.601
0.601
0.601
0.601
0.601
0.428
0.428
0.428
0.428
0.428
0.215
0.275
0.215
0.215
0.255
0.255
0.215
0.215
0.275
0.315
0.315
0.315
0.315
0.315
0.255
0.255
0.255
0.255
0.255
0.255
0.255
0.215
0.215
0.215
0.215
0.255
0.225
0.225
0.225
0.225
0.225
2.208
2.208
2.208
0.225
0.225
0.225
0.225
0.225
0.225
0.225
0.225
0.225
0.213
0.213
0.213
0.213
0.213
0.213
0.213
0.213
0.213
0.213
0.213
2.313
2.486
2.486
2.486
2.486
2.486
2.486
2.486
2.486
2.486
2.486
2.486
2.605
2.605
2.605
2.605
2.617
2.617
2.617
2.677
0.577
0.577
0.702
0.404
0.404
2.387
2.387
2.387
0.404
0.404
0.404
0.404
0.529
0.742
0.742
0.742
0.742
0.742
0.742
0.742
0.742
0.742
0.677
0.677
0.677
0.617
0.617
0.404
0.404
0.404
0.404
0.404
0.404
0.404
0.404
0.404
0.504
0.504
0.504
0.504
0.504
0.504
0.504
0.504
0.516
0.516
0.546
0.546
0.546
0.546
0.546
0.671
0.671
0.844
0.844
0.844
0.844
0.844
0.844
0.844
0.864
0.924
0.824
0.752
0.752
0.627
0.627
0.687
0.687
0.687
0.687
0.687
0.687
0.687
0.687
0.514
0.494
0.554
0.494
0.494
0.554
0.494
0.434
0.434
0.434
0.434
0.374
0.374
0.414
0.446
0.446
0.446
0.346
0.539
0.599
0.599
0.599
0.599
0.599
0.268
0.268
0.268
0.268
0.268
0.268
0.268
0.268
0.055
0.055
0.055
0.055
0.055
0.055
0.055
0.055
0.055
0.055
0.055
0.055
2.18
2.18
2.18
2.24
2.24
2.228
2.228
2.228
2.34
2.34
2.34
2.28
2.34
2.268
2.268
2.268
2.268
2.268
2.268
2.268
2.238
2.238
2.238
2.338
2.35
2.338
2.398
0.313
0.313
0.325
0.325
0.265
0.265
0.265
0.165
0.165
0.165
0.165
0.185
0.185
0.305
0.273
0.398
0.398
0.571
0.571
0.571
0.571
0.571
0.571
0.784
0.804
0.804
0.744
0.744
0.744
0.744
0.744
0.744
0.684
0.684
0.684
0.684
0.696
0.483
0.483
0.31
0.37
0.37
0.37
0.37
2.353
2.353
2.353
0.31
0.31
0.37
0.41
0.41
0.41
0.41
0.41
0.41
0.41
0.41
0.41
0.41
0.41
0.41
0.47
0.47
0.47
0.47
0.41
0.285
0.285
0.285
0.285
0.285
0.285
0.345
0.285
0.285
0.285
0.285
0.285
0.285
0.285
0.285
0.273
0.273
0.273
0.273
0.273
0.273
0.273
0.333
0.345
0.285
0.41
0.623
0.956
0.956
1.016
1.016
0.976
0.976
0.876
0.876
0.876
0.864
0.864
0.864
0.864
0.691
0.651
0.651
0.651
0.591
0.591
0.631
0.631
0.631
0.53
0.47
0.47
0.47
0.589
0.589
0.589
0.649
0.649
0.649
0.721
0.721
0.721
0.721
0.809
0.809
0.809
0.809
2.792
2.882
2.822
2.703
2.643
2.655
2.655
2.655
2.655
2.655
2.655
2.655
2.655
2.655
2.655
2.667
2.667
2.667
2.667
2.727
2.727
0.744
0.624
0.564
0.504
0.504
0.504
0.564
0.564
0.564
0.737
0.737
0.737
0.737
0.95
0.95
0.91
0.91
0.91
0.91
0.91
0.91
0.93
0.93
0.93
0.93
0.93
0.93
0.717
0.717
0.677
0.677
0.504
0.504
0.544
0.544
0.544
0.544
0.544
0.544
0.544
0.544
0.544
0.544
0.604
0.604
0.663
0.663
0.663
0.603
0.663
0.663
0.663
0.663
0.633
0.621
0.561
0.561
0.561
0.621
0.561
0.561
0.561
0.561
0.738
0.738
0.621
0.621
0.621
0.621
0.621
0.621
0.621
0.621
0.621
0.661
0.661
0.838
0.838
0.661
0.661
0.834
0.834
0.834
0.834
0.874
0.934
0.894
1.107
1.107
1.284
1.284
1.107
1.107
1.107
1.107
1.107
1.107
1.107
1.107
1.107
1.107
0.894
0.898
0.898
1.216
1.156
1.156
1.156
3.127
2.56
2.56
0.577
0.577
0.637
0.577
0.517
0.547
0.567
0.547
0.547
0.547
0.547
0.607
0.607
0.607
0.607
0.607
0.547
0.547
0.547
0.587
0.587
0.607
0.607
0.619
0.607
0.607
0.607
0.607
0.619
0.619
0.679
0.679
0.679
0.679
0.667
0.872
0.872
0.932
0.932
0.932
0.872
0.86
0.86
0.86
0.86
0.86
0.86
0.8
0.8
0.8
0.8
0.8
0.8
0.8
0.68
0.68
0.8
0.667
0.667
0.667
0.667
0.627
0.627
0.587
0.587
0.587
0.587
0.587
0.587
0.675
0.675
0.675
0.62
0.62
0.66
0.76
0.66
0.66
0.69
0.73
0.67
0.67
0.67
0.457
0.357
0.357
0.357
0.232
0.232
0.232
0.232
0.232
0.232
0.232
0.332
0.392
0.272
0.272
0.272
0.272
0.272
0.272
0.332
0.332
0.332
0.344
0.469
0.35
0.31
0.31
0.37
0.37
0.245
0.245
0.245
0.245
0.245
0.245
0.185
0.185
0.185
0.185
2.168
2.168
2.168
0.185
0.185
0.185
0.185
0.185
0.285
0.285
0.345
0.345
0.345
0.285
0.345
0.055
0.055
0.055
0.055
0.055
0.268
0.441
0.441
0.441
0.441
0.441
0.441
0.441
0.441
0.441
0.441
0.441
0.441
0.441
0.228
0.228
0.228
0.228
0.228
0.228
0.228
0.228
0.228
0.055
0.055
0.055
0.055
0.055
0.055
0.055
0.055
0.055
0.055
0.055
0.055
0.055
0.055
0.055
0.055
0.055
0.055
0.055
0.055
0.055
0.055
