0.057
0.057
0.057
0.057
0.057
0.057
0.057
0.057
0.057
0.117
0.117
0.117
0.117
0.117
0.117
0.117
0.117
0.117
0.117
0.117
0.117
0.127
0.127
0.127
0.127
0.127
0.162
0.162
0.162
0.162
0.162
3.5
3.5
3.5
3.5
3.5
3.601
3.651
3.601
3.601
3.601
3.601
3.601
3.601
3.601
3.601
3.701
3.701
3.761
5.643
5.603
2.195
0.522
0.522
0.421
0.361
0.421
0.361
2.059
2.059
2.059
0.508
0.508
0.508
0.508
0.508
0.361
2.059
2.059
1.999
0.301
0.117
0.117
0.217
0.217
0.217
0.217
0.217
0.356
0.356
0.316
0.376
0.618
0.618
0.618
0.618
0.416
0.416
0.416
0.428
0.428
0.73
0.73
0.73
0.73
0.428
0.428
0.428
0.428
0.406
0.394
0.394
0.394
0.394
0.379
0.379
0.379
0.379
3.702
3.702
3.702
3.702
3.702
3.722
3.722
3.762
3.722
3.722
3.823
3.823
3.863
3.803
3.803
3.818
3.818
3.818
4.22
4.22
0.897
0.897
0.535
0.719
0.719
0.719
0.719
0.719
0.618
0.618
0.618
0.678
0.678
0.678
0.678
0.678
0.618
0.618
0.678
0.678
0.678
0.638
0.638
0.638
0.638
0.514
0.564
0.514
0.514
0.514
0.514
0.501
0.501
0.501
0.501
0.501
0.501
0.501
0.501
0.501
0.501
0.501
0.501
0.501
0.501
0.501
0.501
0.561
0.561
0.561
0.561
0.561
0.561
0.561
0.561
0.561
0.561
0.501
0.536
0.536
0.536
0.436
0.491
0.491
0.491
0.491
0.491
0.491
0.476
0.476
0.476
0.441
0.441
0.441
0.441
0.441
0.441
3.764
3.764
3.948
3.988
3.988
3.988
3.988
3.933
3.988
3.933
3.974
3.974
3.974
3.974
4.034
0.354
0.354
0.354
0.354
0.354
0.354
0.354
0.354
0.354
0.17
0.17
0.17
0.17
0.069
0.069
0.069
0.069
0.069
0.069
0.069
0.069
0.069
0.069
0.069
0.069
0.069
0.069
0.069
0.069
0.069
0.069
0.069
0.069
0.069
0.069
0.069
0.069
0.069
0.069
0.069
0.069
0.069
0.069
0.069
0.069
0.069
0.069
0.069
0.069
0.069
0.069
0.069
0.069
0.069
0.069
0.069
0.069
0.069
0.069
0.069
0.069
0.069
0.253
0.253
0.253
0.253
0.253
0.253
0.253
0.253
0.253
0.354
0.354
0.354
0.354
0.354
0.354
0.354
0.354
0.354
0.354
0.354
0.354
0.354
0.17
0.17
0.17
0.17
0.17
0.069
0.069
0.069
0.069
0.069
0.069
0.069
0.069
0.069
0.069
0.069
0.069
0.069
0.069
0.069
0.069
0.069
0.069
0.069
0.069
0.069
0.069
0.069
0.069
0.069
0.069
0.069
0.069
0.069
0.069
0.069
0.069
0.069
0.069
0.069
0.069
0.069
0.069
0.069
0.253
0.253
0.253
0.253
0.253
0.253
0.253
0.253
0.253
0.253
0.253
0.253
0.253
0.253
0.253
0.354
0.354
0.354
0.354
0.354
0.354
0.354
0.17
0.17
0.17
0.17
0.17
0.17
0.17
0.17
0.17
0.17
0.17
0.069
0.069
0.069
0.069
0.069
0.069
0.069
0.069
0.069
0.069
0.069
0.069
0.069
0.069
0.069
0.069
0.069
0.069
0.069
0.069
0.069
0.069
0.069
0.069
0.069
0.069
0.069
0.069
0.069
0.069
0.069
0.069
0.069
0.069
0.069
0.069
0.069
0.253
0.253
3.713
3.854
3.854
3.854
3.854
0.531
0.531
0.571
0.571
0.631
0.631
0.631
0.651
0.651
0.711
0.711
0.711
0.726
0.726
0.625
0.441
0.441
0.441
0.441
0.401
0.401
0.401
0.341
0.401
0.401
0.456
0.456
0.516
0.516
0.556
3.879
3.879
3.839
3.839
3.874
3.874
3.874
3.874
3.874
3.874
3.874
3.874
3.874
3.874
3.874
3.814
3.814
3.814
3.814
3.814
0.531
3.854
3.854
3.854
3.794
3.794
3.794
3.794
3.794
3.794
3.904
3.904
3.944
3.884
3.884
3.884
3.884
3.875
3.935
3.935
3.935
0.612
0.625
0.625
0.625
0.625
0.625
0.625
0.524
0.524
3.206
3.206
3.206
3.206
3.206
3.191
3.191
3.191
3.191
3.156
3.156
3.156
3.156
3.156
3.34
3.34
0.718
0.718
0.718
0.718
0.718
0.718
0.778
0.778
0.778
0.778
0.778
0.778
0.778
0.718
0.718
0.718
0.663
0.663
0.663
0.663
0.419
0.419
0.419
0.52
0.52
0.52
0.52
0.46
0.52
0.52
0.52
0.52
0.52
0.575
0.575
0.535
0.487
0.487
0.467
0.467
0.48
0.379
0.414
0.414
0.414
0.414
0.414
0.414
0.414
0.069
0.069
0.069
0.069
0.069
0.069
0.069
0.069
0.069
0.069
0.069
0.069
0.069
0.069
0.069
0.069
0.069
0.069
0.069
0.069
0.069
0.069
0.069
0.069
0.069
0.069
0.069
0.069
0.069
0.253
0.253
0.253
0.253
0.253
0.354
0.354
0.354
0.354
0.354
0.354
0.354
0.354
0.354
0.354
0.354
0.354
0.354
0.354
0.354
0.354
0.354
0.17
0.069
0.069
0.069
0.069
0.069
0.069
0.069
0.069
0.069
0.069
0.069
0.069
0.069
0.069
0.069
0.069
0.069
0.069
0.069
0.069
0.069
0.069
0.069
0.069
0.069
0.069
0.069
0.069
0.069
0.069
0.069
0.069
0.069
0.069
0.069
0.069
0.17
0.17
0.17
0.17
0.17
0.17
0.17
0.17
0.17
0.17
0.17
0.354
0.354
0.354
0.354
0.354
0.354
0.354
0.253
0.253
0.253
0.253
0.253
0.253
0.253
0.253
0.253
0.253
0.253
0.253
0.253
0.253
0.253
0.069
0.069
0.069
0.069
0.069
0.069
0.069
0.069
0.069
0.069
0.069
0.069
0.069
0.069
0.069
0.069
0.069
0.069
0.069
0.069
0.069
0.069
0.069
0.069
0.069
0.069
0.069
0.069
0.069
0.069
0.069
0.069
0.069
0.069
0.069
0.069
0.069
0.069
0.069
0.069
0.069
0.069
0.069
0.069
0.069
0.069
0.069
0.069
0.069
0.069
0.17
0.17
0.17
0.17
0.17
0.17
0.17
0.17
0.354
0.354
0.354
0.354
0.354
0.354
0.354
0.354
0.354
0.354
0.253
0.253
0.253
0.253
0.253
0.253
0.253
0.253
0.253
0.253
0.253
0.253
0.069
0.069
0.069
0.069
0.069
0.069
0.069
0.069
0.069
0.069
0.069
0.069
0.069
0.069
0.069
0.069
0.069
0.069
0.069
0.069
0.069
0.069
0.069
0.069
0.17
0.17
0.17
0.17
0.17
0.17
0.17
0.17
0.17
0.17
0.17
0.17
0.17
0.17
0.17
0.17
0.17
0.17
0.069
0.069
0.069
0.069
0.069
0.069
0.069
0.069
0.069
0.069
0.069
0.069
0.069
0.069
0.069
0.069
0.069
0.069
0.069
0.069
0.069
0.069
0.069
0.069
0.069
0.069
0.069
0.069
0.069
0.069
0.069
0.069
0.069
0.069
0.069
0.069
0.069
0.069
0.069
0.069
0.069
0.069
0.069
0.069
0.069
0.069
0.069
0.069
0.069
0.069
0.069
0.069
0.253
0.253
0.253
0.253
0.253
0.253
0.253
0.253
0.253
0.253
0.253
0.253
0.253
0.253
0.253
0.253
0.354
0.354
0.354
0.354
0.354
0.354
0.17
0.17
0.17
0.17
0.17
0.17
0.17
0.17
0.17
0.17
0.17
0.17
0.069
0.069
0.069
0.069
0.069
0.069
0.069
0.069
0.069
0.069
0.069
0.069
0.069
0.069
0.069
0.069
0.069
0.069
0.069
0.069
0.069
0.069
0.069
0.069
0.069
0.069
0.069
0.069
0.069
0.069
0.069
0.069
0.069
0.069
0.253
0.253
0.253
0.253
0.253
0.253
0.253
0.253
0.253
0.253
0.253
0.253
0.253
0.253
0.253
0.253
0.253
0.253
0.253
0.253
0.253
0.253
0.069
0.069
0.069
0.069
0.069
0.069
0.069
0.069
0.069
0.069
0.069
0.069
0.069
0.069
0.069
0.069
0.069
0.069
0.069
0.069
0.069
0.069
0.069
0.069
0.069
0.069
0.069
0.069
0.069
0.069
0.069
0.069
0.069
0.069
0.17
0.17
0.17
0.17
0.17
0.17
0.17
0.17
0.17
0.17
0.17
0.17
0.17
0.17
0.17
0.17
0.354
0.354
0.253
0.253
0.253
0.253
0.253
0.253
0.253
0.253
0.253
0.253
0.253
0.253
0.253
0.253
0.253
0.253
0.253
0.253
0.253
0.253
0.069
0.069
0.069
0.069
0.069
0.069
0.069
0.069
0.069
0.069
0.069
0.069
0.069
0.069
0.069
0.069
0.069
0.069
0.069
0.069
0.069
0.069
0.069
0.17
0.17
0.17
0.17
0.17
0.17
0.17
0.17
0.17
0.17
0.17
0.17
0.17
0.17
0.17
0.17
0.17
0.17
0.069
0.069
0.069
0.069
0.069
0.069
0.069
0.069
0.069
0.069
0.069
0.069
0.069
0.069
0.069
0.069
0.069
0.069
0.069
0.069
0.069
0.069
0.253
0.253
0.253
0.253
0.253
0.253
0.253
0.253
0.253
0.253
0.438
0.438
0.438
0.498
0.498
0.498
0.498
0.598
0.459
0.479
0.479
0.479
0.295
0.295
0.385
0.486
0.431
0.431
0.431
0.431
0.431
0.431
0.431
0.431
0.431
0.431
0.431
0.431
0.431
0.57
0.63
0.55
0.55
0.449
0.449
0.449
0.449
0.449
0.349
0.449
0.069
0.069
0.069
0.069
0.069
0.069
0.069
0.069
0.069
0.069
0.069
0.069
0.069
0.069
0.069
0.069
0.069
0.069
0.069
0.069
0.069
0.069
0.069
0.069
0.069
0.069
0.069
0.069
0.069
0.069
0.069
0.253
0.253
0.253
0.253
0.354
0.354
0.354
0.354
0.354
0.354
0.354
0.354
0.354
0.354
0.354
0.354
0.354
0.354
0.354
0.354
0.354
0.354
0.069
0.069
0.069
0.069
0.069
0.069
0.069
0.069
0.069
0.069
0.069
0.069
0.069
0.069
0.069
0.069
0.069
3.632
3.632
3.632
3.692
3.692
3.692
3.692
3.697
3.697
3.697
3.697
3.693
3.693
3.693
3.633
3.693
3.728
3.743
3.743
3.743
0.42
0.42
0.567
0.567
0.567
0.558
0.523
1.443
1.443
1.443
1.443
1.443
1.443
1.443
1.443
1.503
1.443
1.443
1.443
1.443
1.503
1.503
1.805
1.805
1.805
1.805
1.503
1.503
1.503
1.503
1.443
1.443
1.443
1.443
1.503
1.627
1.627
0.802
0.802
4.125
4.125
4.125
4.185
4.185
4.198
4.298
4.298
4.198
4.198
4.198
4.198
4.198
4.198
4.198
4.198
4.198
4.198
4.074
4.074
0.76
2.458
2.458
2.458
0.76
0.76
0.76
0.76
0.82
0.875
0.875
0.875
0.875
1.177
1.177
1.03
1.03
0.668
0.668
0.815
0.815
0.855
0.815
0.815
0.815
0.815
0.815
3.437
3.377
3.377
3.377
3.377
3.377
3.377
3.427
3.28
3.28
3.34
3.34
3.28
3.28
3.28
3.28
0.658
0.658
0.645
0.645
0.746
0.746
0.786
0.786
0.751
0.751
4.074
4.039
4.039
4.039
4.039
4.039
4.039
4.039
4.099
4.039
4.039
4.039
3.878
3.878
3.878
3.898
3.878
3.918
3.938
3.938
0.555
0.555
0.555
0.555
0.555
0.555
0.555
0.555
0.069
0.069
0.069
0.069
0.069
0.069
0.069
0.069
0.069
0.253
0.253
0.253
0.253
0.253
0.253
0.253
0.253
0.253
0.253
0.253
0.253
0.253
0.253
0.253
0.253
0.253
0.253
0.253
0.253
0.253
0.253
0.069
0.069
0.069
0.069
0.069
0.069
0.069
0.069
0.069
0.069
0.069
0.069
0.069
0.069
0.069
0.069
0.069
0.069
0.069
0.17
0.17
0.17
0.17
0.17
0.17
0.17
0.17
0.17
0.17
0.17
0.16
0.16
0.16
0.16
0.16
0.16
0.16
0.059
0.059
