0.075
0.075
0.075
0.075
0.075
0.075
0.065
0.065
0.065
0.261
0.421
0.441
0.441
0.441
0.441
0.441
0.461
0.461
0.461
0.461
0.461
0.461
0.461
0.461
0.461
0.461
0.461
0.461
0.521
0.501
0.501
0.501
0.736
0.676
0.676
0.634
0.584
0.673
0.673
0.829
0.634
0.794
0.854
0.734
0.794
0.794
0.794
0.694
0.694
0.694
0.694
0.694
0.694
0.694
0.694
0.694
0.694
0.694
0.694
0.694
0.077
0.077
0.077
0.077
0.077
0.077
0.077
0.077
0.077
0.077
0.077
0.077
0.077
0.077
0.077
0.077
0.077
0.077
0.077
0.077
0.077
0.077
0.077
0.077
0.077
0.077
0.077
0.077
0.077
0.077
0.077
0.077
0.077
0.077
0.077
0.077
0.077
0.077
0.077
0.077
0.077
0.077
0.248
0.248
0.248
0.248
0.248
0.248
0.248
0.248
0.248
0.248
0.248
0.248
0.248
0.248
0.248
0.248
0.248
0.248
0.248
0.248
0.248
0.248
0.077
0.077
0.077
0.077
0.077
0.077
0.077
0.077
0.077
0.077
0.077
0.077
0.077
0.077
0.077
0.077
0.077
0.077
0.077
0.077
0.077
0.077
0.077
0.077
0.077
0.077
0.077
0.077
0.077
0.077
0.077
0.077
0.077
0.077
0.077
0.077
0.077
0.077
0.077
0.077
0.077
0.077
0.077
0.077
0.077
0.077
0.077
0.077
0.077
0.077
0.077
0.077
0.077
0.077
0.077
0.077
0.077
0.077
0.077
0.077
0.077
0.077
0.077
0.077
0.077
0.077
0.077
0.077
0.077
0.077
0.077
0.077
0.077
0.077
0.077
0.077
0.248
0.248
0.248
0.248
0.248
0.248
0.248
0.248
0.248
0.248
0.248
0.248
0.248
0.248
0.248
0.248
0.248
0.248
0.248
0.248
0.248
0.248
0.077
0.077
0.077
0.077
0.077
0.077
0.077
0.077
0.077
0.077
0.077
0.077
0.077
0.077
0.077
0.077
0.077
0.077
0.077
0.077
0.077
0.077
0.077
0.077
0.077
0.077
0.077
0.077
0.077
0.077
0.077
0.077
0.077
0.077
0.077
0.077
0.077
0.077
0.077
0.077
0.077
0.077
0.077
0.077
0.077
0.077
0.077
0.077
0.077
0.077
0.077
0.077
0.077
0.077
0.077
0.077
0.248
0.248
0.248
0.248
0.248
0.248
0.248
0.248
0.248
0.248
0.248
0.248
0.248
0.248
0.248
0.248
0.248
0.248
0.248
0.248
0.248
0.248
0.077
0.077
0.077
0.077
0.077
0.077
0.077
0.077
0.077
0.077
0.077
0.077
0.077
0.077
0.077
0.077
0.077
0.077
0.077
0.077
0.077
0.077
0.077
0.077
0.077
0.077
0.077
0.077
0.077
0.077
0.077
0.077
0.077
0.077
0.077
0.077
0.077
0.077
0.077
0.077
0.077
0.077
0.077
0.077
0.077
0.077
0.077
0.077
0.077
0.248
0.248
0.248
0.248
0.248
0.248
0.248
0.248
0.248
0.248
0.248
0.248
0.248
0.248
0.248
0.248
0.248
0.248
0.248
0.248
0.248
0.248
0.077
0.077
0.077
0.077
0.077
0.077
0.077
0.077
0.077
0.077
0.077
0.077
0.077
0.077
0.077
0.077
0.077
0.077
0.077
0.077
0.077
0.077
0.077
0.077
0.077
0.077
0.077
0.077
0.077
0.077
0.077
0.077
0.077
0.077
0.077
0.077
0.077
0.077
0.077
0.077
0.077
0.077
0.077
0.077
0.077
0.077
0.077
0.077
0.077
0.077
0.077
0.077
0.077
0.077
0.077
0.077
0.077
0.077
0.077
0.077
0.077
0.077
0.077
0.248
0.248
0.248
0.248
0.248
0.248
0.248
0.248
0.248
0.248
0.248
0.248
0.248
0.248
0.248
0.248
0.248
0.248
0.248
0.248
0.248
0.248
0.077
0.077
0.077
0.077
0.077
0.077
0.077
0.077
0.077
0.077
0.077
0.077
0.077
0.077
0.077
0.077
0.077
0.077
0.077
0.077
0.077
0.077
0.077
0.077
0.077
0.077
0.077
0.077
0.077
0.077
0.077
0.077
0.077
0.077
0.077
0.077
0.077
0.077
0.077
0.077
0.077
0.077
0.077
0.077
0.077
0.077
0.077
0.077
0.077
0.077
0.077
0.077
0.248
0.248
0.248
0.248
0.248
0.248
0.248
0.248
0.248
0.248
0.248
0.248
0.605
0.565
0.585
2.55
2.55
2.55
0.471
0.471
0.451
0.451
0.28
0.28
0.28
0.28
0.28
0.28
0.28
0.28
0.34
0.34
0.535
0.475
0.475
0.475
0.487
0.487
0.487
0.487
0.547
0.487
0.487
0.487
0.522
0.522
0.522
0.487
0.487
0.487
0.487
0.487
0.487
0.487
0.487
0.487
0.617
0.617
0.422
0.422
0.422
0.422
0.393
0.393
0.393
0.393
0.393
0.393
0.393
0.393
0.393
0.393
0.393
0.393
0.393
0.393
0.393
0.393
0.393
0.393
0.393
0.393
0.393
0.393
0.393
0.393
0.393
0.453
0.453
0.564
0.564
0.564
0.564
0.564
0.564
0.564
0.552
0.552
0.552
0.552
0.552
0.552
0.552
0.552
0.552
0.552
0.552
0.552
0.552
0.552
0.552
0.381
0.393
0.393
0.393
0.393
0.393
0.393
0.393
0.809
0.809
0.679
0.679
0.263
0.263
0.263
0.263
0.263
0.243
0.243
0.243
0.243
0.243
0.243
0.243
0.243
0.243
0.243
1.185
1.185
1.185
0.243
0.243
0.243
0.243
0.243
0.243
0.243
0.255
0.255
0.255
0.255
0.255
0.255
0.255
0.255
0.255
0.255
0.255
0.255
0.315
0.315
0.315
0.315
0.315
0.315
0.315
0.315
0.315
0.315
0.315
0.315
0.303
0.303
0.303
0.303
0.303
0.303
0.303
0.303
0.303
0.303
0.303
0.303
0.474
0.474
0.474
0.474
0.474
0.474
0.474
0.486
0.486
0.486
0.486
0.486
0.486
0.486
0.486
0.486
0.486
0.486
0.486
0.486
0.486
0.486
0.255
0.255
0.255
0.255
0.255
0.255
0.402
0.402
0.402
0.402
0.402
0.402
0.402
0.402
0.402
0.39
0.39
0.39
0.39
0.39
0.39
0.39
0.39
0.39
0.39
0.39
0.39
0.39
0.39
0.39
0.39
0.39
1.332
1.332
1.332
0.39
0.39
0.39
0.39
0.39
0.39
0.39
0.39
0.39
0.39
0.45
0.45
1.603
1.603
1.603
1.603
1.717
1.717
3.7
3.7
3.7
3.7
3.735
3.735
3.735
3.735
3.735
3.735
3.735
3.735
3.735
3.747
3.918
3.918
3.918
3.918
3.918
3.918
3.918
1.935
1.935
1.935
0.782
0.782
0.782
0.782
0.782
0.782
0.782
0.782
0.782
0.782
0.747
0.747
0.576
0.576
0.576
0.576
0.576
0.576
0.576
0.576
0.576
0.576
0.576
0.576
0.576
0.576
0.576
0.576
0.576
0.576
0.576
0.576
0.576
0.576
0.576
0.576
0.576
0.576
0.576
0.576
0.576
0.576
0.576
0.576
0.576
0.576
0.576
0.42
0.42
0.408
0.408
0.408
0.408
0.408
0.408
0.408
0.408
0.408
0.408
0.408
0.585
0.585
0.408
0.408
0.579
0.579
0.579
0.579
0.579
0.579
0.579
0.579
0.579
0.756
0.756
0.579
0.579
0.579
0.579
0.579
0.579
0.579
0.579
0.579
0.579
0.579
0.585
0.715
0.538
0.538
0.538
0.538
0.538
0.538
0.538
0.538
0.538
0.538
0.538
0.715
0.715
0.789
0.789
0.789
0.849
0.849
0.336
0.336
0.336
0.336
0.336
0.336
0.336
0.336
0.336
0.336
0.336
0.396
0.396
0.396
0.416
0.322
0.322
0.322
0.262
0.571
0.376
0.376
0.376
0.436
0.376
0.376
0.356
0.356
0.356
0.356
0.356
0.356
0.527
0.527
0.527
0.527
0.527
0.527
0.587
0.587
0.647
0.842
1.258
1.063
1.092
1.092
0.676
0.676
0.676
0.676
0.676
0.676
0.676
0.676
0.505
0.505
0.505
0.565
0.565
0.565
0.565
0.505
0.505
0.505
0.505
0.525
0.525
0.505
0.517
0.517
0.517
0.457
0.457
0.457
0.457
0.457
0.397
0.397
0.397
0.497
0.497
0.497
0.497
0.497
0.497
0.557
0.597
0.597
0.597
0.597
0.537
0.597
0.597
0.597
0.597
0.597
0.597
0.792
0.963
0.803
0.958
0.918
0.918
0.918
0.988
0.988
1.144
1.084
1.124
1.124
1.084
1.084
1.084
1.124
1.184
1.07
1.07
1.001
1.061
1.061
0.86
0.86
0.86
0.707
0.707
0.707
0.707
0.707
0.735
0.735
0.735
0.695
0.695
2.63
2.63
2.63
2.63
2.63
2.63
2.61
2.61
2.67
2.67
2.53
2.53
2.53
2.53
2.47
2.47
2.542
2.482
2.482
2.482
2.482
2.287
2.287
2.287
2.287
2.287
2.287
0.392
0.392
0.332
0.332
0.332
0.332
0.332
0.332
0.332
0.392
0.412
0.392
0.523
0.523
0.523
0.463
0.463
0.523
0.463
0.463
0.443
0.443
0.443
0.443
0.443
0.287
0.287
0.287
0.287
0.287
0.347
0.347
0.347
0.367
0.196
0.482
0.433
0.433
0.433
0.533
0.533
0.533
0.533
0.553
0.553
0.553
0.533
0.533
0.533
0.521
0.716
0.716
0.756
0.756
0.656
0.656
0.656
0.461
0.461
0.461
0.521
0.521
0.521
0.521
0.521
0.521
0.521
0.521
0.589
0.589
0.589
0.529
0.529
0.529
0.334
0.334
0.334
0.334
0.274
0.334
0.394
0.334
0.334
0.434
0.434
0.434
0.434
0.494
0.494
0.494
0.434
0.434
0.434
0.434
0.434
0.469
0.429
0.429
0.429
0.729
0.429
0.429
0.469
0.469
2.364
2.364
2.364
2.364
2.304
2.304
2.304
2.304
2.304
2.304
2.304
2.304
2.316
2.43
2.601
2.601
2.601
2.601
2.601
2.601
2.661
2.661
2.741
2.701
2.781
2.721
2.621
0.726
0.786
0.786
0.846
0.786
0.786
0.786
0.786
0.886
0.715
0.746
0.942
0.842
0.842
0.842
0.742
0.742
0.782
0.782
0.782
0.762
0.822
0.822
1.298
1.398
1.338
1.338
0.822
0.822
0.822
0.822
0.822
0.822
0.822
0.822
0.822
0.822
0.822
0.957
0.957
0.957
0.957
0.957
0.957
0.977
0.782
0.762
1.178
1.178
1.178
1.178
0.774
0.774
0.774
0.834
0.834
0.894
0.894
0.882
0.712
0.732
0.903
0.868
0.868
0.868
0.868
0.868
0.868
0.854
0.914
0.954
0.954
0.954
0.923
0.923
0.923
0.923
0.923
0.827
0.983
1.178
1.178
1.178
0.907
0.712
0.712
0.652
0.652
0.672
0.672
0.672
0.672
0.786
0.786
0.786
0.786
0.798
0.798
0.798
0.798
0.798
0.758
0.758
0.758
0.698
0.698
0.698
0.698
0.542
0.542
0.542
0.53
0.53
0.53
0.55
0.53
2.609
2.609
2.609
0.416
0.416
0.416
0.416
0.456
0.416
0.456
0.456
0.416
0.356
0.356
0.356
0.356
0.486
0.486
0.486
0.486
0.486
0.657
0.657
0.657
0.657
0.657
0.669
0.669
0.669
0.657
0.628
0.628
0.628
0.628
0.628
0.628
0.668
0.668
0.708
0.708
0.668
0.708
0.768
0.557
0.487
0.583
0.583
0.583
0.523
0.523
0.523
0.583
0.583
0.701
0.741
0.801
0.801
0.801
0.801
0.801
0.801
0.681
0.828
0.768
0.768
0.768
0.768
0.768
0.768
0.768
0.768
0.768
0.768
0.768
0.768
0.768
0.828
1.244
1.244
1.244
1.358
0.942
0.942
0.942
0.942
0.942
0.942
0.942
0.942
0.942
0.942
0.942
0.942
0.942
0.942
0.882
0.077
0.077
0.077
0.077
0.077
0.077
0.077
0.077
0.077
0.077
0.077
0.077
0.077
0.077
0.077
0.077
0.077
0.077
0.077
0.077
0.077
0.248
0.248
0.248
0.248
0.248
0.248
0.248
0.248
0.248
0.248
0.248
0.248
0.248
0.248
0.248
0.248
0.248
0.248
0.248
