0.064
0.064
0.064
0.064
0.064
0.064
0.054
0.054
0.054
0.054
0.054
0.054
0.054
0.054
0.054
0.247
0.247
0.247
0.247
0.247
0.247
0.247
0.247
0.247
0.247
0.247
0.247
0.247
0.247
0.247
0.257
0.257
0.257
0.257
0.257
0.257
0.257
0.064
0.064
0.064
0.064
0.064
0.064
0.064
0.064
0.064
0.064
0.064
0.064
0.064
0.064
0.064
0.064
0.064
0.064
0.064
0.064
0.064
0.064
0.064
0.064
0.064
0.064
0.064
0.064
0.064
0.064
0.064
0.064
0.064
0.064
0.064
0.064
0.064
0.064
0.064
0.064
0.064
0.064
0.064
0.246
0.246
0.246
0.246
0.246
0.246
0.439
0.439
0.439
0.439
0.439
0.439
0.439
0.439
0.439
0.439
0.439
0.439
0.439
0.439
0.257
0.257
0.257
0.257
0.257
0.257
0.257
0.257
0.064
0.064
0.064
0.064
0.064
0.064
0.064
0.064
0.064
0.064
0.064
0.064
0.064
0.064
0.064
0.064
0.064
0.064
0.064
0.064
0.064
0.064
0.064
0.064
0.064
0.064
0.064
0.064
0.064
0.064
0.064
0.064
0.064
0.064
0.064
0.064
0.064
0.064
0.064
0.064
0.064
0.064
0.064
0.064
0.246
0.246
0.246
0.246
0.246
0.246
0.246
0.246
0.246
0.246
0.246
0.246
0.246
0.246
0.246
0.246
0.246
0.246
0.246
0.246
0.064
0.257
0.257
0.257
0.257
0.257
0.257
0.257
0.257
0.257
0.257
0.257
0.257
0.257
0.257
0.257
0.257
0.257
0.257
0.257
0.257
0.257
0.257
0.064
0.064
0.064
0.064
0.064
0.064
0.064
0.064
0.064
0.064
0.064
0.064
0.064
0.064
0.064
0.064
0.064
0.064
0.064
0.064
0.064
0.064
0.064
0.064
0.064
0.064
0.064
0.064
0.064
0.064
0.064
0.064
0.064
0.064
0.064
0.064
0.064
0.064
0.064
0.064
0.064
0.064
0.064
0.064
0.064
0.064
0.064
0.064
0.064
0.257
0.257
0.257
0.257
0.257
0.257
0.257
0.257
0.257
0.257
0.257
0.257
0.257
0.257
0.257
0.257
0.257
0.257
0.257
0.257
0.257
0.257
0.064
0.064
0.064
0.064
0.064
0.064
0.064
0.064
0.064
0.064
0.064
0.064
0.064
0.064
0.064
0.064
0.064
0.064
0.064
0.064
0.064
0.064
0.064
0.064
0.064
0.064
0.064
0.064
0.246
0.246
0.246
0.246
0.246
0.246
0.246
0.246
0.246
0.246
0.246
0.246
0.246
0.246
0.246
0.246
0.246
0.246
0.246
0.246
0.064
0.064
0.064
0.064
0.064
0.064
0.064
0.064
0.064
0.064
0.064
0.064
0.064
0.064
0.064
0.064
0.064
0.064
0.064
0.064
0.064
0.064
0.064
0.064
0.064
0.064
0.064
0.064
0.064
0.064
0.064
0.064
0.064
0.064
0.064
0.064
0.064
0.064
0.064
0.064
0.064
0.064
0.064
0.064
0.064
0.064
0.062
0.062
0.062
0.062
0.062
0.062
0.062
0.062
0.062
0.062
0.062
0.062
0.062
0.062
0.062
0.062
0.062
0.062
0.062
0.062
0.062
0.062
0.062
0.082
0.122
0.122
0.122
0.122
0.122
0.122
0.122
0.122
0.122
0.157
0.339
0.339
0.339
0.339
0.339
0.339
0.532
0.497
0.557
0.557
0.557
0.557
0.557
0.557
0.557
0.592
0.592
0.592
0.712
0.652
0.47
0.51
0.45
0.45
0.45
0.45
0.51
0.51
0.317
0.317
0.317
0.317
0.317
0.317
0.277
0.297
0.297
0.277
0.277
0.337
0.337
0.277
0.277
0.277
0.277
0.277
0.297
0.297
0.297
0.297
0.317
1.538
1.538
1.498
1.463
1.563
1.563
1.563
1.563
1.563
1.603
1.603
1.663
1.703
1.623
1.623
1.523
1.523
1.463
1.463
1.645
1.645
1.645
1.645
1.645
1.645
1.68
1.68
1.645
1.645
1.645
0.524
0.524
0.524
0.524
0.524
0.524
0.524
0.544
0.544
0.451
0.451
0.451
0.491
0.491
0.491
0.491
0.491
0.491
0.471
0.471
0.411
0.411
0.411
0.411
0.451
0.064
0.064
0.064
0.064
0.064
0.064
0.064
0.064
0.064
0.064
0.064
0.064
0.064
0.064
0.064
0.064
0.064
0.257
0.257
0.257
0.257
0.257
0.257
0.257
0.257
0.257
0.257
0.439
0.439
0.439
0.439
0.439
0.439
0.439
0.439
0.439
0.439
0.439
0.439
0.246
0.246
0.246
0.246
0.246
0.246
0.246
0.246
0.064
0.064
0.064
0.064
0.064
0.064
0.064
0.064
0.064
0.064
0.064
0.064
0.064
0.064
0.064
0.064
0.064
0.064
0.064
0.064
0.064
0.064
0.064
0.064
0.064
0.064
0.064
0.064
0.064
0.064
0.064
0.064
0.064
0.064
0.064
0.064
0.064
0.064
0.064
0.064
0.064
0.064
0.064
0.064
0.064
0.064
0.064
0.064
0.064
0.064
0.064
0.064
0.064
0.064
0.064
0.064
0.064
0.064
0.064
0.064
0.064
0.064
0.064
0.064
0.064
0.064
0.064
0.064
0.064
0.064
0.064
0.257
0.257
0.257
0.257
0.257
0.257
0.257
0.439
0.439
0.439
0.439
0.439
0.439
0.439
0.439
0.439
0.439
0.439
0.439
0.439
0.439
0.439
0.246
0.246
0.246
0.246
0.246
0.064
0.064
0.064
0.064
0.064
0.064
0.064
0.064
0.064
0.064
0.064
0.064
0.064
0.064
0.064
0.064
0.064
0.064
0.064
0.064
0.064
0.064
0.064
0.064
0.064
0.064
0.064
0.064
0.064
0.064
0.064
0.064
0.064
0.064
0.064
0.064
0.064
0.064
0.064
0.064
0.064
0.064
0.064
0.064
0.064
0.064
0.064
0.064
0.064
0.064
0.064
0.064
0.064
0.064
0.064
0.064
0.064
0.064
0.064
0.064
0.246
0.246
0.246
0.246
0.246
0.246
0.246
0.246
0.246
0.246
0.246
0.246
0.439
0.439
0.439
0.439
0.439
0.439
0.439
0.439
0.257
0.257
0.257
0.257
0.257
0.257
0.257
0.257
0.257
0.257
0.257
0.257
0.257
0.257
0.064
0.064
0.064
0.064
0.064
0.064
0.064
0.064
0.064
0.064
0.064
0.064
0.064
0.064
0.064
0.064
0.064
0.064
0.064
0.064
0.064
0.064
0.064
0.064
0.064
0.064
0.064
0.064
0.064
0.064
0.064
0.064
0.064
0.064
0.064
0.064
0.064
0.064
0.064
0.064
0.064
0.064
0.064
0.064
0.064
0.064
0.064
0.064
0.064
0.064
0.064
0.064
0.064
0.064
0.064
0.064
0.064
0.064
0.246
0.246
0.246
0.246
0.246
0.246
0.246
0.246
0.246
0.246
0.246
0.246
0.439
0.437
2.343
2.343
2.343
0.437
0.437
0.437
0.255
0.255
0.255
0.255
0.255
0.255
0.255
0.255
2.37
2.37
2.37
2.37
2.37
2.37
2.177
2.177
2.177
2.177
2.177
2.177
2.177
2.177
2.177
2.197
2.177
2.497
2.497
2.517
0.402
0.082
0.082
0.062
0.062
0.062
0.062
0.062
0.062
0.062
0.062
0.062
0.062
0.062
0.062
0.062
0.062
0.062
0.062
0.062
0.062
0.062
0.062
0.062
0.062
0.062
0.062
0.062
0.062
0.062
0.062
0.062
0.062
0.062
0.062
0.062
0.062
0.062
0.062
0.062
0.062
0.173
0.213
0.253
0.253
0.446
0.446
0.406
0.466
0.466
0.506
0.526
0.586
0.586
0.586
0.566
0.626
0.626
0.526
0.526
0.526
0.526
0.526
0.526
0.415
0.415
0.426
0.265
0.325
0.265
0.245
0.265
0.354
0.354
0.277
0.205
0.205
0.205
0.265
0.205
0.205
0.305
0.305
0.305
0.305
0.305
0.305
0.305
0.205
0.145
0.145
0.145
0.145
0.145
0.181
0.181
0.181
0.181
0.161
0.161
0.161
0.261
0.443
0.443
0.454
0.454
0.454
0.454
0.454
0.474
0.454
0.454
0.454
0.647
0.647
0.607
0.607
0.607
0.607
0.607
0.607
0.607
0.425
0.425
0.425
0.425
0.445
0.493
0.473
0.56
0.56
0.56
0.595
0.595
0.595
0.491
0.491
0.402
0.402
0.391
0.356
0.356
0.356
0.356
2.572
0.064
0.064
0.064
0.064
0.064
0.064
0.064
0.064
0.064
0.064
0.064
0.064
0.064
0.064
0.064
0.064
0.064
0.246
0.246
0.246
0.246
0.246
0.246
0.246
0.246
0.246
0.246
0.246
0.246
0.246
0.246
0.246
0.246
0.246
0.246
0.246
0.246
0.064
0.064
0.064
0.257
0.257
0.257
0.257
0.257
0.257
0.257
0.257
0.257
0.257
0.257
0.257
0.257
0.257
0.257
0.257
0.257
0.257
0.257
0.257
0.257
0.257
0.064
0.064
0.064
0.064
0.064
0.064
0.064
0.064
2.336
2.336
2.336
2.376
2.376
2.396
2.456
2.456
2.456
2.516
2.516
2.516
2.516
5.103
5.103
5.103
5.103
5.103
7.009
7.029
7.029
5.158
5.142
5.142
5.222
5.404
3.317
3.317
3.317
3.317
3.417
3.417
3.317
3.317
3.317
3.317
3.317
3.337
3.337
3.409
3.409
3.409
3.298
3.298
3.298
3.116
3.116
5.199
5.199
5.199
5.199
5.199
5.199
5.159
5.159
5.159
5.159
5.139
5.159
5.119
5.099
5.292
5.292
5.292
5.367
5.267
5.267
5.279
3.309
3.189
3.189
3.2
3.2
0.613
0.613
0.613
0.613
0.613
0.613
0.613
0.613
0.613
0.633
0.44
0.44
0.44
0.44
0.516
0.516
0.416
0.396
0.408
0.408
0.462
0.462
0.502
0.502
0.502
0.502
0.502
0.502
0.502
0.502
0.502
0.502
0.413
0.413
0.413
0.413
0.413
0.502
0.502
0.522
0.522
0.413
0.433
2.56
2.742
2.722
2.722
3.228
3.228
3.228
3.248
2.928
2.928
2.928
3.028
3.028
3.028
3.063
3.24
3.24
3.063
3.063
3.063
3.063
3.074
3.074
3.074
3.074
3.094
3.094
0.967
1.133
1.133
0.956
0.956
1.016
0.956
0.936
0.936
0.936
0.936
0.996
0.996
0.996
1.173
1.173
0.814
0.778
0.778
0.743
0.743
0.743
0.667
0.667
0.592
0.592
0.592
0.769
0.769
1.087
1.087
1.087
0.987
0.952
0.385
0.385
0.385
0.385
0.385
0.385
0.385
0.365
0.365
0.365
0.365
0.365
0.365
0.405
0.405
0.385
0.385
0.385
0.421
0.421
0.421
0.421
0.421
0.421
0.421
0.421
0.421
0.421
0.421
0.421
0.421
0.401
0.401
0.401
0.401
0.381
0.381
0.381
0.381
0.381
0.381
0.381
0.416
0.376
0.376
0.376
0.376
0.376
0.376
0.376
0.465
0.493
0.493
0.493
0.404
0.393
0.393
0.393
0.393
0.393
0.333
0.353
0.353
2.37
2.37
2.31
0.404
0.344
0.344
0.344
0.344
0.244
0.184
0.466
0.466
0.466
0.577
0.637
0.637
0.637
0.637
0.637
0.637
0.617
0.617
0.528
0.528
0.528
0.528
0.528
0.548
0.512
0.694
0.694
0.694
0.501
0.541
0.541
0.541
0.541
0.541
0.541
0.541
0.541
0.501
0.501
0.621
0.41
0.43
0.43
0.49
0.49
0.308
0.328
0.308
0.308
0.628
0.628
0.628
0.588
0.268
0.268
0.268
0.379
0.379
0.391
0.391
0.28
0.28
0.28
0.28
0.28
0.28
0.292
0.381
0.532
0.521
0.521
0.521
0.521
0.521
0.521
0.521
0.064
0.257
0.257
0.257
0.257
0.257
0.257
0.257
0.257
0.257
0.257
0.257
0.257
0.257
0.257
0.257
0.257
0.257
0.439
0.439
0.439
0.439
0.439
0.246
0.246
0.246
0.246
0.246
0.246
0.246
0.246
0.246
0.246
0.246
0.246
0.246
0.246
0.246
0.064
0.064
0.064
0.064
0.064
0.064
0.064
0.064
0.064
0.064
0.064
0.064
0.064
0.064
0.064
0.064
0.064
0.064
0.064
0.064
0.064
0.064
