0.064
0.064
0.064
0.064
0.064
0.064
0.064
0.064
0.064
0.064
0.064
0.064
0.064
0.064
0.064
0.064
0.064
0.064
0.064
0.064
0.064
0.064
0.064
0.064
0.074
0.074
0.074
0.074
0.074
0.074
0.074
0.074
0.074
0.074
0.074
0.074
0.074
0.074
0.074
0.074
0.074
0.074
0.074
0.074
0.074
0.074
0.074
0.074
0.074
0.074
0.074
0.074
0.074
0.074
0.074
0.074
0.074
0.074
0.074
0.074
0.074
0.074
0.074
0.074
0.074
0.074
0.074
0.074
0.074
0.176
0.176
0.176
0.176
0.176
0.176
0.176
0.176
0.176
0.176
0.176
0.176
0.176
0.176
0.176
0.176
0.176
0.176
0.074
0.074
0.074
0.074
0.074
0.074
0.074
0.074
0.074
0.074
0.074
0.074
0.074
0.074
0.074
0.074
0.074
0.074
0.074
0.074
0.074
0.074
0.074
0.074
0.074
0.074
0.074
0.074
0.074
0.074
0.074
0.074
0.074
0.074
0.074
0.074
0.074
0.074
0.074
0.074
0.074
0.074
0.074
0.074
0.074
0.176
0.176
0.176
0.176
0.176
0.176
0.176
0.176
0.176
0.176
0.176
0.176
0.176
0.176
0.176
0.176
0.176
0.176
0.074
0.074
0.074
0.074
0.074
0.074
0.074
0.074
0.074
0.074
0.074
0.074
0.074
0.074
0.074
0.074
0.074
0.074
0.074
0.074
0.074
0.074
0.074
0.074
0.074
0.074
0.074
0.074
0.074
0.074
0.074
0.074
0.074
0.074
0.074
0.074
0.074
0.074
0.074
0.074
0.074
0.074
0.074
0.074
0.074
0.074
0.074
0.074
0.074
0.074
0.074
0.074
0.074
0.074
0.074
0.074
0.074
0.074
0.074
0.074
0.074
0.074
0.074
0.074
0.074
0.074
0.074
0.074
0.074
0.074
0.074
0.074
0.074
0.074
0.074
0.074
0.074
0.074
0.074
0.074
0.074
0.074
0.074
0.074
0.074
0.074
0.074
0.074
0.074
0.074
0.074
0.074
0.074
0.074
0.074
0.074
0.074
0.074
0.074
0.074
0.074
0.074
0.074
0.074
0.074
0.074
0.074
0.074
0.074
0.074
0.074
0.074
0.074
0.074
0.074
0.074
0.074
0.074
0.074
0.074
0.074
0.074
0.074
0.074
0.074
0.074
0.074
0.074
0.074
0.074
0.074
0.074
0.074
0.074
0.074
0.074
0.074
0.074
0.074
0.074
0.074
0.074
0.074
0.074
0.074
0.074
0.074
0.074
0.074
0.074
0.074
0.074
0.074
0.074
0.074
0.074
0.074
0.074
0.074
0.074
0.074
0.074
0.074
0.074
0.074
0.074
0.074
0.074
0.074
0.074
0.074
0.074
0.074
0.074
0.074
0.074
0.074
0.074
0.074
0.074
0.074
0.074
0.074
0.074
0.074
0.074
0.074
0.074
0.074
0.074
0.074
0.074
0.074
0.074
0.074
0.074
0.074
0.074
0.074
0.176
0.176
0.176
0.176
0.176
0.176
0.176
0.176
0.176
0.176
0.176
0.176
0.176
0.176
0.176
0.176
0.176
0.176
0.074
0.074
0.074
0.074
0.074
0.074
0.074
0.074
0.074
0.074
0.074
0.074
0.074
0.074
0.074
0.074
0.074
0.074
0.074
0.074
0.074
0.074
0.074
0.074
0.074
0.074
0.074
0.074
0.074
0.074
0.074
0.074
0.074
0.074
0.074
0.074
0.074
0.074
0.074
0.074
0.074
0.074
0.074
0.074
0.074
0.074
0.074
0.074
0.074
0.074
0.074
0.074
0.074
0.074
0.074
0.074
0.074
0.074
0.074
0.074
0.074
0.074
0.074
0.074
0.074
0.074
0.074
0.074
0.074
0.074
0.074
0.074
0.074
0.072
0.132
0.274
0.274
0.274
0.274
0.274
0.274
0.274
0.274
0.656
0.656
0.736
0.736
0.414
0.414
0.414
0.354
0.294
0.294
0.192
0.252
0.252
0.372
0.372
0.372
0.407
0.347
0.397
0.697
0.592
0.352
0.352
0.352
0.352
0.352
0.352
0.352
0.352
0.352
0.392
0.392
0.464
0.312
0.312
0.312
0.412
0.412
0.517
0.517
0.517
0.517
0.517
0.457
0.477
0.477
0.537
0.537
0.537
0.549
0.549
0.549
0.651
0.651
0.579
0.579
0.579
0.579
0.579
0.519
0.519
0.559
0.539
0.539
0.539
0.539
0.539
0.539
0.539
0.539
0.437
0.437
0.437
0.437
0.337
0.337
0.337
0.337
0.337
0.337
0.337
0.337
0.397
0.352
0.352
0.412
0.412
0.412
0.412
0.352
0.352
0.352
0.352
0.352
0.352
0.457
0.457
0.457
0.457
0.457
0.457
0.457
0.457
0.457
8.823
8.823
8.823
0.357
0.357
0.357
0.357
0.357
0.357
0.357
0.357
0.357
0.357
0.357
0.357
0.357
0.357
0.357
0.357
0.357
0.357
0.357
0.252
0.252
0.354
0.354
0.354
0.294
0.294
0.294
0.294
0.294
1.836
1.836
1.836
1.836
1.836
1.836
1.836
1.836
1.836
1.836
1.734
1.734
1.734
1.734
1.734
1.734
1.734
1.734
1.734
1.734
0.192
0.192
0.192
0.192
0.192
0.192
0.192
0.192
0.192
0.132
0.132
0.132
0.132
2.496
2.496
2.496
2.496
2.436
2.436
2.436
2.436
2.436
2.436
2.436
2.436
2.436
2.436
2.436
2.436
2.436
2.538
2.538
2.538
2.538
2.538
2.538
2.538
2.538
2.538
2.538
0.174
0.174
0.174
0.174
0.174
0.174
0.174
2
1.898
1.898
0.072
0.072
0.072
0.188
0.072
0.072
0.072
0.072
0.072
0.072
0.072
0.072
0.072
0.072
0.072
0.072
0.072
0.072
0.072
0.072
0.072
0.072
0.072
0.072
0.072
0.072
0.188
0.188
0.188
0.188
0.188
0.188
0.188
0.072
0.072
0.072
0.072
0.072
0.072
0.072
0.072
0.072
0.072
0.175
0.175
0.277
0.29
0.29
0.29
0.29
0.29
0.29
0.29
0.29
0.29
0.29
0.187
0.187
0.187
0.187
0.187
0.187
0.187
0.085
0.074
0.074
0.074
0.074
0.074
0.074
0.074
0.074
0.074
0.074
0.085
0.085
0.085
0.085
0.085
0.085
0.085
0.085
0.085
0.085
0.085
0.085
0.085
0.085
0.085
0.085
0.085
0.085
0.085
0.085
0.085
0.085
0.085
0.085
0.085
0.085
0.201
0.201
0.201
0.201
0.201
0.201
0.201
0.201
0.201
0.201
0.201
0.201
0.201
0.201
0.303
0.303
0.29
0.29
0.29
0.29
0.29
0.29
0.29
0.29
0.176
0.176
0.176
0.176
0.176
0.176
0.176
0.176
0.074
0.074
0.074
0.074
0.074
0.074
0.074
0.074
0.074
0.074
0.074
0.074
0.074
0.074
0.074
0.074
0.074
0.074
0.074
0.074
0.074
0.074
0.074
0.074
0.074
0.074
0.074
0.074
0.074
0.074
0.074
0.074
0.074
0.074
0.074
0.074
0.074
0.074
0.074
0.074
0.074
0.074
0.074
0.074
0.074
0.074
0.074
0.074
0.074
0.074
0.074
0.074
0.074
0.074
0.074
0.074
0.074
0.074
0.074
0.074
0.074
0.074
0.074
0.074
0.074
0.074
0.074
0.074
0.074
0.074
0.074
0.074
0.074
0.074
0.074
0.074
0.074
0.074
0.074
0.074
0.074
0.074
0.074
0.074
0.074
0.074
0.074
0.074
0.074
0.074
0.074
0.074
0.074
0.074
0.074
0.074
0.074
0.074
0.074
0.074
0.074
0.074
0.074
0.074
0.074
0.074
0.074
0.074
0.074
0.074
0.074
0.074
0.188
0.188
0.344
2.17
2.17
2.23
0.404
0.404
0.404
0.506
0.566
0.506
0.506
0.446
0.446
0.466
0.466
0.466
0.466
0.788
0.788
0.788
0.86
0.698
0.698
0.698
0.698
0.596
0.596
3.02
2.904
2.904
2.904
2.904
2.904
2.824
2.824
2.824
2.824
2.824
2.824
2.824
2.874
2.874
2.874
2.874
2.979
2.979
2.979
2.979
3.014
2.979
2.979
3.039
3.139
3.139
0.775
0.775
0.775
0.675
0.074
0.074
0.074
0.074
0.074
0.074
0.074
0.074
0.074
0.074
0.315
0.315
0.315
0.388
0.388
0.388
0.388
0.688
0.616
0.616
0.356
0.296
0.296
0.296
0.396
0.396
0.316
0.316
0.316
0.316
0.316
0.316
0.316
0.376
0.376
0.376
0.376
0.376
0.376
0.376
0.376
0.316
0.316
0.316
0.418
0.418
0.418
0.418
0.518
0.518
0.518
0.553
0.553
0.493
0.493
0.493
0.593
0.593
0.593
0.593
0.593
0.593
0.551
0.551
0.551
0.551
0.656
0.656
0.656
0.656
0.656
0.656
0.656
0.643
0.643
0.643
0.583
0.643
0.543
0.543
0.543
0.543
0.543
0.578
0.578
0.578
0.598
0.598
0.596
0.596
0.596
0.696
0.696
0.596
0.596
0.596
0.936
0.916
0.916
0.916
0.616
0.721
0.721
2.263
2.263
2.263
2.263
2.263
2.158
2.158
2.158
2.218
2.218
2.278
2.278
2.278
2.278
2.175
2.175
2.115
2.115
2.115
2.125
0.523
0.523
0.523
0.628
0.628
0.731
0.831
0.831
0.831
0.831
0.831
0.831
0.831
0.831
0.771
0.671
0.671
0.771
0.736
0.736
0.736
0.736
1.036
1.096
1.096
1.096
1.036
1.036
1.036
1.036
1.071
1.011
0.876
0.876
0.876
0.876
0.936
0.936
0.996
0.996
1.198
1.198
1.093
1.093
1.105
1.105
1.045
1.045
1.045
1.045
1.045
2.13
2.19
2.25
1.165
1.165
1.105
1.105
1.003
1.003
1.108
1.108
1.108
1.108
1.096
1.096
1.096
1.096
1.036
0.931
0.931
0.931
0.831
0.866
0.731
0.731
0.731
0.791
0.791
0.791
0.851
0.851
0.851
0.951
1.001
1.001
1.001
1.001
1.001
1.001
0.901
0.961
0.961
0.961
0.961
0.961
0.901
0.901
0.901
0.901
1.001
1.001
1.061
1.001
1.001
1.117
1.177
1.127
1.127
1.067
1.067
1.067
1.067
1.067
1.067
1.067
1.067
1.127
1.127
1.127
1.187
1.147
1.147
1.147
1.147
1.147
1.147
1.147
1.147
0.931
0.931
0.871
0.931
0.931
0.931
0.871
0.871
0.931
0.971
1.073
1.108
1.108
1.073
1.073
1.033
1.068
1.173
1.173
1.113
1.113
1.113
1.173
1.173
1.173
1.173
1.138
1.138
1.036
1.071
1.011
1.011
1.011
1.011
1.011
1.051
1.111
1.068
1.033
1.033
0.973
1.091
1.091
1.091
1.091
1.151
1.111
1.046
1.046
1.046
0.93
1.046
1.046
1.046
1.086
1.086
1.086
1.086
1.086
1.086
1.086
1.086
1.086
0.786
0.786
0.886
0.846
0.846
0.846
0.846
0.846
0.846
0.846
0.741
0.741
0.741
0.753
0.753
0.753
0.753
0.753
0.753
0.813
0.813
0.813
0.918
2.744
2.744
2.624
0.798
0.726
0.726
0.726
0.726
0.758
0.758
0.758
0.642
0.57
0.57
0.57
0.57
0.57
0.51
0.51
0.612
0.404
1.589
0.176
0.176
0.176
0.176
0.176
0.176
0.176
0.176
0.176
0.176
0.176
0.176
0.176
0.176
0.176
0.074
0.074
0.074
0.074
0.074
0.074
0.074
0.074
0.074
0.074
0.074
0.074
0.074
0.074
0.074
0.074
0.074
0.074
0.074
0.074
0.074
0.074
0.074
0.074
0.074
0.074
0.074
0.074
0.074
0.074
0.074
0.074
0.074
0.074
0.074
0.074
0.074
0.074
0.074
0.074
0.074
0.074
0.074
0.074
0.074
0.074
0.074
0.176
0.176
0.176
0.176
0.176
0.176
0.176
0.176
0.176
0.176
0.176
0.176
0.176
0.176
0.176
0.176
0.176
0.176
0.074
0.074
0.074
0.074
0.074
0.074
0.074
0.074
0.074
0.074
0.074
0.074
0.074
0.074
0.074
0.074
0.074
0.074
0.074
0.074
0.074
0.074
0.074
0.074
0.074
0.074
0.074
0.074
0.074
0.074
0.074
0.074
0.074
0.074
0.064
0.064
0.064
0.064
0.064
0.166
