0.067
0.067
0.067
0.067
0.067
0.067
0.067
0.057
0.057
0.057
0.057
0.057
0.057
0.057
0.057
0.057
0.057
0.057
0.057
0.057
0.057
0.057
0.057
0.057
0.057
0.057
0.057
0.057
0.057
0.057
0.057
0.057
0.057
0.057
0.057
0.057
0.057
0.067
0.067
0.067
0.067
0.067
0.067
0.067
0.067
0.067
0.067
0.067
0.067
0.067
0.067
0.067
0.067
0.067
0.067
0.067
0.067
0.272
0.272
0.272
0.272
0.272
0.272
0.272
0.272
0.272
0.272
0.272
0.272
0.272
0.272
0.272
0.272
0.272
0.272
0.272
0.272
0.272
0.272
0.067
0.067
0.067
0.067
0.067
0.067
0.067
0.067
0.067
0.067
0.067
0.067
0.067
0.067
0.067
0.067
0.067
0.067
0.067
0.067
0.067
0.067
0.067
0.067
0.067
0.067
0.067
0.067
0.067
0.067
0.067
0.067
0.067
0.067
0.067
0.067
0.067
0.067
0.067
0.067
0.235
0.235
0.235
0.235
0.235
0.235
0.235
0.235
0.235
0.235
0.235
0.235
0.235
0.235
0.067
0.067
0.067
0.067
0.067
0.272
0.272
0.272
0.272
0.272
0.272
0.272
0.272
0.272
0.272
0.272
0.272
0.272
0.272
0.272
0.272
0.272
0.272
0.272
0.272
0.272
0.272
0.067
0.067
0.067
0.067
0.067
0.067
0.067
0.067
0.067
0.067
0.067
0.067
0.067
0.067
0.067
0.067
0.067
0.067
0.067
0.067
0.067
0.067
0.067
0.067
0.067
0.067
0.067
0.067
0.067
0.067
0.067
0.067
0.235
0.235
0.235
0.235
0.235
0.235
0.235
0.235
0.235
0.235
0.235
0.235
0.235
0.235
0.067
0.067
0.067
0.067
0.067
0.067
0.067
0.067
0.067
0.067
0.067
0.067
0.067
0.067
0.067
0.067
0.067
0.067
0.067
0.067
0.272
0.272
0.272
0.272
0.272
0.272
0.272
0.272
0.272
0.272
0.272
0.272
0.272
0.272
0.272
0.272
0.272
0.272
0.272
0.272
0.272
0.272
0.067
0.067
0.067
0.067
0.067
0.067
0.067
0.067
0.067
0.067
0.067
0.067
0.067
0.067
0.067
0.067
0.067
0.067
0.067
0.067
0.067
0.067
0.067
0.067
0.067
0.067
0.067
0.067
0.067
0.067
0.067
0.067
0.067
0.067
0.067
0.067
0.067
0.067
0.067
0.067
0.067
0.067
0.067
0.067
0.067
0.067
0.067
0.067
0.067
0.067
0.067
0.067
0.067
0.235
0.235
0.235
0.235
0.235
0.235
0.235
0.235
0.235
0.235
0.235
0.235
0.235
0.235
0.067
0.067
0.067
0.067
0.067
0.067
0.272
0.272
0.272
0.272
0.272
0.272
0.272
0.272
0.272
0.272
0.272
0.272
0.272
0.272
0.272
0.272
0.272
0.272
0.272
0.272
0.272
0.272
0.067
0.067
0.067
0.067
0.067
0.067
0.067
0.067
0.067
0.067
0.067
0.067
0.067
0.067
0.067
0.067
0.067
0.067
0.067
0.067
0.067
0.067
0.067
0.067
0.067
0.067
0.067
0.067
0.067
0.067
0.067
0.067
0.067
0.235
0.235
0.235
0.235
0.235
0.235
0.235
0.235
0.235
0.235
0.235
0.235
0.235
0.235
0.067
0.067
0.067
0.067
0.067
0.067
0.067
0.067
0.067
0.067
0.067
0.067
0.067
0.067
0.067
0.067
0.272
0.272
0.272
0.272
0.272
0.272
0.272
0.272
0.272
0.272
0.272
0.272
0.272
0.272
0.272
0.272
0.272
0.272
0.272
0.272
0.272
0.272
0.067
0.067
0.065
0.065
0.065
0.1
0.1
0.1
3.341
3.341
3.306
3.306
3.306
3.306
3.306
3.306
3.306
3.306
3.306
3.306
3.306
3.366
3.534
3.534
3.534
3.534
3.534
3.554
0.313
0.313
0.313
0.313
0.313
0.313
0.313
0.313
0.145
0.205
0.205
0.205
0.205
0.287
0.287
0.287
0.267
0.267
0.327
0.185
3.631
3.631
3.571
3.571
3.571
3.571
3.571
3.571
3.571
3.511
3.511
3.687
3.687
3.687
3.687
3.687
3.687
3.687
3.687
3.627
0.386
0.386
0.181
0.181
0.181
0.181
0.181
0.181
0.241
0.241
0.241
0.241
0.341
0.341
0.341
0.281
0.281
0.281
0.281
0.281
0.281
0.281
3.522
3.522
3.604
3.64
3.64
3.64
3.7
3.7
3.75
3.75
3.75
3.75
3.69
3.69
5.514
5.514
5.514
3.745
3.69
3.71
0.637
0.617
0.617
0.617
0.617
0.617
0.617
0.617
0.617
0.617
0.617
0.617
0.617
0.617
0.449
0.509
0.449
0.449
0.449
0.449
0.449
0.449
0.449
0.449
0.449
0.449
0.449
0.449
0.449
0.449
0.449
0.449
0.449
0.449
0.399
0.399
0.399
0.399
0.317
0.317
0.317
0.317
0.317
0.522
0.522
0.522
0.422
0.422
0.422
0.422
0.422
0.422
0.422
0.422
0.422
0.422
0.386
0.386
0.386
0.386
0.386
0.386
0.386
0.386
0.386
0.181
0.181
0.181
0.181
0.181
0.181
0.181
0.181
0.349
0.349
0.349
0.349
0.349
3.59
3.59
3.59
3.59
3.59
3.59
3.626
3.626
3.626
3.458
3.458
3.458
3.458
3.458
3.458
3.458
3.458
3.458
3.458
3.458
0.217
0.217
0.217
0.217
0.217
0.217
0.217
0.217
0.217
0.217
0.23
0.435
0.435
0.435
0.435
0.435
0.435
0.435
0.435
0.435
0.435
0.435
0.435
0.435
0.435
0.435
0.435
0.435
0.435
0.435
0.435
0.435
0.435
0.23
0.23
0.23
0.23
3.471
3.471
3.471
3.471
3.471
3.471
3.471
3.471
3.471
3.471
3.471
3.471
3.471
3.471
3.471
3.471
3.471
3.471
3.471
3.471
0.23
0.23
0.194
0.194
0.194
0.194
0.194
0.194
0.194
0.194
0.194
0.194
0.194
0.194
0.194
0.194
0.194
0.194
0.194
0.194
3.435
3.435
3.435
3.435
3.435
3.471
3.458
3.458
3.831
3.831
3.866
3.866
3.976
3.976
3.976
3.976
3.976
3.976
4.081
4.081
0.84
0.84
0.672
0.672
0.672
0.562
3.803
3.803
3.803
3.803
3.598
3.598
5.422
5.422
5.422
3.598
3.598
3.598
3.598
3.598
3.598
3.598
3.598
3.598
3.598
3.598
0.357
0.357
0.322
0.322
0.322
0.322
0.322
0.322
0.322
0.322
0.322
0.322
0.322
0.322
0.322
0.322
0.322
0.322
0.322
0.322
0.322
0.322
0.322
0.322
0.322
0.322
0.322
0.322
0.206
0.527
0.527
0.527
0.491
2.171
2.171
2.171
2.171
2.171
2.171
2.171
2.171
2.171
2.171
2.171
2.171
2.339
2.339
2.339
2.339
2.339
2.339
2.134
2.134
0.349
0.349
0.349
0.349
3.59
3.59
3.435
3.435
3.435
5.898
5.898
5.898
5.898
5.898
5.898
5.898
5.898
5.898
5.898
5.898
5.898
5.898
5.898
5.898
2.657
0.194
0.194
0.194
0.194
0.194
0.194
0.194
0.194
0.194
0.194
0.194
0.194
0.194
0.194
0.194
0.194
0.194
0.194
0.194
0.194
0.194
0.399
0.399
0.399
0.399
0.399
0.399
0.399
0.399
0.399
0.459
0.459
0.459
0.459
0.459
0.459
0.564
0.564
0.564
0.564
0.564
0.564
0.564
0.359
0.359
0.359
0.359
0.359
0.359
0.359
0.359
0.359
0.359
0.299
0.286
0.286
3.527
3.695
3.795
3.795
3.795
3.795
3.795
3.69
3.75
3.75
3.685
3.705
3.815
3.815
3.815
3.627
3.567
3.627
3.627
3.627
0.386
0.386
3.627
3.687
3.687
3.687
3.687
3.687
3.687
3.687
3.687
3.687
3.687
3.687
3.687
3.892
3.892
3.892
3.892
3.832
3.832
3.832
0.531
0.531
0.531
0.531
0.531
0.531
0.531
0.531
0.566
0.566
0.566
0.566
0.566
0.531
0.531
0.326
0.326
0.386
0.446
0.446
0.426
0.426
0.386
0.386
0.416
0.416
0.396
0.336
0.336
0.276
0.289
0.289
0.309
0.537
0.537
0.537
0.517
0.517
0.553
0.553
0.613
0.613
0.553
0.603
0.603
0.603
0.653
0.545
0.605
0.595
0.555
0.555
0.555
0.615
0.655
0.595
0.595
0.545
0.545
0.545
0.545
0.545
0.75
0.69
0.69
0.65
0.65
0.65
0.65
0.71
0.71
0.792
0.792
0.71
0.65
0.59
0.59
0.59
0.59
0.59
0.59
0.59
0.59
0.65
0.445
0.445
0.445
0.445
0.505
0.505
0.492
0.492
0.432
0.542
0.542
0.542
0.542
0.542
0.542
0.542
0.542
0.647
0.647
0.607
0.665
0.645
0.645
0.645
0.645
0.645
0.645
0.609
0.609
3.85
3.85
3.85
3.93
3.93
3.702
3.702
3.702
3.702
3.762
3.762
3.844
3.844
3.844
3.784
3.844
3.844
3.904
3.799
3.799
0.558
0.498
0.498
0.518
0.518
0.638
0.638
0.658
0.658
0.638
0.638
0.638
0.698
0.698
0.698
0.698
0.638
0.598
0.598
0.658
0.747
0.747
0.767
0.767
0.767
0.767
0.767
0.807
0.807
0.807
0.807
0.807
0.807
0.807
0.747
0.847
0.847
0.847
0.847
0.847
4.148
4.138
3.883
3.883
3.823
4.038
4.038
4.098
4.098
4.098
4.078
4.078
4.138
4.138
4.098
3.998
3.998
4.166
4.166
4.166
0.925
0.975
0.975
0.975
1.035
1.035
1.035
1.035
1.035
1.035
1.035
0.817
0.757
0.697
0.732
0.732
0.732
0.732
0.792
0.757
0.757
0.757
0.817
0.867
0.757
0.757
0.817
0.817
0.817
0.817
0.877
0.817
0.712
0.707
0.877
0.877
0.877
0.822
0.822
0.822
0.862
0.862
0.862
0.922
0.922
0.862
0.862
0.862
0.922
0.922
0.862
0.862
0.862
0.922
1.017
1.017
0.812
0.717
0.717
0.717
0.717
0.717
0.839
0.984
0.954
0.954
0.894
0.894
1.172
1.272
1.262
1.302
1.322
1.212
1.212
1.212
1.212
1.212
1.212
1.192
1.192
1.252
1.194
1.112
1.112
1.012
1.012
0.972
1.032
1.032
0.972
1.007
0.972
0.912
2.756
2.816
2.796
1.012
1.012
0.902
0.962
0.962
0.962
0.962
1.022
1.022
1.122
1.122
0.962
0.962
0.962
0.962
0.962
0.962
0.998
0.998
0.938
0.938
0.938
0.998
0.998
0.998
0.876
0.876
0.876
0.876
0.876
0.876
0.856
0.856
0.856
0.966
0.856
0.856
0.856
0.856
0.806
4.047
4.047
4.047
4.047
4.047
4.047
4.157
4.157
4.117
4.322
4.322
4.322
4.322
4.322
4.49
4.49
4.345
4.335
4.335
4.335
1.094
1.176
1.176
1.176
1.176
1.236
1.114
1.069
0.901
0.901
0.841
0.696
0.696
0.576
0.576
0.516
0.406
0.406
0.406
0.406
2.23
2.23
2.335
0.511
0.511
0.511
0.511
0.511
0.451
0.451
0.38
0.44
0.44
0.453
0.513
0.488
0.488
0.498
0.498
0.498
0.498
0.438
0.438
0.328
0.368
0.428
0.428
0.388
0.428
0.528
0.528
0.528
0.488
0.428
0.428
0.428
0.428
0.448
0.508
0.508
0.713
0.713
2.597
2.597
2.597
0.773
0.773
0.943
2.767
2.707
2.835
1.011
1.011
0.901
0.901
4.202
4.202
4.202
4.178
4.178
4.178
4.288
3.978
4.06
3.832
3.832
3.832
3.892
3.892
3.892
5.716
5.716
5.716
3.892
3.892
0.067
0.067
0.067
0.067
0.067
0.067
0.067
0.067
0.067
0.067
0.067
0.067
0.067
0.067
0.067
0.067
0.067
0.067
0.067
0.067
0.067
0.067
0.067
0.067
0.067
0.067
0.067
0.067
0.067
0.067
0.067
0.067
0.067
0.067
0.272
0.272
0.272
0.272
0.272
0.272
0.272
0.272
0.272
0.272
0.272
0.272
0.272
0.272
0.272
0.44
0.44
0.44
0.44
0.44
0.44
0.44
0.235
0.235
0.235
0.235
