0.068
0.068
0.068
0.068
0.068
0.068
0.068
0.068
0.068
0.068
0.068
0.068
0.068
0.068
0.058
0.058
0.058
0.058
0.058
0.058
0.058
0.058
0.058
0.058
0.058
0.058
0.058
0.058
0.058
0.058
0.058
0.058
0.058
0.058
0.058
0.058
0.058
0.058
0.058
0.058
0.058
0.058
0.058
0.058
0.068
0.068
0.068
0.068
0.068
0.208
0.208
0.208
0.208
0.208
0.208
0.208
0.208
0.208
0.208
0.208
0.208
0.208
0.208
0.208
0.208
0.208
0.208
0.208
0.208
0.068
0.068
0.068
0.068
0.068
0.068
0.068
0.068
0.068
0.068
0.068
0.068
0.068
0.068
0.068
0.068
0.068
0.068
0.068
0.068
0.068
0.068
0.068
0.068
0.068
0.068
0.068
0.068
0.068
0.068
0.068
0.068
0.068
0.068
0.068
0.068
0.068
0.068
0.068
0.068
0.068
0.068
0.068
0.068
0.068
0.068
0.068
0.068
0.068
0.068
0.068
0.068
0.068
0.208
0.208
0.208
0.208
0.208
0.208
0.208
0.208
0.208
0.208
0.208
0.208
0.208
0.208
0.208
0.208
0.208
0.208
0.208
0.208
0.068
0.068
0.068
0.068
0.068
0.068
0.068
0.068
0.068
0.068
0.068
0.068
0.068
0.068
0.068
0.068
0.068
0.068
0.068
0.068
0.068
0.068
0.068
0.068
0.068
0.068
0.068
0.068
0.068
0.068
0.068
0.068
0.068
0.068
0.068
0.068
0.068
0.068
0.068
0.068
0.068
0.068
0.068
0.068
0.208
0.208
0.208
0.208
0.208
0.208
0.208
0.208
0.208
0.208
0.208
0.208
0.208
0.208
0.208
0.208
0.208
0.208
0.208
0.208
0.068
0.068
0.068
0.068
0.068
0.068
0.068
0.068
0.068
0.068
0.068
0.068
0.068
0.068
0.068
0.068
0.068
0.068
0.068
0.068
0.068
0.068
0.068
0.068
0.068
0.068
0.068
0.068
0.068
0.068
0.068
0.068
0.068
0.068
0.068
0.068
0.068
0.068
0.068
0.068
0.068
0.068
0.068
0.068
0.068
0.068
0.068
0.068
0.068
0.068
0.068
0.068
0.068
0.068
0.068
0.068
0.068
0.068
0.068
0.068
0.068
0.068
0.068
0.068
0.068
0.068
0.208
0.208
0.208
0.208
0.208
0.208
0.208
0.208
0.208
0.208
0.208
0.208
0.208
0.208
0.208
0.208
0.208
0.208
0.208
0.208
0.068
0.068
0.068
0.068
0.068
0.068
0.068
0.068
0.068
0.068
0.068
0.068
0.068
0.068
0.068
0.068
0.068
0.068
0.068
0.068
0.068
0.068
0.068
0.068
0.068
0.068
0.068
0.068
0.068
0.068
0.068
0.068
0.068
0.068
0.068
0.068
0.068
0.068
0.068
0.068
0.068
0.208
0.208
0.208
0.208
0.208
0.208
0.208
0.208
0.208
0.208
0.208
0.208
0.208
0.208
0.208
0.208
0.208
0.208
0.208
0.208
0.068
0.068
0.068
0.068
0.068
0.068
0.068
0.068
0.068
0.068
0.068
0.068
0.068
0.068
0.068
0.068
0.068
0.068
0.068
0.068
0.068
0.068
0.068
0.068
0.068
0.068
0.068
0.068
0.068
0.068
0.068
0.068
0.068
0.068
0.068
0.068
0.068
0.066
0.066
0.066
0.066
0.126
0.126
0.126
0.126
0.186
0.186
0.226
0.126
0.126
0.226
0.226
0.226
0.226
0.226
0.226
0.266
0.266
0.238
0.238
0.226
0.226
0.238
0.278
0.278
0.218
0.218
0.218
0.218
0.218
0.268
0.268
0.268
0.268
0.228
0.408
0.408
0.408
0.408
0.408
0.408
0.408
0.368
0.408
0.498
0.498
0.486
0.486
0.573
0.513
0.573
0.573
0.633
0.585
0.685
0.573
0.573
0.573
0.413
0.413
0.413
0.533
0.593
2.46
2.46
2.46
0.593
0.566
0.566
0.526
0.526
0.526
0.586
0.586
0.466
0.466
0.466
0.506
0.566
0.566
0.626
0.626
0.626
0.626
0.626
0.626
0.626
0.566
0.566
0.58
0.58
0.58
0.62
0.62
0.62
0.62
0.58
0.72
0.72
0.82
0.78
0.72
0.72
0.72
0.72
0.72
0.72
0.72
0.72
0.72
0.67
0.67
0.77
0.83
0.89
9.014
8.914
0.068
0.068
0.068
0.068
0.068
0.068
0.068
0.068
0.068
0.068
0.068
0.068
0.068
0.068
0.068
0.068
0.068
0.068
0.068
0.068
0.068
0.068
0.068
0.068
0.068
0.068
0.068
0.068
0.068
0.068
0.068
0.068
0.068
0.068
0.068
0.068
0.068
0.068
0.068
0.068
8.334
0.21
0.21
0.21
0.12
0.12
0.12
0.12
0.12
0.26
0.26
0.26
0.26
0.26
0.26
0.26
0.26
0.26
0.26
0.26
0.26
0.26
0.26
0.26
0.26
0.26
0.32
0.32
0.26
0.12
0.12
0.12
0.106
0.106
0.106
0.106
0.106
0.106
2.033
2.033
2.033
0.066
0.066
0.066
0.066
0.066
0.066
0.066
0.066
0.066
0.066
0.066
0.066
0.066
0.066
0.066
0.066
0.066
0.066
0.066
0.066
0.066
0.066
0.066
0.066
0.106
0.106
0.106
0.106
0.106
0.106
0.106
0.106
0.106
0.106
0.246
0.246
0.246
0.246
0.206
0.22
0.22
0.22
0.22
0.22
0.22
0.22
0.22
0.22
0.22
0.22
0.22
0.22
0.22
0.22
0.08
0.08
0.08
0.08
0.08
0.08
0.08
0.08
0.08
0.08
0.08
0.08
0.08
0.08
0.08
0.096
0.096
0.096
0.096
0.096
0.096
0.096
0.096
0.096
0.096
0.096
0.096
0.096
0.096
0.096
0.096
0.096
0.096
0.096
0.096
0.096
0.096
0.096
0.096
0.096
0.096
0.096
0.096
0.096
0.096
0.082
0.082
0.082
0.082
0.082
0.082
0.082
0.082
0.082
0.082
0.082
0.082
0.082
0.082
0.082
0.082
0.082
0.082
0.082
0.082
0.423
0.423
0.423
0.423
0.082
8.233
8.233
8.233
0.109
0.249
0.249
0.249
0.249
0.249
0.249
0.249
0.249
0.249
0.249
0.249
0.249
0.289
0.289
0.273
0.273
0.273
0.273
0.273
0.273
0.106
0.106
0.106
0.106
0.106
0.106
0.106
0.106
0.447
0.447
0.447
0.479
0.138
0.138
0.138
0.138
0.138
0.138
0.138
0.138
0.138
0.138
0.138
0.138
0.138
0.138
0.138
0.138
0.138
0.138
0.138
0.138
0.178
2.105
2.105
2.105
0.178
0.178
0.178
0.178
0.178
0.178
0.178
0.178
0.178
0.228
0.178
0.178
0.178
0.178
0.318
0.318
0.318
0.318
0.318
0.318
0.318
0.318
0.318
0.318
0.318
0.33
0.33
0.449
0.449
0.449
0.539
0.539
0.527
0.527
0.387
0.387
0.387
0.387
0.387
0.728
0.728
0.728
0.609
0.268
0.268
0.268
0.228
0.328
0.296
0.296
0.296
0.296
0.206
0.206
0.206
0.206
0.206
0.206
0.206
0.206
0.206
0.206
0.206
0.206
0.166
0.226
0.166
0.166
0.166
0.166
0.166
0.166
0.166
0.166
0.166
0.166
0.166
0.166
0.166
0.306
0.306
0.306
0.306
0.306
0.306
0.306
0.306
0.306
0.306
0.306
0.306
0.306
0.306
0.306
0.306
0.306
0.306
0.306
0.306
0.166
0.166
0.166
0.166
0.166
0.166
0.068
0.068
0.068
0.068
0.068
0.068
0.068
0.068
0.068
0.068
0.068
0.068
0.068
0.068
0.068
0.068
0.068
0.068
0.068
0.068
0.068
0.068
0.068
0.068
0.068
0.068
0.068
0.068
0.068
0.068
0.068
0.068
0.068
0.068
0.068
0.068
0.068
0.068
0.068
0.068
0.126
0.126
0.266
0.266
0.278
0.278
0.278
0.278
0.338
0.338
0.208
0.208
0.208
0.208
0.208
0.208
0.208
0.208
0.208
0.208
0.208
0.208
0.068
0.068
0.068
0.068
0.068
0.068
0.068
0.068
0.068
0.068
0.068
0.068
0.068
0.068
0.068
0.068
0.068
0.068
0.066
0.126
0.066
0.135
0.066
0.066
0.186
0.126
0.126
0.126
0.166
0.166
0.166
0.166
0.166
0.166
0.226
0.266
0.326
0.376
0.328
0.418
0.418
0.418
0.418
0.418
0.418
0.418
0.418
0.328
0.328
0.328
0.328
0.342
2.437
2.437
2.437
2.477
2.427
2.427
2.427
2.487
2.487
2.487
2.387
2.387
2.387
2.447
2.387
2.456
0.361
0.361
0.361
0.361
0.312
0.312
0.312
0.312
0.452
0.512
0.602
0.602
0.602
0.618
0.618
0.618
0.63
0.63
0.69
0.69
0.69
0.69
0.69
0.69
0.69
0.73
0.73
0.73
0.59
0.59
0.53
0.63
0.63
0.63
0.53
0.45
0.45
0.49
0.49
1.429
1.429
1.429
0.49
0.576
0.736
0.736
0.736
0.736
0.736
0.736
0.736
0.736
0.696
0.736
0.736
0.776
0.776
0.776
0.736
0.736
0.736
0.736
0.736
0.736
0.79
0.79
0.79
0.73
0.77
0.97
1.869
1.809
1.809
0.93
0.93
0.93
0.91
0.878
0.878
0.938
0.938
0.918
0.918
0.918
0.878
0.937
0.921
0.981
0.981
0.841
0.841
0.841
0.881
0.881
0.881
0.881
9.005
9.037
9.037
0.913
0.929
0.929
0.929
0.929
0.889
0.889
0.889
0.889
0.789
0.789
0.63
0.63
0.63
0.63
0.63
0.53
0.53
0.53
0.44
0.46
0.4
0.4
0.4
0.44
0.486
0.446
0.446
0.386
0.386
0.386
0.386
0.436
0.496
0.496
0.496
0.496
0.656
0.556
0.556
0.556
0.556
0.556
0.556
0.556
0.825
0.765
0.884
0.884
0.884
0.884
0.884
0.764
0.764
0.824
0.824
0.824
0.824
0.824
0.824
0.924
0.924
0.924
0.924
1.114
0.874
0.874
0.874
0.874
0.784
0.784
0.752
0.692
0.692
0.676
0.676
0.636
0.696
0.586
0.652
0.652
0.602
0.602
0.602
0.602
0.602
0.602
0.602
0.602
0.642
0.63
0.63
0.69
0.69
0.69
0.69
0.69
0.69
0.69
0.69
0.63
0.63
0.69
0.78
0.78
0.69
0.69
0.69
0.63
0.57
0.72
0.63
0.63
0.57
0.57
0.57
0.65
0.65
0.65
0.65
0.65
0.71
0.71
0.71
0.71
0.71
0.71
0.71
0.71
0.71
0.684
0.734
0.734
0.734
1.135
1.135
0.995
0.995
0.594
0.594
0.554
0.586
0.586
0.586
0.586
0.586
0.586
0.586
0.526
0.526
0.526
0.526
0.51
0.61
0.61
0.61
0.61
0.61
0.55
0.61
0.782
0.87
0.87
0.87
0.87
0.87
0.93
0.93
0.946
0.958
0.958
0.958
1.018
1.018
1.078
1.078
1.078
1.078
1.078
1.018
0.958
0.958
0.958
0.958
1.018
1.058
1.058
1.138
1.138
1.009
0.835
2.876
3.006
3.006
3.006
3.006
3.006
3.066
3.026
3.026
3.026
3.086
3.155
2.995
2.995
2.995
2.926
2.786
2.786
2.786
2.846
0.805
0.805
0.805
0.773
0.773
0.873
0.873
0.873
0.902
0.833
0.933
0.933
0.933
0.933
0.933
0.933
0.933
0.933
0.933
0.933
0.933
0.933
0.847
0.907
0.847
0.847
0.847
0.847
0.847
0.847
0.771
0.771
0.771
0.771
0.783
0.783
0.923
0.923
0.923
0.923
0.833
0.893
0.893
0.983
0.983
0.983
0.971
0.971
0.971
0.971
0.971
0.971
0.911
0.821
0.781
0.781
0.641
0.701
0.761
0.761
0.777
0.777
0.777
0.777
0.717
0.717
0.717
0.717
0.717
0.717
1.058
1.118
1.118
1.218
0.817
0.657
0.677
0.557
0.557
0.557
0.557
0.557
0.583
0.705
0.705
0.765
0.765
0.805
0.805
0.805
0.805
0.805
0.805
0.805
0.805
0.805
0.805
0.805
0.805
0.805
0.765
0.765
0.635
0.635
0.695
0.695
0.735
0.735
0.695
0.835
0.835
0.875
0.915
0.875
0.875
0.875
0.875
0.835
0.735
0.735
