0.066
0.066
0.066
0.066
0.066
0.066
0.066
0.066
0.066
0.066
0.066
0.066
0.066
0.066
0.066
0.066
0.066
0.066
0.066
0.066
0.066
0.066
0.066
0.066
0.066
0.066
0.056
0.056
0.056
0.056
0.056
0.056
0.056
0.056
0.066
0.252
0.252
0.252
0.252
0.252
0.252
0.252
0.252
0.252
0.252
0.252
0.252
0.252
0.252
0.252
0.252
0.252
0.252
0.252
0.252
0.252
0.252
0.066
0.066
0.066
0.066
0.066
0.066
0.066
0.066
0.066
0.066
0.066
0.066
0.066
0.066
0.066
0.066
0.066
0.066
0.066
0.066
0.066
0.066
0.066
0.066
0.066
0.066
0.066
0.066
0.066
0.066
0.066
0.066
0.066
0.066
0.066
0.066
0.066
0.066
0.066
0.066
0.066
0.066
0.066
0.066
0.066
0.066
0.066
0.066
0.066
0.252
0.252
0.252
0.252
0.252
0.252
0.252
0.252
0.252
0.252
0.252
0.252
0.252
0.252
0.252
0.252
0.252
0.252
0.252
0.252
0.252
0.252
0.066
0.066
0.066
0.066
0.066
0.066
0.181
0.181
0.181
0.181
0.181
0.181
0.181
0.181
0.181
0.181
0.181
0.181
0.181
0.181
0.181
0.181
0.181
0.181
0.066
0.066
0.066
0.066
0.066
0.066
0.066
0.066
0.066
0.066
0.066
0.066
0.066
0.066
0.066
0.066
0.066
0.066
0.066
0.066
0.066
0.066
0.066
0.066
0.066
0.066
0.066
0.066
0.066
0.066
0.066
0.066
0.066
0.066
0.066
0.066
0.066
0.252
0.252
0.252
0.252
0.252
0.252
0.252
0.252
0.367
0.367
0.367
0.367
0.367
0.367
0.367
0.367
0.367
0.367
0.367
0.367
0.367
0.367
0.181
0.181
0.181
0.181
0.066
0.066
0.066
0.066
0.066
0.066
0.066
0.066
0.066
0.066
0.066
0.066
0.066
0.066
0.066
0.066
0.066
0.066
0.066
0.066
0.066
0.066
0.066
0.066
0.066
0.066
0.066
0.066
0.066
0.066
0.066
0.066
0.066
0.066
0.066
0.066
0.066
0.066
0.066
0.066
0.066
0.066
0.252
0.252
0.252
0.252
0.252
0.252
0.252
0.252
0.252
0.252
0.252
0.252
0.252
0.252
0.252
0.252
0.252
0.252
0.252
0.252
0.252
0.252
0.066
0.066
0.066
0.066
0.066
0.066
0.066
0.066
0.066
0.066
0.066
0.066
0.066
0.066
0.066
0.066
0.066
0.066
0.066
0.066
0.066
0.066
0.066
0.066
0.066
0.066
0.066
0.066
0.066
0.066
0.066
0.066
0.066
0.066
0.066
0.066
0.066
0.066
0.066
0.181
0.181
0.181
0.181
0.181
0.181
0.181
0.181
0.181
0.181
0.181
0.181
0.181
0.181
0.181
0.181
0.181
0.181
0.066
0.066
0.066
0.066
0.066
0.066
0.066
0.066
0.066
0.066
0.066
0.066
0.066
0.066
0.066
0.066
0.066
0.066
0.066
0.252
0.252
0.252
0.252
0.252
0.252
0.252
0.252
0.252
0.252
0.252
0.252
0.252
0.252
0.252
0.29
0.325
0.325
0.325
0.325
0.325
0.325
0.139
0.239
0.239
0.239
0.239
0.239
0.239
0.239
0.239
0.239
0.199
0.199
0.199
0.199
0.199
0.199
0.199
0.199
0.199
0.199
0.199
0.199
0.199
0.199
0.199
0.199
0.199
0.099
0.099
0.064
0.064
0.064
0.064
0.064
0.064
0.064
0.064
0.104
0.104
0.104
0.104
0.104
0.104
0.104
0.104
0.104
0.104
0.104
0.164
0.204
0.204
0.204
0.204
0.204
0.204
0.204
0.204
0.204
0.204
0.204
0.204
0.204
0.204
0.204
0.204
0.204
0.204
0.244
0.244
0.43
0.43
0.43
0.43
0.465
0.465
0.537
0.537
0.537
0.537
0.537
0.502
0.502
0.502
2.485
2.485
2.485
2.445
2.56
2.6
2.56
2.56
2.374
2.374
2.236
2.236
2.236
2.236
2.236
2.236
2.236
2.236
2.236
2.236
2.236
0.253
0.138
0.138
0.138
0.138
0.138
0.138
0.138
0.138
0.138
0.138
0.138
0.138
0.138
0.138
0.138
0.138
0.138
0.138
0.138
0.138
0.138
0.138
0.138
0.138
0.138
0.138
0.138
0.138
0.138
0.138
0.138
0.138
0.138
0.138
0.138
0.138
0.138
0.138
0.138
0.138
0.253
0.253
0.253
0.253
0.253
0.253
0.253
0.253
0.439
0.439
0.439
0.439
0.439
0.439
0.439
0.439
0.439
0.439
0.324
0.324
0.324
0.324
0.501
0.501
0.324
0.324
0.324
0.324
0.324
0.324
0.138
0.138
0.138
0.138
0.138
0.315
0.315
0.138
0.136
0.136
0.136
0.136
0.136
0.136
0.136
0.136
0.136
0.136
0.315
0.315
0.138
0.138
0.138
0.138
0.138
0.138
0.138
0.138
0.138
0.138
0.138
0.315
0.315
0.633
0.748
0.748
0.748
0.748
0.181
0.181
0.181
0.181
0.181
0.181
0.181
0.181
0.181
0.181
0.181
0.181
0.181
0.367
0.252
0.252
0.252
0.252
0.252
0.252
0.252
0.252
0.252
0.252
0.252
0.252
0.252
0.252
0.252
0.252
0.252
0.252
0.252
0.252
0.252
0.066
0.066
0.066
0.066
0.066
0.066
0.066
0.066
0.066
0.066
0.066
0.066
0.066
0.066
0.066
0.066
0.066
0.066
0.066
0.066
0.066
0.066
0.066
0.066
0.066
0.066
0.066
0.066
0.066
0.066
0.066
0.066
0.066
0.066
0.066
0.066
0.066
0.181
0.181
0.181
0.181
0.181
0.181
0.181
0.181
0.181
0.181
0.181
0.181
0.181
0.181
0.181
0.181
0.181
0.181
0.066
0.066
0.066
0.066
0.066
0.066
0.066
0.066
0.066
0.066
0.066
0.066
0.066
0.066
0.252
0.252
0.252
0.252
0.252
0.252
0.252
0.252
0.252
0.252
0.252
0.252
0.252
0.252
0.252
0.252
0.252
0.252
0.252
0.252
0.252
0.252
0.066
0.066
0.066
0.066
0.066
0.066
0.066
0.066
0.066
0.066
0.066
0.066
0.066
0.066
0.066
0.066
0.066
0.066
0.066
0.066
0.066
0.066
0.066
0.066
0.066
0.066
0.066
0.066
0.066
0.066
0.066
0.066
0.066
0.066
0.066
0.181
0.181
0.181
0.181
0.181
0.181
0.181
0.181
0.181
0.181
0.181
0.181
0.181
0.181
0.181
0.181
0.181
0.181
0.066
0.066
0.066
0.252
0.252
0.252
0.252
0.252
0.252
0.252
0.252
0.252
0.252
0.252
0.252
0.252
0.252
0.252
0.252
0.252
0.252
0.252
0.252
0.252
0.252
0.066
0.066
0.066
0.066
0.066
0.066
0.066
0.066
0.066
0.066
0.066
0.066
0.066
0.066
0.066
0.066
0.066
0.066
0.066
0.066
0.066
0.066
0.066
0.066
0.066
0.066
0.066
0.066
0.066
0.066
0.066
0.066
0.066
0.066
0.066
0.066
0.066
0.066
0.066
0.066
0.066
0.066
0.066
0.066
0.066
0.252
0.252
0.252
0.252
0.252
0.252
0.252
0.252
0.252
0.252
0.252
0.252
0.252
0.252
0.252
0.252
0.252
0.252
0.252
0.252
0.367
0.367
0.181
0.181
0.181
0.181
0.181
0.181
0.181
0.181
0.181
0.181
0.181
0.181
0.181
0.181
0.181
0.181
0.066
0.066
0.066
0.066
0.066
0.066
0.066
0.066
0.066
0.066
0.066
0.066
0.066
0.066
0.066
0.066
0.066
0.066
0.066
0.066
0.066
0.066
0.066
0.066
0.066
0.066
0.066
0.066
0.066
0.252
0.252
0.252
0.252
0.252
0.252
0.252
0.252
0.252
0.252
0.252
0.252
0.252
0.252
0.25
0.25
0.25
0.25
0.25
0.25
0.262
0.262
0.076
0.076
0.239
0.239
0.239
0.239
0.239
0.239
0.279
0.279
0.279
0.279
0.279
0.279
0.279
0.239
0.239
0.239
0.239
0.239
0.124
0.124
0.124
0.124
0.124
0.124
0.124
0.164
0.104
0.104
0.104
0.144
0.144
0.144
0.144
0.184
0.184
0.219
0.219
1.322
1.322
1.322
1.282
1.282
1.247
1.207
1.207
1.334
1.334
1.52
1.52
1.52
1.52
1.48
1.48
1.44
1.44
1.44
1.44
1.48
1.48
1.48
1.48
1.48
1.48
1.44
1.48
1.48
1.44
0.477
0.477
0.291
0.406
0.406
0.441
0.441
0.406
0.418
0.418
0.418
0.432
0.492
0.532
0.604
0.604
0.604
0.604
0.604
0.624
0.624
0.449
2.492
2.821
2.821
2.821
2.821
2.492
2.492
2.492
2.492
2.492
2.532
2.532
2.532
2.532
2.532
2.532
2.532
2.532
2.532
2.532
2.532
0.549
2.535
2.375
2.375
0.389
0.429
0.489
0.489
0.489
0.489
0.477
0.477
0.477
0.477
0.477
0.417
0.429
0.429
0.429
0.429
0.429
0.429
0.429
0.429
0.429
0.429
0.429
0.429
0.429
0.429
0.429
0.584
0.584
0.389
2.49
2.49
2.49
0.564
0.564
0.564
0.564
0.49
0.49
0.49
0.49
0.49
0.49
0.49
0.49
0.49
0.49
0.49
0.375
0.375
0.315
0.315
0.315
0.355
0.355
0.355
0.355
0.315
0.315
0.492
0.492
0.315
0.315
0.315
0.315
0.315
0.329
0.329
0.515
0.515
0.555
0.555
0.72
0.72
0.543
0.543
0.543
0.603
0.503
0.503
0.503
0.503
0.503
0.503
0.503
0.832
0.832
0.595
0.595
0.595
0.449
0.449
0.449
0.564
0.564
0.564
0.253
0.253
0.43
0.43
0.748
0.748
0.748
0.748
0.748
0.181
0.181
0.181
0.181
0.181
0.181
0.066
0.066
0.066
0.066
0.066
0.066
0.066
0.066
0.066
0.066
0.066
0.066
0.066
0.066
0.066
0.066
0.066
0.066
0.066
0.066
0.066
0.066
0.066
0.066
0.066
0.066
0.066
0.066
0.066
0.066
0.066
0.066
0.252
0.252
0.252
0.252
0.252
0.252
0.252
0.252
0.252
0.252
0.252
0.252
0.252
0.252
0.252
0.252
0.252
0.252
0.252
0.252
0.252
0.252
0.066
0.066
0.066
0.066
0.066
0.066
0.066
0.066
0.066
0.066
0.066
0.066
0.066
0.066
0.066
0.066
0.066
0.066
0.066
0.066
0.066
0.066
0.066
0.066
0.066
0.066
0.066
0.066
0.066
0.066
0.066
0.066
0.066
0.066
0.066
0.066
0.066
0.066
0.066
0.066
0.066
0.066
0.066
0.066
0.181
0.181
0.181
0.181
0.181
0.181
0.181
0.181
0.181
0.181
0.181
0.181
0.181
0.181
0.367
0.367
0.367
0.638
0.523
0.523
0.523
0.523
0.523
0.523
0.523
0.535
0.535
0.535
0.535
0.535
0.535
0.535
0.495
0.495
0.495
0.495
0.309
0.309
0.309
0.309
0.409
0.509
0.509
0.509
0.509
0.509
0.509
0.409
0.409
0.444
0.444
0.409
0.409
0.409
0.709
0.709
0.824
0.824
0.824
0.824
0.89
0.89
0.93
0.89
0.95
0.95
0.846
0.906
0.886
0.886
0.886
0.886
0.846
0.846
0.731
0.731
0.731
0.431
0.431
0.431
0.431
0.391
0.391
0.391
0.391
0.391
0.391
0.391
0.391
0.431
0.431
0.391
0.391
0.391
0.391
0.391
0.403
0.403
0.403
0.403
0.403
0.443
0.443
0.443
0.629
0.629
0.689
0.689
2.675
2.675
2.715
0.689
0.689
0.629
0.629
0.629
0.589
0.589
0.589
0.589
0.589
0.589
0.589
0.549
0.549
0.549
0.363
0.363
0.363
0.363
0.363
0.423
0.423
0.423
0.423
0.423
0.423
0.483
0.523
0.523
0.523
0.598
0.658
0.623
0.623
0.623
0.623
0.623
0.623
0.623
0.738
0.638
0.511
0.511
0.511
0.511
0.706
0.706
0.706
0.706
0.706
0.706
0.706
0.706
0.706
0.706
0.706
0.181
0.066
0.066
0.066
0.066
0.066
0.066
0.066
0.252
0.252
0.252
0.252
0.252
0.252
0.252
0.252
0.252
0.252
0.252
0.252
