0.059
0.059
0.059
0.059
0.059
0.059
0.059
0.059
0.059
0.059
0.059
0.059
0.059
0.059
0.059
0.059
0.059
0.059
0.059
0.059
0.059
0.059
0.059
0.059
0.059
0.059
0.059
0.059
0.059
0.069
0.069
0.069
0.069
0.069
0.069
0.069
0.069
0.069
0.069
0.069
0.069
0.069
0.069
0.069
0.069
0.069
0.069
0.069
0.069
0.069
0.069
0.069
0.069
0.069
0.069
0.069
0.069
0.069
0.069
0.069
0.069
0.069
0.069
0.069
0.069
0.069
0.069
0.069
0.069
0.069
0.069
0.069
0.069
0.069
0.069
0.069
0.069
0.069
0.069
0.069
0.069
0.069
0.069
0.069
0.069
0.069
0.069
0.069
0.069
0.069
0.069
0.069
0.069
0.069
0.069
0.069
0.069
0.069
0.069
0.069
0.069
0.069
0.069
0.069
0.069
0.069
0.069
0.069
0.069
0.069
0.069
0.069
0.069
0.069
0.069
0.234
0.234
0.234
0.234
0.234
0.234
0.234
0.234
0.234
0.234
0.234
0.234
0.234
0.234
0.069
0.069
0.069
0.069
0.069
0.069
0.069
0.069
0.069
0.069
0.069
0.069
0.069
0.069
0.069
0.069
0.069
0.069
0.069
0.069
0.069
0.069
0.069
0.069
0.069
0.069
0.069
0.069
0.069
0.069
0.069
0.069
0.069
0.069
0.069
0.069
0.069
0.069
0.069
0.069
0.069
0.069
0.069
0.069
0.069
0.069
0.069
0.069
0.069
0.069
0.069
0.069
0.069
0.069
0.069
0.069
0.069
0.069
0.069
0.069
0.069
0.069
0.069
0.069
0.069
0.069
0.069
0.069
0.069
0.069
0.069
0.069
0.069
0.069
0.069
0.069
0.069
0.069
0.069
0.069
0.069
0.069
0.069
0.069
0.069
0.069
0.069
0.069
0.069
0.069
0.069
0.069
0.069
0.234
0.234
0.234
0.234
0.234
0.234
0.234
0.234
0.234
0.234
0.234
0.234
0.234
0.234
0.069
0.069
0.069
0.069
0.069
0.069
0.069
0.069
0.069
0.069
0.069
0.069
0.069
0.069
0.069
0.069
0.069
0.069
0.069
0.069
0.069
0.069
0.069
0.069
0.069
0.069
0.069
0.069
0.069
0.069
0.069
0.069
0.069
0.069
0.069
0.069
0.069
0.069
0.069
0.069
0.069
0.069
0.069
0.069
0.069
0.069
0.069
0.069
0.069
0.069
0.069
0.069
0.069
0.069
0.069
0.069
0.069
0.069
0.069
0.069
0.069
0.069
0.069
0.069
0.069
0.069
0.069
0.069
0.069
0.069
0.069
0.069
0.069
0.069
0.069
0.069
0.069
0.069
0.069
0.234
0.234
0.234
0.234
0.234
0.234
0.234
0.234
0.234
0.234
0.234
0.234
0.234
0.234
0.069
0.069
0.069
0.069
0.069
0.069
0.069
0.069
0.069
0.069
0.069
0.069
0.069
0.069
0.069
0.069
0.069
0.069
0.069
0.069
0.069
0.069
0.069
0.069
0.069
0.069
0.069
0.069
0.069
0.069
0.069
0.069
0.069
0.069
0.069
0.069
0.069
0.069
0.069
0.069
0.069
0.069
0.069
0.069
0.069
0.069
0.069
0.069
0.069
0.069
0.069
0.069
0.069
0.069
0.069
0.069
0.069
0.069
0.069
0.069
0.234
0.234
0.234
0.234
0.234
0.234
0.234
0.234
0.234
0.234
0.234
0.234
0.234
0.234
0.069
0.069
0.069
0.069
0.069
0.069
0.069
0.069
0.069
0.069
0.069
0.069
0.069
0.069
0.069
0.069
0.069
0.067
0.067
0.067
0.067
0.067
0.067
0.127
0.067
0.067
0.067
0.067
0.067
0.067
0.067
0.067
0.067
0.067
0.067
0.067
0.067
0.067
0.067
0.067
0.067
0.067
0.067
0.419
0.479
0.579
0.579
0.227
0.287
0.227
0.227
0.227
0.227
0.267
0.367
0.367
0.367
0.367
0.307
0.307
0.207
0.207
0.207
0.187
0.267
0.227
0.332
0.332
0.312
0.372
0.412
0.372
0.372
0.372
0.332
0.332
0.332
0.332
0.332
0.332
0.167
0.167
0.267
0.327
0.287
0.287
0.227
0.287
0.287
0.287
0.287
0.287
0.287
0.287
0.287
0.287
0.287
0.287
0.227
0.227
0.287
0.227
0.267
0.367
0.367
0.367
0.367
0.367
0.367
0.367
0.367
0.367
0.367
0.367
0.367
0.367
0.367
0.367
0.367
0.367
0.367
0.367
0.367
0.367
0.367
0.367
0.367
0.367
0.367
0.367
0.367
2.391
2.391
2.391
0.367
0.367
0.367
0.367
0.367
0.367
0.367
0.367
0.367
0.367
0.367
0.367
0.367
0.367
0.402
0.402
0.402
0.402
0.402
0.402
0.402
0.402
0.402
0.402
0.402
0.402
0.402
0.402
0.402
0.567
0.467
0.467
0.467
0.427
0.427
0.367
0.367
0.367
0.367
0.367
2.391
2.391
2.391
0.202
0.202
0.202
0.202
0.202
0.202
0.202
0.202
0.202
0.262
0.362
0.362
0.262
0.262
0.262
0.262
0.262
0.227
0.227
0.227
0.227
0.227
0.227
0.227
0.227
0.227
0.227
0.227
0.227
0.227
0.287
1.414
1.354
1.354
0.227
0.227
0.227
0.227
0.227
0.227
0.227
0.258
0.258
0.198
0.198
0.198
0.198
0.158
0.158
0.158
0.158
0.158
0.158
0.158
0.158
0.158
0.158
0.158
0.323
0.323
0.323
0.323
0.323
0.323
0.323
0.323
0.323
0.323
0.323
0.323
0.323
0.323
0.158
0.158
0.158
0.158
0.158
2.182
2.182
2.182
0.158
0.158
0.158
0.158
0.158
0.158
0.158
0.158
0.158
0.158
0.158
0.158
0.098
0.098
0.098
0.138
0.138
2.202
2.202
2.202
0.178
0.178
0.178
0.178
0.178
0.178
0.178
0.178
0.178
0.178
0.138
0.138
0.138
0.138
0.107
0.107
0.107
0.107
0.107
0.107
0.107
2.547
2.547
2.547
2.547
2.547
2.547
2.547
2.547
2.743
12.621
12.621
12.621
2.743
2.743
2.743
2.743
2.743
2.743
2.743
2.743
4.977
4.977
4.812
4.812
4.812
4.812
4.812
4.812
4.812
4.812
4.935
4.935
4.935
4.935
4.935
4.935
4.935
4.935
4.935
4.935
2.701
2.701
2.578
2.578
2.578
2.711
2.711
4.945
4.945
4.945
4.945
4.812
4.812
4.812
4.945
4.945
4.945
4.945
4.945
4.945
2.505
2.505
2.505
2.505
2.505
2.505
2.505
0.271
0.271
0.771
0.831
0.831
0.831
0.831
0.831
0.831
0.771
0.771
0.771
0.771
0.771
0.74
0.74
0.74
0.905
0.905
1.005
1.005
1.005
1.005
1.005
1.036
1.036
1.036
1.036
1.096
1.096
1.096
0.931
0.931
0.931
0.931
0.931
0.931
0.931
0.931
0.931
0.931
0.931
0.931
0.931
0.931
0.931
0.931
0.931
0.931
0.871
0.871
0.871
0.871
0.871
0.871
0.871
0.871
0.871
0.994
0.994
0.994
0.994
0.994
0.994
1.094
3.118
3.118
3.118
1.094
1.054
1.054
1.054
0.554
0.554
0.594
0.594
0.421
0.421
0.421
0.421
0.421
0.421
0.421
0.491
0.491
0.491
0.421
0.421
0.421
0.586
0.526
0.526
0.526
0.526
0.526
0.526
0.526
0.495
0.495
0.495
0.495
0.495
0.495
0.23
0.23
0.23
0.23
0.23
0.23
2.254
2.131
2.131
0.107
0.107
0.107
0.107
0.107
0.107
0.107
0.107
0.107
0.107
0.107
0.107
0.107
0.107
0.107
0.107
0.107
0.107
0.167
0.167
0.327
0.327
0.327
0.327
0.327
0.387
0.287
0.287
0.287
0.287
0.287
0.287
0.287
0.287
0.287
0.287
0.287
0.287
0.227
0.227
0.227
0.227
0.227
0.227
0.227
0.227
0.227
0.227
0.287
0.287
0.287
0.287
0.227
0.227
0.258
0.258
0.423
0.423
0.423
0.923
0.923
0.923
0.923
0.923
1.335
1.375
1.375
1.375
0.983
0.983
0.818
0.718
0.851
0.851
0.851
0.851
0.851
0.851
0.851
0.851
0.851
0.851
0.851
0.851
0.851
0.851
0.851
0.851
0.851
0.891
0.931
0.931
0.891
0.891
0.891
0.891
0.891
0.851
0.851
0.851
0.951
0.951
0.951
0.951
0.951
0.951
0.951
0.951
0.951
0.951
0.951
0.991
0.991
0.991
0.858
0.858
0.858
0.858
0.858
0.858
0.858
0.858
0.858
0.858
0.758
0.758
0.758
0.767
0.9
0.9
0.727
0.741
0.741
0.741
0.781
0.781
0.812
0.935
0.935
0.995
1.16
1.16
1.16
1.12
1.12
1.12
1.22
1.22
1.255
1.255
1.22
1.22
1.22
1.22
1.055
1.055
1.095
1.055
1.055
2.513
2.513
2.513
2.553
2.553
2.553
2.553
2.553
2.553
2.553
2.513
2.533
2.533
2.533
2.41
2.35
2.25
2.25
2.31
2.31
2.443
2.483
2.423
2.423
2.423
2.423
2.463
2.523
2.523
2.523
2.523
2.523
2.523
2.523
2.463
2.463
2.463
2.423
2.443
2.443
2.423
2.423
2.546
2.546
2.546
2.472
2.864
2.864
2.864
2.864
2.541
2.541
2.541
2.481
3.608
3.668
3.668
2.541
2.541
2.576
1.218
1.218
1.278
1.443
1.443
1.443
1.443
1.343
1.343
1.343
1.343
1.443
1.403
1.403
1.303
1.403
1.403
1.238
1.203
2.33
1.97
1.97
0.843
0.878
0.843
0.843
0.843
0.843
0.843
0.843
0.843
0.843
0.843
0.843
0.843
0.843
0.843
0.843
0.843
0.803
0.803
0.803
0.803
0.803
0.803
0.803
0.763
0.663
0.663
0.663
0.53
0.53
0.561
0.561
0.561
0.601
0.601
0.601
0.601
0.601
0.601
0.601
0.601
0.834
0.734
0.734
0.734
0.734
0.769
0.769
0.769
0.769
0.646
0.646
0.646
2.769
2.769
2.769
2.899
2.899
2.839
2.859
2.959
2.939
2.779
3.279
3.279
3.279
3.279
3.279
3.279
3.279
3.114
3.114
3.114
3.114
3.114
3.154
3.154
3.254
3.254
3.254
1.131
1.131
1.131
1.131
1.131
1.131
1.145
1.145
1.145
1.145
1.145
1.145
1.185
1.245
1.245
0.645
0.645
0.645
0.645
0.665
0.665
0.665
0.665
0.634
0.674
0.674
0.594
0.594
0.554
0.585
0.645
0.68
0.68
0.62
0.585
0.525
0.525
0.525
0.525
0.565
0.605
0.605
0.605
0.605
0.705
0.705
0.828
0.655
0.655
0.555
0.555
0.555
0.555
0.555
2.579
2.579
2.579
0.432
0.432
0.392
0.392
0.392
0.332
0.332
0.392
0.392
0.497
0.497
0.557
0.557
0.557
0.68
0.813
0.813
0.813
0.848
0.813
0.813
0.813
0.799
0.669
0.669
0.669
0.669
0.669
0.669
0.669
0.634
0.574
0.674
0.648
0.708
0.803
0.743
0.743
0.708
0.768
0.768
0.768
0.768
0.768
0.768
0.697
0.697
0.677
0.677
0.677
0.677
0.677
0.677
0.677
0.677
0.657
0.597
0.637
0.637
0.637
0.617
0.617
0.577
0.454
0.454
0.414
0.414
0.414
0.914
0.914
0.914
0.914
0.414
0.414
0.374
0.374
0.414
0.374
0.374
0.374
0.414
0.414
0.414
0.454
0.454
0.854
1.019
1.019
1.019
0.519
0.559
0.559
0.559
0.559
0.559
0.559
0.559
0.559
2.583
2.583
2.478
0.491
0.591
0.591
0.591
0.591
0.577
0.577
0.577
0.637
2.661
2.661
2.661
0.697
0.637
0.637
0.597
0.597
0.597
0.557
0.551
0.551
0.551
0.551
0.511
0.511
0.511
0.571
0.631
0.631
0.571
0.571
0.534
0.534
0.594
0.654
0.654
0.654
0.654
0.654
0.654
0.654
0.654
0.654
0.534
0.534
0.534
0.534
0.534
0.534
0.534
0.534
0.534
0.534
0.534
0.534
0.534
0.534
0.534
0.657
0.617
0.617
0.617
0.648
0.648
0.688
0.688
0.688
0.688
0.648
0.813
0.873
0.234
0.234
0.234
0.234
0.234
0.234
0.234
0.234
0.234
0.224
