0.077
0.077
0.077
0.077
0.077
0.077
0.077
0.067
0.067
0.067
0.067
0.067
0.067
0.067
0.067
0.067
0.067
0.067
0.067
0.067
0.067
0.067
0.067
0.067
0.067
0.067
0.067
0.067
0.067
0.067
0.067
0.067
0.067
0.067
0.067
0.067
0.067
0.077
0.077
0.077
0.077
0.077
0.077
0.077
0.077
0.077
0.077
0.077
0.077
0.077
0.077
0.077
0.077
0.077
0.077
0.077
0.077
0.077
0.077
0.077
0.077
0.077
0.077
0.077
0.077
0.077
0.077
0.077
0.077
0.077
0.077
0.077
0.077
0.077
0.077
0.077
0.077
0.077
0.077
0.077
0.077
0.077
0.077
0.077
0.077
0.077
0.077
0.077
0.077
0.077
0.077
0.077
0.077
0.077
0.278
0.278
0.278
0.278
0.278
0.278
0.278
0.278
0.49
0.49
0.49
0.49
0.49
0.49
0.289
0.462
0.462
0.462
0.462
0.462
0.462
0.462
0.462
0.462
0.462
0.462
0.462
0.462
0.462
0.462
0.25
0.25
0.25
0.25
0.25
0.077
0.077
0.077
0.077
0.077
0.077
0.077
0.077
0.077
0.077
0.077
0.077
0.077
0.077
0.077
0.077
0.077
0.077
0.077
0.077
0.077
0.077
0.077
0.077
0.077
0.077
0.077
0.077
0.077
0.077
0.077
0.077
0.077
0.077
0.077
0.077
0.077
0.077
0.077
0.077
0.077
0.077
0.077
0.077
0.077
0.077
0.077
0.077
0.077
0.077
0.289
0.289
0.289
0.289
0.289
0.462
0.462
0.462
0.462
0.462
0.462
0.462
0.462
0.462
0.462
0.462
0.462
0.462
0.462
0.462
0.462
0.462
0.25
0.25
0.25
0.077
0.077
0.077
0.278
0.278
0.278
0.278
0.278
0.278
0.278
0.278
0.278
0.278
0.278
0.278
0.278
0.278
0.077
0.077
0.077
0.077
0.077
0.077
0.077
0.077
0.077
0.077
0.077
0.077
0.077
0.077
0.077
0.077
0.077
0.077
0.077
0.077
0.077
0.077
0.077
0.077
0.077
0.077
0.077
0.077
0.077
0.077
0.077
0.077
0.077
0.077
0.077
0.077
0.077
0.077
0.289
0.289
0.289
0.289
0.289
0.462
0.462
0.462
0.462
0.462
0.462
0.462
0.462
0.462
0.462
0.462
0.462
0.462
0.462
0.462
0.462
0.462
0.25
0.25
0.25
0.077
0.077
0.077
0.077
0.077
0.077
0.077
0.077
0.077
0.077
0.077
0.077
0.077
0.077
0.077
0.077
0.077
0.077
0.077
0.077
0.077
0.077
0.077
0.077
0.077
0.077
0.077
0.077
0.077
0.077
0.077
0.077
0.077
0.077
0.077
0.077
0.077
0.077
0.077
0.077
0.077
0.077
0.077
0.077
0.077
0.077
0.077
0.077
0.077
0.077
0.077
0.077
0.077
0.077
0.077
0.289
0.289
0.289
0.289
0.289
0.289
0.289
0.289
0.289
0.289
0.289
0.289
0.289
0.289
0.289
0.289
0.289
0.289
0.49
0.49
0.49
0.49
0.278
0.278
0.278
0.278
0.278
0.451
0.451
0.451
0.451
0.451
0.25
0.25
0.25
0.25
0.25
0.25
0.25
0.25
0.25
0.25
0.25
0.25
0.25
0.25
0.25
0.077
0.077
0.077
0.077
0.075
0.075
0.075
0.135
0.135
0.075
0.075
0.135
0.19
0.19
0.19
0.19
0.19
0.19
0.19
0.19
0.19
0.19
0.23
0.23
0.19
0.19
0.19
0.19
0.19
0.19
0.19
0.19
1.178
1.178
1.178
0.19
0.15
0.15
0.15
0.15
0.15
0.363
0.323
0.323
0.323
0.323
0.651
0.852
0.852
0.852
0.584
0.524
0.524
0.524
0.524
0.524
0.524
0.524
0.524
0.524
0.524
0.15
0.362
0.362
0.362
0.362
0.362
0.362
0.382
0.482
0.482
0.482
0.542
0.542
0.542
0.582
0.522
0.522
0.482
0.462
0.462
0.462
0.482
0.482
0.17
0.155
0.167
0.227
0.227
0.227
0.227
0.227
0.287
0.287
0.287
0.287
0.267
0.267
0.267
0.207
0.207
0.207
0.307
0.307
0.48
0.51
0.51
0.51
0.41
0.51
0.53
0.53
0.53
0.53
0.53
0.53
0.53
0.53
0.53
0.53
0.53
0.53
0.53
0.51
0.397
0.397
0.397
0.397
0.397
0.609
0.549
0.75
0.75
0.75
0.75
0.75
0.72
0.72
0.72
0.72
0.72
0.72
0.72
0.72
0.72
0.519
0.507
0.507
0.567
0.567
0.567
0.355
0.37
0.37
0.31
0.31
0.31
0.37
0.37
0.37
0.33
0.33
0.33
0.33
0.33
0.33
0.33
0.503
0.503
0.503
0.503
0.503
0.503
0.503
0.503
9.875
9.875
9.875
0.503
0.503
0.503
0.503
0.503
0.503
0.503
0.503
0.503
0.33
0.33
0.33
0.33
0.33
0.33
0.33
0.473
0.473
0.473
0.473
0.473
0.473
0.473
0.473
0.473
0.674
0.674
0.674
0.674
0.674
0.674
0.614
0.614
0.614
0.614
0.614
0.614
0.614
0.614
0.413
0.413
0.413
0.413
0.413
0.413
0.413
0.413
0.398
2.219
2.219
2.219
0.458
1.446
1.619
1.619
0.631
0.631
0.631
0.611
0.611
0.611
0.511
0.511
0.511
0.511
0.511
0.511
0.451
0.451
0.451
0.451
0.663
0.663
0.49
0.49
0.49
0.49
0.49
0.49
0.49
0.49
0.49
0.49
0.49
0.49
0.49
0.49
0.49
0.43
0.43
0.43
0.43
0.43
0.218
0.278
0.278
0.278
0.278
0.278
0.278
0.278
0.278
1.266
1.266
1.338
0.35
0.41
2.231
2.231
2.231
0.51
0.51
2.493
2.493
2.694
2.634
2.634
2.634
2.634
2.634
2.634
2.634
2.634
2.707
2.707
2.707
2.823
2.823
2.622
2.622
2.622
2.622
2.622
0.639
0.639
0.639
0.639
0.639
0.639
0.639
0.639
0.639
0.639
0.466
0.466
0.466
0.466
0.466
0.466
0.466
0.466
0.466
0.323
0.323
0.323
0.323
0.323
0.323
0.323
0.323
0.323
0.323
0.323
0.323
0.323
0.323
0.323
0.323
0.323
0.323
0.323
0.323
0.323
0.323
0.323
0.323
0.207
0.207
0.207
0.207
0.207
0.419
0.419
0.419
0.419
0.419
0.62
0.62
0.62
0.62
0.62
0.62
0.62
0.62
0.62
0.62
0.797
0.797
0.62
0.62
0.419
0.543
0.543
0.504
0.504
0.504
0.504
0.504
0.504
0.681
0.681
0.504
0.504
0.564
0.624
0.504
0.504
0.504
0.504
0.504
0.504
0.504
0.681
0.508
0.331
0.331
0.331
0.331
0.331
0.331
0.331
0.331
0.331
0.331
0.331
0.508
0.508
0.826
0.826
0.826
0.826
0.826
0.274
0.274
0.274
2.095
2.195
2.195
0.374
0.374
0.374
0.374
0.374
0.374
0.374
0.374
0.575
0.575
0.575
0.575
0.575
0.575
0.718
0.575
0.575
0.575
0.748
0.775
0.775
0.675
0.474
0.474
0.474
0.474
0.474
0.474
0.494
0.494
0.494
0.494
0.494
0.494
0.494
0.494
0.706
0.706
0.649
0.649
0.533
2.354
2.354
2.354
0.533
0.533
0.533
0.533
0.533
0.533
0.533
0.533
0.533
0.533
0.533
0.533
0.533
0.533
0.321
0.321
0.321
0.321
0.321
0.321
0.321
2.142
2.142
2.127
0.306
0.306
0.306
0.306
0.306
0.306
0.306
0.306
0.306
0.306
0.306
0.306
0.286
0.286
0.286
0.286
0.286
0.286
0.286
0.286
0.487
0.487
0.587
0.587
0.56
0.56
0.56
0.46
0.46
0.46
0.46
0.46
0.46
0.4
0.199
0.199
0.226
0.226
0.226
0.358
0.238
0.381
0.481
0.481
0.481
0.481
0.381
0.381
0.381
0.401
0.401
0.574
0.574
0.574
0.574
0.574
0.574
0.574
0.574
0.574
0.574
0.574
0.574
0.574
0.634
0.634
0.634
0.634
0.431
0.471
0.471
0.298
0.51
0.778
0.778
0.921
0.921
0.653
0.665
0.665
0.665
0.665
0.665
0.665
0.665
0.665
0.665
0.665
0.653
0.653
0.713
0.713
0.713
0.713
0.501
0.501
0.702
0.702
0.702
0.69
0.69
0.69
0.69
0.69
0.69
0.69
0.69
0.69
0.69
0.663
0.462
0.462
0.462
0.489
0.489
0.489
0.504
0.504
0.504
0.677
0.677
0.677
0.677
0.677
0.677
0.677
0.677
0.677
0.677
0.677
0.677
0.677
2.498
2.498
2.498
0.677
0.677
0.677
0.677
0.504
0.504
0.464
0.464
0.464
0.464
0.464
0.464
0.464
0.676
0.676
0.616
0.656
0.656
0.656
0.656
0.656
0.716
0.716
0.716
0.832
0.832
0.832
0.832
0.772
0.872
0.872
0.872
0.872
0.872
0.872
0.66
0.66
0.66
0.66
0.66
0.556
0.544
0.544
0.544
0.544
0.745
0.745
0.745
0.745
0.745
0.621
0.594
0.494
0.521
0.506
0.506
0.506
0.506
0.506
0.317
0.332
0.332
0.332
0.332
0.332
0.332
0.332
0.332
0.332
0.332
0.392
0.392
0.392
0.452
0.452
0.392
0.392
0.392
0.392
0.392
0.392
0.392
0.392
0.392
0.392
0.392
0.392
0.392
0.392
0.392
0.392
0.392
0.508
0.66
0.66
1.648
1.648
1.648
0.66
0.66
0.66
0.66
0.66
0.66
0.66
0.76
0.66
0.66
0.833
0.833
0.833
0.833
0.833
0.893
0.893
0.681
0.882
0.882
0.882
0.81
0.87
0.727
0.727
0.727
0.727
0.787
0.76
0.76
0.587
0.587
0.386
0.529
0.529
0.514
0.514
0.514
0.514
0.514
0.494
0.494
0.494
0.514
0.509
0.509
0.509
0.569
0.581
0.581
0.521
0.521
0.378
0.378
0.378
0.378
0.318
0.358
0.358
0.358
0.358
0.346
0.406
0.406
0.406
0.406
0.406
0.366
0.722
0.722
0.722
0.835
0.835
0.835
0.835
0.835
0.835
0.835
0.855
0.855
0.855
0.855
0.855
0.855
0.855
2.539
2.539
2.539
2.539
2.807
2.595
2.422
2.422
2.154
2.154
2.154
2.194
2.194
2.194
2.206
2.206
2.206
2.206
2.206
2.166
2.166
2.166
2.309
2.309
2.309
2.51
2.51
0.826
0.826
0.826
0.826
0.826
0.811
0.811
0.811
0.811
0.811
0.811
0.811
0.637
0.521
0.521
0.521
0.521
0.661
0.661
0.661
0.777
0.737
0.737
0.949
0.949
0.949
0.949
0.949
0.949
0.949
0.949
0.949
0.949
0.949
0.949
0.949
0.949
0.949
0.949
0.949
0.949
0.949
0.949
0.889
0.889
0.85
0.85
0.85
0.85
0.838
0.838
0.838
0.853
0.853
0.853
0.853
0.853
0.893
0.853
0.853
0.913
0.913
0.913
0.913
0.913
0.74
0.74
0.74
0.74
0.74
0.74
0.74
0.74
0.74
0.74
0.941
0.941
0.941
0.941
0.941
0.941
0.941
0.941
0.941
0.953
0.926
0.926
0.926
0.783
0.794
0.794
0.794
0.794
0.794
0.794
0.794
0.794
0.694
0.634
0.694
0.634
0.634
0.634
0.574
0.574
0.574
0.574
0.574
0.574
0.747
0.747
0.535
0.535
0.595
0.535
0.562
0.562
0.562
0.562
0.562
0.622
0.622
0.622
0.622
0.622
0.607
0.607
0.607
0.607
0.434
0.434
0.434
0.434
0.434
0.592
0.592
0.592
0.592
0.592
0.592
0.592
0.592
0.592
0.592
0.592
0.592
0.592
0.592
0.592
0.592
0.592
0.652
0.652
0.652
0.652
0.652
0.652
0.692
0.692
1.205
1.205
1.205
1.205
1.145
1.145
1.125
1.125
1.125
1.125
1.125
1.125
1.125
1.185
0.841
0.841
0.841
0.841
0.841
0.841
0.841
0.841
0.629
0.629
0.629
0.629
0.629
0.629
0.629
0.602
0.602
0.602
0.602
0.602
0.602
0.602
0.702
0.702
0.702
0.702
0.702
0.586
0.486
0.602
0.602
0.602
0.602
0.602
0.587
0.587
0.587
0.843
0.843
0.843
1.203
1.203
