0.066
0.066
0.066
0.066
0.066
0.066
0.066
0.066
0.066
0.066
0.066
0.066
0.066
0.066
0.066
0.066
0.066
0.066
0.066
0.066
0.066
0.066
0.066
0.066
0.066
0.066
0.066
0.066
0.066
0.066
0.066
0.066
0.066
0.066
0.066
0.066
0.066
0.066
0.066
0.066
0.066
0.066
0.066
0.066
0.066
0.066
0.066
0.066
0.066
0.066
0.066
0.066
0.066
0.066
0.066
0.066
0.066
0.066
0.066
0.066
0.066
0.066
0.066
0.066
0.066
0.066
0.066
0.066
0.066
0.066
0.066
0.066
0.066
0.066
0.066
0.066
0.066
0.066
0.066
0.066
0.066
0.066
0.066
0.066
0.066
0.066
0.066
0.066
0.066
0.066
0.066
0.066
0.066
0.066
0.066
0.066
0.066
0.066
0.066
0.066
0.066
0.066
0.066
0.066
0.066
0.066
0.211
0.211
0.211
0.211
0.211
0.211
0.211
0.211
0.211
0.211
0.211
0.211
0.211
0.211
0.211
0.211
0.211
0.211
0.211
0.211
0.066
0.066
0.066
0.066
0.066
0.066
0.066
0.066
0.066
0.066
0.066
0.066
0.066
0.066
0.066
0.066
0.066
0.066
0.066
0.066
0.066
0.066
0.066
0.066
0.066
0.066
0.066
0.066
0.066
0.066
0.066
0.066
0.066
0.066
0.066
0.066
0.066
0.066
0.066
0.066
0.066
0.066
0.066
0.066
0.066
0.066
0.066
0.066
0.066
0.066
0.066
0.066
0.066
0.066
0.066
0.066
0.066
0.066
0.066
0.066
0.066
0.066
0.066
0.066
0.066
0.066
0.066
0.066
0.066
0.066
0.066
0.066
0.066
0.066
0.066
0.066
0.066
0.066
0.066
0.066
0.066
0.066
0.066
0.066
0.066
0.066
0.066
0.066
0.066
0.066
0.066
0.066
0.066
0.066
0.066
0.066
0.066
0.066
0.066
0.066
0.066
0.066
0.066
0.066
0.066
0.066
0.066
0.066
0.066
0.066
0.066
0.066
0.066
0.066
0.066
0.066
0.066
0.066
0.066
0.066
0.066
0.066
0.066
0.066
0.211
0.211
0.211
0.211
0.211
0.211
0.211
0.211
0.211
0.211
0.211
0.211
0.211
0.211
0.211
0.211
0.211
0.211
0.211
0.211
0.066
0.066
0.066
0.066
0.066
0.066
0.066
0.066
0.066
0.066
0.066
0.066
0.066
0.066
0.066
0.066
0.066
0.066
0.066
0.066
0.066
0.066
0.066
0.066
0.066
0.066
0.066
0.066
0.066
0.066
0.066
0.066
0.066
0.066
0.066
0.066
0.066
0.066
0.066
0.066
0.066
0.066
0.066
0.066
0.066
0.066
0.066
0.066
0.066
0.066
0.066
0.066
0.066
0.066
0.066
0.066
0.066
0.066
0.066
0.066
0.066
0.066
0.066
0.066
0.066
0.066
0.066
0.066
0.066
0.066
0.066
0.066
0.066
0.066
0.066
0.066
0.066
0.066
0.066
0.066
0.066
0.066
0.066
0.211
0.211
0.211
0.211
0.211
0.211
0.211
0.211
0.211
0.211
0.211
0.211
0.211
0.211
0.211
0.211
0.211
0.211
0.211
0.211
0.066
0.066
0.066
0.066
0.066
0.066
0.066
0.066
0.066
0.066
0.066
0.066
0.066
0.066
0.066
0.066
0.066
0.066
0.066
0.066
0.066
0.066
0.066
0.066
0.066
0.066
0.066
0.066
0.066
0.066
0.066
0.066
0.066
0.066
0.066
0.066
0.066
0.066
0.066
0.066
0.066
0.066
0.066
0.066
0.066
0.066
0.066
0.066
0.066
0.066
0.066
0.066
0.066
0.066
0.066
0.066
0.066
0.064
0.124
0.269
0.269
0.358
0.269
0.269
0.269
0.269
0.289
0.438
0.438
0.438
0.498
0.498
0.498
0.533
0.513
0.513
0.513
0.513
0.513
0.428
0.428
0.428
0.428
0.428
0.428
0.428
0.428
0.428
1.579
1.579
1.651
1.651
1.651
1.666
1.591
1.591
1.591
1.556
3.539
3.539
3.552
3.552
3.552
3.552
3.552
3.552
3.571
3.571
3.571
3.76
3.795
3.511
3.511
3.511
3.611
3.611
3.611
3.671
2.48
0.497
0.497
0.497
0.497
0.497
0.497
0.497
0.497
0.437
0.437
0.437
0.437
0.437
0.437
0.437
0.497
0.497
0.497
0.138
0.138
0.138
0.138
0.138
0.138
0.138
0.138
0.138
0.138
0.138
0.138
0.138
0.138
0.138
0.138
0.138
0.138
0.138
0.138
0.138
0.138
0.138
0.138
0.138
0.138
0.138
0.138
0.138
0.138
0.138
0.138
0.138
0.138
0.138
0.138
0.138
0.138
0.138
0.138
0.138
0.138
0.138
0.138
0.138
0.315
0.315
0.138
0.138
0.138
0.138
0.138
0.138
0.138
0.138
0.138
0.138
0.138
0.315
0.315
0.138
0.138
0.138
0.283
0.283
0.283
0.283
0.283
0.283
0.283
0.283
0.46
0.46
0.283
0.283
0.283
0.283
0.283
0.283
0.283
0.283
0.283
0.283
0.138
0.315
0.315
0.633
0.633
0.633
0.633
0.633
0.066
0.066
0.066
0.066
0.066
0.066
0.066
0.066
0.066
0.066
0.066
0.066
0.066
0.066
0.066
0.066
0.066
0.066
0.066
0.066
0.066
0.066
0.066
0.066
0.066
0.066
0.066
0.066
0.066
0.066
0.066
0.066
0.066
0.066
0.066
0.066
0.066
0.066
0.066
0.066
0.066
0.066
0.066
0.066
0.066
0.066
0.066
0.066
0.066
0.066
0.066
0.066
0.066
0.066
0.066
0.066
0.066
0.066
0.066
0.096
0.096
0.096
0.096
0.096
0.096
0.096
0.096
0.096
0.096
0.096
0.096
0.096
0.096
0.196
0.401
0.301
0.301
0.301
0.301
0.301
0.301
0.301
0.308
0.308
0.68
0.68
0.68
0.62
0.248
0.248
0.248
0.248
0.248
0.248
0.103
0.103
0.103
0.103
0.103
0.175
0.175
0.156
0.156
0.156
0.156
0.156
0.156
2.139
2.139
2.139
2.139
2.139
2.139
2.139
2.139
2.139
2.139
2.139
2.139
2.139
2.139
2.139
2.139
2.139
2.139
2.139
2.139
2.139
0.156
0.156
0.156
0.156
0.156
0.156
0.156
0.156
0.156
0.156
0.156
0.156
0.156
0.156
0.156
0.169
0.169
0.169
0.169
0.169
0.169
0.318
0.318
0.318
0.318
0.318
0.318
0.318
0.318
0.318
0.318
0.318
0.318
0.318
0.318
0.318
0.463
0.463
0.463
0.463
0.463
0.463
0.563
0.652
0.563
0.563
0.563
0.563
0.563
0.563
0.463
0.463
0.463
0.463
0.463
0.463
0.318
0.318
0.318
0.318
0.318
0.318
0.318
0.495
0.495
0.318
0.318
0.318
0.318
0.318
0.318
0.318
0.318
0.318
0.318
0.305
2.489
2.489
2.312
0.305
0.305
0.305
0.305
0.305
0.305
0.305
0.305
0.305
0.305
0.482
0.482
0.305
0.305
0.305
0.305
0.305
0.305
0.305
0.305
0.305
0.305
0.305
0.482
0.482
0.8
0.8
0.8
0.8
0.8
0.233
0.233
0.066
0.066
0.066
0.066
0.066
0.066
0.066
0.066
0.066
0.066
0.066
0.211
0.211
0.211
0.211
0.211
0.211
0.211
0.211
0.211
0.211
0.211
0.211
0.211
0.211
0.211
0.211
0.211
0.211
0.211
0.211
0.066
0.066
0.066
0.066
0.066
0.066
0.066
0.066
0.066
0.066
0.066
0.066
0.066
0.066
0.066
0.066
0.066
0.066
0.066
0.066
0.066
0.066
0.066
0.066
0.066
0.066
0.066
0.066
0.066
0.066
0.066
0.066
0.066
0.066
0.066
0.066
0.066
0.066
0.066
0.066
0.066
0.066
0.066
0.066
0.066
0.066
0.066
0.066
0.066
0.213
0.213
0.213
0.213
0.213
0.358
0.358
0.358
2.391
2.391
2.391
2.391
2.451
2.451
2.302
2.302
2.302
2.302
2.302
2.302
2.302
2.302
2.511
2.611
2.522
2.377
2.377
2.397
0.364
0.395
2.342
2.342
2.342
0.395
0.335
0.375
0.375
0.464
0.477
0.448
0.448
0.388
0.388
0.388
0.388
0.388
0.388
0.448
0.554
0.614
2.621
2.561
2.561
0.554
0.554
0.566
0.566
0.566
0.554
0.589
0.614
0.554
0.554
0.554
0.554
0.629
0.629
0.629
2.587
2.622
2.622
2.622
2.767
2.707
2.707
2.707
2.707
2.707
2.707
2.707
2.707
2.796
2.796
2.796
2.761
2.761
2.761
2.761
0.728
0.639
0.639
0.714
0.569
0.658
0.658
0.658
0.658
0.658
0.645
0.645
0.645
0.645
0.614
0.614
0.614
0.649
0.574
0.579
0.448
0.359
0.399
0.359
0.359
0.359
0.359
0.344
0.344
0.304
0.344
0.244
0.244
0.244
0.244
0.244
0.333
0.333
0.333
0.333
0.333
0.333
0.333
0.333
0.364
0.364
0.364
0.364
0.439
0.439
0.439
0.275
0.42
0.509
0.509
0.509
0.509
0.509
0.509
0.569
0.569
0.569
0.569
0.569
0.629
0.629
0.629
0.629
0.629
0.569
0.569
0.569
0.424
0.424
0.424
0.424
0.424
0.573
0.573
0.613
0.573
0.573
0.573
0.553
0.553
0.504
0.504
0.504
0.476
0.565
0.565
0.464
0.464
0.364
0.215
0.215
0.215
0.215
0.155
0.19
0.25
0.31
0.31
0.323
0.323
0.323
0.323
0.323
0.263
0.275
0.335
0.24
0.24
0.24
0.24
0.215
0.215
2.336
2.336
2.396
0.409
0.449
0.449
0.538
0.538
0.538
0.458
0.458
0.409
0.529
0.489
0.549
0.549
0.549
0.709
0.649
0.649
0.409
0.409
0.409
0.409
0.409
0.409
0.409
0.409
0.469
0.409
0.409
0.409
0.409
0.409
2.416
2.565
2.505
0.498
0.498
0.518
0.498
0.469
0.469
0.598
0.598
0.598
0.585
0.605
0.605
0.545
0.456
0.456
0.456
0.456
0.551
0.551
0.551
0.551
0.551
0.64
0.64
0.66
0.68
0.68
0.66
0.695
0.695
0.695
0.695
0.695
0.635
0.745
0.745
0.745
0.745
0.685
0.685
0.685
0.685
0.685
0.685
0.685
0.705
0.705
0.685
0.654
0.694
0.694
0.754
0.767
0.767
0.622
0.602
0.602
0.602
0.602
0.602
0.602
0.602
0.637
0.502
0.502
0.502
0.502
0.502
0.562
0.502
0.502
0.522
0.522
0.522
0.522
0.553
0.588
0.588
0.588
0.688
0.707
0.707
0.712
0.712
0.712
0.712
0.772
0.712
0.672
0.523
0.523
0.523
0.523
0.523
0.523
0.523
0.523
0.523
0.523
0.563
0.623
0.623
0.598
0.598
0.598
0.598
0.598
0.598
0.509
0.509
0.629
0.629
0.616
0.556
0.701
0.85
0.85
0.85
0.91
0.85
0.85
0.85
0.85
0.85
0.85
0.838
0.838
0.838
0.838
0.838
0.838
0.778
0.778
0.778
0.633
0.633
0.633
0.484
0.484
0.484
0.484
0.484
0.384
0.384
0.444
0.444
0.384
0.384
0.066
0.066
0.066
0.066
0.066
0.066
0.066
0.066
0.066
0.066
0.066
0.066
0.066
0.066
0.066
0.066
0.066
0.066
0.066
0.066
0.066
0.066
0.066
0.066
0.066
0.066
0.066
0.211
0.211
0.211
0.211
0.211
0.211
0.211
0.211
0.211
0.211
0.211
0.211
0.211
0.211
0.211
0.211
0.211
0.211
0.211
0.211
0.066
0.066
0.066
0.066
0.066
0.066
0.066
0.066
0.066
0.066
0.066
0.066
0.066
0.066
0.066
0.066
0.066
0.066
0.066
0.066
0.066
0.066
0.066
0.066
0.066
0.066
0.066
0.066
0.066
0.066
0.066
0.066
0.066
0.066
0.066
0.066
0.066
0.066
0.066
0.066
0.066
0.066
0.066
0.211
0.211
0.211
0.211
0.211
0.211
0.211
0.211
0.211
0.211
0.211
0.211
0.211
0.211
0.211
0.211
0.211
0.211
0.211
0.211
0.066
0.066
0.066
0.066
0.066
0.066
0.066
0.066
0.066
0.066
0.066
0.066
0.066
0.066
0.066
0.066
0.066
0.066
0.066
0.066
