0.066
0.066
0.066
0.066
0.066
0.066
0.066
0.066
0.066
0.066
0.066
0.066
0.066
0.066
0.066
0.066
0.066
0.066
0.066
0.076
0.076
0.076
0.076
0.076
0.076
0.076
0.076
0.076
0.076
0.076
0.076
0.076
0.076
0.267
0.267
0.267
0.267
0.267
0.267
0.267
0.267
0.267
0.267
0.267
0.267
0.267
0.267
0.267
0.267
0.267
0.267
0.267
0.267
0.267
0.267
0.076
0.076
0.076
0.076
0.076
0.076
0.076
0.076
0.076
0.076
0.076
0.076
0.076
0.076
0.076
0.076
0.076
0.076
0.076
0.19
0.39
0.39
0.39
0.39
0.39
0.39
0.39
0.39
0.39
0.39
0.39
0.39
0.39
0.39
0.19
0.19
0.19
0.076
0.076
0.076
0.076
0.076
0.076
0.076
0.076
0.076
0.076
0.267
0.267
0.267
0.267
0.267
0.267
0.267
0.267
0.267
0.267
0.267
0.267
0.267
0.267
0.267
0.267
0.267
0.267
0.267
0.267
0.267
0.267
0.076
0.076
0.076
0.076
0.076
0.19
0.19
0.19
0.19
0.19
0.19
0.19
0.19
0.19
0.19
0.19
0.19
0.19
0.19
0.19
0.19
0.19
0.19
0.076
0.076
0.276
0.276
0.276
0.276
0.276
0.276
0.276
0.276
0.276
0.276
0.276
0.276
0.276
0.276
0.076
0.076
0.076
0.076
0.076
0.076
0.076
0.076
0.076
0.076
0.076
0.076
0.076
0.076
0.076
0.076
0.076
0.076
0.076
0.076
0.076
0.076
0.076
0.076
0.076
0.076
0.076
0.076
0.076
0.076
0.076
0.076
0.076
0.076
0.076
0.076
0.076
0.076
0.076
0.076
0.076
0.076
0.19
0.19
0.19
0.19
0.19
0.19
0.19
0.19
0.19
0.19
0.19
0.19
0.19
0.19
0.19
0.19
0.19
0.39
0.276
0.276
0.276
0.276
0.467
0.467
0.467
0.467
0.467
0.467
0.467
0.467
0.467
0.267
0.267
0.267
0.267
0.267
0.267
0.267
0.267
0.267
0.267
0.267
0.267
0.267
0.076
0.076
0.076
0.076
0.076
0.076
0.076
0.076
0.076
0.076
0.076
0.076
0.076
0.076
0.076
0.076
0.076
0.076
0.076
0.076
0.076
0.076
0.076
0.076
0.076
0.076
0.076
0.076
0.19
0.19
0.19
0.19
0.19
0.19
0.19
0.19
0.19
0.19
0.19
0.19
0.19
0.19
0.19
0.19
0.19
0.39
0.276
0.276
0.276
0.276
0.276
0.276
0.276
0.276
0.276
0.276
0.276
0.276
0.276
0.076
0.076
0.076
0.076
0.076
0.076
0.076
0.076
0.076
0.076
0.076
0.076
0.076
0.076
0.076
0.076
0.076
0.076
0.076
0.076
0.076
0.076
0.076
0.076
0.076
0.076
0.19
0.19
0.19
0.19
0.19
0.19
0.19
0.19
0.19
0.19
0.19
0.381
0.381
0.381
0.381
0.381
0.381
0.381
0.267
0.267
0.267
0.267
0.267
0.267
0.267
0.267
0.267
0.267
0.267
0.267
0.267
0.267
0.267
0.076
0.076
0.076
0.076
0.276
0.276
0.276
0.276
0.276
0.276
0.276
0.276
0.276
0.276
0.276
0.276
0.276
0.276
0.076
0.076
0.076
0.076
0.076
0.076
0.076
0.076
0.076
0.076
0.076
0.076
0.076
0.076
0.076
0.076
0.076
0.076
0.076
0.076
0.19
0.19
0.19
0.19
0.19
0.19
0.19
0.19
0.19
0.19
0.19
0.19
0.19
0.19
0.19
0.188
0.188
0.188
0.074
0.074
0.265
0.265
0.265
0.265
0.265
0.265
0.265
0.277
0.277
0.312
0.312
0.3
0.3
0.3
0.3
0.312
0.312
0.312
0.312
0.312
0.312
0.3
0.109
0.169
0.169
0.169
0.169
0.229
1.272
1.212
1.212
0.181
0.181
0.181
0.181
0.181
0.121
0.121
0.181
0.181
0.181
0.181
0.181
0.181
0.181
0.181
0.181
0.181
0.281
0.181
0.181
0.181
0.193
0.181
0.381
0.381
0.381
0.495
0.483
0.543
0.583
0.523
0.483
0.483
0.483
0.483
0.483
0.483
0.283
0.283
0.375
0.375
0.283
0.283
0.283
0.169
0.169
0.169
0.169
0.181
0.464
0.484
0.449
0.357
0.357
0.357
0.397
0.397
0.377
0.377
0.377
0.397
0.397
0.397
0.397
0.497
0.497
0.547
0.535
0.535
0.485
0.485
0.294
0.294
0.294
0.294
0.354
0.354
0.354
0.414
0.354
0.468
0.468
2.57
2.57
2.57
0.44
0.54
9.648
9.648
9.772
0.664
0.704
0.704
0.664
0.664
0.564
0.577
0.577
0.463
0.463
0.339
0.339
0.339
0.339
0.339
0.339
0.339
0.399
0.399
0.399
0.399
0.399
0.599
2.701
2.701
2.681
0.579
0.579
0.579
0.579
0.567
0.567
0.567
0.567
0.567
0.567
0.367
0.367
0.367
0.367
0.491
0.391
0.391
0.391
0.391
0.391
0.391
0.391
0.391
0.391
0.391
0.391
0.391
0.391
0.391
0.391
0.391
0.391
0.391
0.391
0.391
0.391
0.403
0.391
0.391
0.391
0.378
0.569
0.569
0.569
0.569
0.569
0.569
0.569
0.569
0.569
0.569
0.569
0.569
0.569
0.569
0.569
0.569
0.569
0.569
0.569
0.719
0.719
0.719
0.528
0.528
0.528
0.528
0.728
0.728
0.728
0.728
0.728
0.728
0.728
0.728
0.728
0.728
0.728
0.728
0.728
0.728
0.528
0.528
0.528
0.528
0.528
0.528
0.528
0.528
0.528
0.528
0.528
0.528
0.528
0.528
0.528
0.528
0.528
0.528
0.528
0.528
0.528
0.528
0.528
0.528
0.528
0.528
0.616
0.616
0.73
0.73
0.73
0.73
0.73
0.73
0.73
0.73
0.73
0.73
0.73
0.73
0.73
0.73
0.73
0.73
0.73
0.73
0.616
0.492
0.492
0.492
0.492
0.492
0.492
0.492
0.492
0.492
0.492
0.492
0.492
0.492
0.527
0.667
0.667
0.667
0.667
0.679
0.679
0.679
0.779
0.779
0.767
0.767
0.767
0.891
2.812
2.612
2.612
2.625
2.625
2.625
2.625
2.625
2.643
2.643
2.583
2.583
2.583
2.583
2.583
2.583
2.583
2.583
2.583
2.583
0.538
0.652
0.652
0.652
0.652
0.652
0.652
0.652
0.652
2.754
2.754
2.754
0.652
0.652
0.652
0.652
0.592
0.592
0.592
0.478
0.699
0.699
0.89
0.798
0.798
0.798
0.798
0.798
0.798
0.71
0.71
0.71
0.71
0.71
0.71
0.71
0.71
0.71
0.71
0.675
0.675
0.875
0.875
0.862
0.671
0.671
0.671
0.671
0.671
0.671
0.671
0.671
0.671
0.671
0.671
0.471
0.471
0.471
0.471
0.471
0.471
0.453
0.453
0.453
0.453
0.453
0.453
0.453
0.577
0.577
0.577
0.577
0.577
0.577
0.577
0.577
0.577
0.577
0.577
0.453
0.453
0.453
0.453
0.471
0.456
0.456
0.456
0.456
0.456
0.456
0.456
0.456
0.468
0.468
0.543
0.734
0.734
0.734
0.734
0.734
0.734
0.734
0.62
0.267
0.267
0.267
0.267
0.267
0.267
0.267
0.267
0.267
0.267
0.267
0.467
0.467
0.467
0.276
0.276
0.276
0.276
0.276
0.276
0.276
0.276
0.276
0.276
0.276
0.076
0.076
0.076
0.076
0.076
0.076
0.076
0.076
0.076
0.076
0.076
0.076
0.076
0.076
0.076
0.076
0.076
0.076
0.076
0.076
0.076
0.076
0.076
0.076
0.076
0.076
0.076
0.076
0.076
0.076
0.076
0.076
0.076
0.076
0.076
0.076
0.076
0.076
0.076
0.076
0.076
0.267
0.267
0.267
0.267
0.267
0.267
0.267
0.267
0.267
0.267
0.267
0.267
0.267
0.267
0.267
0.267
0.267
0.467
0.467
0.467
0.467
0.467
0.276
0.276
0.276
0.276
0.276
0.276
0.276
0.276
0.276
0.19
0.19
0.19
0.19
0.19
0.19
0.19
0.19
0.19
0.19
0.19
0.19
0.19
0.19
0.19
0.19
0.19
0.19
0.076
0.076
0.076
0.076
0.076
0.076
0.076
0.076
0.076
0.076
0.076
0.076
0.076
0.076
0.076
0.076
0.076
0.076
0.267
0.267
0.267
0.267
0.267
0.267
0.267
0.267
0.267
0.267
0.267
0.267
0.267
0.267
0.267
0.267
0.267
0.267
0.267
0.267
0.267
0.267
0.076
0.076
0.076
0.076
0.076
0.076
0.076
0.076
0.076
0.076
0.076
0.076
0.076
0.076
0.076
0.076
0.19
0.19
0.19
0.19
0.19
0.19
0.19
0.19
0.19
0.19
0.19
0.19
0.19
0.19
0.19
0.19
0.19
0.19
0.076
0.076
0.076
0.076
0.076
0.076
0.076
0.076
0.076
0.076
0.076
0.076
0.267
0.267
0.467
0.467
0.467
0.467
0.467
0.467
0.467
0.467
0.467
0.467
0.467
0.467
0.467
0.467
0.267
0.267
0.267
0.267
0.267
0.267
0.076
0.076
0.076
0.076
0.076
0.076
0.076
0.076
0.076
0.076
0.076
0.19
0.19
0.19
0.19
0.19
0.19
0.19
0.19
0.19
0.19
0.19
0.19
0.19
0.19
0.19
0.19
0.356
0.356
0.302
0.302
0.302
0.302
0.242
0.43
0.43
0.43
0.49
0.49
0.33
0.43
0.43
0.43
0.43
0.522
0.681
0.593
0.593
0.593
0.493
0.493
0.493
0.493
0.693
0.793
0.793
0.853
0.853
0.953
0.953
0.981
0.981
1.041
1.041
1.041
1.081
1.21
3.052
3.112
3.103
1.001
0.901
0.772
0.672
0.672
0.672
0.672
0.672
0.672
0.672
0.868
0.868
0.868
0.868
0.868
0.868
1.816
1.851
1.943
0.912
0.912
0.732
0.732
0.764
0.672
0.672
0.744
0.684
0.57
0.47
0.395
0.413
0.722
0.734
0.802
0.573
0.573
0.702
0.702
0.651
0.751
0.763
0.751
0.751
0.751
0.751
0.751
0.751
0.751
0.851
0.851
0.851
0.851
0.831
0.831
0.955
1.055
1.055
1.055
1.005
1.005
0.814
0.814
0.814
0.814
0.774
0.674
0.674
0.749
0.761
0.752
0.752
0.877
0.965
1.027
1.067
1.067
1.067
1.067
1.067
1.055
1.115
1.115
0.991
0.991
1.051
0.855
0.855
0.855
1.213
1.305
1.245
1.285
0.927
0.927
0.927
0.907
0.907
0.847
0.847
0.847
0.847
0.735
0.735
0.677
0.737
0.737
0.737
0.737
0.755
0.755
0.767
0.776
0.764
0.878
0.79
0.981
1.044
1.07
1.07
0.941
0.941
0.941
0.941
0.941
0.941
0.941
0.941
0.941
1.041
1.041
0.941
0.839
0.839
0.839
0.939
0.992
0.992
0.881
0.881
0.881
0.881
0.869
0.869
1.001
1.041
0.969
0.969
0.969
2.971
2.911
2.819
0.817
0.905
0.805
0.805
0.805
1.005
1.105
1.297
1.297
1.245
3.347
3.347
3.272
1.17
1.17
1.11
1.11
1.468
1.408
1.208
1.208
0.85
0.85
0.733
0.733
0.733
0.641
0.641
0.553
0.553
0.667
0.767
0.767
0.647
0.647
0.647
0.647
0.647
0.647
0.647
0.747
0.765
0.956
0.832
0.832
0.832
0.82
1.083
1.083
1.183
1.183
1.168
1.068
1.088
1.048
1.177
1.189
1.249
1.249
1.249
1.249
1.249
1.129
1
0.849
0.849
0.761
0.821
0.921
0.909
0.909
0.909
0.909
0.909
0.909
1.095
1.095
1.095
1.095
0.995
0.995
0.895
0.895
1.155
1.155
1.155
1.155
1.195
1.195
10.303
10.155
10.055
0.887
0.923
0.923
0.923
0.863
0.787
0.787
0.787
0.787
0.856
0.856
0.856
0.856
0.764
0.764
0.764
0.764
0.824
0.824
0.824
0.829
0.824
0.806
0.806
0.806
0.846
0.846
0.846
0.846
0.846
0.846
0.881
0.881
0.881
1.072
1.072
1.037
1.037
1.037
1.037
1.037
1.037
1.036
0.996
0.996
0.996
1.056
1.156
1.096
0.996
0.996
0.996
0.996
